start voltage : 0.00 V 
set voltage : 0.10 V 
High G : 30.00 G0 
Intermediate G : 20.00 G0 
Low G : 10.00 G0 
Breaking speed 1 : 300.00 V/s 
Breaking speed 2 : 300.00 V/s 
Making speed : 500.00 V/s 
Post breaking : 230.00 V/s 
@ 
0.00000000	4.21370623e+01	
0.00158333	4.27637079e+01	
0.00316667	4.26209389e+01	
0.00475000	4.26872573e+01	
0.00633333	4.28986184e+01	
0.00791667	4.25725363e+01	
0.00950000	4.27957246e+01	
0.01108333	4.27054285e+01	
0.01266667	4.26953000e+01	
0.01425000	4.26656134e+01	
0.01583333	4.23890916e+01	
0.01741667	4.25966530e+01	
0.01900000	4.24572966e+01	
0.02058333	4.25497574e+01	
0.02216667	4.26361750e+01	
0.02375000	4.27160456e+01	
0.02533333	4.28233253e+01	
0.02691667	4.24559361e+01	
0.02850000	4.24779332e+01	
0.03008333	4.25866297e+01	
0.03166667	4.24714953e+01	
0.03325000	4.25191726e+01	
0.03483333	4.27772677e+01	
0.03641667	4.26297972e+01	
0.03800000	4.26127722e+01	
0.03958333	4.23914292e+01	
0.04116667	4.23452439e+01	
0.04275000	4.22655386e+01	
0.04433333	4.25520424e+01	
0.04591667	4.26203790e+01	
0.04750000	4.24820936e+01	
0.04908333	4.25225476e+01	
0.05066667	4.24908842e+01	
0.05225000	4.25140050e+01	
0.05383333	4.23486602e+01	
0.05541667	4.22881220e+01	
0.05700000	4.23696801e+01	
0.05858333	4.23232956e+01	
0.06016667	4.22215632e+01	
0.06175000	4.23192442e+01	
0.06333333	4.21054628e+01	
0.06491667	4.19943723e+01	
0.06650000	4.21985024e+01	
0.06808333	4.22932521e+01	
0.06966667	4.20350893e+01	
0.07125000	4.19972474e+01	
0.07283333	4.20854914e+01	
0.07441667	4.20134943e+01	
0.07600000	4.21798577e+01	
0.07758333	4.19907568e+01	
0.07916667	4.19114650e+01	
0.08075000	4.18982396e+01	
0.08233333	4.16896897e+01	
0.08391667	4.18187298e+01	
0.08550000	4.14698049e+01	
0.08708333	4.18191958e+01	
0.08866667	4.17867394e+01	
0.09025000	4.16633969e+01	
0.09183333	4.16644041e+01	
0.09341667	4.16557789e+01	
0.09500000	4.18156254e+01	
0.09658333	4.17218342e+01	
0.09816667	4.16583834e+01	
0.09975000	4.17143590e+01	
0.10133333	4.15060271e+01	
0.10291667	4.16406895e+01	
0.10450000	4.14286369e+01	
0.10608333	4.13288737e+01	
0.10766667	4.12737400e+01	
0.10925000	4.11679674e+01	
0.11083333	4.11755591e+01	
0.11241667	4.12653854e+01	
0.11400000	4.10367175e+01	
0.11558333	4.14079101e+01	
0.11716667	4.10509726e+01	
0.11875000	4.07320876e+01	
0.12033333	4.01307952e+01	
0.12191667	4.02467415e+01	
0.12350000	4.02156155e+01	
0.12508333	3.99513042e+01	
0.12666667	4.01060207e+01	
0.12825000	3.99546190e+01	
0.12983333	3.98499213e+01	
0.13141667	4.00832607e+01	
0.13300000	3.99207232e+01	
0.13458333	4.01458621e+01	
0.13616667	4.00036569e+01	
0.13775000	3.99019432e+01	
0.13933333	3.99155895e+01	
0.14091667	3.96149508e+01	
0.14250000	3.97078363e+01	
0.14408333	3.93154284e+01	
0.14566667	3.88313713e+01	
0.14725000	3.90539358e+01	
0.14883333	3.87285452e+01	
0.15041667	3.89943260e+01	
0.15200000	3.91630157e+01	
0.15358333	3.91648460e+01	
0.15516667	3.91394363e+01	
0.15675000	3.87012677e+01	
0.15833333	3.87003018e+01	
0.15991667	3.83903953e+01	
0.16150000	3.81867500e+01	
0.16308333	3.82446648e+01	
0.16466667	3.79560338e+01	
0.16625000	3.81984269e+01	
0.16783333	3.80910457e+01	
0.16941667	3.79048838e+01	
0.17100000	3.78729950e+01	
0.17258333	3.78725402e+01	
0.17416667	3.80555414e+01	
0.17575000	3.77041662e+01	
0.17733333	3.74407982e+01	
0.17891667	3.75040010e+01	
0.18050000	3.73423317e+01	
0.18208333	3.73204624e+01	
0.18366667	3.72400919e+01	
0.18525000	3.69456844e+01	
0.18683333	3.62147582e+01	
0.18841667	3.61356430e+01	
0.19000000	3.60827078e+01	
0.19158333	3.51247562e+01	
0.19316667	3.51814872e+01	
0.19475000	3.51241811e+01	
0.19633333	3.50154395e+01	
0.19791667	3.51530709e+01	
0.19950000	3.50506319e+01	
0.20108333	3.52149395e+01	
0.20266667	3.52082949e+01	
0.20425000	3.50203628e+01	
0.20583333	3.52438593e+01	
0.20741667	3.49829944e+01	
0.20900000	3.50447878e+01	
0.21058333	3.49979748e+01	
0.21216667	3.47036651e+01	
0.21375000	3.47717987e+01	
0.21533333	3.48845166e+01	
0.21691667	3.46713365e+01	
0.21850000	3.46108247e+01	
0.22008333	3.46330473e+01	
0.22166667	3.46507149e+01	
0.22325000	3.42941570e+01	
0.22483333	3.43505911e+01	
0.22641667	3.39586492e+01	
0.22800000	3.39055036e+01	
0.22958333	3.40805297e+01	
0.23116667	3.39441912e+01	
0.23275000	3.41038272e+01	
0.23433333	3.40996593e+01	
0.23591667	3.42267977e+01	
0.23750000	3.40703373e+01	
0.23908333	3.38850586e+01	
0.24066667	3.38672933e+01	
0.24225000	3.39887454e+01	
0.24383333	3.38416732e+01	
0.24541667	3.39082922e+01	
0.24700000	3.37440109e+01	
0.24858333	3.34589841e+01	
0.25016667	3.10580672e+01	
0.25175000	3.11990679e+01	
0.25333333	3.12464146e+01	
0.25491667	3.08183200e+01	
0.25650000	3.06883911e+01	
0.25808333	3.04744932e+01	
0.25966667	3.05207894e+01	
0.26125000	3.04814498e+01	
0.26283333	3.03067976e+01	
0.26441667	3.02296554e+01	
0.26600000	3.02389646e+01	
0.26758333	3.03104844e+01	
0.26916667	3.04715223e+01	
0.27075000	3.02375421e+01	
0.27233333	3.03151522e+01	
0.27391667	3.02953405e+01	
0.27550000	3.01578575e+01	
0.27708333	3.01371965e+01	
0.27866667	3.00568917e+01	
0.28025000	3.01586674e+01	
0.28183333	3.00571191e+01	
0.28341667	2.99982215e+01	
0.28500000	2.97250351e+01	
0.28658333	2.84534374e+01	
0.28816667	2.68739776e+01	
0.28975000	2.67419047e+01	
0.29133333	2.65136803e+01	
0.29291667	2.65232639e+01	
0.29450000	2.65872352e+01	
0.29608333	2.64002502e+01	
0.29766667	2.59100691e+01	
0.29925000	2.58514439e+01	
0.30083333	2.60949532e+01	
0.30241667	2.59309989e+01	
0.30400000	2.60409507e+01	
0.30558333	2.57139910e+01	
0.30716667	2.58176515e+01	
0.30875000	2.57383352e+01	
0.31033333	2.57081619e+01	
0.31191667	2.57134047e+01	
0.31350000	2.56682435e+01	
0.31508333	2.55716129e+01	
0.31666667	2.53969062e+01	
0.31825000	2.54394084e+01	
0.31983333	2.55356425e+01	
0.32141667	2.46786886e+01	
0.32300000	2.39663038e+01	
0.32458333	2.37564949e+01	
0.32616667	2.37359654e+01	
0.32775000	2.36370817e+01	
0.32933333	2.35084607e+01	
0.33091667	2.35739428e+01	
0.33250000	2.35293059e+01	
0.33408333	2.33105298e+01	
0.33566667	2.34461318e+01	
0.33725000	2.33273368e+01	
0.33883333	2.32969192e+01	
0.34041667	2.32202582e+01	
0.34200000	2.31223553e+01	
0.34358333	2.31399215e+01	
0.34516667	2.32985954e+01	
0.34675000	2.30993435e+01	
0.34833333	2.29318978e+01	
0.34991667	2.28876573e+01	
0.35150000	2.29062438e+01	
0.35308333	2.28577021e+01	
0.35466667	2.26804604e+01	
0.35625000	2.24761405e+01	
0.35783333	2.24392569e+01	
0.35941667	2.22525218e+01	
0.36100000	2.18188537e+01	
0.36258333	2.16997656e+01	
0.36416667	2.16603639e+01	
0.36575000	2.16198048e+01	
0.36733333	2.14225541e+01	
0.36891667	2.12966672e+01	
0.37050000	2.12885813e+01	
0.37208333	2.12946603e+01	
0.37366667	2.14602551e+01	
0.37525000	2.13791912e+01	
0.37683333	2.08457074e+01	
0.37841667	2.08317041e+01	
0.38000000	2.02829711e+01	
0.38158333	1.87449481e+01	
0.38316667	1.86308378e+01	
0.38475000	1.85293928e+01	
0.38633333	1.86695216e+01	
0.38791667	1.85245371e+01	
0.38950000	1.84392396e+01	
0.39108333	1.84766381e+01	
0.39266667	1.85095379e+01	
0.39425000	1.86368867e+01	
0.39583333	1.84849457e+01	
0.39741667	1.83292746e+01	
0.39900000	1.80371766e+01	
0.40058333	1.79518133e+01	
0.40216667	1.77263775e+01	
0.40375000	1.76669443e+01	
0.40533333	1.76292376e+01	
0.40691667	1.76556432e+01	
0.40850000	1.76167527e+01	
0.41008333	1.75147853e+01	
0.41166667	1.73858279e+01	
0.41325000	1.74665310e+01	
0.41483333	1.74713228e+01	
0.41641667	1.74091668e+01	
0.41800000	1.71637502e+01	
0.41958333	1.70506527e+01	
0.42116667	1.69727702e+01	
0.42275000	1.69311869e+01	
0.42433333	1.69824515e+01	
0.42591667	1.69439969e+01	
0.42750000	1.67826320e+01	
0.42908333	1.68354432e+01	
0.43066667	1.62561273e+01	
0.43225000	1.46025959e+01	
0.43383333	1.43691419e+01	
0.43541667	1.42225395e+01	
0.43700000	1.42575271e+01	
0.43858333	1.41555757e+01	
0.44016667	1.41007097e+01	
0.44175000	1.41118219e+01	
0.44333333	1.40108796e+01	
0.44491667	1.39609924e+01	
0.44650000	1.39434225e+01	
0.44808333	1.39485911e+01	
0.44966667	1.38578544e+01	
0.45125000	1.37499461e+01	
0.45283333	1.36218137e+01	
0.45441667	1.33570909e+01	
0.45600000	1.34437424e+01	
0.45758333	1.33109103e+01	
0.45916667	1.31811741e+01	
0.46075000	1.32456621e+01	
0.46233333	1.32071756e+01	
0.46391667	1.30082713e+01	
0.46550000	1.26839866e+01	
0.46708333	1.25035871e+01	
0.46866667	1.20711742e+01	
0.47025000	1.08185144e+01	
0.47183333	1.08584751e+01	
0.47341667	1.07294088e+01	
0.47500000	1.04941593e+01	
0.47658333	1.04541882e+01	
0.47816667	1.02757402e+01	
0.47975000	1.02372264e+01	
0.48133333	1.02017193e+01	
0.48291667	1.01715902e+01	
0.48450000	1.01177117e+01	
0.48608333	1.00646675e+01	
0.48766667	1.01037948e+01	
0.48925000	1.00203351e+01	
0.49083333	1.00787469e+01	
0.49241667	1.00074715e+01	
0.49400000	1.00043869e+01	
0.49558333	1.00014629e+01	
0.49716667	9.86639276e+00	
0.49875000	9.89446324e+00	
0.50033333	9.82736694e+00	
0.50191667	9.71316172e+00	
0.50350000	9.67315687e+00	
0.50508333	8.60046441e+00	
0.50666667	8.15679840e+00	
0.50825000	8.32829743e+00	
0.50983333	7.97029544e+00	
0.51141667	7.75789850e+00	
0.51300000	7.81548311e+00	
0.51458333	7.80415429e+00	
0.51616667	7.80204402e+00	
0.51775000	7.83739192e+00	
0.51933333	7.97590465e+00	
0.52091667	7.77601475e+00	
0.52250000	7.31885658e+00	
0.52408333	7.29123662e+00	
0.52566667	7.18008687e+00	
0.52725000	7.32232498e+00	
0.52883333	7.09311827e+00	
0.53041667	7.04000036e+00	
0.53200000	7.11346128e+00	
0.53358333	6.23930575e+00	
0.53516667	5.24500601e+00	
0.53675000	5.10659709e+00	
0.53833333	5.01306468e+00	
0.53991667	4.94009374e+00	
0.54150000	4.60595156e+00	
0.54308333	4.56046998e+00	
0.54466667	4.62469403e+00	
0.54625000	4.56730955e+00	
0.54783333	4.49938549e+00	
0.54941667	4.58429268e+00	
0.55100000	4.53448157e+00	
0.55258333	4.54002971e+00	
0.55416667	4.48401042e+00	
0.55575000	4.43873226e+00	
0.55733333	4.17008114e+00	
0.55891667	3.89391654e+00	
0.56050000	3.94490892e+00	
0.56208333	3.88546162e+00	
0.56366667	3.85080408e+00	
0.56525000	3.85724621e+00	
0.56683333	3.84154653e+00	
0.56841667	3.74197858e+00	
0.57000000	3.76733677e+00	
0.57158333	3.66833044e+00	
0.57316667	3.65818642e+00	
0.57475000	3.61205536e+00	
0.57633333	3.59872550e+00	
0.57791667	3.42039981e+00	
0.57950000	3.02528167e+00	
0.58108333	2.88611640e+00	
0.58266667	2.85745423e+00	
0.58425000	2.80317032e+00	
0.58583333	2.92653278e+00	
0.58741667	3.27464584e+00	
0.58900000	3.29006506e+00	
0.59058333	2.95295198e+00	
0.59216667	2.51645087e+00	
0.59375000	2.33946689e+00	
0.59533333	2.31332957e+00	
0.59691667	2.54637887e+00	
0.59850000	2.62205483e+00	
0.60008333	2.58193465e+00	
0.60166667	2.58474230e+00	
0.60325000	2.17247942e+00	
0.60483333	2.15451257e+00	
0.60641667	1.87843782e+00	
0.60800000	1.86538419e+00	
0.60958333	2.01719684e+00	
0.61116667	2.01927821e+00	
0.61275000	1.98996022e+00	
0.61433333	1.94911493e+00	
0.61591667	1.96399942e+00	
0.61750000	1.96188551e+00	
0.61908333	1.78649034e+00	
0.62066667	1.72275956e+00	
0.62225000	1.50932017e+00	
0.62383333	1.28307708e+00	
0.62541667	1.30853944e+00	
0.62700000	1.29780690e+00	
0.62858333	1.27612206e+00	
0.63016667	1.26839589e+00	
0.63175000	1.08465278e+00	
0.63333333	9.72435747e-01	
0.63491667	9.91506417e-01	
0.63650000	9.46123253e-01	
0.63808333	8.45510329e-01	
0.63966667	8.54161151e-01	
0.64125000	7.54562371e-01	
0.64283333	7.77595427e-01	
0.64441667	7.64470802e-01	
0.64600000	7.54823688e-01	
0.64758333	7.45382574e-01	
0.64916667	7.15259375e-01	
0.65075000	6.67317948e-01	
0.65233333	5.04230210e-01	
0.65391667	2.07645875e-01	
0.65550000	1.76235118e-01	
0.65708333	1.75556854e-01	
0.65866667	1.74695859e-01	
0.66025000	1.68920433e-01	
0.66183333	6.50099839e-02	
0.66341667	3.24099379e-02	
0.66500000	2.42228420e-02	
0.66658333	-4.31032070e-04	
0.66816667	7.72954209e-06	
0.66975000	4.32957727e-03	
0.67133333	1.36823834e-04	
0.67291667	2.55637088e-04	
0.67450000	1.76436229e-03	
0.67608333	8.20801502e-04	
0.67766667	7.35335610e-04	
0.67925000	1.10102232e-03	
0.68083333	3.56530470e-04	
0.68241667	2.74917866e-04	
0.68400000	4.44629200e-04	
0.68558333	3.37301533e-04	
0.68716667	2.42033965e-04	
0.68875000	2.05713455e-04	
0.69033333	2.12811398e-04	
0.69191667	2.14009856e-04	
0.69350000	1.93128262e-04	
0.69508333	1.78983558e-04	
0.69666667	1.98746234e-04	
0.69825000	2.13159822e-04	
0.69983333	1.68812871e-04	
0.70141667	1.28875441e-04	
0.70300000	9.82264148e-05	
0.70458333	7.93919937e-05	
0.70616667	7.03689477e-05	
0.70775000	6.00821911e-05	
0.70933333	4.93043901e-05	
0.71091667	4.02946162e-05	
0.71250000	3.25803480e-05	
0.71408333	2.62093785e-05	
0.71566667	2.11869585e-05	
0.71725000	1.69753831e-05	
0.71883333	1.37196972e-05	
0.72041667	1.08736719e-05	
0.72200000	8.73368059e-06	
0.72358333	7.30343869e-06	
0.72516667	5.96538991e-06	
0.72675000	5.08889055e-06	
0.72833333	4.35243331e-06	
0.72991667	4.02714428e-06	
0.73150000	3.61503210e-06	
0.73308333	3.17241400e-06	
0.73466667	3.21480409e-06	
0.73625000	3.04969502e-06	
0.73783333	3.00665283e-06	
0.73941667	3.06261032e-06	
0.74100000	2.86328393e-06	
0.74258333	2.80327186e-06	
0.74416667	2.40267066e-06	
0.74575000	2.10693483e-06	
0.74733333	1.91019464e-06	
0.74891667	1.73223064e-06	
0.75050000	1.78144374e-06	
0.75208333	1.47260243e-06	
0.75366667	1.37955829e-06	
0.75525000	1.58826800e-06	
0.75683333	1.41947172e-06	
0.75841667	1.36206926e-06	
0.76000000	1.12631235e-06	
0.76158333	1.23142391e-06	
0.76316667	1.13121066e-06	
0.76475000	7.67003024e-07	
0.76633333	7.75043417e-07	
0.76791667	6.68221536e-07	
0.76950000	7.09445657e-07	
0.77108333	4.85524650e-07	
0.77266667	3.80866034e-07	
0.77425000	5.70403234e-07	
0.77583333	5.33964751e-07	
0.77741667	7.15151081e-07	
0.77900000	5.30421528e-07	
0.78058333	5.35650035e-07	
0.78216667	6.43245647e-07	
0.78375000	5.49606701e-07	
0.78533333	4.09853886e-07	
0.78691667	1.44758025e-07	
0.78850000	2.75559329e-07	
0.79008333	3.56537590e-07	
0.79166667	1.58542498e-07	
0.79325000	2.15883695e-07	
0.79483333	4.44992103e-07	
0.79641667	6.34908385e-07	
0.79800000	6.86155892e-07	
0.79958333	5.41222341e-07	
0.80116667	5.58422449e-07	
0.80275000	4.60393242e-07	
0.80433333	3.98800894e-07	
0.80591667	2.01763165e-07	
0.80750000	4.31680355e-08	
0.80908333	1.58110173e-07	
0.81066667	1.51931219e-07	
0.81225000	2.09886736e-07	
0.81383333	2.27327738e-07	
0.81541667	2.65456727e-07	
0.81700000	5.51638024e-07	
0.81858333	5.01081196e-07	
0.82016667	6.57765978e-07	
0.82175000	6.93744009e-07	
0.82333333	5.52371433e-07	
0.82491667	2.88755901e-07	
0.82650000	1.05816097e-07	
0.82808333	2.45052016e-07	
0.82966667	3.40722956e-07	
0.83125000	2.76768619e-07	
0.83283333	2.12307626e-07	
0.83441667	3.46339785e-07	
0.83600000	4.22953518e-07	
0.83758333	5.43082913e-07	
0.83916667	4.59077855e-07	
0.84075000	4.71306900e-07	
0.84233333	3.37455630e-07	
0.84391667	2.94357356e-07	
0.84550000	1.30108258e-07	
0.84708333	6.81448447e-08	
0.84866667	1.38406444e-07	
0.85025000	2.13637448e-07	
0.85183333	1.21381330e-07	
0.85341667	1.66943547e-07	
0.85500000	4.49269743e-07	
0.85658333	4.54196172e-07	
0.85816667	3.77625644e-07	
0.85975000	5.09334398e-07	
0.86133333	4.88938787e-07	
0.86291667	5.89966200e-07	
0.86450000	5.81497500e-07	
0.86608333	3.34093967e-07	
0.86766667	3.14924587e-07	
0.86925000	2.56848749e-07	
0.87083333	2.12038786e-07	
0.87241667	1.48215089e-07	
0.87400000	1.35899366e-07	
0.87558333	4.58302024e-07	
0.87716667	3.74774276e-07	
0.87875000	3.40203841e-07	
0.88033333	4.53158474e-07	
0.88191667	4.23083528e-07	
0.88350000	5.00388277e-07	
0.88508333	3.66994099e-07	
0.88666667	1.22460905e-07	
0.88825000	1.63901308e-07	
0.88983333	1.49641291e-07	
0.89141667	3.43833756e-07	
0.89300000	2.10784778e-07	
0.89458333	4.26410777e-07	
0.89616667	7.47561024e-07	
0.89775000	5.13309289e-07	
0.89933333	5.47878576e-07	
0.90091667	4.58084959e-07	
0.90250000	5.34655710e-07	
0.90408333	5.59028564e-07	
0.90566667	1.95446376e-07	
0.90725000	2.02402462e-07	
0.90883333	1.17967697e-07	
0.91041667	1.94020454e-07	
0.91200000	-5.24072566e-08	
0.91358333	2.05685347e-08	
0.91516667	3.86960423e-07	
0.91675000	6.63210151e-07	
0.91833333	5.68707030e-07	
0.91991667	5.16938475e-07	
0.92150000	5.08770957e-07	
0.92308333	6.65240186e-07	
0.92466667	2.17327832e-07	
0.92625000	1.15123813e-07	
0.92783333	6.46353072e-08	
0.92941667	7.56285235e-08	
0.93100000	1.97095958e-07	
0.93258333	1.57402763e-07	
0.93416667	4.41102393e-07	
0.93575000	6.91174950e-07	
0.93733333	6.07424032e-07	
0.93891667	5.90744075e-07	
0.94050000	3.17646897e-07	
0.94208333	4.41241503e-07	
0.94366667	2.41249641e-07	
0.94525000	9.13920898e-08	
0.94683333	9.46329413e-08	
0.94841667	1.06308618e-07	
0.95000000	2.44966388e-07	
0.95158333	1.99593642e-07	
0.95316667	9.86868932e-08	
0.95475000	2.93449051e-07	
0.95633333	3.40809032e-07	
0.95791667	5.21390059e-07	
0.95950000	4.33151352e-07	
0.96108333	3.97718002e-07	
0.96266667	5.73460412e-07	
0.96425000	3.73719917e-07	
0.96583333	1.40367134e-07	
0.96741667	-1.28614517e-07	
0.96900000	8.78026473e-09	
0.97058333	1.88358964e-07	
0.97216667	3.98235934e-08	
0.97375000	1.14856590e-07	
0.97533333	3.07234742e-07	
0.97691667	5.37594330e-07	
0.97850000	5.39236492e-07	
0.98008333	3.64410983e-07	
0.98166667	3.91064035e-07	
0.98325000	3.32296874e-07	
0.98483333	3.15314028e-07	
0.98641667	2.53418791e-07	
0.98800000	8.12806051e-08	
0.98958333	2.96430793e-07	
0.99116667	2.77158368e-07	
0.99275000	3.18926274e-07	
0.99433333	3.01961993e-07	
0.99591667	3.23585040e-07	
0.99750000	5.83355160e-07	
0.99908333	4.80857904e-07	
1.00066667	6.46832608e-07	
1.00225000	5.92603527e-07	
1.00383333	1.46926401e-07	
1.00541667	1.19781969e-07	
1.00700000	9.67953645e-09	
1.00858333	1.09705304e-07	
1.01016667	2.55681125e-07	
1.01175000	1.00423979e-07	
1.01333333	1.47679676e-07	
1.01491667	3.50859635e-07	
1.01650000	6.07466705e-07	
1.01808333	4.69104153e-07	
1.01966667	3.40506451e-07	
1.02125000	4.27837077e-07	
1.02283333	4.66872369e-07	
1.02441667	2.14027058e-07	
1.02600000	1.50592493e-07	
1.02758333	1.57030808e-07	
1.02916667	2.60090286e-07	
1.03075000	6.93116151e-08	
1.03233333	9.01727331e-08	
1.03391667	2.05064149e-07	
1.03550000	4.13687902e-07	
1.03708333	4.50739249e-07	
1.03866667	3.33203723e-07	
1.04025000	3.79397676e-07	
1.04183333	4.57764680e-07	
1.04341667	4.59173675e-07	
1.04500000	1.03050294e-07	
1.04658333	3.11989369e-08	
1.04816667	1.23583601e-07	
1.04975000	1.70823611e-07	
1.05133333	2.06602748e-07	
1.05291667	2.87253241e-07	
1.05450000	2.22817422e-07	
1.05608333	5.07129915e-07	
1.05766667	5.50124388e-07	
1.05925000	4.14355340e-07	
1.06083333	3.67254623e-07	
1.06241667	4.34621334e-07	
1.06400000	3.85316861e-07	
1.06558333	-2.39513538e-09	
1.06716667	9.27750299e-08	
1.06875000	1.77944653e-07	
1.07033333	1.85290782e-07	
1.07191667	2.47921248e-07	
1.07350000	1.53141700e-07	
1.07508333	3.48802971e-07	
1.07666667	4.81159982e-07	
1.07825000	4.14830298e-07	
1.07983333	4.79345053e-07	
1.08141667	4.62500925e-07	
1.08300000	6.20688619e-07	
1.08458333	2.15105960e-07	
1.08616667	1.03128417e-07	
1.08775000	1.84728853e-07	
1.08933333	8.97965555e-09	
1.09091667	1.81314450e-07	
1.09250000	1.96308619e-07	
1.09408333	3.26133518e-07	
1.09566667	5.64090911e-07	
1.09725000	5.42608123e-07	
1.09883333	4.91616547e-07	
1.10041667	5.44726362e-07	
1.10200000	4.90623175e-07	
1.10358333	5.88196745e-07	
1.10516667	2.94106465e-07	
1.10675000	2.42633099e-07	
1.10833333	2.23488906e-07	
1.10991667	2.19167948e-07	
1.11150000	1.12272221e-07	
1.11308333	-5.00388228e-08	
1.11466667	4.54247638e-07	
1.11625000	5.96966066e-07	
1.11783333	5.50730168e-07	
1.11941667	5.92171075e-07	
1.12100000	5.04147165e-07	
1.12258333	7.13897185e-07	
1.12416667	3.40299409e-07	
1.12575000	2.38674506e-07	
1.12733333	2.41249445e-07	
1.12891667	6.12908652e-08	
1.13050000	1.74573623e-07	
1.13208333	9.31982129e-08	
1.13366667	3.08443220e-07	
1.13525000	7.03657182e-07	
1.13683333	4.12885526e-07	
1.13841667	5.08296336e-07	
1.14000000	4.51905417e-07	
1.14158333	3.90285208e-07	
1.14316667	5.44393819e-07	
1.14475000	1.65249037e-07	
1.14633333	1.73416653e-07	
1.14791667	8.94045817e-08	
1.14950000	1.74677998e-07	
1.15108333	1.69017936e-07	
1.15266667	1.18330650e-07	
1.15425000	2.72483223e-07	
1.15583333	5.95239061e-07	
1.15741667	6.14554216e-07	
1.15900000	5.24069779e-07	
1.16058333	5.55438747e-07	
1.16216667	6.66191837e-07	
1.16375000	4.81938361e-07	
1.16533333	1.87158466e-07	
1.16691667	1.11053123e-07	
1.16850000	1.39357199e-07	
1.17008333	2.24139109e-07	
1.17166667	1.28000491e-07	
1.17325000	2.86837395e-07	
1.17483333	5.61672219e-07	
1.17641667	4.11900666e-07	
1.17800000	6.11831429e-07	
1.17958333	5.56263328e-07	
1.18116667	6.05305120e-07	
1.18275000	5.48049999e-07	
1.18433333	5.41052093e-07	
1.18591667	2.58854087e-07	
1.18750000	5.30634310e-08	
1.18908333	1.19228888e-07	
1.19066667	5.74026177e-08	
1.19225000	-4.69531438e-08	
1.19383333	1.72751399e-07	
1.19541667	4.30213768e-07	
1.19700000	5.07952144e-07	
1.19858333	5.65119901e-07	
1.20016667	6.37715063e-07	
1.20175000	7.14891958e-07	
1.20333333	4.91919409e-07	
1.20491667	3.09653462e-07	
1.20650000	1.39157844e-07	
1.20808333	1.48439897e-07	
1.20966667	3.02125689e-07	
1.21125000	2.14415659e-07	
1.21283333	3.27067724e-07	
1.21441667	3.47636467e-07	
1.21600000	4.71568320e-07	
1.21758333	5.75533793e-07	
1.21916667	3.97200007e-07	
1.22075000	4.98832023e-07	
1.22233333	5.37724256e-07	
1.22391667	3.70283183e-07	
1.22550000	3.20190111e-07	
1.22708333	6.44882936e-08	
1.22866667	1.37671733e-07	
1.23025000	6.35121768e-08	
1.23183333	5.65810188e-08	
1.23341667	1.28813172e-07	
1.23500000	2.03482288e-07	
1.23658333	5.52804669e-07	
1.23816667	4.76925912e-07	
1.23975000	4.16991967e-07	
1.24133333	3.99404826e-07	
1.24291667	4.15823250e-07	
1.24450000	5.43686788e-07	
1.24608333	6.44974640e-08	
1.24766667	9.28964643e-08	
1.24925000	2.43323834e-07	
1.25083333	1.80450891e-07	
1.25241667	2.86275829e-07	
1.25400000	2.14068723e-07	
1.25558333	5.07778312e-07	
1.25716667	4.49995256e-07	
1.25875000	4.87166644e-07	
1.26033333	4.84054752e-07	
1.26191667	4.18493562e-07	
1.26350000	4.04460704e-07	
@ 
0.00000000	2.53694127e-07	
0.00158333	2.07803330e-07	
0.00316667	1.91728971e-07	
0.00475000	1.13904113e-07	
0.00633333	1.72715950e-07	
0.00791667	2.04346897e-07	
0.00950000	4.95637136e-07	
0.01108333	6.74271767e-07	
0.01266667	6.19566496e-07	
0.01425000	6.02929662e-07	
0.01583333	5.12124947e-07	
0.01741667	4.28502331e-07	
0.01900000	3.35674750e-07	
0.02058333	1.38198731e-07	
0.02216667	2.88177143e-07	
0.02375000	2.12297812e-07	
0.02533333	2.21588293e-07	
0.02691667	2.33505600e-07	
0.02850000	2.74255086e-07	
0.03008333	5.27074258e-07	
0.03166667	4.36782163e-07	
0.03325000	4.35312545e-07	
0.03483333	4.61930091e-07	
0.03641667	7.13168480e-07	
0.03800000	6.86414512e-07	
0.03958333	4.32459553e-07	
0.04116667	3.15488056e-07	
0.04275000	2.06395203e-07	
0.04433333	1.49165353e-07	
0.04591667	1.52276993e-07	
0.04750000	1.21207905e-07	
0.04908333	4.17335290e-07	
0.05066667	6.15502450e-07	
0.05225000	4.41837650e-07	
0.05383333	5.62268869e-07	
0.05541667	5.54263758e-07	
0.05700000	6.21355441e-07	
0.05858333	4.74806497e-07	
0.06016667	1.73709602e-07	
0.06175000	2.35372765e-07	
0.06333333	1.58369450e-07	
0.06491667	1.77124384e-07	
0.06650000	6.59233930e-08	
0.06808333	6.43072865e-08	
0.06966667	3.93587145e-07	
0.07125000	5.07347149e-07	
0.07283333	6.99204590e-07	
0.07441667	7.62295229e-07	
0.07600000	7.98892479e-07	
0.07758333	7.89430350e-07	
0.07916667	4.83493831e-07	
0.08075000	3.68420287e-07	
0.08233333	2.53954315e-07	
0.08391667	2.80918237e-07	
0.08550000	2.70763245e-07	
0.08708333	1.86240851e-07	
0.08866667	2.91298415e-07	
0.09025000	5.59503185e-07	
0.09183333	5.25883477e-07	
0.09341667	5.53064240e-07	
0.09500000	4.47955784e-07	
0.09658333	4.96802268e-07	
0.09816667	4.87468553e-07	
0.09975000	2.21182709e-07	
0.10133333	1.38579184e-07	
0.10291667	1.01849362e-07	
0.10450000	2.73096478e-07	
0.10608333	3.09955932e-07	
0.10766667	1.06455072e-07	
0.10925000	4.70832447e-07	
0.11083333	5.28840241e-07	
0.11241667	5.79078024e-07	
0.11400000	5.52804109e-07	
0.11558333	5.50254594e-07	
0.11716667	7.25606807e-07	
0.11875000	5.46108616e-07	
0.12033333	2.12125912e-07	
0.12191667	8.45130702e-08	
0.12350000	1.50203080e-07	
0.12508333	1.91020371e-07	
0.12666667	5.07303768e-08	
0.12825000	2.78152945e-07	
0.12983333	3.63053286e-07	
0.13141667	5.25796841e-07	
0.13300000	6.16238491e-07	
0.13458333	6.34303110e-07	
0.13616667	5.77002067e-07	
0.13775000	5.20350989e-07	
0.13933333	1.58197452e-07	
0.14091667	7.98117502e-08	
0.14250000	7.51853249e-09	
0.14408333	8.64232809e-08	
0.14566667	4.41195672e-08	
0.14725000	2.37533846e-07	
0.14883333	4.10508696e-07	
0.15041667	6.51449007e-07	
0.15200000	7.25261831e-07	
0.15358333	4.88721833e-07	
0.15516667	4.31034821e-07	
0.15675000	4.32415927e-07	
0.15833333	4.20101002e-07	
0.15991667	2.88765841e-07	
0.16150000	1.85498369e-07	
0.16308333	3.92274502e-07	
0.16466667	4.25546743e-07	
0.16625000	2.14804162e-07	
0.16783333	2.99671266e-07	
0.16941667	4.23689867e-07	
0.17100000	4.80295303e-07	
0.17258333	5.72379283e-07	
0.17416667	4.96802996e-07	
0.17575000	7.72709848e-07	
0.17733333	7.58750158e-07	
0.17891667	4.94582328e-07	
0.18050000	7.37621838e-08	
0.18208333	1.57894703e-07	
0.18366667	2.81505395e-07	
0.18525000	1.03543291e-07	
0.18683333	1.30394683e-07	
0.18841667	1.09757260e-07	
0.19000000	2.60616094e-07	
0.19158333	6.49206946e-07	
0.19316667	5.63823331e-07	
0.19475000	5.16334824e-07	
0.19633333	4.43307408e-07	
0.19791667	4.58345034e-07	
0.19950000	4.57999247e-07	
0.20108333	6.09622774e-08	
0.20266667	3.32598644e-07	
0.20425000	4.25934980e-07	
0.20583333	4.22910088e-07	
0.20741667	2.89344207e-07	
0.20900000	4.22393157e-07	
0.21058333	6.69128384e-07	
0.21216667	5.97743829e-07	
0.21375000	6.44500215e-07	
0.21533333	5.92949398e-07	
0.21691667	6.51976327e-07	
0.21850000	7.31961636e-07	
0.22008333	3.29661172e-07	
0.22166667	2.72578819e-07	
0.22325000	2.81695636e-07	
0.22483333	3.89811567e-07	
0.22641667	3.45043942e-07	
0.22800000	2.95350225e-07	
0.22958333	4.86560976e-07	
0.23116667	5.98522432e-07	
0.23275000	4.21830276e-07	
0.23433333	5.05531716e-07	
0.23591667	5.24673711e-07	
0.23750000	6.57249523e-07	
0.23908333	3.96853043e-07	
0.24066667	1.61965694e-07	
0.24225000	2.98979999e-07	
0.24383333	2.50712610e-07	
0.24541667	2.74824156e-07	
0.24700000	1.96742246e-07	
0.24858333	2.86491999e-07	
0.25016667	6.15850450e-07	
0.25175000	6.16842870e-07	
0.25333333	6.44240364e-07	
0.25491667	5.51550548e-07	
0.25650000	7.57539103e-07	
0.25808333	7.63331107e-07	
0.25966667	4.16687453e-07	
0.26125000	3.61592825e-07	
0.26283333	3.20888210e-07	
0.26441667	2.98979551e-07	
0.26600000	3.50790556e-07	
0.26758333	1.37990346e-07	
0.26916667	2.59658031e-07	
0.27075000	5.26409844e-07	
0.27233333	5.32063074e-07	
0.27391667	5.73546823e-07	
0.27550000	5.14173463e-07	
0.27708333	5.29210754e-07	
0.27866667	4.73466301e-07	
0.28025000	2.49520680e-07	
0.28183333	2.09618274e-07	
0.28341667	2.37126848e-07	
0.28500000	3.34472572e-07	
0.28658333	2.29668587e-07	
0.28816667	2.58992021e-07	
0.28975000	5.15942303e-07	
0.29133333	6.40566823e-07	
0.29291667	6.94194325e-07	
0.29450000	5.74453896e-07	
0.29608333	6.37715119e-07	
0.29766667	5.86509781e-07	
0.29925000	3.60944988e-07	
0.30083333	2.89301057e-07	
0.30241667	2.50065277e-07	
0.30400000	3.80131421e-07	
0.30558333	3.70668816e-07	
0.30716667	2.45657403e-07	
0.30875000	5.29208626e-07	
0.31033333	5.38232703e-07	
0.31191667	6.58975017e-07	
0.31350000	7.36150344e-07	
0.31508333	6.21986085e-07	
0.31666667	7.06681429e-07	
0.31825000	5.34612028e-07	
0.31983333	5.48007942e-07	
0.32141667	3.12462744e-07	
0.32300000	3.71013512e-07	
0.32458333	3.90199161e-07	
0.32616667	3.10172718e-07	
0.32775000	3.40548649e-07	
0.32933333	3.83674644e-07	
0.33091667	6.72024498e-07	
0.33250000	5.51248303e-07	
0.33408333	4.75456070e-07	
0.33566667	7.09748519e-07	
0.33725000	6.88965090e-07	
0.33883333	4.44084414e-07	
0.34041667	1.94624245e-07	
0.34200000	1.04494207e-07	
0.34358333	1.65111201e-07	
0.34516667	2.44922790e-07	
0.34675000	3.11122968e-07	
0.34833333	4.72302177e-07	
0.34991667	5.73200560e-07	
0.35150000	8.11384287e-07	
0.35308333	8.19462370e-07	
0.35466667	6.64548499e-07	
0.35625000	6.84382517e-07	
0.35783333	6.09713526e-07	
0.35941667	3.61343082e-07	
0.36100000	2.73917923e-07	
0.36258333	2.55768741e-07	
0.36416667	2.29625745e-07	
0.36575000	2.80261440e-07	
0.36733333	2.07630983e-07	
0.36891667	3.98626027e-07	
0.37050000	4.95420742e-07	
0.37208333	5.96577689e-07	
0.37366667	5.59761021e-07	
0.37525000	7.40341236e-07	
0.37683333	5.89231111e-07	
0.37841667	5.20051319e-07	
0.38000000	4.32546861e-07	
0.38158333	2.16014335e-07	
0.38316667	3.40074475e-07	
0.38475000	3.50142943e-07	
0.38633333	4.12065314e-07	
0.38791667	3.36667759e-07	
0.38950000	6.45406560e-07	
0.39108333	7.50756695e-07	
0.39266667	6.97952878e-07	
0.39425000	6.31147256e-07	
0.39583333	5.92905660e-07	
0.39741667	6.94037182e-07	
0.39900000	3.64618557e-07	
0.40058333	4.83968256e-08	
0.40216667	1.38881640e-07	
0.40375000	2.69812687e-07	
0.40533333	1.75559926e-07	
0.40691667	2.62724253e-07	
0.40850000	3.13067404e-07	
0.41008333	6.24496678e-07	
0.41166667	8.47073513e-07	
0.41325000	7.56026923e-07	
0.41483333	8.25901203e-07	
0.41641667	8.52053424e-07	
0.41800000	8.70104266e-07	
0.41958333	4.93733890e-07	
0.42116667	3.68981656e-07	
0.42275000	4.49313173e-07	
0.42433333	5.08824159e-07	
0.42591667	4.60201630e-07	
0.42750000	5.93423403e-07	
0.42908333	7.51057877e-07	
0.43066667	1.01417650e-06	
0.43225000	1.08694392e-06	
0.43383333	1.16623475e-06	
0.43541667	1.26022096e-06	
0.43700000	1.53676540e-06	
0.43858333	1.80418267e-06	
0.44016667	1.48545781e-06	
0.44175000	1.85122287e-06	
0.44333333	2.26802247e-06	
0.44491667	2.93403975e-06	
0.44650000	3.93094944e-06	
0.44808333	5.04032293e-06	
0.44966667	5.92792602e-06	
0.45125000	6.67474731e-06	
0.45283333	7.61433552e-06	
0.45441667	8.61348307e-06	
0.45600000	9.78653590e-06	
0.45758333	1.13168857e-05	
0.45916667	1.31027968e-05	
0.46075000	1.62672461e-05	
0.46233333	2.28111389e-05	
0.46391667	3.34080491e-05	
0.46550000	4.96005242e-05	
0.46708333	7.41210336e-05	
0.46866667	1.14043969e-04	
0.47025000	1.76870079e-04	
0.47183333	2.55644572e-04	
0.47341667	3.21211920e-04	
0.47500000	3.76769738e-04	
0.47658333	6.42991513e-04	
0.47816667	9.81280611e-04	
0.47975000	1.89031842e-03	
0.48133333	1.64377564e-03	
0.48291667	2.33387042e-03	
0.48450000	2.34383909e-03	
0.48608333	3.04379049e-03	
0.48766667	3.26626445e-03	
0.48925000	3.85123391e-03	
0.49083333	4.67805313e-03	
0.49241667	5.44988938e-03	
0.49400000	6.61194795e-03	
0.49558333	7.43308252e-03	
0.49716667	9.28878414e-03	
0.49875000	1.14879665e-02	
0.50033333	1.09594807e-02	
0.50191667	1.09819688e-02	
0.50350000	1.17416604e-02	
0.50508333	1.47117486e-02	
0.50666667	1.72414298e-02	
0.50825000	1.76786474e-02	
0.50983333	1.72692773e-02	
0.51141667	2.06332970e-02	
0.51300000	1.28738708e-02	
0.51458333	1.54169500e-02	
0.51616667	2.46267325e-02	
0.51775000	2.61344813e-02	
0.51933333	3.37189556e-02	
0.52091667	5.82277469e-02	
0.52250000	1.10355580e-01	
0.52408333	1.77774318e-01	
0.52566667	2.16454573e-01	
0.52725000	2.60317225e-01	
0.52883333	2.61029387e-01	
0.53041667	2.99867386e-01	
0.53200000	2.82838287e+00	
0.53358333	4.74587694e+00	
0.53516667	5.49658192e+00	
0.53675000	5.96647356e+00	
0.53833333	6.47666368e+00	
0.53991667	6.79494879e+00	
0.54150000	7.21742899e+00	
0.54308333	7.26871897e+00	
0.54466667	7.66370135e+00	
0.54625000	8.78368453e+00	
0.54783333	9.09323966e+00	
0.54941667	9.12956047e+00	
0.55100000	9.31889623e+00	
0.55258333	9.51477794e+00	
0.55416667	9.65575516e+00	
0.55575000	1.00016978e+01	
0.55733333	1.04515988e+01	
0.55891667	1.11547777e+01	
0.56050000	1.35418388e+01	
0.56208333	1.35983490e+01	
0.56366667	1.38996529e+01	
0.56525000	1.48463241e+01	
0.56683333	1.52098630e+01	
0.56841667	1.54805501e+01	
0.57000000	1.62279027e+01	
0.57158333	1.67412611e+01	
0.57316667	1.72194627e+01	
0.57475000	1.87598120e+01	
0.57633333	1.88205061e+01	
0.57791667	1.91848662e+01	
0.57950000	1.97106775e+01	
0.58108333	1.99396122e+01	
0.58266667	2.07964102e+01	
0.58425000	2.15677584e+01	
0.58583333	2.18905577e+01	
0.58741667	2.26434697e+01	
0.58900000	2.30698618e+01	
0.59058333	2.36840807e+01	
0.59216667	2.40859238e+01	
0.59375000	2.46699375e+01	
0.59533333	2.49398222e+01	
0.59691667	2.49046242e+01	
0.59850000	2.51606147e+01	
0.60008333	2.52862328e+01	
0.60166667	2.55025398e+01	
0.60325000	2.67279033e+01	
0.60483333	2.78751099e+01	
0.60641667	2.80878427e+01	
0.60800000	2.81845824e+01	
0.60958333	2.85388778e+01	
0.61116667	2.90075522e+01	
0.61275000	2.96998039e+01	
0.61433333	3.07053202e+01	
0.61591667	3.07690623e+01	
0.61750000	3.09745417e+01	
0.61908333	3.15042485e+01	
0.62066667	3.23123562e+01	
0.62225000	3.32620698e+01	
0.62383333	3.35113593e+01	
0.62541667	3.36552144e+01	
0.62700000	3.38949165e+01	
0.62858333	3.41855507e+01	
