start voltage : 0.00 V 
set voltage : 0.10 V 
High G : 30.00 G0 
Intermediate G : 20.00 G0 
Low G : 10.00 G0 
Breaking speed 1 : 300.00 V/s 
Breaking speed 2 : 300.00 V/s 
Making speed : 500.00 V/s 
Post breaking : 230.00 V/s 
@ 
0.00000000	7.60810167e+01	
0.00158333	7.70517540e+01	
0.00316667	7.70402086e+01	
0.00475000	7.70164564e+01	
0.00633333	7.70964924e+01	
0.00791667	7.74951616e+01	
0.00950000	7.72382466e+01	
0.01108333	7.71135700e+01	
0.01266667	7.72087142e+01	
0.01425000	7.73214020e+01	
0.01583333	7.74392011e+01	
0.01741667	7.71645997e+01	
0.01900000	7.73092102e+01	
0.02058333	7.71794298e+01	
0.02216667	7.71967855e+01	
0.02375000	7.73198386e+01	
0.02533333	7.75221385e+01	
0.02691667	7.74719130e+01	
0.02850000	7.71418622e+01	
0.03008333	7.72178393e+01	
0.03166667	7.71874499e+01	
0.03325000	7.69821585e+01	
0.03483333	7.71345862e+01	
0.03641667	7.69124126e+01	
0.03800000	7.70411256e+01	
0.03958333	7.70612324e+01	
0.04116667	7.71139458e+01	
0.04275000	7.72912908e+01	
0.04433333	7.69752884e+01	
0.04591667	7.67585041e+01	
0.04750000	7.70675688e+01	
0.04908333	7.67515213e+01	
0.05066667	7.67526863e+01	
0.05225000	7.70133972e+01	
0.05383333	7.70265361e+01	
0.05541667	7.70731160e+01	
0.05700000	7.68935010e+01	
0.05858333	7.69949892e+01	
0.06016667	7.67934635e+01	
0.06175000	7.67523330e+01	
0.06333333	7.69191098e+01	
0.06491667	7.67731087e+01	
0.06650000	7.72009045e+01	
0.06808333	7.67781824e+01	
0.06966667	7.70226876e+01	
0.07125000	7.67437567e+01	
0.07283333	7.67426593e+01	
0.07441667	7.67660056e+01	
0.07600000	7.62533332e+01	
0.07758333	7.68092933e+01	
0.07916667	7.65671333e+01	
0.08075000	7.67477179e+01	
0.08233333	7.63180355e+01	
0.08391667	7.65485449e+01	
0.08550000	7.64081286e+01	
0.08708333	7.64332413e+01	
0.08866667	7.65609021e+01	
0.09025000	7.66087748e+01	
0.09183333	7.66336996e+01	
0.09341667	7.66631569e+01	
0.09500000	7.66034832e+01	
0.09658333	7.69455154e+01	
0.09816667	7.64943808e+01	
0.09975000	7.63342486e+01	
0.10133333	7.69697712e+01	
0.10291667	7.67371872e+01	
0.10450000	7.64427347e+01	
0.10608333	7.67424714e+01	
0.10766667	7.64936441e+01	
0.10925000	7.67613529e+01	
0.11083333	7.65715004e+01	
0.11241667	7.65053098e+01	
0.11400000	7.65809186e+01	
0.11558333	7.64202678e+01	
0.11716667	7.65222521e+01	
0.11875000	7.63832864e+01	
0.12033333	7.65377361e+01	
0.12191667	7.66928247e+01	
0.12350000	7.64479211e+01	
0.12508333	7.68654568e+01	
0.12666667	7.63214780e+01	
0.12825000	7.64388787e+01	
0.12983333	7.65023107e+01	
0.13141667	7.65425467e+01	
0.13300000	7.66011155e+01	
0.13458333	7.61319562e+01	
0.13616667	7.65943957e+01	
0.13775000	7.59024014e+01	
0.13933333	7.57973203e+01	
0.14091667	7.59384807e+01	
0.14250000	7.56275745e+01	
0.14408333	7.58957342e+01	
0.14566667	7.56529278e+01	
0.14725000	7.56754097e+01	
0.14883333	7.55394808e+01	
0.15041667	7.54524619e+01	
0.15200000	7.57040928e+01	
0.15358333	7.54226589e+01	
0.15516667	7.53760338e+01	
0.15675000	7.57543333e+01	
0.15833333	7.52564007e+01	
0.15991667	7.54689382e+01	
0.16150000	7.50616550e+01	
0.16308333	7.53052883e+01	
0.16466667	7.50661423e+01	
0.16625000	7.56070394e+01	
0.16783333	7.52444419e+01	
0.16941667	7.51213813e+01	
0.17100000	7.55363163e+01	
0.17258333	7.49453141e+01	
0.17416667	7.50889099e+01	
0.17575000	7.49159846e+01	
0.17733333	7.50806643e+01	
0.17891667	7.50258162e+01	
0.18050000	7.48053864e+01	
0.18208333	7.49008388e+01	
0.18366667	7.52518382e+01	
0.18525000	7.45749897e+01	
0.18683333	7.47468176e+01	
0.18841667	7.46363697e+01	
0.19000000	7.47876173e+01	
0.19158333	7.50979598e+01	
0.19316667	7.45504407e+01	
0.19475000	7.48563034e+01	
0.19633333	7.46015531e+01	
0.19791667	7.48827916e+01	
0.19950000	7.47563636e+01	
0.20108333	7.45843478e+01	
0.20266667	7.47548452e+01	
0.20425000	7.42867834e+01	
0.20583333	7.47548152e+01	
0.20741667	7.45092126e+01	
0.20900000	7.42928267e+01	
0.21058333	7.42988474e+01	
0.21216667	7.38504413e+01	
0.21375000	7.37607691e+01	
0.21533333	7.39179247e+01	
0.21691667	7.37252234e+01	
0.21850000	7.41874900e+01	
0.22008333	7.35420682e+01	
0.22166667	7.37876182e+01	
0.22325000	7.35416397e+01	
0.22483333	7.37389411e+01	
0.22641667	7.31905952e+01	
0.22800000	7.25897764e+01	
0.22958333	7.29632578e+01	
0.23116667	7.26231047e+01	
0.23275000	7.25517728e+01	
0.23433333	7.27010286e+01	
0.23591667	7.24386415e+01	
0.23750000	7.25282160e+01	
0.23908333	7.21581246e+01	
0.24066667	7.18503979e+01	
0.24225000	7.21226541e+01	
0.24383333	7.20074934e+01	
0.24541667	7.21554337e+01	
0.24700000	7.17691517e+01	
0.24858333	7.17778408e+01	
0.25016667	7.14922804e+01	
0.25175000	7.13472715e+01	
0.25333333	7.15332154e+01	
0.25491667	7.13888529e+01	
0.25650000	7.19346432e+01	
0.25808333	7.09302018e+01	
0.25966667	7.08451372e+01	
0.26125000	7.10531722e+01	
0.26283333	7.07089226e+01	
0.26441667	7.09184985e+01	
0.26600000	7.05598322e+01	
0.26758333	7.02830886e+01	
0.26916667	7.07386881e+01	
0.27075000	7.06754064e+01	
0.27233333	7.09154694e+01	
0.27391667	7.05683635e+01	
0.27550000	7.04030374e+01	
0.27708333	7.07537512e+01	
0.27866667	7.04007299e+01	
0.28025000	7.06375682e+01	
0.28183333	7.03887560e+01	
0.28341667	7.06633198e+01	
0.28500000	7.04605690e+01	
0.28658333	7.00534136e+01	
0.28816667	7.04025413e+01	
0.28975000	7.03122377e+01	
0.29133333	7.01146883e+01	
0.29291667	7.01493019e+01	
0.29450000	6.97417857e+01	
0.29608333	7.02933637e+01	
0.29766667	6.99417781e+01	
0.29925000	6.97146135e+01	
0.30083333	6.94836080e+01	
0.30241667	6.93588937e+01	
0.30400000	6.96676352e+01	
0.30558333	6.92432895e+01	
0.30716667	6.98955739e+01	
0.30875000	6.93208450e+01	
0.31033333	6.94253098e+01	
0.31191667	6.92785270e+01	
0.31350000	6.92232128e+01	
0.31508333	6.91084880e+01	
0.31666667	6.82770095e+01	
0.31825000	6.86735440e+01	
0.31983333	6.88139302e+01	
0.32141667	6.84707330e+01	
0.32300000	6.86204322e+01	
0.32458333	6.84342102e+01	
0.32616667	6.81543773e+01	
0.32775000	6.84472964e+01	
0.32933333	6.79998524e+01	
0.33091667	6.80969360e+01	
0.33250000	6.78430501e+01	
0.33408333	6.79089175e+01	
0.33566667	6.81831205e+01	
0.33725000	6.78907275e+01	
0.33883333	6.79860746e+01	
0.34041667	6.78988077e+01	
0.34200000	6.78952674e+01	
0.34358333	6.79817075e+01	
0.34516667	6.76505969e+01	
0.34675000	6.78198992e+01	
0.34833333	6.66255000e+01	
0.34991667	6.67156157e+01	
0.35150000	6.68196821e+01	
0.35308333	6.65487262e+01	
0.35466667	6.65639246e+01	
0.35625000	6.58261171e+01	
0.35783333	6.61850163e+01	
0.35941667	6.63136993e+01	
0.36100000	6.62829342e+01	
0.36258333	6.63519134e+01	
0.36416667	6.58949159e+01	
0.36575000	6.61623390e+01	
0.36733333	6.57099341e+01	
0.36891667	6.61664129e+01	
0.37050000	6.60107080e+01	
0.37208333	6.56453896e+01	
0.37366667	6.55960737e+01	
0.37525000	6.52853478e+01	
0.37683333	6.55524327e+01	
0.37841667	6.52212018e+01	
0.38000000	6.47198267e+01	
0.38158333	6.50445407e+01	
0.38316667	6.45067556e+01	
0.38475000	6.44939549e+01	
0.38633333	6.43289821e+01	
0.38791667	6.39583044e+01	
0.38950000	6.43219467e+01	
0.39108333	6.40910088e+01	
0.39266667	6.40824775e+01	
0.39425000	6.40221273e+01	
0.39583333	6.36765774e+01	
0.39741667	6.39109729e+01	
0.39900000	6.35819368e+01	
0.40058333	6.36899042e+01	
0.40216667	6.37755175e+01	
0.40375000	6.34444519e+01	
0.40533333	6.37412346e+01	
0.40691667	6.31996085e+01	
0.40850000	6.32439184e+01	
0.41008333	6.29713427e+01	
0.41166667	6.21993199e+01	
0.41325000	6.21632781e+01	
0.41483333	6.19958662e+01	
0.41641667	6.22323062e+01	
0.41800000	6.21730910e+01	
0.41958333	6.19560775e+01	
0.42116667	6.21056339e+01	
0.42275000	6.20502634e+01	
0.42433333	6.18332536e+01	
0.42591667	6.15006810e+01	
0.42750000	6.08286994e+01	
0.42908333	6.08381628e+01	
0.43066667	6.06077172e+01	
0.43225000	6.06376368e+01	
0.43383333	6.07373022e+01	
0.43541667	6.10360730e+01	
0.43700000	6.07858590e+01	
0.43858333	6.06350661e+01	
0.44016667	6.08146323e+01	
0.44175000	6.07774893e+01	
0.44333333	6.09143841e+01	
0.44491667	6.07927779e+01	
0.44650000	6.07432590e+01	
0.44808333	6.05903202e+01	
0.44966667	6.03683458e+01	
0.45125000	6.02401063e+01	
0.45283333	6.03727806e+01	
0.45441667	5.99854049e+01	
0.45600000	5.97611041e+01	
0.45758333	6.02841907e+01	
0.45916667	6.01460068e+01	
0.46075000	5.98074811e+01	
0.46233333	5.94811096e+01	
0.46391667	5.98613408e+01	
0.46550000	5.93176326e+01	
0.46708333	5.95933051e+01	
0.46866667	5.94226987e+01	
0.47025000	5.94374912e+01	
0.47183333	5.92193953e+01	
0.47341667	5.91098908e+01	
0.47500000	5.93230934e+01	
0.47658333	5.90067414e+01	
0.47816667	5.91203162e+01	
0.47975000	5.90186664e+01	
0.48133333	5.87612440e+01	
0.48291667	5.84592336e+01	
0.48450000	5.83559076e+01	
0.48608333	5.85230941e+01	
0.48766667	5.85715306e+01	
0.48925000	5.78966927e+01	
0.49083333	5.73339978e+01	
0.49241667	5.74339113e+01	
0.49400000	5.71510041e+01	
0.49558333	5.72373916e+01	
0.49716667	5.71840656e+01	
0.49875000	5.73969149e+01	
0.50033333	5.72231177e+01	
0.50191667	5.70070738e+01	
0.50350000	5.70718325e+01	
0.50508333	5.67661578e+01	
0.50666667	5.70997902e+01	
0.50825000	5.67278761e+01	
0.50983333	5.69425407e+01	
0.51141667	5.65752041e+01	
0.51300000	5.65651582e+01	
0.51458333	5.64008657e+01	
0.51616667	5.58978106e+01	
0.51775000	5.59091531e+01	
0.51933333	5.58695673e+01	
0.52091667	5.56770802e+01	
0.52250000	5.56196051e+01	
0.52408333	5.52375474e+01	
0.52566667	5.47699891e+01	
0.52725000	5.46348043e+01	
0.52883333	5.43105037e+01	
0.53041667	5.37735678e+01	
0.53200000	5.39444674e+01	
0.53358333	5.38829860e+01	
0.53516667	5.31246395e+01	
0.53675000	5.31903415e+01	
0.53833333	5.29103695e+01	
0.53991667	5.28106515e+01	
0.54150000	5.29121848e+01	
0.54308333	5.26618430e+01	
0.54466667	5.26459267e+01	
0.54625000	5.24739410e+01	
0.54783333	5.23676385e+01	
0.54941667	5.21726033e+01	
0.55100000	5.18831981e+01	
0.55258333	5.20803567e+01	
0.55416667	5.19091715e+01	
0.55575000	5.21725733e+01	
0.55733333	5.23121740e+01	
0.55891667	5.20304545e+01	
0.56050000	5.21151357e+01	
0.56208333	5.19311611e+01	
0.56366667	5.11520690e+01	
0.56525000	5.11139001e+01	
0.56683333	5.11051208e+01	
0.56841667	5.12957775e+01	
0.57000000	5.09813273e+01	
0.57158333	5.10080222e+01	
0.57316667	5.09600931e+01	
0.57475000	5.02549787e+01	
0.57633333	5.05518515e+01	
0.57791667	5.04963983e+01	
0.57950000	5.00790430e+01	
0.58108333	4.97024799e+01	
0.58266667	4.97822678e+01	
0.58425000	4.99286109e+01	
0.58583333	4.95754768e+01	
0.58741667	4.98099099e+01	
0.58900000	4.98122362e+01	
0.59058333	4.98451399e+01	
0.59216667	5.00959665e+01	
0.59375000	4.97892206e+01	
0.59533333	4.99991009e+01	
0.59691667	5.00524007e+01	
0.59850000	4.98644085e+01	
0.60008333	4.99349699e+01	
0.60166667	4.93178290e+01	
0.60325000	4.96451889e+01	
0.60483333	4.95501348e+01	
0.60641667	4.91960048e+01	
0.60800000	4.94237594e+01	
0.60958333	4.91970233e+01	
0.61116667	4.86100838e+01	
0.61275000	4.82427021e+01	
0.61433333	4.81717686e+01	
0.61591667	4.78606970e+01	
0.61750000	4.75491218e+01	
0.61908333	4.77321380e+01	
0.62066667	4.72271888e+01	
0.62225000	4.73462845e+01	
0.62383333	4.74776171e+01	
0.62541667	4.70983780e+01	
0.62700000	4.70131857e+01	
0.62858333	4.67497012e+01	
0.63016667	4.68293351e+01	
0.63175000	4.65945977e+01	
0.63333333	4.67983896e+01	
0.63491667	4.64940941e+01	
0.63650000	4.62358562e+01	
0.63808333	4.63405201e+01	
0.63966667	4.61384495e+01	
0.64125000	4.57526749e+01	
0.64283333	4.60070756e+01	
0.64441667	4.53058548e+01	
0.64600000	4.53864432e+01	
0.64758333	4.51691028e+01	
0.64916667	4.49142172e+01	
0.65075000	4.47606057e+01	
0.65233333	4.41472230e+01	
0.65391667	4.41315811e+01	
0.65550000	4.41918223e+01	
0.65708333	4.42024169e+01	
0.65866667	4.38161236e+01	
0.66025000	4.36817543e+01	
0.66183333	4.38557771e+01	
0.66341667	4.35734599e+01	
0.66500000	4.38972232e+01	
0.66658333	4.36778721e+01	
0.66816667	4.37123391e+01	
0.66975000	4.32638165e+01	
0.67133333	4.27590176e+01	
0.67291667	4.28611297e+01	
0.67450000	4.28078149e+01	
0.67608333	4.26666733e+01	
0.67766667	4.26191989e+01	
0.67925000	4.22555078e+01	
0.68083333	4.20523510e+01	
0.68241667	4.12563430e+01	
0.68400000	4.12161333e+01	
0.68558333	4.14714059e+01	
0.68716667	4.14978153e+01	
0.68875000	4.15878595e+01	
0.69033333	4.14905205e+01	
0.69191667	4.11092858e+01	
0.69350000	4.09753788e+01	
0.69508333	4.08905736e+01	
0.69666667	4.01891799e+01	
0.69825000	3.97038300e+01	
0.69983333	3.96698628e+01	
0.70141667	3.91768498e+01	
0.70300000	3.80788427e+01	
0.70458333	3.82125054e+01	
0.70616667	3.87623358e+01	
0.70775000	3.83363590e+01	
0.70933333	3.82295002e+01	
0.71091667	3.82311539e+01	
0.71250000	3.83953337e+01	
0.71408333	3.79372575e+01	
0.71566667	3.82265124e+01	
0.71725000	3.76976080e+01	
0.71883333	3.74301436e+01	
0.72041667	3.74642047e+01	
0.72200000	3.73120100e+01	
0.72358333	3.79835105e+01	
0.72516667	3.76874156e+01	
0.72675000	3.63190990e+01	
0.72833333	3.59192421e+01	
0.72991667	3.56011989e+01	
0.73150000	3.56150782e+01	
0.73308333	3.54344372e+01	
0.73466667	3.49276652e+01	
0.73625000	3.45249220e+01	
0.73783333	3.36023995e+01	
0.73941667	3.37380691e+01	
0.74100000	3.32344578e+01	
0.74258333	3.28274603e+01	
0.74416667	3.25791292e+01	
0.74575000	3.22098984e+01	
0.74733333	3.20575083e+01	
0.74891667	3.19946250e+01	
0.75050000	3.20514237e+01	
0.75208333	3.21879163e+01	
0.75366667	3.18270590e+01	
0.75525000	3.18973498e+01	
0.75683333	3.17024800e+01	
0.75841667	3.16923327e+01	
0.76000000	3.17774349e+01	
0.76158333	3.13648563e+01	
0.76316667	3.09378347e+01	
0.76475000	3.03544768e+01	
0.76633333	3.03698237e+01	
0.76791667	3.06880322e+01	
0.76950000	3.05815831e+01	
0.77108333	3.06049276e+01	
0.77266667	3.00563787e+01	
0.77425000	2.89348768e+01	
0.77583333	2.81537533e+01	
0.77741667	2.80177511e+01	
0.77900000	2.82525976e+01	
0.78058333	2.80974282e+01	
0.78216667	2.79431646e+01	
0.78375000	2.75925861e+01	
0.78533333	2.75385178e+01	
0.78691667	2.73344196e+01	
0.78850000	2.75577545e+01	
0.79008333	2.78528929e+01	
0.79166667	2.64228280e+01	
0.79325000	2.56080098e+01	
0.79483333	2.55433282e+01	
0.79641667	2.52831228e+01	
0.79800000	2.51144519e+01	
0.79958333	2.48366071e+01	
0.80116667	2.47589745e+01	
0.80275000	2.47458075e+01	
0.80433333	2.46915907e+01	
0.80591667	2.44482562e+01	
0.80750000	2.43917300e+01	
0.80908333	2.44590744e+01	
0.81066667	2.40118202e+01	
0.81225000	2.39720126e+01	
0.81383333	2.38733450e+01	
0.81541667	2.37165652e+01	
0.81700000	2.36005382e+01	
0.81858333	2.37021730e+01	
0.82016667	2.31808227e+01	
0.82175000	2.18885414e+01	
0.82333333	2.10947582e+01	
0.82491667	2.11394834e+01	
0.82650000	2.12714343e+01	
0.82808333	2.08222070e+01	
0.82966667	2.16510547e+01	
0.83125000	2.14949045e+01	
0.83283333	2.17673430e+01	
0.83441667	2.23143603e+01	
0.83600000	2.20548465e+01	
0.83758333	2.19054799e+01	
0.83916667	2.12061382e+01	
0.84075000	2.06700837e+01	
0.84233333	2.06285417e+01	
0.84391667	2.06108158e+01	
0.84550000	2.07582093e+01	
0.84708333	2.04368082e+01	
0.84866667	1.96752991e+01	
0.85025000	1.93757729e+01	
0.85183333	1.93801118e+01	
0.85341667	1.92176063e+01	
0.85500000	1.92475973e+01	
0.85658333	1.92363976e+01	
0.85816667	1.95242807e+01	
0.85975000	1.90918848e+01	
0.86133333	1.84883112e+01	
0.86291667	1.79490622e+01	
0.86450000	1.81348069e+01	
0.86608333	1.78989251e+01	
0.86766667	1.78654164e+01	
0.86925000	1.76648716e+01	
0.87083333	1.80165362e+01	
0.87241667	1.81377384e+01	
0.87400000	1.87024478e+01	
0.87558333	1.78492089e+01	
0.87716667	1.78347790e+01	
0.87875000	1.77676169e+01	
0.88033333	1.77377613e+01	
0.88191667	1.78890690e+01	
0.88350000	1.79228990e+01	
0.88508333	1.76629192e+01	
0.88666667	1.66912536e+01	
0.88825000	1.61391776e+01	
0.88983333	1.56168004e+01	
0.89141667	1.52766370e+01	
0.89300000	1.50452209e+01	
0.89458333	1.51323177e+01	
0.89616667	1.49994433e+01	
0.89775000	1.44436439e+01	
0.89933333	1.45166068e+01	
0.90091667	1.40277186e+01	
0.90250000	1.39067109e+01	
0.90408333	1.39995832e+01	
0.90566667	1.32694472e+01	
0.90725000	1.22657058e+01	
0.90883333	1.23407903e+01	
0.91041667	1.20318938e+01	
0.91200000	1.19060831e+01	
0.91358333	1.19331895e+01	
0.91516667	1.16588916e+01	
0.91675000	1.17641061e+01	
0.91833333	1.17848715e+01	
0.91991667	1.16501367e+01	
0.92150000	1.11332983e+01	
0.92308333	1.13463618e+01	
0.92466667	1.10335567e+01	
0.92625000	1.05357266e+01	
0.92783333	1.03274530e+01	
0.92941667	1.03657534e+01	
0.93100000	1.00139310e+01	
0.93258333	1.00745772e+01	
0.93416667	9.88753488e+00	
0.93575000	9.84517923e+00	
0.93733333	9.65047104e+00	
0.93891667	9.58553010e+00	
0.94050000	9.13874098e+00	
0.94208333	8.14312584e+00	
0.94366667	7.54391887e+00	
0.94525000	7.17148796e+00	
0.94683333	6.17789476e+00	
0.94841667	6.07513440e+00	
0.95000000	6.64221666e+00	
0.95158333	6.44006569e+00	
0.95316667	6.30826052e+00	
0.95475000	5.76892694e+00	
0.95633333	5.67662019e+00	
0.95791667	5.59372931e+00	
0.95950000	5.48410025e+00	
0.96108333	5.21413280e+00	
0.96266667	4.94263338e+00	
0.96425000	3.55062135e+00	
0.96583333	3.08600724e+00	
0.96741667	3.04567707e+00	
0.96900000	2.54613999e+00	
0.97058333	2.06078895e+00	
0.97216667	1.29631040e+00	
0.97375000	9.19564769e-01	
0.97533333	9.03239276e-01	
0.97691667	-1.30345614e-02	
0.97850000	8.06907574e-03	
0.98008333	-2.80800340e-03	
0.98166667	-5.01661571e-04	
0.98325000	3.75940908e-05	
0.98483333	3.77562870e-04	
0.98641667	4.99432912e-04	
0.98800000	1.34231396e-04	
0.98958333	4.33270385e-05	
0.99116667	1.79990356e-05	
0.99275000	5.36193282e-06	
0.99433333	-2.04451420e-06	
0.99591667	-6.02184896e-06	
0.99750000	-8.16732673e-06	
0.99908333	-8.69702179e-06	
1.00066667	-8.13180501e-06	
1.00225000	-7.29979718e-06	
1.00383333	-5.95318764e-06	
1.00541667	-4.67600015e-06	
1.00700000	-3.48535044e-06	
1.00858333	-1.96311365e-06	
1.01016667	-1.18402574e-06	
1.01175000	-2.38155754e-07	
1.01333333	2.25019889e-07	
1.01491667	8.30052949e-07	
1.01650000	9.62577352e-07	
1.01808333	8.20197403e-07	
1.01966667	1.10111682e-06	
1.02125000	1.32207036e-06	
1.02283333	1.30235277e-06	
1.02441667	1.26717961e-06	
1.02600000	1.32469038e-06	
1.02758333	1.68173351e-06	
1.02916667	1.57847204e-06	
1.03075000	1.55411453e-06	
1.03233333	1.42500096e-06	
1.03391667	1.31708659e-06	
1.03550000	1.47555152e-06	
1.03708333	1.13175019e-06	
1.03866667	9.55018804e-07	
1.04025000	1.00238080e-06	
1.04183333	1.07639999e-06	
1.04341667	1.16591766e-06	
1.04500000	1.01145242e-06	
1.04658333	1.14151736e-06	
1.04816667	1.15465354e-06	
1.04975000	1.36879158e-06	
1.05133333	1.36486502e-06	
1.05291667	1.33343450e-06	
1.05450000	1.39038055e-06	
1.05608333	1.28794938e-06	
1.05766667	1.29189520e-06	
1.05925000	1.03417948e-06	
1.06083333	8.53771637e-07	
1.06241667	1.07238697e-06	
1.06400000	8.41577370e-07	
1.06558333	7.57782154e-07	
1.06716667	1.18864863e-06	
1.06875000	1.20393541e-06	
1.07033333	1.13633019e-06	
1.07191667	1.35661338e-06	
1.07350000	1.49456986e-06	
1.07508333	1.36356934e-06	
1.07666667	1.11139966e-06	
1.07825000	1.02951167e-06	
1.07983333	8.88817058e-07	
1.08141667	9.53244421e-07	
1.08300000	9.73811008e-07	
1.08458333	8.91417591e-07	
1.08616667	1.00178773e-06	
1.08775000	1.11470034e-06	
1.08933333	1.29034684e-06	
1.09091667	1.29625836e-06	
1.09250000	1.20223753e-06	
1.09408333	1.36367754e-06	
1.09566667	1.27116957e-06	
1.09725000	1.11639408e-06	
1.09883333	8.34196911e-07	
1.10041667	6.38797031e-07	
1.10200000	7.95825557e-07	
1.10358333	7.77637005e-07	
1.10516667	8.26553240e-07	
1.10675000	1.00579057e-06	
1.10833333	1.35797290e-06	
1.10991667	1.30701621e-06	
1.11150000	1.22970195e-06	
1.11308333	1.33329091e-06	
1.11466667	1.25809970e-06	
1.11625000	1.24894150e-06	
1.11783333	9.51645885e-07	
1.11941667	8.94177002e-07	
1.12100000	9.08779658e-07	
1.12258333	8.11943697e-07	
1.12416667	8.62630563e-07	
1.12575000	8.44093843e-07	
1.12733333	1.10625684e-06	
1.12891667	1.23110369e-06	
1.13050000	1.14592599e-06	
1.13208333	1.27687029e-06	
1.13366667	1.17636034e-06	
1.13525000	1.24694030e-06	
1.13683333	1.19550031e-06	
1.13841667	9.11701477e-07	
1.14000000	7.66835072e-07	
1.14158333	7.40757894e-07	
1.14316667	8.27546053e-07	
1.14475000	9.57097282e-07	
1.14633333	8.62110580e-07	
1.14791667	1.20179825e-06	
1.14950000	1.14526348e-06	
1.15108333	1.11999795e-06	
1.15266667	1.03016085e-06	
1.15425000	1.11909273e-06	
1.15583333	1.26925428e-06	
1.15741667	1.03792268e-06	
1.15900000	7.60998435e-07	
1.16058333	8.21624347e-07	
1.16216667	6.75741721e-07	
1.16375000	9.12759644e-07	
1.16533333	8.46685583e-07	
1.16691667	9.30172170e-07	
1.16850000	9.95638995e-07	
1.17008333	1.02242802e-06	
1.17166667	1.24345728e-06	
1.17325000	1.05678377e-06	
1.17483333	1.08814943e-06	
1.17641667	1.18217956e-06	
1.17800000	8.77494918e-07	
1.17958333	6.94278945e-07	
1.18116667	7.28155817e-07	
1.18275000	8.52907967e-07	
1.18433333	9.02577323e-07	
1.18591667	8.69285509e-07	
1.18750000	1.28108078e-06	
1.18908333	1.15838543e-06	
1.19066667	1.22396863e-06	
1.19225000	1.19566373e-06	
1.19383333	1.20802662e-06	
1.19541667	1.18068317e-06	
1.19700000	1.02218923e-06	
1.19858333	5.39711169e-07	
1.20016667	6.06343687e-07	
1.20175000	7.31310886e-07	
1.20333333	8.08995724e-07	
1.20491667	7.55551406e-07	
1.20650000	9.87212633e-07	
1.20808333	1.31920740e-06	
1.20966667	1.06356411e-06	
1.21125000	1.20551300e-06	
1.21283333	1.12190943e-06	
1.21441667	1.35702119e-06	
1.21600000	1.16871443e-06	
1.21758333	8.25278679e-07	
1.21916667	7.26644029e-07	
1.22075000	6.43117177e-07	
1.22233333	9.19801568e-07	
1.22391667	8.82160935e-07	
1.22550000	8.88385559e-07	
1.22708333	1.07683693e-06	
1.22866667	9.35182994e-07	
1.23025000	1.09464673e-06	
1.23183333	9.41403361e-07	
1.23341667	9.47399999e-07	
1.23500000	1.12319838e-06	
1.23658333	1.12306902e-06	
1.23816667	7.90337199e-07	
1.23975000	6.50765104e-07	
1.24133333	8.16265466e-07	
1.24291667	1.05574313e-06	
1.24450000	9.97924682e-07	
1.24608333	9.22288360e-07	
1.24766667	1.05248580e-06	
1.24925000	1.01914202e-06	
1.25083333	1.06956959e-06	
1.25241667	1.15474113e-06	
1.25400000	1.15080124e-06	
1.25558333	1.09329304e-06	
1.25716667	1.05395900e-06	
1.25875000	8.64143527e-07	
1.26033333	7.58275536e-07	
1.26191667	7.38828048e-07	
1.26350000	6.28684938e-07	
1.26508333	7.86794144e-07	
1.26666667	7.97639143e-07	
1.26825000	9.27795311e-07	
1.26983333	1.08837120e-06	
1.27141667	1.09182701e-06	
1.27300000	1.26212370e-06	
1.27458333	1.14316373e-06	
1.27616667	1.21417783e-06	
1.27775000	6.56720020e-07	
1.27933333	6.18184634e-07	
1.28091667	7.50539629e-07	
1.28250000	7.92628598e-07	
1.28408333	9.99828095e-07	
1.28566667	7.60738471e-07	
1.28725000	8.99273511e-07	
1.28883333	1.01395865e-06	
1.29041667	1.12930646e-06	
1.29200000	1.20484758e-06	
1.29358333	1.12771633e-06	
1.29516667	1.08622709e-06	
1.29675000	1.08292810e-06	
1.29833333	4.79277122e-07	
1.29991667	6.83521142e-07	
1.30150000	6.94669170e-07	
1.30308333	6.86285090e-07	
1.30466667	6.92076198e-07	
1.30625000	7.24312644e-07	
1.30783333	7.50152764e-07	
1.30941667	8.75812154e-07	
1.31100000	1.15642691e-06	
1.31258333	1.15468938e-06	
1.31416667	1.17523166e-06	
1.31575000	1.25866409e-06	
1.31733333	1.00760382e-06	
1.31891667	5.52371769e-07	
1.32050000	7.00112783e-07	
1.32208333	6.79458776e-07	
1.32366667	7.63634081e-07	
1.32525000	6.36590588e-07	
1.32683333	8.60895045e-07	
1.32841667	8.44959138e-07	
1.33000000	1.05053210e-06	
1.33158333	1.06157087e-06	
1.33316667	9.34362054e-07	
1.33475000	9.92499606e-07	
1.33633333	9.01606296e-07	
1.33791667	6.61309817e-07	
1.33950000	8.03516998e-07	
1.34108333	8.02610206e-07	
1.34266667	8.00493815e-07	
1.34425000	7.48637000e-07	
1.34583333	7.65018743e-07	
1.34741667	9.12030828e-07	
1.34900000	1.07294453e-06	
1.35058333	1.08262064e-06	
1.35216667	1.05060244e-06	
1.35375000	1.04406963e-06	
1.35533333	1.00181596e-06	
1.35691667	7.33099999e-07	
1.35850000	4.46097285e-07	
1.36008333	4.32547085e-07	
1.36166667	5.62656687e-07	
1.36325000	7.62597922e-07	
1.36483333	6.21125550e-07	
1.36641667	8.77177440e-07	
1.36800000	7.37621754e-07	
1.36958333	1.15350425e-06	
1.37116667	1.09415918e-06	
1.37275000	1.09908594e-06	
1.37433333	1.17928748e-06	
1.37591667	9.47167700e-07	
1.37750000	8.55978080e-07	
1.37908333	4.85739644e-07	
1.38066667	5.27180271e-07	
1.38225000	6.06687431e-07	
1.38383333	5.22643955e-07	
1.38541667	6.76303538e-07	
1.38700000	8.54249283e-07	
1.38858333	1.02324779e-06	
1.39016667	1.10608558e-06	
1.39175000	1.04054965e-06	
1.39333333	1.13636793e-06	
1.39491667	1.17889568e-06	
1.39650000	1.07864715e-06	
1.39808333	9.49158589e-07	
1.39966667	5.36945317e-07	
1.40125000	6.77167825e-07	
1.40283333	5.89577263e-07	
1.40441667	6.95886553e-07	
1.40600000	6.91426569e-07	
1.40758333	6.37497885e-07	
1.40916667	1.08275314e-06	
1.41075000	9.10422043e-07	
1.41233333	9.73467824e-07	
1.41391667	9.64726728e-07	
1.41550000	9.99843552e-07	
1.41708333	8.97932923e-07	
1.41866667	6.34778683e-07	
1.42025000	5.84823657e-07	
1.42183333	6.45060968e-07	
1.42341667	6.58846099e-07	
1.42500000	6.70512542e-07	
1.42658333	7.04131019e-07	
1.42816667	9.72778545e-07	
1.42975000	9.79779307e-07	
1.43133333	9.39506388e-07	
1.43291667	9.93044399e-07	
1.43450000	9.75324644e-07	
1.43608333	1.04105266e-06	
1.43766667	6.97175059e-07	
1.43925000	5.53193046e-07	
1.44083333	6.33999352e-07	
1.44241667	6.05869626e-07	
1.44400000	6.82698969e-07	
1.44558333	5.84218662e-07	
1.44716667	7.00373362e-07	
1.44875000	1.01340669e-06	
1.45033333	1.00794992e-06	
1.45191667	1.03327280e-06	
1.45350000	9.42400094e-07	
1.45508333	1.09114870e-06	
1.45666667	1.08625084e-06	
1.45825000	7.41985189e-07	
1.45983333	6.41733747e-07	
1.46141667	5.60368368e-07	
1.46300000	6.24103148e-07	
1.46458333	7.32253745e-07	
1.46616667	6.56562204e-07	
1.46775000	7.95955259e-07	
1.46933333	9.71352273e-07	
1.47091667	1.07160192e-06	
1.47250000	1.01015563e-06	
1.47408333	1.13159238e-06	
1.47566667	1.17832479e-06	
1.47725000	8.96164252e-07	
1.47883333	5.61879764e-07	
1.48041667	4.71438002e-07	
1.48200000	5.53928975e-07	
1.48358333	7.09834259e-07	
1.48516667	5.62958764e-07	
1.48675000	6.61265743e-07	
1.48833333	8.34329357e-07	
1.48991667	9.19065695e-07	
1.49150000	8.60859595e-07	
1.49308333	7.87227155e-07	
1.49466667	1.04967694e-06	
1.49625000	8.73697779e-07	
1.49783333	7.04261113e-07	
1.49941667	5.11926363e-07	
1.50100000	4.83969068e-07	
1.50258333	5.62527433e-07	
1.50416667	5.96015480e-07	
1.50575000	6.56467280e-07	
1.50733333	7.51534458e-07	
1.50891667	8.23481222e-07	
1.51050000	9.65820681e-07	
1.51208333	1.08378796e-06	
1.51366667	1.07147144e-06	
1.51525000	9.22132785e-07	
1.51683333	8.17657465e-07	
1.51841667	8.13976420e-07	
1.52000000	4.94297612e-07	
1.52158333	5.70693831e-07	
1.52316667	6.54869640e-07	
1.52475000	6.12996226e-07	
1.52633333	6.90780132e-07	
1.52791667	7.75559368e-07	
1.52950000	8.67859069e-07	
1.53108333	9.58086734e-07	
1.53266667	8.96552181e-07	
1.53425000	9.80391079e-07	
1.53583333	1.07877887e-06	
1.53741667	9.91222861e-07	
1.53900000	4.35052077e-07	
1.54058333	6.58200502e-07	
1.54216667	6.99203694e-07	
1.54375000	7.29668613e-07	
1.54533333	7.30172019e-07	
1.54691667	6.60574224e-07	
1.54850000	8.27932750e-07	
1.55008333	1.06321588e-06	
1.55166667	8.87176408e-07	
1.55325000	9.96415750e-07	
1.55483333	8.31000512e-07	
1.55641667	8.10432805e-07	
1.55800000	6.63382246e-07	
1.55958333	5.10803288e-07	
1.56116667	5.01168280e-07	
1.56275000	5.49648591e-07	
1.56433333	6.53919110e-07	
1.56591667	6.54739995e-07	
1.56750000	6.97433902e-07	
1.56908333	9.08998011e-07	
1.57066667	8.68423967e-07	
1.57225000	1.00930070e-06	
1.57383333	1.01294870e-06	
1.57541667	1.06965617e-06	
1.57700000	1.03110191e-06	
1.57858333	8.28839375e-07	
1.58016667	5.54921116e-07	
1.58175000	4.42745478e-07	
1.58333333	4.64403078e-07	
1.58491667	5.39192642e-07	
1.58650000	5.44420757e-07	
1.58808333	6.88058746e-07	
1.58966667	8.36404586e-07	
1.59125000	1.05475189e-06	
1.59283333	1.05738569e-06	
1.59441667	9.63444158e-07	
1.59600000	1.20336968e-06	
1.59758333	8.82249027e-07	
1.59916667	8.91513131e-07	
1.60075000	5.30681212e-07	
1.60233333	6.06171311e-07	
1.60391667	8.17809960e-07	
1.60550000	7.38354323e-07	
1.60708333	7.05028571e-07	
1.60866667	7.90166727e-07	
1.61025000	7.28843584e-07	
1.61183333	8.68888396e-07	
1.61341667	9.30902890e-07	
1.61500000	1.12787347e-06	
1.61658333	1.00181562e-06	
1.61816667	8.76933717e-07	
1.61975000	5.09462420e-07	
1.62133333	4.84574399e-07	
1.62291667	4.76147085e-07	
1.62450000	4.15651967e-07	
1.62608333	5.66719277e-07	
1.62766667	7.77737026e-07	
1.62925000	7.04001877e-07	
1.63083333	9.52468338e-07	
1.63241667	9.18418586e-07	
1.63400000	9.88767823e-07	
1.63558333	9.92008240e-07	
1.63716667	7.03826981e-07	
1.63875000	5.73720823e-07	
1.64033333	3.35321570e-07	
1.64191667	4.94252361e-07	
1.64350000	5.19004856e-07	
1.64508333	5.03282935e-07	
1.64666667	6.56772774e-07	
1.64825000	6.30800769e-07	
1.64983333	1.00972822e-06	
1.65141667	9.60288417e-07	
1.65300000	9.25332040e-07	
1.65458333	1.08840895e-06	
1.65616667	1.10077318e-06	
1.65775000	1.06103257e-06	
1.65933333	4.80813550e-07	
1.66091667	3.74254461e-07	
1.66250000	5.14432979e-07	
1.66408333	5.37334199e-07	
1.66566667	5.67928651e-07	
1.66725000	6.34733377e-07	
1.66883333	6.64029243e-07	
1.67041667	7.56721915e-07	
1.67200000	8.42840787e-07	
1.67358333	1.06870435e-06	
1.67516667	1.09942856e-06	
1.67675000	1.18611306e-06	
1.67833333	8.48024155e-07	
1.67991667	5.75663550e-07	
1.68150000	5.44291895e-07	
1.68308333	5.52977100e-07	
1.68466667	5.45718335e-07	
1.68625000	4.20015262e-07	
1.68783333	5.63046912e-07	
1.68941667	9.13317821e-07	
1.69100000	8.75164149e-07	
1.69258333	8.60771111e-07	
1.69416667	9.27754933e-07	
1.69575000	9.49807099e-07	
1.69733333	8.33984213e-07	
1.69891667	8.15443294e-07	
1.70050000	6.18486488e-07	
@ 
0.00000000	4.94037256e-07	
0.00158333	4.72863714e-07	
0.00316667	5.24025481e-07	
0.00475000	3.57020948e-07	
0.00633333	8.14710949e-07	
0.00791667	9.75952208e-07	
0.00950000	7.83554623e-07	
0.01108333	8.67211456e-07	
0.01266667	7.79879458e-07	
0.01425000	1.09094082e-06	
0.01583333	8.43399804e-07	
0.01741667	3.18381370e-07	
0.01900000	3.83502604e-07	
0.02058333	3.87866348e-07	
0.02216667	5.40878654e-07	
0.02375000	4.43004266e-07	
0.02533333	5.53280018e-07	
0.02691667	7.83942888e-07	
0.02850000	1.02769976e-06	
0.03008333	9.68716235e-07	
0.03166667	7.50322956e-07	
0.03325000	8.89509137e-07	
0.03483333	8.61679024e-07	
0.03641667	3.75501105e-07	
0.03800000	3.93103395e-07	
0.03958333	4.58308801e-07	
0.04116667	6.09972370e-07	
0.04275000	5.84661306e-07	
0.04433333	4.91268884e-07	
0.04591667	6.79241206e-07	
0.04750000	9.29345908e-07	
0.04908333	9.21269842e-07	
0.05066667	9.48403676e-07	
0.05225000	1.07600014e-06	
0.05383333	1.01115292e-06	
0.05541667	8.18385050e-07	
0.05700000	6.98559049e-07	
0.05858333	4.40151302e-07	
0.06016667	4.75325920e-07	
0.06175000	6.36720402e-07	
0.06333333	3.78358801e-07	
0.06491667	5.73978435e-07	
0.06650000	6.75138798e-07	
0.06808333	8.70151700e-07	
0.06966667	8.88213743e-07	
0.07125000	7.66440927e-07	
0.07283333	9.67377775e-07	
0.07441667	9.70311971e-07	
0.07600000	7.41440341e-07	
0.07758333	6.87389068e-07	
0.07916667	4.50109053e-07	
0.08075000	5.58291739e-07	
0.08233333	4.81022216e-07	
0.08391667	5.84064543e-07	
0.08550000	4.74902485e-07	
0.08708333	5.87417134e-07	
0.08866667	8.92282661e-07	
0.09025000	7.38700138e-07	
0.09183333	8.95360728e-07	
0.09341667	9.89111902e-07	
0.09500000	9.68160690e-07	
0.09658333	6.46538931e-07	
0.09816667	2.36756139e-07	
0.09975000	4.01209787e-07	
0.10133333	4.34449518e-07	
0.10291667	3.48716615e-07	
0.10450000	3.95514359e-07	
0.10608333	6.63946584e-07	
0.10766667	1.19907574e-06	
0.10925000	8.74988917e-07	
0.11083333	9.57568039e-07	
0.11241667	1.05856879e-06	
0.11400000	1.09662071e-06	
0.11558333	1.05362579e-06	
0.11716667	8.29998571e-07	
0.11875000	5.41482193e-07	
0.12033333	5.45761289e-07	
0.12191667	4.71609985e-07	
0.12350000	5.80415308e-07	
0.12508333	5.57603356e-07	
0.12666667	6.73541550e-07	
0.12825000	7.90562833e-07	
0.12983333	6.81143947e-07	
0.13141667	7.39348311e-07	
0.13300000	7.65059793e-07	
0.13458333	7.83252601e-07	
0.13616667	7.39005744e-07	
0.13775000	3.32944767e-07	
0.13933333	5.15858579e-07	
0.14091667	4.95722483e-07	
0.14250000	5.97485434e-07	
0.14408333	5.53539534e-07	
0.14566667	7.23100750e-07	
0.14725000	9.32591198e-07	
0.14883333	7.54428948e-07	
0.15041667	8.45347347e-07	
0.15200000	7.75820228e-07	
0.15358333	8.69375562e-07	
0.15516667	9.09859610e-07	
0.15675000	6.51281279e-07	
0.15833333	7.15886394e-07	
0.15991667	5.45327997e-07	
0.16150000	6.03535161e-07	
0.16308333	5.32564633e-07	
0.16466667	5.56478546e-07	
0.16625000	6.36555979e-07	
0.16783333	3.78272949e-07	
0.16941667	8.42062296e-07	
0.17100000	9.09862970e-07	
0.17258333	9.58171634e-07	
0.17416667	9.30601877e-07	
0.17575000	7.80311069e-07	
0.17733333	5.13015107e-07	
0.17891667	4.01435113e-07	
0.18050000	5.47230627e-07	
0.18208333	6.40566991e-07	
0.18366667	4.83174280e-07	
0.18525000	5.05981080e-07	
0.18683333	7.36581619e-07	
0.18841667	8.92911066e-07	
0.19000000	1.01866992e-06	
0.19158333	7.82775852e-07	
0.19316667	9.75795289e-07	
0.19475000	9.58428797e-07	
0.19633333	8.08100916e-07	
0.19791667	4.01953584e-07	
0.19950000	4.34059713e-07	
0.20108333	5.75750634e-07	
0.20266667	5.44938948e-07	
0.20425000	4.65603464e-07	
0.20583333	5.38889500e-07	
0.20741667	6.71765823e-07	
0.20900000	8.93225800e-07	
0.21058333	9.23172583e-07	
0.21216667	8.29574296e-07	
0.21375000	8.25511817e-07	
0.21533333	6.50852524e-07	
0.21691667	6.72588444e-07	
0.21850000	4.38675776e-07	
0.22008333	4.34491072e-07	
0.22166667	4.98920675e-07	
0.22325000	3.90709287e-07	
0.22483333	6.26349913e-07	
0.22641667	6.05132241e-07	
0.22800000	6.68740007e-07	
0.22958333	7.15754508e-07	
0.23116667	7.47602073e-07	
0.23275000	9.19969408e-07	
0.23433333	9.85395911e-07	
0.23591667	8.21060794e-07	
0.23750000	7.25696019e-07	
0.23908333	5.53063624e-07	
0.24066667	6.70340727e-07	
0.24225000	4.94512493e-07	
0.24383333	5.95974094e-07	
0.24541667	5.35008750e-07	
0.24700000	6.74057277e-07	
0.24858333	1.10297140e-06	
0.25016667	7.73271217e-07	
0.25175000	8.73046694e-07	
0.25333333	8.04773023e-07	
0.25491667	8.89592469e-07	
0.25650000	7.20878402e-07	
0.25808333	3.73088517e-07	
0.25966667	4.55881260e-07	
0.26125000	4.25633967e-07	
0.26283333	5.21605165e-07	
0.26441667	4.72232789e-07	
0.26600000	5.70885864e-07	
0.26758333	8.23134791e-07	
0.26916667	7.82516952e-07	
0.27075000	8.40031645e-07	
0.27233333	7.85456020e-07	
0.27391667	7.67392521e-07	
0.27550000	9.76563307e-07	
0.27708333	5.91350470e-07	
0.27866667	6.42123245e-07	
0.28025000	4.51041467e-07	
0.28183333	4.44862681e-07	
0.28341667	5.95325025e-07	
0.28500000	4.80642687e-07	
0.28658333	6.81101050e-07	
0.28816667	9.93607112e-07	
0.28975000	8.44222873e-07	
0.29133333	9.31942185e-07	
0.29291667	7.86063087e-07	
0.29450000	9.27325114e-07	
0.29608333	8.58525187e-07	
0.29766667	3.87780356e-07	
0.29925000	3.95859391e-07	
0.30083333	3.24821379e-07	
0.30241667	3.99109328e-07	
0.30400000	4.82585638e-07	
0.30558333	5.17717414e-07	
0.30716667	7.53004076e-07	
0.30875000	6.58282882e-07	
0.31033333	9.42833778e-07	
0.31191667	8.10172225e-07	
0.31350000	7.85932545e-07	
0.31508333	9.90706854e-07	
0.31666667	9.36263283e-07	
0.31825000	4.95446167e-07	
0.31983333	4.22219437e-07	
0.32141667	4.64307482e-07	
0.32300000	5.13267287e-07	
0.32458333	4.15305003e-07	
0.32616667	6.15376724e-07	
0.32775000	7.95263964e-07	
0.32933333	8.97737026e-07	
0.33091667	7.71369372e-07	
0.33250000	7.49244683e-07	
0.33408333	6.50636075e-07	
0.33566667	6.98861966e-07	
0.33725000	5.58119699e-07	
0.33883333	5.35563959e-07	
0.34041667	3.79785997e-07	
0.34200000	5.01857839e-07	
0.34358333	4.67764433e-07	
0.34516667	4.51993369e-07	
0.34675000	5.39800325e-07	
0.34833333	9.44298243e-07	
0.34991667	9.52078896e-07	
0.35150000	8.25639559e-07	
0.35308333	1.00635452e-06	
0.35466667	9.76104199e-07	
0.35625000	9.51317710e-07	
0.35783333	5.73199552e-07	
0.35941667	4.25328837e-07	
0.36100000	5.00821120e-07	
0.36258333	4.22780806e-07	
0.36416667	3.14769236e-07	
0.36575000	4.90564428e-07	
0.36733333	7.53997392e-07	
0.36891667	8.48844648e-07	
0.37050000	8.06154661e-07	
0.37208333	8.16436946e-07	
0.37366667	9.97753986e-07	
0.37525000	8.89033284e-07	
0.37683333	6.69389132e-07	
0.37841667	1.89153947e-07	
0.38000000	4.01176577e-07	
0.38158333	5.08339234e-07	
0.38316667	5.38977648e-07	
0.38475000	6.04098490e-07	
0.38633333	5.76754927e-07	
0.38791667	9.04423670e-07	
0.38950000	7.38562652e-07	
0.39108333	7.91027654e-07	
0.39266667	8.04726933e-07	
0.39425000	8.68553165e-07	
0.39583333	9.69624484e-07	
0.39741667	5.35088554e-07	
0.39900000	5.38112746e-07	
0.40058333	5.19877095e-07	
0.40216667	5.72985510e-07	
0.40375000	6.47353151e-07	
0.40533333	3.46857976e-07	
0.40691667	5.30680148e-07	
0.40850000	8.19680220e-07	
0.41008333	8.11727807e-07	
0.41166667	7.26514943e-07	
0.41325000	6.65629571e-07	
0.41483333	8.15448558e-07	
0.41641667	8.03214697e-07	
0.41800000	6.71463857e-07	
0.41958333	5.94850067e-07	
0.42116667	3.97605297e-07	
0.42275000	5.43341532e-07	
0.42433333	6.01935393e-07	
0.42591667	5.98393402e-07	
0.42750000	6.98167815e-07	
0.42908333	7.04390815e-07	
0.43066667	8.69892129e-07	
0.43225000	9.01909941e-07	
0.43383333	8.58024356e-07	
0.43541667	1.01244625e-06	
0.43700000	7.18104990e-07	
0.43858333	6.11054394e-07	
0.44016667	3.63019517e-07	
0.44175000	3.47636047e-07	
0.44333333	4.75586220e-07	
0.44491667	4.48277491e-07	
0.44650000	6.30628225e-07	
0.44808333	6.86155444e-07	
0.44966667	7.98852269e-07	
0.45125000	8.42969425e-07	
0.45283333	8.63261823e-07	
0.45441667	1.00229120e-06	
0.45600000	7.94528539e-07	
0.45758333	5.78970779e-07	
0.45916667	4.84443801e-07	
0.46075000	2.80900428e-07	
0.46233333	4.73252147e-07	
0.46391667	4.46114309e-07	
0.46550000	5.61515412e-07	
0.46708333	6.64725075e-07	
0.46866667	7.47418497e-07	
0.47025000	9.49400520e-07	
0.47183333	8.49238346e-07	
0.47341667	9.52492531e-07	
0.47500000	8.90760625e-07	
0.47658333	7.77187417e-07	
0.47816667	3.92619225e-07	
0.47975000	2.18693817e-07	
0.48133333	4.07311624e-07	
0.48291667	4.44558784e-07	
0.48450000	4.10466078e-07	
0.48608333	4.32980012e-07	
0.48766667	5.38587199e-07	
0.48925000	7.65232505e-07	
0.49083333	7.16663149e-07	
0.49241667	8.13806900e-07	
0.49400000	1.05055663e-06	
0.49558333	6.78637387e-07	
0.49716667	7.69727490e-07	
0.49875000	4.26963158e-07	
0.50033333	4.79000245e-07	
0.50191667	5.78040465e-07	
0.50350000	4.77011316e-07	
0.50508333	5.34604132e-07	
0.50666667	5.64341466e-07	
0.50825000	9.24510259e-07	
0.50983333	7.47820035e-07	
0.51141667	7.98722007e-07	
0.51300000	8.00968268e-07	
0.51458333	7.67910657e-07	
0.51616667	8.11770257e-07	
0.51775000	5.13525794e-07	
0.51933333	2.73381111e-07	
0.52091667	3.83614441e-07	
0.52250000	3.40160691e-07	
0.52408333	5.11623893e-07	
0.52566667	4.73786523e-07	
0.52725000	7.65362486e-07	
0.52883333	1.00985120e-06	
0.53041667	8.06843156e-07	
0.53200000	8.89163265e-07	
0.53358333	6.72673399e-07	
0.53516667	8.10733706e-07	
0.53675000	6.93243234e-07	
0.53833333	3.49565081e-07	
0.53991667	3.43357931e-07	
0.54150000	4.51386862e-07	
0.54308333	4.64048806e-07	
0.54466667	5.66988369e-07	
0.54625000	4.21346974e-07	
0.54783333	5.16031683e-07	
0.54941667	6.48173812e-07	
0.55100000	7.77029154e-07	
0.55258333	8.81288864e-07	
0.55416667	8.70883373e-07	
0.55575000	9.83667226e-07	
0.55733333	7.27725886e-07	
0.55891667	6.97303641e-07	
0.56050000	3.88212051e-07	
0.56208333	4.26022372e-07	
0.56366667	5.93165008e-07	
0.56525000	3.19135108e-07	
0.56683333	4.97148363e-07	
0.56841667	8.04625120e-07	
0.57000000	8.75119011e-07	
0.57158333	9.46290925e-07	
0.57316667	7.89476048e-07	
0.57475000	9.86261710e-07	
0.57633333	9.41277692e-07	
0.57791667	6.35119682e-07	
0.57950000	6.00638655e-07	
0.58108333	4.64998973e-07	
0.58266667	5.26012731e-07	
0.58425000	5.69181036e-07	
0.58583333	5.57729586e-07	
0.58741667	7.98807691e-07	
0.58900000	8.39039336e-07	
0.59058333	9.11371286e-07	
0.59216667	8.00882080e-07	
0.59375000	6.97564444e-07	
0.59533333	8.18253052e-07	
0.59691667	7.29716831e-07	
0.59850000	4.55320367e-07	
0.60008333	3.17751006e-07	
0.60166667	3.66520822e-07	
0.60325000	4.51948679e-07	
0.60483333	2.92843496e-07	
0.60641667	3.97935460e-07	
0.60800000	6.04098658e-07	
0.60958333	8.56667247e-07	
0.61116667	8.38693465e-07	
0.61275000	7.04952688e-07	
0.61433333	7.83642547e-07	
0.61591667	8.43037076e-07	
0.61750000	7.00242372e-07	
0.61908333	3.17129602e-07	
0.62066667	3.61810311e-07	
0.62225000	5.74624760e-07	
0.62383333	5.44033835e-07	
0.62541667	6.42900111e-07	
0.62700000	7.01493805e-07	
0.62858333	6.76779672e-07	
0.63016667	8.07364483e-07	
0.63175000	7.99717228e-07	
0.63333333	8.44620491e-07	
0.63491667	9.52511348e-07	
0.63650000	9.28655789e-07	
0.63808333	7.20032764e-07	
0.63966667	4.73166407e-07	
0.64125000	5.98910754e-07	
0.64283333	5.45458931e-07	
0.64441667	5.75119654e-07	
0.64600000	4.24898682e-07	
0.64758333	4.06811354e-07	
0.64916667	5.68577665e-07	
0.65075000	7.56743868e-07	
0.65233333	8.78058023e-07	
0.65391667	7.91988433e-07	
0.65550000	6.95577587e-07	
0.65708333	8.31521167e-07	
0.65866667	4.43265490e-07	
0.66025000	5.50772842e-07	
0.66183333	4.61369506e-07	
0.66341667	4.48664496e-07	
0.66500000	3.82378326e-07	
0.66658333	4.11547066e-07	
0.66816667	6.83390600e-07	
0.66975000	5.57040139e-07	
0.67133333	7.20899123e-07	
0.67291667	7.64240588e-07	
0.67450000	8.00709424e-07	
0.67608333	9.23340647e-07	
0.67766667	6.81618737e-07	
0.67925000	5.46971167e-07	
0.68083333	3.70668284e-07	
0.68241667	2.98764250e-07	
0.68400000	4.78998509e-07	
0.68558333	3.99232226e-07	
0.68716667	6.29244683e-07	
0.68875000	8.83504772e-07	
0.69033333	7.88610138e-07	
0.69191667	8.52953665e-07	
0.69350000	7.68518116e-07	
0.69508333	9.42961015e-07	
0.69666667	8.73908461e-07	
0.69825000	6.31647695e-07	
0.69983333	3.93440558e-07	
0.70141667	2.95479982e-07	
0.70300000	4.26290092e-07	
0.70458333	4.37300634e-07	
0.70616667	6.03890273e-07	
0.70775000	6.15461792e-07	
0.70933333	8.53904139e-07	
0.71091667	7.43844641e-07	
0.71250000	8.04081000e-07	
0.71408333	8.88634602e-07	
0.71566667	9.06794313e-07	
0.71725000	6.53160836e-07	
0.71883333	5.39062828e-07	
0.72041667	2.76726225e-07	
0.72200000	3.82767851e-07	
0.72358333	5.67410292e-07	
0.72516667	4.19194154e-07	
0.72675000	5.45154613e-07	
0.72833333	8.01353005e-07	
0.72991667	8.18038842e-07	
0.73150000	9.60508171e-07	
0.73308333	9.55839241e-07	
0.73466667	1.03444347e-06	
0.73625000	9.35917579e-07	
0.73783333	1.02218822e-06	
0.73941667	1.22421874e-06	
0.74100000	1.21048435e-06	
0.74258333	1.65459223e-06	
0.74416667	2.07885539e-06	
0.74575000	2.90251213e-06	
0.74733333	3.56330661e-06	
0.74891667	4.62912112e-06	
0.75050000	5.77603466e-06	
0.75208333	7.00298565e-06	
0.75366667	9.17110771e-06	
0.75525000	1.22759542e-05	
0.75683333	1.57969559e-05	
0.75841667	2.03493885e-05	
0.76000000	2.63373402e-05	
0.76158333	3.45449126e-05	
0.76316667	4.56924198e-05	
0.76475000	6.05210286e-05	
0.76633333	8.49711200e-05	
0.76791667	1.35025073e-04	
0.76950000	2.24219596e-04	
0.77108333	3.36459743e-04	
0.77266667	3.89455775e-04	
0.77425000	4.15617970e-04	
0.77583333	5.93685675e-04	
0.77741667	1.72925472e-03	
0.77900000	2.06025639e-03	
0.78058333	4.30704374e-03	
0.78216667	4.93204707e-03	
0.78375000	5.62862029e-03	
0.78533333	6.66300750e-03	
0.78691667	8.66925855e-03	
0.78850000	7.07407141e-03	
0.79008333	9.24626968e-03	
0.79166667	1.42477433e-02	
0.79325000	2.42950657e-02	
0.79483333	3.95139543e-02	
0.79641667	5.44305926e-02	
0.79800000	6.37851345e-02	
0.79958333	7.03269599e-02	
0.80116667	8.13810303e-02	
0.80275000	8.98782914e-02	
0.80433333	9.16892319e-02	
0.80591667	9.35735981e-02	
0.80750000	1.05622537e-01	
0.80908333	1.50666173e-01	
0.81066667	1.82272947e-01	
0.81225000	2.27725888e-01	
0.81383333	2.51161945e-01	
0.81541667	2.80973207e-01	
0.81700000	3.18602161e-01	
0.81858333	3.65353685e-01	
0.82016667	3.93881471e-01	
0.82175000	3.95060040e-01	
0.82333333	3.99774548e-01	
0.82491667	5.13933228e-01	
0.82650000	2.69370897e+00	
0.82808333	1.82592863e+01	
0.82966667	2.57073013e+01	
0.83125000	3.37001181e+01	
0.83283333	3.86550899e+01	
0.83441667	4.10140063e+01	
0.83600000	4.26367688e+01	
0.83758333	4.45000076e+01	
0.83916667	4.56970263e+01	
0.84075000	4.64093753e+01	
0.84233333	4.71010013e+01	
0.84391667	4.88982600e+01	
