start voltage : 0.00 V 
set voltage : 0.10 V 
High G : 30.00 G0 
Intermediate G : 20.00 G0 
Low G : 10.00 G0 
Breaking speed 1 : 300.00 V/s 
Breaking speed 2 : 300.00 V/s 
Making speed : 500.00 V/s 
Post breaking : 230.00 V/s 
@ 
0.00000000	2.65924009e+01	
0.00158333	2.65499194e+01	
0.00316667	2.66366639e+01	
0.00475000	2.67059362e+01	
0.00633333	2.68301450e+01	
0.00791667	2.69344707e+01	
0.00950000	2.68583696e+01	
0.01108333	2.69643188e+01	
0.01266667	2.68929738e+01	
0.01425000	2.69258887e+01	
0.01583333	2.67618855e+01	
0.01741667	2.66304796e+01	
0.01900000	2.67173557e+01	
0.02058333	2.67590518e+01	
0.02216667	2.65959168e+01	
0.02375000	2.65109123e+01	
0.02533333	2.65570281e+01	
0.02691667	2.66131108e+01	
0.02850000	2.64341460e+01	
0.03008333	2.65606642e+01	
0.03166667	2.63305983e+01	
0.03325000	2.63318385e+01	
0.03483333	2.64055625e+01	
0.03641667	2.62583889e+01	
0.03800000	2.64279035e+01	
0.03958333	2.62020412e+01	
0.04116667	2.62478901e+01	
0.04275000	2.62626376e+01	
0.04433333	2.61573216e+01	
0.04591667	2.61806210e+01	
0.04750000	2.60306061e+01	
0.04908333	2.60451524e+01	
0.05066667	2.62163696e+01	
0.05225000	2.58267559e+01	
0.05383333	2.59391750e+01	
0.05541667	2.58285955e+01	
0.05700000	2.58399624e+01	
0.05858333	2.58199816e+01	
0.06016667	2.58239860e+01	
0.06175000	2.57748035e+01	
0.06333333	2.56605992e+01	
0.06491667	2.56700907e+01	
0.06650000	2.56753091e+01	
0.06808333	2.55615257e+01	
0.06966667	2.58094735e+01	
0.07125000	2.56613584e+01	
0.07283333	2.56414603e+01	
0.07441667	2.56355992e+01	
0.07600000	2.54739506e+01	
0.07758333	2.55850712e+01	
0.07916667	2.54166164e+01	
0.08075000	2.54907238e+01	
0.08233333	2.49714612e+01	
0.08391667	2.49302669e+01	
0.08550000	2.46772511e+01	
0.08708333	2.45342340e+01	
0.08866667	2.45386688e+01	
0.09025000	2.45711853e+01	
0.09183333	2.41403585e+01	
0.09341667	2.41225668e+01	
0.09500000	2.42597717e+01	
0.09658333	2.42276611e+01	
0.09816667	2.38221762e+01	
0.09975000	2.39451955e+01	
0.10133333	2.41753611e+01	
0.10291667	2.37621661e+01	
0.10450000	2.38418470e+01	
0.10608333	2.35866664e+01	
0.10766667	2.27177199e+01	
0.10925000	2.27484831e+01	
0.11083333	2.26104289e+01	
0.11241667	2.26884674e+01	
0.11400000	2.20234180e+01	
0.11558333	2.13787684e+01	
0.11716667	2.06209782e+01	
0.11875000	2.01448642e+01	
0.12033333	2.01985041e+01	
0.12191667	2.01156776e+01	
0.12350000	1.96880753e+01	
0.12508333	1.95806077e+01	
0.12666667	1.95123351e+01	
0.12825000	1.95864537e+01	
0.12983333	1.92937957e+01	
0.13141667	1.94164016e+01	
0.13300000	1.90355635e+01	
0.13458333	1.89290505e+01	
0.13616667	1.90146976e+01	
0.13775000	1.86985768e+01	
0.13933333	1.85735938e+01	
0.14091667	1.84599758e+01	
0.14250000	1.85241012e+01	
0.14408333	1.85261833e+01	
0.14566667	1.83638694e+01	
0.14725000	1.83374000e+01	
0.14883333	1.82739529e+01	
0.15041667	1.83324391e+01	
0.15200000	1.82924211e+01	
0.15358333	1.80792128e+01	
0.15516667	1.73165857e+01	
0.15675000	1.71389250e+01	
0.15833333	1.69527856e+01	
0.15991667	1.68603905e+01	
0.16150000	1.67483134e+01	
0.16308333	1.66980166e+01	
0.16466667	1.62684281e+01	
0.16625000	1.64895475e+01	
0.16783333	1.64091018e+01	
0.16941667	1.62040020e+01	
0.17100000	1.61336905e+01	
0.17258333	1.59885163e+01	
0.17416667	1.58334578e+01	
0.17575000	1.58654312e+01	
0.17733333	1.58632063e+01	
0.17891667	1.57775029e+01	
0.18050000	1.56035835e+01	
0.18208333	1.55681027e+01	
0.18366667	1.54445450e+01	
0.18525000	1.33839052e+01	
0.18683333	1.32550672e+01	
0.18841667	1.29765544e+01	
0.19000000	1.29349184e+01	
0.19158333	1.29371471e+01	
0.19316667	1.26895047e+01	
0.19475000	1.27676606e+01	
0.19633333	1.26859089e+01	
0.19791667	1.26911047e+01	
0.19950000	1.26930459e+01	
0.20108333	1.25674334e+01	
0.20266667	1.26181352e+01	
0.20425000	1.25371493e+01	
0.20583333	1.25526474e+01	
0.20741667	1.25755409e+01	
0.20900000	1.24160693e+01	
0.21058333	1.24155187e+01	
0.21216667	1.23602121e+01	
0.21375000	1.23463610e+01	
0.21533333	1.24550735e+01	
0.21691667	1.23046621e+01	
0.21850000	1.22988199e+01	
0.22008333	1.20205297e+01	
0.22166667	1.05153183e+01	
0.22325000	1.05666289e+01	
0.22483333	1.08600226e+01	
0.22641667	1.08058265e+01	
0.22800000	1.09930633e+01	
0.22958333	1.09020954e+01	
0.23116667	1.05669691e+01	
0.23275000	1.05604353e+01	
0.23433333	1.06451147e+01	
0.23591667	1.05552724e+01	
0.23750000	1.01441915e+01	
0.23908333	9.42693695e+00	
0.24066667	9.45627867e+00	
0.24225000	9.40733572e+00	
0.24383333	9.25437058e+00	
0.24541667	9.31812391e+00	
0.24700000	9.28019643e+00	
0.24858333	9.17812196e+00	
0.25016667	9.18639578e+00	
0.25175000	9.10599803e+00	
0.25333333	9.21866612e+00	
0.25491667	9.08216687e+00	
0.25650000	9.07091839e+00	
0.25808333	9.23329705e+00	
0.25966667	9.15058703e+00	
0.26125000	9.17421242e+00	
0.26283333	8.85371416e+00	
0.26441667	7.76676801e+00	
0.26600000	7.60650431e+00	
0.26758333	7.00178397e+00	
0.26916667	7.08931960e+00	
0.27075000	6.99837757e+00	
0.27233333	7.00275407e+00	
0.27391667	7.10712908e+00	
0.27550000	6.90370500e+00	
0.27708333	6.86678709e+00	
0.27866667	6.75157372e+00	
0.28025000	6.74105339e+00	
0.28183333	6.74476045e+00	
0.28341667	6.58439669e+00	
0.28500000	6.62454953e+00	
0.28658333	6.62016739e+00	
0.28816667	6.55178388e+00	
0.28975000	6.53633976e+00	
0.29133333	6.50622854e+00	
0.29291667	6.48257637e+00	
0.29450000	6.41453768e+00	
0.29608333	6.37318596e+00	
0.29766667	6.28901679e+00	
0.29925000	6.28049070e+00	
0.30083333	5.89578953e+00	
0.30241667	5.14397586e+00	
0.30400000	4.83093258e+00	
0.30558333	4.82231347e+00	
0.30716667	4.76363662e+00	
0.30875000	4.71997967e+00	
0.31033333	4.67152342e+00	
0.31191667	4.71355163e+00	
0.31350000	4.73292454e+00	
0.31508333	4.79730081e+00	
0.31666667	4.58127855e+00	
0.31825000	4.56019609e+00	
0.31983333	4.55869420e+00	
0.32141667	3.94609935e+00	
0.32300000	3.85419497e+00	
0.32458333	4.16703647e+00	
0.32616667	3.83763723e+00	
0.32775000	3.81590412e+00	
0.32933333	3.69628418e+00	
0.33091667	3.65512907e+00	
0.33250000	3.66994297e+00	
0.33408333	3.60328873e+00	
0.33566667	3.63677347e+00	
0.33725000	3.21527747e+00	
0.33883333	3.08367947e+00	
0.34041667	3.04791253e+00	
0.34200000	2.84419648e+00	
0.34358333	2.74476148e+00	
0.34516667	2.64078391e+00	
0.34675000	2.57720463e+00	
0.34833333	2.58899619e+00	
0.34991667	2.62245062e+00	
0.35150000	2.70382552e+00	
0.35308333	2.62295282e+00	
0.35466667	2.63248331e+00	
0.35625000	2.63440120e+00	
0.35783333	2.55710121e+00	
0.35941667	2.29028741e+00	
0.36100000	2.13549504e+00	
0.36258333	2.07989621e+00	
0.36416667	1.99061228e+00	
0.36575000	2.07819371e+00	
0.36733333	1.68509763e+00	
0.36891667	1.48710753e+00	
0.37050000	1.46380065e+00	
0.37208333	1.40015514e+00	
0.37366667	1.40841240e+00	
0.37525000	1.41163523e+00	
0.37683333	1.35832976e+00	
0.37841667	1.34884672e+00	
0.38000000	1.33224270e+00	
0.38158333	1.33949134e+00	
0.38316667	1.33262534e+00	
0.38475000	1.34441067e+00	
0.38633333	1.34845104e+00	
0.38791667	1.27241101e+00	
0.38950000	1.07595839e+00	
0.39108333	1.01115028e+00	
0.39266667	8.00220769e-01	
0.39425000	7.79695475e-01	
0.39583333	7.89263606e-01	
0.39741667	7.41010889e-01	
0.39900000	7.35707625e-01	
0.40058333	6.27400358e-01	
0.40216667	2.84847744e-01	
0.40375000	2.73390908e-01	
0.40533333	1.55598837e-01	
0.40691667	1.37497227e-01	
0.40850000	1.40113992e-01	
0.41008333	1.15237654e-01	
0.41166667	8.51905751e-02	
0.41325000	8.36556321e-02	
0.41483333	7.85573548e-02	
0.41641667	7.16472047e-02	
0.41800000	6.96325984e-02	
0.41958333	6.44928921e-02	
0.42116667	5.73945424e-02	
0.42275000	5.73863579e-02	
0.42433333	5.51770596e-02	
0.42591667	5.34341606e-02	
0.42750000	4.84983254e-02	
0.42908333	4.68465900e-02	
0.43066667	3.87030646e-02	
0.43225000	3.81068805e-02	
0.43383333	3.65987849e-02	
0.43541667	2.92523787e-02	
0.43700000	2.03707195e-02	
0.43858333	1.79536779e-02	
0.44016667	1.36667078e-02	
0.44175000	1.47356470e-02	
0.44333333	2.25497883e-02	
0.44491667	1.97759190e-02	
0.44650000	1.72907864e-02	
0.44808333	1.48896230e-02	
0.44966667	1.54751572e-02	
0.45125000	1.39443698e-02	
0.45283333	1.22735586e-02	
0.45441667	1.06645037e-02	
0.45600000	9.33989783e-03	
0.45758333	5.39410125e-03	
0.45916667	2.48006335e-03	
0.46075000	9.79920501e-06	
0.46233333	-6.21504598e-05	
0.46391667	-1.40253231e-04	
0.46550000	-1.39647751e-04	
0.46708333	-8.36427440e-05	
0.46866667	-4.43946883e-05	
0.47025000	-2.30494569e-05	
0.47183333	-9.01072637e-06	
0.47341667	1.52538838e-06	
0.47500000	9.21963814e-06	
0.47658333	1.45575647e-05	
0.47816667	1.76880290e-05	
0.47975000	1.90762748e-05	
0.48133333	1.94522211e-05	
0.48291667	1.92445906e-05	
0.48450000	1.86157263e-05	
0.48608333	1.69988325e-05	
0.48766667	1.55752558e-05	
0.48925000	1.44094582e-05	
0.49083333	1.27862769e-05	
0.49241667	1.15551589e-05	
0.49400000	9.99856141e-06	
0.49558333	8.85276523e-06	
0.49716667	7.78252137e-06	
0.49875000	6.73559113e-06	
0.50033333	6.23196411e-06	
0.50191667	6.08530518e-06	
0.50350000	6.00091119e-06	
0.50508333	5.85152291e-06	
0.50666667	5.51084843e-06	
0.50825000	5.31674148e-06	
0.50983333	4.88074668e-06	
0.51141667	4.39344283e-06	
0.51300000	3.87875644e-06	
0.51458333	3.43885962e-06	
0.51616667	3.22033826e-06	
0.51775000	2.88756416e-06	
0.51933333	2.70297629e-06	
0.52091667	2.52598237e-06	
0.52250000	2.43268061e-06	
0.52408333	2.37831382e-06	
0.52566667	2.13585094e-06	
0.52725000	1.96996590e-06	
0.52883333	1.77208819e-06	
0.53041667	1.75980202e-06	
0.53200000	1.24876442e-06	
0.53358333	9.23603467e-07	
0.53516667	8.67688766e-07	
0.53675000	7.31872872e-07	
0.53833333	5.67721666e-07	
0.53991667	5.43373342e-07	
0.54150000	6.96306124e-07	
0.54308333	9.44949329e-07	
0.54466667	8.44872278e-07	
0.54625000	7.97684225e-07	
0.54783333	8.26503734e-07	
0.54941667	6.78679389e-07	
0.55100000	6.02672106e-07	
0.55258333	4.13801924e-07	
0.55416667	3.13975512e-07	
0.55575000	3.05634274e-07	
0.55733333	3.32883921e-07	
0.55891667	3.67383877e-07	
0.56050000	3.20802807e-07	
0.56208333	4.42959884e-07	
0.56366667	7.93061161e-07	
0.56525000	6.17664259e-07	
0.56683333	5.15123490e-07	
0.56841667	5.99472291e-07	
0.57000000	5.89586615e-07	
0.57158333	4.14008909e-07	
0.57316667	1.67704481e-07	
0.57475000	2.36971469e-07	
0.57633333	2.71929918e-07	
0.57791667	3.24482592e-07	
0.57950000	3.22797700e-07	
0.58108333	2.63287358e-07	
0.58266667	5.43514692e-07	
0.58425000	4.71048168e-07	
0.58583333	5.85515849e-07	
0.58741667	4.11590468e-07	
0.58900000	5.47489302e-07	
0.59058333	7.03612548e-07	
0.59216667	4.17242970e-07	
0.59375000	3.29936032e-07	
0.59533333	2.81651954e-07	
0.59691667	2.19384930e-07	
0.59850000	2.34586602e-07	
0.60008333	1.62890477e-07	
0.60166667	3.17251435e-07	
0.60325000	5.21086974e-07	
0.60483333	5.51853354e-07	
0.60641667	5.73243682e-07	
0.60800000	5.65223506e-07	
0.60958333	7.00935908e-07	
0.61116667	5.96318789e-07	
0.61275000	3.11900927e-07	
0.61433333	2.22149970e-07	
0.61591667	1.46011600e-07	
0.61750000	2.64022391e-07	
0.61908333	1.39288120e-07	
0.62066667	1.30368838e-07	
0.62225000	4.50006484e-07	
0.62383333	4.50479537e-07	
0.62541667	5.97744781e-07	
0.62700000	5.49476663e-07	
0.62858333	6.68870885e-07	
0.63016667	7.83771016e-07	
0.63175000	3.76182404e-07	
0.63333333	2.74651500e-07	
0.63491667	2.11865921e-07	
0.63650000	2.82127163e-07	
0.63808333	2.59960305e-07	
0.63966667	9.54540221e-08	
0.64125000	1.87831294e-07	
0.64283333	4.08824420e-07	
0.64441667	5.72033580e-07	
0.64600000	5.08641759e-07	
0.64758333	5.02074288e-07	
0.64916667	5.97856954e-07	
0.65075000	4.71524414e-07	
0.65233333	4.13706803e-07	
0.65391667	2.05729515e-07	
0.65550000	2.24786260e-07	
0.65708333	4.18806364e-07	
0.65866667	2.48163487e-07	
0.66025000	3.41413467e-07	
0.66183333	4.98488168e-07	
0.66341667	5.71082713e-07	
0.66500000	6.77988598e-07	
0.66658333	6.67314351e-07	
0.66816667	6.29678646e-07	
0.66975000	5.53756879e-07	
0.67133333	4.92177972e-07	
0.67291667	2.12270749e-07	
0.67450000	1.12911832e-07	
0.67608333	2.49373142e-07	
0.67766667	3.01357558e-07	
0.67925000	1.24881684e-07	
0.68083333	2.19583137e-07	
0.68241667	3.79397200e-07	
0.68400000	5.93770451e-07	
0.68558333	6.06904888e-07	
0.68716667	5.36946549e-07	
0.68875000	6.03145776e-07	
0.69033333	4.96371217e-07	
0.69191667	3.44654025e-07	
0.69350000	1.25096887e-07	
0.69508333	2.86232707e-07	
0.69666667	2.66355540e-07	
0.69825000	1.90026803e-07	
0.69983333	2.06689804e-07	
0.70141667	2.33082011e-07	
0.70300000	4.95851177e-07	
0.70458333	5.50220489e-07	
0.70616667	5.57644294e-07	
0.70775000	4.72906612e-07	
0.70933333	5.72812239e-07	
0.71091667	4.89802178e-07	
0.71250000	3.67038201e-07	
0.71408333	1.54653977e-07	
0.71566667	2.35329419e-07	
0.71725000	1.30170715e-07	
0.71883333	1.69605584e-07	
0.72041667	2.90252484e-07	
0.72200000	3.57488261e-07	
0.72358333	6.18917987e-07	
0.72516667	5.76010934e-07	
0.72675000	5.06395106e-07	
0.72833333	4.27232110e-07	
0.72991667	4.39686509e-07	
0.73150000	5.93682359e-07	
0.73308333	1.01027189e-07	
0.73466667	1.80883076e-07	
0.73625000	3.04078972e-07	
0.73783333	3.99360080e-07	
0.73941667	3.59044935e-07	
0.74100000	3.23878493e-07	
0.74258333	4.47886033e-07	
0.74416667	5.55700223e-07	
0.74575000	5.26316712e-07	
0.74733333	6.46962646e-07	
0.74891667	5.11882737e-07	
0.75050000	3.87365153e-07	
0.75208333	2.21960052e-07	
0.75366667	2.34646091e-07	
0.75525000	9.74414673e-08	
0.75683333	9.37774189e-08	
0.75841667	2.22366532e-07	
0.76000000	1.34734514e-07	
0.76158333	3.84798110e-07	
0.76316667	5.21475855e-07	
0.76475000	5.30593624e-07	
0.76633333	7.10915331e-07	
0.76791667	5.45847029e-07	
0.76950000	6.38881987e-07	
0.77108333	5.42045634e-07	
0.77266667	2.22953144e-07	
0.77425000	2.31310917e-07	
0.77583333	1.60097758e-07	
0.77741667	2.02402448e-07	
0.77900000	1.99023550e-07	
0.78058333	2.03441211e-07	
0.78216667	4.94391920e-07	
0.78375000	3.55101014e-07	
0.78533333	4.85307752e-07	
0.78691667	4.85135432e-07	
0.78850000	5.50341790e-07	
0.79008333	6.57375081e-07	
0.79166667	3.84183203e-07	
0.79325000	1.78377566e-07	
0.79483333	1.60271281e-07	
0.79641667	9.93256298e-08	
0.79800000	2.20966091e-07	
0.79958333	8.20761698e-08	
0.80116667	2.22745193e-07	
0.80275000	2.83536382e-07	
0.80433333	4.41059327e-07	
0.80591667	4.71091794e-07	
0.80750000	4.99179239e-07	
0.80908333	5.80114854e-07	
0.81066667	6.84513955e-07	
0.81225000	4.15401019e-07	
0.81383333	2.71255311e-07	
0.81541667	3.07709251e-07	
0.81700000	4.20620454e-07	
0.81858333	2.11044980e-07	
0.82016667	1.52018863e-07	
0.82175000	4.73944506e-07	
0.82333333	6.74966702e-07	
0.82491667	6.69821583e-07	
0.82650000	4.60409427e-07	
0.82808333	4.54973179e-07	
0.82966667	8.20783973e-07	
0.83125000	4.53158362e-07	
0.83283333	1.53582187e-07	
0.83441667	8.04073859e-08	
0.83600000	2.38051926e-07	
0.83758333	1.85316389e-07	
0.83916667	1.64437224e-07	
0.84075000	3.65094158e-07	
0.84233333	3.57229333e-07	
0.84391667	5.87329994e-07	
0.84550000	5.06351928e-07	
0.84708333	4.88851423e-07	
0.84866667	5.75922226e-07	
0.85025000	5.01124878e-07	
0.85183333	4.56182945e-07	
0.85341667	2.15098134e-07	
0.85500000	4.86132333e-08	
0.85658333	1.53314117e-07	
0.85816667	1.31241511e-07	
0.85975000	3.24906755e-07	
0.86133333	3.34673789e-07	
0.86291667	4.60729481e-07	
0.86450000	5.87289504e-07	
0.86608333	5.21389163e-07	
0.86766667	4.72085615e-07	
0.86925000	4.50929266e-07	
0.87083333	4.84874965e-07	
0.87241667	1.87581789e-07	
0.87400000	3.39204595e-08	
0.87558333	1.98210646e-07	
0.87716667	2.47688250e-07	
0.87875000	2.12256006e-07	
0.88033333	8.08489028e-08	
0.88191667	1.98989655e-07	
0.88350000	5.58033175e-07	
0.88508333	5.24588195e-07	
0.88666667	5.75318575e-07	
0.88825000	6.53669563e-07	
0.88983333	5.61102953e-07	
0.89141667	4.64135470e-07	
0.89300000	2.95652582e-07	
0.89458333	1.74989064e-07	
0.89616667	9.09601565e-08	
0.89775000	1.41578651e-07	
0.89933333	3.44888787e-07	
0.90091667	4.40282460e-07	
0.90250000	5.22038400e-07	
0.90408333	6.77295903e-07	
0.90566667	5.06524920e-07	
0.90725000	5.91305724e-07	
0.90883333	4.39331341e-07	
0.91041667	4.34490260e-07	
0.91200000	4.56183505e-07	
0.91358333	3.36358597e-07	
0.91516667	2.46131716e-07	
0.91675000	1.93500835e-07	
0.91833333	3.64877456e-07	
0.91991667	2.52139218e-07	
0.92150000	2.15497404e-07	
0.92308333	3.75187827e-07	
0.92466667	3.46425496e-07	
0.92625000	4.39159021e-07	
0.92783333	5.20765687e-07	
0.92941667	4.84097874e-07	
0.93100000	3.66598078e-07	
0.93258333	6.15579832e-08	
0.93416667	1.45787142e-07	
0.93575000	1.97174263e-07	
0.93733333	2.01979559e-07	
0.93891667	2.57696403e-07	
0.94050000	1.39668405e-07	
0.94208333	5.19281117e-07	
0.94366667	5.99818834e-07	
0.94525000	4.60980513e-07	
0.94683333	5.67799566e-07	
0.94841667	7.48424246e-07	
0.95000000	8.41127166e-07	
0.95158333	5.47621132e-07	
0.95316667	3.63409182e-07	
0.95475000	3.41111138e-07	
0.95633333	1.55172253e-07	
0.95791667	1.88143102e-07	
0.95950000	-5.08180365e-09	
0.96108333	2.58403347e-08	
0.96266667	4.11936368e-07	
0.96425000	3.86828845e-07	
0.96583333	4.42312691e-07	
0.96741667	4.74721485e-07	
0.96900000	5.99819562e-07	
0.97058333	5.65423043e-07	
0.97216667	3.74341881e-07	
0.97375000	3.74038795e-07	
0.97533333	1.34819441e-07	
0.97691667	1.89257272e-07	
0.97850000	2.26350691e-07	
0.98008333	1.05220139e-07	
0.98166667	4.96161431e-07	
0.98325000	5.61922886e-07	
0.98483333	5.50255154e-07	
0.98641667	5.77132384e-07	
0.98800000	5.41527051e-07	
0.98958333	6.69173466e-07	
0.99116667	5.60582522e-07	
0.99275000	2.20205801e-08	
0.99433333	1.59450691e-07	
0.99591667	2.22798493e-07	
0.99750000	4.18028685e-07	
0.99908333	2.35390238e-07	
1.00066667	1.85852137e-07	
1.00225000	4.60893177e-07	
1.00383333	4.70140760e-07	
1.00541667	5.59070678e-07	
@ 
0.00000000	3.33160321e-07	
0.00158333	4.11485940e-07	
0.00316667	4.33454633e-07	
0.00475000	2.23187599e-07	
0.00633333	3.07734396e-07	
0.00791667	4.39805269e-08	
0.00950000	2.52570409e-07	
0.01108333	1.96007045e-07	
0.01266667	1.91391570e-07	
0.01425000	3.80518650e-07	
0.01583333	4.95636576e-07	
0.01741667	5.86741072e-07	
0.01900000	4.37559646e-07	
0.02058333	4.51819733e-07	
0.02216667	5.45414353e-07	
0.02375000	5.67668352e-07	
0.02533333	5.71082993e-07	
0.02691667	1.73632529e-07	
0.02850000	2.05487598e-07	
0.03008333	2.85929062e-07	
0.03166667	1.76198130e-07	
0.03325000	1.77988068e-07	
0.03483333	2.26342416e-07	
0.03641667	3.13845278e-07	
0.03800000	5.06309310e-07	
0.03958333	4.72432270e-07	
0.04116667	4.79172285e-07	
0.04275000	4.92654498e-07	
0.04433333	5.28943286e-07	
0.04591667	2.91029659e-07	
0.04750000	1.26186248e-07	
0.04908333	3.31950387e-07	
0.05066667	1.84911001e-07	
0.05225000	2.41812326e-07	
0.05383333	1.37628682e-07	
0.05541667	3.69631538e-07	
0.05700000	4.82112417e-07	
0.05858333	5.36730884e-07	
0.06016667	5.69354531e-07	
0.06175000	4.68500054e-07	
0.06333333	4.44301732e-07	
0.06491667	3.86191537e-07	
0.06650000	2.55474755e-07	
0.06808333	1.27335336e-07	
0.06966667	7.59827464e-08	
0.07125000	1.33220612e-07	
0.07283333	1.25702036e-07	
0.07441667	2.10758513e-07	
0.07600000	2.14829434e-07	
0.07758333	5.50816188e-07	
0.07916667	4.55924886e-07	
0.08075000	6.27343621e-07	
0.08233333	5.50307853e-07	
0.08391667	5.44897002e-07	
0.08550000	1.75299472e-07	
0.08708333	1.94192074e-08	
0.08866667	1.41042007e-07	
0.09025000	1.55537551e-09	
0.09183333	2.13292235e-07	
0.09341667	2.01062490e-07	
0.09500000	1.18710501e-07	
0.09658333	4.41638869e-07	
0.09816667	4.44517006e-07	
0.09975000	4.27793787e-07	
0.10133333	2.40679003e-07	
0.10291667	4.50352216e-07	
0.10450000	4.42882292e-07	
0.10608333	9.11333302e-08	
0.10766667	2.61558840e-07	
0.10925000	1.82593547e-07	
0.11083333	2.40039987e-07	
0.11241667	1.75351652e-07	
0.11400000	1.09342008e-07	
0.11558333	3.79188898e-07	
0.11716667	5.72640199e-07	
0.11875000	6.58973729e-07	
0.12033333	6.72327920e-07	
0.12191667	7.68733894e-07	
0.12350000	8.22227718e-07	
0.12508333	5.51282856e-07	
0.12666667	1.05479340e-07	
0.12825000	5.11018555e-08	
0.12983333	2.04130952e-07	
0.13141667	1.74677914e-07	
0.13300000	8.29225638e-08	
0.13458333	1.05081155e-07	
0.13616667	2.56936757e-07	
0.13775000	4.35744128e-07	
0.13933333	5.12098514e-07	
0.14091667	4.56226655e-07	
0.14250000	5.69397429e-07	
0.14408333	6.46407437e-07	
0.14566667	1.86630656e-07	
0.14725000	2.29020428e-07	
0.14883333	6.16196139e-08	
0.15041667	2.61602606e-07	
0.15200000	2.22970743e-07	
0.15358333	2.47688362e-07	
0.15516667	2.38095188e-07	
0.15675000	6.04788385e-07	
0.15833333	4.99655204e-07	
0.15991667	4.16559179e-07	
0.16150000	3.32149476e-07	
0.16308333	5.22080850e-07	
0.16466667	2.45396767e-07	
0.16625000	2.27369754e-07	
0.16783333	5.25019358e-08	
0.16941667	1.66925360e-07	
0.17100000	2.85048534e-07	
0.17258333	1.68801360e-07	
0.17416667	3.01244657e-07	
0.17575000	5.90962149e-07	
0.17733333	6.08419084e-07	
0.17891667	5.74670066e-07	
0.18050000	3.49927249e-07	
0.18208333	5.13481664e-07	
0.18366667	5.02806129e-07	
0.18525000	3.19030271e-07	
0.18683333	2.11045652e-07	
0.18841667	1.62382699e-08	
0.19000000	2.27767414e-07	
0.19158333	1.22150637e-07	
0.19316667	7.62675472e-08	
0.19475000	2.33436982e-07	
0.19633333	4.61844267e-07	
0.19791667	5.87548124e-07	
0.19950000	5.04883094e-07	
0.20108333	4.13144566e-07	
0.20266667	5.88238523e-07	
0.20425000	5.33878620e-07	
0.20583333	5.43773592e-07	
0.20741667	-2.65753345e-08	
0.20900000	8.60770033e-08	
0.21058333	2.03525886e-07	
0.21216667	7.76848448e-08	
0.21375000	-4.02206442e-08	
0.21533333	1.83173817e-07	
0.21691667	4.84746159e-07	
0.21850000	4.74331764e-07	
0.22008333	4.24984785e-07	
0.22166667	6.22981418e-07	
0.22325000	6.12348949e-07	
0.22483333	6.93978211e-07	
0.22641667	4.15503644e-07	
0.22800000	1.20171004e-07	
0.22958333	2.42459183e-07	
0.23116667	1.32270179e-07	
0.23275000	9.86792348e-08	
0.23433333	1.33895582e-07	
0.23591667	5.14001984e-07	
0.23750000	5.35692093e-07	
0.23908333	5.15427192e-07	
0.24066667	4.18070939e-07	
0.24225000	5.97484538e-07	
0.24383333	5.02809209e-07	
0.24541667	3.26808824e-07	
0.24700000	3.19241170e-08	
0.24858333	2.49589927e-07	
0.25016667	2.48422611e-07	
0.25175000	1.95341875e-07	
0.25333333	5.81195794e-08	
0.25491667	3.56350626e-07	
0.25650000	3.75982419e-07	
0.25808333	4.96284749e-07	
0.25966667	4.86777258e-07	
0.26125000	4.82801528e-07	
0.26283333	5.40835924e-07	
0.26441667	5.66588903e-07	
0.26600000	3.29833828e-07	
0.26758333	-9.17808120e-09	
0.26916667	1.03663836e-07	
0.27075000	1.91426585e-07	
0.27233333	2.26384558e-07	
0.27391667	1.15281138e-07	
0.27550000	2.39478282e-07	
0.27708333	5.37940202e-07	
0.27866667	5.11183321e-07	
0.28025000	4.80035788e-07	
0.28183333	5.70047170e-07	
0.28341667	5.47706368e-07	
0.28500000	3.32935667e-07	
0.28658333	1.43436240e-07	
0.28816667	1.70469367e-07	
0.28975000	1.64246746e-07	
0.29133333	2.93535967e-07	
0.29291667	6.25618072e-08	
0.29450000	1.56727106e-07	
0.29608333	1.99005644e-07	
0.29766667	4.60496091e-07	
0.29925000	5.67064533e-07	
0.30083333	4.51734666e-07	
0.30241667	5.78342319e-07	
0.30400000	6.42243146e-07	
0.30558333	3.73002721e-07	
0.30716667	1.88867369e-07	
0.30875000	1.24094022e-07	
0.31033333	1.77858423e-07	
0.31191667	1.13300756e-07	
0.31350000	-1.21855526e-08	
0.31508333	2.16930466e-07	
0.31666667	2.14890294e-07	
0.31825000	3.87823730e-07	
0.31983333	3.96637769e-07	
0.32141667	4.15737986e-07	
0.32300000	4.35925296e-07	
0.32458333	4.24207611e-07	
0.32616667	1.89827952e-07	
0.32775000	2.69190723e-07	
0.32933333	2.11606573e-07	
0.33091667	2.81487951e-07	
0.33250000	2.00933012e-07	
0.33408333	2.44732129e-07	
0.33566667	2.73182862e-07	
0.33725000	3.29746744e-07	
0.33883333	4.98834095e-07	
0.34041667	5.73400153e-07	
0.34200000	7.16748105e-07	
0.34358333	7.82863328e-07	
0.34516667	5.30723158e-07	
0.34675000	3.99144750e-07	
0.34833333	1.16108771e-07	
0.34991667	9.90408430e-08	
0.35150000	1.66027108e-07	
0.35308333	1.14147423e-07	
0.35466667	2.54853351e-07	
0.35625000	3.34932437e-07	
0.35783333	5.83485141e-07	
0.35941667	5.82491321e-07	
0.36100000	5.86380639e-07	
0.36258333	7.80658061e-07	
0.36416667	6.14347958e-07	
0.36575000	4.15340901e-07	
0.36733333	5.24699976e-07	
0.36891667	5.74150587e-07	
0.37050000	8.20284991e-07	
0.37208333	8.02786110e-07	
0.37366667	8.91671562e-07	
0.37525000	9.96280896e-07	
0.37683333	1.28183188e-06	
0.37841667	1.77436391e-06	
0.38000000	2.20097380e-06	
0.38158333	2.69489535e-06	
0.38316667	3.37585096e-06	
0.38475000	4.21968988e-06	
0.38633333	4.72910711e-06	
0.38791667	5.86457688e-06	
0.38950000	7.21796944e-06	
0.39108333	8.84438457e-06	
0.39266667	1.05270603e-05	
0.39425000	1.26769627e-05	
0.39583333	1.51060461e-05	
0.39741667	1.76039571e-05	
0.39900000	2.02811389e-05	
0.40058333	2.37794573e-05	
0.40216667	2.87801466e-05	
0.40375000	3.60559052e-05	
0.40533333	4.81031909e-05	
0.40691667	6.49288582e-05	
0.40850000	9.40284808e-05	
0.41008333	1.40808016e-04	
0.41166667	2.10022606e-04	
0.41325000	3.43190797e-04	
0.41483333	4.85826233e-04	
0.41641667	6.52136800e-04	
0.41800000	8.90693842e-04	
0.41958333	9.12292282e-04	
0.42116667	9.71480885e-04	
0.42275000	1.32991360e-03	
0.42433333	1.43631248e-03	
0.42591667	1.64855983e-03	
0.42750000	1.73427690e-03	
0.42908333	2.30823054e-03	
0.43066667	2.59458262e-03	
0.43225000	2.12891491e-03	
0.43383333	3.72919879e-03	
0.43541667	5.07086752e-03	
0.43700000	6.92295906e-03	
0.43858333	8.97814555e-03	
0.44016667	1.16599658e-02	
0.44175000	1.56101006e-02	
0.44333333	1.96564876e-02	
0.44491667	2.39872733e-02	
0.44650000	2.83303339e-02	
0.44808333	3.35202263e-02	
0.44966667	4.46642492e-02	
0.45125000	5.52894332e-02	
0.45283333	7.40808281e-02	
0.45441667	8.67258704e-02	
0.45600000	1.00019859e-01	
0.45758333	1.13159664e-01	
0.45916667	1.95630100e-01	
0.46075000	6.39286165e-01	
0.46233333	1.01996987e+00	
0.46391667	1.19362415e+00	
0.46550000	1.37242102e+00	
0.46708333	1.48371417e+00	
0.46866667	1.55160241e+00	
0.47025000	1.75079034e+00	
0.47183333	2.30331990e+00	
0.47341667	2.65987895e+00	
0.47500000	2.82316523e+00	
0.47658333	3.82986232e+00	
0.47816667	5.87961771e+00	
0.47975000	6.48489475e+00	
0.48133333	6.88867335e+00	
0.48291667	7.24608905e+00	
0.48450000	9.03349922e+00	
0.48608333	9.62410493e+00	
0.48766667	9.93553262e+00	
0.48925000	9.97652778e+00	
0.49083333	1.12223006e+01	
0.49241667	1.22549778e+01	
0.49400000	1.51353384e+01	
0.49558333	1.58660476e+01	
0.49716667	1.61740449e+01	
0.49875000	1.65607986e+01	
