start voltage : 0.00 V 
set voltage : 0.10 V 
High G : 30.00 G0 
Intermediate G : 20.00 G0 
Low G : 10.00 G0 
Breaking speed 1 : 300.00 V/s 
Breaking speed 2 : 300.00 V/s 
Making speed : 500.00 V/s 
Post breaking : 230.00 V/s 
@ 
0.00000000	5.03086166e+01	
0.00158333	5.09812709e+01	
0.00316667	5.09558725e+01	
0.00475000	5.10154636e+01	
0.00633333	5.07984012e+01	
0.00791667	5.07090861e+01	
0.00950000	5.08271670e+01	
0.01108333	5.08860214e+01	
0.01266667	5.07960786e+01	
0.01425000	5.07691995e+01	
0.01583333	5.06984840e+01	
0.01741667	5.08468227e+01	
0.01900000	5.07326579e+01	
0.02058333	5.05321582e+01	
0.02216667	5.04451281e+01	
0.02375000	5.05990178e+01	
0.02533333	5.07358261e+01	
0.02691667	5.07174369e+01	
0.02850000	5.05621792e+01	
0.03008333	5.06899640e+01	
0.03166667	5.06912681e+01	
0.03325000	5.06580451e+01	
0.03483333	5.03754837e+01	
0.03641667	5.02586167e+01	
0.03800000	5.04635436e+01	
0.03958333	5.05995589e+01	
0.04116667	5.04726085e+01	
0.04275000	5.04241607e+01	
0.04433333	5.05725521e+01	
0.04591667	5.02049186e+01	
0.04750000	5.03362662e+01	
0.04908333	5.04860293e+01	
0.05066667	5.03458422e+01	
0.05225000	5.03980107e+01	
0.05383333	5.02674298e+01	
0.05541667	5.02806514e+01	
0.05700000	5.02459062e+01	
0.05858333	5.00814069e+01	
0.06016667	5.01242023e+01	
0.06175000	5.00261980e+01	
0.06333333	5.00246947e+01	
0.06491667	5.01948577e+01	
0.06650000	5.03785805e+01	
0.06808333	5.00954328e+01	
0.06966667	4.98211584e+01	
0.07125000	4.97345642e+01	
0.07283333	5.00122323e+01	
0.07441667	4.95838352e+01	
0.07600000	4.93457717e+01	
0.07758333	4.97216358e+01	
0.07916667	4.97258262e+01	
0.08075000	4.97180278e+01	
0.08233333	4.94901266e+01	
0.08391667	4.96682534e+01	
0.08550000	4.94911151e+01	
0.08708333	4.95625446e+01	
0.08866667	4.95572041e+01	
0.09025000	4.94721358e+01	
0.09183333	4.94107483e+01	
0.09341667	4.94667765e+01	
0.09500000	4.93908370e+01	
0.09658333	4.93524238e+01	
0.09816667	4.94763751e+01	
0.09975000	4.95268937e+01	
0.10133333	4.94351620e+01	
0.10291667	4.92876012e+01	
0.10450000	4.93247216e+01	
0.10608333	4.91994323e+01	
0.10766667	4.93654499e+01	
0.10925000	4.90379322e+01	
0.11083333	4.90712642e+01	
0.11241667	4.91271496e+01	
0.11400000	4.90030404e+01	
0.11558333	4.90513229e+01	
0.11716667	4.89507404e+01	
0.11875000	4.88818139e+01	
0.12033333	4.83715392e+01	
0.12191667	4.81306381e+01	
0.12350000	4.82130794e+01	
0.12508333	4.80329909e+01	
0.12666667	4.79135833e+01	
0.12825000	4.78676348e+01	
0.12983333	4.76683452e+01	
0.13141667	4.77369636e+01	
0.13300000	4.75250125e+01	
0.13458333	4.76195442e+01	
0.13616667	4.71823527e+01	
0.13775000	4.73806952e+01	
0.13933333	4.72864341e+01	
0.14091667	4.73913348e+01	
0.14250000	4.75113700e+01	
0.14408333	4.73934131e+01	
0.14566667	4.70729797e+01	
0.14725000	4.70959690e+01	
0.14883333	4.72623399e+01	
0.15041667	4.74933755e+01	
0.15200000	4.73739791e+01	
0.15358333	4.72271625e+01	
0.15516667	4.72227353e+01	
0.15675000	4.70364531e+01	
0.15833333	4.73448225e+01	
0.15991667	4.69571725e+01	
0.16150000	4.69774070e+01	
0.16308333	4.69102844e+01	
0.16466667	4.67891142e+01	
0.16625000	4.68797673e+01	
0.16783333	4.67982054e+01	
0.16941667	4.66391970e+01	
0.17100000	4.65673615e+01	
0.17258333	4.64723901e+01	
0.17416667	4.67599012e+01	
0.17575000	4.63692183e+01	
0.17733333	4.64409598e+01	
0.17891667	4.60312826e+01	
0.18050000	4.40783340e+01	
0.18208333	4.39985949e+01	
0.18366667	4.37324458e+01	
0.18525000	4.37436906e+01	
0.18683333	4.37410447e+01	
0.18841667	4.37005795e+01	
0.19000000	4.37605201e+01	
0.19158333	4.36096558e+01	
0.19316667	4.36511884e+01	
0.19475000	4.35780601e+01	
0.19633333	4.34047627e+01	
0.19791667	4.34952429e+01	
0.19950000	4.32869298e+01	
0.20108333	4.33744561e+01	
0.20266667	4.30894818e+01	
0.20425000	4.15552679e+01	
0.20583333	4.18050234e+01	
0.20741667	4.15988149e+01	
0.20900000	4.15943613e+01	
0.21058333	4.08331661e+01	
0.21216667	4.00936034e+01	
0.21375000	4.02759808e+01	
0.21533333	4.00668446e+01	
0.21691667	3.98959149e+01	
0.21850000	3.96760189e+01	
0.22008333	3.95105988e+01	
0.22166667	3.95434799e+01	
0.22325000	3.92894475e+01	
0.22483333	3.94509288e+01	
0.22641667	3.88132340e+01	
0.22800000	3.89025378e+01	
0.22958333	3.86000576e+01	
0.23116667	3.83310448e+01	
0.23275000	3.84905756e+01	
0.23433333	3.81856262e+01	
0.23591667	3.80206083e+01	
0.23750000	3.81461344e+01	
0.23908333	3.79800491e+01	
0.24066667	3.81584540e+01	
0.24225000	3.79951386e+01	
0.24383333	3.80203415e+01	
0.24541667	3.79613931e+01	
0.24700000	3.80738667e+01	
0.24858333	3.78162301e+01	
0.25016667	3.76597886e+01	
0.25175000	3.77215782e+01	
0.25333333	3.75328457e+01	
0.25491667	3.73757201e+01	
0.25650000	3.65527089e+01	
0.25808333	3.46514966e+01	
0.25966667	3.48180254e+01	
0.26125000	3.51439646e+01	
0.26283333	3.49332275e+01	
0.26441667	3.49382335e+01	
0.26600000	3.45975994e+01	
0.26758333	3.49100314e+01	
0.26916667	3.48320324e+01	
0.27075000	3.47810177e+01	
0.27233333	3.48152254e+01	
0.27391667	3.46877601e+01	
0.27550000	3.46851669e+01	
0.27708333	3.48033117e+01	
0.27866667	3.48619332e+01	
0.28025000	3.47201338e+01	
0.28183333	3.45575212e+01	
0.28341667	3.49011281e+01	
0.28500000	3.48338401e+01	
0.28658333	3.45730203e+01	
0.28816667	3.47045258e+01	
0.28975000	3.44272785e+01	
0.29133333	3.44107384e+01	
0.29291667	3.43305521e+01	
0.29450000	3.42415827e+01	
0.29608333	3.40818714e+01	
0.29766667	3.38111448e+01	
0.29925000	3.38542935e+01	
0.30083333	3.36481526e+01	
0.30241667	3.38248700e+01	
0.30400000	3.39356524e+01	
0.30558333	3.36799175e+01	
0.30716667	3.34641592e+01	
0.30875000	3.28750286e+01	
0.31033333	3.30079434e+01	
0.31191667	3.23308845e+01	
0.31350000	3.21267430e+01	
0.31508333	3.20353157e+01	
0.31666667	3.17511383e+01	
0.31825000	3.17907316e+01	
0.31983333	3.12133550e+01	
0.32141667	2.99513728e+01	
0.32300000	2.93782618e+01	
0.32458333	2.91371785e+01	
0.32616667	2.93108235e+01	
0.32775000	2.92961419e+01	
0.32933333	2.89034088e+01	
0.33091667	2.84833381e+01	
0.33250000	2.86397684e+01	
0.33408333	2.86971552e+01	
0.33566667	2.85634700e+01	
0.33725000	2.86396913e+01	
0.33883333	2.88219804e+01	
0.34041667	2.87873761e+01	
0.34200000	2.88390015e+01	
0.34358333	2.81429615e+01	
0.34516667	2.78881812e+01	
0.34675000	2.78101389e+01	
0.34833333	2.75458577e+01	
0.34991667	2.77533741e+01	
0.35150000	2.75969983e+01	
0.35308333	2.73047425e+01	
0.35466667	2.74813959e+01	
0.35625000	2.74937099e+01	
0.35783333	2.72118832e+01	
0.35941667	2.66890935e+01	
0.36100000	2.67596061e+01	
0.36258333	2.68590780e+01	
0.36416667	2.68564040e+01	
0.36575000	2.67105739e+01	
0.36733333	2.65938629e+01	
0.36891667	2.61892687e+01	
0.37050000	2.58827258e+01	
0.37208333	2.60680816e+01	
0.37366667	2.58604337e+01	
0.37525000	2.57089230e+01	
0.37683333	2.60894605e+01	
0.37841667	2.58053995e+01	
0.38000000	2.57890981e+01	
0.38158333	2.48319412e+01	
0.38316667	2.24601942e+01	
0.38475000	2.26673084e+01	
0.38633333	2.23692874e+01	
0.38791667	2.19075544e+01	
0.38950000	2.14222985e+01	
0.39108333	2.13789225e+01	
0.39266667	2.17051982e+01	
0.39425000	2.16532232e+01	
0.39583333	2.15392482e+01	
0.39741667	2.12892409e+01	
0.39900000	2.14845410e+01	
0.40058333	2.16437956e+01	
0.40216667	2.16715936e+01	
0.40375000	2.11982514e+01	
0.40533333	2.00794873e+01	
0.40691667	1.97432654e+01	
0.40850000	1.97119685e+01	
0.41008333	1.96093040e+01	
0.41166667	1.95592364e+01	
0.41325000	1.95456916e+01	
0.41483333	1.96042754e+01	
0.41641667	1.94013535e+01	
0.41800000	1.95944569e+01	
0.41958333	1.95145750e+01	
0.42116667	1.94552809e+01	
0.42275000	1.85243981e+01	
0.42433333	1.87618058e+01	
0.42591667	1.84661375e+01	
0.42750000	1.86261794e+01	
0.42908333	1.85420676e+01	
0.43066667	1.82674962e+01	
0.43225000	1.80720101e+01	
0.43383333	1.78439905e+01	
0.43541667	1.79299815e+01	
0.43700000	1.81177726e+01	
0.43858333	1.76602301e+01	
0.44016667	1.76156834e+01	
0.44175000	1.74442708e+01	
0.44333333	1.77552785e+01	
0.44491667	1.76409333e+01	
0.44650000	1.77515748e+01	
0.44808333	1.77975027e+01	
0.44966667	1.76129963e+01	
0.45125000	1.74318704e+01	
0.45283333	1.72422998e+01	
0.45441667	1.70378427e+01	
0.45600000	1.54419114e+01	
0.45758333	1.51213220e+01	
0.45916667	1.46865856e+01	
0.46075000	1.44725440e+01	
0.46233333	1.45943888e+01	
0.46391667	1.46060169e+01	
0.46550000	1.46084438e+01	
0.46708333	1.46424251e+01	
0.46866667	1.39278455e+01	
0.47025000	1.33809644e+01	
0.47183333	1.39151350e+01	
0.47341667	1.37306446e+01	
0.47500000	1.37441349e+01	
0.47658333	1.35536642e+01	
0.47816667	1.33240238e+01	
0.47975000	1.32050155e+01	
0.48133333	1.33386839e+01	
0.48291667	1.33153685e+01	
0.48450000	1.33142768e+01	
0.48608333	1.35226059e+01	
0.48766667	1.33056234e+01	
0.48925000	1.31589439e+01	
0.49083333	1.30204284e+01	
0.49241667	1.25389129e+01	
0.49400000	1.22932999e+01	
0.49558333	1.21327365e+01	
0.49716667	1.21153893e+01	
0.49875000	1.18076193e+01	
0.50033333	1.16779254e+01	
0.50191667	1.16885735e+01	
0.50350000	1.03555591e+01	
0.50508333	9.59686033e+00	
0.50666667	9.25571885e+00	
0.50825000	9.48485370e+00	
0.50983333	9.14662957e+00	
0.51141667	8.92682369e+00	
0.51300000	8.97374187e+00	
0.51458333	9.08901819e+00	
0.51616667	9.05987660e+00	
0.51775000	8.91904032e+00	
0.51933333	8.72643488e+00	
0.52091667	8.69941765e+00	
0.52250000	8.62572747e+00	
0.52408333	8.49127178e+00	
0.52566667	8.37653570e+00	
0.52725000	7.02224537e+00	
0.52883333	6.65224230e+00	
0.53041667	6.55872164e+00	
0.53200000	6.80991937e+00	
0.53358333	6.60930225e+00	
0.53516667	6.65292678e+00	
0.53675000	6.60566378e+00	
0.53833333	6.61418893e+00	
0.53991667	6.40208890e+00	
0.54150000	6.38213955e+00	
0.54308333	6.32433415e+00	
0.54466667	6.25695973e+00	
0.54625000	6.01744175e+00	
0.54783333	5.83473792e+00	
0.54941667	5.07997918e+00	
0.55100000	5.25653871e+00	
0.55258333	5.25173941e+00	
0.55416667	5.42262678e+00	
0.55575000	5.31309637e+00	
0.55733333	4.81759074e+00	
0.55891667	4.84712976e+00	
0.56050000	4.82542390e+00	
0.56208333	4.81382167e+00	
0.56366667	4.46138285e+00	
0.56525000	4.32304957e+00	
0.56683333	4.02566886e+00	
0.56841667	4.04340412e+00	
0.57000000	4.02416838e+00	
0.57158333	3.98628507e+00	
0.57316667	3.97993407e+00	
0.57475000	3.98948147e+00	
0.57633333	3.97320302e+00	
0.57791667	3.93259402e+00	
0.57950000	3.87104116e+00	
0.58108333	3.90177460e+00	
0.58266667	3.06654671e+00	
0.58425000	2.81872836e+00	
0.58583333	2.77638070e+00	
0.58741667	2.73083264e+00	
0.58900000	3.14179657e+00	
0.59058333	3.14446471e+00	
0.59216667	3.18317296e+00	
0.59375000	3.08051524e+00	
0.59533333	3.15222975e+00	
0.59691667	3.14092912e+00	
0.59850000	3.04968995e+00	
0.60008333	2.93890523e+00	
0.60166667	2.91177220e+00	
0.60325000	2.92837551e+00	
0.60483333	2.82066622e+00	
0.60641667	2.66239440e+00	
0.60800000	2.46448440e+00	
0.60958333	2.50482891e+00	
0.61116667	1.98772218e+00	
0.61275000	1.70736770e+00	
0.61433333	1.29549967e+00	
0.61591667	9.98394377e-01	
0.61750000	9.45360619e-01	
0.61908333	7.14981146e-01	
0.62066667	6.13940073e-01	
0.62225000	1.93999879e-01	
0.62383333	7.80983033e-02	
0.62541667	8.89888800e-03	
0.62700000	5.72239066e-03	
0.62858333	1.41766876e-03	
0.63016667	2.26754750e-03	
0.63175000	3.21382920e-05	
0.63333333	3.34681601e-07	
0.63491667	1.39039526e-05	
0.63650000	8.36291328e-04	
0.63808333	1.81226205e-03	
0.63966667	4.51745229e-05	
0.64125000	-1.30488579e-05	
0.64283333	-4.10696839e-05	
0.64441667	-5.50779893e-05	
0.64600000	-5.25061102e-05	
0.64758333	-4.08107031e-05	
0.64916667	-2.79630887e-05	
0.65075000	-1.73803969e-05	
0.65233333	-9.80672996e-06	
0.65391667	-4.37344680e-06	
0.65550000	-4.45563861e-07	
0.65708333	2.45589791e-06	
0.65866667	4.35701118e-06	
0.66025000	5.42632720e-06	
0.66183333	5.97040460e-06	
0.66341667	6.12803958e-06	
0.66500000	5.89089402e-06	
0.66658333	5.23101238e-06	
0.66816667	4.45160794e-06	
0.66975000	3.77806706e-06	
0.67133333	3.09212543e-06	
0.67291667	2.58858982e-06	
0.67450000	2.21521501e-06	
0.67608333	1.86948149e-06	
0.67766667	2.10779368e-06	
0.67925000	1.74177996e-06	
0.68083333	1.49788499e-06	
0.68241667	1.30962929e-06	
0.68400000	1.09156682e-06	
0.68558333	8.97108174e-07	
0.68716667	5.37040969e-07	
0.68875000	2.01927169e-07	
0.69033333	3.36574514e-07	
0.69191667	2.39002848e-07	
0.69350000	4.38726654e-07	
0.69508333	2.70331382e-07	
0.69666667	4.64247475e-07	
0.69825000	5.71993146e-07	
0.69983333	4.88506336e-07	
0.70141667	6.31103574e-07	
0.70300000	5.82274479e-07	
0.70458333	6.64072813e-07	
0.70616667	5.12228888e-07	
0.70775000	1.36245013e-07	
0.70933333	2.24007503e-07	
0.71091667	2.70287448e-07	
0.71250000	3.94780054e-07	
0.71408333	4.01434273e-07	
0.71566667	3.07493865e-07	
0.71725000	4.57005790e-07	
0.71883333	3.92014650e-07	
0.72041667	5.78213737e-07	
0.72200000	6.67659382e-07	
0.72358333	5.51552621e-07	
0.72516667	5.94936199e-07	
0.72675000	3.21708535e-07	
0.72833333	3.02740036e-07	
0.72991667	2.43237702e-07	
0.73150000	1.48828736e-07	
0.73308333	3.03473977e-07	
0.73466667	1.62335716e-07	
0.73625000	5.91781186e-07	
0.73783333	6.26784436e-07	
0.73941667	6.85420803e-07	
0.74100000	6.97908524e-07	
0.74258333	7.00157865e-07	
0.74416667	7.45544933e-07	
0.74575000	7.24726055e-07	
0.74733333	3.68334183e-07	
0.74891667	1.21942770e-07	
0.75050000	1.70685075e-07	
0.75208333	3.59734102e-07	
0.75366667	1.92196326e-07	
0.75525000	2.56339070e-07	
0.75683333	4.94037648e-07	
0.75841667	4.85006571e-07	
0.76000000	6.77554298e-07	
0.76158333	6.04442794e-07	
0.76316667	5.28303457e-07	
0.76475000	6.22255289e-07	
0.76633333	4.09800600e-07	
0.76791667	2.63718213e-07	
0.76950000	2.00414527e-07	
0.77108333	2.82584872e-07	
0.77266667	1.88807810e-07	
0.77425000	7.17394080e-08	
0.77583333	1.89265826e-07	
0.77741667	3.93699542e-07	
0.77900000	5.63581848e-07	
0.78058333	6.91598945e-07	
0.78216667	6.17968129e-07	
0.78375000	7.81006340e-07	
0.78533333	5.57602068e-07	
0.78691667	4.80829791e-07	
0.78850000	1.75844824e-07	
0.79008333	8.67249524e-08	
0.79166667	2.96776805e-07	
0.79325000	2.09488656e-07	
0.79483333	2.36367342e-07	
0.79641667	2.99446612e-07	
0.79800000	6.67184481e-07	
0.79958333	5.66502043e-07	
0.80116667	5.34913714e-07	
0.80275000	7.31267429e-07	
0.80433333	7.51578980e-07	
0.80591667	7.07294545e-07	
0.80750000	7.23618605e-07	
0.80908333	1.54939492e-07	
0.81066667	2.38181039e-07	
0.81225000	1.97156735e-07	
0.81383333	2.90925158e-07	
0.81541667	2.95782452e-07	
0.81700000	4.33802409e-07	
0.81858333	6.95092045e-07	
0.82016667	6.90304838e-07	
0.82175000	7.10915723e-07	
0.82333333	6.86932927e-07	
0.82491667	4.98056220e-07	
0.82650000	3.55967485e-07	
0.82808333	2.44715609e-07	
0.82966667	3.02955758e-07	
0.83125000	3.05461534e-07	
0.83283333	2.09168462e-07	
0.83441667	3.66304008e-07	
0.83600000	3.24725419e-07	
0.83758333	5.06437780e-07	
0.83916667	5.18883387e-07	
0.84075000	5.22944801e-07	
0.84233333	8.17735252e-07	
0.84391667	6.56167219e-07	
0.84550000	6.80125934e-07	
0.84708333	4.38467418e-07	
0.84866667	2.19988903e-07	
0.85025000	3.31820685e-07	
0.85183333	2.31354655e-07	
0.85341667	2.86353925e-07	
0.85500000	2.46037772e-07	
0.85658333	1.15244708e-07	
0.85816667	5.05360852e-07	
0.85975000	4.72258887e-07	
0.86133333	5.75318071e-07	
0.86291667	6.19652796e-07	
0.86450000	5.58509477e-07	
0.86608333	6.55554887e-07	
0.86766667	3.86396422e-07	
0.86925000	1.70633650e-07	
0.87083333	3.10259214e-07	
0.87241667	2.80589166e-07	
0.87400000	2.09575320e-07	
0.87558333	1.96396150e-07	
0.87716667	5.18062502e-07	
0.87875000	5.49995023e-07	
0.88033333	6.11701391e-07	
0.88191667	7.05815518e-07	
0.88350000	6.62820317e-07	
0.88508333	7.90596491e-07	
0.88666667	6.06560361e-07	
0.88825000	2.11382647e-07	
0.88983333	2.08278890e-07	
0.89141667	8.61637372e-08	
0.89300000	3.14320348e-07	
0.89458333	2.22831927e-07	
0.89616667	4.69528708e-07	
0.89775000	4.83838134e-07	
0.89933333	4.35097887e-07	
0.90091667	5.38674283e-07	
0.90250000	5.41959390e-07	
0.90408333	5.29694336e-07	
0.90566667	4.69664010e-07	
0.90725000	3.16177923e-07	
0.90883333	8.75033593e-08	
0.91041667	1.34153978e-07	
0.91200000	2.88609790e-07	
0.91358333	2.64800126e-07	
0.91516667	2.82465082e-07	
0.91675000	4.28485866e-07	
0.91833333	5.71126003e-07	
0.91991667	6.83388024e-07	
0.92150000	5.52458237e-07	
0.92308333	6.44583099e-07	
0.92466667	5.85427981e-07	
0.92625000	3.93370359e-07	
0.92783333	3.12290089e-07	
0.92941667	1.59734861e-07	
0.93100000	2.27897354e-07	
0.93258333	1.87625331e-07	
0.93416667	1.34904777e-08	
0.93575000	5.49308243e-08	
0.93733333	2.42589333e-07	
0.93891667	6.38275760e-07	
0.94050000	6.01202040e-07	
0.94208333	5.74714084e-07	
0.94366667	6.35078184e-07	
0.94525000	6.96137612e-07	
0.94683333	4.51775351e-07	
0.94841667	8.07281613e-08	
0.95000000	9.13487369e-08	
0.95158333	2.75862330e-07	
0.95316667	2.10405613e-07	
0.95475000	3.57963050e-07	
0.95633333	3.18062212e-07	
0.95791667	4.68454020e-07	
0.95950000	5.30161845e-07	
0.96108333	5.21518809e-07	
0.96266667	6.84644441e-07	
0.96425000	6.73450602e-07	
0.96583333	6.41132224e-07	
0.96741667	4.45121077e-07	
0.96900000	7.89301447e-08	
0.97058333	1.31232593e-07	
0.97216667	1.54826409e-07	
0.97375000	9.89635736e-08	
0.97533333	1.75913791e-07	
0.97691667	2.23015209e-07	
0.97850000	4.19151256e-07	
0.98008333	4.97709509e-07	
0.98166667	5.31631295e-07	
0.98325000	5.21907970e-07	
0.98483333	6.04054920e-07	
0.98641667	6.06862270e-07	
0.98800000	2.22469996e-07	
0.98958333	9.74848272e-08	
0.99116667	3.11381672e-07	
0.99275000	3.30956762e-07	
0.99433333	3.90121709e-07	
0.99591667	3.30006316e-07	
0.99750000	5.55788091e-07	
0.99908333	6.83045177e-07	
1.00066667	5.88195121e-07	
1.00225000	5.67884241e-07	
1.00383333	5.73416562e-07	
1.00541667	7.16362360e-07	
1.00700000	3.85542020e-07	
1.00858333	1.14208032e-07	
1.01016667	1.30541171e-07	
1.01175000	1.70253505e-07	
1.01333333	2.03179777e-07	
1.01491667	2.70476989e-07	
1.01650000	3.52908767e-07	
1.01808333	6.68005814e-07	
1.01966667	6.23455423e-07	
1.02125000	6.10621551e-07	
1.02283333	6.95532337e-07	
1.02441667	6.00422653e-07	
1.02600000	5.90831271e-07	
1.02758333	4.77616143e-07	
1.02916667	1.35079265e-07	
1.03075000	1.47393938e-07	
1.03233333	-4.59890054e-09	
1.03391667	6.99841632e-08	
1.03550000	3.11370401e-08	
1.03708333	1.86328327e-07	
1.03866667	5.22038176e-07	
1.04025000	4.54931037e-07	
1.04183333	5.71082209e-07	
1.04341667	5.56435256e-07	
1.04500000	6.59451542e-07	
1.04658333	5.46062974e-07	
1.04816667	2.50341005e-07	
1.04975000	3.11899807e-07	
1.05133333	2.11952248e-07	
1.05291667	3.89637791e-07	
1.05450000	2.26816715e-07	
1.05608333	2.49424524e-07	
1.05766667	6.20973784e-07	
1.05925000	4.67054405e-07	
1.06083333	5.84565206e-07	
1.06241667	4.92913845e-07	
1.06400000	6.27604705e-07	
1.06558333	5.99040679e-07	
1.06716667	1.89033752e-07	
1.06875000	2.75126905e-07	
1.07033333	2.29237130e-07	
1.07191667	1.92506902e-07	
1.07350000	2.79881602e-07	
1.07508333	1.39504080e-07	
1.07666667	4.53979806e-07	
1.07825000	4.83319775e-07	
1.07983333	5.39280006e-07	
1.08141667	5.74324306e-07	
1.08300000	4.87651177e-07	
1.08458333	6.12608352e-07	
1.08616667	5.00518707e-07	
1.08775000	6.80535424e-07	
1.08933333	3.66516916e-08	
1.09091667	6.21381272e-08	
1.09250000	2.42588773e-07	
1.09408333	1.31060497e-07	
1.09566667	3.07579017e-07	
1.09725000	3.11250962e-07	
1.09883333	7.47687085e-07	
1.10041667	5.46063590e-07	
1.10200000	3.87606720e-07	
1.10358333	6.23282039e-07	
1.10516667	7.71500306e-07	
1.10675000	5.21993654e-07	
1.10833333	1.96266337e-07	
1.10991667	4.21303439e-08	
1.11150000	1.98469881e-07	
1.11308333	1.85541659e-07	
1.11466667	1.71350245e-07	
1.11625000	2.40644814e-07	
1.11783333	4.98185586e-07	
1.11941667	6.02887716e-07	
1.12100000	6.31622381e-07	
1.12258333	5.22383824e-07	
1.12416667	5.50039097e-07	
1.12575000	5.84003389e-07	
1.12733333	4.87944350e-07	
1.12891667	1.26652861e-07	
1.13050000	2.05557027e-07	
1.13208333	1.23973855e-07	
1.13366667	1.61309008e-07	
1.13525000	1.58887949e-07	
1.13683333	3.18139439e-07	
1.13841667	5.68820771e-07	
1.14000000	5.02851323e-07	
1.14158333	4.25417153e-07	
1.14316667	4.75264765e-07	
1.14475000	5.81756344e-07	
1.14633333	4.87770687e-07	
1.14791667	4.01348813e-07	
1.14950000	2.60302917e-08	
1.15108333	1.17604437e-07	
1.15266667	1.61732359e-07	
1.15425000	2.13205809e-07	
1.15583333	1.65335575e-07	
1.15741667	3.66606058e-07	
1.15900000	6.59838295e-07	
1.16058333	4.28830842e-07	
1.16216667	6.38406022e-07	
1.16375000	5.81667804e-07	
1.16533333	7.01842252e-07	
1.16691667	6.53271329e-07	
1.16850000	2.86709149e-07	
1.17008333	9.82883723e-08	
1.17166667	2.48900368e-08	
1.17325000	1.68488768e-07	
1.17483333	2.35708220e-07	
1.17641667	1.36893327e-07	
1.17800000	5.35520949e-07	
1.17958333	4.29565819e-07	
1.18116667	5.18753853e-07	
1.18275000	5.16506192e-07	
1.18433333	5.46139418e-07	
1.18591667	5.82361507e-07	
1.18750000	2.95911370e-07	
1.18908333	1.53823852e-07	
1.19066667	1.03352897e-07	
1.19225000	2.20940008e-07	
1.19383333	2.10924322e-07	
1.19541667	-8.42621422e-09	
1.19700000	2.71713636e-07	
1.19858333	5.74323690e-07	
1.20016667	4.65129571e-07	
1.20175000	5.82880594e-07	
1.20333333	6.35036239e-07	
1.20491667	7.58493890e-07	
1.20650000	7.75083851e-07	
1.20808333	2.74134597e-07	
1.20966667	3.38518530e-07	
1.21125000	2.82773698e-08	
1.21283333	1.65672962e-07	
1.21441667	1.78030882e-07	
1.21600000	7.65968070e-08	
1.21758333	4.48922611e-07	
1.21916667	5.26360618e-07	
1.22075000	6.64508513e-07	
1.22233333	7.34723680e-07	
1.22391667	6.12437881e-07	
1.22550000	7.05728379e-07	
1.22708333	4.36652125e-07	
1.22866667	2.45095978e-07	
1.23025000	1.48707911e-07	
1.23183333	2.87010582e-07	
1.23341667	2.30447344e-07	
1.23500000	1.17872563e-07	
1.23658333	2.44014513e-07	
1.23816667	2.44662854e-07	
1.23975000	4.95246630e-07	
1.24133333	5.52287598e-07	
1.24291667	5.80676111e-07	
1.24450000	5.80115358e-07	
1.24608333	6.22004566e-07	
1.24766667	3.20542507e-07	
1.24925000	2.22971443e-07	
1.25083333	1.41284078e-07	
1.25241667	3.27154500e-07	
1.25400000	1.70736765e-07	
1.25558333	4.63573331e-08	
1.25716667	4.04372613e-07	
1.25875000	4.48059109e-07	
1.26033333	6.33178915e-07	
1.26191667	5.84953191e-07	
1.26350000	7.16187072e-07	
1.26508333	8.05460230e-07	
1.26666667	5.71290314e-07	
1.26825000	2.34847112e-07	
1.26983333	1.52925250e-07	
1.27141667	2.51491241e-07	
@ 
0.00000000	3.64188905e-07	
0.00158333	2.32780311e-07	
0.00316667	2.43289477e-07	
0.00475000	9.81504941e-08	
0.00633333	4.71956641e-07	
0.00791667	6.23757332e-07	
0.00950000	7.01929784e-07	
0.01108333	7.59833862e-07	
0.01266667	7.21718216e-07	
0.01425000	6.39684615e-07	
0.01583333	3.26761047e-08	
0.01741667	-5.71257448e-08	
0.01900000	-3.20628912e-09	
0.02058333	1.92207257e-08	
0.02216667	2.44187617e-07	
0.02375000	2.63685508e-07	
0.02533333	4.05696400e-07	
0.02691667	4.82715284e-07	
0.02850000	5.64945902e-07	
0.03008333	5.69526739e-07	
0.03166667	4.26670713e-07	
0.03325000	3.24761148e-07	
0.03483333	2.13507424e-07	
0.03641667	1.68914121e-07	
0.03800000	2.50150680e-07	
0.03958333	2.35200278e-07	
0.04116667	1.82377993e-07	
0.04275000	2.38743165e-07	
0.04433333	2.44480566e-07	
0.04591667	3.83803814e-07	
0.04750000	3.98971562e-07	
0.04908333	6.00726467e-07	
0.05066667	7.63287705e-07	
0.05225000	7.14891734e-07	
0.05383333	4.72648832e-07	
0.05541667	2.55554111e-07	
0.05700000	1.51236886e-08	
0.05858333	8.33123343e-08	
0.06016667	-2.50722095e-08	
0.06175000	2.44732409e-07	
0.06333333	1.10673202e-07	
0.06491667	4.09472593e-07	
0.06650000	5.51249031e-07	
0.06808333	4.54195276e-07	
0.06966667	5.06437724e-07	
0.07125000	4.06058204e-07	
0.07283333	5.86225008e-07	
0.07441667	4.28096845e-07	
0.07600000	1.45578868e-07	
0.07758333	1.01373817e-07	
0.07916667	-3.06539625e-08	
0.08075000	1.18485819e-07	
0.08233333	3.59775508e-08	
0.08391667	2.36885617e-07	
0.08550000	5.62701601e-07	
0.08708333	7.10310336e-07	
0.08866667	6.33134729e-07	
0.09025000	5.89795953e-07	
0.09183333	7.19816707e-07	
0.09341667	7.46308695e-07	
0.09500000	2.64279862e-07	
0.09658333	1.20560698e-07	
0.09816667	7.38047947e-08	
0.09975000	1.18830948e-07	
0.10133333	1.87235777e-07	
0.10291667	1.29677137e-07	
0.10450000	2.32176450e-07	
0.10608333	5.57341936e-07	
0.10766667	5.45977346e-07	
0.10925000	6.15173939e-07	
0.11083333	3.54126038e-07	
0.11241667	6.59329849e-07	
0.11400000	4.74592287e-07	
0.11558333	6.28381292e-07	
0.11716667	2.71368353e-07	
0.11875000	1.68741354e-07	
0.12033333	1.92636968e-07	
0.12191667	1.59710808e-07	
0.12350000	2.20896102e-07	
0.12508333	6.32659156e-07	
0.12666667	5.33921853e-07	
0.12825000	5.57558274e-07	
0.12983333	5.01944307e-07	
0.13141667	6.46789598e-07	
0.13300000	6.68092786e-07	
0.13458333	3.80003595e-07	
0.13616667	1.98253586e-07	
0.13775000	1.32694020e-07	
0.13933333	1.64549425e-07	
0.14091667	2.46825055e-07	
0.14250000	1.73070936e-07	
0.14408333	2.47341622e-07	
0.14566667	4.27922621e-07	
0.14725000	5.02937847e-07	
0.14883333	4.40454220e-07	
0.15041667	6.41172266e-07	
0.15200000	6.21900345e-07	
0.15358333	5.48714861e-07	
0.15516667	4.42012685e-07	
0.15675000	2.00242487e-07	
0.15833333	1.04355615e-07	
0.15991667	3.22443988e-07	
0.16150000	1.52683417e-07	
0.16308333	2.10093819e-07	
0.16466667	1.90200186e-07	
0.16625000	4.38811778e-07	
0.16783333	4.84618137e-07	
0.16941667	5.05573213e-07	
0.17100000	6.51974983e-07	
0.17258333	6.07898261e-07	
0.17416667	3.91012793e-07	
0.17575000	1.50219936e-07	
0.17733333	3.53505034e-09	
0.17891667	2.33859493e-07	
0.18050000	1.01675733e-07	
0.18208333	1.51500056e-07	
0.18366667	2.84028141e-07	
0.18525000	4.39288107e-07	
0.18683333	4.52812658e-07	
0.18841667	3.60392943e-07	
0.19000000	5.53798377e-07	
0.19158333	6.49251244e-07	
0.19316667	5.20872204e-07	
0.19475000	3.78282386e-07	
0.19633333	-7.13857591e-08	
0.19791667	5.35729524e-08	
0.19950000	1.02799627e-07	
0.20108333	1.80753403e-07	
0.20266667	2.07536016e-07	
0.20425000	2.33730702e-07	
0.20583333	3.69242096e-07	
0.20741667	4.85827903e-07	
0.20900000	5.90139472e-07	
0.21058333	6.02842634e-07	
0.21216667	6.17750839e-07	
0.21375000	4.31224361e-07	
0.21533333	2.74998463e-07	
0.21691667	-9.44681889e-09	
0.21850000	-4.94081540e-08	
0.22008333	1.59810947e-09	
0.22166667	2.68430377e-07	
0.22325000	1.30299969e-07	
0.22483333	4.52702473e-07	
0.22641667	6.93675630e-07	
0.22800000	4.21095327e-07	
0.22958333	5.68015231e-07	
0.23116667	5.37592538e-07	
0.23275000	6.16299814e-07	
0.23433333	4.58645880e-07	
0.23591667	1.66104741e-07	
0.23750000	9.61535705e-08	
0.23908333	5.26749031e-08	
0.24066667	2.85800620e-07	
0.24225000	1.75006551e-07	
0.24383333	2.19427492e-07	
0.24541667	5.38460073e-07	
0.24700000	5.28216765e-07	
0.24858333	4.97969528e-07	
0.25016667	6.10274895e-07	
0.25175000	4.99135725e-07	
0.25333333	5.85732354e-07	
0.25491667	3.67297381e-07	
0.25650000	1.51379273e-07	
0.25808333	7.63978650e-08	
0.25966667	1.52302376e-07	
0.26125000	3.08271572e-07	
0.26283333	1.34602810e-07	
0.26441667	1.76241658e-07	
0.26600000	5.41180283e-07	
0.26758333	5.14432643e-07	
0.26916667	6.70642748e-07	
0.27075000	5.65033769e-07	
0.27233333	5.99863132e-07	
0.27391667	4.91964043e-07	
0.27550000	1.08073411e-07	
0.27708333	1.14691697e-07	
0.27866667	8.17124825e-08	
0.28025000	9.67078484e-08	
0.28183333	2.08020354e-07	
0.28341667	2.00251055e-07	
0.28500000	5.49047012e-07	
0.28658333	5.31889858e-07	
0.28816667	5.96233665e-07	
0.28975000	4.46504339e-07	
0.29133333	5.09464548e-07	
0.29291667	6.18182226e-07	
0.29450000	3.12670262e-07	
0.29608333	1.56598889e-07	
0.29766667	5.55953571e-08	
0.29925000	1.31406200e-07	
0.30083333	1.57635635e-07	
0.30241667	7.29835458e-08	
0.30400000	2.19039380e-07	
0.30558333	3.72224510e-07	
0.30716667	5.75835702e-07	
0.30875000	5.48657179e-07	
0.31033333	5.90657047e-07	
0.31191667	5.44731403e-07	
0.31350000	5.47964596e-07	
0.31508333	4.04855998e-07	
0.31666667	1.72992924e-07	
0.31825000	5.80943432e-08	
0.31983333	2.27637572e-07	
0.32141667	3.73174495e-08	
0.32300000	1.25747421e-08	
0.32458333	1.66287057e-07	
0.32616667	2.70287560e-07	
0.32775000	4.27014568e-07	
0.32933333	4.08563533e-07	
0.33091667	6.67295422e-07	
0.33250000	5.20455881e-07	
0.33408333	3.70106467e-07	
0.33566667	3.97371430e-07	
0.33725000	5.94411582e-08	
0.33883333	1.74781827e-07	
0.34041667	1.18355935e-07	
0.34200000	2.76700464e-07	
0.34358333	2.05203274e-07	
0.34516667	5.00128873e-07	
0.34675000	6.95315047e-07	
0.34833333	5.73978099e-07	
0.34991667	6.31406548e-07	
0.35150000	6.69311232e-07	
0.35308333	5.46667857e-07	
0.35466667	3.50616584e-07	
0.35625000	-3.31528324e-07	
0.35783333	-7.88617516e-08	
0.35941667	9.70525018e-08	
0.36100000	1.38881150e-07	
0.36258333	6.48337661e-08	
0.36416667	1.04477014e-07	
0.36575000	4.89024975e-07	
0.36733333	4.74203014e-07	
0.36891667	4.64998693e-07	
0.37050000	5.27829060e-07	
0.37208333	5.23291120e-07	
0.37366667	5.52752810e-07	
0.37525000	3.78203562e-07	
0.37683333	7.33758793e-09	
0.37841667	1.28986220e-07	
0.38000000	1.75007125e-07	
0.38158333	3.10432009e-07	
0.38316667	1.87003924e-08	
0.38475000	1.92161352e-07	
0.38633333	4.51949015e-07	
0.38791667	2.64282299e-07	
0.38950000	4.96197833e-07	
0.39108333	4.80857680e-07	
0.39266667	6.00078126e-07	
0.39425000	7.53391669e-07	
0.39583333	4.49227013e-07	
0.39741667	1.29228039e-07	
0.39900000	4.68320209e-08	
0.40058333	2.00025771e-07	
0.40216667	1.57419382e-07	
0.40375000	9.50304191e-08	
0.40533333	1.84244529e-07	
0.40691667	4.13620363e-07	
0.40850000	5.35736391e-07	
0.41008333	6.25097809e-07	
0.41166667	5.15573862e-07	
0.41325000	8.33131575e-07	
0.41483333	4.88359161e-07	
0.41641667	1.58595126e-07	
0.41800000	6.23973418e-08	
0.41958333	7.90342393e-08	
0.42116667	2.04822877e-07	
0.42275000	1.32253126e-07	
0.42433333	1.82869892e-07	
0.42591667	4.01866528e-07	
0.42750000	5.00000179e-07	
0.42908333	5.90138688e-07	
0.43066667	5.55517766e-07	
0.43225000	6.68139380e-07	
0.43383333	5.99690645e-07	
0.43541667	2.47127077e-07	
0.43700000	3.44305689e-08	
0.43858333	9.04418952e-08	
0.44016667	2.05244911e-07	
0.44175000	1.43885086e-07	
0.44333333	6.58113810e-08	
0.44491667	2.07716694e-07	
0.44650000	1.41888401e-07	
0.44808333	3.30533607e-07	
0.44966667	3.62820372e-07	
0.45125000	5.25173477e-07	
0.45283333	6.71850442e-07	
0.45441667	4.85870297e-07	
0.45600000	2.39953715e-07	
0.45758333	1.10491334e-07	
0.45916667	2.33384606e-07	
0.46075000	4.13206057e-07	
0.46233333	2.15625453e-07	
0.46391667	2.68921519e-07	
0.46550000	2.16879784e-07	
0.46708333	6.69000531e-07	
0.46866667	5.35000742e-07	
0.47025000	4.73123341e-07	
0.47183333	5.85342577e-07	
0.47341667	5.78212113e-07	
0.47500000	3.43384224e-07	
0.47658333	-5.07923996e-08	
0.47816667	-8.64231689e-08	
0.47975000	6.32700920e-08	
0.48133333	1.09367776e-07	
0.48291667	3.80523459e-08	
0.48450000	1.49780611e-07	
0.48608333	4.34274930e-07	
0.48766667	5.61058767e-07	
0.48925000	4.87295785e-07	
0.49083333	5.71290594e-07	
0.49241667	6.18848320e-07	
0.49400000	6.21853527e-07	
0.49558333	4.11883278e-07	
0.49716667	5.71685272e-08	
0.49875000	5.35818953e-08	
0.50033333	1.72196835e-07	
0.50191667	3.01918311e-07	
0.50350000	4.21701190e-07	
0.50508333	5.04364791e-07	
0.50666667	8.67384392e-07	
0.50825000	1.00585329e-06	
0.50983333	1.17701389e-06	
0.51141667	1.29023204e-06	
0.51300000	1.64073844e-06	
0.51458333	2.14331048e-06	
0.51616667	2.43666687e-06	
0.51775000	3.30759264e-06	
0.51933333	4.66809439e-06	
0.52091667	6.75432016e-06	
0.52250000	9.85433478e-06	
0.52408333	1.37842659e-05	
0.52566667	1.89034717e-05	
0.52725000	2.52459919e-05	
0.52883333	3.36810940e-05	
0.53041667	4.40473581e-05	
0.53200000	5.42744742e-05	
0.53358333	6.50926401e-05	
0.53516667	7.88598677e-05	
0.53675000	9.87830063e-05	
0.53833333	1.27204491e-04	
0.53991667	1.73949446e-04	
0.54150000	2.56328401e-04	
0.54308333	3.67407222e-04	
0.54466667	5.18585577e-04	
0.54625000	7.67465863e-04	
0.54783333	7.36650567e-04	
0.54941667	9.81743054e-04	
0.55100000	2.07198147e-03	
0.55258333	2.14626019e-03	
0.55416667	4.83968146e-03	
0.55575000	4.80674893e-03	
0.55733333	2.77050402e-03	
0.55891667	5.29713783e-03	
0.56050000	1.28509046e-02	
0.56208333	2.34238418e-02	
0.56366667	3.22910424e-02	
0.56525000	3.88030257e-02	
0.56683333	4.61259023e-02	
0.56841667	4.94001622e-02	
0.57000000	4.99653444e-02	
0.57158333	6.31152311e-02	
0.57316667	7.96098231e-02	
0.57475000	1.00100780e-01	
0.57633333	1.29310243e-01	
0.57791667	1.59624497e-01	
0.57950000	1.88278654e-01	
0.58108333	5.05322515e-01	
0.58266667	7.43760471e-01	
0.58425000	2.72964855e+00	
0.58583333	9.26741551e+00	
0.58741667	9.83752271e+00	
0.58900000	1.00612729e+01	
0.59058333	1.09954583e+01	
0.59216667	1.15700575e+01	
0.59375000	1.27519398e+01	
0.59533333	1.53107780e+01	
0.59691667	1.59393431e+01	
0.59850000	1.84507417e+01	
0.60008333	2.07534100e+01	
0.60166667	2.13199910e+01	
0.60325000	2.31067341e+01	
0.60483333	2.36955640e+01	
0.60641667	2.38890470e+01	
0.60800000	2.51703392e+01	
0.60958333	2.55899683e+01	
0.61116667	2.57300219e+01	
0.61275000	2.60788039e+01	
0.61433333	2.72977652e+01	
0.61591667	2.90769392e+01	
0.61750000	3.03381340e+01	
0.61908333	3.08816392e+01	
0.62066667	3.25812075e+01	
0.62225000	3.32408882e+01	
0.62383333	3.45924881e+01	
0.62541667	3.60724854e+01	
0.62700000	3.72620514e+01	
0.62858333	3.74488785e+01	
