start voltage : 0.00 V 
set voltage : 0.10 V 
High G : 30.00 G0 
Intermediate G : 20.00 G0 
Low G : 10.00 G0 
Breaking speed 1 : 300.00 V/s 
Breaking speed 2 : 300.00 V/s 
Making speed : 500.00 V/s 
Post breaking : 230.00 V/s 
@ 
0.00000000	4.24025800e+01	
0.00158333	4.27489455e+01	
0.00316667	4.28429359e+01	
0.00475000	4.28603517e+01	
0.00633333	4.27916769e+01	
0.00791667	4.28857238e+01	
0.00950000	4.27807329e+01	
0.01108333	4.30856710e+01	
0.01266667	4.25988930e+01	
0.01425000	4.28849608e+01	
0.01583333	4.28805862e+01	
0.01741667	4.28417145e+01	
0.01900000	4.28414176e+01	
0.02058333	4.27341492e+01	
0.02216667	4.26191275e+01	
0.02375000	4.28359944e+01	
0.02533333	4.27194243e+01	
0.02691667	4.27957885e+01	
0.02850000	4.28726976e+01	
0.03008333	4.28512454e+01	
0.03166667	4.28857350e+01	
0.03325000	4.27698903e+01	
0.03483333	4.28012079e+01	
0.03641667	4.26138246e+01	
0.03800000	4.29830891e+01	
0.03958333	4.29447999e+01	
0.04116667	4.26740771e+01	
0.04275000	4.29300412e+01	
0.04433333	4.27458787e+01	
0.04591667	4.27696234e+01	
0.04750000	4.27934696e+01	
0.04908333	4.28660229e+01	
0.05066667	4.29242723e+01	
0.05225000	4.28404216e+01	
0.05383333	4.28217205e+01	
0.05541667	4.27427067e+01	
0.05700000	4.27310486e+01	
0.05858333	4.27970926e+01	
0.06016667	4.26836681e+01	
0.06175000	4.28116145e+01	
0.06333333	4.26440523e+01	
0.06491667	4.27443115e+01	
0.06650000	4.27908802e+01	
0.06808333	4.25815937e+01	
0.06966667	4.28079502e+01	
0.07125000	4.27949767e+01	
0.07283333	4.26155158e+01	
0.07441667	4.27101113e+01	
0.07600000	4.26380691e+01	
0.07758333	4.28831381e+01	
0.07916667	4.25774671e+01	
0.08075000	4.26207435e+01	
0.08233333	4.25735735e+01	
0.08391667	4.26142117e+01	
0.08550000	4.27688981e+01	
0.08708333	4.26046318e+01	
0.08866667	4.27341604e+01	
0.09025000	4.26246671e+01	
0.09183333	4.24153355e+01	
0.09341667	4.26869754e+01	
0.09500000	4.25741260e+01	
0.09658333	4.26025798e+01	
0.09816667	4.25852129e+01	
0.09975000	4.24411736e+01	
0.10133333	4.23987052e+01	
0.10291667	4.22756822e+01	
0.10450000	4.23966945e+01	
0.10608333	4.23952852e+01	
0.10766667	4.23080108e+01	
0.10925000	4.22349539e+01	
0.11083333	4.20184139e+01	
0.11241667	4.21494796e+01	
0.11400000	4.21280162e+01	
0.11558333	4.21256522e+01	
0.11716667	4.23217585e+01	
0.11875000	4.21665873e+01	
0.12033333	4.22389188e+01	
0.12191667	4.23417149e+01	
0.12350000	4.20259267e+01	
0.12508333	4.23157829e+01	
0.12666667	4.22117015e+01	
0.12825000	4.22583227e+01	
0.12983333	4.22422900e+01	
0.13141667	4.19858185e+01	
0.13300000	4.21381372e+01	
0.13458333	4.19974879e+01	
0.13616667	4.20217700e+01	
0.13775000	4.18114312e+01	
0.13933333	4.19378780e+01	
0.14091667	4.18444062e+01	
0.14250000	4.19227059e+01	
0.14408333	4.18765206e+01	
0.14566667	4.17808051e+01	
0.14725000	4.16325152e+01	
0.14883333	4.15985105e+01	
0.15041667	4.14586842e+01	
0.15200000	4.15894493e+01	
0.15358333	4.14151259e+01	
0.15516667	4.15700191e+01	
0.15675000	4.14786669e+01	
0.15833333	4.12170315e+01	
0.15991667	4.15112323e+01	
0.16150000	4.10007434e+01	
0.16308333	4.10043025e+01	
0.16466667	4.10841167e+01	
0.16625000	4.08330909e+01	
0.16783333	4.07584706e+01	
0.16941667	4.06472598e+01	
0.17100000	4.06877476e+01	
0.17258333	4.07921183e+01	
0.17416667	4.05970794e+01	
0.17575000	4.09078240e+01	
0.17733333	4.07523183e+01	
0.17891667	4.09637019e+01	
0.18050000	4.08678211e+01	
0.18208333	4.04603124e+01	
0.18366667	4.07118230e+01	
0.18525000	4.05953581e+01	
0.18683333	4.06220268e+01	
0.18841667	4.05905889e+01	
0.19000000	4.06356242e+01	
0.19158333	4.05517096e+01	
0.19316667	4.04562347e+01	
0.19475000	4.06154724e+01	
0.19633333	4.06280362e+01	
0.19791667	4.05002778e+01	
0.19950000	4.05687120e+01	
0.20108333	4.05488195e+01	
0.20266667	4.05762699e+01	
0.20425000	4.06085722e+01	
0.20583333	4.05192044e+01	
0.20741667	4.05202530e+01	
0.20900000	4.02200465e+01	
0.21058333	4.02912731e+01	
0.21216667	4.02221361e+01	
0.21375000	4.01256351e+01	
0.21533333	4.02960349e+01	
0.21691667	4.00255337e+01	
0.21850000	4.02351397e+01	
0.22008333	4.01270971e+01	
0.22166667	4.02717565e+01	
0.22325000	4.00549159e+01	
0.22483333	3.99550775e+01	
0.22641667	3.99428031e+01	
0.22800000	3.98317388e+01	
0.22958333	3.97220952e+01	
0.23116667	3.97364179e+01	
0.23275000	3.96406874e+01	
0.23433333	3.96187429e+01	
0.23591667	3.95031762e+01	
0.23750000	3.95419728e+01	
0.23908333	3.95172885e+01	
0.24066667	3.95358393e+01	
0.24225000	3.94926493e+01	
0.24383333	3.95914992e+01	
0.24541667	3.95091481e+01	
0.24700000	3.93677246e+01	
0.24858333	3.92489860e+01	
0.25016667	3.91434389e+01	
0.25175000	3.90538418e+01	
0.25333333	3.87618660e+01	
0.25491667	3.89640644e+01	
0.25650000	3.87759520e+01	
0.25808333	3.88367043e+01	
0.25966667	3.85095248e+01	
0.26125000	3.84097729e+01	
0.26283333	3.83841716e+01	
0.26441667	3.83365093e+01	
0.26600000	3.84889182e+01	
0.26758333	3.82780119e+01	
0.26916667	3.82607765e+01	
0.27075000	3.81782037e+01	
0.27233333	3.79859571e+01	
0.27391667	3.80522642e+01	
0.27550000	3.79544591e+01	
0.27708333	3.78873515e+01	
0.27866667	3.81591681e+01	
0.28025000	3.79733632e+01	
0.28183333	3.81013509e+01	
0.28341667	3.78381784e+01	
0.28500000	3.78712098e+01	
0.28658333	3.79250319e+01	
0.28816667	3.77741413e+01	
0.28975000	3.78352056e+01	
0.29133333	3.74007051e+01	
0.29291667	3.74456840e+01	
0.29450000	3.72659149e+01	
0.29608333	3.71311097e+01	
0.29766667	3.72206353e+01	
0.29925000	3.71070530e+01	
0.30083333	3.73267762e+01	
0.30241667	3.69526410e+01	
0.30400000	3.68150058e+01	
0.30558333	3.67162198e+01	
0.30716667	3.64756871e+01	
0.30875000	3.65144010e+01	
0.31033333	3.65580833e+01	
0.31191667	3.64942867e+01	
0.31350000	3.66660432e+01	
0.31508333	3.65351090e+01	
0.31666667	3.65929825e+01	
0.31825000	3.64703240e+01	
0.31983333	3.64715567e+01	
0.32141667	3.65525586e+01	
0.32300000	3.64030962e+01	
0.32458333	3.61759617e+01	
0.32616667	3.61213954e+01	
0.32775000	3.60508716e+01	
0.32933333	3.59730379e+01	
0.33091667	3.57537695e+01	
0.33250000	3.56359291e+01	
0.33408333	3.54873348e+01	
0.33566667	3.55336554e+01	
0.33725000	3.54363201e+01	
0.33883333	3.52802168e+01	
0.34041667	3.54663862e+01	
0.34200000	3.52212609e+01	
0.34358333	3.49581372e+01	
0.34516667	3.51164278e+01	
0.34675000	3.50054312e+01	
0.34833333	3.46747453e+01	
0.34991667	3.43723064e+01	
0.35150000	3.41447472e+01	
0.35308333	3.40197022e+01	
0.35466667	3.39147226e+01	
0.35625000	3.41244864e+01	
0.35783333	3.38184208e+01	
0.35941667	3.37955217e+01	
0.36100000	3.35165269e+01	
0.36258333	3.34419216e+01	
0.36416667	3.35731564e+01	
0.36575000	3.35120057e+01	
0.36733333	3.35410533e+01	
0.36891667	3.37380428e+01	
0.37050000	3.34550718e+01	
0.37208333	3.37029932e+01	
0.37366667	3.36290945e+01	
0.37525000	3.33137159e+01	
0.37683333	3.30516972e+01	
0.37841667	3.27835074e+01	
0.38000000	3.29699962e+01	
0.38158333	3.28568424e+01	
0.38316667	3.28932825e+01	
0.38475000	3.28316320e+01	
0.38633333	3.28373746e+01	
0.38791667	3.28631187e+01	
0.38950000	3.26019531e+01	
0.39108333	3.25444592e+01	
0.39266667	3.23438994e+01	
0.39425000	3.20328202e+01	
0.39583333	3.21166408e+01	
0.39741667	3.20811064e+01	
0.39900000	3.21366837e+01	
0.40058333	3.20779984e+01	
0.40216667	3.18762622e+01	
0.40375000	3.21204066e+01	
0.40533333	3.20204668e+01	
0.40691667	3.18107256e+01	
0.40850000	3.13110624e+01	
0.41008333	3.10876053e+01	
0.41166667	3.12173331e+01	
0.41325000	3.11190000e+01	
0.41483333	3.10847058e+01	
0.41641667	3.11312970e+01	
0.41800000	3.11190996e+01	
0.41958333	3.12219858e+01	
0.42116667	3.11479781e+01	
0.42275000	3.11081762e+01	
0.42433333	3.06870269e+01	
0.42591667	3.00554523e+01	
0.42750000	2.97094721e+01	
0.42908333	2.94766025e+01	
0.43066667	2.95801182e+01	
0.43225000	2.95909590e+01	
0.43383333	2.95396492e+01	
0.43541667	2.94415209e+01	
0.43700000	2.94359794e+01	
0.43858333	2.95705384e+01	
0.44016667	2.93752853e+01	
0.44175000	2.91126314e+01	
0.44333333	2.93544607e+01	
0.44491667	2.91883698e+01	
0.44650000	2.91452644e+01	
0.44808333	2.89393491e+01	
0.44966667	2.87184308e+01	
0.45125000	2.84090429e+01	
0.45283333	2.87025558e+01	
0.45441667	2.86977885e+01	
0.45600000	2.85487789e+01	
0.45758333	2.85177751e+01	
0.45916667	2.85867975e+01	
0.46075000	2.84124516e+01	
0.46233333	2.85869497e+01	
0.46391667	2.81268178e+01	
0.46550000	2.80463703e+01	
0.46708333	2.81032779e+01	
0.46866667	2.79434164e+01	
0.47025000	2.79906315e+01	
0.47183333	2.78878993e+01	
0.47341667	2.77466487e+01	
0.47500000	2.76977461e+01	
0.47658333	2.76057024e+01	
0.47816667	2.76266191e+01	
0.47975000	2.72191686e+01	
0.48133333	2.70381668e+01	
0.48291667	2.70513114e+01	
0.48450000	2.69942703e+01	
0.48608333	2.70829315e+01	
0.48766667	2.67340217e+01	
0.48925000	2.68841682e+01	
0.49083333	2.67481396e+01	
0.49241667	2.66082194e+01	
0.49400000	2.65987693e+01	
0.49558333	2.64960935e+01	
0.49716667	2.61493879e+01	
0.49875000	2.61287625e+01	
0.50033333	2.59382504e+01	
0.50191667	2.62537606e+01	
0.50350000	2.59997808e+01	
0.50508333	2.60317918e+01	
0.50666667	2.55503430e+01	
0.50825000	2.49820877e+01	
0.50983333	2.46276965e+01	
0.51141667	2.44425117e+01	
0.51300000	2.45482655e+01	
0.51458333	2.44213301e+01	
0.51616667	2.42164615e+01	
0.51775000	2.40588736e+01	
0.51933333	2.39575358e+01	
0.52091667	2.41336143e+01	
0.52250000	2.39492732e+01	
0.52408333	2.34618488e+01	
0.52566667	2.34884949e+01	
0.52725000	2.34687171e+01	
0.52883333	2.35499538e+01	
0.53041667	2.35057754e+01	
0.53200000	2.31693318e+01	
0.53358333	2.32024139e+01	
0.53516667	2.28717993e+01	
0.53675000	2.27147696e+01	
0.53833333	2.23502536e+01	
0.53991667	2.20136427e+01	
0.54150000	2.20262217e+01	
0.54308333	2.19040668e+01	
0.54466667	2.17147160e+01	
0.54625000	2.14831580e+01	
0.54783333	2.14132261e+01	
0.54941667	2.11451039e+01	
0.55100000	2.11662404e+01	
0.55258333	2.10151920e+01	
0.55416667	2.07519932e+01	
0.55575000	2.07609886e+01	
0.55733333	2.06087450e+01	
0.55891667	2.07193583e+01	
0.56050000	2.06074184e+01	
0.56208333	1.97589975e+01	
0.56366667	1.97661157e+01	
0.56525000	1.96424105e+01	
0.56683333	1.97148905e+01	
0.56841667	1.98344917e+01	
0.57000000	1.95255191e+01	
0.57158333	1.95288621e+01	
0.57316667	1.95698816e+01	
0.57475000	1.94626677e+01	
0.57633333	1.94771652e+01	
0.57791667	1.95787530e+01	
0.57950000	1.96427713e+01	
0.58108333	1.93392632e+01	
0.58266667	1.82982858e+01	
0.58425000	1.85803850e+01	
0.58583333	1.80573998e+01	
0.58741667	1.78771065e+01	
0.58900000	1.75980760e+01	
0.59058333	1.77190883e+01	
0.59216667	1.74365420e+01	
0.59375000	1.73422095e+01	
0.59533333	1.71793244e+01	
0.59691667	1.70868974e+01	
0.59850000	1.70798281e+01	
0.60008333	1.66757733e+01	
0.60166667	1.64200083e+01	
0.60325000	1.58590290e+01	
0.60483333	1.52765383e+01	
0.60641667	1.52500501e+01	
0.60800000	1.52863258e+01	
0.60958333	1.50388657e+01	
0.61116667	1.50841932e+01	
0.61275000	1.47414159e+01	
0.61433333	1.45352112e+01	
0.61591667	1.46379058e+01	
0.61750000	1.42830128e+01	
0.61908333	1.42649186e+01	
0.62066667	1.42335164e+01	
0.62225000	1.39006225e+01	
0.62383333	1.36278965e+01	
0.62541667	1.32416502e+01	
0.62700000	1.31759416e+01	
0.62858333	1.30238822e+01	
0.63016667	1.29467513e+01	
0.63175000	1.19037407e+01	
0.63333333	1.16992441e+01	
0.63491667	1.15311623e+01	
0.63650000	1.03950284e+01	
0.63808333	1.05662193e+01	
0.63966667	1.07469045e+01	
0.64125000	1.04642745e+01	
0.64283333	9.78439869e+00	
0.64441667	8.89283206e+00	
0.64600000	8.55838124e+00	
0.64758333	8.22552204e+00	
0.64916667	8.17290539e+00	
0.65075000	8.15958328e+00	
0.65233333	7.94106460e+00	
0.65391667	7.39028475e+00	
0.65550000	7.75148549e+00	
0.65708333	7.53496856e+00	
0.65866667	7.73062759e+00	
0.66025000	7.12274467e+00	
0.66183333	6.98215314e+00	
0.66341667	6.87257717e+00	
0.66500000	6.22986358e+00	
0.66658333	5.85565736e+00	
0.66816667	4.85388759e+00	
0.66975000	4.48881865e+00	
0.67133333	4.07101609e+00	
0.67291667	3.81398388e+00	
0.67450000	3.64570545e+00	
0.67608333	3.33968097e+00	
0.67766667	1.25142838e+00	
0.67925000	9.55573880e-01	
0.68083333	2.50534241e-02	
0.68241667	1.10590692e-02	
0.68400000	9.58256363e-04	
0.68558333	5.57328693e-05	
0.68716667	1.09328912e-05	
0.68875000	-4.39098096e-06	
0.69033333	-9.59282545e-06	
0.69191667	-9.12724475e-06	
0.69350000	-5.28915688e-06	
0.69508333	1.42039579e-07	
0.69666667	5.62138395e-06	
0.69825000	9.66220584e-06	
0.69983333	1.19301392e-05	
0.70141667	1.29541563e-05	
0.70300000	1.30057682e-05	
0.70458333	1.23254927e-05	
0.70616667	1.11672021e-05	
0.70775000	9.72413207e-06	
0.70933333	8.61134870e-06	
0.71091667	6.83502560e-06	
0.71250000	5.46672517e-06	
0.71408333	4.35399287e-06	
0.71566667	3.33540304e-06	
0.71725000	2.76838499e-06	
0.71883333	2.16914556e-06	
0.72041667	1.63392540e-06	
0.72200000	1.54838548e-06	
0.72358333	1.36950953e-06	
0.72516667	1.16731873e-06	
0.72675000	9.81342786e-07	
0.72833333	8.65051552e-07	
0.72991667	8.56363658e-07	
0.73150000	7.14761024e-07	
0.73308333	3.55327320e-07	
0.73466667	2.87139696e-07	
0.73625000	4.34793738e-07	
0.73783333	4.06836303e-07	
0.73941667	1.04770089e-07	
0.74100000	5.16594340e-07	
0.74258333	5.21356122e-07	
0.74416667	5.71300171e-07	
0.74575000	5.73286356e-07	
0.74733333	5.42045858e-07	
0.74891667	6.39099613e-07	
0.75050000	6.50521549e-07	
0.75208333	1.39141799e-07	
0.75366667	1.67660239e-07	
0.75525000	2.08149314e-07	
0.75683333	2.39001924e-07	
0.75841667	8.93193878e-08	
0.76000000	2.90128246e-08	
0.76158333	2.39486038e-07	
0.76316667	2.51835432e-07	
0.76475000	4.33929675e-07	
0.76633333	3.91798816e-07	
0.76791667	4.85307080e-07	
0.76950000	6.09843340e-07	
0.77108333	4.90407453e-07	
0.77266667	5.97786055e-07	
0.77425000	2.50151156e-07	
0.77583333	3.68679999e-07	
0.77741667	1.75689277e-07	
0.77900000	7.13241494e-08	
0.78058333	2.17208588e-07	
0.78216667	2.13421516e-07	
0.78375000	4.01546082e-07	
0.78533333	3.64143207e-07	
0.78691667	2.57929541e-07	
0.78850000	4.18157687e-07	
0.79008333	4.31813620e-07	
0.79166667	2.46097695e-07	
0.79325000	4.90014777e-08	
0.79483333	5.22886494e-09	
0.79641667	2.01352940e-08	
0.79800000	-5.74446231e-08	
0.79958333	1.33833671e-07	
0.80116667	1.91063731e-07	
0.80275000	2.91919511e-07	
0.80433333	4.51949463e-07	
0.80591667	3.55846995e-07	
0.80750000	5.01080636e-07	
0.80908333	4.70184330e-07	
0.81066667	1.64506668e-07	
0.81225000	-1.07959271e-07	
0.81383333	-1.16420229e-07	
0.81541667	1.17102731e-07	
0.81700000	-5.00393723e-08	
0.81858333	1.01979263e-08	
0.82016667	4.92697403e-08	
0.82175000	2.28010311e-07	
0.82333333	3.87044931e-07	
0.82491667	3.23783456e-07	
0.82650000	3.54247983e-07	
0.82808333	4.80554539e-07	
0.82966667	6.18574132e-07	
0.83125000	5.88628636e-07	
0.83283333	6.82307316e-08	
0.83441667	-2.24728502e-09	
0.83600000	4.83711064e-08	
0.83758333	1.22634569e-07	
0.83916667	9.80468264e-08	
0.84075000	-1.05556966e-07	
0.84233333	3.06602950e-07	
0.84391667	2.44533628e-07	
0.84550000	1.96827454e-07	
0.84708333	3.01745796e-07	
0.84866667	2.09014189e-07	
0.85025000	3.15002150e-07	
0.85183333	2.55812142e-07	
0.85341667	-5.05752428e-08	
0.85500000	1.89957528e-07	
0.85658333	1.73796700e-07	
0.85816667	2.25735755e-07	
0.85975000	6.22937862e-08	
0.86133333	9.97754420e-08	
0.86291667	4.44430202e-07	
0.86450000	4.23386446e-07	
0.86608333	4.62319029e-07	
0.86766667	4.41232374e-07	
0.86925000	4.05669855e-07	
0.87083333	1.43143235e-07	
0.87241667	-8.25342354e-08	
0.87400000	3.53469835e-08	
0.87558333	4.64872799e-08	
0.87716667	1.17466377e-07	
0.87875000	8.66213968e-08	
0.88033333	6.32612786e-08	
0.88191667	3.04640173e-07	
0.88350000	3.63235127e-07	
0.88508333	3.47030912e-07	
0.88666667	3.37223051e-07	
0.88825000	3.51223204e-07	
0.88983333	4.99913375e-07	
0.89141667	1.67746581e-07	
0.89300000	1.85387831e-08	
0.89458333	1.99202478e-08	
0.89616667	-4.96957899e-09	
0.89775000	-1.94886382e-08	
0.89933333	-9.27405533e-08	
0.90091667	7.15065636e-08	
0.90250000	3.89895683e-07	
0.90408333	3.91712348e-07	
0.90566667	4.58387484e-07	
0.90725000	3.26851386e-07	
0.90883333	3.35278840e-07	
0.91041667	4.23455441e-07	
0.91200000	3.31588947e-07	
0.91358333	1.50678079e-07	
0.91516667	1.10102214e-07	
0.91675000	2.56589709e-07	
0.91833333	9.86429942e-08	
0.91991667	-5.02116395e-08	
0.92150000	3.45260140e-07	
0.92308333	4.33265989e-07	
0.92466667	5.19704384e-07	
0.92625000	5.59372419e-07	
0.92783333	5.29427988e-07	
0.92941667	7.38007387e-07	
0.93100000	4.71004094e-07	
0.93258333	3.51352289e-07	
0.93416667	1.90415180e-07	
0.93575000	1.93639287e-07	
0.93733333	3.15409513e-07	
0.93891667	1.29133772e-07	
0.94050000	2.20567955e-07	
0.94208333	3.82422904e-07	
0.94366667	5.76786289e-07	
0.94525000	5.39149240e-07	
0.94683333	5.83180768e-07	
0.94841667	6.34473973e-07	
0.95000000	5.42089260e-07	
0.95158333	3.66260662e-07	
0.95316667	1.36366231e-07	
0.95475000	2.15019898e-07	
0.95633333	3.19289731e-07	
0.95791667	2.05124842e-07	
0.95950000	2.21329239e-07	
0.96108333	3.43229181e-07	
0.96266667	3.51220936e-07	
0.96425000	7.15281063e-07	
0.96583333	5.50687046e-07	
0.96741667	5.86725783e-07	
0.96900000	5.37508030e-07	
0.97058333	4.88595268e-07	
0.97216667	3.37177801e-07	
0.97375000	2.17845813e-07	
0.97533333	2.94642297e-07	
0.97691667	3.11555728e-07	
0.97850000	1.33748057e-07	
0.98008333	3.67686150e-07	
0.98166667	3.99635388e-07	
0.98325000	4.70789213e-07	
0.98483333	4.80512033e-07	
0.98641667	4.57583120e-07	
0.98800000	5.32498046e-07	
0.98958333	5.69268512e-07	
0.99116667	3.63751638e-07	
0.99275000	3.56408532e-07	
0.99433333	2.14371585e-07	
0.99591667	3.06109651e-07	
0.99750000	2.07544599e-07	
0.99908333	1.00431700e-07	
1.00066667	3.45622140e-07	
1.00225000	4.66355578e-07	
1.00383333	6.07120722e-07	
1.00541667	4.65689260e-07	
1.00700000	5.53367774e-07	
1.00858333	5.67063357e-07	
1.01016667	6.12479826e-07	
1.01175000	2.65793918e-07	
1.01333333	3.21838797e-07	
1.01491667	3.52389540e-07	
1.01650000	2.57497314e-07	
1.01808333	1.82914526e-07	
1.01966667	2.11130020e-07	
1.02125000	5.25279658e-07	
1.02283333	5.84305018e-07	
1.02441667	5.73071306e-07	
1.02600000	4.98401588e-07	
1.02758333	5.10974936e-07	
1.02916667	5.40618242e-07	
1.03075000	5.82622311e-07	
1.03233333	1.63348620e-07	
1.03391667	7.79272307e-08	
1.03550000	2.53003392e-07	
1.03708333	1.40048662e-07	
1.03866667	5.32364438e-08	
1.04025000	2.08746693e-07	
1.04183333	2.98548640e-07	
1.04341667	5.55500630e-07	
1.04500000	4.65085861e-07	
1.04658333	5.45243153e-07	
1.04816667	5.91392640e-07	
1.04975000	5.94633058e-07	
1.05133333	6.00899907e-07	
1.05291667	2.58655278e-07	
1.05450000	2.88081938e-07	
1.05608333	3.83328856e-07	
1.05766667	2.99282413e-07	
1.05925000	2.87399016e-07	
1.06083333	2.98591734e-07	
1.06241667	5.27050121e-07	
1.06400000	5.42518911e-07	
1.06558333	6.01071779e-07	
1.06716667	6.33738828e-07	
1.06875000	5.07389767e-07	
1.07033333	6.70943202e-07	
1.07191667	4.76665500e-07	
1.07350000	1.53634746e-07	
1.07508333	1.25986655e-07	
1.07666667	1.28329506e-07	
1.07825000	1.52632007e-07	
1.07983333	8.60345324e-08	
1.08141667	4.10250300e-07	
1.08300000	4.75480879e-07	
1.08458333	4.99136117e-07	
1.08616667	4.05496639e-07	
1.08775000	3.38406413e-07	
1.08933333	5.84235911e-07	
1.09091667	4.46243955e-07	
1.09250000	2.68603536e-07	
1.09408333	2.68342901e-07	
1.09566667	2.57496670e-07	
1.09725000	2.01667429e-07	
1.09883333	1.91124942e-07	
1.10041667	1.79933554e-07	
1.10200000	3.25469188e-07	
1.10358333	4.95418502e-07	
1.10516667	5.39106566e-07	
1.10675000	4.82239598e-07	
1.10833333	4.71566472e-07	
1.10991667	6.58475194e-07	
1.11150000	4.27274560e-07	
1.11308333	1.23281734e-07	
1.11466667	1.66925696e-07	
1.11625000	2.43591386e-07	
1.11783333	2.92212292e-07	
1.11941667	8.56362496e-08	
1.12100000	3.64204726e-07	
1.12258333	5.23765798e-07	
1.12416667	4.81340478e-07	
1.12575000	7.06853469e-07	
1.12733333	5.32150326e-07	
1.12891667	7.70073474e-07	
1.13050000	5.98653086e-07	
1.13208333	3.04813697e-07	
1.13366667	2.16532694e-07	
1.13525000	1.07380422e-07	
1.13683333	3.07537211e-07	
1.13841667	2.49891109e-07	
1.14000000	1.39555924e-07	
1.14158333	4.58733692e-07	
1.14316667	4.47585103e-07	
1.14475000	4.77444439e-07	
1.14633333	4.96370377e-07	
1.14791667	4.93570587e-07	
1.14950000	6.04399840e-07	
1.15108333	3.84753728e-07	
1.15266667	3.89681697e-07	
1.15425000	2.36064816e-07	
1.15583333	2.84633612e-07	
1.15741667	3.35064183e-07	
1.15900000	5.54052006e-08	
1.16058333	3.51664111e-07	
1.16216667	3.79440826e-07	
1.16375000	5.08124408e-07	
1.16533333	5.18495177e-07	
1.16691667	4.98705457e-07	
1.16850000	6.90606972e-07	
1.17008333	6.30023006e-07	
1.17166667	4.23152579e-07	
1.17325000	2.33341596e-07	
1.17483333	9.82194122e-08	
1.17641667	3.11356387e-07	
1.17800000	1.63494744e-07	
1.17958333	1.24578584e-07	
1.18116667	1.84373811e-07	
1.18275000	2.21026658e-07	
1.18433333	4.71566752e-07	
1.18591667	3.95514331e-07	
1.18750000	5.30463978e-07	
1.18908333	5.66934607e-07	
1.19066667	5.27180887e-07	
1.19225000	5.42175224e-07	
1.19383333	1.53573773e-07	
1.19541667	2.15996498e-07	
1.19700000	2.30360694e-07	
1.19858333	1.67860000e-07	
1.20016667	3.42779705e-07	
1.20175000	2.80529048e-07	
1.20333333	4.28528540e-07	
1.20491667	5.78644844e-07	
1.20650000	3.46131875e-07	
1.20808333	5.04839245e-07	
1.20966667	4.29695381e-07	
1.21125000	2.81989313e-07	
1.21283333	3.61637123e-07	
1.21441667	1.13256885e-07	
1.21600000	3.06412877e-07	
1.21758333	2.53608836e-07	
1.21916667	3.29296484e-07	
1.22075000	5.52070252e-07	
1.22233333	7.37369014e-07	
1.22391667	7.45918358e-07	
1.22550000	5.36169346e-07	
1.22708333	5.45026984e-07	
1.22866667	5.44897170e-07	
1.23025000	4.38658947e-07	
1.23183333	4.37085164e-07	
1.23341667	6.92680941e-08	
1.23500000	1.62215563e-07	
1.23658333	1.02886382e-07	
1.23816667	3.04637184e-08	
1.23975000	1.44732404e-07	
1.24133333	3.27656030e-07	
1.24291667	6.03447965e-07	
1.24450000	6.41344866e-07	
1.24608333	5.34570027e-07	
1.24766667	5.17675300e-07	
1.24925000	3.47938712e-07	
1.25083333	4.30679177e-07	
1.25241667	1.66415905e-07	
1.25400000	9.64048328e-08	
1.25558333	2.90078904e-07	
1.25716667	1.89223251e-07	
1.25875000	1.62552894e-07	
1.26033333	9.92569077e-08	
1.26191667	4.35831548e-07	
1.26350000	5.56823801e-07	
1.26508333	3.98842252e-07	
1.26666667	4.69882308e-07	
1.26825000	4.84313652e-07	
1.26983333	4.86397169e-07	
1.27141667	4.09773467e-07	
1.27300000	1.91815047e-07	
1.27458333	1.44627806e-07	
1.27616667	9.05715760e-08	
1.27775000	2.30567106e-07	
1.27933333	2.33376948e-07	
1.28091667	4.69761399e-07	
1.28250000	5.86250041e-07	
1.28408333	5.35909551e-07	
1.28566667	6.06601915e-07	
1.28725000	6.61826665e-07	
1.28883333	5.93474758e-07	
1.29041667	6.63774096e-07	
1.29200000	1.45406058e-07	
1.29358333	1.12696531e-07	
1.29516667	1.29374653e-07	
1.29675000	8.81511194e-08	
1.29833333	2.12773399e-07	
1.29991667	5.74887006e-08	
1.30150000	4.26713107e-07	
1.30308333	6.04097146e-07	
1.30466667	4.68498962e-07	
1.30625000	5.11365553e-07	
1.30783333	4.75628502e-07	
1.30941667	6.14951497e-07	
1.31100000	3.89767633e-07	
1.31258333	2.51619374e-07	
1.31416667	9.01394676e-08	
1.31575000	9.41145680e-08	
1.31733333	2.82862196e-07	
1.31891667	5.95887108e-08	
1.32050000	9.07687399e-08	
1.32208333	2.08996618e-07	
1.32366667	4.05367273e-07	
1.32525000	6.35166668e-07	
1.32683333	6.01243146e-07	
1.32841667	5.14424859e-07	
1.33000000	5.21606789e-07	
1.33158333	3.58957823e-07	
1.33316667	2.99239879e-07	
1.33475000	1.19868633e-07	
1.33633333	1.86967119e-07	
1.33791667	1.58784359e-07	
1.33950000	2.23619490e-07	
1.34108333	2.34059478e-07	
1.34266667	2.94788155e-07	
1.34425000	4.43868385e-07	
1.34583333	4.90407117e-07	
1.34741667	5.91911784e-07	
1.34900000	7.37931336e-07	
1.35058333	6.29807844e-07	
1.35216667	1.77771983e-07	
1.35375000	1.69717029e-07	
1.35533333	1.64030464e-07	
1.35691667	3.41542805e-07	
1.35850000	1.36678501e-07	
1.36008333	1.95445788e-07	
1.36166667	3.99586526e-07	
1.36325000	5.16116695e-07	
1.36483333	5.41568661e-07	
1.36641667	3.71704723e-07	
1.36800000	4.52294831e-07	
1.36958333	5.04495277e-07	
1.37116667	5.02635714e-07	
1.37275000	4.89500044e-07	
1.37433333	1.55483529e-07	
1.37591667	2.60824143e-07	
1.37750000	2.01279136e-07	
1.37908333	5.14384901e-08	
1.38066667	3.01789870e-07	
1.38225000	2.25666858e-07	
1.38383333	4.59208761e-07	
1.38541667	4.78870039e-07	
1.38700000	3.98366791e-07	
1.38858333	4.99222136e-07	
1.39016667	4.04251311e-07	
1.39175000	3.86527636e-07	
1.39333333	2.38699511e-07	
1.39491667	1.93543802e-07	
1.39650000	3.74903558e-07	
1.39808333	1.72198123e-07	
1.39966667	2.54135819e-07	
1.40125000	3.58006844e-07	
1.40283333	5.48007101e-07	
1.40441667	5.54705842e-07	
1.40600000	4.47757367e-07	
1.40758333	5.47920578e-07	
1.40916667	7.16706327e-07	
@ 
0.00000000	4.28917618e-07	
0.00158333	2.58343540e-07	
0.00316667	4.87171775e-08	
0.00475000	1.48086003e-07	
0.00633333	3.35225687e-08	
0.00791667	1.39303424e-08	
0.00950000	2.37315986e-08	
0.01108333	1.33911879e-07	
0.01266667	4.77642744e-07	
0.01425000	4.87685227e-07	
0.01583333	4.81895071e-07	
0.01741667	7.48899428e-07	
0.01900000	5.75535137e-07	
0.02058333	3.59346648e-07	
0.02216667	1.24655951e-07	
0.02375000	1.93163531e-07	
0.02533333	2.69769397e-07	
0.02691667	1.04528347e-07	
0.02850000	9.99658995e-08	
0.03008333	2.97528778e-07	
0.03166667	4.93779532e-07	
0.03325000	6.16541353e-07	
0.03483333	5.85817758e-07	
0.03641667	5.62959156e-07	
0.03800000	5.59028676e-07	
0.03958333	6.97345082e-07	
0.04116667	5.33272504e-07	
0.04275000	1.76389631e-07	
0.04433333	2.64238253e-07	
0.04591667	1.85221325e-07	
0.04750000	2.21224711e-07	
0.04908333	1.42856460e-07	
0.05066667	2.19505755e-07	
0.05225000	4.55672426e-07	
0.05383333	5.73157270e-07	
0.05541667	4.74937151e-07	
0.05700000	5.52545321e-07	
0.05858333	5.64342026e-07	
0.06016667	5.51672690e-07	
0.06175000	3.13153871e-07	
0.06333333	2.47126209e-07	
0.06491667	2.58750510e-07	
0.06650000	1.87710301e-07	
0.06808333	3.07190276e-07	
0.06966667	1.97623586e-07	
0.07125000	4.42140343e-07	
0.07283333	5.46237198e-07	
0.07441667	5.50988395e-07	
0.07600000	5.45545231e-07	
0.07758333	5.19100116e-07	
0.07916667	6.38752117e-07	
0.08075000	3.83952164e-07	
0.08233333	2.93077335e-07	
0.08391667	2.19773713e-07	
0.08550000	2.36539662e-07	
0.08708333	2.06939898e-07	
0.08866667	1.64047139e-07	
0.09025000	1.68265850e-07	
0.09183333	5.18278784e-07	
0.09341667	4.06230720e-07	
0.09500000	5.81323836e-07	
0.09658333	5.08815983e-07	
0.09816667	4.59942534e-07	
0.09975000	5.17794978e-07	
0.10133333	3.55762319e-07	
0.10291667	1.64851573e-07	
0.10450000	9.69231290e-08	
0.10608333	2.39520759e-07	
0.10766667	1.56986930e-07	
0.10925000	1.00933672e-07	
0.11083333	5.55787363e-07	
0.11241667	5.00865698e-07	
0.11400000	5.54575916e-07	
0.11558333	6.18053813e-07	
0.11716667	5.01211122e-07	
0.11875000	7.09980705e-07	
0.12033333	4.52379115e-07	
0.12191667	3.96077408e-07	
0.12350000	2.73788137e-07	
0.12508333	1.93068803e-07	
0.12666667	2.51965946e-07	
0.12825000	2.20482971e-07	
0.12983333	1.74306295e-07	
0.13141667	1.99636372e-07	
0.13300000	6.15418166e-07	
0.13458333	5.79940518e-07	
0.13616667	4.33107922e-07	
0.13775000	5.82870626e-07	
0.13933333	5.51508211e-07	
0.14091667	4.80901138e-07	
0.14250000	2.76596887e-07	
0.14408333	5.25885892e-08	
0.14566667	2.55508413e-07	
0.14725000	1.98859365e-07	
0.14883333	1.66442100e-07	
0.15041667	3.25901611e-07	
0.15200000	5.33895812e-07	
0.15358333	5.85602876e-07	
0.15516667	4.60114938e-07	
0.15675000	4.50220498e-07	
0.15833333	6.00855721e-07	
0.15991667	4.44386464e-07	
0.16150000	2.46098871e-07	
0.16308333	1.28605907e-07	
0.16466667	1.91815663e-07	
0.16625000	3.86958547e-07	
0.16783333	1.12868570e-07	
0.16941667	2.02403246e-07	
0.17100000	1.66001767e-07	
0.17258333	5.19791915e-07	
0.17416667	4.67029316e-07	
0.17575000	2.83640099e-07	
0.17733333	4.39461071e-07	
0.17891667	5.07181718e-07	
0.18050000	5.17466635e-07	
0.18208333	3.88289503e-07	
0.18366667	2.12643613e-07	
0.18525000	4.05150767e-07	
0.18683333	2.11571431e-07	
0.18841667	6.51632219e-08	
0.19000000	1.56425029e-07	
0.19158333	5.03283551e-07	
0.19316667	4.36954482e-07	
0.19475000	3.94304509e-07	
0.19633333	4.65690100e-07	
0.19791667	5.99775824e-07	
0.19950000	5.01574018e-07	
0.20108333	5.51591150e-07	
0.20266667	2.65525806e-07	
0.20425000	2.60824199e-07	
0.20583333	4.21657424e-07	
0.20741667	2.48094492e-07	
0.20900000	7.70281313e-08	
0.21058333	4.30810335e-07	
0.21216667	3.91107325e-07	
0.21375000	4.40757557e-07	
0.21533333	3.82249016e-07	
0.21691667	5.57530833e-07	
0.21850000	4.94555783e-07	
0.22008333	4.83450989e-07	
0.22166667	2.94684999e-07	
0.22325000	1.24190347e-07	
0.22483333	3.81470861e-07	
0.22641667	5.03196467e-07	
0.22800000	3.21364260e-07	
0.22958333	2.74782014e-07	
0.23116667	2.15737878e-07	
0.23275000	5.95592997e-07	
0.23433333	4.16903847e-07	
0.23591667	5.87416350e-07	
0.23750000	6.61136154e-07	
0.23908333	5.19358008e-07	
0.24066667	5.23679890e-07	
0.24225000	1.48518048e-07	
0.24383333	2.94054074e-07	
0.24541667	4.43781889e-07	
0.24700000	2.83570656e-07	
0.24858333	8.75900232e-08	
0.25016667	1.38172998e-07	
0.25175000	3.06456167e-07	
0.25333333	5.56952999e-07	
0.25491667	4.84055704e-07	
0.25650000	5.11019962e-07	
0.25808333	5.10415695e-07	
0.25966667	6.26307127e-07	
0.26125000	3.09264861e-07	
0.26283333	2.18649823e-08	
0.26441667	2.15711991e-07	
0.26600000	6.56818752e-08	
0.26758333	7.08236479e-08	
0.26916667	3.12721784e-07	
0.27075000	1.55241696e-07	
0.27233333	6.62217730e-07	
0.27391667	5.33747686e-07	
0.27550000	4.65300154e-07	
0.27708333	4.87858387e-07	
0.27866667	4.85092926e-07	
0.28025000	4.93130575e-07	
0.28183333	2.79473848e-07	
0.28341667	2.32607207e-07	
0.28500000	2.15452153e-07	
0.28658333	2.61472512e-07	
0.28816667	2.56677213e-07	
0.28975000	1.56606505e-07	
0.29133333	4.34664008e-07	
0.29291667	3.16325490e-07	
0.29450000	4.14138891e-07	
0.29608333	5.67195971e-07	
0.29766667	5.90225380e-07	
0.29925000	7.73614513e-07	
0.30083333	2.26644228e-07	
0.30241667	2.21978378e-07	
0.30400000	2.83207844e-07	
0.30558333	1.50332292e-07	
0.30716667	2.62639605e-07	
0.30875000	1.72949060e-07	
0.31033333	2.94832929e-07	
0.31191667	6.31059780e-07	
0.31350000	4.70616445e-07	
0.31508333	5.01512583e-07	
0.31666667	3.61558131e-07	
0.31825000	5.52373897e-07	
0.31983333	5.42867359e-07	
0.32141667	1.08719869e-07	
0.32300000	1.65067743e-07	
0.32458333	1.40437082e-07	
0.32616667	1.95160511e-07	
0.32775000	2.44835874e-07	
0.32933333	1.34050793e-07	
0.33091667	3.80805439e-07	
0.33250000	4.44819027e-07	
0.33408333	7.20940957e-07	
0.33566667	6.43375293e-07	
0.33725000	5.39279838e-07	
0.33883333	6.75178672e-07	
0.34041667	4.42657862e-07	
0.34200000	2.10733536e-07	
0.34358333	1.03966859e-07	
0.34516667	1.38751868e-07	
0.34675000	2.26644410e-07	
0.34833333	6.96128316e-08	
0.34991667	2.27076189e-07	
0.35150000	4.98186034e-07	
0.35308333	5.53756039e-07	
0.35466667	7.58230678e-07	
0.35625000	7.68128058e-07	
0.35783333	9.42230407e-07	
0.35941667	8.32986417e-07	
0.36100000	5.71083049e-07	
0.36258333	5.05358892e-07	
0.36416667	4.69881244e-07	
0.36575000	5.97960559e-07	
0.36733333	5.86517565e-07	
0.36891667	4.63269139e-07	
0.37050000	5.95496224e-07	
0.37208333	9.16040215e-07	
0.37366667	1.02437422e-06	
0.37525000	9.47069136e-07	
0.37683333	9.28314062e-07	
0.37841667	9.17033028e-07	
0.38000000	7.21587618e-07	
0.38158333	5.20266425e-07	
0.38316667	4.97710517e-07	
0.38475000	5.73935537e-07	
0.38633333	5.54490120e-07	
0.38791667	5.86717886e-07	
0.38950000	5.82578461e-07	
0.39108333	7.92421277e-07	
0.39266667	9.03942161e-07	
0.39425000	9.22956022e-07	
0.39583333	9.57135475e-07	
0.39741667	1.09113112e-06	
0.39900000	1.05950236e-06	
0.40058333	8.94006195e-07	
0.40216667	6.92420893e-07	
0.40375000	4.84487539e-07	
0.40533333	5.76700941e-07	
0.40691667	5.13914452e-07	
0.40850000	6.64477320e-07	
0.41008333	6.65682158e-07	
0.41166667	8.78230791e-07	
0.41325000	1.00894698e-06	
0.41483333	8.89246709e-07	
0.41641667	9.04375172e-07	
0.41800000	1.06033220e-06	
0.41958333	1.00259473e-06	
0.42116667	6.48959639e-07	
0.42275000	5.82923324e-07	
0.42433333	5.93338168e-07	
0.42591667	5.88281981e-07	
0.42750000	3.94737884e-07	
0.42908333	6.29247427e-07	
0.43066667	6.60142893e-07	
0.43225000	9.11935959e-07	
0.43383333	8.43185930e-07	
0.43541667	8.85846181e-07	
0.43700000	1.04098916e-06	
0.43858333	1.11520391e-06	
0.44016667	1.19717748e-06	
0.44175000	8.41371113e-07	
0.44333333	7.77070204e-07	
0.44491667	6.87106367e-07	
0.44650000	6.82094534e-07	
0.44808333	5.97831249e-07	
0.44966667	6.32833660e-07	
0.45125000	7.25218877e-07	
0.45283333	8.97201754e-07	
0.45441667	8.39641531e-07	
0.45600000	8.93529613e-07	
0.45758333	9.64217665e-07	
0.45916667	9.71439525e-07	
0.46075000	1.04559066e-06	
0.46233333	7.24483284e-07	
0.46391667	7.61905843e-07	
0.46550000	6.80019473e-07	
0.46708333	6.06170975e-07	
0.46866667	5.52803885e-07	
0.47025000	5.91867598e-07	
0.47183333	7.73011758e-07	
0.47341667	9.83625784e-07	
0.47500000	9.59983763e-07	
0.47658333	9.20273445e-07	
0.47816667	9.80729894e-07	
0.47975000	9.94209475e-07	
0.48133333	7.16575281e-07	
0.48291667	6.19481541e-07	
0.48450000	5.55570465e-07	
0.48608333	7.36668759e-07	
0.48766667	8.26939657e-07	
0.48925000	5.41794631e-07	
0.49083333	5.75230763e-07	
0.49241667	9.22735988e-07	
0.49400000	9.05412899e-07	
0.49558333	9.65302210e-07	
0.49716667	7.83899318e-07	
0.49875000	7.93967002e-07	
0.50033333	7.99492714e-07	
0.50191667	7.33730195e-07	
0.50350000	7.10700898e-07	
0.50508333	6.42338854e-07	
0.50666667	6.47567809e-07	
0.50825000	6.66798512e-07	
0.50983333	7.37447866e-07	
0.51141667	8.76802391e-07	
0.51300000	8.80650267e-07	
0.51458333	8.35536435e-07	
0.51616667	8.72224857e-07	
0.51775000	1.06050111e-06	
0.51933333	9.49790858e-07	
0.52091667	6.70988844e-07	
0.52250000	6.24450924e-07	
0.52408333	6.07985625e-07	
0.52566667	6.57118589e-07	
0.52725000	7.05903890e-07	
0.52883333	5.58984434e-07	
0.53041667	7.59701976e-07	
0.53200000	1.13435375e-06	
0.53358333	1.03517520e-06	
0.53516667	1.01287634e-06	
0.53675000	8.95602378e-07	
0.53833333	9.85525837e-07	
0.53991667	9.49957857e-07	
0.54150000	6.84280368e-07	
0.54308333	6.99163484e-07	
0.54466667	6.06084059e-07	
0.54625000	5.66676603e-07	
0.54783333	4.71522398e-07	
0.54941667	5.81497388e-07	
0.55100000	7.00458486e-07	
0.55258333	9.71179562e-07	
0.55416667	9.87556488e-07	
0.55575000	9.93909861e-07	
0.55733333	1.02441454e-06	
0.55891667	1.01356854e-06	
0.56050000	7.71587614e-07	
0.56208333	5.06263332e-07	
0.56366667	5.17370871e-07	
0.56525000	6.50375887e-07	
0.56683333	6.97951926e-07	
0.56841667	5.68316693e-07	
0.57000000	7.04257865e-07	
0.57158333	6.60834860e-07	
0.57316667	9.17725499e-07	
0.57475000	9.86559644e-07	
0.57633333	9.77314749e-07	
0.57791667	1.12177312e-06	
0.57950000	1.08897962e-06	
0.58108333	1.07573625e-06	
0.58266667	1.01179964e-06	
0.58425000	8.93482907e-07	
0.58583333	1.05543982e-06	
0.58741667	1.01858233e-06	
0.58900000	9.27544420e-07	
0.59058333	1.28766746e-06	
0.59216667	1.70868169e-06	
0.59375000	1.84360900e-06	
0.59533333	1.92844048e-06	
0.59691667	2.19597546e-06	
0.59850000	2.76760722e-06	
0.60008333	2.98212978e-06	
0.60166667	3.45813075e-06	
0.60325000	3.95207628e-06	
0.60483333	4.99511591e-06	
0.60641667	6.21070377e-06	
0.60800000	7.68191039e-06	
0.60958333	1.02222543e-05	
0.61116667	1.39028622e-05	
0.61275000	1.84905405e-05	
0.61433333	2.35851563e-05	
0.61591667	2.91855868e-05	
0.61750000	3.72542407e-05	
0.61908333	4.89378380e-05	
0.62066667	6.32528831e-05	
0.62225000	7.81438671e-05	
0.62383333	9.91350497e-05	
0.62541667	1.30053698e-04	
0.62700000	1.86586294e-04	
0.62858333	3.40943585e-04	
0.63016667	5.27426469e-04	
0.63175000	5.35394604e-04	
0.63333333	5.20130838e-04	
0.63491667	5.20081922e-04	
0.63650000	1.09200388e-03	
0.63808333	1.07264058e-03	
0.63966667	6.28517467e-04	
0.64125000	2.20136084e-03	
0.64283333	2.33380872e-03	
0.64441667	9.60957811e-03	
0.64600000	1.42257983e-02	
0.64758333	1.77835614e-02	
0.64916667	3.01148969e-02	
0.65075000	3.82440058e-02	
0.65233333	5.11524606e-02	
0.65391667	5.73261193e-02	
0.65550000	6.02313022e-02	
0.65708333	6.77171825e-02	
0.65866667	7.46366476e-02	
0.66025000	8.33617388e-02	
0.66183333	1.11102755e-01	
0.66341667	1.26224296e-01	
0.66500000	1.26502731e-01	
0.66658333	1.46337283e-01	
0.66816667	1.62714040e-01	
0.66975000	1.61217634e-01	
0.67133333	1.91634741e-01	
0.67291667	2.03179544e-01	
0.67450000	2.39069389e-01	
0.67608333	2.77855433e-01	
0.67766667	3.07430982e-01	
0.67925000	3.12053296e-01	
0.68083333	3.48134989e-01	
0.68241667	3.86153921e-01	
0.68400000	4.28678102e-01	
0.68558333	4.79681664e-01	
0.68716667	5.12965064e-01	
0.68875000	5.31589146e-01	
0.69033333	6.09913797e-01	
0.69191667	6.39639501e-01	
0.69350000	7.77285722e-01	
0.69508333	1.13256984e+00	
0.69666667	4.29155155e+00	
0.69825000	2.19574003e+01	
0.69983333	2.70685881e+01	
0.70141667	2.85050120e+01	
0.70300000	3.07283002e+01	
0.70458333	3.19924452e+01	
0.70616667	3.26123597e+01	
0.70775000	3.31853711e+01	
