start voltage : 0.00 V 
set voltage : 0.10 V 
High G : 30.00 G0 
Intermediate G : 20.00 G0 
Low G : 10.00 G0 
Breaking speed 1 : 300.00 V/s 
Breaking speed 2 : 300.00 V/s 
Making speed : 500.00 V/s 
Post breaking : 230.00 V/s 
@ 
0.00000000	2.97557175e+01	
0.00158333	3.01717124e+01	
0.00316667	3.01736422e+01	
0.00475000	3.00781147e+01	
0.00633333	3.00781109e+01	
0.00791667	3.01146976e+01	
0.00950000	3.01705605e+01	
0.01108333	3.02029999e+01	
0.01266667	3.03236609e+01	
0.01425000	3.01911407e+01	
0.01583333	3.02067826e+01	
0.01741667	3.01223438e+01	
0.01900000	3.01644927e+01	
0.02058333	3.02667176e+01	
0.02216667	3.01272991e+01	
0.02375000	3.02697430e+01	
0.02533333	3.00787235e+01	
0.02691667	3.02718006e+01	
0.02850000	3.00611743e+01	
0.03008333	3.00808375e+01	
0.03166667	3.00456094e+01	
0.03325000	2.99871609e+01	
0.03483333	3.00755290e+01	
0.03641667	2.99885345e+01	
0.03800000	3.00096372e+01	
0.03958333	2.99834985e+01	
0.04116667	2.99555877e+01	
0.04275000	2.99171820e+01	
0.04433333	2.99213856e+01	
0.04591667	2.98432381e+01	
0.04750000	3.00340697e+01	
0.04908333	2.97068545e+01	
0.05066667	2.97684844e+01	
0.05225000	2.99224924e+01	
0.05383333	2.96506628e+01	
0.05541667	2.98365992e+01	
0.05700000	2.98086020e+01	
0.05858333	2.96372608e+01	
0.06016667	2.95006046e+01	
0.06175000	2.94126500e+01	
0.06333333	2.95039438e+01	
0.06491667	2.94089349e+01	
0.06650000	2.94715927e+01	
0.06808333	2.94084670e+01	
0.06966667	2.92910438e+01	
0.07125000	2.92939489e+01	
0.07283333	2.92732484e+01	
0.07441667	2.92904594e+01	
0.07600000	2.91856000e+01	
0.07758333	2.91925472e+01	
0.07916667	2.90266047e+01	
0.08075000	2.90068814e+01	
0.08233333	2.89756351e+01	
0.08391667	2.87583604e+01	
0.08550000	2.84028248e+01	
0.08708333	2.79264440e+01	
0.08866667	2.77553998e+01	
0.09025000	2.78500423e+01	
0.09183333	2.78472367e+01	
0.09341667	2.78859337e+01	
0.09500000	2.78114468e+01	
0.09658333	2.77103795e+01	
0.09816667	2.76902484e+01	
0.09975000	2.76993396e+01	
0.10133333	2.76406130e+01	
0.10291667	2.75893183e+01	
0.10450000	2.76300372e+01	
0.10608333	2.75761399e+01	
0.10766667	2.76209441e+01	
0.10925000	2.74223367e+01	
0.11083333	2.76276432e+01	
0.11241667	2.73831342e+01	
0.11400000	2.74429808e+01	
0.11558333	2.72104156e+01	
0.11716667	2.72610395e+01	
0.11875000	2.58044468e+01	
0.12033333	2.53184468e+01	
0.12191667	2.54346636e+01	
0.12350000	2.52950478e+01	
0.12508333	2.54258279e+01	
0.12666667	2.54478814e+01	
0.12825000	2.54568392e+01	
0.12983333	2.54448974e+01	
0.13141667	2.53986970e+01	
0.13300000	2.51506534e+01	
0.13458333	2.50814337e+01	
0.13616667	2.49407637e+01	
0.13775000	2.45925322e+01	
0.13933333	2.47266253e+01	
0.14091667	2.48281661e+01	
0.14250000	2.45908429e+01	
0.14408333	2.47368177e+01	
0.14566667	2.46625299e+01	
0.14725000	2.43134510e+01	
0.14883333	2.41059478e+01	
0.15041667	2.38511543e+01	
0.15200000	2.35641901e+01	
0.15358333	2.35733904e+01	
0.15516667	2.33299506e+01	
0.15675000	2.34185649e+01	
0.15833333	2.32061139e+01	
0.15991667	2.32352254e+01	
0.16150000	2.33116667e+01	
0.16308333	2.32723477e+01	
0.16466667	2.33433338e+01	
0.16625000	2.33222048e+01	
0.16783333	2.34336224e+01	
0.16941667	2.34732495e+01	
0.17100000	2.31762451e+01	
0.17258333	2.30556123e+01	
0.17416667	2.30203015e+01	
0.17575000	2.28778821e+01	
0.17733333	2.27346959e+01	
0.17891667	2.25961907e+01	
0.18050000	2.27324748e+01	
0.18208333	2.24787938e+01	
0.18366667	2.23885541e+01	
0.18525000	2.22439361e+01	
0.18683333	2.20803858e+01	
0.18841667	2.20711254e+01	
0.19000000	2.18850687e+01	
0.19158333	2.18489856e+01	
0.19316667	2.16493691e+01	
0.19475000	2.15723285e+01	
0.19633333	2.15106685e+01	
0.19791667	2.10513108e+01	
0.19950000	2.11635194e+01	
0.20108333	2.12450099e+01	
0.20266667	1.92153683e+01	
0.20425000	1.76358879e+01	
0.20583333	1.74868839e+01	
0.20741667	1.71307489e+01	
0.20900000	1.73830055e+01	
0.21058333	1.72450377e+01	
0.21216667	1.69802961e+01	
0.21375000	1.68902725e+01	
0.21533333	1.69439180e+01	
0.21691667	1.67572487e+01	
0.21850000	1.62883413e+01	
0.22008333	1.64866085e+01	
0.22166667	1.63926200e+01	
0.22325000	1.64733268e+01	
0.22483333	1.64696080e+01	
0.22641667	1.63919867e+01	
0.22800000	1.63305071e+01	
0.22958333	1.62993831e+01	
0.23116667	1.64845772e+01	
0.23275000	1.64579161e+01	
0.23433333	1.64304789e+01	
0.23591667	1.64319220e+01	
0.23750000	1.64829574e+01	
0.23908333	1.61859079e+01	
0.24066667	1.62086078e+01	
0.24225000	1.60463879e+01	
0.24383333	1.57460856e+01	
0.24541667	1.35306748e+01	
0.24700000	1.36316510e+01	
0.24858333	1.38300752e+01	
0.25016667	1.38423976e+01	
0.25175000	1.37171036e+01	
0.25333333	1.34862503e+01	
0.25491667	1.32324377e+01	
0.25650000	1.31501618e+01	
0.25808333	1.31012085e+01	
0.25966667	1.30850451e+01	
0.26125000	1.29561968e+01	
0.26283333	1.26742856e+01	
0.26441667	1.26617442e+01	
0.26600000	1.27985752e+01	
0.26758333	1.28282185e+01	
0.26916667	1.27745053e+01	
0.27075000	1.26514973e+01	
0.27233333	1.25852495e+01	
0.27391667	1.25587612e+01	
0.27550000	1.24596736e+01	
0.27708333	1.21567885e+01	
0.27866667	1.17696317e+01	
0.28025000	1.15707002e+01	
0.28183333	1.15455781e+01	
0.28341667	1.17944776e+01	
0.28500000	1.18417087e+01	
0.28658333	1.18614574e+01	
0.28816667	1.02755325e+01	
0.28975000	9.30694495e+00	
0.29133333	9.29041516e+00	
0.29291667	9.23225507e+00	
0.29450000	9.29515339e+00	
0.29608333	9.22281524e+00	
0.29766667	9.38210743e+00	
0.29925000	9.22862082e+00	
0.30083333	9.20231015e+00	
0.30241667	9.30055590e+00	
0.30400000	9.53634381e+00	
0.30558333	9.42302836e+00	
0.30716667	9.21705288e+00	
0.30875000	9.20788460e+00	
0.31033333	9.20220962e+00	
0.31191667	9.13773282e+00	
0.31350000	9.05121286e+00	
0.31508333	9.01551780e+00	
0.31666667	9.03065703e+00	
0.31825000	8.84838964e+00	
0.31983333	8.73975605e+00	
0.32141667	8.71730323e+00	
0.32300000	8.02167468e+00	
0.32458333	6.71237783e+00	
0.32616667	6.88374203e+00	
0.32775000	6.86306124e+00	
0.32933333	6.82284546e+00	
0.33091667	6.83993476e+00	
0.33250000	6.81376220e+00	
0.33408333	6.54034372e+00	
0.33566667	6.47375431e+00	
0.33725000	6.59986712e+00	
0.33883333	6.47255636e+00	
0.34041667	6.45552109e+00	
0.34200000	6.39842412e+00	
0.34358333	6.34920024e+00	
0.34516667	6.39626969e+00	
0.34675000	6.47780713e+00	
0.34833333	6.44577168e+00	
0.34991667	6.18482641e+00	
0.35150000	5.19534100e+00	
0.35308333	4.65511953e+00	
0.35466667	4.55735250e+00	
0.35625000	4.30904158e+00	
0.35783333	4.12146939e+00	
0.35941667	4.09015224e+00	
0.36100000	4.08089610e+00	
0.36258333	4.12313571e+00	
0.36416667	4.48879892e+00	
0.36575000	4.45934023e+00	
0.36733333	4.58895387e+00	
0.36891667	4.60487764e+00	
0.37050000	4.68846850e+00	
0.37208333	4.80577147e+00	
0.37366667	4.20124420e+00	
0.37525000	4.06440154e+00	
0.37683333	4.08216968e+00	
0.37841667	4.01109995e+00	
0.38000000	4.00495895e+00	
0.38158333	3.95780024e+00	
0.38316667	3.93763480e+00	
0.38475000	3.93049996e+00	
0.38633333	3.89702369e+00	
0.38791667	3.89402036e+00	
0.38950000	3.82698701e+00	
0.39108333	3.72244523e+00	
0.39266667	3.16715359e+00	
0.39425000	2.99178848e+00	
0.39583333	2.85226453e+00	
0.39741667	2.54721133e+00	
0.39900000	2.06517203e+00	
0.40058333	1.96755580e+00	
0.40216667	1.96702553e+00	
0.40375000	1.96683679e+00	
0.40533333	1.95965792e+00	
0.40691667	1.97343654e+00	
0.40850000	1.94723720e+00	
0.41008333	1.96576839e+00	
0.41166667	1.99035554e+00	
0.41325000	1.97698552e+00	
0.41483333	1.96698078e+00	
0.41641667	1.92456300e+00	
0.41800000	1.92576917e+00	
0.41958333	1.91725635e+00	
0.42116667	1.90084636e+00	
0.42275000	1.87158591e+00	
0.42433333	1.79670389e+00	
0.42591667	8.29604295e-01	
0.42750000	9.80207957e-01	
0.42908333	1.02888553e+00	
0.43066667	9.81846443e-01	
0.43225000	9.69823166e-01	
0.43383333	9.37082042e-01	
0.43541667	9.26149366e-01	
0.43700000	8.97017234e-01	
0.43858333	9.11800076e-01	
0.44016667	9.17465190e-01	
0.44175000	8.94966748e-01	
0.44333333	8.62248056e-01	
0.44491667	8.05820760e-01	
0.44650000	7.72197384e-01	
0.44808333	8.73554503e-01	
0.44966667	8.83234619e-01	
0.45125000	8.61933771e-01	
0.45283333	8.55566448e-01	
0.45441667	8.48463621e-01	
0.45600000	6.41381926e-01	
0.45758333	5.47731776e-01	
0.45916667	5.94525111e-01	
0.46075000	6.45834707e-01	
0.46233333	6.33233303e-01	
0.46391667	6.19568251e-01	
0.46550000	6.14394060e-01	
0.46708333	5.65010693e-01	
0.46866667	5.39283020e-01	
0.47025000	5.44806730e-01	
0.47183333	5.38449331e-01	
0.47341667	5.75142212e-01	
0.47500000	5.49120043e-01	
0.47658333	5.57886079e-01	
0.47816667	5.99798955e-01	
0.47975000	5.78004953e-01	
0.48133333	3.35202681e-01	
0.48291667	1.45526922e-01	
0.48450000	1.67306067e-01	
0.48608333	1.51588196e-01	
0.48766667	1.37975128e-01	
0.48925000	1.22648050e-01	
0.49083333	1.19553640e-01	
0.49241667	1.10799943e-01	
0.49400000	1.04749012e-01	
0.49558333	9.85478894e-02	
0.49716667	4.32275973e-02	
0.49875000	-3.72182861e-03	
0.50033333	6.91554369e-05	
0.50191667	4.15108951e-03	
0.50350000	1.00484594e-04	
0.50508333	2.57781144e-05	
0.50666667	8.71577502e-06	
0.50825000	7.08678154e-06	
0.50983333	1.49600561e-05	
0.51141667	2.78819397e-05	
0.51300000	4.52648796e-05	
0.51458333	6.62099735e-05	
0.51616667	8.65316421e-05	
0.51775000	9.60723771e-05	
0.51933333	9.16597447e-05	
0.52091667	7.99184855e-05	
0.52250000	6.69913851e-05	
0.52408333	5.39238035e-05	
0.52566667	4.23376632e-05	
0.52725000	3.33756948e-05	
0.52883333	2.65869430e-05	
0.53041667	2.14288445e-05	
0.53200000	1.77084372e-05	
0.53358333	1.47471569e-05	
0.53516667	1.24223645e-05	
0.53675000	1.06655773e-05	
0.53833333	8.95192194e-06	
0.53991667	7.98970916e-06	
0.54150000	6.97550276e-06	
0.54308333	6.26117906e-06	
0.54466667	5.83065683e-06	
0.54625000	5.23650108e-06	
0.54783333	5.22716658e-06	
0.54941667	5.01362093e-06	
0.55100000	4.67821337e-06	
0.55258333	4.22721080e-06	
0.55416667	3.99118709e-06	
0.55575000	3.68299876e-06	
0.55733333	2.90554029e-06	
0.55891667	2.51404935e-06	
0.56050000	2.07714866e-06	
0.56208333	1.84209950e-06	
0.56366667	1.74721523e-06	
0.56525000	1.40751519e-06	
0.56683333	1.44386373e-06	
0.56841667	1.54635494e-06	
0.57000000	1.66113164e-06	
0.57158333	1.52829603e-06	
0.57316667	1.30831447e-06	
0.57475000	1.17375644e-06	
0.57633333	1.11282504e-06	
0.57791667	7.34035185e-07	
0.57950000	8.01098306e-07	
0.58108333	6.00552579e-07	
0.58266667	6.73107251e-07	
0.58425000	5.97139282e-07	
0.58583333	4.48017275e-07	
0.58741667	6.83865110e-07	
0.58900000	8.04211654e-07	
0.59058333	9.10725465e-07	
0.59216667	9.27536019e-07	
0.59375000	9.11548590e-07	
0.59533333	1.03988960e-06	
0.59691667	7.90123381e-07	
0.59850000	6.36850888e-07	
0.60008333	3.68724129e-07	
0.60166667	3.52303520e-07	
0.60325000	6.52276164e-07	
0.60483333	6.52493062e-07	
0.60641667	7.46036075e-07	
0.60800000	6.40265025e-07	
0.60958333	5.05790223e-07	
0.61116667	5.65854766e-07	
0.61275000	5.33359700e-07	
0.61433333	6.86413560e-07	
0.61591667	6.71075480e-07	
0.61750000	5.09895095e-07	
0.61908333	3.15968383e-08	
0.62066667	6.54224436e-08	
0.62225000	3.12375801e-07	
0.62383333	1.65223654e-07	
0.62541667	2.16186906e-07	
0.62700000	2.95911454e-07	
0.62858333	4.53159370e-07	
0.63016667	6.73926904e-07	
0.63175000	5.81540454e-07	
0.63333333	6.22980410e-07	
0.63491667	7.23749987e-07	
0.63650000	5.78341871e-07	
0.63808333	4.24880089e-07	
0.63966667	-2.47074511e-09	
0.64125000	2.02946148e-07	
0.64283333	2.73270030e-07	
0.64441667	1.52191197e-07	
0.64600000	2.77738050e-07	
0.64758333	2.66667166e-07	
0.64916667	4.48924292e-07	
0.65075000	5.08037380e-07	
0.65233333	5.12272010e-07	
0.65391667	4.60089681e-07	
0.65550000	5.04193032e-07	
0.65708333	5.20783384e-07	
0.65866667	2.65439702e-07	
0.66025000	8.86871615e-08	
0.66183333	3.07146482e-07	
0.66341667	2.37170110e-07	
0.66500000	1.81575323e-07	
0.66658333	2.54921535e-07	
0.66816667	4.40671677e-07	
0.66975000	7.68948831e-07	
0.67133333	4.91832493e-07	
0.67291667	6.52233434e-07	
0.67450000	6.40524317e-07	
0.67608333	6.56529275e-07	
0.67766667	5.38905853e-07	
0.67925000	1.15287564e-07	
0.68083333	1.77684955e-07	
0.68241667	1.64557280e-07	
0.68400000	2.97425286e-07	
0.68558333	4.71436322e-07	
0.68716667	2.39651609e-07	
0.68875000	6.61826665e-07	
0.69033333	6.72976317e-07	
0.69191667	5.76872645e-07	
0.69350000	6.28598022e-07	
0.69508333	5.69614159e-07	
0.69666667	6.14771673e-07	
0.69825000	3.99904816e-07	
0.69983333	2.92326425e-07	
0.70141667	2.56157818e-07	
0.70300000	2.57151583e-07	
0.70458333	2.26244734e-07	
0.70616667	1.59640777e-07	
0.70775000	2.88998868e-07	
0.70933333	7.08668342e-07	
0.71091667	6.21641166e-07	
0.71250000	6.51673017e-07	
0.71408333	6.93499614e-07	
0.71566667	7.42241401e-07	
0.71725000	6.81270961e-07	
0.71883333	2.89041626e-07	
0.72041667	3.51869893e-07	
0.72200000	1.63468885e-07	
0.72358333	-8.46982617e-09	
0.72516667	9.53334347e-08	
0.72675000	2.31941085e-07	
0.72833333	3.71445403e-07	
0.72991667	2.89084803e-07	
0.73150000	4.27707488e-07	
0.73308333	4.19108526e-07	
0.73466667	4.17941629e-07	
0.73625000	6.48042710e-07	
0.73783333	4.68931553e-07	
0.73941667	4.49140209e-07	
0.74100000	6.49897611e-08	
0.74258333	4.76525697e-08	
0.74416667	3.23393931e-07	
0.74575000	3.09108698e-07	
0.74733333	4.58560448e-07	
0.74891667	5.32201512e-07	
0.75050000	4.77400533e-07	
0.75208333	5.19272436e-07	
0.75366667	5.13827144e-07	
0.75525000	7.47862037e-07	
0.75683333	6.69302440e-07	
0.75841667	3.61437670e-07	
0.76000000	3.96336728e-07	
0.76158333	1.79846246e-07	
0.76316667	2.35460017e-07	
0.76475000	9.19113801e-08	
0.76633333	2.42546519e-07	
0.76791667	3.90112805e-07	
0.76950000	3.44524435e-07	
0.77108333	5.76658155e-07	
0.77266667	4.45898812e-07	
0.77425000	3.70624126e-07	
0.77583333	5.97960055e-07	
0.77741667	5.17198103e-07	
0.77900000	2.75387177e-07	
0.78058333	1.50461881e-07	
0.78216667	2.63935251e-07	
0.78375000	2.74920536e-07	
0.78533333	7.27080905e-08	
0.78691667	2.88575517e-07	
0.78850000	4.28803709e-07	
0.79008333	5.10588014e-07	
0.79166667	5.33445552e-07	
0.79325000	4.94254154e-07	
0.79483333	6.27690053e-07	
0.79641667	7.16109004e-07	
0.79800000	5.75319359e-07	
0.79958333	1.06680251e-07	
0.80116667	-5.46708746e-08	
0.80275000	1.42770524e-07	
0.80433333	9.39585730e-08	
0.80591667	1.20612206e-07	
0.80750000	2.38009980e-07	
0.80908333	4.88212658e-07	
0.81066667	6.59838799e-07	
0.81225000	5.64211653e-07	
0.81383333	5.64688682e-07	
0.81541667	7.39952578e-07	
0.81700000	7.27635890e-07	
0.81858333	5.13697778e-07	
0.82016667	1.50531324e-07	
0.82175000	2.95048175e-07	
0.82333333	2.45915882e-07	
0.82491667	2.03033792e-07	
0.82650000	1.22564748e-07	
0.82808333	1.07898354e-07	
0.82966667	4.91987452e-07	
0.83125000	4.63529439e-07	
0.83283333	5.70304950e-07	
0.83441667	4.92006437e-07	
0.83600000	4.38986030e-07	
0.83758333	4.60245340e-07	
0.83916667	4.21442318e-07	
0.84075000	1.60444651e-07	
0.84233333	3.11209408e-07	
0.84391667	1.19132984e-07	
0.84550000	2.53911137e-07	
0.84708333	2.98160375e-07	
0.84866667	3.78048407e-07	
0.85025000	3.74815942e-07	
0.85183333	3.24388256e-07	
0.85341667	5.39538794e-07	
0.85500000	6.18400244e-07	
0.85658333	6.61179780e-07	
0.85816667	4.34752660e-07	
0.85975000	-5.37202915e-08	
0.86133333	2.06291206e-07	
0.86291667	1.19349251e-07	
0.86450000	3.28882065e-07	
0.86608333	3.63493942e-07	
0.86766667	2.54006593e-07	
0.86925000	6.13533290e-07	
0.87083333	6.17231416e-07	
0.87241667	6.03319887e-07	
0.87400000	6.18416485e-07	
0.87558333	6.60780482e-07	
0.87716667	6.49287478e-07	
0.87875000	4.42702244e-07	
0.88033333	2.40990069e-07	
0.88191667	2.06593438e-07	
0.88350000	2.19427660e-07	
0.88508333	1.74651425e-07	
0.88666667	1.67575045e-07	
0.88825000	3.85204184e-07	
0.88983333	8.13182304e-07	
0.89141667	4.43392391e-07	
0.89300000	4.57610057e-07	
0.89458333	4.00181076e-07	
0.89616667	4.97710405e-07	
0.89775000	4.43862252e-07	
0.89933333	7.51453128e-08	
0.90091667	9.71820846e-08	
0.90250000	8.60337274e-08	
0.90408333	1.64013257e-07	
0.90566667	1.26004422e-07	
0.90725000	2.43332291e-07	
0.90883333	4.50834845e-07	
0.91041667	3.42960957e-07	
0.91200000	6.29245579e-07	
0.91358333	5.72855528e-07	
0.91516667	6.37412985e-07	
0.91675000	6.82701545e-07	
0.91833333	3.29279683e-07	
0.91991667	1.90390413e-07	
0.92150000	1.24258978e-07	
0.92308333	1.96568834e-07	
0.92466667	2.77071704e-07	
0.92625000	2.51188519e-07	
0.92783333	2.98582718e-07	
0.92941667	4.83796244e-07	
0.93100000	4.53029864e-07	
0.93258333	4.26842809e-07	
0.93416667	5.76441873e-07	
0.93575000	6.08029195e-07	
0.93733333	4.06145260e-07	
0.93891667	3.77366913e-07	
0.94050000	3.05340933e-07	
0.94208333	1.20992295e-07	
0.94366667	2.00717416e-07	
0.94525000	3.74203401e-08	
0.94683333	1.61308812e-07	
0.94841667	2.27119073e-07	
0.95000000	3.63452388e-07	
0.95158333	5.68879630e-07	
0.95316667	5.14432643e-07	
0.95475000	6.36850888e-07	
0.95633333	5.11148656e-07	
0.95791667	3.15816455e-07	
0.95950000	2.82127555e-07	
0.96108333	-7.29840919e-08	
0.96266667	1.58499236e-07	
0.96425000	2.41250677e-07	
0.96583333	2.69302644e-07	
0.96741667	4.95946045e-07	
0.96900000	4.05539593e-07	
0.97058333	5.68533255e-07	
0.97216667	5.74064455e-07	
0.97375000	6.74013483e-07	
0.97533333	7.44273956e-07	
0.97691667	6.47350127e-07	
0.97850000	4.63562536e-07	
0.98008333	6.35198982e-08	
0.98166667	-8.83266558e-09	
0.98325000	1.01287454e-07	
0.98483333	4.28223285e-08	
0.98641667	8.70621855e-08	
0.98800000	1.71350189e-07	
0.98958333	3.20932480e-07	
0.99116667	4.07613646e-07	
0.99275000	4.65127723e-07	
0.99433333	5.62094758e-07	
0.99591667	6.37759417e-07	
0.99750000	6.44975341e-07	
0.99908333	4.66468759e-07	
1.00066667	7.33296414e-08	
1.00225000	8.27503841e-08	
1.00383333	8.84624584e-08	
1.00541667	2.22409794e-07	
1.00700000	4.04156723e-07	
1.00858333	4.01219559e-07	
1.01016667	3.69268585e-07	
1.01175000	4.95704507e-07	
1.01333333	6.79630536e-07	
1.01491667	6.52408050e-07	
1.01650000	6.38452112e-07	
1.01808333	6.33869090e-07	
1.01966667	2.53564426e-07	
1.02125000	1.99722854e-07	
1.02283333	2.46392016e-07	
1.02441667	1.33099716e-07	
1.02600000	2.96258585e-07	
1.02758333	2.29625507e-07	
1.02916667	4.17509990e-07	
1.03075000	5.32622483e-07	
1.03233333	5.64601094e-07	
1.03391667	4.38770224e-07	
1.03550000	3.47592589e-07	
1.03708333	6.11096620e-07	
1.03866667	1.99378088e-07	
1.04025000	9.55142878e-08	
1.04183333	1.09281911e-07	
1.04341667	1.05228449e-07	
1.04500000	3.14968269e-07	
1.04658333	2.29488483e-07	
1.04816667	3.94607650e-07	
1.04975000	3.78057200e-07	
1.05133333	6.60703702e-07	
1.05291667	6.69992727e-07	
1.05450000	6.43280480e-07	
1.05608333	5.65570106e-07	
@ 
0.00000000	6.63901222e-07	
0.00158333	3.35121221e-07	
0.00316667	2.30360176e-07	
0.00475000	-5.99086181e-08	
0.00633333	1.23057108e-07	
0.00791667	1.95973163e-07	
0.00950000	1.10578768e-07	
0.01108333	2.18278124e-07	
0.01266667	5.50039713e-07	
0.01425000	4.88807797e-07	
0.01583333	5.03801686e-07	
0.01741667	5.43298522e-07	
0.01900000	5.33574918e-07	
0.02058333	5.39410716e-07	
0.02216667	9.39505786e-08	
0.02375000	4.00998608e-08	
0.02533333	1.77443108e-07	
0.02691667	3.34283956e-07	
0.02850000	2.15270635e-07	
0.03008333	2.34856618e-07	
0.03166667	2.93882567e-07	
0.03325000	4.26109008e-07	
0.03483333	5.94417392e-07	
0.03641667	3.97804834e-07	
0.03800000	4.57868677e-07	
0.03958333	5.44250285e-07	
0.04116667	3.95333471e-07	
0.04275000	1.76043829e-07	
0.04433333	3.67284955e-09	
0.04591667	1.99939723e-07	
0.04750000	1.51707377e-07	
0.04908333	2.24517350e-07	
0.05066667	3.12271440e-07	
0.05225000	6.19849701e-07	
0.05383333	5.55657437e-07	
0.05541667	5.35217416e-07	
0.05700000	5.33058463e-07	
0.05858333	5.53712974e-07	
0.06016667	5.84654754e-07	
0.06175000	4.44215292e-07	
0.06333333	2.25607957e-07	
0.06491667	3.24948246e-08	
0.06650000	2.30515121e-07	
0.06808333	1.33749863e-07	
0.06966667	1.82524986e-07	
0.07125000	1.60963641e-07	
0.07283333	3.64877428e-07	
0.07441667	5.60150966e-07	
0.07600000	4.72647264e-07	
0.07758333	6.81902669e-07	
0.07916667	5.36945709e-07	
0.08075000	4.46513243e-07	
0.08233333	1.86847260e-07	
0.08391667	1.57311671e-09	
0.08550000	2.69250225e-07	
0.08708333	2.37189011e-07	
0.08866667	2.02065551e-07	
0.09025000	1.70348024e-07	
0.09183333	4.36349543e-07	
0.09341667	9.09905700e-07	
0.09500000	5.99992498e-07	
0.09658333	5.77480328e-07	
0.09816667	5.65855718e-07	
0.09975000	5.50740696e-07	
0.10133333	3.72499370e-07	
0.10291667	-8.87565696e-08	
0.10450000	1.55172127e-07	
0.10608333	1.07570887e-07	
0.10766667	1.04338506e-07	
0.10925000	9.25068689e-08	
0.11083333	2.55915271e-07	
0.11241667	3.83500840e-07	
0.11400000	4.46288141e-07	
0.11558333	5.03932284e-07	
0.11716667	6.30843274e-07	
0.11875000	6.04657563e-07	
0.12033333	6.08632958e-07	
0.12191667	2.48034205e-07	
0.12350000	1.41396769e-07	
0.12508333	8.31812744e-08	
0.12666667	5.47919381e-08	
0.12825000	1.97908820e-07	
0.12983333	2.87011254e-07	
0.13141667	4.91572585e-07	
0.13300000	5.83095252e-07	
0.13458333	5.07874021e-07	
0.13616667	6.14208680e-07	
0.13775000	4.85525210e-07	
0.13933333	4.60331135e-07	
0.14091667	4.61930931e-07	
0.14250000	2.22841923e-07	
0.14408333	1.47307596e-07	
0.14566667	1.09523064e-07	
0.14725000	5.23285065e-08	
0.14883333	1.31726339e-07	
0.15041667	1.06688952e-07	
0.15200000	5.13135345e-07	
0.15358333	6.01270195e-07	
0.15516667	6.11745017e-07	
0.15675000	5.47368785e-07	
0.15833333	4.95378124e-07	
0.15991667	6.60832228e-07	
0.16150000	3.98106883e-07	
0.16308333	3.36880911e-08	
0.16466667	1.53591036e-07	
0.16625000	1.31492612e-07	
0.16783333	2.11520945e-07	
0.16941667	1.15806406e-07	
0.17100000	2.69431646e-07	
0.17258333	2.85973360e-07	
0.17416667	4.22997984e-07	
0.17575000	4.18719056e-07	
0.17733333	4.11156533e-07	
0.17891667	6.42684838e-07	
0.18050000	5.30640666e-07	
0.18208333	2.12773539e-07	
0.18366667	5.28045550e-09	
0.18525000	-1.04570176e-08	
0.18683333	2.66242639e-07	
0.18841667	2.85956195e-07	
0.19000000	2.61791083e-07	
0.19158333	4.72084775e-07	
0.19316667	3.99750221e-07	
0.19475000	5.10889028e-07	
0.19633333	5.12834443e-07	
0.19791667	5.96146134e-07	
0.19950000	5.39929187e-07	
0.20108333	4.46616008e-07	
0.20266667	2.71713440e-07	
0.20425000	2.21242967e-08	
0.20583333	-1.15763963e-07	
0.20741667	-1.24363212e-07	
0.20900000	-6.27605041e-08	
0.21058333	1.66320407e-07	
0.21216667	4.61154204e-07	
0.21375000	4.62925060e-07	
0.21533333	5.92256367e-07	
0.21691667	5.80735530e-07	
0.21850000	6.67895377e-07	
0.22008333	5.95126552e-07	
0.22166667	4.69709792e-07	
0.22325000	2.93795539e-07	
0.22483333	2.23662430e-07	
0.22641667	2.27854106e-07	
0.22800000	1.06378320e-07	
0.22958333	2.04909190e-07	
0.23116667	4.00355916e-07	
0.23275000	4.43004350e-07	
0.23433333	6.44197186e-07	
0.23591667	4.53462567e-07	
0.23750000	4.74419240e-07	
0.23908333	6.15719236e-07	
0.24066667	4.14692504e-07	
0.24225000	2.79321931e-08	
0.24383333	1.22633547e-07	
0.24541667	8.36140408e-08	
0.24700000	5.16807710e-08	
0.24858333	1.07380681e-07	
0.25016667	1.18174585e-07	
0.25175000	2.40427972e-07	
0.25333333	5.87675865e-07	
0.25491667	4.37679939e-07	
0.25650000	4.31812584e-07	
0.25808333	4.96758306e-07	
0.25966667	5.03136432e-07	
0.26125000	4.31251187e-07	
0.26283333	2.45830647e-07	
0.26441667	2.05902703e-07	
0.26600000	2.49331028e-07	
0.26758333	1.53314369e-07	
0.26916667	3.45433356e-07	
0.27075000	2.61214089e-07	
0.27233333	5.50386088e-07	
0.27391667	5.48310467e-07	
0.27550000	4.42917994e-07	
0.27708333	6.19135277e-07	
0.27866667	6.46745636e-07	
0.28025000	5.99993618e-07	
0.28183333	3.54480142e-07	
0.28341667	-1.12410967e-07	
0.28500000	8.95601076e-08	
0.28658333	1.19090758e-07	
0.28816667	1.34120026e-07	
0.28975000	1.04311863e-07	
0.29133333	3.15193315e-07	
0.29291667	5.22125652e-07	
0.29450000	4.79000245e-07	
0.29608333	4.42650218e-07	
0.29766667	4.14181089e-07	
0.29925000	5.25366238e-07	
0.30083333	6.15849050e-07	
0.30241667	3.00016382e-07	
0.30400000	1.22590621e-07	
0.30558333	1.61040000e-07	
0.30716667	2.02610889e-07	
0.30875000	2.34439133e-07	
0.31033333	1.39831862e-07	
0.31191667	4.78481998e-07	
0.31350000	6.68135796e-07	
0.31508333	3.79440518e-07	
0.31666667	4.88981629e-07	
0.31825000	4.98098614e-07	
0.31983333	5.62528497e-07	
0.32141667	3.53478285e-07	
0.32300000	1.87511968e-07	
0.32458333	4.98227371e-08	
0.32616667	1.06987218e-08	
0.32775000	3.00699417e-07	
0.32933333	1.93457629e-07	
0.33091667	2.03249528e-07	
0.33250000	2.47514446e-07	
0.33408333	2.97675337e-07	
0.33566667	5.25754671e-07	
0.33725000	5.31976214e-07	
0.33883333	5.01597931e-07	
0.34041667	6.70728376e-07	
0.34200000	3.08321667e-07	
0.34358333	4.96413610e-07	
0.34516667	1.85895763e-07	
0.34675000	1.76821116e-07	
0.34833333	1.94097401e-07	
0.34991667	7.41852267e-08	
0.35150000	3.91193709e-07	
0.35308333	5.72811062e-07	
0.35466667	7.13854175e-07	
0.35625000	7.16099652e-07	
0.35783333	7.35330691e-07	
0.35941667	8.88254737e-07	
0.36100000	6.99986441e-07	
0.36258333	6.58034623e-07	
0.36416667	5.56131162e-07	
0.36575000	5.71558174e-07	
0.36733333	6.83692566e-07	
0.36891667	6.54438029e-07	
0.37050000	7.77897193e-07	
0.37208333	9.83120641e-07	
0.37366667	1.18473473e-06	
0.37525000	1.39886672e-06	
0.37683333	1.60415211e-06	
0.37841667	1.88899970e-06	
0.38000000	2.25514436e-06	
0.38158333	2.37107583e-06	
0.38316667	2.31074522e-06	
0.38475000	2.86111686e-06	
0.38633333	3.36086648e-06	
0.38791667	4.29573726e-06	
0.38950000	6.11484449e-06	
0.39108333	9.12373406e-06	
0.39266667	1.38190528e-05	
0.39425000	2.04176202e-05	
0.39583333	2.97413809e-05	
0.39741667	4.35867468e-05	
0.39900000	6.65539239e-05	
0.40058333	1.07939311e-04	
0.40216667	1.90258640e-04	
0.40375000	4.00826999e-04	
0.40533333	6.01130923e-04	
0.40691667	3.82158309e-04	
0.40850000	2.70234601e-04	
0.41008333	4.32810100e-04	
0.41166667	7.23469515e-04	
0.41325000	4.98392358e-04	
0.41483333	3.52025610e-04	
0.41641667	3.95657434e-04	
0.41800000	7.32432899e-04	
0.41958333	1.57889659e-03	
0.42116667	2.40889969e-03	
0.42275000	2.47130469e-03	
0.42433333	3.26347099e-03	
0.42591667	2.44702071e-03	
0.42750000	3.35705211e-03	
0.42908333	3.86966877e-03	
0.43066667	3.78975242e-03	
0.43225000	4.17905445e-03	
0.43383333	6.32603216e-03	
0.43541667	8.22687057e-03	
0.43700000	8.70455835e-03	
0.43858333	1.23246502e-02	
0.44016667	1.71115531e-02	
0.44175000	2.48626041e-02	
0.44333333	3.48473857e-02	
0.44491667	4.68022872e-02	
0.44650000	5.87979021e-02	
0.44808333	7.78784815e-02	
0.44966667	9.66714655e-02	
0.45125000	1.17560864e-01	
0.45283333	1.41835498e-01	
0.45441667	1.72338340e-01	
0.45600000	2.00532008e-01	
0.45758333	2.50542535e-01	
0.45916667	2.98958326e-01	
0.46075000	2.02545915e+00	
0.46233333	2.88661837e+00	
0.46391667	3.12355020e+00	
0.46550000	3.36107584e+00	
0.46708333	3.86190740e+00	
0.46866667	3.99723618e+00	
0.47025000	4.72820088e+00	
0.47183333	5.71922670e+00	
0.47341667	5.73815004e+00	
0.47500000	5.64968988e+00	
0.47658333	5.84508254e+00	
0.47816667	6.95343530e+00	
0.47975000	7.56598646e+00	
0.48133333	7.58774493e+00	
0.48291667	7.62529094e+00	
0.48450000	7.70344735e+00	
0.48608333	8.08091715e+00	
0.48766667	8.93127347e+00	
0.48925000	1.19001243e+01	
0.49083333	1.22717566e+01	
0.49241667	1.24046263e+01	
0.49400000	1.24924241e+01	
0.49558333	1.26922322e+01	
0.49716667	1.29113400e+01	
0.49875000	1.38517444e+01	
0.50033333	1.46637485e+01	
0.50191667	1.51910716e+01	
0.50350000	1.57771496e+01	
0.50508333	1.63961847e+01	
0.50666667	1.68583498e+01	
0.50825000	1.78457062e+01	
0.50983333	1.83681501e+01	
0.51141667	1.84880087e+01	
0.51300000	1.87109170e+01	
0.51458333	1.97312315e+01	
0.51616667	2.18788695e+01	
0.51775000	2.21509190e+01	
