start voltage : 0.00 V 
set voltage : 0.10 V 
High G : 30.00 G0 
Intermediate G : 20.00 G0 
Low G : 10.00 G0 
Breaking speed 1 : 300.00 V/s 
Breaking speed 2 : 300.00 V/s 
Making speed : 500.00 V/s 
Post breaking : 230.00 V/s 
@ 
0.00000000	4.09306780e+01	
0.00158333	4.15200604e+01	
0.00316667	4.13579965e+01	
0.00475000	4.14643517e+01	
0.00633333	4.13632957e+01	
0.00791667	4.14161181e+01	
0.00950000	4.14428694e+01	
0.01108333	4.14001041e+01	
0.01266667	4.15102138e+01	
0.01425000	4.14627732e+01	
0.01583333	4.13045164e+01	
0.01741667	4.12900208e+01	
0.01900000	4.14030619e+01	
0.02058333	4.13806927e+01	
0.02216667	4.13710603e+01	
0.02375000	4.14700454e+01	
0.02533333	4.15863036e+01	
0.02691667	4.12729846e+01	
0.02850000	4.12687753e+01	
0.03008333	4.13092518e+01	
0.03166667	4.13120705e+01	
0.03325000	4.13275771e+01	
0.03483333	4.13628146e+01	
0.03641667	4.13863677e+01	
0.03800000	4.12344999e+01	
0.03958333	4.13125441e+01	
0.04116667	4.13606611e+01	
0.04275000	4.11853757e+01	
0.04433333	4.12594736e+01	
0.04591667	4.10898331e+01	
0.04750000	4.12473495e+01	
0.04908333	4.12317865e+01	
0.05066667	4.11156899e+01	
0.05225000	4.12983303e+01	
0.05383333	4.10729660e+01	
0.05541667	4.12924186e+01	
0.05700000	4.12402351e+01	
0.05858333	4.12967894e+01	
0.06016667	4.09146603e+01	
0.06175000	4.09793852e+01	
0.06333333	4.11470038e+01	
0.06491667	4.10910470e+01	
0.06650000	4.09391229e+01	
0.06808333	4.08317868e+01	
0.06966667	4.07158894e+01	
0.07125000	4.08248979e+01	
0.07283333	4.07207414e+01	
0.07441667	4.06055919e+01	
0.07600000	4.07257662e+01	
0.07758333	4.07388412e+01	
0.07916667	4.04787016e+01	
0.08075000	4.05339781e+01	
0.08233333	4.04202192e+01	
0.08391667	4.05472937e+01	
0.08550000	4.05813887e+01	
0.08708333	4.04156416e+01	
0.08866667	4.02736657e+01	
0.09025000	4.01585838e+01	
0.09183333	4.02881763e+01	
0.09341667	4.01371843e+01	
0.09500000	4.02473766e+01	
0.09658333	4.01749248e+01	
0.09816667	4.00696295e+01	
0.09975000	4.03383229e+01	
0.10133333	4.00689304e+01	
0.10291667	4.01843016e+01	
0.10450000	4.01432727e+01	
0.10608333	4.00661268e+01	
0.10766667	4.00913936e+01	
0.10925000	4.00728277e+01	
0.11083333	4.00604931e+01	
0.11241667	3.99752707e+01	
0.11400000	3.98511390e+01	
0.11558333	3.98998010e+01	
0.11716667	3.97877972e+01	
0.11875000	4.02135071e+01	
0.12033333	3.98177693e+01	
0.12191667	3.96700846e+01	
0.12350000	3.97773304e+01	
0.12508333	3.96013985e+01	
0.12666667	3.96585655e+01	
0.12825000	3.98038450e+01	
0.12983333	3.97109933e+01	
0.13141667	3.97385226e+01	
0.13300000	3.96374591e+01	
0.13458333	3.98019395e+01	
0.13616667	3.96951334e+01	
0.13775000	3.98231098e+01	
0.13933333	4.00126955e+01	
0.14091667	3.95925064e+01	
0.14250000	3.96668938e+01	
0.14408333	3.96421682e+01	
0.14566667	3.96092194e+01	
0.14725000	3.94433334e+01	
0.14883333	3.95825245e+01	
0.15041667	3.94802358e+01	
0.15200000	3.92821715e+01	
0.15358333	3.94167399e+01	
0.15516667	3.95103884e+01	
0.15675000	3.90787441e+01	
0.15833333	3.90877076e+01	
0.15991667	3.85753470e+01	
0.16150000	3.87180822e+01	
0.16308333	3.86581679e+01	
0.16466667	3.84592467e+01	
0.16625000	3.86674471e+01	
0.16783333	3.84558004e+01	
0.16941667	3.85889181e+01	
0.17100000	3.85258357e+01	
0.17258333	3.83692776e+01	
0.17416667	3.83900157e+01	
0.17575000	3.81977241e+01	
0.17733333	3.82370017e+01	
0.17891667	3.82086343e+01	
0.18050000	3.77415797e+01	
0.18208333	3.76622690e+01	
0.18366667	3.74782531e+01	
0.18525000	3.74348715e+01	
0.18683333	3.74504420e+01	
0.18841667	3.73837666e+01	
0.19000000	3.72920273e+01	
0.19158333	3.71606722e+01	
0.19316667	3.71900167e+01	
0.19475000	3.69113489e+01	
0.19633333	3.70902310e+01	
0.19791667	3.71987021e+01	
0.19950000	3.72135848e+01	
0.20108333	3.72019793e+01	
0.20266667	3.71421327e+01	
0.20425000	3.72538997e+01	
0.20583333	3.70176589e+01	
0.20741667	3.69319442e+01	
0.20900000	3.67162536e+01	
0.21058333	3.65048888e+01	
0.21216667	3.64920205e+01	
0.21375000	3.64174978e+01	
0.21533333	3.60856581e+01	
0.21691667	3.62067870e+01	
0.21850000	3.61638788e+01	
0.22008333	3.61343727e+01	
0.22166667	3.61248267e+01	
0.22325000	3.60256574e+01	
0.22483333	3.61704934e+01	
0.22641667	3.61528709e+01	
0.22800000	3.57928066e+01	
0.22958333	3.57484515e+01	
0.23116667	3.58896383e+01	
0.23275000	3.60296637e+01	
0.23433333	3.58365640e+01	
0.23591667	3.58963731e+01	
0.23750000	3.58519541e+01	
0.23908333	3.60135295e+01	
0.24066667	3.56614702e+01	
0.24225000	3.56136688e+01	
0.24383333	3.55134434e+01	
0.24541667	3.54475535e+01	
0.24700000	3.52703701e+01	
0.24858333	3.52677206e+01	
0.25016667	3.50773682e+01	
0.25175000	3.49350615e+01	
0.25333333	3.49209229e+01	
0.25491667	3.49148796e+01	
0.25650000	3.48043453e+01	
0.25808333	3.44036466e+01	
0.25966667	3.43378055e+01	
0.26125000	3.44903197e+01	
0.26283333	3.41666015e+01	
0.26441667	3.38502233e+01	
0.26600000	3.37664290e+01	
0.26758333	3.38895309e+01	
0.26916667	3.39342919e+01	
0.27075000	3.36581496e+01	
0.27233333	3.38100023e+01	
0.27391667	3.36729722e+01	
0.27550000	3.36773806e+01	
0.27708333	3.37014035e+01	
0.27866667	3.36155196e+01	
0.28025000	3.35234609e+01	
0.28183333	3.33601305e+01	
0.28341667	3.35820072e+01	
0.28500000	3.35408729e+01	
0.28658333	3.34737541e+01	
0.28816667	3.35615547e+01	
0.28975000	3.33145991e+01	
0.29133333	3.34640089e+01	
0.29291667	3.33526853e+01	
0.29450000	3.32618406e+01	
0.29608333	3.32556620e+01	
0.29766667	3.29607396e+01	
0.29925000	3.28436622e+01	
0.30083333	3.25162384e+01	
0.30241667	3.24726726e+01	
0.30400000	3.26427867e+01	
0.30558333	3.24226313e+01	
0.30716667	3.24218044e+01	
0.30875000	3.21177232e+01	
0.31033333	3.20638259e+01	
0.31191667	3.19313020e+01	
0.31350000	3.17326176e+01	
0.31508333	3.18438246e+01	
0.31666667	3.19391305e+01	
0.31825000	3.17123680e+01	
0.31983333	3.18295620e+01	
0.32141667	3.18381647e+01	
0.32300000	3.18597146e+01	
0.32458333	3.16758678e+01	
0.32616667	3.18097747e+01	
0.32775000	3.19373979e+01	
0.32933333	3.15467300e+01	
0.33091667	3.18334142e+01	
0.33250000	3.16476281e+01	
0.33408333	3.17238721e+01	
0.33566667	3.18094402e+01	
0.33725000	3.14946536e+01	
0.33883333	3.11204131e+01	
0.34041667	3.00979583e+01	
0.34200000	2.97400099e+01	
0.34358333	2.97578673e+01	
0.34516667	2.96988794e+01	
0.34675000	2.96115336e+01	
0.34833333	2.96178719e+01	
0.34991667	2.95238251e+01	
0.35150000	2.93869904e+01	
0.35308333	2.87069568e+01	
0.35466667	2.88561637e+01	
0.35625000	2.88845179e+01	
0.35783333	2.88228034e+01	
0.35941667	2.88835915e+01	
0.36100000	2.88807465e+01	
0.36258333	2.87324434e+01	
0.36416667	2.86161965e+01	
0.36575000	2.86631053e+01	
0.36733333	2.81618204e+01	
0.36891667	2.80742904e+01	
0.37050000	2.78831206e+01	
0.37208333	2.78081827e+01	
0.37366667	2.79842687e+01	
0.37525000	2.79669863e+01	
0.37683333	2.76906430e+01	
0.37841667	2.77817508e+01	
0.38000000	2.74733420e+01	
0.38158333	2.76027992e+01	
0.38316667	2.73647356e+01	
0.38475000	2.73320237e+01	
0.38633333	2.75353496e+01	
0.38791667	2.71723632e+01	
0.38950000	2.70403128e+01	
0.39108333	2.67925849e+01	
0.39266667	2.60225333e+01	
0.39425000	2.59991155e+01	
0.39583333	2.58862793e+01	
0.39741667	2.60706673e+01	
0.39900000	2.58695193e+01	
0.40058333	2.58883538e+01	
0.40216667	2.59620741e+01	
0.40375000	2.56913663e+01	
0.40533333	2.56694518e+01	
0.40691667	2.56493113e+01	
0.40850000	2.58419336e+01	
0.41008333	2.60009646e+01	
0.41166667	2.61201824e+01	
0.41325000	2.61210111e+01	
0.41483333	2.60428223e+01	
0.41641667	2.57413362e+01	
0.41800000	2.56986047e+01	
0.41958333	2.56610746e+01	
0.42116667	2.56954966e+01	
0.42275000	2.55896150e+01	
0.42433333	2.55159398e+01	
0.42591667	2.47463298e+01	
0.42750000	2.40842044e+01	
0.42908333	2.41863709e+01	
0.43066667	2.35928168e+01	
0.43225000	2.38136769e+01	
0.43383333	2.41424838e+01	
0.43541667	2.41486511e+01	
0.43700000	2.37846894e+01	
0.43858333	2.31497418e+01	
0.44016667	2.28818358e+01	
0.44175000	2.24232673e+01	
0.44333333	2.25457210e+01	
0.44491667	2.24565186e+01	
0.44650000	2.23465574e+01	
0.44808333	2.23126729e+01	
0.44966667	2.22225459e+01	
0.45125000	2.23240191e+01	
0.45283333	2.23346061e+01	
0.45441667	2.20117862e+01	
0.45600000	2.20279505e+01	
0.45758333	2.19556001e+01	
0.45916667	2.17354259e+01	
0.46075000	2.16548393e+01	
0.46233333	2.13692694e+01	
0.46391667	2.13187734e+01	
0.46550000	2.10948822e+01	
0.46708333	2.07982988e+01	
0.46866667	2.02948773e+01	
0.47025000	1.99370303e+01	
0.47183333	1.99010618e+01	
0.47341667	1.97132689e+01	
0.47500000	1.97946447e+01	
0.47658333	1.97473300e+01	
0.47816667	1.94978113e+01	
0.47975000	1.90574798e+01	
0.48133333	1.89032199e+01	
0.48291667	1.85898821e+01	
0.48450000	1.82253755e+01	
0.48608333	1.83235000e+01	
0.48766667	1.78853671e+01	
0.48925000	1.72500418e+01	
0.49083333	1.69480972e+01	
0.49241667	1.65738153e+01	
0.49400000	1.60806445e+01	
0.49558333	1.58533503e+01	
0.49716667	1.56149316e+01	
0.49875000	1.53439278e+01	
0.50033333	1.53942472e+01	
0.50191667	1.52914361e+01	
0.50350000	1.46479460e+01	
0.50508333	1.43976154e+01	
0.50666667	1.40352445e+01	
0.50825000	1.33837004e+01	
0.50983333	1.31875537e+01	
0.51141667	1.32432719e+01	
0.51300000	1.30770776e+01	
0.51458333	1.29905032e+01	
0.51616667	1.29375643e+01	
0.51775000	1.29382821e+01	
0.51933333	1.28942362e+01	
0.52091667	1.23781211e+01	
0.52250000	1.22312989e+01	
0.52408333	1.19082525e+01	
0.52566667	1.16003416e+01	
0.52725000	1.13378813e+01	
0.52883333	1.12581121e+01	
0.53041667	1.08212101e+01	
0.53200000	1.07601984e+01	
0.53358333	1.07395561e+01	
0.53516667	1.06901819e+01	
0.53675000	1.06487104e+01	
0.53833333	1.05122872e+01	
0.53991667	1.03775356e+01	
0.54150000	9.74510039e+00	
0.54308333	9.27992960e+00	
0.54466667	9.20658894e+00	
0.54625000	9.05961259e+00	
0.54783333	8.35327486e+00	
0.54941667	8.00218338e+00	
0.55100000	8.47813194e+00	
0.55258333	8.38840712e+00	
0.55416667	7.62398870e+00	
0.55575000	7.49911612e+00	
0.55733333	7.23744222e+00	
0.55891667	6.72687205e+00	
0.56050000	6.48767352e+00	
0.56208333	6.53699840e+00	
0.56366667	6.45973739e+00	
0.56525000	4.77659089e+00	
0.56683333	4.22237176e+00	
0.56841667	3.33228142e+00	
0.57000000	3.14153444e+00	
0.57158333	2.13967893e+00	
0.57316667	3.19017126e-01	
0.57475000	7.17393042e-02	
0.57633333	6.95371747e-03	
0.57791667	7.04150615e-05	
0.57950000	4.09274694e-04	
0.58108333	6.38530236e-04	
0.58266667	1.77142217e-04	
0.58425000	5.73824470e-05	
0.58583333	2.74253194e-05	
0.58741667	1.42776847e-05	
0.58900000	7.85402090e-06	
0.59058333	4.38869472e-06	
0.59216667	2.68927270e-06	
0.59375000	2.10474199e-06	
0.59533333	2.07117610e-06	
0.59691667	2.41903862e-06	
0.59850000	2.52003132e-06	
0.60008333	2.32104095e-06	
0.60166667	2.27440631e-06	
0.60325000	2.33964386e-06	
0.60483333	2.29536760e-06	
0.60641667	2.23269340e-06	
0.60800000	2.03579013e-06	
0.60958333	2.02023398e-06	
0.61116667	2.02461539e-06	
0.61275000	1.95276013e-06	
0.61433333	1.65983921e-06	
0.61591667	1.43892196e-06	
0.61750000	1.37010865e-06	
0.61908333	1.07780532e-06	
0.62066667	8.08054154e-07	
0.62225000	6.80969668e-07	
0.62383333	6.19567112e-07	
0.62541667	6.42164966e-07	
0.62700000	4.44257994e-07	
0.62858333	3.94961474e-07	
0.63016667	7.10395180e-07	
0.63175000	6.29721208e-07	
0.63333333	6.20303041e-07	
0.63491667	4.96370937e-07	
0.63650000	6.13992062e-07	
0.63808333	7.26081148e-07	
0.63966667	3.71445627e-07	
0.64125000	1.67703459e-07	
0.64283333	1.70685663e-07	
0.64441667	2.79406001e-07	
0.64600000	8.61631912e-08	
0.64758333	1.30326822e-07	
0.64916667	5.23332394e-07	
0.65075000	5.92298089e-07	
0.65233333	6.70902376e-07	
0.65391667	5.29815749e-07	
0.65550000	5.86682493e-07	
0.65708333	5.98695424e-07	
0.65866667	3.85058746e-07	
0.66025000	1.92377284e-07	
0.66183333	5.57859967e-08	
0.66341667	9.92997567e-08	
0.66500000	1.72284227e-07	
0.66658333	1.16852330e-07	
0.66816667	9.81170186e-08	
0.66975000	2.69839120e-07	
0.67133333	3.21277204e-07	
0.67291667	4.12107904e-07	
0.67450000	4.34103619e-07	
0.67608333	5.35649643e-07	
0.67766667	6.40265921e-07	
0.67925000	5.51189108e-07	
0.68083333	9.78131349e-08	
0.68241667	-1.02739879e-07	
0.68400000	1.03846391e-07	
0.68558333	-2.40259566e-08	
0.68716667	1.42503630e-07	
0.68875000	1.32278873e-07	
0.69033333	4.00700360e-07	
0.69191667	5.11235292e-07	
0.69350000	4.86388153e-07	
0.69508333	6.35770656e-07	
0.69666667	5.82671425e-07	
0.69825000	4.65828902e-07	
0.69983333	2.94228578e-07	
0.70141667	1.05737946e-07	
0.70300000	1.78160612e-07	
0.70458333	2.24415104e-07	
0.70616667	8.67080397e-08	
0.70775000	2.29669343e-07	
0.70933333	2.60911059e-07	
0.71091667	3.84711194e-07	
0.71250000	4.25459967e-07	
0.71408333	3.76286372e-07	
0.71566667	5.90571307e-07	
0.71725000	4.40012892e-07	
0.71883333	3.46468954e-07	
0.72041667	6.14810287e-08	
0.72200000	-5.79729053e-08	
0.72358333	9.82628771e-08	
0.72516667	3.65838025e-08	
0.72675000	9.32418038e-08	
0.72833333	2.53850710e-07	
0.72991667	2.13723818e-07	
0.73150000	4.91228506e-07	
0.73308333	3.11986975e-07	
0.73466667	3.65136916e-07	
0.73625000	4.45554200e-07	
0.73783333	2.96101750e-07	
0.73941667	2.89127505e-07	
0.74100000	-1.26169531e-07	
0.74258333	-3.26240714e-08	
0.74416667	1.83675026e-07	
0.74575000	2.87927316e-07	
0.74733333	5.06872724e-08	
0.74891667	3.78557386e-07	
0.75050000	3.58828121e-07	
0.75208333	2.89646229e-07	
0.75366667	3.21752161e-07	
0.75525000	3.49452460e-07	
0.75683333	4.42225187e-07	
0.75841667	4.95852913e-07	
0.76000000	3.63494334e-07	
0.76158333	-6.75831194e-09	
0.76316667	-4.76800459e-08	
0.76475000	-1.21225279e-07	
0.76633333	3.21487185e-08	
0.76791667	6.53790906e-08	
0.76950000	3.87174213e-07	
0.77108333	2.68429957e-07	
0.77266667	2.64238561e-07	
0.77425000	3.14838455e-07	
0.77583333	2.44923266e-07	
0.77741667	4.90590245e-07	
0.77900000	2.24613801e-07	
0.78058333	3.89161847e-08	
0.78216667	9.04938095e-08	
0.78375000	8.59822768e-09	
0.78533333	-1.50670225e-07	
0.78691667	-3.59349609e-08	
0.78850000	-6.57750476e-09	
0.79008333	4.38008842e-07	
0.79166667	3.21233858e-07	
0.79325000	4.08088911e-07	
0.79483333	5.03284391e-07	
0.79641667	4.68067071e-07	
0.79800000	3.92535277e-07	
0.79958333	2.17119460e-07	
0.80116667	3.02999391e-08	
0.80275000	1.97041464e-08	
0.80433333	5.85332244e-08	
0.80591667	1.16074084e-07	
0.80750000	1.97474416e-08	
0.80908333	2.59295107e-07	
0.81066667	3.77323343e-07	
0.81225000	3.01918759e-07	
0.81383333	4.34664484e-07	
0.81541667	2.11467869e-07	
0.81700000	4.97191653e-07	
0.81858333	1.52796388e-07	
0.82016667	4.99962434e-08	
0.82175000	4.88255983e-09	
0.82333333	-1.97047764e-08	
0.82491667	1.13602700e-07	
0.82650000	-3.60555168e-08	
0.82808333	-1.05315344e-07	
0.82966667	5.52987909e-07	
0.83125000	3.11425018e-07	
0.83283333	4.42485487e-07	
0.83441667	3.64144047e-07	
0.83600000	5.47876448e-07	
0.83758333	6.40913814e-07	
0.83916667	3.88772020e-07	
0.84075000	1.72404828e-07	
0.84233333	1.40782911e-07	
0.84391667	2.78930232e-07	
0.84550000	4.39072806e-07	
0.84708333	1.63166457e-07	
0.84866667	3.64818178e-07	
0.85025000	3.54376845e-07	
0.85183333	4.38553354e-07	
0.85341667	4.27101680e-07	
0.85500000	4.46720313e-07	
0.85658333	7.84894819e-07	
0.85816667	6.06516231e-07	
0.85975000	4.21008355e-07	
0.86133333	3.03647501e-07	
0.86291667	2.45570515e-07	
0.86450000	3.07519627e-07	
0.86608333	1.56986048e-07	
0.86766667	2.65881226e-07	
0.86925000	3.13239611e-07	
0.87083333	3.72570073e-07	
0.87241667	5.20784840e-07	
0.87400000	3.84841344e-07	
0.87558333	5.10932878e-07	
0.87716667	6.40610673e-07	
0.87875000	4.10119394e-07	
0.88033333	3.25900491e-07	
0.88191667	2.41292875e-07	
0.88350000	3.80562388e-07	
0.88508333	3.28996058e-07	
0.88666667	1.72404366e-07	
0.88825000	1.98254412e-07	
0.88983333	2.01625959e-07	
0.89141667	5.40835196e-07	
0.89300000	5.06828510e-07	
0.89458333	4.18848198e-07	
0.89616667	7.36114446e-07	
0.89775000	5.96101836e-07	
0.89933333	5.73072202e-07	
0.90091667	2.62465213e-07	
0.90250000	1.00250154e-07	
0.90408333	2.68342089e-07	
0.90566667	3.01798270e-07	
0.90725000	1.28726494e-07	
0.90883333	3.14675208e-07	
0.91041667	4.70911074e-07	
0.91200000	5.94373654e-07	
0.91358333	5.41266471e-07	
0.91516667	6.42780770e-07	
0.91675000	7.02852426e-07	
0.91833333	6.01505686e-07	
0.91991667	3.85101812e-07	
0.92150000	8.37869486e-08	
0.92308333	2.28459367e-07	
0.92466667	3.35848414e-07	
0.92625000	3.59907933e-07	
0.92783333	3.35882351e-07	
0.92941667	5.75198674e-07	
0.93100000	7.43843241e-07	
0.93258333	5.74799376e-07	
0.93416667	4.47108886e-07	
0.93575000	5.61360789e-07	
0.93733333	4.64912729e-07	
0.93891667	4.79086993e-07	
0.94050000	2.99792792e-07	
0.94208333	1.56010568e-07	
0.94366667	2.71800272e-07	
0.94525000	1.74531131e-07	
0.94683333	1.43928824e-07	
0.94841667	2.87745811e-07	
0.95000000	4.88481359e-07	
0.95158333	5.55613475e-07	
0.95316667	5.82879642e-07	
0.95475000	6.74443695e-07	
0.95633333	5.77868425e-07	
0.95791667	4.94676749e-07	
0.95950000	2.63876896e-07	
0.96108333	-1.38192230e-08	
0.96266667	1.57548663e-07	
0.96425000	1.69129409e-07	
0.96583333	2.48258608e-07	
0.96741667	1.95825611e-07	
0.96900000	4.22435327e-07	
0.97058333	6.52839213e-07	
0.97216667	4.84315052e-07	
0.97375000	4.73036201e-07	
0.97533333	5.26618846e-07	
0.97691667	6.07467826e-07	
0.97850000	5.73761649e-07	
0.98008333	1.83181531e-07	
0.98166667	2.18735959e-07	
0.98325000	3.05418160e-07	
0.98483333	2.70590282e-07	
0.98641667	2.71713748e-07	
0.98800000	1.38752470e-07	
0.98958333	4.22997228e-07	
0.99116667	7.09794665e-07	
0.99275000	5.78558152e-07	
0.99433333	6.71808105e-07	
0.99591667	5.81756736e-07	
0.99750000	6.12091505e-07	
0.99908333	5.23809928e-07	
1.00066667	2.43125557e-07	
1.00225000	2.82906102e-07	
1.00383333	2.87875317e-07	
1.00541667	3.53625375e-07	
1.00700000	2.64670956e-07	
1.00858333	1.10836722e-07	
1.01016667	3.44179068e-07	
1.01175000	4.26799239e-07	
1.01333333	4.67116232e-07	
1.01491667	4.50826165e-07	
1.01650000	4.26540703e-07	
1.01808333	5.80245228e-07	
1.01966667	5.46409910e-07	
1.02125000	2.98202993e-07	
1.02283333	1.99420706e-07	
1.02441667	2.71022285e-07	
1.02600000	2.94098092e-07	
1.02758333	1.70909575e-07	
1.02916667	4.25029643e-07	
1.03075000	4.96717032e-07	
1.03233333	4.94771617e-07	
1.03391667	4.96370769e-07	
1.03550000	3.00232692e-07	
1.03708333	4.59337623e-07	
1.03866667	2.85732353e-07	
1.04025000	2.70279244e-07	
1.04183333	2.37836260e-07	
1.04341667	1.77210250e-07	
1.04500000	2.39780835e-07	
1.04658333	5.56554268e-08	
1.04816667	2.40133987e-07	
1.04975000	3.23480595e-07	
1.05133333	4.85222348e-07	
1.05291667	6.60789890e-07	
1.05450000	5.14562681e-07	
1.05608333	6.24104100e-07	
1.05766667	7.99673938e-07	
1.05925000	4.89930816e-07	
1.06083333	2.04537194e-07	
1.06241667	1.36721007e-07	
1.06400000	2.70719703e-07	
1.06558333	2.01607394e-07	
1.06716667	7.50760937e-08	
1.06875000	3.73821338e-07	
1.07033333	3.72698739e-07	
1.07191667	6.52233546e-07	
1.07350000	6.00121360e-07	
1.07508333	5.96059274e-07	
1.07666667	7.29020104e-07	
1.07825000	5.60011856e-07	
1.07983333	3.02609438e-07	
1.08141667	2.96257997e-07	
1.08300000	2.80355972e-07	
1.08458333	2.45657263e-07	
1.08616667	2.07379951e-07	
1.08775000	1.86197911e-07	
1.08933333	2.29141128e-07	
1.09091667	3.70770685e-07	
1.09250000	5.50860038e-07	
1.09408333	5.29988069e-07	
1.09566667	5.88756434e-07	
1.09725000	6.80755850e-07	
1.09883333	3.45070628e-07	
1.10041667	1.98254104e-07	
1.10200000	4.20962839e-08	
1.10358333	2.04649171e-07	
1.10516667	2.96153217e-07	
1.10675000	1.55698886e-07	
1.10833333	7.31564816e-08	
1.10991667	2.86775260e-07	
1.11150000	5.68930704e-07	
1.11308333	5.10759942e-07	
1.11466667	5.90702017e-07	
1.11625000	6.07942055e-07	
1.11783333	5.51552005e-07	
1.11941667	6.07812801e-07	
1.12100000	3.25296476e-07	
1.12258333	2.48405866e-07	
1.12416667	3.25944033e-07	
1.12575000	1.02151790e-07	
1.12733333	1.96146295e-07	
1.12891667	3.16998696e-07	
1.13050000	4.19211570e-07	
1.13208333	4.61671752e-07	
1.13366667	4.81203272e-07	
1.13525000	5.90009602e-07	
1.13683333	5.48353253e-07	
1.13841667	4.99698326e-07	
1.14000000	2.48647237e-07	
1.14158333	1.87822642e-07	
1.14316667	2.91331848e-07	
1.14475000	2.59043963e-07	
1.14633333	1.79691105e-07	
1.14791667	2.55077250e-07	
1.14950000	4.32944787e-07	
1.15108333	5.70867327e-07	
1.15266667	3.53253743e-07	
1.15425000	4.71567424e-07	
1.15583333	4.74591503e-07	
1.15741667	6.42598202e-07	
1.15900000	6.06974499e-07	
1.16058333	1.37801127e-07	
1.16216667	1.19937348e-07	
1.16375000	2.53003896e-07	
1.16533333	1.40351720e-07	
1.16691667	1.24301918e-07	
1.16850000	-2.76269228e-10	
1.17008333	3.80218421e-07	
1.17166667	5.45961162e-07	
1.17325000	5.02635658e-07	
1.17483333	6.44975957e-07	
1.17641667	5.35432857e-07	
1.17800000	6.06057234e-07	
1.17958333	4.45165375e-07	
1.18116667	1.08132284e-07	
1.18275000	3.46469626e-07	
1.18433333	2.94357496e-07	
1.18591667	2.52683338e-07	
1.18750000	1.37627883e-07	
1.18908333	3.32762115e-07	
1.19066667	5.80029674e-07	
1.19225000	4.54670429e-07	
1.19383333	5.84521300e-07	
1.19541667	5.58292299e-07	
1.19700000	5.88540768e-07	
1.19858333	6.22833347e-07	
1.20016667	1.53357127e-07	
1.20175000	1.32771164e-07	
1.20333333	2.34378553e-07	
1.20491667	2.30965298e-07	
1.20650000	2.65293564e-07	
1.20808333	9.39939946e-08	
1.20966667	4.38959680e-07	
1.21125000	4.85221788e-07	
1.21283333	5.24328287e-07	
1.21441667	5.61618568e-07	
1.21600000	4.01892709e-07	
1.21758333	6.31007978e-07	
1.21916667	2.73710938e-07	
1.22075000	1.11036546e-07	
1.22233333	1.32753817e-07	
1.22391667	2.66614775e-07	
1.22550000	2.92714298e-07	
1.22708333	1.09973045e-07	
1.22866667	2.34206401e-07	
1.23025000	4.19020462e-07	
1.23183333	3.36013285e-07	
1.23341667	3.33549203e-07	
1.23500000	4.62536094e-07	
1.23658333	4.86908248e-07	
1.23816667	6.18873577e-07	
1.23975000	3.75178839e-07	
1.24133333	3.62630832e-07	
1.24291667	2.06887549e-07	
1.24450000	3.65871501e-07	
1.24608333	2.46781485e-07	
1.24766667	1.21449486e-07	
1.24925000	3.90113953e-07	
1.25083333	5.08098255e-07	
1.25241667	6.34603619e-07	
1.25400000	4.62839012e-07	
1.25558333	4.23905393e-07	
1.25716667	4.69882420e-07	
1.25875000	3.44464876e-07	
1.26033333	1.59449305e-07	
1.26191667	8.61891344e-08	
1.26350000	1.36176144e-07	
1.26508333	2.10006637e-07	
1.26666667	-2.59101139e-08	
1.26825000	6.06944174e-08	
1.26983333	3.54921750e-07	
1.27141667	4.63314193e-07	
1.27300000	5.32883903e-07	
1.27458333	5.43472018e-07	
1.27616667	7.38961502e-07	
1.27775000	6.85722881e-07	
1.27933333	3.92405184e-07	
1.28091667	4.34015471e-07	
1.28250000	3.12807160e-07	
1.28408333	4.18977928e-07	
1.28566667	3.57703954e-07	
1.28725000	2.03698640e-07	
1.28883333	3.27137195e-07	
1.29041667	3.53470612e-07	
1.29200000	5.97960671e-07	
1.29358333	4.89456250e-07	
1.29516667	5.47014177e-07	
1.29675000	6.60315325e-07	
1.29833333	4.70824270e-07	
1.29991667	1.87200244e-07	
1.30150000	1.22728639e-07	
1.30308333	2.09835759e-07	
1.30466667	2.69726555e-07	
1.30625000	1.66666950e-07	
1.30783333	1.23411996e-07	
@ 
0.00000000	1.43461455e-07	
0.00158333	3.46468814e-07	
0.00316667	3.96421908e-07	
0.00475000	3.68291258e-07	
0.00633333	5.32884631e-07	
0.00791667	5.22989995e-07	
0.00950000	5.24717000e-07	
0.01108333	1.69812164e-07	
0.01266667	2.15279624e-07	
0.01425000	3.00535833e-07	
0.01583333	2.06636700e-07	
0.01741667	1.46097900e-07	
0.01900000	2.27291379e-07	
0.02058333	3.00768300e-07	
0.02216667	7.24181039e-07	
0.02375000	6.75914713e-07	
0.02533333	6.82138552e-07	
0.02691667	6.94712684e-07	
0.02850000	5.81281779e-07	
0.03008333	5.13751484e-07	
0.03166667	2.24224023e-07	
0.03325000	2.47472472e-07	
0.03483333	2.82645495e-07	
0.03641667	2.09108553e-07	
0.03800000	2.44085860e-07	
0.03958333	2.57004520e-07	
0.04116667	4.73467365e-07	
0.04275000	5.17067617e-07	
0.04433333	5.67280814e-07	
0.04591667	5.97571789e-07	
0.04750000	5.36600006e-07	
0.04908333	6.14676413e-07	
0.05066667	1.90882843e-07	
0.05225000	9.13922788e-08	
0.05383333	2.24223869e-07	
0.05541667	2.44533348e-07	
0.05700000	3.02825636e-07	
0.05858333	1.82240549e-07	
0.06016667	8.94735557e-08	
0.06175000	4.57825331e-07	
0.06333333	4.42139335e-07	
0.06491667	5.61318171e-07	
0.06650000	5.24371633e-07	
0.06808333	5.52457901e-07	
0.06966667	4.80641847e-07	
0.07125000	1.10724409e-07	
0.07283333	1.75161258e-07	
0.07441667	2.48552425e-07	
0.07600000	3.27759131e-07	
0.07758333	2.93501470e-07	
0.07916667	1.83908584e-07	
0.08075000	5.18926789e-07	
0.08233333	5.46106656e-07	
0.08391667	4.63054006e-07	
0.08550000	5.35001974e-07	
0.08708333	4.52337029e-07	
0.08866667	6.16162720e-07	
0.09025000	2.78197019e-07	
0.09183333	2.46625126e-07	
0.09341667	2.42978607e-07	
0.09500000	2.01581619e-07	
0.09658333	3.39555724e-07	
0.09816667	2.42934337e-07	
0.09975000	4.23774767e-07	
0.10133333	5.05013468e-07	
0.10291667	5.08556859e-07	
0.10450000	4.99741504e-07	
0.10608333	4.47930583e-07	
0.10766667	6.00812095e-07	
0.10925000	5.82750276e-07	
0.11083333	3.03276596e-07	
0.11241667	1.77460693e-07	
0.11400000	7.29058633e-08	
0.11558333	1.16394797e-07	
0.11716667	1.28778772e-07	
0.11875000	1.27206264e-07	
0.12033333	4.57478647e-07	
0.12191667	5.46408846e-07	
0.12350000	5.99558703e-07	
0.12508333	6.38146002e-07	
0.12666667	6.76476698e-07	
0.12825000	5.77177298e-07	
0.12983333	2.93327750e-07	
0.13141667	2.48466937e-07	
0.13300000	1.24405984e-07	
0.13458333	1.29979886e-07	
0.13616667	2.75516235e-07	
0.13775000	1.66044133e-07	
0.13933333	2.90554897e-07	
0.14091667	3.71152314e-07	
0.14250000	4.94339277e-07	
0.14408333	6.27993419e-07	
0.14566667	4.91357312e-07	
0.14725000	5.88022689e-07	
0.14883333	5.45935401e-07	
0.15041667	3.66234985e-07	
0.15200000	3.53469016e-07	
0.15358333	1.34128300e-07	
0.15516667	3.25252682e-07	
0.15675000	3.60254001e-07	
0.15833333	7.99924983e-08	
0.15991667	4.28890905e-07	
0.16150000	4.00994261e-07	
0.16308333	6.04140044e-07	
0.16466667	5.64256007e-07	
0.16625000	4.69103649e-07	
0.16783333	6.56598270e-07	
0.16941667	4.92049111e-07	
0.17100000	3.77970396e-07	
0.17258333	1.48033682e-07	
0.17416667	2.26687826e-07	
0.17575000	3.60253329e-07	
0.17733333	2.44404767e-07	
0.17891667	3.31683899e-07	
0.18050000	4.59355852e-07	
0.18208333	4.56486087e-07	
0.18366667	4.93387907e-07	
0.18525000	3.45458305e-07	
0.18683333	5.56347668e-07	
0.18841667	4.95783694e-07	
0.19000000	2.39417939e-07	
0.19158333	3.86787235e-07	
0.19316667	2.18996077e-07	
0.19475000	4.11071129e-07	
0.19633333	1.77944821e-07	
0.19791667	6.46440786e-08	
0.19950000	1.23982689e-07	
0.20108333	3.86181512e-07	
0.20266667	6.05263511e-07	
0.20425000	5.67756164e-07	
0.20583333	5.07683388e-07	
0.20741667	5.16549538e-07	
0.20900000	3.24130224e-07	
0.21058333	2.24397141e-07	
0.21216667	1.38452387e-08	
0.21375000	7.22490869e-08	
0.21533333	2.46659456e-07	
0.21691667	1.91840836e-07	
0.21850000	1.95549826e-07	
0.22008333	2.20205605e-07	
0.22166667	4.33913966e-07	
0.22325000	5.86768793e-07	
0.22483333	5.40446258e-07	
0.22641667	6.30585103e-07	
0.22800000	4.92308850e-07	
0.22958333	3.16585089e-07	
0.23116667	3.17613632e-07	
0.23275000	2.13248259e-07	
0.23433333	3.55544106e-07	
0.23591667	2.87572344e-07	
0.23750000	2.91054748e-07	
0.23908333	1.19203099e-07	
0.24066667	4.59468053e-07	
0.24225000	5.21172825e-07	
0.24383333	3.50660574e-07	
0.24541667	5.53410224e-07	
0.24700000	5.33186652e-07	
0.24858333	6.72303503e-07	
0.25016667	5.58638227e-07	
0.25175000	2.01279346e-07	
0.25333333	2.10162366e-07	
0.25491667	1.83519255e-07	
0.25650000	4.03586589e-08	
0.25808333	1.40048578e-07	
0.25966667	1.26782171e-07	
0.26125000	5.27739792e-07	
0.26283333	6.62518856e-07	
0.26441667	5.53194614e-07	
0.26600000	4.34301307e-07	
0.26758333	5.12142084e-07	
0.26916667	6.50376391e-07	
0.27075000	2.67349920e-07	
0.27233333	1.75222272e-07	
0.27391667	2.55725451e-07	
0.27550000	1.88919633e-07	
0.27708333	3.18597176e-07	
0.27866667	1.16870265e-07	
0.28025000	1.96136775e-07	
0.28183333	5.10241303e-07	
0.28341667	5.26619126e-07	
0.28500000	6.37541847e-07	
0.28658333	5.22427450e-07	
0.28816667	5.76442937e-07	
0.28975000	3.61161634e-07	
0.29133333	2.33186371e-07	
0.29291667	2.15365644e-07	
0.29450000	2.08192870e-07	
0.29608333	1.98297660e-07	
0.29766667	5.57434172e-08	
0.29925000	1.45432520e-07	
0.30083333	5.37249131e-07	
0.30241667	4.52036379e-07	
0.30400000	4.90882914e-07	
0.30558333	5.37808876e-07	
0.30716667	4.71437442e-07	
0.30875000	7.17051247e-07	
0.31033333	5.10950015e-07	
0.31191667	3.01875413e-07	
0.31350000	2.32520711e-07	
0.31508333	2.38613463e-07	
0.31666667	2.66605871e-07	
0.31825000	1.02255401e-07	
0.31983333	4.20792885e-07	
0.32141667	5.96059218e-07	
0.32300000	6.13559219e-07	
0.32458333	7.45657610e-07	
0.32616667	6.16716081e-07	
0.32775000	6.27344517e-07	
0.32933333	4.68861914e-07	
0.33091667	2.85368981e-07	
0.33250000	1.99861012e-07	
0.33408333	1.44844283e-07	
0.33566667	4.05107505e-07	
0.33725000	5.24759226e-07	
0.33883333	2.89360756e-07	
0.34041667	8.30480640e-07	
0.34200000	9.57566359e-07	
0.34358333	1.03409850e-06	
0.34516667	8.56104422e-07	
0.34675000	7.83945576e-07	
0.34833333	1.10390574e-06	
0.34991667	9.74646453e-07	
0.35150000	6.78568392e-07	
0.35308333	5.95067021e-07	
0.35466667	6.27084946e-07	
0.35625000	8.43490192e-07	
0.35783333	5.90011282e-07	
0.35941667	6.22203319e-07	
0.36100000	5.94930935e-07	
0.36258333	8.50703764e-07	
0.36416667	9.06579879e-07	
0.36575000	7.97382315e-07	
0.36733333	9.32462280e-07	
0.36891667	8.34978258e-07	
0.37050000	6.95672623e-07	
0.37208333	7.31395562e-07	
0.37366667	6.45192070e-07	
0.37525000	8.52259570e-07	
0.37683333	6.86413840e-07	
0.37841667	6.19177391e-07	
0.38000000	6.19825788e-07	
0.38158333	9.42863683e-07	
0.38316667	1.04628061e-06	
0.38475000	9.91188139e-07	
0.38633333	9.47801761e-07	
0.38791667	9.28488678e-07	
0.38950000	9.03594497e-07	
0.39108333	7.71799303e-07	
0.39266667	5.69613711e-07	
0.39425000	6.57852446e-07	
0.39583333	7.02405413e-07	
0.39741667	4.87684947e-07	
0.39900000	6.63254113e-07	
0.40058333	8.38260509e-07	
0.40216667	8.92706936e-07	
0.40375000	1.02826147e-06	
0.40533333	9.29003565e-07	
0.40691667	1.09584866e-06	
0.40850000	1.01984037e-06	
0.41008333	7.09783185e-07	
0.41166667	5.38718301e-07	
0.41325000	4.96500470e-07	
0.41483333	6.09628178e-07	
0.41641667	5.68448019e-07	
0.41800000	6.61957319e-07	
0.41958333	5.09593578e-07	
0.42116667	6.50212136e-07	
0.42275000	9.91577133e-07	
0.42433333	9.35960701e-07	
0.42591667	1.03279554e-06	
0.42750000	1.02182577e-06	
0.42908333	9.52213751e-07	
0.43066667	7.50284258e-07	
0.43225000	4.27015128e-07	
0.43383333	6.23454639e-07	
0.43541667	6.72369082e-07	
0.43700000	6.36072005e-07	
0.43858333	5.32755377e-07	
0.44016667	5.81133820e-07	
0.44175000	9.26197335e-07	
0.44333333	1.10314915e-06	
0.44491667	1.06745359e-06	
0.44650000	1.08944892e-06	
0.44808333	9.17769349e-07	
0.44966667	1.01246316e-06	
0.45125000	8.00061027e-07	
0.45283333	6.92120216e-07	
0.45441667	7.21502046e-07	
0.45600000	6.23802134e-07	
0.45758333	6.15244894e-07	
0.45916667	6.72370706e-07	
0.46075000	1.02990144e-06	
0.46233333	1.04504430e-06	
0.46391667	1.02895668e-06	
0.46550000	1.01678364e-06	
0.46708333	8.61511745e-07	
0.46866667	9.73774382e-07	
0.47025000	8.85231441e-07	
0.47183333	6.47483301e-07	
0.47341667	6.73018655e-07	
0.47500000	6.91347829e-07	
0.47658333	7.22798673e-07	
0.47816667	7.95566546e-07	
0.47975000	9.33777835e-07	
0.48133333	9.93522548e-07	
0.48291667	8.49623979e-07	
0.48450000	9.79819853e-07	
0.48608333	9.71695009e-07	
0.48766667	8.88774720e-07	
0.48925000	1.06024058e-06	
0.49083333	5.18450879e-07	
0.49241667	5.20180741e-07	
0.49400000	5.51810736e-07	
0.49558333	6.42899887e-07	
0.49716667	7.05167681e-07	
0.49875000	6.51023668e-07	
0.50033333	7.82861816e-07	
0.50191667	9.24921934e-07	
0.50350000	9.24599191e-07	
0.50508333	1.09823907e-06	
0.50666667	9.42445120e-07	
0.50825000	9.39054952e-07	
0.50983333	8.46316471e-07	
0.51141667	5.62096606e-07	
0.51300000	6.79111448e-07	
0.51458333	5.80891329e-07	
0.51616667	6.83301668e-07	
0.51775000	5.73805387e-07	
0.51933333	5.30810018e-07	
0.52091667	1.00233443e-06	
0.52250000	8.27975088e-07	
0.52408333	9.54934129e-07	
0.52566667	8.53383484e-07	
0.52725000	8.16785618e-07	
0.52883333	1.02683867e-06	
0.53041667	6.53651810e-07	
0.53200000	6.22550254e-07	
0.53358333	6.80234131e-07	
0.53516667	7.97815551e-07	
0.53675000	8.15375755e-07	
0.53833333	6.03881369e-07	
0.53991667	9.88682475e-07	
0.54150000	1.14104773e-06	
0.54308333	1.14791610e-06	
0.54466667	1.32162682e-06	
0.54625000	1.33487870e-06	
0.54783333	1.60721186e-06	
0.54941667	1.54279004e-06	
0.55100000	1.56703510e-06	
0.55258333	1.49935147e-06	
0.55416667	1.65542823e-06	
0.55575000	2.06230665e-06	
0.55733333	2.34142541e-06	
0.55891667	2.80030351e-06	
0.56050000	3.79630596e-06	
0.56208333	4.73658994e-06	
0.56366667	6.09083330e-06	
0.56525000	7.72339974e-06	
0.56683333	1.00266926e-05	
0.56841667	1.32823283e-05	
0.57000000	1.74058677e-05	
0.57158333	2.37987365e-05	
0.57316667	3.32392960e-05	
0.57475000	4.81795156e-05	
0.57633333	7.70093296e-05	
0.57791667	1.33781240e-04	
0.57950000	2.11459338e-04	
0.58108333	2.52921097e-04	
0.58266667	2.56009239e-04	
0.58425000	2.41117538e-04	
0.58583333	2.79762419e-04	
0.58741667	4.15258292e-04	
0.58900000	5.58209192e-04	
0.59058333	6.03974051e-04	
0.59216667	6.38376547e-04	
0.59375000	1.12523347e-03	
0.59533333	7.41713409e-04	
0.59691667	2.99719938e-03	
0.59850000	8.37855914e-03	
0.60008333	1.71428579e-02	
0.60166667	1.81407617e-02	
0.60325000	1.92713315e-02	
0.60483333	2.70412637e-02	
0.60641667	3.05354372e-02	
0.60800000	2.83417371e-02	
0.60958333	4.35788923e-02	
0.61116667	5.04614904e-02	
0.61275000	6.25670602e-02	
0.61433333	6.81418151e-02	
0.61591667	7.74186225e-02	
0.61750000	9.45042532e-02	
0.61908333	1.22549087e-01	
0.62066667	1.31252238e-01	
0.62225000	1.29373385e-01	
0.62383333	1.68599718e-01	
0.62541667	2.29480895e-01	
0.62700000	2.68148245e-01	
0.62858333	3.12245496e-01	
0.63016667	3.56766314e-01	
0.63175000	4.00800672e-01	
0.63333333	3.96404794e-01	
0.63491667	9.27815452e-01	
0.63650000	8.40011600e+00	
0.63808333	1.62619770e+01	
0.63966667	2.12005177e+01	
0.64125000	2.23196839e+01	
0.64283333	2.44709918e+01	
0.64441667	2.60270526e+01	
0.64600000	2.72698827e+01	
0.64758333	2.74815256e+01	
0.64916667	2.94179002e+01	
0.65075000	3.00793530e+01	
0.65233333	3.05109428e+01	
0.65391667	3.12886875e+01	
0.65550000	3.21102255e+01	
0.65708333	3.24006792e+01	
0.65866667	3.30710034e+01	
0.66025000	3.33975402e+01	
0.66183333	3.36976753e+01	
