start voltage : 0.00 V 
set voltage : 0.10 V 
High G : 30.00 G0 
Intermediate G : 20.00 G0 
Low G : 10.00 G0 
Breaking speed 1 : 300.00 V/s 
Breaking speed 2 : 300.00 V/s 
Making speed : 500.00 V/s 
Post breaking : 230.00 V/s 
@ 
0.00000000	5.18171579e+01	
0.00158333	5.30511166e+01	
0.00316667	5.21063075e+01	
0.00475000	5.26980614e+01	
0.00633333	5.25552398e+01	
0.00791667	5.26290484e+01	
0.00950000	5.24938448e+01	
0.01108333	5.21627228e+01	
0.01266667	5.24739147e+01	
0.01425000	5.22700251e+01	
0.01583333	5.24251625e+01	
0.01741667	5.25876210e+01	
0.01900000	5.22347049e+01	
0.02058333	5.23676385e+01	
0.02216667	5.26392182e+01	
0.02375000	5.23772822e+01	
0.02533333	5.22935631e+01	
0.02691667	5.20920712e+01	
0.02850000	5.25405074e+01	
0.03008333	5.21397335e+01	
0.03166667	5.22464457e+01	
0.03325000	5.20199501e+01	
0.03483333	5.20894179e+01	
0.03641667	5.23019064e+01	
0.03800000	5.19594120e+01	
0.03958333	5.23999896e+01	
0.04116667	5.17482539e+01	
0.04275000	5.23159022e+01	
0.04433333	5.23033872e+01	
0.04591667	5.21728927e+01	
0.04750000	5.23585961e+01	
0.04908333	5.20285866e+01	
0.05066667	5.22384030e+01	
0.05225000	5.21712804e+01	
0.05383333	5.19941383e+01	
0.05541667	5.21161354e+01	
0.05700000	5.17768242e+01	
0.05858333	5.16185148e+01	
0.06016667	5.17933944e+01	
0.06175000	5.12986038e+01	
0.06333333	5.19705440e+01	
0.06491667	5.16692514e+01	
0.06650000	5.16772452e+01	
0.06808333	5.18399931e+01	
0.06966667	5.17151999e+01	
0.07125000	5.17643881e+01	
0.07283333	5.15114907e+01	
0.07441667	5.14703001e+01	
0.07600000	5.14639035e+01	
0.07758333	5.14353783e+01	
0.07916667	5.16584388e+01	
0.08075000	5.16902713e+01	
0.08233333	5.13092209e+01	
0.08391667	5.14806691e+01	
0.08550000	5.15213336e+01	
0.08708333	5.17628434e+01	
0.08866667	5.14987652e+01	
0.09025000	5.13223785e+01	
0.09183333	5.11188121e+01	
0.09341667	5.08227435e+01	
0.09500000	5.08491754e+01	
0.09658333	5.08710034e+01	
0.09816667	5.06391147e+01	
0.09975000	5.05926700e+01	
0.10133333	5.05250701e+01	
0.10291667	5.07105405e+01	
0.10450000	5.05515509e+01	
0.10608333	5.02052718e+01	
0.10766667	5.02189369e+01	
0.10925000	5.02071172e+01	
0.11083333	5.03850522e+01	
0.11241667	4.99089063e+01	
0.11400000	5.00166596e+01	
0.11558333	4.97972596e+01	
0.11716667	5.00143144e+01	
0.11875000	4.99700007e+01	
0.12033333	5.00858793e+01	
0.12191667	5.02756454e+01	
0.12350000	4.98325384e+01	
0.12508333	5.02184558e+01	
0.12666667	4.99552946e+01	
0.12825000	4.98176707e+01	
0.12983333	4.99923774e+01	
0.13141667	4.99940799e+01	
0.13300000	4.97494206e+01	
0.13458333	4.98832862e+01	
0.13616667	4.97420807e+01	
0.13775000	5.00427945e+01	
0.13933333	4.97991086e+01	
0.14091667	5.00560612e+01	
0.14250000	4.98119544e+01	
0.14408333	4.94042615e+01	
0.14566667	4.94279086e+01	
0.14725000	4.92782281e+01	
0.14883333	4.98255518e+01	
0.15041667	4.93059529e+01	
0.15200000	4.93636760e+01	
0.15358333	4.94998380e+01	
0.15516667	4.92784198e+01	
0.15675000	4.95241915e+01	
0.15833333	4.92739963e+01	
0.15991667	4.91129246e+01	
0.16150000	4.94104852e+01	
0.16308333	4.92537656e+01	
0.16466667	4.91341964e+01	
0.16625000	4.87904655e+01	
0.16783333	4.84909731e+01	
0.16941667	4.85383874e+01	
0.17100000	4.83600652e+01	
0.17258333	4.85467457e+01	
0.17416667	4.82958891e+01	
0.17575000	4.84355462e+01	
0.17733333	4.84702237e+01	
0.17891667	4.84341782e+01	
0.18050000	4.86510601e+01	
0.18208333	4.83915219e+01	
0.18366667	4.80451527e+01	
0.18525000	4.70538614e+01	
0.18683333	4.69728031e+01	
0.18841667	4.72880314e+01	
0.19000000	4.71859832e+01	
0.19158333	4.73312063e+01	
0.19316667	4.70797521e+01	
0.19475000	4.69074469e+01	
0.19633333	4.69779407e+01	
0.19791667	4.67461234e+01	
0.19950000	4.70201535e+01	
0.20108333	4.66094052e+01	
0.20266667	4.66313385e+01	
0.20425000	4.68735812e+01	
0.20583333	4.56228569e+01	
0.20741667	4.34581526e+01	
0.20900000	4.31840962e+01	
0.21058333	4.27483103e+01	
0.21216667	4.22241301e+01	
0.21375000	4.22701350e+01	
0.21533333	4.24207587e+01	
0.21691667	4.23115022e+01	
0.21850000	4.20503592e+01	
0.22008333	4.17050122e+01	
0.22166667	4.14221576e+01	
0.22325000	4.11527126e+01	
0.22483333	4.11423698e+01	
0.22641667	4.12026975e+01	
0.22800000	4.12408326e+01	
0.22958333	4.13685685e+01	
0.23116667	3.99814305e+01	
0.23275000	3.93811717e+01	
0.23433333	3.96458964e+01	
0.23591667	3.97889246e+01	
0.23750000	3.97284203e+01	
0.23908333	3.93803486e+01	
0.24066667	3.93258951e+01	
0.24225000	3.92793002e+01	
0.24383333	3.88739788e+01	
0.24541667	3.87796576e+01	
0.24700000	3.83528578e+01	
0.24858333	3.82365470e+01	
0.25016667	3.84552592e+01	
0.25175000	3.84507906e+01	
0.25333333	3.80804174e+01	
0.25491667	3.81366335e+01	
0.25650000	3.79985586e+01	
0.25808333	3.77464391e+01	
0.25966667	3.78930528e+01	
0.26125000	3.77734235e+01	
0.26283333	3.80124379e+01	
0.26441667	3.75333944e+01	
0.26600000	3.77233333e+01	
0.26758333	3.73331728e+01	
0.26916667	3.74336538e+01	
0.27075000	3.71225897e+01	
0.27233333	3.68628335e+01	
0.27391667	3.59528936e+01	
0.27550000	3.59785212e+01	
0.27708333	3.58017850e+01	
0.27866667	3.43006438e+01	
0.28025000	3.43380047e+01	
0.28183333	3.43456716e+01	
0.28341667	3.39834086e+01	
0.28500000	3.41584686e+01	
0.28658333	3.41977726e+01	
0.28816667	3.40227389e+01	
0.28975000	3.39071572e+01	
0.29133333	3.37092695e+01	
0.29291667	3.40371218e+01	
0.29450000	3.41035303e+01	
0.29608333	3.41266399e+01	
0.29766667	3.43298004e+01	
0.29925000	3.42534663e+01	
0.30083333	3.40166543e+01	
0.30241667	3.40894932e+01	
0.30400000	3.39026097e+01	
0.30558333	3.39887604e+01	
0.30716667	3.36071199e+01	
0.30875000	3.35351378e+01	
0.31033333	3.35028882e+01	
0.31191667	3.34372764e+01	
0.31350000	3.32937219e+01	
0.31508333	3.31319324e+01	
0.31666667	3.31540648e+01	
0.31825000	3.27540952e+01	
0.31983333	3.03280844e+01	
0.32141667	3.03121681e+01	
0.32300000	3.02317206e+01	
0.32458333	3.04416554e+01	
0.32616667	3.03665408e+01	
0.32775000	3.04242227e+01	
0.32933333	3.02790202e+01	
0.33091667	3.01417628e+01	
0.33250000	2.99044283e+01	
0.33408333	2.97115899e+01	
0.33566667	2.96155455e+01	
0.33725000	2.93568003e+01	
0.33883333	2.95394726e+01	
0.34041667	2.94660042e+01	
0.34200000	2.91879997e+01	
0.34358333	2.86894282e+01	
0.34516667	2.83890263e+01	
0.34675000	2.79295709e+01	
0.34833333	2.76033028e+01	
0.34991667	2.64842531e+01	
0.35150000	2.60531162e+01	
0.35308333	2.57572919e+01	
0.35466667	2.57211223e+01	
0.35625000	2.57669656e+01	
0.35783333	2.56564839e+01	
0.35941667	2.57694743e+01	
0.36100000	2.58513969e+01	
0.36258333	2.57110972e+01	
0.36416667	2.56553339e+01	
0.36575000	2.53415864e+01	
0.36733333	2.41295178e+01	
0.36891667	2.38637427e+01	
0.37050000	2.37852814e+01	
0.37208333	2.37313033e+01	
0.37366667	2.34529812e+01	
0.37525000	2.37355745e+01	
0.37683333	2.39531010e+01	
0.37841667	2.41057524e+01	
0.38000000	2.39831277e+01	
0.38158333	2.38591388e+01	
0.38316667	2.39808652e+01	
0.38475000	2.36736477e+01	
0.38633333	2.37416667e+01	
0.38791667	2.35445325e+01	
0.38950000	2.33757733e+01	
0.39108333	2.33305651e+01	
0.39266667	2.32034324e+01	
0.39425000	2.30434487e+01	
0.39583333	2.07645495e+01	
0.39741667	2.01445767e+01	
0.39900000	1.99376429e+01	
0.40058333	1.98978729e+01	
0.40216667	1.99892119e+01	
0.40375000	2.00020896e+01	
0.40533333	1.98955579e+01	
0.40691667	2.01505956e+01	
0.40850000	2.00758512e+01	
0.41008333	1.99770446e+01	
0.41166667	1.99856566e+01	
0.41325000	1.98567481e+01	
0.41483333	1.97962607e+01	
0.41641667	1.97273661e+01	
0.41800000	1.97762780e+01	
0.41958333	1.94474129e+01	
0.42116667	1.94475971e+01	
0.42275000	1.90721145e+01	
0.42433333	1.89027257e+01	
0.42591667	1.83746030e+01	
0.42750000	1.80576197e+01	
0.42908333	1.62997758e+01	
0.43066667	1.56991562e+01	
0.43225000	1.54061139e+01	
0.43383333	1.60628191e+01	
0.43541667	1.59876143e+01	
0.43700000	1.62222691e+01	
0.43858333	1.60844498e+01	
0.44016667	1.61461285e+01	
0.44175000	1.59551297e+01	
0.44333333	1.58491579e+01	
0.44491667	1.56882610e+01	
0.44650000	1.59315635e+01	
0.44808333	1.54677213e+01	
0.44966667	1.52574247e+01	
0.45125000	1.43996731e+01	
0.45283333	1.42546990e+01	
0.45441667	1.41813348e+01	
0.45600000	1.39961632e+01	
0.45758333	1.40235553e+01	
0.45916667	1.39527844e+01	
0.46075000	1.39133658e+01	
0.46233333	1.36997601e+01	
0.46391667	1.34919328e+01	
0.46550000	1.36255701e+01	
0.46708333	1.35193512e+01	
0.46866667	1.33942761e+01	
0.47025000	1.30777964e+01	
0.47183333	1.33733482e+01	
0.47341667	1.29629288e+01	
0.47500000	1.29818385e+01	
0.47658333	1.31013776e+01	
0.47816667	1.28298937e+01	
0.47975000	1.25763978e+01	
0.48133333	1.26591529e+01	
0.48291667	1.15930102e+01	
0.48450000	1.15851178e+01	
0.48608333	1.11062021e+01	
0.48766667	1.11119015e+01	
0.48925000	9.62988514e+00	
0.49083333	9.49701544e+00	
0.49241667	9.45755930e+00	
0.49400000	9.22499316e+00	
0.49558333	8.99202771e+00	
0.49716667	8.91483294e+00	
0.49875000	8.87836368e+00	
0.50033333	8.82730765e+00	
0.50191667	8.56849473e+00	
0.50350000	8.51211418e+00	
0.50508333	8.42090954e+00	
0.50666667	8.58720995e+00	
0.50825000	8.47421019e+00	
0.50983333	8.24083039e+00	
0.51141667	7.89804750e+00	
0.51300000	7.79410046e+00	
0.51458333	6.90865698e+00	
0.51616667	6.19672555e+00	
0.51775000	6.28310035e+00	
0.51933333	6.56458500e+00	
0.52091667	6.37093523e+00	
0.52250000	6.15539121e+00	
0.52408333	6.22785338e+00	
0.52566667	5.94135755e+00	
0.52725000	5.53162163e+00	
0.52883333	5.36879574e+00	
0.53041667	4.29299144e+00	
0.53200000	3.85481720e+00	
0.53358333	3.67333857e+00	
0.53516667	3.66620303e+00	
0.53675000	3.61835468e+00	
0.53833333	3.66757762e+00	
0.53991667	3.60381019e+00	
0.54150000	3.79166026e+00	
0.54308333	3.77830644e+00	
0.54466667	3.93534413e+00	
0.54625000	3.74978450e+00	
0.54783333	2.87368007e+00	
0.54941667	2.77315611e+00	
0.55100000	2.41371823e+00	
0.55258333	2.23375465e+00	
0.55416667	1.80453177e+00	
0.55575000	1.75777531e+00	
0.55733333	1.75127974e+00	
0.55891667	1.76743135e+00	
0.56050000	1.75000510e+00	
0.56208333	1.46948632e+00	
0.56366667	1.01459027e+00	
0.56525000	1.01244230e+00	
0.56683333	1.00883073e+00	
0.56841667	8.78156616e-01	
0.57000000	8.00720207e-01	
0.57158333	7.99969377e-01	
0.57316667	7.91070392e-01	
0.57475000	8.22620675e-01	
0.57633333	8.43121541e-01	
0.57791667	7.08380164e-01	
0.57950000	2.88344193e-01	
0.58108333	3.39020756e-02	
0.58266667	3.06881442e-02	
0.58425000	2.54817158e-02	
0.58583333	1.26731890e-02	
0.58741667	7.14831744e-04	
0.58900000	5.60241016e-03	
0.59058333	5.96961232e-05	
0.59216667	2.19561965e-05	
0.59375000	1.60006294e-05	
0.59533333	1.61794987e-05	
0.59691667	1.74118192e-05	
0.59850000	1.83980710e-05	
0.60008333	1.84404662e-05	
0.60166667	1.79534164e-05	
0.60325000	1.66107378e-05	
0.60483333	1.48420888e-05	
0.60641667	1.29870750e-05	
0.60800000	1.18029686e-05	
0.60958333	1.04499121e-05	
0.61116667	8.78227554e-06	
0.61275000	7.31591873e-06	
0.61433333	6.05301727e-06	
0.61591667	5.16663503e-06	
0.61750000	4.59796401e-06	
0.61908333	4.13451857e-06	
0.62066667	3.65111340e-06	
0.62225000	3.43462135e-06	
0.62383333	2.88466256e-06	
0.62541667	2.52424494e-06	
0.62700000	2.26046303e-06	
0.62858333	2.34487539e-06	
0.63016667	2.05849870e-06	
0.63175000	1.37433874e-06	
0.63333333	1.15161865e-06	
0.63491667	9.03857821e-07	
0.63650000	9.80100314e-07	
0.63808333	9.82284300e-07	
0.63966667	1.11702556e-06	
0.64125000	1.14239548e-06	
0.64283333	8.32856715e-07	
0.64441667	8.76893507e-07	
0.64600000	7.83900774e-07	
0.64758333	9.18426034e-07	
0.64916667	1.30223886e-06	
0.65075000	1.16767715e-06	
0.65233333	7.06680141e-07	
0.65391667	1.72655369e-07	
0.65550000	2.14078132e-07	
0.65708333	3.67954738e-07	
0.65866667	5.02851827e-07	
0.66025000	7.56990503e-07	
0.66183333	6.64342690e-07	
0.66341667	7.91853299e-07	
0.66500000	5.04795675e-07	
0.66658333	5.47101429e-07	
0.66816667	7.29250834e-07	
0.66975000	9.19496578e-07	
0.67133333	9.76017955e-07	
0.67291667	4.78636341e-07	
0.67450000	2.88436742e-07	
0.67608333	3.62847141e-07	
0.67766667	4.44389068e-07	
0.67925000	6.27130028e-07	
0.68083333	7.32519421e-07	
0.68241667	8.62675141e-07	
0.68400000	7.23274526e-07	
0.68558333	4.58922756e-07	
0.68716667	5.23058822e-07	
0.68875000	6.91513709e-07	
0.69033333	1.00860156e-06	
0.69191667	3.53902308e-07	
0.69350000	1.90242664e-07	
0.69508333	4.89061545e-08	
0.69666667	-1.71539600e-08	
0.69825000	4.02905655e-07	
0.69983333	4.22867302e-07	
0.70141667	5.02065608e-07	
0.70300000	4.84754559e-07	
0.70458333	2.77634670e-07	
0.70616667	3.41890245e-07	
0.70775000	6.78740432e-07	
0.70933333	9.97443060e-07	
0.71091667	9.44062249e-07	
0.71250000	3.39687834e-07	
0.71408333	1.90985706e-07	
0.71566667	1.54091530e-07	
0.71725000	2.92101547e-07	
0.71883333	4.53055485e-07	
0.72041667	5.50651428e-07	
0.72200000	7.94224949e-07	
0.72358333	6.27304140e-07	
0.72516667	4.35226861e-07	
0.72675000	4.46549029e-07	
0.72833333	5.64599358e-07	
0.72991667	8.74471678e-07	
0.73150000	6.01635444e-07	
0.73308333	5.51508155e-07	
0.73466667	2.46089350e-07	
0.73625000	1.68740654e-07	
0.73783333	3.99533799e-07	
0.73941667	3.01589605e-07	
0.74100000	6.89509211e-07	
0.74258333	4.64435980e-07	
0.74416667	3.76847405e-07	
0.74575000	4.95852745e-07	
0.74733333	4.75889194e-07	
0.74891667	8.59994469e-07	
0.75050000	8.22891796e-07	
0.75208333	3.98038420e-07	
0.75366667	1.26912489e-07	
0.75525000	5.48959697e-08	
0.75683333	3.22011089e-07	
0.75841667	3.68334715e-07	
0.76000000	4.85808303e-07	
0.76158333	4.04269092e-07	
0.76316667	5.07779376e-07	
0.76475000	6.18572284e-07	
0.76633333	4.19584043e-07	
0.76791667	6.02047454e-07	
0.76950000	8.85576696e-07	
0.77108333	5.87857650e-07	
0.77266667	2.92974010e-07	
0.77425000	-4.76108233e-08	
0.77583333	2.36276509e-08	
0.77741667	1.34916270e-07	
0.77900000	3.81013628e-07	
0.78058333	5.33005876e-07	
0.78216667	4.33833658e-07	
0.78375000	5.26533218e-07	
0.78533333	2.57911509e-07	
0.78691667	2.33049207e-07	
0.78850000	5.52249516e-07	
0.79008333	5.18327562e-07	
0.79166667	3.75205440e-07	
0.79325000	5.95021029e-08	
0.79483333	1.03018609e-08	
0.79641667	1.06385678e-07	
0.79800000	1.65758730e-07	
0.79958333	2.63286854e-07	
0.80116667	4.53420481e-07	
0.80275000	6.06085740e-07	
0.80433333	5.21649575e-07	
0.80591667	4.47498076e-07	
0.80750000	8.22874939e-07	
0.80908333	7.31327295e-07	
0.81066667	5.79266360e-07	
0.81225000	2.53132534e-07	
0.81383333	-2.98098707e-09	
0.81541667	1.40999529e-07	
0.81700000	1.15513625e-07	
0.81858333	9.72507717e-08	
0.82016667	2.87745055e-07	
0.82175000	6.16091316e-07	
0.82333333	6.94886180e-07	
0.82491667	3.27500063e-07	
0.82650000	2.51058453e-07	
0.82808333	6.69646240e-07	
0.82966667	8.35397549e-07	
0.83125000	7.95132862e-07	
0.83283333	2.51534251e-07	
0.83441667	1.84305460e-07	
0.83600000	1.69535175e-07	
0.83758333	3.12922049e-07	
0.83916667	5.35303603e-07	
0.84075000	4.75672800e-07	
0.84233333	7.75471668e-07	
0.84391667	6.75614483e-07	
0.84550000	4.86595698e-07	
0.84708333	6.52493790e-07	
0.84866667	7.42850372e-07	
0.85025000	8.38904930e-07	
0.85183333	6.38892068e-07	
0.85341667	1.61653662e-07	
0.85500000	9.88424121e-08	
0.85658333	3.14052537e-08	
0.85816667	1.93198855e-07	
0.85975000	3.78316715e-07	
0.86133333	4.56478443e-07	
0.86291667	4.57869237e-07	
0.86450000	3.94521574e-07	
0.86608333	4.19549125e-07	
0.86766667	3.98107443e-07	
0.86925000	6.63921047e-07	
0.87083333	6.88923537e-07	
0.87241667	3.40160159e-07	
0.87400000	1.28795405e-07	
0.87558333	3.52012230e-08	
0.87716667	1.20145397e-07	
0.87875000	3.34803491e-07	
0.88033333	4.14165856e-07	
0.88191667	3.82291746e-07	
0.88350000	4.41706940e-07	
0.88508333	3.57575177e-07	
0.88666667	3.00094533e-07	
0.88825000	3.79981670e-07	
0.88983333	8.34023919e-07	
0.89141667	4.63962086e-07	
0.89300000	3.82810245e-07	
0.89458333	5.61138459e-08	
0.89616667	5.08165052e-09	
0.89775000	1.21814160e-07	
0.89933333	2.20629404e-07	
0.90091667	3.69371714e-07	
0.90250000	6.69780030e-07	
0.90408333	3.95341955e-07	
0.90566667	3.26073595e-07	
0.90725000	4.88550186e-07	
0.90883333	8.20888754e-07	
0.91041667	6.64201115e-07	
0.91200000	3.41007561e-07	
0.91358333	1.05349253e-07	
0.91516667	-9.75366575e-08	
0.91675000	1.27775921e-07	
0.91833333	3.15962677e-07	
0.91991667	4.24846375e-07	
0.92150000	8.19507060e-07	
0.92308333	6.23411405e-07	
0.92466667	6.77686128e-07	
0.92625000	5.43686620e-07	
0.92783333	6.79887643e-07	
0.92941667	9.56138855e-07	
0.93100000	6.43740821e-07	
0.93258333	1.87857657e-07	
0.93416667	2.40056844e-07	
0.93575000	1.20689223e-07	
0.93733333	2.26213302e-07	
0.93891667	1.21491459e-07	
0.94050000	5.12057184e-07	
0.94208333	3.94132161e-07	
0.94366667	5.10846410e-07	
0.94525000	4.47844955e-07	
0.94683333	4.00571274e-07	
0.94841667	6.89437304e-07	
0.95000000	6.12774288e-07	
0.95158333	5.50296988e-07	
0.95316667	2.29072637e-07	
0.95475000	9.32078733e-08	
0.95633333	1.63425329e-07	
0.95791667	2.42286668e-07	
0.95950000	2.85576246e-07	
0.96108333	3.91687567e-07	
0.96266667	4.55447324e-07	
0.96425000	4.26582957e-07	
0.96583333	3.85532639e-07	
0.96741667	5.32908992e-07	
0.96900000	8.83349365e-07	
0.97058333	6.96734375e-07	
0.97216667	7.79395932e-07	
0.97375000	2.53859615e-07	
0.97533333	1.17422464e-07	
0.97691667	1.35795845e-07	
0.97850000	4.03724299e-07	
0.98008333	5.84168932e-07	
0.98166667	5.71126787e-07	
0.98325000	7.71938693e-07	
0.98483333	4.13792795e-07	
0.98641667	3.85790867e-07	
0.98800000	5.21069165e-07	
0.98958333	6.49081669e-07	
0.99116667	5.59839480e-07	
0.99275000	4.32720020e-07	
0.99433333	1.28553726e-07	
0.99591667	7.66140417e-08	
0.99750000	2.12255446e-07	
0.99908333	3.33903643e-07	
1.00066667	4.51474702e-07	
1.00225000	5.17370703e-07	
1.00383333	4.86258899e-07	
1.00541667	3.39745545e-07	
1.00700000	3.82455245e-07	
1.00858333	6.55431346e-07	
1.01016667	7.06946601e-07	
1.01175000	6.09628402e-07	
1.01333333	9.47706444e-08	
1.01491667	6.49037553e-08	
1.01650000	-4.21922652e-08	
1.01808333	1.51680860e-07	
1.01966667	3.11804939e-07	
1.02125000	2.47732016e-07	
1.02283333	3.42191930e-07	
1.02441667	2.53348928e-07	
1.02600000	3.65439386e-07	
1.02758333	4.78827925e-07	
1.02916667	6.44197410e-07	
1.03075000	6.25528748e-07	
1.03233333	2.99586059e-07	
1.03391667	7.45781876e-09	
1.03550000	-1.64118217e-08	
1.03708333	1.28873487e-07	
1.03866667	3.27068620e-07	
1.04025000	3.91625937e-07	
1.04183333	7.27421792e-07	
1.04341667	6.68206583e-07	
1.04500000	5.56909877e-07	
1.04658333	5.05183772e-07	
1.04816667	5.54101295e-07	
1.04975000	6.88832252e-07	
1.05133333	5.74885452e-07	
1.05291667	2.11173898e-07	
1.05450000	-1.43177858e-07	
1.05608333	-6.43415111e-08	
1.05766667	2.01365771e-07	
1.05925000	4.41620584e-07	
1.06083333	5.25538333e-07	
1.06241667	4.95967214e-07	
1.06400000	4.72301281e-07	
1.06558333	5.05184220e-07	
1.06716667	3.53313413e-07	
1.06875000	6.86675708e-07	
1.07033333	8.38475111e-07	
1.07191667	6.81532661e-07	
1.07350000	1.95878351e-07	
1.07508333	-1.29073304e-07	
1.07666667	7.66132227e-08	
1.07825000	2.08994098e-07	
1.07983333	2.09679568e-07	
1.08141667	3.90026729e-07	
1.08300000	5.57297918e-07	
1.08458333	5.05790615e-07	
1.08616667	4.29262733e-07	
1.08775000	5.96923896e-07	
1.08933333	7.48086887e-07	
1.09091667	6.71471025e-07	
1.09250000	2.34638152e-07	
1.09408333	-1.07083586e-08	
1.09566667	6.05906377e-08	
1.09725000	1.67582060e-07	
1.09883333	3.50427436e-07	
1.10041667	4.43260869e-07	
1.10200000	7.51701289e-08	
1.10358333	6.78162262e-07	
1.10516667	4.16186707e-07	
1.10675000	4.06965557e-07	
1.10833333	7.25493961e-07	
1.10991667	7.45576071e-07	
1.11150000	7.36497111e-07	
1.11308333	9.72189693e-08	
1.11466667	5.06269367e-08	
1.11625000	2.24094377e-07	
1.11783333	2.42796122e-07	
1.11941667	3.93267202e-07	
1.12100000	6.43807744e-07	
1.12258333	6.05694954e-07	
1.12416667	6.15936806e-07	
1.12575000	3.52346866e-07	
1.12733333	3.69492343e-07	
1.12891667	6.00638375e-07	
1.13050000	7.63595271e-07	
1.13208333	6.00163530e-07	
1.13366667	-1.07778075e-07	
1.13525000	-4.77920475e-08	
1.13683333	-1.76943566e-07	
1.13841667	1.93578692e-07	
1.14000000	3.14018214e-07	
1.14158333	6.07511003e-07	
1.14316667	6.15893460e-07	
1.14475000	3.06023407e-07	
1.14633333	3.86483422e-07	
1.14791667	6.27690389e-07	
1.14950000	8.87088484e-07	
1.15108333	8.47557991e-07	
1.15266667	5.66849427e-07	
1.15425000	6.08849100e-08	
1.15583333	5.21556058e-08	
1.15741667	1.50117844e-07	
1.15900000	4.39416185e-07	
1.16058333	3.60454350e-07	
1.16216667	5.76355686e-07	
1.16375000	2.22253855e-07	
1.16533333	1.38189085e-07	
1.16691667	3.29601697e-07	
1.16850000	5.17026231e-07	
1.17008333	7.43005947e-07	
1.17166667	6.05306745e-07	
1.17325000	-5.64940189e-08	
1.17483333	-6.20563845e-09	
1.17641667	6.07549771e-08	
1.17800000	2.70487713e-07	
1.17958333	4.09386293e-07	
1.18116667	3.46763444e-07	
1.18275000	6.39806141e-07	
1.18433333	3.89508006e-07	
1.18591667	4.67978979e-07	
1.18750000	5.66416416e-07	
1.18908333	8.34028399e-07	
1.19066667	7.71981255e-07	
1.19225000	8.45344995e-07	
1.19383333	3.84799174e-07	
1.19541667	6.71155185e-08	
1.19700000	1.81574581e-07	
1.19858333	2.64211791e-07	
1.20016667	2.57116795e-08	
1.20175000	4.64695327e-07	
1.20333333	5.47403506e-07	
1.20491667	4.83467454e-07	
1.20650000	4.11071661e-07	
1.20808333	5.62658255e-07	
1.20966667	8.70842043e-07	
1.21125000	4.39374155e-07	
1.21283333	1.47592257e-07	
1.21441667	-5.53023275e-08	
1.21600000	-7.08671619e-08	
1.21758333	2.77713997e-07	
1.21916667	3.40741045e-07	
1.22075000	3.51870761e-07	
1.22233333	2.48396122e-07	
1.22391667	2.41899046e-07	
1.22550000	3.83243536e-07	
1.22708333	3.01012275e-07	
1.22866667	5.60842093e-07	
1.23025000	6.98625132e-07	
1.23183333	5.56478658e-07	
1.23341667	1.03638495e-07	
1.23500000	1.54739717e-07	
1.23658333	1.98210632e-07	
1.23816667	2.87228152e-07	
1.23975000	2.12817781e-07	
1.24133333	5.40836260e-07	
1.24291667	3.63840766e-07	
1.24450000	4.65214359e-07	
1.24608333	4.66726678e-07	
1.24766667	6.52626180e-07	
1.24925000	8.73696099e-07	
1.25083333	8.20286335e-07	
1.25241667	4.10897241e-07	
1.25400000	7.43237210e-08	
1.25558333	4.60202435e-08	
@ 
0.00000000	8.38287177e-09	
0.00158333	1.06948104e-07	
0.00316667	3.91063811e-07	
0.00475000	4.01089045e-07	
0.00633333	7.35745949e-07	
0.00791667	2.54031095e-07	
0.00950000	3.33013315e-07	
0.01108333	7.05361226e-07	
0.01266667	7.29710223e-07	
0.01425000	6.91428585e-07	
0.01583333	1.58975173e-07	
0.01741667	1.25762477e-07	
0.01900000	1.08849193e-07	
0.02058333	8.31390695e-08	
0.02216667	1.06810366e-07	
0.02375000	2.43341111e-07	
0.02533333	4.73815700e-07	
0.02691667	5.10414575e-07	
0.02850000	3.54809157e-07	
0.03008333	4.97752687e-07	
0.03166667	6.66788543e-07	
0.03325000	8.13928762e-07	
0.03483333	4.49961682e-07	
0.03641667	-2.24280596e-08	
0.03800000	7.03308468e-08	
0.03958333	1.12868725e-07	
0.04116667	2.35932874e-07	
0.04275000	4.80803638e-07	
0.04433333	3.90624472e-07	
0.04591667	5.45027936e-07	
0.04750000	2.71064931e-07	
0.04908333	2.87615214e-07	
0.05066667	5.09161910e-07	
0.05225000	6.59450814e-07	
0.05383333	7.20291552e-07	
0.05541667	2.27093872e-07	
0.05700000	3.51740163e-08	
0.05858333	7.63108301e-08	
0.06016667	2.19021250e-07	
0.06175000	3.66087643e-07	
0.06333333	3.67082219e-07	
0.06491667	6.62610756e-07	
0.06650000	3.45303430e-07	
0.06808333	2.56719383e-07	
0.06966667	4.27146286e-07	
0.07125000	4.19523280e-07	
0.07283333	5.39043339e-07	
0.07441667	4.52771188e-07	
0.07600000	1.44585650e-07	
0.07758333	6.46875436e-08	
0.07916667	-1.19731818e-07	
0.08075000	1.14951829e-07	
0.08233333	2.29608847e-07	
0.08391667	4.23437436e-07	
0.08550000	4.29565539e-07	
0.08708333	2.10742076e-07	
0.08866667	3.76415178e-07	
0.09025000	5.28614831e-07	
0.09183333	7.34903448e-07	
0.09341667	8.64357344e-07	
0.09500000	7.34079875e-07	
0.09658333	1.68438646e-07	
0.09816667	-4.29002070e-08	
0.09975000	1.03318553e-07	
0.10133333	5.21784877e-07	
0.10291667	3.83155388e-07	
0.10450000	5.22900615e-07	
0.10608333	5.89622121e-07	
0.10766667	3.98236445e-07	
0.10925000	2.31483097e-07	
0.11083333	2.07414771e-07	
0.11241667	6.86069872e-07	
0.11400000	4.67603874e-07	
0.11558333	2.28588341e-07	
0.11716667	-9.97320681e-08	
0.11875000	-4.89416670e-08	
0.12033333	2.02601957e-07	
0.12191667	3.26919345e-07	
0.12350000	5.26404020e-07	
0.12508333	6.55218144e-07	
0.12666667	4.74046823e-07	
0.12825000	5.15038142e-07	
0.12983333	3.33031879e-07	
0.13141667	7.09877381e-07	
0.13300000	5.67368794e-07	
0.13458333	5.74099176e-07	
0.13616667	2.95091465e-07	
0.13775000	-1.08331709e-07	
0.13933333	5.98046775e-08	
0.14091667	2.14545669e-07	
0.14250000	2.98738153e-07	
0.14408333	4.07965090e-07	
0.14566667	2.71755666e-07	
0.14725000	4.28139379e-07	
0.14883333	2.07025917e-07	
0.15041667	3.22331619e-07	
0.15200000	7.98807971e-07	
0.15358333	5.18562324e-07	
0.15516667	4.92958143e-07	
0.15675000	-9.55837799e-08	
0.15833333	-5.27528691e-08	
0.15991667	7.56980436e-08	
0.16150000	3.33236737e-07	
0.16308333	3.82152383e-07	
0.16466667	4.08426718e-07	
0.16625000	6.06299725e-07	
0.16783333	3.54679455e-07	
0.16941667	2.84720052e-07	
0.17100000	7.47240353e-07	
0.17258333	7.58898340e-07	
0.17416667	6.62284765e-07	
0.17575000	2.84289224e-07	
0.17733333	-8.55572528e-09	
0.17891667	7.81606491e-08	
0.18050000	1.54811218e-07	
0.18208333	4.16687285e-07	
0.18366667	3.61292175e-07	
0.18525000	5.24328679e-07	
0.18683333	2.56624627e-07	
0.18841667	2.85671142e-07	
0.19000000	5.47749602e-07	
0.19158333	5.70562114e-07	
0.19316667	8.45301705e-07	
0.19475000	3.78429420e-07	
0.19633333	-1.75066935e-07	
0.19791667	1.00936829e-08	
0.19950000	-3.24050884e-09	
0.20108333	3.15764485e-07	
0.20266667	4.42909790e-07	
0.20425000	4.44688906e-07	
0.20583333	6.34353848e-07	
0.20741667	2.60651236e-07	
0.20900000	2.60650928e-07	
0.21058333	4.79267881e-07	
0.21216667	7.61169298e-07	
0.21375000	5.08600317e-07	
0.21533333	1.05513956e-07	
0.21691667	3.93172423e-09	
0.21850000	-4.23817252e-08	
0.22008333	5.81622813e-08	
0.22166667	3.02654604e-07	
0.22325000	3.15660236e-07	
0.22483333	6.19307709e-07	
0.22641667	2.57626316e-07	
0.22800000	1.93543298e-07	
0.22958333	2.68169517e-07	
0.23116667	3.60255933e-07	
0.23275000	7.50271769e-07	
0.23433333	6.02454257e-07	
0.23591667	3.10517889e-07	
0.23750000	1.32986815e-07	
0.23908333	-9.05967911e-08	
0.24066667	1.98590175e-07	
0.24225000	3.04286490e-07	
0.24383333	3.86786843e-07	
0.24541667	5.42348216e-07	
0.24700000	4.12193867e-07	
0.24858333	4.11286235e-07	
0.25016667	3.08960935e-07	
0.25175000	5.21952324e-07	
0.25333333	6.51757861e-07	
0.25491667	6.78895895e-07	
0.25650000	1.41612742e-07	
0.25808333	-2.91158044e-08	
0.25966667	6.84474823e-08	
0.26125000	3.75602358e-07	
0.26283333	2.48033001e-07	
0.26441667	6.23800734e-07	
0.26600000	5.45528710e-07	
0.26758333	5.26013683e-07	
0.26916667	4.10560582e-07	
0.27075000	5.45986979e-07	
0.27233333	8.77194800e-07	
0.27391667	5.89619713e-07	
0.27550000	2.33039183e-07	
0.27708333	-1.14992421e-09	
0.27866667	1.25312945e-07	
0.28025000	2.33514798e-07	
0.28183333	2.34638292e-07	
0.28341667	3.59407579e-07	
0.28500000	4.63183371e-07	
0.28658333	2.09489244e-07	
0.28816667	2.54100454e-07	
0.28975000	1.73571514e-07	
0.29133333	4.96155495e-07	
0.29291667	6.69519114e-07	
0.29450000	5.02855243e-07	
0.29608333	1.88556709e-07	
0.29766667	-8.33982491e-08	
0.29925000	1.97190896e-07	
0.30083333	1.81557305e-07	
0.30241667	3.12159183e-07	
0.30400000	4.02341541e-07	
0.30558333	5.90874897e-07	
0.30716667	4.56312731e-07	
0.30875000	3.94693194e-07	
0.31033333	5.00691250e-07	
0.31191667	7.20777374e-07	
0.31350000	7.01926480e-07	
0.31508333	4.27707488e-07	
0.31666667	1.91869837e-09	
0.31825000	-9.48925339e-08	
0.31983333	-4.75409532e-08	
0.32141667	1.66268297e-07	
0.32300000	3.58871019e-07	
0.32458333	3.75897407e-07	
0.32616667	5.91134469e-07	
0.32775000	3.98582653e-07	
0.32933333	2.42846889e-07	
0.33091667	4.80946164e-07	
0.33250000	5.77089094e-07	
0.33408333	4.89223168e-07	
0.33566667	2.16981274e-07	
0.33725000	-5.48184482e-08	
0.33883333	-3.85617413e-08	
0.34041667	2.95645806e-07	
0.34200000	3.49824121e-07	
0.34358333	3.27663899e-07	
0.34516667	2.30351398e-07	
0.34675000	3.07491317e-07	
0.34833333	2.59657191e-07	
0.34991667	4.49148918e-07	
0.35150000	6.27147725e-07	
0.35308333	7.85879007e-07	
0.35466667	6.14598009e-07	
0.35625000	2.96585052e-07	
0.35783333	1.11347094e-07	
0.35941667	8.65525067e-08	
0.36100000	2.52975699e-07	
0.36258333	3.25684406e-07	
0.36416667	3.35062671e-07	
0.36575000	8.37091233e-07	
0.36733333	3.46780020e-07	
0.36891667	3.85956242e-07	
0.37050000	3.30223661e-07	
0.37208333	4.29539554e-07	
0.37366667	7.60347013e-07	
0.37525000	3.67556757e-07	
0.37683333	1.69432943e-07	
0.37841667	1.17837309e-07	
0.38000000	7.07886113e-08	
0.38158333	2.76207754e-07	
0.38316667	2.44197221e-07	
0.38475000	4.59769598e-07	
0.38633333	4.33153424e-07	
0.38791667	2.97312469e-07	
0.38950000	3.66561452e-07	
0.39108333	3.85317225e-07	
0.39266667	8.49999420e-07	
0.39425000	6.43090296e-07	
0.39583333	2.03050677e-07	
0.39741667	-5.57086817e-08	
0.39900000	-8.84371592e-08	
0.40058333	2.01884999e-07	
0.40216667	2.12203756e-07	
0.40375000	3.30678570e-07	
0.40533333	4.80424837e-07	
0.40691667	4.40498209e-07	
0.40850000	3.33894850e-07	
0.41008333	2.77530001e-07	
0.41166667	7.25485617e-07	
0.41325000	8.40770262e-07	
0.41483333	6.06856278e-07	
0.41641667	3.83026275e-07	
0.41800000	6.07375043e-08	
0.41958333	1.31847234e-07	
0.42116667	2.61974435e-07	
0.42275000	3.52425214e-07	
0.42433333	3.61029496e-07	
0.42591667	6.14503141e-07	
0.42750000	3.66675473e-07	
0.42908333	2.80701703e-07	
0.43066667	3.89646080e-07	
0.43225000	6.94710724e-07	
0.43383333	6.66235798e-07	
0.43541667	3.05678012e-07	
0.43700000	-2.18909819e-07	
0.43858333	-1.75939623e-07	
0.44016667	1.40040584e-07	
0.44175000	1.51024973e-07	
0.44333333	4.79258137e-07	
0.44491667	4.68542196e-07	
0.44650000	4.82715508e-07	
0.44808333	3.67340559e-07	
0.44966667	2.74401589e-07	
0.45125000	5.21647167e-07	
0.45283333	5.16871720e-07	
0.45441667	5.42115525e-07	
0.45600000	3.36929374e-07	
0.45758333	-1.07760826e-07	
0.45916667	-1.54775727e-07	
0.46075000	1.64807730e-08	
0.46233333	1.57202526e-07	
0.46391667	4.84789337e-07	
0.46550000	5.43464570e-07	
0.46708333	3.74539654e-07	
0.46866667	3.86958351e-07	
0.47025000	4.54799879e-07	
0.47183333	7.60564863e-07	
0.47341667	8.03170623e-07	
0.47500000	4.20749791e-07	
0.47658333	-2.57281372e-08	
0.47816667	-3.03952764e-08	
0.47975000	-1.20939933e-07	
0.48133333	-5.40916301e-08	
0.48291667	3.81195693e-07	
0.48450000	4.85005507e-07	
0.48608333	5.61620976e-07	
0.48766667	3.56711086e-07	
0.48925000	9.35775809e-08	
0.49083333	5.12274586e-07	
0.49241667	6.01545840e-07	
0.49400000	7.69595660e-07	
0.49558333	2.95073320e-07	
0.49716667	-1.77850162e-07	
0.49875000	3.39898817e-08	
0.50033333	1.26852258e-07	
0.50191667	4.23827381e-07	
0.50350000	2.30318007e-07	
0.50508333	2.83207984e-07	
0.50666667	4.20360714e-07	
0.50825000	2.64497796e-07	
0.50983333	3.64669295e-07	
0.51141667	6.25745814e-07	
0.51300000	8.20671128e-07	
0.51458333	7.81305394e-07	
0.51616667	2.48034065e-07	
0.51775000	5.37990310e-08	
0.51933333	-1.44851558e-08	
0.52091667	1.45536558e-07	
0.52250000	5.08166690e-07	
0.52408333	6.79931325e-07	
0.52566667	3.73173781e-07	
0.52725000	3.90156571e-07	
0.52883333	3.21640800e-07	
0.53041667	4.00830370e-07	
0.53200000	6.71427847e-07	
0.53358333	1.03020419e-06	
0.53516667	5.78323782e-07	
0.53675000	1.65861788e-07	
0.53833333	1.50375861e-07	
0.53991667	1.60953798e-07	
0.54150000	5.38352996e-07	
0.54308333	6.24986812e-07	
0.54466667	8.68464345e-07	
0.54625000	1.10440584e-06	
0.54783333	8.49121861e-07	
0.54941667	1.15521760e-06	
0.55100000	1.62851062e-06	
0.55258333	2.96767844e-06	
0.55416667	4.68382930e-06	
0.55575000	7.00605280e-06	
0.55733333	1.06770027e-05	
0.55891667	1.58665208e-05	
0.56050000	2.18010507e-05	
0.56208333	3.00708763e-05	
0.56366667	4.21320793e-05	
0.56525000	6.13388481e-05	
0.56683333	1.05783575e-04	
0.56841667	2.38361218e-04	
0.57000000	4.99550816e-04	
0.57158333	5.16541344e-04	
0.57316667	3.98400952e-04	
0.57475000	5.33538524e-04	
0.57633333	7.79440114e-04	
0.57791667	7.18644259e-04	
0.57950000	8.88442473e-04	
0.58108333	1.26682434e-03	
0.58266667	1.26463278e-03	
0.58425000	1.71417142e-03	
0.58583333	2.32174690e-03	
0.58741667	2.76822942e-03	
0.58900000	6.37198695e-03	
0.59058333	1.74010827e-02	
0.59216667	3.09855995e-02	
0.59375000	3.86182394e-02	
0.59533333	7.32839217e-02	
0.59691667	9.72454597e-02	
0.59850000	1.08650429e-01	
0.60008333	1.21379371e-01	
0.60166667	1.39402843e-01	
0.60325000	1.60584807e-01	
0.60483333	1.72484824e-01	
0.60641667	1.96650410e-01	
0.60800000	3.04670947e-01	
0.60958333	2.87260080e-01	
0.61116667	6.72779177e-01	
0.61275000	1.14449787e+00	
0.61433333	3.38293015e+00	
0.61591667	1.47000778e+01	
0.61750000	1.87593366e+01	
0.61908333	2.19447819e+01	
0.62066667	2.68244456e+01	
0.62225000	2.97548569e+01	
0.62383333	3.04361552e+01	
0.62541667	3.14612671e+01	
0.62700000	3.24749162e+01	
0.62858333	3.28621979e+01	
0.63016667	3.69019119e+01	
0.63175000	3.78782415e+01	
0.63333333	3.84739679e+01	
0.63491667	3.91943746e+01	
0.63650000	3.92363244e+01	
