start voltage : 0.00 V 
set voltage : 0.10 V 
High G : 30.00 G0 
Intermediate G : 20.00 G0 
Low G : 10.00 G0 
Breaking speed 1 : 300.00 V/s 
Breaking speed 2 : 300.00 V/s 
Making speed : 500.00 V/s 
Post breaking : 230.00 V/s 
@ 
0.00000000	5.91420465e+01	
0.00158333	6.00798238e+01	
0.00316667	5.98762611e+01	
0.00475000	5.98744008e+01	
0.00633333	5.96872918e+01	
0.00791667	5.97801435e+01	
0.00950000	6.00456236e+01	
0.01108333	6.00810001e+01	
0.01266667	6.02892155e+01	
0.01425000	5.98836612e+01	
0.01583333	5.99164671e+01	
0.01741667	5.98922187e+01	
0.01900000	5.96192184e+01	
0.02058333	5.99018850e+01	
0.02216667	5.98531140e+01	
0.02375000	5.97970369e+01	
0.02533333	5.99050795e+01	
0.02691667	5.99753215e+01	
0.02850000	5.97623331e+01	
0.03008333	5.98127803e+01	
0.03166667	5.97237733e+01	
0.03325000	5.98739423e+01	
0.03483333	5.97987469e+01	
0.03641667	5.97701352e+01	
0.03800000	5.96394453e+01	
0.03958333	5.95047942e+01	
0.04116667	5.95350896e+01	
0.04275000	5.95372731e+01	
0.04433333	5.99567181e+01	
0.04591667	5.93041292e+01	
0.04750000	5.92610181e+01	
0.04908333	5.94984578e+01	
0.05066667	5.91846051e+01	
0.05225000	5.94393252e+01	
0.05383333	5.92250478e+01	
0.05541667	5.94880549e+01	
0.05700000	5.98627163e+01	
0.05858333	5.97154675e+01	
0.06016667	5.95512539e+01	
0.06175000	5.91195833e+01	
0.06333333	5.91518819e+01	
0.06491667	5.92930235e+01	
0.06650000	5.92219021e+01	
0.06808333	5.94165652e+01	
0.06966667	5.94501190e+01	
0.07125000	5.94972927e+01	
0.07283333	5.95077520e+01	
0.07441667	5.93618373e+01	
0.07600000	5.93153927e+01	
0.07758333	5.92048508e+01	
0.07916667	5.95102437e+01	
0.08075000	5.93064029e+01	
0.08233333	5.92548170e+01	
0.08391667	5.92239767e+01	
0.08550000	5.90312378e+01	
0.08708333	5.91639985e+01	
0.08866667	5.90271037e+01	
0.09025000	5.88280171e+01	
0.09183333	5.91041707e+01	
0.09341667	5.88102030e+01	
0.09500000	5.91701170e+01	
0.09658333	5.89173999e+01	
0.09816667	5.84712112e+01	
0.09975000	5.88480186e+01	
0.10133333	5.86706172e+01	
0.10291667	5.88518746e+01	
0.10450000	5.86506270e+01	
0.10608333	5.85698281e+01	
0.10766667	5.85503941e+01	
0.10925000	5.83547125e+01	
0.11083333	5.83300884e+01	
0.11241667	5.82338279e+01	
0.11400000	5.86324295e+01	
0.11558333	5.82206665e+01	
0.11716667	5.79668295e+01	
0.11875000	5.82252967e+01	
0.12033333	5.82814790e+01	
0.12191667	5.83659798e+01	
0.12350000	5.83819938e+01	
0.12508333	5.82409348e+01	
0.12666667	5.85031302e+01	
0.12825000	5.80921188e+01	
0.12983333	5.83076064e+01	
0.13141667	5.79346738e+01	
0.13300000	5.75839262e+01	
0.13458333	5.77527813e+01	
0.13616667	5.70129969e+01	
0.13775000	5.75053484e+01	
0.13933333	5.68990388e+01	
0.14091667	5.69344566e+01	
0.14250000	5.71329081e+01	
0.14408333	5.71392107e+01	
0.14566667	5.72488881e+01	
0.14725000	5.69501549e+01	
0.14883333	5.69796197e+01	
0.15041667	5.69018161e+01	
0.15200000	5.64806236e+01	
0.15358333	5.68785337e+01	
0.15516667	5.66684316e+01	
0.15675000	5.66114262e+01	
0.15833333	5.63449840e+01	
0.15991667	5.63997307e+01	
0.16150000	5.64728966e+01	
0.16308333	5.63881665e+01	
0.16466667	5.63216603e+01	
0.16625000	5.64288460e+01	
0.16783333	5.63477464e+01	
0.16941667	5.67220508e+01	
0.17100000	5.61251969e+01	
0.17258333	5.61279518e+01	
0.17416667	5.62226074e+01	
0.17575000	5.64195292e+01	
0.17733333	5.60843672e+01	
0.17891667	5.57548237e+01	
0.18050000	5.61088861e+01	
0.18208333	5.59672709e+01	
0.18366667	5.60779142e+01	
0.18525000	5.59910532e+01	
0.18683333	5.55393210e+01	
0.18841667	5.53624383e+01	
0.19000000	5.51737546e+01	
0.19158333	5.50321018e+01	
0.19316667	5.52663131e+01	
0.19475000	5.48769418e+01	
0.19633333	5.51706841e+01	
0.19791667	5.49894154e+01	
0.19950000	5.47259272e+01	
0.20108333	5.48363488e+01	
0.20266667	5.47347216e+01	
0.20425000	5.48609354e+01	
0.20583333	5.45547270e+01	
0.20741667	5.47969472e+01	
0.20900000	5.44153367e+01	
0.21058333	5.46275847e+01	
0.21216667	5.48015811e+01	
0.21375000	5.47029116e+01	
0.21533333	5.45568730e+01	
0.21691667	5.48337218e+01	
0.21850000	5.44309373e+01	
0.22008333	5.35548180e+01	
0.22166667	5.29210129e+01	
0.22325000	5.28891391e+01	
0.22483333	5.26371474e+01	
0.22641667	5.25132713e+01	
0.22800000	5.30012519e+01	
0.22958333	5.25923602e+01	
0.23116667	5.25809426e+01	
0.23275000	5.20682401e+01	
0.23433333	5.15100062e+01	
0.23591667	5.01115332e+01	
0.23750000	4.99916258e+01	
0.23908333	5.02787948e+01	
0.24066667	5.02919788e+01	
0.24225000	5.02223870e+01	
0.24383333	5.01598795e+01	
0.24541667	4.99264913e+01	
0.24700000	5.01497961e+01	
0.24858333	5.01008748e+01	
0.25016667	4.99537274e+01	
0.25175000	5.00925690e+01	
0.25333333	4.98806930e+01	
0.25491667	5.01280808e+01	
0.25650000	4.99420279e+01	
0.25808333	4.98340492e+01	
0.25966667	4.97517207e+01	
0.26125000	4.95943922e+01	
0.26283333	4.97540094e+01	
0.26441667	4.96515817e+01	
0.26600000	4.94736842e+01	
0.26758333	4.94363496e+01	
0.26916667	4.97384728e+01	
0.27075000	4.92954560e+01	
0.27233333	4.92416527e+01	
0.27391667	4.91105945e+01	
0.27550000	4.92335612e+01	
0.27708333	4.90654953e+01	
0.27866667	4.88870416e+01	
0.28025000	4.91476585e+01	
0.28183333	4.92466437e+01	
0.28341667	4.90846249e+01	
0.28500000	4.91869511e+01	
0.28658333	4.94779010e+01	
0.28816667	4.90717040e+01	
0.28975000	4.91904088e+01	
0.29133333	4.89901458e+01	
0.29291667	4.76682776e+01	
0.29450000	4.51670207e+01	
0.29608333	4.50381122e+01	
0.29766667	4.51954895e+01	
0.29925000	4.48192985e+01	
0.30083333	4.49648260e+01	
0.30241667	4.52600828e+01	
0.30400000	4.49758941e+01	
0.30558333	4.49466586e+01	
0.30716667	4.47251088e+01	
0.30875000	4.45350120e+01	
0.31033333	4.45888680e+01	
0.31191667	4.41764736e+01	
0.31350000	4.42943403e+01	
0.31508333	4.43580992e+01	
0.31666667	4.43345687e+01	
0.31825000	4.40974861e+01	
0.31983333	4.39518533e+01	
0.32141667	4.42399131e+01	
0.32300000	4.39303410e+01	
0.32458333	4.38063296e+01	
0.32616667	4.33639141e+01	
0.32775000	4.29357087e+01	
0.32933333	4.30328147e+01	
0.33091667	4.31550147e+01	
0.33250000	4.32442134e+01	
0.33408333	4.31527785e+01	
0.33566667	4.31655003e+01	
0.33725000	4.27691010e+01	
0.33883333	4.25556541e+01	
0.34041667	4.27243777e+01	
0.34200000	4.26075633e+01	
0.34358333	4.24855287e+01	
0.34516667	4.16906030e+01	
0.34675000	4.03717526e+01	
0.34833333	4.05741878e+01	
0.34991667	4.04778297e+01	
0.35150000	4.02684116e+01	
0.35308333	4.03116880e+01	
0.35466667	4.01423519e+01	
0.35625000	4.03161679e+01	
0.35783333	4.02000563e+01	
0.35941667	4.03093053e+01	
0.36100000	4.02023113e+01	
0.36258333	3.98468132e+01	
0.36416667	3.89607722e+01	
0.36575000	3.87395907e+01	
0.36733333	3.82808344e+01	
0.36891667	3.77668653e+01	
0.37050000	3.75664408e+01	
0.37208333	3.75794068e+01	
0.37366667	3.70562075e+01	
0.37525000	3.56520896e+01	
0.37683333	3.57964220e+01	
0.37841667	3.57416303e+01	
0.38000000	3.58617670e+01	
0.38158333	3.56436786e+01	
0.38316667	3.56547843e+01	
0.38475000	3.55816484e+01	
0.38633333	3.58313288e+01	
0.38791667	3.58889993e+01	
0.38950000	3.50944533e+01	
0.39108333	3.54424536e+01	
0.39266667	3.54180474e+01	
0.39425000	3.52207272e+01	
0.39583333	3.52894809e+01	
0.39741667	3.48144588e+01	
0.39900000	3.50797021e+01	
0.40058333	3.46221746e+01	
0.40216667	3.45532556e+01	
0.40375000	3.38671693e+01	
0.40533333	3.33341458e+01	
0.40691667	3.30583230e+01	
0.40850000	3.28683840e+01	
0.41008333	3.09424724e+01	
0.41166667	3.07282644e+01	
0.41325000	3.05996679e+01	
0.41483333	3.08441430e+01	
0.41641667	3.08365889e+01	
0.41800000	3.07943441e+01	
0.41958333	3.06421043e+01	
0.42116667	3.04826055e+01	
0.42275000	3.02538887e+01	
0.42433333	2.98751759e+01	
0.42591667	2.96530774e+01	
0.42750000	2.98020607e+01	
0.42908333	2.94363872e+01	
0.43066667	2.94966115e+01	
0.43225000	2.94906584e+01	
0.43383333	2.96141024e+01	
0.43541667	2.90916678e+01	
0.43700000	2.88444642e+01	
0.43858333	2.90605325e+01	
0.44016667	2.91417899e+01	
0.44175000	2.90145839e+01	
0.44333333	2.86774957e+01	
0.44491667	2.86149432e+01	
0.44650000	2.79707747e+01	
0.44808333	2.62323741e+01	
0.44966667	2.59135962e+01	
0.45125000	2.57213403e+01	
0.45283333	2.54650511e+01	
0.45441667	2.50127946e+01	
0.45600000	2.47773280e+01	
0.45758333	2.44906664e+01	
0.45916667	2.43585934e+01	
0.46075000	2.41915066e+01	
0.46233333	2.42257049e+01	
0.46391667	2.43074453e+01	
0.46550000	2.43410949e+01	
0.46708333	2.43631334e+01	
0.46866667	2.40464169e+01	
0.47025000	2.40028454e+01	
0.47183333	2.37307189e+01	
0.47341667	2.39105857e+01	
0.47500000	2.36081468e+01	
0.47658333	2.33706602e+01	
0.47816667	2.16960787e+01	
0.47975000	2.14834868e+01	
0.48133333	2.13521618e+01	
0.48291667	2.15787908e+01	
0.48450000	2.18614687e+01	
0.48608333	2.16052960e+01	
0.48766667	2.13118732e+01	
0.48925000	2.06535623e+01	
0.49083333	2.06688434e+01	
0.49241667	2.05352221e+01	
0.49400000	2.03241617e+01	
0.49558333	2.01841851e+01	
0.49716667	2.01680283e+01	
0.49875000	1.95906630e+01	
0.50033333	1.90200324e+01	
0.50191667	1.91915202e+01	
0.50350000	1.81220495e+01	
0.50508333	1.75318459e+01	
0.50666667	1.75403396e+01	
0.50825000	1.80004790e+01	
0.50983333	1.76619458e+01	
0.51141667	1.78107900e+01	
0.51300000	1.71592609e+01	
0.51458333	1.70146673e+01	
0.51616667	1.67597668e+01	
0.51775000	1.67100299e+01	
0.51933333	1.65580757e+01	
0.52091667	1.66090866e+01	
0.52250000	1.60848744e+01	
0.52408333	1.61055017e+01	
0.52566667	1.60113383e+01	
0.52725000	1.59908652e+01	
0.52883333	1.53998940e+01	
0.53041667	1.51427507e+01	
0.53200000	1.51369564e+01	
0.53358333	1.45002790e+01	
0.53516667	1.45272596e+01	
0.53675000	1.44124493e+01	
0.53833333	1.38057564e+01	
0.53991667	1.34931063e+01	
0.54150000	1.33864477e+01	
0.54308333	1.36355539e+01	
0.54466667	1.32860541e+01	
0.54625000	1.32390250e+01	
0.54783333	1.33235794e+01	
0.54941667	1.31966741e+01	
0.55100000	1.30630602e+01	
0.55258333	1.32078258e+01	
0.55416667	1.31026169e+01	
0.55575000	1.30730770e+01	
0.55733333	1.29098734e+01	
0.55891667	1.25982258e+01	
0.56050000	1.26315062e+01	
0.56208333	1.25896889e+01	
0.56366667	1.24896467e+01	
0.56525000	1.18072999e+01	
0.56683333	1.13417504e+01	
0.56841667	1.12321265e+01	
0.57000000	1.12714521e+01	
0.57158333	1.13149944e+01	
0.57316667	1.10828172e+01	
0.57475000	1.05477549e+01	
0.57633333	9.97164673e+00	
0.57791667	9.91237325e+00	
0.57950000	9.65998979e+00	
0.58108333	9.90658928e+00	
0.58266667	9.71870610e+00	
0.58425000	9.62799849e+00	
0.58583333	9.64422198e+00	
0.58741667	9.67054299e+00	
0.58900000	9.16632570e+00	
0.59058333	8.82057284e+00	
0.59216667	8.65689570e+00	
0.59375000	8.55372005e+00	
0.59533333	8.20840220e+00	
0.59691667	8.32865729e+00	
0.59850000	7.98513307e+00	
0.60008333	7.78637582e+00	
0.60166667	7.50439366e+00	
0.60325000	6.77718441e+00	
0.60483333	6.61833101e+00	
0.60641667	6.31085466e+00	
0.60800000	6.13221775e+00	
0.60958333	6.24979319e+00	
0.61116667	6.00700645e+00	
0.61275000	5.83936012e+00	
0.61433333	5.33249043e+00	
0.61591667	4.70891205e+00	
0.61750000	4.80607541e+00	
0.61908333	4.65017788e+00	
0.62066667	4.63886739e+00	
0.62225000	4.38127590e+00	
0.62383333	4.38780964e+00	
0.62541667	4.36061625e+00	
0.62700000	4.31634154e+00	
0.62858333	4.20105770e+00	
0.63016667	4.19953701e+00	
0.63175000	3.61957236e+00	
0.63333333	2.58952658e+00	
0.63491667	2.42402856e+00	
0.63650000	2.16637436e+00	
0.63808333	2.26733615e+00	
0.63966667	1.76970828e+00	
0.64125000	1.71625905e+00	
0.64283333	1.66543157e+00	
0.64441667	1.70613722e+00	
0.64600000	1.68455210e+00	
0.64758333	1.66695414e+00	
0.64916667	1.71112714e+00	
0.65075000	1.82221323e+00	
0.65233333	1.82822599e+00	
0.65391667	1.80587406e+00	
0.65550000	1.82027233e+00	
0.65708333	1.80589978e+00	
0.65866667	1.29753195e+00	
0.66025000	-1.37348869e-02	
0.66183333	7.33537910e-03	
0.66341667	-2.59728479e-03	
0.66500000	-5.27977971e-04	
0.66658333	2.42017610e-05	
0.66816667	2.23180361e-04	
0.66975000	4.17544901e-04	
0.67133333	1.78347456e-04	
0.67291667	6.35288922e-05	
0.67450000	3.06692807e-05	
0.67608333	1.59845831e-05	
0.67766667	8.07437062e-06	
0.67925000	3.29117449e-06	
0.68083333	1.15758213e-06	
0.68241667	-1.40066863e-07	
0.68400000	-1.74273030e-07	
0.68558333	-5.37989085e-08	
0.68716667	4.25633799e-07	
0.68875000	5.11279197e-07	
0.69033333	5.32668181e-07	
0.69191667	1.02192669e-06	
0.69350000	1.31034433e-06	
0.69508333	1.53216995e-06	
0.69666667	1.43053749e-06	
0.69825000	1.49822795e-06	
0.69983333	1.83551361e-06	
0.70141667	1.58567105e-06	
0.70300000	1.40696726e-06	
0.70458333	1.37933495e-06	
0.70616667	1.29245646e-06	
0.70775000	1.27934381e-06	
0.70933333	6.37328645e-07	
0.71091667	5.09031593e-07	
0.71250000	2.95600976e-07	
0.71408333	4.77987552e-07	
0.71566667	6.61570061e-07	
0.71725000	6.73665932e-07	
0.71883333	6.45018910e-07	
0.72041667	6.55994899e-07	
0.72200000	6.14338550e-07	
0.72358333	6.24924985e-07	
0.72516667	7.83788601e-07	
0.72675000	9.78825697e-07	
0.72833333	6.45736527e-07	
0.72991667	1.66250684e-07	
0.73150000	1.62777506e-07	
0.73308333	1.36677899e-07	
0.73466667	3.61559391e-07	
0.73625000	3.74313656e-07	
0.73783333	6.82224460e-07	
0.73941667	6.73364638e-07	
0.74100000	4.94002366e-07	
0.74258333	5.14994068e-07	
0.74416667	3.97069269e-07	
0.74575000	6.98513687e-07	
0.74733333	9.88891252e-07	
0.74891667	6.21120510e-07	
0.75050000	3.33635530e-07	
0.75208333	1.38483826e-07	
0.75366667	3.39105212e-07	
0.75525000	5.52935099e-07	
0.75683333	5.80286726e-07	
0.75841667	7.55899350e-07	
0.76000000	3.38777205e-07	
0.76158333	4.77789079e-07	
0.76316667	4.58905731e-07	
0.76475000	7.79879514e-07	
0.76633333	8.57922264e-07	
0.76791667	5.56132114e-07	
0.76950000	3.56583008e-07	
0.77108333	1.81052186e-08	
0.77266667	1.53625351e-07	
0.77425000	2.63113610e-07	
0.77583333	3.06180299e-07	
0.77741667	7.65750416e-07	
0.77900000	3.56321672e-07	
0.78058333	4.62622870e-07	
0.78216667	5.06827054e-07	
0.78375000	5.38977088e-07	
0.78533333	8.05945043e-07	
0.78691667	8.60863740e-07	
0.78850000	5.60013816e-07	
0.79008333	1.92134793e-07	
0.79166667	7.19557387e-08	
0.79325000	1.63330097e-07	
0.79483333	3.23273050e-07	
0.79641667	6.18242037e-07	
0.79800000	6.40222239e-07	
0.79958333	8.28321911e-07	
0.80116667	4.70659063e-07	
0.80275000	4.77357523e-07	
0.80433333	3.78169765e-07	
0.80591667	8.61312544e-07	
0.80750000	7.13769163e-07	
0.80908333	3.32728318e-07	
0.81066667	-2.05691214e-09	
0.81225000	1.79024689e-07	
0.81383333	1.82396222e-07	
0.81541667	4.60512416e-07	
0.81700000	5.80201098e-07	
0.81858333	7.35117825e-07	
0.82016667	5.86164750e-07	
0.82175000	3.31458041e-07	
0.82333333	4.78955723e-07	
0.82491667	6.09713974e-07	
0.82650000	6.05434822e-07	
0.82808333	6.48734117e-07	
0.82966667	4.56020230e-07	
0.83125000	-4.71949172e-08	
0.83283333	1.32832597e-08	
0.83441667	1.71348173e-07	
0.83600000	3.84056357e-07	
0.83758333	4.60937895e-07	
0.83916667	7.16706327e-07	
0.84075000	4.77919509e-07	
0.84233333	4.47454366e-07	
0.84391667	5.26706322e-07	
0.84550000	6.47258059e-07	
0.84708333	8.40594862e-07	
0.84866667	5.62768860e-07	
0.85025000	1.18969358e-07	
0.85183333	3.41801432e-08	
0.85341667	-7.90775993e-08	
0.85500000	2.48526020e-07	
0.85658333	2.15980565e-07	
0.85816667	4.32391090e-07	
0.85975000	5.56218918e-07	
0.86133333	5.70090124e-07	
0.86291667	5.86380583e-07	
0.86450000	5.45077834e-07	
0.86608333	6.95948044e-07	
0.86766667	7.89346795e-07	
0.86925000	1.43687145e-07	
0.87083333	2.05989059e-07	
0.87241667	-2.23665881e-08	
0.87400000	3.16222305e-07	
0.87558333	5.92212405e-07	
0.87716667	4.88593476e-07	
0.87875000	5.74022005e-07	
0.88033333	5.04017184e-07	
0.88191667	3.51612785e-07	
0.88350000	5.64807911e-07	
0.88508333	5.65067091e-07	
0.88666667	8.71488144e-07	
0.88825000	6.83865782e-07	
0.88983333	4.34535034e-07	
0.89141667	4.50955440e-08	
0.89300000	-5.50427138e-08	
0.89458333	1.68126964e-07	
0.89616667	2.34301703e-07	
0.89775000	4.79044599e-07	
0.89933333	5.41742660e-07	
0.90091667	6.61308809e-07	
0.90250000	5.79120194e-07	
0.90408333	5.37506070e-07	
0.90566667	6.49132239e-07	
0.90725000	7.53475673e-07	
0.90883333	3.90329730e-07	
0.91041667	1.53601158e-07	
0.91200000	-1.42096954e-07	
0.91358333	1.90045420e-08	
0.91516667	1.59424327e-07	
0.91675000	4.36115313e-07	
0.91833333	5.57772484e-07	
0.91991667	3.95904753e-07	
0.92150000	4.38509812e-07	
0.92308333	4.30497701e-07	
0.92466667	4.32504971e-07	
0.92625000	6.65731944e-07	
0.92783333	6.53173436e-07	
0.92941667	4.81202544e-07	
0.93100000	1.54964735e-07	
0.93258333	3.76803527e-08	
0.93416667	2.26318461e-07	
0.93575000	3.92248909e-07	
0.93733333	5.99863020e-07	
0.93891667	5.39926667e-07	
0.94050000	5.13050949e-07	
0.94208333	4.15565891e-07	
0.94366667	4.03206780e-07	
0.94525000	7.28010602e-07	
0.94683333	6.51026524e-07	
0.94841667	5.44663695e-07	
0.95000000	1.23627745e-07	
0.95158333	2.92544422e-08	
0.95316667	1.46227377e-07	
0.95475000	1.97502298e-07	
0.95633333	4.29522613e-07	
0.95791667	3.66824020e-07	
0.95950000	6.32227881e-07	
0.96108333	5.62527657e-07	
0.96266667	3.23092945e-07	
0.96425000	5.44724514e-07	
0.96583333	6.39183449e-07	
0.96741667	5.31848808e-07	
0.96900000	3.42095550e-07	
0.97058333	1.40022397e-07	
0.97216667	1.08123464e-07	
0.97375000	1.83406606e-07	
0.97533333	2.94425903e-07	
0.97691667	3.49840082e-07	
0.97850000	4.30472808e-07	
0.98008333	5.65680935e-07	
0.98166667	4.61456170e-07	
0.98325000	4.08564625e-07	
0.98483333	5.46443679e-07	
0.98641667	7.77332744e-07	
0.98800000	6.09671972e-07	
0.98958333	2.42572280e-07	
0.99116667	1.10966053e-07	
0.99275000	1.51241244e-08	
0.99433333	1.70996841e-07	
0.99591667	5.24459557e-07	
0.99750000	5.32781250e-07	
0.99908333	6.97088703e-07	
1.00066667	5.26186058e-07	
1.00225000	2.29279832e-07	
1.00383333	4.35226525e-07	
1.00541667	5.50040105e-07	
1.00700000	8.90481453e-07	
1.00858333	6.69344890e-07	
1.01016667	2.63322387e-07	
1.01175000	8.69148079e-08	
1.01333333	-2.48558333e-08	
1.01491667	3.33600613e-07	
1.01650000	2.89412110e-07	
1.01808333	5.08773589e-07	
1.01966667	5.18535667e-07	
1.02125000	4.11027307e-07	
1.02283333	3.03422623e-07	
1.02441667	3.28321704e-07	
1.02600000	6.74064166e-07	
1.02758333	8.10691032e-07	
1.02916667	2.40842195e-07	
1.03075000	3.61589465e-08	
1.03233333	-1.43323241e-07	
1.03391667	-1.29291251e-07	
1.03550000	1.53141840e-07	
1.03708333	1.23101742e-07	
1.03866667	4.57022815e-07	
1.04025000	5.63391832e-07	
1.04183333	3.90459600e-07	
1.04341667	5.37724424e-07	
1.04500000	4.88202578e-07	
1.04658333	6.24277932e-07	
1.04816667	6.56875370e-07	
1.04975000	2.45232260e-07	
1.05133333	2.05021545e-07	
1.05291667	8.53016450e-09	
1.05450000	2.53590719e-07	
1.05608333	3.47637755e-07	
1.05766667	4.28096033e-07	
1.05925000	5.75060347e-07	
1.06083333	6.34948819e-07	
1.06241667	4.92179764e-07	
1.06400000	4.01150032e-07	
1.06558333	6.91774736e-07	
1.06716667	9.16584448e-07	
1.06875000	5.98438428e-07	
1.07033333	1.90977795e-07	
1.07191667	-3.32040194e-08	
1.07350000	8.03691625e-09	
1.07508333	9.53580198e-08	
1.07666667	2.65623391e-07	
1.07825000	5.03544354e-07	
1.07983333	4.24683016e-07	
1.08141667	4.46979576e-07	
1.08300000	3.44784511e-07	
1.08458333	5.96422506e-07	
1.08616667	7.67783139e-07	
1.08775000	7.18438149e-07	
1.08933333	3.17215706e-07	
1.09091667	2.14215506e-07	
1.09250000	3.19680194e-08	
1.09408333	2.83855401e-07	
1.09566667	4.03542879e-07	
1.09725000	6.03146504e-07	
1.09883333	4.62751144e-07	
1.10041667	6.50418169e-07	
1.10200000	4.40281424e-07	
1.10358333	3.11510730e-07	
1.10516667	6.10795887e-07	
1.10675000	7.25476881e-07	
1.10833333	6.17964601e-07	
1.10991667	1.67885775e-07	
1.11150000	-3.31693048e-08	
1.11308333	6.63123445e-08	
1.11466667	2.41362682e-07	
1.11625000	4.22019984e-07	
1.11783333	4.37569026e-07	
1.11941667	5.20896957e-07	
1.12100000	5.21398236e-07	
1.12258333	3.61636955e-07	
1.12416667	3.45520188e-07	
1.12575000	5.54188771e-07	
1.12733333	6.86016390e-07	
1.12891667	4.31337150e-07	
1.13050000	2.53997409e-07	
1.13208333	2.58915088e-08	
1.13366667	-8.11508088e-09	
1.13525000	3.91625825e-07	
1.13683333	3.66373927e-07	
1.13841667	4.97146347e-07	
1.14000000	7.78628586e-07	
1.14158333	4.81211392e-07	
1.14316667	4.26281048e-07	
1.14475000	5.51293777e-07	
1.14633333	6.82826207e-07	
1.14791667	7.35459385e-07	
1.14950000	4.29477867e-07	
1.15108333	1.05177045e-07	
1.15266667	3.72478523e-08	
1.15425000	-1.49268783e-08	
1.15583333	3.06541991e-07	
1.15741667	3.00666039e-07	
1.15900000	5.17502477e-07	
1.16058333	3.17519771e-07	
1.16216667	4.66553995e-07	
1.16375000	4.76581385e-07	
1.16533333	5.73390800e-07	
1.16691667	8.61644247e-07	
1.16850000	7.79492424e-07	
1.17008333	2.60609178e-07	
1.17166667	1.15503664e-07	
1.17325000	4.08345893e-08	
1.17483333	1.97044324e-07	
1.17641667	3.60607657e-07	
1.17800000	4.61472915e-07	
1.17958333	5.79189245e-07	
1.18116667	3.66734892e-07	
1.18275000	4.23946611e-07	
1.18433333	3.69586820e-07	
1.18591667	6.17102890e-07	
1.18750000	8.62673293e-07	
1.18908333	3.96162392e-07	
1.19066667	1.41154866e-07	
1.19225000	-3.89851343e-08	
1.19383333	-4.29012465e-08	
1.19541667	2.05505645e-07	
1.19700000	2.65922752e-07	
1.19858333	4.47583787e-07	
1.20016667	4.47540945e-07	
1.20175000	4.05756043e-07	
1.20333333	3.92663467e-07	
1.20491667	4.69501547e-07	
1.20650000	9.50737748e-07	
1.20808333	8.48371427e-07	
1.20966667	4.48492932e-07	
1.21125000	1.19903284e-07	
1.21283333	1.63249145e-08	
1.21441667	5.41527044e-08	
1.21600000	3.86826829e-07	
1.21758333	5.48570543e-07	
1.21916667	6.21382658e-07	
1.22075000	3.77365317e-07	
1.22233333	4.15694557e-07	
1.22391667	1.65777365e-07	
1.22550000	6.40004445e-07	
1.22708333	7.94918933e-07	
1.22866667	5.75222923e-07	
1.23025000	3.35505209e-08	
1.23183333	-1.74228340e-07	
1.23341667	-2.68260700e-08	
1.23500000	2.55545094e-07	
1.23658333	2.24007475e-07	
1.23816667	4.61369114e-07	
1.23975000	5.28952302e-07	
1.24133333	4.70702353e-07	
1.24291667	3.14017458e-07	
1.24450000	3.33178298e-07	
1.24608333	6.90572138e-07	
1.24766667	6.82697401e-07	
1.24925000	6.21294174e-07	
1.25083333	2.30317279e-07	
1.25241667	-5.92000884e-08	
1.25400000	1.09835712e-07	
1.25558333	3.44523315e-07	
1.25716667	4.84877877e-07	
1.25875000	4.34334461e-07	
1.26033333	5.61576342e-07	
1.26191667	4.39461267e-07	
1.26350000	2.80486206e-07	
1.26508333	3.93381447e-07	
1.26666667	5.60453324e-07	
1.26825000	7.99145442e-07	
1.26983333	2.99853443e-07	
1.27141667	-9.58434968e-09	
1.27300000	5.00991060e-08	
1.27458333	5.26397020e-08	
1.27616667	4.33255432e-07	
1.27775000	6.90673895e-07	
1.27933333	4.68627712e-07	
1.28091667	6.03836623e-07	
1.28250000	3.47325933e-07	
1.28408333	3.35925529e-07	
1.28566667	6.14814683e-07	
1.28725000	7.45701124e-07	
1.28883333	5.27787114e-07	
1.29041667	2.85153539e-07	
1.29200000	1.33952629e-09	
1.29358333	-7.74342755e-08	
1.29516667	1.57453319e-07	
1.29675000	4.41054006e-07	
1.29833333	4.80166329e-07	
1.29991667	5.78212281e-07	
1.30150000	3.09697788e-07	
1.30308333	2.84072831e-07	
1.30466667	4.93907386e-07	
1.30625000	5.53969577e-07	
1.30783333	8.04075063e-07	
1.30941667	3.21287956e-07	
1.31100000	-3.47421914e-08	
1.31258333	-8.12465206e-08	
1.31416667	1.23844858e-08	
1.31575000	3.60556694e-07	
1.31733333	4.20836259e-07	
1.31891667	7.16621427e-07	
1.32050000	6.18226076e-07	
1.32208333	3.26895068e-07	
1.32366667	4.22391981e-07	
1.32525000	5.04102419e-07	
1.32683333	6.69786022e-07	
1.32841667	6.61982688e-07	
1.33000000	2.07977064e-07	
1.33158333	1.84953787e-07	
1.33316667	-1.21674924e-07	
1.33475000	8.27061001e-08	
1.33633333	3.54179492e-07	
1.33791667	5.31458583e-07	
1.33950000	6.81792737e-07	
1.34108333	4.91098860e-07	
1.34266667	3.50142551e-07	
@ 
0.00000000	3.86830413e-07	
0.00158333	4.80772949e-07	
0.00316667	6.88684630e-07	
0.00475000	4.38691624e-07	
0.00633333	1.08166425e-07	
0.00791667	-4.53464142e-08	
0.00950000	3.42577837e-08	
0.01108333	3.09619609e-07	
0.01266667	3.41994102e-07	
0.01425000	3.98728735e-07	
0.01583333	1.40524039e-07	
0.01741667	3.63710812e-07	
0.01900000	2.94658986e-07	
0.02058333	2.72387318e-07	
0.02216667	6.80582130e-07	
0.02375000	6.91175678e-07	
0.02533333	3.14318444e-07	
0.02691667	-1.68714780e-07	
0.02850000	-4.10249124e-07	
0.03008333	-2.38329166e-07	
0.03166667	9.05537882e-08	
0.03325000	5.52892761e-07	
0.03483333	5.72682929e-07	
0.03641667	5.67884353e-07	
0.03800000	4.56217499e-07	
0.03958333	4.02523942e-07	
0.04116667	7.77517832e-07	
0.04275000	7.10240557e-07	
0.04433333	6.79198028e-07	
0.04591667	1.21796267e-07	
0.04750000	-7.02177987e-08	
0.04908333	-1.18330426e-07	
0.05066667	-8.29245799e-08	
0.05225000	9.19974000e-08	
0.05383333	3.30439859e-07	
0.05541667	4.15538030e-07	
0.05700000	5.12401824e-07	
0.05858333	3.81600731e-07	
0.06016667	3.35061018e-07	
0.06175000	6.37750848e-07	
0.06333333	7.25850641e-07	
0.06491667	5.84565262e-07	
0.06650000	2.57798888e-07	
0.06808333	-1.16870006e-07	
0.06966667	8.11148327e-10	
0.07125000	1.47083320e-07	
0.07283333	4.28311223e-07	
0.07441667	5.80721081e-07	
0.07600000	5.09462924e-07	
0.07758333	5.85428765e-07	
0.07916667	3.98842952e-07	
0.08075000	4.25245225e-07	
0.08233333	7.11911952e-07	
0.08391667	8.64704560e-07	
0.08550000	5.02921494e-07	
0.08708333	4.01754196e-09	
0.08866667	5.55649407e-09	
0.09025000	-3.91762184e-08	
0.09183333	2.60669072e-07	
0.09341667	3.84272919e-07	
0.09500000	6.26911730e-07	
0.09658333	5.70184713e-07	
0.09816667	4.30126600e-07	
0.09975000	3.17603131e-07	
0.10133333	5.26737179e-07	
0.10291667	7.77157456e-07	
0.10450000	8.06326196e-07	
0.10608333	-2.85801600e-07	
0.10766667	4.41705715e-08	
0.10925000	-1.48725607e-07	
0.11083333	-7.95425811e-08	
0.11241667	4.18719588e-08	
0.11400000	3.22142163e-07	
0.11558333	4.73899760e-07	
0.11716667	3.13023302e-07	
0.11875000	3.77927274e-07	
0.12033333	3.36098857e-07	
0.12191667	4.81997892e-07	
0.12350000	7.00338137e-07	
0.12508333	5.79300578e-07	
0.12666667	6.94412679e-08	
0.12825000	5.08166277e-08	
0.12983333	3.91072303e-08	
0.13141667	3.00431697e-07	
0.13300000	2.40298242e-07	
0.13458333	3.43299212e-07	
0.13616667	3.97415616e-07	
0.13775000	3.73520660e-07	
0.13933333	4.19540221e-07	
0.14091667	5.15642633e-07	
0.14250000	6.83200976e-07	
0.14408333	6.57679735e-07	
0.14566667	3.60080841e-07	
0.14725000	1.08636046e-08	
0.14883333	-4.58648820e-08	
0.15041667	1.76111858e-07	
0.15200000	2.48948951e-07	
0.15358333	2.90814105e-07	
0.15516667	4.79775824e-07	
0.15675000	1.63303818e-07	
0.15833333	3.03905504e-07	
0.15991667	2.95825742e-07	
0.16150000	4.05453097e-07	
0.16308333	6.92723699e-07	
0.16466667	5.09982459e-07	
0.16625000	4.39712102e-07	
0.16783333	-6.37202122e-08	
0.16941667	-8.01579297e-08	
0.17100000	1.34214950e-07	
0.17258333	1.21199014e-07	
0.17416667	6.06318262e-07	
0.17575000	2.71627392e-07	
0.17733333	5.67626686e-07	
0.17891667	5.11234675e-07	
0.18050000	4.07095539e-07	
0.18208333	5.90182258e-07	
0.18366667	6.40308707e-07	
0.18525000	5.26919915e-07	
0.18683333	2.34543480e-07	
0.18841667	-6.87116269e-09	
0.19000000	-2.11570248e-08	
0.19158333	-4.90288000e-08	
0.19316667	1.76863342e-07	
0.19475000	3.56406936e-07	
0.19633333	5.46971951e-07	
0.19791667	4.81375872e-07	
0.19950000	3.17042574e-07	
0.20108333	5.28390821e-07	
0.20266667	8.12246950e-07	
0.20425000	7.15671065e-07	
0.20583333	5.72163057e-07	
0.20741667	8.18940636e-08	
0.20900000	3.88033956e-08	
0.21058333	7.44447564e-08	
0.21216667	2.04970191e-07	
0.21375000	3.10950817e-07	
0.21533333	4.41570742e-07	
0.21691667	4.45164143e-07	
0.21850000	2.42028160e-07	
0.22008333	2.60866901e-07	
0.22166667	6.06742257e-07	
0.22325000	7.78845147e-07	
0.22483333	6.84703859e-07	
0.22641667	1.15116252e-07	
0.22800000	-5.44897660e-08	
0.22958333	-1.32849217e-07	
0.23116667	1.18492497e-08	
0.23275000	1.89957192e-07	
0.23433333	3.31647917e-07	
0.23591667	4.60029674e-07	
0.23750000	4.43523549e-07	
0.23908333	2.38691894e-07	
0.24066667	4.06361206e-07	
0.24225000	6.97821888e-07	
0.24383333	9.20647374e-07	
0.24541667	6.40678772e-07	
0.24700000	6.46017827e-08	
0.24858333	1.81140565e-08	
0.25016667	-9.85290973e-09	
0.25175000	1.80277759e-07	
0.25333333	3.14761060e-07	
0.25491667	3.91781232e-07	
0.25650000	7.04825058e-07	
0.25808333	3.11234693e-07	
0.25966667	3.20673497e-07	
0.26125000	3.91028446e-07	
0.26283333	6.62157191e-07	
0.26441667	9.16627906e-07	
0.26600000	4.03732756e-07	
0.26758333	1.12090374e-07	
0.26916667	-1.10972418e-08	
0.27075000	9.71213709e-08	
0.27233333	4.09773047e-07	
0.27391667	3.49365012e-07	
0.27550000	4.20992086e-07	
0.27708333	1.91210052e-07	
0.27866667	2.90899285e-07	
0.28025000	2.28244079e-07	
0.28183333	3.81818440e-07	
0.28341667	6.76867428e-07	
0.28500000	5.17465515e-07	
0.28658333	2.76285335e-08	
0.28816667	-1.71454297e-07	
0.28975000	-7.14283350e-08	
0.29133333	2.28588131e-07	
0.29291667	2.74749308e-07	
0.29450000	5.11494359e-07	
0.29608333	5.95020427e-07	
0.29766667	3.71055542e-07	
0.29925000	4.58949525e-07	
0.30083333	4.18803004e-07	
0.30241667	6.33696378e-07	
0.30400000	6.81231143e-07	
0.30558333	3.08443556e-07	
0.30716667	-1.58151464e-08	
0.30875000	-9.38116224e-08	
0.31033333	1.15089140e-07	
0.31191667	3.40722956e-07	
0.31350000	3.32364665e-07	
0.31508333	4.81721519e-07	
0.31666667	4.92221598e-07	
0.31825000	4.74185541e-07	
0.31983333	3.79353070e-07	
0.32141667	5.58251809e-07	
0.32300000	8.00707184e-07	
0.32458333	6.50575032e-07	
0.32616667	4.53919352e-07	
0.32775000	3.03861584e-08	
0.32933333	1.50327141e-09	
0.33091667	4.21047578e-08	
0.33250000	2.25978470e-07	
0.33408333	3.57946865e-07	
0.33566667	3.87382710e-07	
0.33725000	3.02800071e-07	
0.33883333	3.98107779e-07	
0.34041667	3.07311857e-07	
0.34200000	6.39960708e-07	
0.34358333	8.50142395e-07	
0.34516667	5.21613789e-07	
0.34675000	2.67135644e-08	
0.34833333	-1.24579270e-07	
0.34991667	-7.91643472e-08	
0.35150000	1.23698406e-07	
0.35308333	3.73953196e-07	
0.35466667	5.31153985e-07	
0.35625000	4.88332672e-07	
0.35783333	5.03370075e-07	
0.35941667	2.70633152e-07	
0.36100000	4.47991430e-07	
0.36258333	6.44983909e-07	
0.36416667	7.32133955e-07	
0.36575000	3.72569149e-07	
0.36733333	-1.71472106e-07	
0.36891667	-1.70192995e-07	
0.37050000	-1.25010181e-07	
0.37208333	-4.96582717e-08	
0.37366667	3.16445475e-07	
0.37525000	3.77540073e-07	
0.37683333	6.94408423e-07	
0.37841667	3.63797112e-07	
0.38000000	2.70719535e-07	
0.38158333	6.17439969e-07	
0.38316667	6.72941259e-07	
0.38475000	6.85981837e-07	
0.38633333	8.20668104e-08	
0.38791667	-6.22418158e-08	
0.38950000	-2.36574691e-07	
0.39108333	2.40147241e-09	
0.39266667	2.27983570e-07	
0.39425000	5.21155353e-07	
0.39583333	5.10387133e-07	
0.39741667	4.51991885e-07	
0.39900000	3.19549442e-07	
0.40058333	3.34334890e-07	
0.40216667	5.60381977e-07	
0.40375000	8.12098879e-07	
0.40533333	7.41725114e-07	
0.40691667	3.06967764e-08	
0.40850000	1.08458448e-08	
0.41008333	-2.91876389e-07	
0.41166667	8.26455124e-08	
0.41325000	2.76311162e-07	
0.41483333	6.29682734e-07	
0.41641667	5.64169091e-07	
0.41800000	3.27067332e-07	
0.41958333	2.89559285e-07	
0.42116667	3.91106681e-07	
0.42275000	6.69345282e-07	
0.42433333	7.65836324e-07	
0.42591667	4.16965058e-07	
0.42750000	1.59943737e-07	
0.42908333	-7.39694001e-08	
0.43066667	-5.38233011e-08	
0.43225000	2.96387531e-07	
0.43383333	2.53728933e-07	
0.43541667	6.68783353e-07	
0.43700000	6.39446380e-07	
0.43858333	4.51128102e-07	
0.44016667	3.96032270e-07	
0.44175000	3.50920482e-07	
0.44333333	6.05912188e-07	
0.44491667	6.17958776e-07	
0.44650000	6.20345883e-07	
0.44808333	-9.17035828e-08	
0.44966667	-2.92386600e-07	
0.45125000	-1.79318419e-08	
0.45283333	3.17949339e-07	
0.45441667	4.63788843e-07	
0.45600000	5.49695073e-07	
0.45758333	4.70106150e-07	
0.45916667	2.76032970e-07	
0.46075000	2.69899855e-07	
0.46233333	5.92819304e-07	
0.46391667	6.61309985e-07	
0.46550000	5.08600765e-07	
0.46708333	2.29841957e-07	
0.46866667	-9.76403602e-08	
0.47025000	-3.57786334e-08	
0.47183333	-3.48555265e-08	
0.47341667	8.04953869e-08	
0.47500000	4.06811438e-07	
0.47658333	3.91150895e-07	
0.47816667	5.47402442e-07	
0.47975000	4.79388847e-07	
0.48133333	4.95247078e-07	
0.48291667	6.19055137e-07	
0.48450000	7.31181017e-07	
0.48608333	4.46288197e-07	
0.48766667	-5.70916147e-08	
0.48925000	-1.72474481e-07	
0.49083333	3.04242511e-09	
0.49241667	4.07458855e-07	
0.49400000	3.64662323e-07	
0.49558333	4.29392687e-07	
0.49716667	4.34794970e-07	
0.49875000	3.02730264e-07	
0.50033333	3.35969407e-07	
0.50191667	5.51336675e-07	
0.50350000	5.98244436e-07	
0.50508333	6.34816373e-07	
0.50666667	2.95004045e-07	
0.50825000	9.65772435e-08	
0.50983333	-7.74352766e-08	
0.51141667	-2.09933054e-09	
0.51300000	2.28242637e-07	
0.51458333	3.12503934e-07	
0.51616667	5.22687357e-07	
0.51775000	4.83191361e-07	
0.51933333	3.45000904e-07	
0.52091667	2.93102228e-07	
0.52250000	5.14952122e-07	
0.52408333	6.92680129e-07	
0.52566667	5.92904148e-07	
0.52725000	1.79820065e-07	
0.52883333	-2.86058211e-08	
0.53041667	-7.97425101e-08	
0.53200000	2.69396133e-08	
0.53358333	2.89974571e-07	
0.53516667	4.64162183e-07	
0.53675000	5.33816905e-07	
0.53833333	4.04518247e-07	
0.53991667	3.90199609e-07	
0.54150000	5.94848219e-07	
0.54308333	7.29151710e-07	
0.54466667	9.57307067e-07	
0.54625000	5.66026638e-07	
0.54783333	4.73860677e-08	
0.54941667	-6.06342357e-08	
0.55100000	3.97990363e-08	
0.55258333	2.35045487e-07	
0.55416667	2.89110061e-07	
0.55575000	6.08114711e-07	
0.55733333	6.42340030e-07	
0.55891667	5.53930711e-07	
0.56050000	5.93674407e-07	
0.56208333	8.09350276e-07	
0.56366667	1.10297554e-06	
0.56525000	1.27581128e-06	
0.56683333	1.13759618e-06	
0.56841667	1.12311270e-06	
0.57000000	1.46354749e-06	
0.57158333	2.07304233e-06	
0.57316667	3.02822343e-06	
0.57475000	3.92784287e-06	
0.57633333	5.13322617e-06	
0.57791667	6.16134808e-06	
0.57950000	8.17331138e-06	
0.58108333	1.13983626e-05	
0.58266667	1.59128891e-05	
0.58425000	2.19901277e-05	
0.58583333	3.05487740e-05	
0.58741667	4.47832508e-05	
0.58900000	6.70141947e-05	
0.59058333	1.00398811e-04	
0.59216667	1.52216041e-04	
0.59375000	2.27596936e-04	
0.59533333	3.08701765e-04	
0.59691667	5.60003968e-04	
0.59850000	7.71238981e-04	
0.60008333	9.01905441e-04	
0.60166667	1.19621821e-03	
0.60325000	1.80712976e-03	
0.60483333	4.60011593e-03	
0.60641667	7.00471279e-03	
0.60800000	1.57970981e-02	
0.60958333	2.62123662e-02	
0.61116667	3.83630884e-02	
0.61275000	4.79313009e-02	
0.61433333	5.42835872e-02	
0.61591667	5.24067192e-02	
0.61750000	6.60595528e-02	
0.61908333	6.29527962e-02	
0.62066667	6.70404232e-02	
0.62225000	7.64664088e-02	
0.62383333	1.08231786e-01	
0.62541667	1.64940210e-01	
0.62700000	2.58860310e-01	
0.62858333	6.84113752e-01	
0.63016667	8.75213659e-01	
0.63175000	1.86850355e+00	
0.63333333	1.09242119e+01	
0.63491667	1.77829939e+01	
0.63650000	2.00597414e+01	
0.63808333	2.15266900e+01	
0.63966667	2.55747623e+01	
0.64125000	2.92252253e+01	
0.64283333	3.02256040e+01	
0.64441667	3.15720156e+01	
0.64600000	3.18508638e+01	
0.64758333	3.20408329e+01	
0.64916667	3.31562070e+01	
