start voltage : 0.00 V 
set voltage : 0.10 V 
High G : 30.00 G0 
Intermediate G : 20.00 G0 
Low G : 10.00 G0 
Breaking speed 1 : 300.00 V/s 
Breaking speed 2 : 300.00 V/s 
Making speed : 500.00 V/s 
Post breaking : 230.00 V/s 
@ 
0.00000000	4.04193360e+01	
0.00158333	4.10721918e+01	
0.00316667	4.11561101e+01	
0.00475000	4.09698166e+01	
0.00633333	4.11185687e+01	
0.00791667	4.10699255e+01	
0.00950000	4.11025397e+01	
0.01108333	4.11651975e+01	
0.01266667	4.10170242e+01	
0.01425000	4.12353944e+01	
0.01583333	4.10884801e+01	
0.01741667	4.11498901e+01	
0.01900000	4.11576697e+01	
0.02058333	4.11071286e+01	
0.02216667	4.11113416e+01	
0.02375000	4.10877021e+01	
0.02533333	4.11991084e+01	
0.02691667	4.10698804e+01	
0.02850000	4.11356501e+01	
0.03008333	4.11475901e+01	
0.03166667	4.09656863e+01	
0.03325000	4.09591582e+01	
0.03483333	4.10170543e+01	
0.03641667	4.10204329e+01	
0.03800000	4.11260327e+01	
0.03958333	4.08900737e+01	
0.04116667	4.11050728e+01	
0.04275000	4.09849248e+01	
0.04433333	4.10648707e+01	
0.04591667	4.10402991e+01	
0.04750000	4.09512696e+01	
0.04908333	4.09168251e+01	
0.05066667	4.09599361e+01	
0.05225000	4.09382359e+01	
0.05383333	4.09020288e+01	
0.05541667	4.08942191e+01	
0.05700000	4.10685237e+01	
0.05858333	4.10489018e+01	
0.06016667	4.08535622e+01	
0.06175000	4.10165319e+01	
0.06333333	4.09073167e+01	
0.06491667	4.10653780e+01	
0.06650000	4.09421295e+01	
0.06808333	4.09662200e+01	
0.06966667	4.10553773e+01	
0.07125000	4.08618755e+01	
0.07283333	4.09969851e+01	
0.07441667	4.07855902e+01	
0.07600000	4.09188395e+01	
0.07758333	4.10252999e+01	
0.07916667	4.10121084e+01	
0.08075000	4.10507358e+01	
0.08233333	4.08740485e+01	
0.08391667	4.10900849e+01	
0.08550000	4.09475790e+01	
0.08708333	4.08464779e+01	
0.08866667	4.10110410e+01	
0.09025000	4.08994318e+01	
0.09183333	4.09680465e+01	
0.09341667	4.07214855e+01	
0.09500000	4.08536524e+01	
0.09658333	4.09278744e+01	
0.09816667	4.08999467e+01	
0.09975000	4.07566516e+01	
0.10133333	4.09126196e+01	
0.10291667	4.09102932e+01	
0.10450000	4.09269047e+01	
0.10608333	4.08942266e+01	
0.10766667	4.08854699e+01	
0.10925000	4.09348422e+01	
0.11083333	4.08420243e+01	
0.11241667	4.08455195e+01	
0.11400000	4.05789082e+01	
0.11558333	4.08354173e+01	
0.11716667	4.08903819e+01	
0.11875000	4.06976769e+01	
0.12033333	4.08221394e+01	
0.12191667	4.07080084e+01	
0.12350000	4.09830194e+01	
0.12508333	4.07533067e+01	
0.12666667	4.08607593e+01	
0.12825000	4.09012245e+01	
0.12983333	4.06359962e+01	
0.13141667	4.07930804e+01	
0.13300000	4.06598274e+01	
0.13458333	4.05966096e+01	
0.13616667	4.08128489e+01	
0.13775000	4.04294833e+01	
0.13933333	4.02489626e+01	
0.14091667	4.01837304e+01	
0.14250000	4.00726624e+01	
0.14408333	4.04920735e+01	
0.14566667	4.01511763e+01	
0.14725000	4.04287881e+01	
0.14883333	4.02633605e+01	
0.15041667	4.01781644e+01	
0.15200000	4.02694602e+01	
0.15358333	4.01543971e+01	
0.15516667	4.02128833e+01	
0.15675000	4.02441144e+01	
0.15833333	4.01757328e+01	
0.15991667	4.02438288e+01	
0.16150000	4.01656080e+01	
0.16308333	4.01715649e+01	
0.16466667	4.00364102e+01	
0.16625000	4.01346738e+01	
0.16783333	4.01202909e+01	
0.16941667	3.99385976e+01	
0.17100000	4.00457382e+01	
0.17258333	3.97564645e+01	
0.17416667	3.99173333e+01	
0.17575000	3.98976700e+01	
0.17733333	3.98246319e+01	
0.17891667	3.98086104e+01	
0.18050000	3.97787886e+01	
0.18208333	3.98239442e+01	
0.18366667	3.97887292e+01	
0.18525000	3.93052472e+01	
0.18683333	3.93628652e+01	
0.18841667	3.93661499e+01	
0.19000000	3.94775186e+01	
0.19158333	3.94233657e+01	
0.19316667	3.93197391e+01	
0.19475000	3.95841105e+01	
0.19633333	3.92883764e+01	
0.19791667	3.93721744e+01	
0.19950000	3.94227757e+01	
0.20108333	3.93289318e+01	
0.20266667	3.92751059e+01	
0.20425000	3.91215883e+01	
0.20583333	3.93152029e+01	
0.20741667	3.92852758e+01	
0.20900000	3.91686456e+01	
0.21058333	3.92797361e+01	
0.21216667	3.94064949e+01	
0.21375000	3.95005492e+01	
0.21533333	3.91801834e+01	
0.21691667	3.90273611e+01	
0.21850000	3.91289771e+01	
0.22008333	3.89805106e+01	
0.22166667	3.91690139e+01	
0.22325000	3.91260945e+01	
0.22483333	3.90890793e+01	
0.22641667	3.90270304e+01	
0.22800000	3.89291689e+01	
0.22958333	3.89842388e+01	
0.23116667	3.86404176e+01	
0.23275000	3.85096902e+01	
0.23433333	3.86761249e+01	
0.23591667	3.87012377e+01	
0.23750000	3.86617947e+01	
0.23908333	3.84495316e+01	
0.24066667	3.84522113e+01	
0.24225000	3.85951005e+01	
0.24383333	3.83316198e+01	
0.24541667	3.82502684e+01	
0.24700000	3.81979083e+01	
0.24858333	3.82100287e+01	
0.25016667	3.82150384e+01	
0.25175000	3.79176995e+01	
0.25333333	3.81139449e+01	
0.25491667	3.76272946e+01	
0.25650000	3.76286100e+01	
0.25808333	3.75568422e+01	
0.25966667	3.70957144e+01	
0.26125000	3.75401254e+01	
0.26283333	3.71868485e+01	
0.26441667	3.74174369e+01	
0.26600000	3.74215898e+01	
0.26758333	3.72169485e+01	
0.26916667	3.74321204e+01	
0.27075000	3.73391109e+01	
0.27233333	3.73107021e+01	
0.27391667	3.73488147e+01	
0.27550000	3.72374949e+01	
0.27708333	3.73550910e+01	
0.27866667	3.73220032e+01	
0.28025000	3.71991080e+01	
0.28183333	3.71651370e+01	
0.28341667	3.74079548e+01	
0.28500000	3.73273475e+01	
0.28658333	3.70813653e+01	
0.28816667	3.70154190e+01	
0.28975000	3.70180686e+01	
0.29133333	3.69020134e+01	
0.29291667	3.70026785e+01	
0.29450000	3.68229244e+01	
0.29608333	3.69836805e+01	
0.29766667	3.66747398e+01	
0.29925000	3.64695235e+01	
0.30083333	3.66143896e+01	
0.30241667	3.64290583e+01	
0.30400000	3.60528484e+01	
0.30558333	3.59272472e+01	
0.30716667	3.59329072e+01	
0.30875000	3.60514879e+01	
0.31033333	3.56785854e+01	
0.31191667	3.54796416e+01	
0.31350000	3.54939681e+01	
0.31508333	3.56191221e+01	
0.31666667	3.55345874e+01	
0.31825000	3.54720198e+01	
0.31983333	3.53284428e+01	
0.32141667	3.53037698e+01	
0.32300000	3.51988541e+01	
0.32458333	3.53843846e+01	
0.32616667	3.53172658e+01	
0.32775000	3.53351513e+01	
0.32933333	3.50859709e+01	
0.33091667	3.49852118e+01	
0.33250000	3.51654770e+01	
0.33408333	3.50033529e+01	
0.33566667	3.49844225e+01	
0.33725000	3.49263987e+01	
0.33883333	3.49094827e+01	
0.34041667	3.48721669e+01	
0.34200000	3.46150339e+01	
0.34358333	3.42414323e+01	
0.34516667	3.42703372e+01	
0.34675000	3.42987985e+01	
0.34833333	3.42688376e+01	
0.34991667	3.42317811e+01	
0.35150000	3.43121253e+01	
0.35308333	3.42607573e+01	
0.35466667	3.43491968e+01	
0.35625000	3.43471674e+01	
0.35783333	3.41662257e+01	
0.35941667	3.43484189e+01	
0.36100000	3.42739225e+01	
0.36258333	3.42030680e+01	
0.36416667	3.41687625e+01	
0.36575000	3.38607351e+01	
0.36733333	3.39435861e+01	
0.36891667	3.36727880e+01	
0.37050000	3.35820748e+01	
0.37208333	3.37068943e+01	
0.37366667	3.33960069e+01	
0.37525000	3.35574093e+01	
0.37683333	3.34186617e+01	
0.37841667	3.33773884e+01	
0.38000000	3.32014152e+01	
0.38158333	3.27873634e+01	
0.38316667	3.25953010e+01	
0.38475000	3.24036332e+01	
0.38633333	3.23635701e+01	
0.38791667	3.20775925e+01	
0.38950000	3.21258148e+01	
0.39108333	3.21835868e+01	
0.39266667	3.18153595e+01	
0.39425000	3.20635779e+01	
0.39583333	3.18687344e+01	
0.39741667	3.18527806e+01	
0.39900000	3.20702526e+01	
0.40058333	3.18372477e+01	
0.40216667	3.16757738e+01	
0.40375000	3.16794870e+01	
0.40533333	3.14956157e+01	
0.40691667	3.14995487e+01	
0.40850000	3.12966100e+01	
0.41008333	3.09086330e+01	
0.41166667	3.07065661e+01	
0.41325000	3.07424519e+01	
0.41483333	3.06208363e+01	
0.41641667	3.05386900e+01	
0.41800000	3.06429687e+01	
0.41958333	3.05626321e+01	
0.42116667	3.04749630e+01	
0.42275000	3.07287774e+01	
0.42433333	3.03812582e+01	
0.42591667	3.04892651e+01	
0.42750000	3.03716991e+01	
0.42908333	3.04047492e+01	
0.43066667	3.03068164e+01	
0.43225000	3.01813993e+01	
0.43383333	3.00585585e+01	
0.43541667	2.95622721e+01	
0.43700000	2.90250319e+01	
0.43858333	2.89243574e+01	
0.44016667	2.90968580e+01	
0.44175000	2.89528037e+01	
0.44333333	2.90209373e+01	
0.44491667	2.88905123e+01	
0.44650000	2.88925061e+01	
0.44808333	2.88526459e+01	
0.44966667	2.89142401e+01	
0.45125000	2.85855479e+01	
0.45283333	2.85853450e+01	
0.45441667	2.85633873e+01	
0.45600000	2.83446093e+01	
0.45758333	2.84719543e+01	
0.45916667	2.82345748e+01	
0.46075000	2.81264533e+01	
0.46233333	2.79305274e+01	
0.46391667	2.77757808e+01	
0.46550000	2.77290581e+01	
0.46708333	2.74772844e+01	
0.46866667	2.72849947e+01	
0.47025000	2.71776774e+01	
0.47183333	2.72632456e+01	
0.47341667	2.73121932e+01	
0.47500000	2.69330219e+01	
0.47658333	2.67111997e+01	
0.47816667	2.68796376e+01	
0.47975000	2.67781456e+01	
0.48133333	2.66662940e+01	
0.48291667	2.65813403e+01	
0.48450000	2.68004547e+01	
0.48608333	2.69416358e+01	
0.48766667	2.67262910e+01	
0.48925000	2.68303667e+01	
0.49083333	2.68055753e+01	
0.49241667	2.67814942e+01	
0.49400000	2.68093449e+01	
0.49558333	2.62754082e+01	
0.49716667	2.59955114e+01	
0.49875000	2.57277106e+01	
0.50033333	2.57411313e+01	
0.50191667	2.54812886e+01	
0.50350000	2.52747118e+01	
0.50508333	2.55211507e+01	
0.50666667	2.53706397e+01	
0.50825000	2.52187926e+01	
0.50983333	2.51401246e+01	
0.51141667	2.50508715e+01	
0.51300000	2.51733590e+01	
0.51458333	2.51427235e+01	
0.51616667	2.46783560e+01	
0.51775000	2.45272831e+01	
0.51933333	2.47007834e+01	
0.52091667	2.43775539e+01	
0.52250000	2.41719429e+01	
0.52408333	2.42195376e+01	
0.52566667	2.41578964e+01	
0.52725000	2.39794897e+01	
0.52883333	2.39775166e+01	
0.53041667	2.37904151e+01	
0.53200000	2.37988355e+01	
0.53358333	2.37377844e+01	
0.53516667	2.36554972e+01	
0.53675000	2.36652499e+01	
0.53833333	2.36282667e+01	
0.53991667	2.37852287e+01	
0.54150000	2.36151842e+01	
0.54308333	2.32182851e+01	
0.54466667	2.34708217e+01	
0.54625000	2.32178585e+01	
0.54783333	2.28297669e+01	
0.54941667	2.28668873e+01	
0.55100000	2.23801581e+01	
0.55258333	2.19814607e+01	
0.55416667	2.19545478e+01	
0.55575000	2.22252688e+01	
0.55733333	2.20700336e+01	
0.55891667	2.18453270e+01	
0.56050000	2.18217626e+01	
0.56208333	2.14463101e+01	
0.56366667	2.11332598e+01	
0.56525000	2.09337184e+01	
0.56683333	2.09157389e+01	
0.56841667	2.05759636e+01	
0.57000000	2.03496747e+01	
0.57158333	2.02728952e+01	
0.57316667	2.01272511e+01	
0.57475000	2.00358821e+01	
0.57633333	1.96997335e+01	
0.57791667	1.97855365e+01	
0.57950000	1.98373104e+01	
0.58108333	1.96550308e+01	
0.58266667	1.97130565e+01	
0.58425000	1.96665273e+01	
0.58583333	1.95880453e+01	
0.58741667	1.96660914e+01	
0.58900000	1.95123351e+01	
0.59058333	1.94596292e+01	
0.59216667	1.92456918e+01	
0.59375000	1.88481369e+01	
0.59533333	1.88635984e+01	
0.59691667	1.83182366e+01	
0.59850000	1.79912318e+01	
0.60008333	1.77354687e+01	
0.60166667	1.75027551e+01	
0.60325000	1.73277101e+01	
0.60483333	1.70678524e+01	
0.60641667	1.69792889e+01	
0.60800000	1.66697112e+01	
0.60958333	1.63852256e+01	
0.61116667	1.62901396e+01	
0.61275000	1.59076760e+01	
0.61433333	1.60769370e+01	
0.61591667	1.59140594e+01	
0.61750000	1.59201779e+01	
0.61908333	1.57618901e+01	
0.62066667	1.56473175e+01	
0.62225000	1.55900725e+01	
0.62383333	1.56438533e+01	
0.62541667	1.49063474e+01	
0.62700000	1.42300147e+01	
0.62858333	1.41418148e+01	
0.63016667	1.40849597e+01	
0.63175000	1.39266550e+01	
0.63333333	1.39129120e+01	
0.63491667	1.37361655e+01	
0.63650000	1.33914292e+01	
0.63808333	1.33331564e+01	
0.63966667	1.32636407e+01	
0.64125000	1.30264604e+01	
0.64283333	1.31819830e+01	
0.64441667	1.25514448e+01	
0.64600000	1.21285357e+01	
0.64758333	1.20143286e+01	
0.64916667	1.17449258e+01	
0.65075000	1.17593040e+01	
0.65233333	1.17085092e+01	
0.65391667	1.17389483e+01	
0.65550000	1.17317804e+01	
0.65708333	1.16848594e+01	
0.65866667	1.15907430e+01	
0.66025000	1.13912684e+01	
0.66183333	1.14501473e+01	
0.66341667	1.12538625e+01	
0.66500000	1.07583737e+01	
0.66658333	1.03101865e+01	
0.66816667	1.02872395e+01	
0.66975000	9.53517217e+00	
0.67133333	9.68967538e+00	
0.67291667	9.57108615e+00	
0.67450000	9.43749674e+00	
0.67608333	9.42027637e+00	
0.67766667	8.77348178e+00	
0.67925000	8.53988024e+00	
0.68083333	8.53340944e+00	
0.68241667	8.15017164e+00	
0.68400000	7.64343303e+00	
0.68558333	7.05200942e+00	
0.68716667	6.95940248e+00	
0.68875000	7.02712736e+00	
0.69033333	6.76153171e+00	
0.69191667	6.30340390e+00	
0.69350000	5.81314011e+00	
0.69508333	6.07969412e+00	
0.69666667	5.68013088e+00	
0.69825000	5.23709016e+00	
0.69983333	5.07909834e+00	
0.70141667	4.90610822e+00	
0.70300000	4.58317788e+00	
0.70458333	4.61952688e+00	
0.70616667	4.61133481e+00	
0.70775000	4.37797004e+00	
0.70933333	4.06224806e+00	
0.71091667	4.03834455e+00	
0.71250000	4.25877102e+00	
0.71408333	3.85739020e+00	
0.71566667	3.67396479e+00	
0.71725000	3.54767487e+00	
0.71883333	3.55930364e+00	
0.72041667	3.32843108e+00	
0.72200000	2.53692613e+00	
0.72358333	2.20303647e+00	
0.72516667	2.21172534e+00	
0.72675000	2.18304438e+00	
0.72833333	1.74721048e+00	
0.72991667	1.70061175e+00	
0.73150000	7.94655483e-01	
0.73308333	-5.69840648e-03	
0.73466667	-1.80892104e-03	
0.73625000	-2.35672418e-03	
0.73783333	3.70224889e-04	
0.73941667	1.75705278e-03	
0.74100000	8.18956089e-05	
0.74258333	-1.89814133e-07	
0.74416667	-2.74885243e-05	
0.74575000	-4.09692413e-05	
0.74733333	-4.05039886e-05	
0.74891667	-3.16730500e-05	
0.75050000	-2.10464361e-05	
0.75208333	-1.13366604e-05	
0.75366667	-3.80451055e-06	
0.75525000	2.49433512e-06	
0.75683333	7.24400837e-06	
0.75841667	1.04951657e-05	
0.76000000	1.21741954e-05	
0.76158333	1.25680624e-05	
0.76316667	1.24849484e-05	
0.76475000	1.17883901e-05	
0.76633333	1.07002371e-05	
0.76791667	9.45874288e-06	
0.76950000	8.10724275e-06	
0.77108333	6.89180230e-06	
0.77266667	5.54502430e-06	
0.77425000	4.12514107e-06	
0.77583333	3.52445923e-06	
0.77741667	2.75257369e-06	
0.77900000	2.19490335e-06	
0.78058333	1.73398867e-06	
0.78216667	1.48181283e-06	
0.78375000	1.27424870e-06	
0.78533333	1.22180593e-06	
0.78691667	1.16506889e-06	
0.78850000	9.58130080e-07	
0.79008333	7.99913965e-07	
0.79166667	8.58043397e-07	
0.79325000	6.21423708e-07	
0.79483333	5.02982201e-07	
0.79641667	4.08046097e-07	
0.79800000	3.93655748e-07	
0.79958333	2.98201565e-07	
0.80116667	2.47082779e-07	
0.80275000	2.90769863e-07	
0.80433333	4.88980565e-07	
0.80591667	5.17198159e-07	
0.80750000	5.08426373e-07	
0.80908333	4.05540209e-07	
0.81066667	4.56840919e-07	
0.81225000	3.57531579e-07	
0.81383333	2.32296323e-08	
0.81541667	1.34802543e-07	
0.81700000	6.17492877e-08	
0.81858333	1.55863646e-07	
0.82016667	8.65960906e-08	
0.82175000	9.42880568e-08	
0.82333333	3.35511419e-07	
0.82491667	4.89214879e-07	
0.82650000	5.79423335e-07	
0.82808333	4.36564453e-07	
0.82966667	5.14976707e-07	
0.83125000	4.78523776e-07	
0.83283333	5.18712579e-07	
0.83441667	2.24353921e-07	
0.83600000	-5.55532712e-08	
0.83758333	1.31535846e-07	
0.83916667	7.91539867e-08	
0.84075000	-2.88397401e-08	
0.84233333	-3.48543049e-08	
0.84391667	1.83736362e-07	
0.84550000	2.97735260e-07	
0.84708333	4.07121720e-07	
0.84866667	4.37991425e-07	
0.85025000	4.93171345e-07	
0.85183333	4.99308716e-07	
0.85341667	4.67142273e-07	
0.85500000	2.12470216e-07	
0.85658333	9.32069003e-08	
0.85816667	1.88013904e-07	
0.85975000	6.03233378e-08	
0.86133333	-1.31543112e-08	
0.86291667	-1.79752176e-08	
0.86450000	2.35070996e-07	
0.86608333	3.30481777e-07	
0.86766667	2.58101665e-07	
0.86925000	4.29003162e-07	
0.87083333	3.25840317e-07	
0.87241667	3.02834708e-07	
0.87400000	3.34604346e-07	
0.87558333	-2.72235670e-08	
0.87716667	4.23032797e-08	
0.87875000	2.56242210e-08	
0.88033333	-5.11692904e-09	
0.88191667	1.68999063e-07	
0.88350000	2.81531409e-07	
0.88508333	4.07484672e-07	
0.88666667	4.07053341e-07	
0.88825000	5.13049381e-07	
0.88983333	4.92784088e-07	
0.89141667	4.43954573e-07	
0.89300000	4.18632448e-07	
0.89458333	1.35450800e-07	
0.89616667	4.71005459e-08	
0.89775000	7.39342165e-08	
0.89933333	-6.73267504e-09	
0.90091667	-3.94520482e-08	
0.90250000	-7.26606791e-10	
0.90408333	2.81438920e-07	
0.90566667	3.74617861e-07	
0.90725000	3.53556464e-07	
0.90883333	4.40325134e-07	
0.91041667	4.03206584e-07	
0.91200000	4.66752300e-07	
0.91358333	2.93526951e-07	
0.91516667	-6.98297923e-08	
0.91675000	1.26799504e-07	
0.91833333	9.96894921e-08	
0.91991667	2.65131997e-08	
0.92150000	8.68986932e-08	
0.92308333	1.87551908e-08	
0.92466667	4.14787204e-07	
0.92625000	2.45528037e-07	
0.92783333	3.23351705e-07	
0.92941667	4.01054968e-07	
0.93100000	4.15824202e-07	
0.93258333	5.41570509e-07	
0.93416667	2.21277241e-07	
0.93575000	7.38915076e-08	
0.93733333	1.18200682e-07	
0.93891667	5.39710252e-08	
0.94050000	1.25529101e-07	
0.94208333	-1.17734265e-07	
0.94366667	2.71368072e-07	
0.94525000	2.53738089e-07	
0.94683333	2.72318491e-07	
0.94841667	3.56244277e-07	
0.95000000	3.59692660e-07	
0.95158333	5.12186942e-07	
0.95316667	3.85099796e-07	
0.95475000	2.74486184e-08	
0.95633333	-5.43167427e-08	
0.95791667	-1.05773087e-07	
0.95950000	8.19719981e-08	
0.96108333	4.56477147e-08	
0.96266667	-1.96781332e-08	
0.96425000	3.78601488e-07	
0.96583333	4.58819236e-07	
0.96741667	4.41102589e-07	
0.96900000	4.18416587e-07	
0.97058333	4.32797472e-07	
0.97216667	4.27058838e-07	
0.97375000	2.16178170e-07	
0.97533333	5.72636615e-08	
0.97691667	1.06386497e-07	
0.97850000	2.05038304e-07	
0.98008333	2.46737439e-07	
0.98166667	-9.51869741e-08	
0.98325000	1.59907741e-07	
0.98483333	4.73598019e-07	
0.98641667	5.13611926e-07	
0.98800000	6.19307485e-07	
0.98958333	6.39876144e-07	
0.99116667	6.97001675e-07	
0.99275000	6.09860757e-07	
0.99433333	3.31872795e-07	
0.99591667	1.81487567e-07	
0.99750000	1.35778848e-07	
0.99908333	2.20421452e-07	
1.00066667	1.25141297e-07	
1.00225000	1.24146679e-07	
1.00383333	5.20136331e-07	
1.00541667	4.62854665e-07	
1.00700000	5.61014581e-07	
1.00858333	4.85999215e-07	
1.01016667	5.86380415e-07	
1.01175000	6.64202571e-07	
1.01333333	4.02991199e-07	
1.01491667	4.19627613e-07	
1.01650000	3.00362365e-07	
1.01808333	3.31216782e-07	
1.01966667	2.94010588e-07	
1.02125000	7.83942636e-08	
1.02283333	1.40704802e-07	
1.02441667	4.77858522e-07	
1.02600000	6.21942515e-07	
1.02758333	6.12953440e-07	
1.02916667	5.32365264e-07	
1.03075000	6.61913189e-07	
1.03233333	4.69881468e-07	
1.03391667	4.09093148e-07	
1.03550000	1.94132347e-07	
1.03708333	1.77599243e-07	
1.03866667	3.06845412e-07	
1.04025000	1.74824725e-07	
1.04183333	3.02219801e-07	
1.04341667	3.16436571e-07	
1.04500000	4.93042819e-07	
1.04658333	5.95584036e-07	
1.04816667	4.42831610e-07	
1.04975000	5.09290660e-07	
1.05133333	5.97615359e-07	
1.05291667	5.22124812e-07	
1.05450000	3.02783382e-07	
1.05608333	9.40368015e-08	
1.05766667	2.24422888e-07	
1.05925000	1.38752638e-07	
1.06083333	4.80170691e-08	
1.06241667	1.59320205e-07	
1.06400000	4.03317553e-07	
1.06558333	4.79345837e-07	
1.06716667	4.27707712e-07	
1.06875000	4.39892682e-07	
1.07033333	5.68015007e-07	
1.07191667	4.14527240e-07	
1.07350000	4.82215237e-07	
1.07508333	2.17779229e-08	
1.07666667	5.69605269e-08	
1.07825000	1.84037516e-07	
1.07983333	1.50592017e-07	
1.08141667	1.08071136e-07	
1.08300000	3.92316784e-07	
1.08458333	3.82722741e-07	
1.08616667	5.34136959e-07	
1.08775000	4.52295335e-07	
1.08933333	5.99645899e-07	
1.09091667	7.30922901e-07	
1.09250000	8.05026938e-07	
1.09408333	3.93700466e-07	
1.09566667	1.80753249e-07	
1.09725000	2.73917111e-07	
1.09883333	2.18754146e-07	
1.10041667	1.57057059e-07	
1.10200000	1.58024671e-07	
1.10358333	2.81705296e-07	
1.10516667	4.40481297e-07	
1.10675000	4.37646226e-07	
1.10833333	4.28700580e-07	
1.10991667	5.30031527e-07	
1.11150000	4.86258451e-07	
1.11308333	4.50350004e-07	
1.11466667	2.73513525e-08	
1.11625000	2.35545113e-07	
1.11783333	3.29400844e-07	
1.11941667	3.90976867e-07	
1.12100000	2.85973500e-07	
1.12258333	8.55587561e-08	
1.12416667	4.46677275e-07	
1.12575000	4.58343998e-07	
1.12733333	4.14744222e-07	
1.12891667	4.58170530e-07	
1.13050000	7.98418978e-07	
1.13208333	6.00112455e-07	
1.13366667	3.28139584e-07	
1.13525000	1.07856311e-07	
1.13683333	2.42762185e-07	
1.13841667	1.79889242e-07	
1.14000000	1.78851557e-07	
1.14158333	1.35814046e-07	
1.14316667	2.46089994e-07	
1.14475000	5.34024562e-07	
1.14633333	5.66847747e-07	
1.14791667	5.16982213e-07	
1.14950000	5.38544637e-07	
1.15108333	5.83701983e-07	
1.15266667	5.69872051e-07	
1.15425000	3.01079730e-07	
1.15583333	3.09091001e-07	
1.15741667	3.65352526e-07	
1.15900000	1.83933659e-07	
1.16058333	1.29582660e-07	
1.16216667	1.85066702e-07	
1.16375000	3.70494340e-07	
1.16533333	5.64948366e-07	
1.16691667	5.22989323e-07	
1.16850000	5.22945193e-07	
1.17008333	4.87641769e-07	
1.17166667	6.46097743e-07	
1.17325000	3.40160327e-07	
1.17483333	3.12375997e-07	
1.17641667	2.73139824e-07	
1.17800000	2.68818866e-07	
1.17958333	2.82301191e-07	
1.18116667	3.12674875e-08	
1.18275000	1.79993154e-07	
1.18433333	4.98695657e-07	
1.18591667	6.15892564e-07	
1.18750000	7.20291216e-07	
1.18908333	5.26143608e-07	
1.19066667	5.58941648e-07	
1.19225000	5.69785639e-07	
1.19383333	2.39330631e-07	
1.19541667	2.13679814e-07	
1.19700000	7.57837485e-08	
1.19858333	2.66571597e-07	
1.20016667	2.83726735e-07	
1.20175000	2.40039819e-07	
1.20333333	3.33765456e-07	
1.20491667	3.84539155e-07	
1.20650000	5.71775128e-07	
1.20808333	5.96794923e-07	
1.20966667	5.45978186e-07	
1.21125000	5.84435504e-07	
1.21283333	6.96093146e-07	
1.21441667	3.22918358e-07	
1.21600000	2.79017036e-07	
1.21758333	3.52001247e-07	
1.21916667	3.84495921e-07	
1.22075000	1.49425051e-07	
1.22233333	2.17137185e-07	
1.22391667	2.61300193e-07	
1.22550000	4.31379964e-07	
1.22708333	5.72682593e-07	
1.22866667	4.89067593e-07	
1.23025000	6.87969198e-07	
1.23183333	5.46797839e-07	
1.23341667	3.42552923e-07	
1.23500000	1.27465107e-07	
1.23658333	5.56472434e-08	
1.23816667	1.88185748e-07	
1.23975000	3.25469048e-07	
1.24133333	1.40048046e-07	
1.24291667	3.12980712e-07	
1.24450000	3.16981335e-07	
1.24608333	4.36782051e-07	
1.24766667	4.39892878e-07	
1.24925000	5.86682773e-07	
1.25083333	6.16238939e-07	
1.25241667	4.42141267e-07	
1.25400000	4.98090270e-07	
1.25558333	1.24103907e-07	
1.25716667	6.89221596e-08	
1.25875000	5.41444265e-08	
1.26033333	6.52058678e-08	
1.26191667	2.34207199e-07	
1.26350000	5.29601036e-07	
1.26508333	4.73683759e-07	
1.26666667	6.67143599e-07	
1.26825000	4.41361264e-07	
1.26983333	4.63961694e-07	
1.27141667	6.00422933e-07	
1.27300000	5.16808942e-07	
1.27458333	3.58837193e-07	
1.27616667	6.51284794e-08	
1.27775000	2.21286061e-07	
1.27933333	1.85039737e-07	
1.28091667	1.95177900e-07	
1.28250000	2.41897534e-07	
1.28408333	2.24828752e-07	
1.28566667	4.97190757e-07	
1.28725000	4.89802178e-07	
1.28883333	3.92792133e-07	
1.29041667	4.26583993e-07	
1.29200000	5.01037738e-07	
1.29358333	4.86647556e-07	
1.29516667	1.89999459e-07	
1.29675000	2.53478462e-07	
1.29833333	2.32909481e-07	
1.29991667	1.76561698e-07	
1.30150000	1.39097319e-07	
1.30308333	3.14795417e-07	
1.30466667	5.08676985e-07	
1.30625000	6.67962300e-07	
1.30783333	6.06041330e-07	
1.30941667	7.09444649e-07	
1.31100000	5.69873675e-07	
1.31258333	5.02015486e-07	
1.31416667	1.38121042e-07	
1.31575000	1.05377949e-09	
1.31733333	2.25823497e-07	
1.31891667	1.68568782e-07	
1.32050000	1.41966972e-07	
1.32208333	2.15451621e-07	
1.32366667	1.92947992e-07	
1.32525000	4.30204500e-07	
1.32683333	3.51784545e-07	
1.32841667	4.88722169e-07	
1.33000000	5.35780297e-07	
1.33158333	5.36083326e-07	
1.33316667	4.67461431e-07	
1.33475000	2.40464178e-07	
1.33633333	3.02549124e-07	
1.33791667	2.32434524e-07	
1.33950000	9.14453202e-08	
1.34108333	2.55985162e-07	
1.34266667	2.55250185e-07	
1.34425000	4.48102875e-07	
1.34583333	4.24250368e-07	
1.34741667	5.45587961e-07	
1.34900000	6.39400402e-07	
1.35058333	6.44542553e-07	
1.35216667	6.61007292e-07	
1.35375000	3.00622861e-07	
1.35533333	1.88963987e-07	
1.35691667	2.06853150e-07	
1.35850000	1.84927858e-07	
1.36008333	3.09783360e-07	
1.36166667	2.35848899e-07	
1.36325000	4.18071191e-07	
1.36483333	4.50661630e-07	
1.36641667	5.17370983e-07	
1.36800000	6.81358381e-07	
1.36958333	6.21209610e-07	
1.37116667	5.26532490e-07	
1.37275000	4.45233642e-07	
1.37433333	2.88221777e-07	
1.37591667	4.92264643e-08	
1.37750000	8.31041519e-08	
1.37908333	2.92844224e-07	
1.38066667	1.65933304e-07	
1.38225000	1.00164456e-07	
1.38383333	2.92030788e-07	
1.38541667	4.07743320e-07	
1.38700000	4.60937559e-07	
1.38858333	4.36825649e-07	
1.39016667	4.18286185e-07	
1.39175000	6.16239499e-07	
1.39333333	5.37248067e-07	
1.39491667	2.17223821e-07	
1.39650000	1.79932672e-07	
1.39808333	1.48949953e-07	
1.39966667	1.45277617e-07	
1.40125000	1.53054168e-08	
1.40283333	2.91202314e-07	
1.40441667	4.67704398e-07	
1.40600000	4.22781899e-07	
1.40758333	5.62094422e-07	
1.40916667	5.50469980e-07	
1.41075000	7.18822158e-07	
1.41233333	6.15226582e-07	
1.41391667	5.18449591e-07	
1.41550000	2.01408263e-07	
1.41708333	3.09351161e-07	
1.41866667	3.10777293e-07	
1.42025000	2.27102524e-07	
1.42183333	1.26376461e-07	
1.42341667	2.72344980e-07	
1.42500000	2.78747832e-07	
1.42658333	5.40490220e-07	
1.42816667	5.23249119e-07	
1.42975000	5.40792186e-07	
1.43133333	7.23789749e-07	
1.43291667	5.66945079e-07	
1.43450000	2.29738325e-07	
1.43608333	5.42391338e-08	
@ 
0.00000000	9.97491628e-08	
0.00158333	2.80010240e-07	
0.00316667	4.48097841e-08	
0.00475000	1.23179025e-07	
0.00633333	3.86146035e-07	
0.00791667	5.23075063e-07	
0.00950000	4.54065490e-07	
0.01108333	4.36307345e-07	
0.01266667	5.58681572e-07	
0.01425000	4.26930285e-07	
0.01583333	5.37421955e-07	
0.01741667	2.50582824e-07	
0.01900000	1.83095624e-07	
0.02058333	3.23697185e-07	
0.02216667	2.92759100e-07	
0.02375000	3.06586821e-07	
0.02533333	3.49701587e-07	
0.02691667	3.89768585e-07	
0.02850000	4.78005136e-07	
0.03008333	5.38716453e-07	
0.03166667	5.91736776e-07	
0.03325000	6.89524331e-07	
0.03483333	6.31580379e-07	
0.03641667	5.17432586e-07	
0.03800000	1.69570499e-07	
0.03958333	3.06584749e-07	
0.04116667	3.22097865e-07	
0.04275000	1.99852850e-07	
0.04433333	1.16584876e-07	
0.04591667	1.36935846e-07	
0.04750000	4.88360057e-07	
0.04908333	4.45814052e-07	
0.05066667	3.81687227e-07	
0.05225000	4.76449891e-07	
0.05383333	5.89663059e-07	
0.05541667	7.60480019e-07	
0.05700000	5.38502691e-07	
0.05858333	1.98426802e-07	
0.06016667	3.22176156e-07	
0.06175000	2.01927281e-07	
0.06333333	1.45562361e-07	
0.06491667	2.77677960e-07	
0.06650000	2.34059030e-07	
0.06808333	4.30127216e-07	
0.06966667	4.95203956e-07	
0.07125000	4.75197002e-07	
0.07283333	5.23333010e-07	
0.07441667	6.13689817e-07	
0.07600000	4.62578068e-07	
0.07758333	1.97001314e-07	
0.07916667	2.26038897e-07	
0.08075000	2.47947402e-07	
0.08233333	2.21502721e-07	
0.08391667	1.27085844e-07	
0.08550000	1.89179891e-07	
0.08708333	5.36643688e-07	
0.08866667	3.53859186e-07	
0.09025000	3.17604419e-07	
0.09183333	4.56443497e-07	
0.09341667	4.30472584e-07	
0.09500000	4.83882376e-07	
0.09658333	3.68894825e-07	
0.09816667	1.53634046e-07	
0.09975000	1.12521992e-07	
0.10133333	1.88877141e-07	
0.10291667	1.13905597e-07	
0.10450000	1.03845047e-07	
0.10608333	2.53262768e-07	
0.10766667	4.88679495e-07	
0.10925000	4.06231252e-07	
0.11083333	4.70313807e-07	
0.11241667	6.52363136e-07	
0.11400000	5.80071956e-07	
0.11558333	3.75560244e-07	
0.11716667	2.17396169e-07	
0.11875000	2.35199662e-07	
0.12033333	1.78074802e-07	
0.12191667	2.83596669e-07	
0.12350000	1.04615298e-07	
0.12508333	2.12988547e-07	
0.12666667	5.25710373e-07	
0.12825000	6.11961131e-07	
0.12983333	5.51033365e-07	
0.13141667	5.87460760e-07	
0.13300000	5.86596137e-07	
0.13458333	6.04875077e-07	
0.13616667	1.35477457e-07	
0.13775000	1.84858905e-07	
0.13933333	2.29884225e-07	
0.14091667	2.31699603e-07	
0.14250000	1.46746633e-07	
0.14408333	7.06937781e-08	
0.14566667	3.30827032e-07	
0.14725000	5.66026582e-07	
0.14883333	5.24242435e-07	
0.15041667	5.40963497e-07	
0.15200000	7.39088851e-07	
0.15358333	5.47404402e-07	
0.15516667	5.15194221e-07	
0.15675000	3.35149278e-07	
0.15833333	3.36928030e-07	
0.15991667	2.78627846e-07	
0.16150000	3.58914813e-07	
0.16308333	1.94105704e-07	
0.16466667	2.03007737e-07	
0.16625000	3.18554474e-07	
0.16783333	4.17396669e-07	
0.16941667	4.79173349e-07	
0.17100000	4.34517729e-07	
0.17258333	5.20870748e-07	
0.17416667	5.50212592e-07	
0.17575000	4.56565078e-07	
0.17733333	2.38822016e-07	
0.17891667	1.19739155e-07	
0.18050000	2.69164542e-07	
0.18208333	3.51568347e-07	
0.18366667	3.36401803e-07	
0.18525000	3.80287276e-07	
0.18683333	7.08410115e-07	
0.18841667	5.57513080e-07	
0.19000000	4.78696039e-07	
0.19158333	4.28874412e-07	
0.19316667	6.01720400e-07	
0.19475000	6.42426218e-07	
0.19633333	4.12972330e-07	
0.19791667	8.81598698e-08	
0.19950000	1.05745877e-07	
0.20108333	1.79025207e-07	
0.20266667	-3.89765869e-08	
0.20425000	-6.27773329e-08	
0.20583333	4.78816109e-07	
0.20741667	4.23170080e-07	
0.20900000	4.87728517e-07	
0.21058333	4.23342316e-07	
0.21216667	4.09990589e-07	
0.21375000	5.66070544e-07	
0.21533333	3.81548984e-07	
0.21691667	3.89663552e-07	
0.21850000	1.95532046e-07	
0.22008333	1.69000085e-07	
0.22166667	3.37334412e-07	
0.22325000	7.40907435e-08	
0.22483333	1.55389164e-07	
0.22641667	2.79923044e-07	
0.22800000	4.37757419e-07	
0.22958333	6.20734093e-07	
0.23116667	5.16290638e-07	
0.23275000	7.16012456e-07	
0.23433333	6.45062032e-07	
0.23591667	5.93381513e-07	
0.23750000	2.97580693e-07	
0.23908333	2.08149664e-07	
0.24066667	1.68420529e-07	
0.24225000	2.62561957e-07	
0.24383333	3.75077705e-08	
0.24541667	2.03725143e-07	
0.24700000	3.24128600e-07	
0.24858333	6.27604089e-07	
0.25016667	4.69580706e-07	
0.25175000	4.71869613e-07	
0.25333333	4.87035710e-07	
0.25491667	5.02075240e-07	
0.25650000	4.79388231e-07	
0.25808333	3.05471167e-07	
0.25966667	1.88574755e-07	
0.26125000	2.09272430e-07	
0.26283333	1.77037034e-07	
0.26441667	1.91081582e-07	
0.26600000	2.20724580e-07	
0.26758333	5.68879406e-07	
0.26916667	5.17024663e-07	
0.27075000	5.23508858e-07	
0.27233333	5.88930490e-07	
0.27391667	5.77866745e-07	
0.27550000	5.66588903e-07	
0.27708333	4.45639744e-07	
0.27866667	2.07458775e-07	
0.28025000	2.71237839e-07	
0.28183333	2.56131721e-07	
0.28341667	3.05292407e-07	
0.28500000	3.04503107e-07	
0.28658333	3.88817187e-07	
0.28816667	6.73138948e-07	
0.28975000	6.64636199e-07	
0.29133333	5.69052286e-07	
0.29291667	5.21044132e-07	
0.29450000	4.86717839e-07	
0.29608333	4.95505138e-07	
0.29766667	6.85850315e-08	
0.29925000	2.13248259e-07	
0.30083333	1.85550130e-07	
0.30241667	2.58102561e-07	
0.30400000	6.89661216e-08	
0.30558333	4.55870710e-08	
0.30716667	4.74158436e-07	
0.30875000	4.58429962e-07	
0.31033333	4.79518156e-07	
0.31191667	6.04572384e-07	
0.31350000	5.64472008e-07	
0.31508333	5.34319919e-07	
0.31666667	2.67288877e-07	
0.31825000	2.52398593e-07	
0.31983333	2.08451937e-07	
0.32141667	1.94537959e-07	
0.32300000	1.98081266e-07	
0.32458333	2.50496384e-07	
0.32616667	3.86442288e-07	
0.32775000	4.99697206e-07	
0.32933333	5.07648219e-07	
0.33091667	5.55785234e-07	
0.33250000	3.76026241e-07	
0.33408333	6.51717819e-07	
0.33566667	5.48726790e-07	
0.33725000	1.15668381e-07	
0.33883333	1.96283949e-07	
0.34041667	3.54809437e-07	
0.34200000	3.80060802e-07	
0.34358333	4.56399255e-07	
0.34516667	5.26955925e-07	
0.34675000	7.71715019e-07	
0.34833333	7.78585464e-07	
0.34991667	8.16049577e-07	
0.35150000	8.49108364e-07	
0.35308333	9.55880571e-07	
0.35466667	1.04012571e-06	
0.35625000	6.84598854e-07	
0.35783333	7.27724262e-07	
0.35941667	6.81099145e-07	
0.36100000	6.37628651e-07	
0.36258333	7.09619377e-07	
0.36416667	5.29469990e-07	
0.36575000	5.67454478e-07	
0.36733333	9.12801086e-07	
0.36891667	9.44648819e-07	
0.37050000	9.45382452e-07	
0.37208333	8.66174906e-07	
0.37366667	9.09384597e-07	
0.37525000	8.15229364e-07	
0.37683333	5.23342251e-07	
0.37841667	5.28174540e-07	
0.38000000	4.17812376e-07	
0.38158333	5.84348644e-07	
0.38316667	4.14527380e-07	
0.38475000	4.34622034e-07	
0.38633333	5.65682111e-07	
0.38791667	8.64924146e-07	
0.38950000	9.84400075e-07	
0.39108333	9.69337191e-07	
0.39266667	9.54817419e-07	
0.39425000	1.05773682e-06	
0.39583333	9.25954004e-07	
0.39741667	7.58839762e-07	
0.39900000	5.26445854e-07	
0.40058333	5.77650688e-07	
0.40216667	7.03931538e-07	
0.40375000	5.97527828e-07	
0.40533333	6.38279904e-07	
0.40691667	8.20196059e-07	
0.40850000	9.23171351e-07	
0.41008333	1.01309576e-06	
0.41166667	9.67633146e-07	
0.41325000	1.11809667e-06	
0.41483333	1.01446514e-06	
0.41641667	8.23565450e-07	
0.41800000	6.92031900e-07	
0.41958333	6.28208132e-07	
0.42116667	7.59010233e-07	
0.42275000	5.56218358e-07	
0.42433333	5.02678724e-07	
0.42591667	6.63090417e-07	
0.42750000	7.71066566e-07	
0.42908333	9.57655179e-07	
0.43066667	8.50573782e-07	
0.43225000	1.01698200e-06	
0.43383333	8.82596187e-07	
0.43541667	9.14493986e-07	
0.43700000	7.65165470e-07	
0.43858333	4.65560846e-07	
0.44016667	6.02886484e-07	
0.44175000	6.36582692e-07	
0.44333333	4.77658873e-07	
0.44491667	5.45417321e-07	
0.44650000	7.62104372e-07	
0.44808333	7.51190882e-07	
0.44966667	8.83329820e-07	
0.45125000	7.55872525e-07	
0.45283333	9.13059706e-07	
0.45441667	8.86958502e-07	
0.45600000	8.96552349e-07	
0.45758333	6.05002595e-07	
0.45916667	5.81194415e-07	
0.46075000	7.90079139e-07	
0.46233333	6.58586583e-07	
0.46391667	6.74964798e-07	
0.46550000	5.55354239e-07	
0.46708333	9.02487047e-07	
0.46866667	1.10621808e-06	
0.47025000	9.88635769e-07	
0.47183333	1.05872616e-06	
0.47341667	9.45468472e-07	
0.47500000	9.02297199e-07	
0.47658333	5.56697235e-07	
0.47816667	4.42616365e-07	
0.47975000	5.02680964e-07	
0.48133333	4.31984791e-07	
0.48291667	4.58258454e-07	
0.48450000	6.41803582e-07	
0.48608333	4.78177904e-07	
0.48766667	9.98531749e-07	
0.48925000	1.01538761e-06	
0.49083333	9.05064451e-07	
0.49241667	1.05431787e-06	
0.49400000	1.14225962e-06	
0.49558333	1.17993654e-06	
0.49716667	7.10785237e-07	
0.49875000	6.29764162e-07	
0.50033333	5.95540578e-07	
0.50191667	5.96491501e-07	
0.50350000	4.81375928e-07	
0.50508333	3.76286512e-07	
0.50666667	6.89353804e-07	
0.50825000	6.59925211e-07	
0.50983333	7.54299638e-07	
0.51141667	9.31251170e-07	
0.51300000	7.92887385e-07	
0.51458333	1.01302621e-06	
0.51616667	7.69512889e-07	
0.51775000	6.02713996e-07	
0.51933333	6.77167937e-07	
0.52091667	5.94201390e-07	
0.52250000	6.87537754e-07	
0.52408333	6.47871342e-07	
0.52566667	4.83926170e-07	
0.52725000	9.00121221e-07	
0.52883333	8.75075497e-07	
0.53041667	8.71273095e-07	
0.53200000	8.18382025e-07	
0.53358333	7.57082011e-07	
0.53516667	9.87037009e-07	
0.53675000	6.81664043e-07	
0.53833333	5.55613979e-07	
0.53991667	6.00467567e-07	
0.54150000	6.31275782e-07	
0.54308333	6.63730526e-07	
0.54466667	4.75534642e-07	
0.54625000	4.57307000e-07	
0.54783333	8.57791442e-07	
0.54941667	9.58603413e-07	
0.55100000	1.00428097e-06	
0.55258333	8.78791040e-07	
0.55416667	1.06732658e-06	
0.55575000	1.05944221e-06	
0.55733333	7.66034685e-07	
0.55891667	7.25954078e-07	
0.56050000	7.31181633e-07	
0.56208333	8.11728367e-07	
0.56366667	7.62379905e-07	
0.56525000	5.63996379e-07	
0.56683333	1.13931994e-06	
0.56841667	1.00497047e-06	
0.57000000	1.12285632e-06	
0.57158333	1.13435016e-06	
0.57316667	1.12804842e-06	
0.57475000	1.19624201e-06	
0.57633333	9.05524064e-07	
0.57791667	1.03046461e-06	
0.57950000	7.48293873e-07	
0.58108333	9.21658836e-07	
0.58266667	9.33759634e-07	
0.58425000	1.03012557e-06	
0.58583333	1.24518619e-06	
0.58741667	1.58888963e-06	
0.58900000	2.13604180e-06	
0.59058333	2.46432763e-06	
0.59216667	2.60108039e-06	
0.59375000	3.14903877e-06	
0.59533333	3.71610521e-06	
0.59691667	4.42101175e-06	
0.59850000	4.82386829e-06	
0.60008333	5.41193679e-06	
0.60166667	6.53391936e-06	
0.60325000	7.88351137e-06	
0.60483333	9.37836808e-06	
0.60641667	1.13590802e-05	
0.60800000	1.51657457e-05	
0.60958333	2.14801894e-05	
0.61116667	3.18502258e-05	
0.61275000	4.42436733e-05	
0.61433333	5.77403148e-05	
0.61591667	7.44802526e-05	
0.61750000	9.60313600e-05	
0.61908333	1.19117994e-04	
0.62066667	1.40220601e-04	
0.62225000	1.51742316e-04	
0.62383333	1.60952591e-04	
0.62541667	1.78371613e-04	
0.62700000	2.06925948e-04	
0.62858333	2.36020101e-04	
0.63016667	2.68709612e-04	
0.63175000	3.57667710e-04	
0.63333333	8.66647392e-04	
0.63491667	1.25202433e-03	
0.63650000	2.41110868e-03	
0.63808333	4.93814324e-03	
0.63966667	6.18168854e-03	
0.64125000	5.18441144e-03	
0.64283333	5.94275656e-03	
0.64441667	6.82755042e-03	
0.64600000	1.10381345e-02	
0.64758333	2.37895386e-02	
0.64916667	3.53142400e-02	
0.65075000	4.08855082e-02	
0.65233333	4.82490541e-02	
0.65391667	5.38946838e-02	
0.65550000	5.88983072e-02	
0.65708333	6.52579633e-02	
0.65866667	6.79010512e-02	
0.66025000	6.52354210e-02	
0.66183333	9.32979308e-02	
0.66341667	1.11577266e-01	
0.66500000	9.70688947e-02	
0.66658333	1.06693731e-01	
0.66816667	1.30877527e-01	
0.66975000	1.36451343e-01	
0.67133333	1.42169117e-01	
0.67291667	1.48515183e-01	
0.67450000	1.73105834e-01	
0.67608333	2.04135464e-01	
0.67766667	2.04893136e-01	
0.67925000	2.40929877e-01	
0.68083333	2.59999622e-01	
0.68241667	2.30757105e-01	
0.68400000	2.77538476e-01	
0.68558333	3.16529800e-01	
0.68716667	2.43364220e-01	
0.68875000	2.63780642e-01	
0.69033333	2.60326474e-01	
0.69191667	4.55594150e-01	
0.69350000	9.60463336e+00	
0.69508333	1.89056045e+01	
0.69666667	2.17803240e+01	
0.69825000	2.34745198e+01	
0.69983333	2.53356070e+01	
0.70141667	2.59404133e+01	
0.70300000	2.66691992e+01	
0.70458333	2.77803866e+01	
0.70616667	2.78997961e+01	
0.70775000	2.89722583e+01	
0.70933333	2.98204067e+01	
0.71091667	3.05717571e+01	
0.71250000	3.12635372e+01	
0.71408333	3.16177011e+01	
0.71566667	3.21270738e+01	
0.71725000	3.26207520e+01	
