start voltage : 0.00 V 
set voltage : 0.10 V 
High G : 30.00 G0 
Intermediate G : 20.00 G0 
Low G : 10.00 G0 
Breaking speed 1 : 300.00 V/s 
Breaking speed 2 : 300.00 V/s 
Making speed : 500.00 V/s 
Post breaking : 230.00 V/s 
@ 
0.00000000	2.84922433e+01	
0.00158333	2.89486226e+01	
0.00316667	2.87868312e+01	
0.00475000	2.89304984e+01	
0.00633333	2.88703812e+01	
0.00791667	2.89637346e+01	
0.00950000	2.89821445e+01	
0.01108333	2.87458247e+01	
0.01266667	2.88512460e+01	
0.01425000	2.87494083e+01	
0.01583333	2.88074565e+01	
0.01741667	2.89789161e+01	
0.01900000	2.87095970e+01	
0.02058333	2.87876167e+01	
0.02216667	2.86629249e+01	
0.02375000	2.87318929e+01	
0.02533333	2.87417715e+01	
0.02691667	2.86500021e+01	
0.02850000	2.85875041e+01	
0.03008333	2.85785087e+01	
0.03166667	2.85687071e+01	
0.03325000	2.86198928e+01	
0.03483333	2.85284655e+01	
0.03641667	2.85721196e+01	
0.03800000	2.86061601e+01	
0.03958333	2.86254907e+01	
0.04116667	2.84795254e+01	
0.04275000	2.84833738e+01	
0.04433333	2.85493502e+01	
0.04591667	2.85525278e+01	
0.04750000	2.85840822e+01	
0.04908333	2.83575603e+01	
0.05066667	2.83681154e+01	
0.05225000	2.82719583e+01	
0.05383333	2.81593907e+01	
0.05541667	2.82029001e+01	
0.05700000	2.81199346e+01	
0.05858333	2.82410108e+01	
0.06016667	2.83175629e+01	
0.06175000	2.81611364e+01	
0.06333333	2.82073255e+01	
0.06491667	2.80401090e+01	
0.06650000	2.80782141e+01	
0.06808333	2.80706261e+01	
0.06966667	2.80309219e+01	
0.07125000	2.78444800e+01	
0.07283333	2.78745349e+01	
0.07441667	2.76803284e+01	
0.07600000	2.75260836e+01	
0.07758333	2.73531094e+01	
0.07916667	2.73350209e+01	
0.08075000	2.73116520e+01	
0.08233333	2.74587111e+01	
0.08391667	2.73610657e+01	
0.08550000	2.72702172e+01	
0.08708333	2.74363531e+01	
0.08866667	2.71739943e+01	
0.09025000	2.70077343e+01	
0.09183333	2.70424268e+01	
0.09341667	2.69749566e+01	
0.09500000	2.67921151e+01	
0.09658333	2.65900370e+01	
0.09816667	2.66324339e+01	
0.09975000	2.66310377e+01	
0.10133333	2.65983127e+01	
0.10291667	2.64137724e+01	
0.10450000	2.60968060e+01	
0.10608333	2.63359331e+01	
0.10766667	2.64408413e+01	
0.10925000	2.64059365e+01	
0.11083333	2.63001545e+01	
0.11241667	2.62549068e+01	
0.11400000	2.60422454e+01	
0.11558333	2.60082726e+01	
0.11716667	2.59803712e+01	
0.11875000	2.59846086e+01	
0.12033333	2.58299354e+01	
0.12191667	2.58138725e+01	
0.12350000	2.55410638e+01	
0.12508333	2.52996028e+01	
0.12666667	2.50986503e+01	
0.12825000	2.45721286e+01	
0.12983333	2.44502274e+01	
0.13141667	2.34390813e+01	
0.13300000	2.21729049e+01	
0.13458333	2.22845328e+01	
0.13616667	2.22448456e+01	
0.13775000	2.16406725e+01	
0.13933333	2.15111420e+01	
0.14091667	2.14484279e+01	
0.14250000	2.12095488e+01	
0.14408333	2.13192319e+01	
0.14566667	2.14673958e+01	
0.14725000	2.14361778e+01	
0.14883333	2.14467686e+01	
0.15041667	2.14374161e+01	
0.15200000	2.12921066e+01	
0.15358333	2.12721201e+01	
0.15516667	2.13116176e+01	
0.15675000	2.12937433e+01	
0.15833333	2.11999163e+01	
0.15991667	2.12376193e+01	
0.16150000	2.11031542e+01	
0.16308333	2.08361370e+01	
0.16466667	2.07964121e+01	
0.16625000	2.04949523e+01	
0.16783333	1.90496288e+01	
0.16941667	1.82655232e+01	
0.17100000	1.79614645e+01	
0.17258333	1.79285364e+01	
0.17416667	1.78555227e+01	
0.17575000	1.78302616e+01	
0.17733333	1.78049609e+01	
0.17891667	1.76887591e+01	
0.18050000	1.77558066e+01	
0.18208333	1.77489609e+01	
0.18366667	1.67802869e+01	
0.18525000	1.60323921e+01	
0.18683333	1.58338486e+01	
0.18841667	1.58772228e+01	
0.19000000	1.58447890e+01	
0.19158333	1.57861375e+01	
0.19316667	1.56496082e+01	
0.19475000	1.56429034e+01	
0.19633333	1.58421713e+01	
0.19791667	1.58327400e+01	
0.19950000	1.59532412e+01	
0.20108333	1.59525666e+01	
0.20266667	1.59189245e+01	
0.20425000	1.62193264e+01	
0.20583333	1.60893449e+01	
0.20741667	1.59314433e+01	
0.20900000	1.59859174e+01	
0.21058333	1.57641122e+01	
0.21216667	1.57656775e+01	
0.21375000	1.57675979e+01	
0.21533333	1.58665380e+01	
0.21691667	1.59990488e+01	
0.21850000	1.59880089e+01	
0.22008333	1.59034292e+01	
0.22166667	1.56657349e+01	
0.22325000	1.56776655e+01	
0.22483333	1.57644523e+01	
0.22641667	1.37768995e+01	
0.22800000	1.29797902e+01	
0.22958333	1.28223575e+01	
0.23116667	1.28479578e+01	
0.23275000	1.27384204e+01	
0.23433333	1.26146438e+01	
0.23591667	1.27571750e+01	
0.23750000	1.25989869e+01	
0.23908333	1.24632834e+01	
0.24066667	1.25896523e+01	
0.24225000	1.24260804e+01	
0.24383333	1.26033652e+01	
0.24541667	1.24970787e+01	
0.24700000	1.25812826e+01	
0.24858333	1.23802784e+01	
0.25016667	1.22580850e+01	
0.25175000	1.21502744e+01	
0.25333333	1.20627087e+01	
0.25491667	1.20139838e+01	
0.25650000	1.21775125e+01	
0.25808333	1.17412859e+01	
0.25966667	1.18634549e+01	
0.26125000	1.15859869e+01	
0.26283333	1.02803553e+01	
0.26441667	1.02344321e+01	
0.26600000	1.03623372e+01	
0.26758333	1.00276721e+01	
0.26916667	9.93338947e+00	
0.27075000	9.48052699e+00	
0.27233333	8.96711605e+00	
0.27391667	8.90550399e+00	
0.27550000	9.11263231e+00	
0.27708333	9.10571334e+00	
0.27866667	9.04278683e+00	
0.28025000	9.05507918e+00	
0.28183333	8.88619402e+00	
0.28341667	8.89298615e+00	
0.28500000	8.79274476e+00	
0.28658333	8.79597593e+00	
0.28816667	8.78408854e+00	
0.28975000	8.79202881e+00	
0.29133333	8.63108487e+00	
0.29291667	8.48787618e+00	
0.29450000	8.63722212e+00	
0.29608333	8.47972639e+00	
0.29766667	8.32022844e+00	
0.29925000	8.37404397e+00	
0.30083333	8.19743371e+00	
0.30241667	8.22988820e+00	
0.30400000	8.05837226e+00	
0.30558333	7.54155633e+00	
0.30716667	7.44587466e+00	
0.30875000	7.46165373e+00	
0.31033333	7.58535515e+00	
0.31191667	7.54376619e+00	
0.31350000	7.45187990e+00	
0.31508333	7.35924947e+00	
0.31666667	7.29024302e+00	
0.31825000	7.34417742e+00	
0.31983333	7.11515861e+00	
0.32141667	7.21334704e+00	
0.32300000	7.18585111e+00	
0.32458333	7.15562244e+00	
0.32616667	7.15819028e+00	
0.32775000	6.92467283e+00	
0.32933333	6.85558276e+00	
0.33091667	6.43474728e+00	
0.33250000	6.16531961e+00	
0.33408333	6.22575627e+00	
0.33566667	5.95355265e+00	
0.33725000	5.74343933e+00	
0.33883333	5.76697781e+00	
0.34041667	5.42562587e+00	
0.34200000	5.26624020e+00	
0.34358333	5.17922603e+00	
0.34516667	5.22077083e+00	
0.34675000	5.16415727e+00	
0.34833333	5.13910279e+00	
0.34991667	5.19271351e+00	
0.35150000	5.12933600e+00	
0.35308333	5.01551037e+00	
0.35466667	5.03040391e+00	
0.35625000	4.96789409e+00	
0.35783333	4.87143681e+00	
0.35941667	4.88266510e+00	
0.36100000	4.77201567e+00	
0.36258333	4.98288910e+00	
0.36416667	4.86056556e+00	
0.36575000	4.60413867e+00	
0.36733333	4.55000039e+00	
0.36891667	4.66129765e+00	
0.37050000	4.81995046e+00	
0.37208333	4.80240547e+00	
0.37366667	4.76728072e+00	
0.37525000	4.76419237e+00	
0.37683333	4.74951071e+00	
0.37841667	4.63643626e+00	
0.38000000	4.67661446e+00	
0.38158333	4.62552601e+00	
0.38316667	4.59816256e+00	
0.38475000	4.61200331e+00	
0.38633333	4.49893919e+00	
0.38791667	4.30852717e+00	
0.38950000	3.34174637e+00	
0.39108333	3.00354386e+00	
0.39266667	3.15114949e+00	
0.39425000	3.09424090e+00	
0.39583333	3.07861990e+00	
0.39741667	3.04782820e+00	
0.39900000	3.01449004e+00	
0.40058333	2.89840006e+00	
0.40216667	2.88700899e+00	
0.40375000	3.08411331e+00	
0.40533333	2.89107285e+00	
0.40691667	2.78918229e+00	
0.40850000	2.75822593e+00	
0.41008333	2.74168698e+00	
0.41166667	2.77359512e+00	
0.41325000	2.72585858e+00	
0.41483333	2.72947779e+00	
0.41641667	2.69770964e+00	
0.41800000	2.23765032e+00	
0.41958333	1.92602896e+00	
0.42116667	1.91091710e+00	
0.42275000	1.90297729e+00	
0.42433333	1.92382862e+00	
0.42591667	1.84436950e+00	
0.42750000	1.90071858e+00	
0.42908333	1.88754386e+00	
0.43066667	2.03252798e+00	
0.43225000	2.09767515e+00	
0.43383333	2.07400536e+00	
0.43541667	2.10443322e+00	
0.43700000	2.07751746e+00	
0.43858333	2.04793710e+00	
0.44016667	2.02997611e+00	
0.44175000	2.01241421e+00	
0.44333333	1.60644819e+00	
0.44491667	1.62929656e+00	
0.44650000	1.59027285e+00	
0.44808333	1.73675910e+00	
0.44966667	1.71712099e+00	
0.45125000	1.73911553e+00	
0.45283333	1.72370453e+00	
0.45441667	1.67950874e+00	
0.45600000	1.67325417e+00	
0.45758333	1.40201313e+00	
0.45916667	1.39497543e+00	
0.46075000	1.37377329e+00	
0.46233333	1.45939843e+00	
0.46391667	1.62688563e+00	
0.46550000	1.57092659e+00	
0.46708333	1.38263223e+00	
0.46866667	1.44675175e+00	
0.47025000	1.34479284e+00	
0.47183333	1.27220266e+00	
0.47341667	1.29594468e+00	
0.47500000	1.26503670e+00	
0.47658333	1.22879575e+00	
0.47816667	1.21950509e+00	
0.47975000	1.11471562e+00	
0.48133333	1.05964141e+00	
0.48291667	9.69790692e-01	
0.48450000	6.78000229e-01	
0.48608333	4.87232546e-01	
0.48766667	3.16164485e-01	
0.48925000	3.11603214e-01	
0.49083333	1.80831417e-01	
0.49241667	1.84449701e-01	
0.49400000	2.72728925e-01	
0.49558333	1.98643010e-01	
0.49716667	3.46613552e-02	
0.49875000	1.70935105e-02	
0.50033333	1.20831524e-02	
0.50191667	2.05584253e-03	
0.50350000	6.26757687e-05	
0.50508333	3.76554553e-05	
0.50666667	7.04403585e-05	
0.50825000	2.42607918e-04	
0.50983333	5.71096286e-04	
0.51141667	3.73839587e-04	
0.51300000	1.80428706e-04	
0.51458333	1.22159828e-04	
0.51616667	9.51512550e-05	
0.51775000	8.78182842e-05	
0.51933333	8.86061902e-05	
0.52091667	8.06634676e-05	
0.52250000	6.84925750e-05	
0.52408333	5.73013590e-05	
0.52566667	4.88145895e-05	
0.52725000	4.23557130e-05	
0.52883333	3.74140799e-05	
0.53041667	3.25814771e-05	
0.53200000	2.88803256e-05	
0.53358333	2.62050596e-05	
0.53516667	2.36332253e-05	
0.53675000	2.12447208e-05	
0.53833333	1.92796294e-05	
0.53991667	1.77502877e-05	
0.54150000	1.66069798e-05	
0.54308333	1.56169557e-05	
0.54466667	1.47495055e-05	
0.54625000	1.37639302e-05	
0.54783333	1.26270201e-05	
0.54941667	1.13723290e-05	
0.55100000	1.02468138e-05	
0.55258333	9.30404602e-06	
0.55416667	8.59235444e-06	
0.55575000	7.96312365e-06	
0.55733333	7.39225778e-06	
0.55891667	6.66640786e-06	
0.56050000	6.61439004e-06	
0.56208333	5.92782432e-06	
0.56366667	5.45225501e-06	
0.56525000	4.99015588e-06	
0.56683333	4.40074556e-06	
0.56841667	3.73843520e-06	
0.57000000	2.97126059e-06	
0.57158333	2.67470107e-06	
0.57316667	2.37222836e-06	
0.57475000	2.05806345e-06	
0.57633333	2.01612362e-06	
0.57791667	1.78790150e-06	
0.57950000	1.68157077e-06	
0.58108333	1.84824645e-06	
0.58266667	1.67576006e-06	
0.58425000	1.68354698e-06	
0.58583333	1.48903345e-06	
0.58741667	1.56689050e-06	
0.58900000	1.20024910e-06	
0.59058333	8.94392612e-07	
0.59216667	6.31926419e-07	
0.59375000	6.75740769e-07	
0.59533333	6.89913661e-07	
0.59691667	5.10024685e-07	
0.59850000	4.21960006e-07	
0.60008333	7.69205547e-07	
0.60166667	8.24387455e-07	
0.60325000	8.48500569e-07	
0.60483333	8.55301010e-07	
0.60641667	7.57282220e-07	
0.60800000	8.53300992e-07	
0.60958333	6.20431679e-07	
0.61116667	3.90934950e-07	
0.61275000	4.13101752e-07	
0.61433333	5.28389701e-07	
0.61591667	4.35528546e-07	
0.61750000	3.39357699e-07	
0.61908333	4.17379532e-07	
0.62066667	6.73104787e-07	
0.62225000	7.17138275e-07	
0.62383333	7.00544114e-07	
0.62541667	5.76441873e-07	
0.62700000	7.64454462e-07	
0.62858333	4.91012504e-07	
0.63016667	3.18010661e-07	
0.63175000	2.58534089e-07	
0.63333333	1.22245589e-07	
0.63491667	3.61939508e-07	
0.63650000	2.67107569e-07	
0.63808333	2.55986870e-07	
0.63966667	6.27387527e-07	
0.64125000	5.50385528e-07	
0.64283333	7.09660539e-07	
0.64441667	7.06378400e-07	
0.64600000	6.55691757e-07	
0.64758333	7.21719112e-07	
0.64916667	4.84964177e-07	
0.65075000	4.30517134e-07	
0.65233333	2.05686141e-07	
0.65391667	3.46297223e-07	
0.65550000	2.25296079e-07	
0.65708333	1.95263976e-07	
0.65866667	2.30697830e-07	
0.66025000	2.43357576e-07	
0.66183333	6.19134381e-07	
0.66341667	5.49132640e-07	
0.66500000	5.47923658e-07	
0.66658333	6.39185353e-07	
0.66816667	4.70528745e-07	
0.66975000	4.70053396e-07	
0.67133333	2.26116460e-07	
0.67291667	1.27949207e-07	
0.67450000	2.49978025e-07	
0.67608333	2.58534565e-07	
0.67766667	2.57540548e-07	
0.67925000	3.89854661e-07	
0.68083333	6.19611242e-07	
0.68241667	6.94710556e-07	
0.68400000	4.51474002e-07	
0.68558333	5.29038938e-07	
0.68716667	7.14925503e-07	
0.68875000	6.68225176e-07	
0.69033333	5.58250801e-07	
0.69191667	1.18243748e-07	
0.69350000	1.66321387e-07	
0.69508333	2.12254802e-07	
0.69666667	2.82775588e-07	
0.69825000	1.59234297e-07	
0.69983333	3.86222366e-07	
0.70141667	6.98254843e-07	
0.70300000	7.43928869e-07	
0.70458333	6.36591540e-07	
0.70616667	6.89699339e-07	
0.70775000	6.21509896e-07	
0.70933333	5.17456891e-07	
0.71091667	1.48950248e-07	
0.71250000	6.68049286e-08	
0.71408333	9.24725953e-08	
0.71566667	3.32468298e-08	
0.71725000	4.28044672e-08	
0.71883333	6.50601913e-08	
0.72041667	3.20802191e-07	
0.72200000	4.58689926e-07	
0.72358333	4.40584425e-07	
0.72516667	5.65509063e-07	
0.72675000	6.95937627e-07	
0.72833333	7.11520438e-07	
0.72991667	5.17414385e-07	
0.73150000	1.67150644e-07	
0.73308333	2.16237701e-07	
0.73466667	2.53608108e-07	
0.73625000	3.89897419e-07	
0.73783333	3.43204512e-07	
0.73941667	1.38319949e-07	
0.74100000	5.75795044e-07	
0.74258333	5.03154353e-07	
0.74416667	6.34127990e-07	
0.74575000	5.87546948e-07	
0.74733333	7.29191975e-07	
0.74891667	6.06776587e-07	
0.75050000	2.49504215e-07	
0.75208333	1.33513785e-07	
0.75366667	9.51081016e-08	
0.75525000	1.33912341e-07	
0.75683333	2.08262117e-07	
0.75841667	1.17431445e-07	
0.76000000	4.06145372e-07	
0.76158333	4.73513063e-07	
0.76316667	6.33955446e-07	
0.76475000	5.35433417e-07	
0.76633333	3.89474208e-07	
0.76791667	6.45150516e-07	
0.76950000	4.53591877e-07	
0.77108333	5.92862552e-08	
0.77266667	1.18571894e-07	
0.77425000	1.76777812e-07	
0.77583333	2.79665125e-07	
0.77741667	7.16872067e-08	
0.77900000	1.66493371e-07	
0.78058333	3.69415788e-07	
0.78216667	6.90993501e-07	
0.78375000	6.78853053e-07	
0.78533333	5.28044502e-07	
0.78691667	5.12445506e-07	
0.78850000	5.60970059e-07	
0.79008333	4.12236877e-07	
0.79166667	2.50177198e-07	
0.79325000	1.38146999e-07	
0.79483333	2.79621639e-07	
0.79641667	3.18814717e-07	
0.79800000	2.58119054e-07	
0.79958333	3.56365270e-07	
0.80116667	4.25295823e-07	
0.80275000	4.95550220e-07	
0.80433333	4.77184868e-07	
0.80591667	4.38251417e-07	
0.80750000	5.96016712e-07	
0.80908333	5.37680182e-07	
0.81066667	2.86103034e-07	
0.81225000	1.95367888e-07	
0.81383333	1.61922040e-07	
0.81541667	2.26341506e-07	
0.81700000	1.73061359e-07	
0.81858333	2.19851459e-07	
0.82016667	2.98504482e-07	
0.82175000	3.96775844e-07	
0.82333333	4.58776646e-07	
0.82491667	4.69147079e-07	
0.82650000	5.79337091e-07	
0.82808333	6.64247597e-07	
0.82966667	3.62240942e-07	
0.83125000	3.57315913e-07	
0.83283333	6.46015307e-08	
0.83441667	1.44239218e-07	
0.83600000	7.52743566e-08	
0.83758333	-1.73275870e-08	
0.83916667	1.09609966e-07	
0.84075000	3.38942665e-07	
0.84233333	6.10319361e-07	
0.84391667	6.45277418e-07	
0.84550000	5.96793411e-07	
0.84708333	6.00735259e-07	
0.84866667	5.06524192e-07	
0.85025000	5.24604827e-07	
0.85183333	2.99153327e-07	
0.85341667	2.27637712e-07	
0.85500000	1.71636207e-07	
0.85658333	3.27196467e-08	
0.85816667	8.43387833e-08	
0.85975000	7.39779964e-08	
0.86133333	3.78704925e-07	
0.86291667	5.67670648e-07	
0.86450000	5.33748246e-07	
0.86608333	6.81918910e-07	
0.86766667	6.33955782e-07	
0.86925000	5.61895557e-07	
0.87083333	3.53868398e-07	
0.87241667	7.43233359e-08	
0.87400000	2.02618338e-07	
0.87558333	2.00915483e-07	
0.87716667	1.57030304e-07	
0.87875000	2.75404510e-07	
0.88033333	3.13171008e-07	
0.88191667	6.72024946e-07	
0.88350000	6.29115653e-07	
0.88508333	7.27940431e-07	
0.88666667	6.34560609e-07	
0.88825000	5.91133909e-07	
0.88983333	3.95662458e-07	
0.89141667	1.48582630e-09	
0.89300000	-1.03974712e-08	
0.89458333	9.25157172e-08	
0.89616667	1.30480101e-07	
0.89775000	1.84072643e-07	
0.89933333	1.18208634e-07	
0.90091667	4.97408887e-07	
0.90250000	6.04916575e-07	
0.90408333	5.94244568e-07	
0.90566667	6.42806531e-07	
0.90725000	5.13350674e-07	
0.90883333	6.69451631e-07	
0.91041667	3.90977455e-07	
0.91200000	2.79102552e-07	
0.91358333	1.99637002e-07	
0.91516667	1.93207059e-07	
0.91675000	4.45648481e-07	
0.91833333	2.16274256e-07	
0.91991667	3.40921989e-07	
0.92150000	4.26281692e-07	
0.92308333	5.69008940e-07	
0.92466667	5.93422955e-07	
0.92625000	4.27075835e-07	
0.92783333	4.95548876e-07	
0.92941667	6.10794767e-07	
0.93100000	4.05426888e-07	
0.93258333	2.75603515e-07	
0.93416667	1.82308816e-07	
0.93575000	2.24052053e-07	
0.93733333	2.20853610e-07	
0.93891667	2.02707032e-07	
0.94050000	4.59423783e-07	
0.94208333	5.74107577e-07	
0.94366667	5.63347758e-07	
0.94525000	5.07303523e-07	
0.94683333	4.57176654e-07	
0.94841667	5.52803101e-07	
0.95000000	3.53081003e-07	
0.95158333	2.38312785e-07	
0.95316667	1.01373558e-07	
0.95475000	2.01581997e-07	
0.95633333	3.02090939e-07	
0.95791667	2.42104855e-07	
0.95950000	3.26480481e-07	
0.96108333	5.35001918e-07	
0.96266667	5.53971145e-07	
0.96425000	6.83259330e-07	
0.96583333	4.13274268e-07	
0.96741667	5.58594153e-07	
0.96900000	4.27715552e-07	
0.97058333	8.35623435e-08	
0.97216667	1.44282760e-07	
0.97375000	-1.02713502e-07	
0.97533333	1.55124318e-08	
0.97691667	7.30795621e-08	
0.97850000	1.09273013e-07	
0.98008333	2.42398925e-07	
0.98166667	4.35953830e-07	
0.98325000	6.14296940e-07	
0.98483333	5.19099668e-07	
0.98641667	6.41604605e-07	
0.98800000	7.54713329e-07	
0.98958333	6.17389175e-07	
0.99116667	4.51173212e-07	
0.99275000	1.42926687e-07	
0.99433333	1.46400453e-07	
0.99591667	2.10248498e-07	
0.99750000	1.60962983e-07	
0.99908333	2.76942563e-07	
1.00066667	5.59718067e-07	
1.00225000	6.28293368e-07	
1.00383333	6.84124737e-07	
1.00541667	4.39979402e-07	
1.00700000	5.77954165e-07	
1.00858333	5.01815501e-07	
1.01016667	4.77270888e-07	
1.01175000	3.03914773e-07	
1.01333333	1.80113882e-07	
1.01491667	3.42320680e-07	
1.01650000	3.04683799e-07	
1.01808333	9.32684260e-08	
1.01966667	-8.64315045e-09	
1.02125000	2.81368189e-07	
1.02283333	5.95021771e-07	
1.02441667	4.65171265e-07	
1.02600000	3.85922053e-07	
1.02758333	5.29512944e-07	
1.02916667	5.68317253e-07	
1.03075000	4.67940057e-07	
1.03233333	5.32178089e-08	
1.03391667	1.04070086e-07	
1.03550000	1.94581557e-07	
@ 
0.00000000	2.59968397e-07	
0.00158333	2.29539852e-07	
0.00316667	2.15280268e-07	
0.00475000	5.12876445e-07	
0.00633333	4.31510338e-07	
0.00791667	4.48103967e-07	
0.00950000	3.56399880e-07	
0.01108333	4.87978008e-07	
0.01266667	6.84125745e-07	
0.01425000	2.08988245e-07	
0.01583333	5.15687169e-08	
0.01741667	1.99204732e-07	
0.01900000	1.38622152e-07	
0.02058333	2.02558233e-07	
0.02216667	1.71644860e-07	
0.02375000	2.03526292e-07	
0.02533333	4.63487605e-07	
0.02691667	5.20741718e-07	
0.02850000	5.31889914e-07	
0.03008333	4.89429649e-07	
0.03166667	6.13042708e-07	
0.03325000	5.62225187e-07	
0.03483333	3.76025961e-07	
0.03641667	2.04995154e-07	
0.03800000	9.96115296e-08	
0.03958333	2.05686197e-07	
0.04116667	1.33315872e-07	
0.04275000	1.70862337e-08	
0.04433333	2.93431775e-07	
0.04591667	3.71878526e-07	
0.04750000	4.41794836e-07	
0.04908333	5.06135311e-07	
0.05066667	4.72345354e-07	
0.05225000	5.73789034e-07	
0.05383333	4.65171685e-07	
0.05541667	3.74039691e-07	
0.05700000	3.78446081e-07	
0.05858333	1.45233431e-07	
0.06016667	1.68222546e-07	
0.06175000	-1.18728029e-07	
0.06333333	1.60349811e-07	
0.06491667	5.72684217e-07	
0.06650000	5.04623579e-07	
0.06808333	5.77132776e-07	
0.06966667	3.57660805e-07	
0.07125000	4.79906142e-07	
0.07283333	6.30239399e-07	
0.07441667	2.80383021e-07	
0.07600000	1.84383177e-07	
0.07758333	2.21242533e-07	
0.07916667	2.91918615e-07	
0.08075000	1.81090622e-07	
0.08233333	1.32615953e-07	
0.08391667	3.66493689e-07	
0.08550000	3.59865651e-07	
0.08708333	5.02506964e-07	
0.08866667	3.33592353e-07	
0.09025000	5.32409562e-07	
0.09183333	6.01004072e-07	
0.09341667	4.92092905e-07	
0.09500000	2.52847733e-07	
0.09658333	-9.83925509e-08	
0.09816667	5.87674619e-08	
0.09975000	1.99377640e-07	
0.10133333	-1.27912496e-08	
0.10291667	1.97355207e-07	
0.10450000	4.25935484e-07	
0.10608333	5.91788130e-07	
0.10766667	5.21432173e-07	
0.10925000	4.65775672e-07	
0.11083333	4.59855142e-07	
0.11241667	4.82456440e-07	
0.11400000	3.26151495e-07	
0.11558333	2.72059536e-07	
0.11716667	1.15288481e-07	
0.11875000	2.69466087e-07	
0.12033333	1.24103221e-07	
0.12191667	6.79276320e-08	
0.12350000	1.96352524e-07	
0.12508333	4.98575363e-07	
0.12666667	6.52579642e-07	
0.12825000	6.91731951e-07	
0.12983333	7.10958509e-07	
0.13141667	6.83130189e-07	
0.13300000	5.39104270e-07	
0.13458333	2.61066214e-07	
0.13616667	1.07941532e-07	
0.13775000	1.99550506e-07	
0.13933333	1.54316436e-07	
0.14091667	1.64039453e-07	
0.14250000	1.55302599e-07	
0.14408333	4.72864330e-07	
0.14566667	6.29375897e-07	
0.14725000	5.16809054e-07	
0.14883333	4.31985127e-07	
0.15041667	4.86216673e-07	
0.15200000	5.42046250e-07	
0.15358333	4.97197310e-07	
0.15516667	1.45802934e-07	
0.15675000	1.37239170e-07	
0.15833333	2.80658245e-07	
0.15991667	3.14535593e-07	
0.16150000	3.04554602e-07	
0.16308333	2.78886578e-07	
0.16466667	5.05357548e-07	
0.16625000	5.97788015e-07	
0.16783333	4.54152658e-07	
0.16941667	4.83839030e-07	
0.17100000	4.83969348e-07	
0.17258333	5.31501649e-07	
0.17416667	3.88514409e-07	
0.17575000	4.39040345e-08	
0.17733333	4.73170061e-08	
0.17891667	5.66037349e-09	
0.18050000	1.11294900e-07	
0.18208333	5.34090645e-08	
0.18366667	1.48172065e-07	
0.18525000	4.21657480e-07	
0.18683333	3.80477264e-07	
0.18841667	5.17586705e-07	
0.19000000	5.15944543e-07	
0.19158333	4.27922593e-07	
0.19316667	4.21398748e-07	
0.19475000	8.62500441e-08	
0.19633333	1.26618839e-07	
0.19791667	1.36029992e-07	
0.19950000	3.14924699e-07	
0.20108333	3.26808068e-07	
0.20266667	1.21856330e-07	
0.20425000	3.04813417e-07	
0.20583333	6.38535668e-07	
0.20741667	5.72293207e-07	
0.20900000	4.92524796e-07	
0.21058333	5.07130363e-07	
0.21216667	7.31656926e-07	
0.21375000	4.72129801e-07	
0.21533333	2.19144595e-07	
0.21691667	1.45726659e-07	
0.21850000	1.99291032e-07	
0.22008333	3.02437203e-07	
0.22166667	1.53919070e-07	
0.22325000	1.62215479e-07	
0.22483333	6.94884052e-07	
0.22641667	4.54066302e-07	
0.22800000	4.49269239e-07	
0.22958333	4.30343386e-07	
0.23116667	3.84366471e-07	
0.23275000	4.67934961e-07	
0.23433333	4.32370516e-08	
0.23591667	4.82592484e-08	
0.23750000	5.04017961e-08	
0.23908333	1.28769644e-07	
0.24066667	1.42121917e-07	
0.24225000	3.49245006e-08	
0.24383333	-1.67562616e-08	
0.24541667	2.59053232e-07	
0.24700000	4.19843223e-07	
0.24858333	5.70780691e-07	
0.25016667	5.12012606e-07	
0.25175000	6.07208702e-07	
0.25333333	4.97363693e-07	
0.25491667	4.40524027e-07	
0.25650000	2.76250792e-07	
0.25808333	1.48431916e-07	
0.25966667	2.03007499e-07	
0.26125000	4.29091324e-08	
0.26283333	1.40298797e-07	
0.26441667	5.79587535e-07	
0.26600000	5.37386953e-07	
0.26758333	5.68100075e-07	
0.26916667	5.74237950e-07	
0.27075000	6.59753508e-07	
0.27233333	6.08027347e-07	
0.27391667	4.63381620e-07	
0.27550000	2.96871106e-08	
0.27708333	1.00684660e-08	
0.27866667	6.06253523e-08	
0.28025000	-8.33130483e-09	
0.28183333	3.13714737e-08	
0.28341667	1.16852932e-07	
0.28500000	3.79976098e-07	
0.28658333	4.72129801e-07	
0.28816667	4.38985050e-07	
0.28975000	4.32114913e-07	
0.29133333	6.21512416e-07	
0.29291667	5.99732814e-07	
0.29450000	4.25261914e-07	
0.29608333	7.53956791e-08	
0.29766667	9.99050738e-08	
0.29925000	2.28416427e-07	
0.30083333	6.28723621e-08	
0.30241667	1.96612600e-07	
0.30400000	2.04779405e-07	
0.30558333	5.12143260e-07	
0.30716667	5.14259931e-07	
0.30875000	5.01945147e-07	
0.31033333	5.18669457e-07	
0.31191667	5.86206696e-07	
0.31350000	5.69138026e-07	
0.31508333	4.39070873e-07	
0.31666667	1.98945259e-07	
0.31825000	2.11477235e-07	
0.31983333	2.05349902e-07	
0.32141667	1.09151845e-07	
0.32300000	1.27992273e-07	
0.32458333	2.99179172e-07	
0.32616667	4.25590565e-07	
0.32775000	3.52562448e-07	
0.32933333	5.45545791e-07	
0.33091667	4.67504357e-07	
0.33250000	5.97788743e-07	
0.33408333	4.82714500e-07	
0.33566667	1.76146608e-07	
0.33725000	1.19565435e-07	
0.33883333	2.18434133e-07	
0.34041667	2.96258025e-07	
0.34200000	3.65094942e-07	
0.34358333	2.75127689e-07	
0.34516667	4.45683230e-07	
0.34675000	5.40576688e-07	
0.34833333	5.95972974e-07	
0.34991667	6.06385969e-07	
0.35150000	7.65321101e-07	
0.35308333	8.44655044e-07	
0.35466667	5.52848631e-07	
0.35625000	4.28959872e-07	
0.35783333	5.59069950e-07	
0.35941667	5.47790596e-07	
0.36100000	7.30835313e-07	
0.36258333	7.17784152e-07	
0.36416667	8.77540672e-07	
0.36575000	1.52982064e-06	
0.36733333	1.63221037e-06	
0.36891667	1.83646700e-06	
0.37050000	2.12216953e-06	
0.37208333	2.62697999e-06	
0.37366667	3.25330649e-06	
0.37525000	3.46185335e-06	
0.37683333	4.60287924e-06	
0.37841667	6.30365002e-06	
0.38000000	8.55872964e-06	
0.38158333	1.10292541e-05	
0.38316667	1.24603521e-05	
0.38475000	1.37585827e-05	
0.38633333	1.61198278e-05	
0.38791667	1.99402637e-05	
0.38950000	2.58270758e-05	
0.39108333	3.42510293e-05	
0.39266667	4.75118939e-05	
0.39425000	6.72456455e-05	
0.39583333	9.98623548e-05	
0.39741667	1.29996409e-04	
0.39900000	1.53993814e-04	
0.40058333	1.79254607e-04	
0.40216667	2.11773841e-04	
0.40375000	2.81021090e-04	
0.40533333	4.25113272e-04	
0.40691667	7.02218136e-04	
0.40850000	5.89891167e-04	
0.41008333	6.38790475e-04	
0.41166667	9.39568950e-04	
0.41325000	1.23918811e-03	
0.41483333	1.76436848e-03	
0.41641667	2.17750879e-03	
0.41800000	2.72879104e-03	
0.41958333	3.32362525e-03	
0.42116667	4.23855955e-03	
0.42275000	5.32125459e-03	
0.42433333	9.66849644e-03	
0.42591667	1.23997761e-02	
0.42750000	1.90156447e-02	
0.42908333	1.58197963e-02	
0.43066667	1.29699763e-02	
0.43225000	1.50256610e-02	
0.43383333	1.62012070e-02	
0.43541667	2.35585687e-02	
0.43700000	3.22867556e-02	
0.43858333	4.58041669e-02	
0.44016667	9.43252658e-02	
0.44175000	2.20299043e-01	
0.44333333	3.33017691e-01	
0.44491667	7.20443784e-01	
0.44650000	7.25476982e-01	
0.44808333	6.77234659e-01	
0.44966667	7.84219134e-01	
0.45125000	8.18023847e-01	
0.45283333	1.23342981e+00	
0.45441667	1.52506225e+00	
0.45600000	1.61785640e+00	
0.45758333	2.51933370e+00	
0.45916667	3.96777702e+00	
0.46075000	5.11385383e+00	
0.46233333	5.73296034e+00	
0.46391667	5.92261790e+00	
0.46550000	6.18766437e+00	
0.46708333	6.63687617e+00	
0.46866667	6.76378338e+00	
0.47025000	7.28382720e+00	
0.47183333	7.30604042e+00	
0.47341667	7.53049669e+00	
0.47500000	7.97232960e+00	
0.47658333	8.07529103e+00	
0.47816667	8.17942598e+00	
0.47975000	8.16644211e+00	
0.48133333	8.52125240e+00	
0.48291667	9.00469776e+00	
0.48450000	9.95364182e+00	
0.48608333	1.14377093e+01	
0.48766667	1.25848567e+01	
0.48925000	1.27579361e+01	
0.49083333	1.26937788e+01	
0.49241667	1.26105247e+01	
0.49400000	1.29489847e+01	
0.49558333	1.41681339e+01	
0.49716667	1.58358161e+01	
0.49875000	1.61114172e+01	
0.50033333	1.61652919e+01	
0.50191667	1.63402034e+01	
0.50350000	1.64080101e+01	
0.50508333	1.65507527e+01	
0.50666667	1.73152928e+01	
0.50825000	1.83992272e+01	
0.50983333	1.98597905e+01	
0.51141667	2.05664721e+01	
0.51300000	2.09708426e+01	
0.51458333	2.15289806e+01	
0.51616667	2.17538827e+01	
0.51775000	2.20250265e+01	
0.51933333	2.22108295e+01	
