start voltage : 0.00 V 
set voltage : 0.10 V 
High G : 30.00 G0 
Intermediate G : 20.00 G0 
Low G : 10.00 G0 
Breaking speed 1 : 300.00 V/s 
Breaking speed 2 : 300.00 V/s 
Making speed : 500.00 V/s 
Post breaking : 230.00 V/s 
@ 
0.00000000	4.47341813e+01	
0.00158333	4.53364846e+01	
0.00316667	4.54509802e+01	
0.00475000	4.54117514e+01	
0.00633333	4.54453503e+01	
0.00791667	4.53688433e+01	
0.00950000	4.54643295e+01	
0.01108333	4.53703879e+01	
0.01266667	4.53746197e+01	
0.01425000	4.53911786e+01	
0.01583333	4.53118868e+01	
0.01741667	4.54074782e+01	
0.01900000	4.53747851e+01	
0.02058333	4.53248453e+01	
0.02216667	4.53248077e+01	
0.02375000	4.52035623e+01	
0.02533333	4.53410772e+01	
0.02691667	4.52382360e+01	
0.02850000	4.52374731e+01	
0.03008333	4.53812305e+01	
0.03166667	4.52307007e+01	
0.03325000	4.53281788e+01	
0.03483333	4.52770815e+01	
0.03641667	4.52775738e+01	
0.03800000	4.53492101e+01	
0.03958333	4.52080121e+01	
0.04116667	4.52957713e+01	
0.04275000	4.52522619e+01	
0.04433333	4.52222221e+01	
0.04591667	4.53419228e+01	
0.04750000	4.50944561e+01	
0.04908333	4.52001986e+01	
0.05066667	4.50634692e+01	
0.05225000	4.52507548e+01	
0.05383333	4.51805580e+01	
0.05541667	4.51517809e+01	
0.05700000	4.51139164e+01	
0.05858333	4.50574710e+01	
0.06016667	4.50929002e+01	
0.06175000	4.51082114e+01	
0.06333333	4.49331626e+01	
0.06491667	4.52198431e+01	
0.06650000	4.50665773e+01	
0.06808333	4.51090231e+01	
0.06966667	4.51030625e+01	
0.07125000	4.49728537e+01	
0.07283333	4.51440051e+01	
0.07441667	4.49499658e+01	
0.07600000	4.49370149e+01	
0.07758333	4.50070464e+01	
0.07916667	4.49002929e+01	
0.08075000	4.50753791e+01	
0.08233333	4.49264166e+01	
0.08391667	4.50375785e+01	
0.08550000	4.50023185e+01	
0.08708333	4.49347073e+01	
0.08866667	4.49487482e+01	
0.09025000	4.49104139e+01	
0.09183333	4.49879920e+01	
0.09341667	4.49583054e+01	
0.09500000	4.48176148e+01	
0.09658333	4.49214970e+01	
0.09816667	4.47534687e+01	
0.09975000	4.48570164e+01	
0.10133333	4.48049757e+01	
0.10291667	4.47501051e+01	
0.10450000	4.48817158e+01	
0.10608333	4.46987333e+01	
0.10766667	4.47725908e+01	
0.10925000	4.46880937e+01	
0.11083333	4.46420211e+01	
0.11241667	4.47122593e+01	
0.11400000	4.45973955e+01	
0.11558333	4.46751352e+01	
0.11716667	4.45565544e+01	
0.11875000	4.44897099e+01	
0.12033333	4.44228767e+01	
0.12191667	4.43013795e+01	
0.12350000	4.44254511e+01	
0.12508333	4.42641050e+01	
0.12666667	4.41088887e+01	
0.12825000	4.41018983e+01	
0.12983333	4.38288754e+01	
0.13141667	4.39362904e+01	
0.13300000	4.37322579e+01	
0.13458333	4.38204719e+01	
0.13616667	4.37555253e+01	
0.13775000	4.35866402e+01	
0.13933333	4.37164168e+01	
0.14091667	4.36162628e+01	
0.14250000	4.36296836e+01	
0.14408333	4.36514064e+01	
0.14566667	4.34441794e+01	
0.14725000	4.35415748e+01	
0.14883333	4.35620311e+01	
0.15041667	4.36675030e+01	
0.15200000	4.36236666e+01	
0.15358333	4.34589644e+01	
0.15516667	4.36452127e+01	
0.15675000	4.36459494e+01	
0.15833333	4.35024964e+01	
0.15991667	4.34045147e+01	
0.16150000	4.34206075e+01	
0.16308333	4.35329872e+01	
0.16466667	4.33526356e+01	
0.16625000	4.33291652e+01	
0.16783333	4.31177741e+01	
0.16941667	4.26813418e+01	
0.17100000	4.27129751e+01	
0.17258333	4.24643133e+01	
0.17416667	4.22391143e+01	
0.17575000	4.21673615e+01	
0.17733333	4.19119197e+01	
0.17891667	4.17869273e+01	
0.18050000	4.15241682e+01	
0.18208333	4.14902875e+01	
0.18366667	4.15161518e+01	
0.18525000	4.16008744e+01	
0.18683333	4.17019003e+01	
0.18841667	4.16816884e+01	
0.19000000	4.11169489e+01	
0.19158333	4.06520703e+01	
0.19316667	4.05523485e+01	
0.19475000	4.04735979e+01	
0.19633333	3.99845649e+01	
0.19791667	3.96982001e+01	
0.19950000	3.95499892e+01	
0.20108333	3.95457198e+01	
0.20266667	3.96270938e+01	
0.20425000	3.94612227e+01	
0.20583333	3.93021542e+01	
0.20741667	3.91045220e+01	
0.20900000	3.90130496e+01	
0.21058333	3.90376851e+01	
0.21216667	3.88880572e+01	
0.21375000	3.89212953e+01	
0.21533333	3.87720095e+01	
0.21691667	3.87360542e+01	
0.21850000	3.87000763e+01	
0.22008333	3.85244489e+01	
0.22166667	3.86427102e+01	
0.22325000	3.86539361e+01	
0.22483333	3.87920411e+01	
0.22641667	3.83999601e+01	
0.22800000	3.78790157e+01	
0.22958333	3.79960105e+01	
0.23116667	3.78916209e+01	
0.23275000	3.77631973e+01	
0.23433333	3.78367991e+01	
0.23591667	3.77148096e+01	
0.23750000	3.76539558e+01	
0.23908333	3.75326127e+01	
0.24066667	3.74578157e+01	
0.24225000	3.72970672e+01	
0.24383333	3.68753785e+01	
0.24541667	3.67577110e+01	
0.24700000	3.62681482e+01	
0.24858333	3.61513262e+01	
0.25016667	3.55505300e+01	
0.25175000	3.51089301e+01	
0.25333333	3.50301869e+01	
0.25491667	3.49172511e+01	
0.25650000	3.48590393e+01	
0.25808333	3.47829044e+01	
0.25966667	3.46587200e+01	
0.26125000	3.41904928e+01	
0.26283333	3.41268654e+01	
0.26441667	3.42489301e+01	
0.26600000	3.42581040e+01	
0.26758333	3.38198490e+01	
0.26916667	3.39177142e+01	
0.27075000	3.38466642e+01	
0.27233333	3.38486673e+01	
0.27391667	3.38057818e+01	
0.27550000	3.36236337e+01	
0.27708333	3.36010428e+01	
0.27866667	3.33487692e+01	
0.28025000	3.31877764e+01	
0.28183333	3.32084582e+01	
0.28341667	3.31817331e+01	
0.28500000	3.33774711e+01	
0.28658333	3.31560341e+01	
0.28816667	3.31770579e+01	
0.28975000	3.33071126e+01	
0.29133333	3.29608148e+01	
0.29291667	3.30638815e+01	
0.29450000	3.27790050e+01	
0.29608333	3.28526632e+01	
0.29766667	3.28136862e+01	
0.29925000	3.25569855e+01	
0.30083333	3.24781333e+01	
0.30241667	3.20600151e+01	
0.30400000	3.20951248e+01	
0.30558333	3.20073806e+01	
0.30716667	3.17425619e+01	
0.30875000	3.09298352e+01	
0.31033333	3.04525525e+01	
0.31191667	3.06587685e+01	
0.31350000	3.02027462e+01	
0.31508333	2.98654551e+01	
0.31666667	2.98764819e+01	
0.31825000	2.96012604e+01	
0.31983333	2.94599515e+01	
0.32141667	2.92513095e+01	
0.32300000	2.89559456e+01	
0.32458333	2.88898490e+01	
0.32616667	2.86969917e+01	
0.32775000	2.87220500e+01	
0.32933333	2.86319719e+01	
0.33091667	2.87180850e+01	
0.33250000	2.87498762e+01	
0.33408333	2.81554971e+01	
0.33566667	2.81137522e+01	
0.33725000	2.80967386e+01	
0.33883333	2.81821414e+01	
0.34041667	2.81472947e+01	
0.34200000	2.78937885e+01	
0.34358333	2.79046123e+01	
0.34516667	2.78651825e+01	
0.34675000	2.78683244e+01	
0.34833333	2.77025153e+01	
0.34991667	2.75808960e+01	
0.35150000	2.76125819e+01	
0.35308333	2.75760027e+01	
0.35466667	2.79363753e+01	
0.35625000	2.75051200e+01	
0.35783333	2.68749059e+01	
0.35941667	2.68286248e+01	
0.36100000	2.65324058e+01	
0.36258333	2.65021631e+01	
0.36416667	2.63518907e+01	
0.36575000	2.60874724e+01	
0.36733333	2.62770129e+01	
0.36891667	2.61527872e+01	
0.37050000	2.60671007e+01	
0.37208333	2.59345692e+01	
0.37366667	2.53746629e+01	
0.37525000	2.51225735e+01	
0.37683333	2.52310915e+01	
0.37841667	2.51514539e+01	
0.38000000	2.51601355e+01	
0.38158333	2.50310992e+01	
0.38316667	2.48840571e+01	
0.38475000	2.47832717e+01	
0.38633333	2.47817440e+01	
0.38791667	2.47307199e+01	
0.38950000	2.46159594e+01	
0.39108333	2.45481171e+01	
0.39266667	2.44206292e+01	
0.39425000	2.45364063e+01	
0.39583333	2.42421999e+01	
0.39741667	2.41685304e+01	
0.39900000	2.41228788e+01	
0.40058333	2.39499253e+01	
0.40216667	2.34031522e+01	
0.40375000	2.30640346e+01	
0.40533333	2.29404440e+01	
0.40691667	2.28640874e+01	
0.40850000	2.21064662e+01	
0.41008333	2.18056378e+01	
0.41166667	2.15206260e+01	
0.41325000	2.13813165e+01	
0.41483333	2.15356309e+01	
0.41641667	2.14913153e+01	
0.41800000	2.13590225e+01	
0.41958333	2.15078310e+01	
0.42116667	2.13259404e+01	
0.42275000	2.11862100e+01	
0.42433333	2.08920186e+01	
0.42591667	2.11660844e+01	
0.42750000	2.08615767e+01	
0.42908333	2.07446063e+01	
0.43066667	2.07554451e+01	
0.43225000	1.98661081e+01	
0.43383333	1.98689644e+01	
0.43541667	1.98374776e+01	
0.43700000	1.98372766e+01	
0.43858333	1.98386220e+01	
0.44016667	1.93132692e+01	
0.44175000	1.90647238e+01	
0.44333333	1.89237137e+01	
0.44491667	1.81087584e+01	
0.44650000	1.79253776e+01	
0.44808333	1.76419124e+01	
0.44966667	1.74924292e+01	
0.45125000	1.74061489e+01	
0.45283333	1.74336350e+01	
0.45441667	1.74363371e+01	
0.45600000	1.72849317e+01	
0.45758333	1.73397234e+01	
0.45916667	1.72326674e+01	
0.46075000	1.71833570e+01	
0.46233333	1.70872375e+01	
0.46391667	1.71941790e+01	
0.46550000	1.66424563e+01	
0.46708333	1.65914341e+01	
0.46866667	1.65827130e+01	
0.47025000	1.59472599e+01	
0.47183333	1.56638172e+01	
0.47341667	1.57721530e+01	
0.47500000	1.57825803e+01	
0.47658333	1.56304786e+01	
0.47816667	1.58305320e+01	
0.47975000	1.58518056e+01	
0.48133333	1.55592219e+01	
0.48291667	1.53664539e+01	
0.48450000	1.53471561e+01	
0.48608333	1.49286527e+01	
0.48766667	1.44340800e+01	
0.48925000	1.41447519e+01	
0.49083333	1.37849130e+01	
0.49241667	1.37725793e+01	
0.49400000	1.35917927e+01	
0.49558333	1.32401318e+01	
0.49716667	1.31546670e+01	
0.49875000	1.34519542e+01	
0.50033333	1.35475138e+01	
0.50191667	1.33780075e+01	
0.50350000	1.32981707e+01	
0.50508333	1.30064232e+01	
0.50666667	1.19968592e+01	
0.50825000	1.20093527e+01	
0.50983333	1.20449895e+01	
0.51141667	1.19286035e+01	
0.51300000	1.19755668e+01	
0.51458333	1.18354380e+01	
0.51616667	1.17414541e+01	
0.51775000	1.10635467e+01	
0.51933333	1.09150774e+01	
0.52091667	1.09719315e+01	
0.52250000	1.09520108e+01	
0.52408333	1.09152785e+01	
0.52566667	1.08251797e+01	
0.52725000	1.06941845e+01	
0.52883333	1.07307730e+01	
0.53041667	1.06391832e+01	
0.53200000	1.06601355e+01	
0.53358333	1.06203937e+01	
0.53516667	1.02688795e+01	
0.53675000	1.00609854e+01	
0.53833333	9.92565214e+00	
0.53991667	9.71984673e+00	
0.54150000	9.57687857e+00	
0.54308333	9.42561874e+00	
0.54466667	9.29823799e+00	
0.54625000	9.27918264e+00	
0.54783333	9.13611019e+00	
0.54941667	9.09788394e+00	
0.55100000	9.19082113e+00	
0.55258333	9.03415504e+00	
0.55416667	8.93749622e+00	
0.55575000	8.90068401e+00	
0.55733333	8.97071083e+00	
0.55891667	8.77312286e+00	
0.56050000	7.61131254e+00	
0.56208333	7.05922059e+00	
0.56366667	7.05850652e+00	
0.56525000	7.10695573e+00	
0.56683333	7.29430759e+00	
0.56841667	7.28594263e+00	
0.57000000	7.26984222e+00	
0.57158333	7.65746639e+00	
0.57316667	7.64932833e+00	
0.57475000	7.66011784e+00	
0.57633333	7.62234399e+00	
0.57791667	7.55462945e+00	
0.57950000	7.57933253e+00	
0.58108333	7.49409508e+00	
0.58266667	7.46777689e+00	
0.58425000	7.17125447e+00	
0.58583333	7.09575375e+00	
0.58741667	7.11984470e+00	
0.58900000	7.04525535e+00	
0.59058333	6.56181422e+00	
0.59216667	6.20925983e+00	
0.59375000	5.67378035e+00	
0.59533333	5.54603364e+00	
0.59691667	5.48672305e+00	
0.59850000	5.33022091e+00	
0.60008333	5.33578032e+00	
0.60166667	5.02239081e+00	
0.60325000	4.98154035e+00	
0.60483333	4.94837601e+00	
0.60641667	4.92489907e+00	
0.60800000	4.88937501e+00	
0.60958333	4.83858253e+00	
0.61116667	4.83735029e+00	
0.61275000	4.76253263e+00	
0.61433333	4.74195519e+00	
0.61591667	4.78659539e+00	
0.61750000	4.76825928e+00	
0.61908333	4.74304602e+00	
0.62066667	4.67553349e+00	
0.62225000	4.49072034e+00	
0.62383333	4.14353369e+00	
0.62541667	3.97415245e+00	
0.62700000	4.06232839e+00	
0.62858333	3.89013220e+00	
0.63016667	3.76438535e+00	
0.63175000	3.84373854e+00	
0.63333333	3.84444509e+00	
0.63491667	3.85056613e+00	
0.63650000	3.81361322e+00	
0.63808333	3.58047935e+00	
0.63966667	3.32527578e+00	
0.64125000	3.26307226e+00	
0.64283333	3.25681851e+00	
0.64441667	3.49613167e+00	
0.64600000	3.70584192e+00	
0.64758333	3.65171304e+00	
0.64916667	3.55567269e+00	
0.65075000	3.31654650e+00	
0.65233333	3.12920357e+00	
0.65391667	3.12971164e+00	
0.65550000	3.14481258e+00	
0.65708333	2.96535731e+00	
0.65866667	2.96729915e+00	
0.66025000	2.29611671e+00	
0.66183333	2.15631536e+00	
0.66341667	2.18445513e+00	
0.66500000	2.11064328e+00	
0.66658333	2.05161973e+00	
0.66816667	2.03456871e+00	
0.66975000	2.14454377e+00	
0.67133333	1.97941805e+00	
0.67291667	1.45615787e+00	
0.67450000	1.51382610e+00	
0.67608333	1.34848322e+00	
0.67766667	1.35351883e+00	
0.67925000	1.34018227e+00	
0.68083333	1.33313329e+00	
0.68241667	1.29861152e+00	
0.68400000	1.30047526e+00	
0.68558333	1.29870418e+00	
0.68716667	1.24679737e+00	
0.68875000	1.20260123e+00	
0.69033333	1.24542666e+00	
0.69191667	1.21187229e+00	
0.69350000	9.09689927e-01	
0.69508333	9.19087645e-01	
0.69666667	8.57698265e-01	
0.69825000	8.06299352e-01	
0.69983333	6.96278551e-01	
0.70141667	6.20564896e-01	
0.70300000	6.31689185e-01	
0.70458333	6.23054747e-01	
0.70616667	6.16257161e-01	
0.70775000	6.01193506e-01	
0.70933333	3.75201133e-01	
0.71091667	7.94754358e-02	
0.71250000	1.64740273e-01	
0.71408333	1.89559166e-01	
0.71566667	2.15577987e-01	
0.71725000	2.24869181e-01	
0.71883333	2.68916928e-01	
0.72041667	2.35488071e-01	
0.72200000	3.65244373e-01	
0.72358333	3.47614851e-01	
0.72516667	3.59848620e-01	
0.72675000	2.76376174e-01	
0.72833333	1.07390236e-01	
0.72991667	2.32937193e-01	
0.73150000	2.28632526e-01	
0.73308333	2.35719043e-01	
0.73466667	2.00429712e-01	
0.73625000	1.34051969e-01	
0.73783333	-6.37872643e-04	
0.73941667	9.37536645e-03	
0.74100000	2.41798815e-04	
0.74258333	7.92515236e-03	
0.74416667	2.26826961e-03	
0.74575000	9.00080501e-04	
0.74733333	2.44184002e-05	
0.74891667	-2.36909034e-05	
0.75050000	-5.87913018e-05	
0.75208333	-8.03217824e-05	
0.75366667	-7.71685094e-05	
0.75525000	-5.99996479e-05	
0.75683333	-4.22430628e-05	
0.75841667	-2.83822294e-05	
0.76000000	-1.72987264e-05	
0.76158333	-8.45064210e-06	
0.76316667	-1.73234981e-06	
0.76475000	3.34358030e-06	
0.76633333	7.21860474e-06	
0.76791667	9.88377956e-06	
0.76950000	1.13235181e-05	
0.77108333	1.17646298e-05	
0.77266667	1.17519490e-05	
0.77425000	1.10210893e-05	
0.77583333	9.87744186e-06	
0.77741667	8.55529959e-06	
0.77900000	7.54066309e-06	
0.78058333	6.54658220e-06	
0.78216667	5.42394821e-06	
0.78375000	4.41538865e-06	
0.78533333	3.58874698e-06	
0.78691667	3.05790835e-06	
0.78850000	2.19800679e-06	
0.79008333	1.62907502e-06	
0.79166667	1.47424969e-06	
0.79325000	1.26446528e-06	
0.79483333	1.08648549e-06	
0.79641667	8.67989331e-07	
0.79800000	8.46297262e-07	
0.79958333	1.04463727e-06	
0.80116667	1.01421861e-06	
0.80275000	8.82853238e-07	
0.80433333	8.30568172e-07	
0.80591667	8.86569901e-07	
0.80750000	9.02301287e-07	
0.80908333	6.49296382e-07	
0.81066667	6.25270744e-07	
0.81225000	6.35424784e-07	
0.81383333	5.04365015e-07	
0.81541667	4.43565523e-07	
0.81700000	3.91625853e-07	
0.81858333	6.69346234e-07	
0.82016667	8.74299806e-07	
0.82175000	8.85447219e-07	
0.82333333	8.92921874e-07	
0.82491667	8.62761553e-07	
0.82650000	8.72050466e-07	
0.82808333	5.95238165e-07	
0.82966667	4.00656538e-07	
0.83125000	2.78023635e-07	
0.83283333	4.03076322e-07	
0.83441667	4.32158623e-07	
0.83600000	2.70590758e-07	
0.83758333	3.73735878e-07	
0.83916667	6.21295014e-07	
0.84075000	7.25391701e-07	
0.84233333	7.83554399e-07	
0.84391667	6.59796406e-07	
0.84550000	6.03491535e-07	
0.84708333	6.72370090e-07	
0.84866667	3.76544488e-07	
0.85025000	2.96992190e-07	
0.85183333	3.43271967e-07	
0.85341667	3.57446259e-07	
0.85500000	3.02091359e-07	
0.85658333	2.35286493e-07	
0.85816667	5.03456710e-07	
0.85975000	6.36332305e-07	
0.86133333	7.40211030e-07	
0.86291667	7.55424056e-07	
0.86450000	6.97216221e-07	
0.86608333	7.48509258e-07	
0.86766667	7.05298503e-07	
0.86925000	5.11148488e-07	
0.87083333	3.43661212e-07	
0.87241667	2.54558834e-07	
0.87400000	3.67167931e-07	
0.87558333	2.58197514e-07	
0.87716667	3.08615932e-07	
0.87875000	5.01771819e-07	
0.88033333	6.84297393e-07	
0.88191667	8.19203638e-07	
0.88350000	6.72975869e-07	
0.88508333	9.01564630e-07	
0.88666667	7.71196492e-07	
0.88825000	3.60686592e-07	
0.88983333	2.34724620e-07	
0.89141667	1.16757042e-07	
0.89300000	3.45691471e-07	
0.89458333	3.93743196e-07	
0.89616667	3.67254147e-07	
0.89775000	5.55700727e-07	
0.89933333	7.15408805e-07	
0.90091667	7.51145856e-07	
0.90250000	6.58759015e-07	
0.90408333	6.03405179e-07	
0.90566667	7.12817177e-07	
0.90725000	5.83614899e-07	
0.90883333	3.70797146e-07	
0.91041667	1.72587130e-07	
0.91200000	1.96006471e-07	
0.91358333	3.40764622e-07	
0.91516667	2.34854560e-07	
0.91675000	4.16472263e-07	
0.91833333	5.93597011e-07	
0.91991667	7.45441777e-07	
0.92150000	7.24872894e-07	
0.92308333	5.92688650e-07	
0.92466667	7.19988858e-07	
0.92625000	7.21675094e-07	
0.92783333	5.53020894e-07	
0.92941667	3.71791415e-07	
0.93100000	2.18865773e-07	
0.93258333	3.59519052e-07	
0.93416667	2.94788267e-07	
0.93575000	2.61669977e-07	
0.93733333	3.43383888e-07	
0.93891667	4.87210381e-07	
0.94050000	6.74316569e-07	
0.94208333	5.94287634e-07	
0.94366667	6.79934741e-07	
0.94525000	7.28676752e-07	
0.94683333	7.03482902e-07	
0.94841667	5.16420732e-07	
0.95000000	1.81617731e-07	
0.95158333	1.94539177e-07	
0.95316667	2.18174422e-07	
0.95475000	5.40048752e-08	
0.95633333	9.84355889e-08	
0.95791667	2.19211658e-07	
0.95950000	4.79042695e-07	
0.96108333	6.35814169e-07	
0.96266667	6.08503200e-07	
0.96425000	6.70297213e-07	
0.96583333	6.26393707e-07	
0.96741667	6.24277428e-07	
0.96900000	4.48534374e-07	
0.97058333	1.57634991e-07	
0.97216667	2.64670480e-07	
0.97375000	2.70244354e-07	
0.97533333	3.40333151e-07	
0.97691667	3.07752093e-07	
0.97850000	5.21778381e-07	
0.98008333	7.34638724e-07	
0.98166667	7.04477786e-07	
0.98325000	6.45060856e-07	
0.98483333	7.47947441e-07	
0.98641667	7.89214013e-07	
0.98800000	6.47178815e-07	
0.98958333	3.84019899e-07	
0.99116667	3.39512350e-07	
0.99275000	3.72828665e-07	
0.99433333	3.25253662e-07	
0.99591667	3.22098453e-07	
0.99750000	3.31129250e-07	
0.99908333	6.21381930e-07	
1.00066667	8.05289422e-07	
1.00225000	7.11822572e-07	
1.00383333	8.37307907e-07	
1.00541667	8.36401730e-07	
1.00700000	7.78023086e-07	
1.00858333	5.34396699e-07	
1.01016667	3.17907029e-07	
1.01175000	3.57488065e-07	
1.01333333	2.59917211e-07	
1.01491667	2.65888675e-07	
1.01650000	3.33981598e-07	
1.01808333	4.31379600e-07	
1.01966667	7.76294065e-07	
1.02125000	7.48769894e-07	
1.02283333	6.59277542e-07	
1.02441667	6.68568919e-07	
1.02600000	7.10310336e-07	
1.02758333	7.16488981e-07	
1.02916667	3.28148096e-07	
1.03075000	2.76208622e-07	
1.03233333	2.94571958e-07	
1.03391667	2.43842781e-07	
1.03550000	2.32607109e-07	
1.03708333	1.28813578e-07	
1.03866667	3.26635720e-07	
1.04025000	5.25624801e-07	
1.04183333	6.37284347e-07	
1.04341667	4.67980211e-07	
1.04500000	4.31380300e-07	
1.04658333	6.70082499e-07	
1.04816667	5.12401824e-07	
1.04975000	3.66260606e-07	
1.05133333	3.67599934e-07	
1.05291667	3.99879643e-07	
1.05450000	3.83892214e-07	
1.05608333	2.59096382e-07	
1.05766667	3.68032022e-07	
1.05925000	6.12479938e-07	
1.06083333	6.17794409e-07	
1.06241667	6.19436291e-07	
1.06400000	5.40531326e-07	
1.06558333	6.01764530e-07	
1.06716667	6.57635269e-07	
1.06875000	2.60608282e-07	
1.07033333	2.14017313e-07	
1.07191667	2.10041583e-07	
1.07350000	3.69501080e-07	
1.07508333	4.11632722e-07	
1.07666667	1.70641729e-07	
1.07825000	4.44387556e-07	
1.07983333	6.22289059e-07	
1.08141667	5.87243694e-07	
1.08300000	5.27742760e-07	
1.08458333	5.39841879e-07	
1.08616667	6.48906773e-07	
1.08775000	4.56485947e-07	
1.08933333	2.59052728e-07	
1.09091667	1.96784542e-07	
1.09250000	2.53218526e-07	
1.09408333	3.80648996e-07	
1.09566667	3.60039343e-07	
1.09725000	3.87520280e-07	
1.09883333	5.43903125e-07	
1.10041667	6.32226536e-07	
1.10200000	7.54644613e-07	
1.10358333	5.95238221e-07	
1.10516667	6.00683457e-07	
1.10675000	5.69267895e-07	
1.10833333	4.48276454e-07	
1.10991667	2.91936227e-07	
1.11150000	1.78333912e-07	
1.11308333	4.51602808e-07	
1.11466667	4.50004552e-07	
1.11625000	4.38770336e-07	
1.11783333	4.58127857e-07	
1.11941667	4.70141320e-07	
1.12100000	6.98427051e-07	
1.12258333	5.81280995e-07	
1.12416667	5.67626014e-07	
1.12575000	7.06725111e-07	
1.12733333	6.15115921e-07	
1.12891667	4.30126124e-07	
1.13050000	1.90259815e-07	
1.13208333	2.49589199e-07	
1.13366667	4.02514981e-07	
1.13525000	3.39382424e-07	
1.13683333	2.40644254e-07	
1.13841667	3.30135513e-07	
1.14000000	5.72162721e-07	
1.14158333	7.02747813e-07	
1.14316667	5.06524920e-07	
1.14475000	6.58370694e-07	
1.14633333	7.08754810e-07	
1.14791667	5.79163764e-07	
1.14950000	3.90113589e-07	
1.15108333	2.08149692e-07	
1.15266667	3.98366455e-07	
1.15425000	2.65448355e-07	
1.15583333	9.78307687e-08	
1.15741667	1.59579874e-07	
1.15900000	3.57920320e-07	
1.16058333	6.25962487e-07	
1.16216667	4.60592079e-07	
1.16375000	4.14829794e-07	
1.16533333	5.48569983e-07	
1.16691667	5.37810892e-07	
1.16850000	4.26281552e-07	
1.17008333	2.16489348e-07	
1.17166667	2.01711153e-07	
1.17325000	2.95480262e-07	
1.17483333	2.76077688e-07	
1.17641667	3.43099535e-07	
1.17800000	2.06723378e-07	
1.17958333	5.33100297e-07	
1.18116667	7.45874676e-07	
1.18275000	7.62552728e-07	
1.18433333	7.67089436e-07	
1.18591667	6.50548431e-07	
1.18750000	5.85515961e-07	
1.18908333	4.45899848e-07	
1.19066667	1.80666753e-07	
1.19225000	2.54817874e-07	
1.19383333	1.10146260e-07	
1.19541667	1.56027677e-07	
1.19700000	1.67436019e-07	
1.19858333	3.83026303e-07	
1.20016667	6.24449188e-07	
1.20175000	5.88151719e-07	
1.20333333	6.19178175e-07	
1.20491667	5.72250197e-07	
1.20650000	6.92335490e-07	
1.20808333	6.61828065e-07	
1.20966667	4.37343364e-07	
1.21125000	3.66735144e-07	
1.21283333	3.81298429e-07	
1.21441667	2.99887268e-07	
1.21600000	2.26731186e-07	
1.21758333	1.97303741e-07	
1.21916667	5.68318093e-07	
1.22075000	6.83908848e-07	
1.22233333	6.30066240e-07	
1.22391667	7.66659449e-07	
1.22550000	6.97087695e-07	
1.22708333	7.27551382e-07	
1.22866667	4.27145278e-07	
1.23025000	2.31915674e-07	
1.23183333	3.37913506e-07	
1.23341667	3.15616078e-07	
1.23500000	3.34284600e-07	
1.23658333	1.08547123e-07	
1.23816667	1.60271015e-07	
1.23975000	4.84487315e-07	
1.24133333	5.73632227e-07	
1.24291667	5.71903654e-07	
1.24450000	4.29392519e-07	
1.24608333	5.14649317e-07	
1.24766667	5.63218784e-07	
1.24925000	2.77417632e-07	
1.25083333	2.60003063e-07	
1.25241667	2.49502395e-07	
1.25400000	3.00873024e-07	
1.25558333	2.61645056e-07	
1.25716667	2.59355617e-07	
1.25875000	5.48223327e-07	
1.26033333	7.54517488e-07	
1.26191667	7.98418586e-07	
1.26350000	7.17656802e-07	
1.26508333	5.98652862e-07	
1.26666667	7.45959240e-07	
1.26825000	5.76095386e-07	
1.26983333	3.86224774e-07	
1.27141667	3.18036451e-07	
1.27300000	2.22841433e-07	
1.27458333	3.98841496e-07	
1.27616667	2.40108142e-07	
1.27775000	3.13629025e-07	
1.27933333	5.26186282e-07	
1.28091667	6.32745680e-07	
1.28250000	6.40351101e-07	
1.28408333	5.76052544e-07	
1.28566667	6.71636233e-07	
1.28725000	7.39434219e-07	
1.28883333	4.38768908e-07	
1.29041667	3.42278062e-07	
1.29200000	2.93880215e-07	
1.29358333	2.32347566e-07	
1.29516667	1.37800819e-07	
1.29675000	2.27890483e-08	
1.29833333	2.60348430e-07	
1.29991667	4.80684801e-07	
1.30150000	6.47352367e-07	
1.30308333	6.18442190e-07	
1.30466667	5.90183770e-07	
@ 
0.00000000	6.70989292e-07	
0.00158333	5.32537807e-07	
0.00316667	3.23480427e-07	
0.00475000	2.00760230e-07	
0.00633333	2.19687372e-07	
0.00791667	2.87226752e-07	
0.00950000	1.09065398e-07	
0.01108333	2.05340816e-07	
0.01266667	3.61247933e-07	
0.01425000	4.55621744e-07	
0.01583333	5.84090193e-07	
0.01741667	5.29081444e-07	
0.01900000	4.43651851e-07	
0.02058333	5.05617567e-07	
0.02216667	2.87295355e-07	
0.02375000	1.70209809e-07	
0.02533333	-3.33648009e-09	
0.02691667	1.25442339e-07	
0.02850000	4.88721749e-08	
0.03008333	-8.19288150e-09	
0.03166667	1.87926806e-07	
0.03325000	3.55414712e-07	
0.03483333	5.87589902e-07	
0.03641667	5.56995953e-07	
0.03800000	4.87296289e-07	
0.03958333	6.30283809e-07	
0.04116667	5.00604671e-07	
0.04275000	3.91539245e-07	
0.04433333	2.70069493e-08	
0.04591667	1.03689134e-09	
0.04750000	1.45276763e-07	
0.04908333	4.12665472e-08	
0.05066667	1.74063902e-07	
0.05225000	2.24396875e-07	
0.05383333	4.25417629e-07	
0.05541667	5.05142890e-07	
0.05700000	4.27750918e-07	
0.05858333	4.37084464e-07	
0.06016667	4.26324505e-07	
0.06175000	4.47842827e-07	
0.06333333	2.00371167e-07	
0.06491667	-4.92176684e-08	
0.06650000	1.83345675e-07	
0.06808333	7.06074572e-08	
0.06966667	6.97085189e-08	
0.07125000	1.95272138e-07	
0.07283333	3.43099227e-07	
0.07441667	5.87892651e-07	
0.07600000	5.59589093e-07	
0.07758333	4.94122716e-07	
0.07916667	4.26756509e-07	
0.08075000	4.31984707e-07	
0.08233333	3.65093290e-07	
0.08391667	1.40782505e-07	
0.08550000	1.11225646e-07	
0.08708333	1.69777848e-07	
0.08866667	-3.09399218e-08	
0.09025000	-5.24606164e-09	
0.09183333	3.12588211e-08	
0.09341667	3.96638329e-07	
0.09500000	5.71083273e-07	
0.09658333	3.75335562e-07	
0.09816667	3.89378892e-07	
0.09975000	3.82594607e-07	
0.10133333	4.70486351e-07	
0.10291667	1.58715210e-07	
0.10450000	-3.73519785e-08	
0.10608333	1.29590879e-07	
0.10766667	2.03526306e-07	
0.10925000	2.51922236e-07	
0.11083333	1.59407121e-07	
0.11241667	1.74271812e-07	
0.11400000	3.81989528e-07	
0.11558333	3.72828469e-07	
0.11716667	4.81592209e-07	
0.11875000	4.32892928e-07	
0.12033333	4.87813921e-07	
0.12191667	4.12193811e-07	
0.12350000	5.89407197e-08	
0.12508333	-4.90969270e-08	
0.12666667	6.46701968e-08	
0.12825000	1.78592728e-07	
0.12983333	1.55146366e-07	
0.13141667	4.65389212e-08	
0.13300000	2.90596899e-07	
0.13458333	3.76069783e-07	
0.13616667	3.85058018e-07	
0.13775000	4.02816667e-07	
0.13933333	4.52683852e-07	
0.14091667	6.94926110e-07	
0.14250000	3.20110728e-07	
0.14408333	2.08709167e-08	
0.14566667	8.70709289e-08	
0.14725000	9.10032014e-08	
0.14883333	2.20845335e-07	
0.15041667	1.24362204e-07	
0.15200000	1.34992839e-07	
0.15358333	2.86621981e-07	
0.15516667	2.10829132e-07	
0.15675000	2.46002294e-07	
0.15833333	2.29020666e-07	
0.15991667	2.80589278e-07	
0.16150000	3.67125565e-07	
0.16308333	2.34163111e-07	
0.16466667	1.71419240e-07	
0.16625000	7.98977351e-08	
0.16783333	1.73104929e-07	
0.16941667	1.76777168e-07	
0.17100000	5.53105353e-08	
0.17258333	3.48586913e-07	
0.17416667	4.01348001e-07	
0.17575000	5.17371095e-07	
0.17733333	4.77271056e-07	
0.17891667	3.10206739e-07	
0.18050000	5.62786277e-07	
0.18208333	4.13101472e-07	
0.18366667	1.84858205e-07	
0.18525000	1.21407260e-07	
0.18683333	7.17250127e-09	
0.18841667	1.87062016e-07	
0.19000000	7.05637192e-08	
0.19158333	1.77599551e-07	
0.19316667	4.95722203e-07	
0.19475000	5.62657471e-07	
0.19633333	4.29435669e-07	
0.19791667	2.77504016e-07	
0.19950000	3.51482299e-07	
0.20108333	3.00837659e-07	
0.20266667	1.01028001e-07	
0.20425000	1.26610656e-08	
0.20583333	-2.19001152e-08	
0.20741667	1.05607957e-07	
0.20900000	6.33908264e-08	
0.21058333	-1.05867941e-07	
0.21216667	4.60374607e-08	
0.21375000	2.77418248e-07	
0.21533333	4.98963125e-07	
0.21691667	4.14397902e-07	
0.21850000	4.12712479e-07	
0.22008333	5.42608067e-07	
0.22166667	4.51084925e-07	
0.22325000	1.96309767e-07	
0.22483333	-1.47093453e-08	
0.22641667	-1.25350567e-09	
0.22800000	1.99765556e-07	
0.22958333	1.49165815e-07	
0.23116667	1.27258094e-07	
0.23275000	2.16576096e-07	
0.23433333	3.75896091e-07	
0.23591667	5.23420878e-07	
0.23750000	3.05331104e-07	
0.23908333	3.28882485e-07	
0.24066667	4.24638914e-07	
0.24225000	3.60945240e-07	
0.24383333	2.01823200e-07	
0.24541667	-1.36026201e-08	
0.24700000	3.23650807e-08	
0.24858333	1.91685489e-08	
0.25016667	-9.87382055e-08	
0.25175000	4.22608998e-08	
0.25333333	1.16669755e-07	
0.25491667	3.76069643e-07	
0.25650000	3.75118300e-07	
0.25808333	3.87088445e-07	
0.25966667	4.32590207e-07	
0.26125000	3.83630738e-07	
0.26283333	2.53824389e-07	
0.26441667	-2.65146260e-08	
0.26600000	-8.38045404e-08	
0.26758333	1.62777576e-07	
0.26916667	6.31753637e-08	
0.27075000	1.18174543e-07	
0.27233333	1.40998619e-07	
0.27391667	4.12021912e-07	
0.27550000	5.35347957e-07	
0.27708333	4.37689039e-07	
0.27866667	4.99869918e-07	
0.28025000	4.05496807e-07	
0.28183333	4.33541073e-07	
0.28341667	1.84771877e-07	
0.28500000	-5.46627788e-08	
0.28658333	-5.75592996e-09	
0.28816667	-1.00484602e-07	
0.28975000	-3.37311115e-08	
0.29133333	-8.60862788e-08	
0.29291667	2.02965413e-07	
0.29450000	5.47316983e-07	
0.29608333	4.40022384e-07	
0.29766667	4.36306085e-07	
0.29925000	4.43652523e-07	
0.30083333	4.61802097e-07	
0.30241667	2.58706688e-07	
0.30400000	-1.26998677e-07	
0.30558333	-1.25573049e-07	
0.30716667	4.88464558e-08	
0.30875000	9.06143689e-08	
0.31033333	9.34660449e-08	
0.31191667	1.11079024e-07	
0.31350000	3.17777131e-07	
0.31508333	4.23386166e-07	
0.31666667	3.44394957e-07	
0.31825000	3.69155376e-07	
0.31983333	3.98668561e-07	
0.32141667	4.13921993e-07	
0.32300000	2.11606349e-07	
0.32458333	5.21558123e-08	
0.32616667	9.65778175e-08	
0.32775000	2.57410062e-07	
0.32933333	2.52959430e-07	
0.33091667	2.23577100e-08	
0.33250000	1.12998041e-07	
0.33408333	3.69760679e-07	
0.33566667	5.07950520e-07	
0.33725000	3.53556156e-07	
0.33883333	3.26161071e-07	
0.34041667	4.17812040e-07	
0.34200000	3.43228285e-07	
0.34358333	1.11917172e-08	
0.34516667	3.86651989e-08	
0.34675000	-5.24589224e-08	
0.34833333	4.47061375e-08	
0.34991667	4.16123382e-08	
0.35150000	-1.36150313e-07	
0.35308333	2.78152469e-07	
0.35466667	4.75499304e-07	
0.35625000	4.76493125e-07	
0.35783333	3.58870907e-07	
0.35941667	3.64965156e-07	
0.36100000	4.98677568e-07	
0.36258333	3.09005513e-07	
0.36416667	1.49657755e-07	
0.36575000	6.96998175e-08	
0.36733333	2.29017726e-08	
0.36891667	1.23092403e-07	
0.37050000	2.14158649e-08	
0.37208333	1.66536493e-07	
0.37366667	4.44732447e-07	
0.37525000	4.71264842e-07	
0.37683333	5.44422213e-07	
0.37841667	4.51819117e-07	
0.38000000	4.01002381e-07	
0.38158333	3.40851594e-07	
0.38316667	2.01883781e-07	
0.38475000	1.02842707e-07	
0.38633333	1.23411772e-07	
0.38791667	1.25011077e-07	
0.38950000	-7.34632301e-09	
0.39108333	-1.05427335e-07	
0.39266667	8.13066743e-08	
0.39425000	4.16126868e-07	
0.39583333	3.72353316e-07	
0.39741667	2.20853708e-07	
0.39900000	2.66052958e-07	
0.40058333	3.94693446e-07	
0.40216667	2.58058235e-07	
0.40375000	1.15893000e-07	
0.40533333	1.58157694e-08	
0.40691667	9.64049448e-08	
0.40850000	2.08858796e-07	
0.41008333	-7.59485709e-08	
0.41166667	-1.31791527e-08	
0.41325000	1.44801805e-07	
0.41483333	3.53643212e-07	
0.41641667	3.74946036e-07	
0.41800000	2.04605713e-07	
0.41958333	3.78144732e-07	
0.42116667	4.00355188e-07	
0.42275000	1.09454020e-07	
0.42433333	1.18485749e-07	
0.42591667	-1.59362763e-08	
0.42750000	1.56943962e-07	
0.42908333	4.02723380e-08	
0.43066667	-1.11875009e-07	
0.43225000	1.98513535e-07	
0.43383333	3.54031226e-07	
0.43541667	5.57643958e-07	
0.43700000	4.88765795e-07	
0.43858333	3.96466066e-07	
0.44016667	4.04675278e-07	
0.44175000	3.71013848e-07	
0.44333333	1.59406491e-07	
0.44491667	-6.56815532e-08	
0.44650000	-7.91637451e-08	
0.44808333	5.69958784e-08	
0.44966667	-6.07905107e-08	
0.45125000	6.31752867e-08	
0.45283333	1.94451645e-07	
0.45441667	4.11373095e-07	
0.45600000	5.33445720e-07	
0.45758333	3.94649680e-07	
0.45916667	4.55663942e-07	
0.46075000	4.74678867e-07	
0.46233333	3.80045149e-07	
0.46391667	2.28373053e-07	
0.46550000	7.22491289e-08	
0.46708333	2.13291479e-07	
0.46866667	2.95177513e-07	
0.47025000	3.54032346e-07	
0.47183333	4.89197799e-07	
0.47341667	7.09403207e-07	
0.47500000	1.01776301e-06	
0.47658333	9.58302120e-07	
0.47816667	1.04619672e-06	
0.47975000	1.21160776e-06	
0.48133333	1.38267046e-06	
0.48291667	1.60510493e-06	
0.48450000	1.69062077e-06	
0.48608333	2.21504073e-06	
0.48766667	3.09446320e-06	
0.48925000	3.66113359e-06	
0.49083333	4.19631488e-06	
0.49241667	4.79790687e-06	
0.49400000	5.87421244e-06	
0.49558333	6.98880671e-06	
0.49716667	8.16466728e-06	
0.49875000	1.00240735e-05	
0.50033333	1.23020039e-05	
0.50191667	1.50041861e-05	
0.50350000	1.70480179e-05	
0.50508333	1.92228581e-05	
0.50666667	2.22571441e-05	
0.50825000	2.65548074e-05	
0.50983333	3.18908594e-05	
0.51141667	3.89929351e-05	
0.51300000	5.03488468e-05	
0.51458333	7.08670601e-05	
0.51616667	1.21459970e-04	
0.51775000	2.73946186e-04	
0.51933333	5.62772144e-04	
0.52091667	6.29183032e-04	
0.52250000	4.86637974e-04	
0.52408333	6.98366109e-04	
0.52566667	1.05746530e-03	
0.52725000	9.54239179e-04	
0.52883333	1.34949275e-03	
0.53041667	1.45385732e-03	
0.53200000	1.73165765e-03	
0.53358333	2.32093946e-03	
0.53516667	2.53581684e-03	
0.53675000	2.46032214e-03	
0.53833333	1.11100361e-03	
0.53991667	2.44759739e-03	
0.54150000	2.09264321e-03	
0.54308333	3.13326995e-03	
0.54466667	4.43277404e-03	
0.54625000	5.99811482e-03	
0.54783333	1.02753406e-02	
0.54941667	1.22025195e-02	
0.55100000	1.40718388e-02	
0.55258333	1.39670185e-02	
0.55416667	3.64348599e-02	
0.55575000	2.61835858e-01	
0.55733333	2.96458580e-01	
0.55891667	1.73641695e-01	
0.56050000	7.32159471e-01	
0.56208333	8.82260817e-01	
0.56366667	1.01382570e+00	
0.56525000	1.07998349e+00	
0.56683333	2.75659790e+00	
0.56841667	3.36131425e+00	
0.57000000	4.37551918e+00	
0.57158333	4.47223390e+00	
0.57316667	4.82484231e+00	
0.57475000	5.21188536e+00	
0.57633333	5.64132633e+00	
0.57791667	7.20490833e+00	
0.57950000	8.97170865e+00	
0.58108333	9.64321571e+00	
0.58266667	9.77226983e+00	
0.58425000	9.86111991e+00	
0.58583333	1.00419949e+01	
0.58741667	1.10224351e+01	
0.58900000	1.14638593e+01	
0.59058333	1.13733039e+01	
0.59216667	1.14515200e+01	
0.59375000	1.24730014e+01	
0.59533333	1.31317209e+01	
0.59691667	1.37889428e+01	
0.59850000	1.40674105e+01	
0.60008333	1.50312495e+01	
0.60166667	1.58116016e+01	
0.60325000	1.65580983e+01	
0.60483333	1.72905183e+01	
0.60641667	1.76057729e+01	
0.60800000	1.80115941e+01	
0.60958333	1.88241592e+01	
0.61116667	1.90719923e+01	
0.61275000	1.92843118e+01	
0.61433333	1.94556511e+01	
0.61591667	2.01284200e+01	
0.61750000	2.09373320e+01	
0.61908333	2.12421461e+01	
0.62066667	2.14431813e+01	
0.62225000	2.16431530e+01	
0.62383333	2.25601490e+01	
0.62541667	2.30782653e+01	
0.62700000	2.31804750e+01	
0.62858333	2.42968150e+01	
0.63016667	2.50115807e+01	
0.63175000	2.53548944e+01	
0.63333333	2.54495933e+01	
0.63491667	2.56303226e+01	
0.63650000	2.63500736e+01	
0.63808333	2.62848395e+01	
0.63966667	2.77173736e+01	
0.64125000	2.80890642e+01	
0.64283333	2.82978715e+01	
0.64441667	2.88325166e+01	
0.64600000	2.92564677e+01	
0.64758333	2.97989150e+01	
0.64916667	3.09669706e+01	
0.65075000	3.11345122e+01	
0.65233333	3.21063018e+01	
0.65391667	3.23046819e+01	
0.65550000	3.31586611e+01	
0.65708333	3.34235174e+01	
0.65866667	3.35520087e+01	
0.66025000	3.41193827e+01	
0.66183333	3.43521471e+01	
