start voltage : 0.00 V 
set voltage : 0.10 V 
High G : 30.00 G0 
Intermediate G : 20.00 G0 
Low G : 10.00 G0 
Breaking speed 1 : 300.00 V/s 
Breaking speed 2 : 300.00 V/s 
Making speed : 500.00 V/s 
Post breaking : 230.00 V/s 
@ 
0.00000000	4.62384344e+01	
0.00158333	4.70760878e+01	
0.00316667	4.70418763e+01	
0.00475000	4.70541583e+01	
0.00633333	4.71245281e+01	
0.00791667	4.68039217e+01	
0.00950000	4.69911848e+01	
0.01108333	4.68377837e+01	
0.01266667	4.69366712e+01	
0.01425000	4.68859985e+01	
0.01583333	4.66365061e+01	
0.01741667	4.70349009e+01	
0.01900000	4.67375207e+01	
0.02058333	4.69178686e+01	
0.02216667	4.68931918e+01	
0.02375000	4.67355288e+01	
0.02533333	4.69144410e+01	
0.02691667	4.68875469e+01	
0.02850000	4.68295531e+01	
0.03008333	4.66664106e+01	
0.03166667	4.68098335e+01	
0.03325000	4.68013511e+01	
0.03483333	4.66072555e+01	
0.03641667	4.66914331e+01	
0.03800000	4.65974427e+01	
0.03958333	4.64461124e+01	
0.04116667	4.66352283e+01	
0.04275000	4.65373781e+01	
0.04433333	4.65347473e+01	
0.04591667	4.62905052e+01	
0.04750000	4.63809027e+01	
0.04908333	4.63250887e+01	
0.05066667	4.63907794e+01	
0.05225000	4.64382012e+01	
0.05383333	4.62557976e+01	
0.05541667	4.63484651e+01	
0.05700000	4.64816054e+01	
0.05858333	4.61462066e+01	
0.06016667	4.64713303e+01	
0.06175000	4.61434029e+01	
0.06333333	4.62065267e+01	
0.06491667	4.62458645e+01	
0.06650000	4.62010923e+01	
0.06808333	4.63511297e+01	
0.06966667	4.63573271e+01	
0.07125000	4.60423657e+01	
0.07283333	4.61673994e+01	
0.07441667	4.60212593e+01	
0.07600000	4.60182414e+01	
0.07758333	4.59288849e+01	
0.07916667	4.60868636e+01	
0.08075000	4.60328611e+01	
0.08233333	4.60659188e+01	
0.08391667	4.60342742e+01	
0.08550000	4.59154115e+01	
0.08708333	4.59132806e+01	
0.08866667	4.58581581e+01	
0.09025000	4.57034566e+01	
0.09183333	4.59900544e+01	
0.09341667	4.56436927e+01	
0.09500000	4.56385364e+01	
0.09658333	4.55784079e+01	
0.09816667	4.58423471e+01	
0.09975000	4.60201093e+01	
0.10133333	4.55856651e+01	
0.10291667	4.50554603e+01	
0.10450000	4.43744740e+01	
0.10608333	4.41174049e+01	
0.10766667	4.40819570e+01	
0.10925000	4.39589226e+01	
0.11083333	4.40627860e+01	
0.11241667	4.39606627e+01	
0.11400000	4.36912815e+01	
0.11558333	4.36350992e+01	
0.11716667	4.35736441e+01	
0.11875000	4.36807697e+01	
0.12033333	4.38508237e+01	
0.12191667	4.35744070e+01	
0.12350000	4.35622791e+01	
0.12508333	4.35008653e+01	
0.12666667	4.34967500e+01	
0.12825000	4.34278948e+01	
0.12983333	4.35837989e+01	
0.13141667	4.34816944e+01	
0.13300000	4.32942923e+01	
0.13458333	4.33361180e+01	
0.13616667	4.32517111e+01	
0.13775000	4.33138164e+01	
0.13933333	4.34649175e+01	
0.14091667	4.31452658e+01	
0.14250000	4.31493022e+01	
0.14408333	4.28633733e+01	
0.14566667	4.15365893e+01	
0.14725000	4.14438917e+01	
0.14883333	4.14516751e+01	
0.15041667	4.16846311e+01	
0.15200000	4.13664601e+01	
0.15358333	4.14161519e+01	
0.15516667	4.14884196e+01	
0.15675000	4.14887165e+01	
0.15833333	4.17496002e+01	
0.15991667	4.16003257e+01	
0.16150000	4.17032420e+01	
0.16308333	4.16231760e+01	
0.16466667	4.14933392e+01	
0.16625000	4.15809744e+01	
0.16783333	4.14259610e+01	
0.16941667	4.14335114e+01	
0.17100000	4.11900171e+01	
0.17258333	4.12350750e+01	
0.17416667	4.14949101e+01	
0.17575000	4.10807305e+01	
0.17733333	4.10963574e+01	
0.17891667	4.07826588e+01	
0.18050000	4.08220116e+01	
0.18208333	4.08954518e+01	
0.18366667	4.07543853e+01	
0.18525000	4.06527130e+01	
0.18683333	3.98370079e+01	
0.18841667	3.94058635e+01	
0.19000000	3.93992790e+01	
0.19158333	3.92655036e+01	
0.19316667	3.94326186e+01	
0.19475000	3.93728246e+01	
0.19633333	3.92671121e+01	
0.19791667	3.91992416e+01	
0.19950000	3.90025979e+01	
0.20108333	3.84298646e+01	
0.20266667	3.82400497e+01	
0.20425000	3.80937404e+01	
0.20583333	3.81375881e+01	
0.20741667	3.80924100e+01	
0.20900000	3.81658728e+01	
0.21058333	3.78752875e+01	
0.21216667	3.78442442e+01	
0.21375000	3.78922222e+01	
0.21533333	3.75472323e+01	
0.21691667	3.73779901e+01	
0.21850000	3.71870815e+01	
0.22008333	3.69890849e+01	
0.22166667	3.70465337e+01	
0.22325000	3.68901974e+01	
0.22483333	3.71175123e+01	
0.22641667	3.70652874e+01	
0.22800000	3.71108489e+01	
0.22958333	3.68135137e+01	
0.23116667	3.68796479e+01	
0.23275000	3.67865895e+01	
0.23433333	3.66526713e+01	
0.23591667	3.68447863e+01	
0.23750000	3.67042723e+01	
0.23908333	3.67582936e+01	
0.24066667	3.67728531e+01	
0.24225000	3.65348346e+01	
0.24383333	3.66119467e+01	
0.24541667	3.55496806e+01	
0.24700000	3.47966521e+01	
0.24858333	3.47932170e+01	
0.25016667	3.42810933e+01	
0.25175000	3.46198596e+01	
0.25333333	3.46787929e+01	
0.25491667	3.39063116e+01	
0.25650000	3.31673352e+01	
0.25808333	3.32382161e+01	
0.25966667	3.34786962e+01	
0.26125000	3.31795233e+01	
0.26283333	3.34116300e+01	
0.26441667	3.33366375e+01	
0.26600000	3.31438799e+01	
0.26758333	3.31541775e+01	
0.26916667	3.31739347e+01	
0.27075000	3.31851682e+01	
0.27233333	3.33013813e+01	
0.27391667	3.31191167e+01	
0.27550000	3.28848640e+01	
0.27708333	3.25489954e+01	
0.27866667	3.26537608e+01	
0.28025000	3.29106871e+01	
0.28183333	3.25332069e+01	
0.28341667	3.25732437e+01	
0.28500000	3.24907949e+01	
0.28658333	3.26078010e+01	
0.28816667	3.25704588e+01	
0.28975000	3.21070347e+01	
0.29133333	3.23246270e+01	
0.29291667	3.22289829e+01	
0.29450000	3.20741536e+01	
0.29608333	3.20878412e+01	
0.29766667	3.19394913e+01	
0.29925000	3.15668856e+01	
0.30083333	3.09364517e+01	
0.30241667	3.10078042e+01	
0.30400000	2.98011042e+01	
0.30558333	2.82194628e+01	
0.30716667	2.82815982e+01	
0.30875000	2.78612645e+01	
0.31033333	2.77936307e+01	
0.31191667	2.80384291e+01	
0.31350000	2.81083309e+01	
0.31508333	2.81443670e+01	
0.31666667	2.78228926e+01	
0.31825000	2.79072243e+01	
0.31983333	2.77518614e+01	
0.32141667	2.75933152e+01	
0.32300000	2.75269442e+01	
0.32458333	2.71480792e+01	
0.32616667	2.68973766e+01	
0.32775000	2.69591061e+01	
0.32933333	2.69169384e+01	
0.33091667	2.67714897e+01	
0.33250000	2.67717058e+01	
0.33408333	2.68361732e+01	
0.33566667	2.68805696e+01	
0.33725000	2.70260596e+01	
0.33883333	2.70884956e+01	
0.34041667	2.70407657e+01	
0.34200000	2.74252888e+01	
0.34358333	2.69789817e+01	
0.34516667	2.67763962e+01	
0.34675000	2.58261113e+01	
0.34833333	2.54249485e+01	
0.34991667	2.54802871e+01	
0.35150000	2.53861031e+01	
0.35308333	2.51638750e+01	
0.35466667	2.51661675e+01	
0.35625000	2.50620655e+01	
0.35783333	2.52277580e+01	
0.35941667	2.47570559e+01	
0.36100000	2.43553275e+01	
0.36258333	2.46667505e+01	
0.36416667	2.46570598e+01	
0.36575000	2.46980643e+01	
0.36733333	2.44327891e+01	
0.36891667	2.47161397e+01	
0.37050000	2.47602185e+01	
0.37208333	2.46704561e+01	
0.37366667	2.45756219e+01	
0.37525000	2.43269281e+01	
0.37683333	2.41834470e+01	
0.37841667	2.41871564e+01	
0.38000000	2.41054912e+01	
0.38158333	2.39240478e+01	
0.38316667	2.34957164e+01	
0.38475000	2.37231741e+01	
0.38633333	2.19468997e+01	
0.38791667	2.12825493e+01	
0.38950000	2.13740574e+01	
0.39108333	2.10013240e+01	
0.39266667	2.12303846e+01	
0.39425000	2.13619126e+01	
0.39583333	2.13140981e+01	
0.39741667	2.10618227e+01	
0.39900000	2.05632907e+01	
0.40058333	2.03326046e+01	
0.40216667	2.02634488e+01	
0.40375000	1.99077760e+01	
0.40533333	1.99488388e+01	
0.40691667	1.98462645e+01	
0.40850000	1.98819285e+01	
0.41008333	1.96807918e+01	
0.41166667	1.96862413e+01	
0.41325000	1.95792097e+01	
0.41483333	1.93648683e+01	
0.41641667	1.93380813e+01	
0.41800000	1.91626079e+01	
0.41958333	1.92901765e+01	
0.42116667	1.92926589e+01	
0.42275000	1.91686699e+01	
0.42433333	1.91886545e+01	
0.42591667	1.91725466e+01	
0.42750000	1.92289751e+01	
0.42908333	1.91181062e+01	
0.43066667	1.90630552e+01	
0.43225000	1.89904380e+01	
0.43383333	1.71161405e+01	
0.43541667	1.73542905e+01	
0.43700000	1.75435698e+01	
0.43858333	1.75812915e+01	
0.44016667	1.75274300e+01	
0.44175000	1.72875643e+01	
0.44333333	1.73956953e+01	
0.44491667	1.74746639e+01	
0.44650000	1.69342780e+01	
0.44808333	1.69484862e+01	
0.44966667	1.68988376e+01	
0.45125000	1.66719737e+01	
0.45283333	1.62013976e+01	
0.45441667	1.55091937e+01	
0.45600000	1.55702092e+01	
0.45758333	1.56341326e+01	
0.45916667	1.56184841e+01	
0.46075000	1.57762645e+01	
0.46233333	1.55576378e+01	
0.46391667	1.55274608e+01	
0.46550000	1.52204641e+01	
0.46708333	1.48247545e+01	
0.46866667	1.47029322e+01	
0.47025000	1.37598877e+01	
0.47183333	1.35425247e+01	
0.47341667	1.31777897e+01	
0.47500000	1.32302025e+01	
0.47658333	1.30862910e+01	
0.47816667	1.27832583e+01	
0.47975000	1.28431454e+01	
0.48133333	1.27285747e+01	
0.48291667	1.26377712e+01	
0.48450000	1.26870684e+01	
0.48608333	1.27282336e+01	
0.48766667	1.28141644e+01	
0.48925000	1.26818190e+01	
0.49083333	1.26894981e+01	
0.49241667	1.24329740e+01	
0.49400000	1.22969154e+01	
0.49558333	1.23900104e+01	
0.49716667	1.21709740e+01	
0.49875000	1.22097715e+01	
0.50033333	1.20787678e+01	
0.50191667	1.19847736e+01	
0.50350000	1.19005368e+01	
0.50508333	1.17894105e+01	
0.50666667	1.17953026e+01	
0.50825000	1.16016814e+01	
0.50983333	1.15138987e+01	
0.51141667	1.15240423e+01	
0.51300000	1.05863335e+01	
0.51458333	1.00122538e+01	
0.51616667	1.00346428e+01	
0.51775000	1.00674430e+01	
0.51933333	1.01369005e+01	
0.52091667	9.97096742e+00	
0.52250000	9.83911151e+00	
0.52408333	9.70623430e+00	
0.52566667	9.73289261e+00	
0.52725000	9.65780717e+00	
0.52883333	9.71805968e+00	
0.53041667	9.62962770e+00	
0.53200000	9.49398628e+00	
0.53358333	9.51438614e+00	
0.53516667	9.56027456e+00	
0.53675000	9.55599202e+00	
0.53833333	9.58519467e+00	
0.53991667	9.39113008e+00	
0.54150000	9.32507012e+00	
0.54308333	9.43572566e+00	
0.54466667	9.48845881e+00	
0.54625000	9.05990291e+00	
0.54783333	8.61383068e+00	
0.54941667	8.55265082e+00	
0.55100000	8.71348577e+00	
0.55258333	8.50775553e+00	
0.55416667	8.17869406e+00	
0.55575000	8.06668273e+00	
0.55733333	8.30681331e+00	
0.55891667	8.30676445e+00	
0.56050000	8.08260931e+00	
0.56208333	8.02181468e+00	
0.56366667	7.99446391e+00	
0.56525000	8.04387475e+00	
0.56683333	7.91741102e+00	
0.56841667	7.74154160e+00	
0.57000000	7.51774537e+00	
0.57158333	6.92958159e+00	
0.57316667	6.54338651e+00	
0.57475000	6.37169628e+00	
0.57633333	6.26044693e+00	
0.57791667	6.10998432e+00	
0.57950000	6.06633208e+00	
0.58108333	6.01759349e+00	
0.58266667	5.87393897e+00	
0.58425000	5.74353187e+00	
0.58583333	5.53234792e+00	
0.58741667	5.12791303e+00	
0.58900000	5.11293447e+00	
0.59058333	4.58468307e+00	
0.59216667	4.41486586e+00	
0.59375000	4.27546712e+00	
0.59533333	4.11545992e+00	
0.59691667	4.13052352e+00	
0.59850000	4.12320853e+00	
0.60008333	4.11268069e+00	
0.60166667	3.48241541e+00	
0.60325000	3.45383287e+00	
0.60483333	3.52079458e+00	
0.60641667	3.52062828e+00	
0.60800000	3.43112003e+00	
0.60958333	3.46196646e+00	
0.61116667	3.40838323e+00	
0.61275000	3.37942909e+00	
0.61433333	3.39034661e+00	
0.61591667	3.28434428e+00	
0.61750000	2.53081731e+00	
0.61908333	2.54425334e+00	
0.62066667	2.69417922e+00	
0.62225000	2.48958585e+00	
0.62383333	2.41265299e+00	
0.62541667	1.79393112e+00	
0.62700000	1.80248939e+00	
0.62858333	1.89597271e+00	
0.63016667	1.91093377e+00	
0.63175000	1.84280101e+00	
0.63333333	1.78328747e+00	
0.63491667	1.83199294e+00	
0.63650000	1.79969265e+00	
0.63808333	1.79453302e+00	
0.63966667	1.33113143e+00	
0.64125000	9.57110012e-01	
0.64283333	9.78585326e-01	
0.64441667	9.88958548e-01	
0.64600000	9.38096304e-01	
0.64758333	9.19783453e-01	
0.64916667	9.08421630e-01	
0.65075000	9.17588626e-01	
0.65233333	9.13729886e-01	
0.65391667	9.48917817e-01	
0.65550000	9.65689955e-01	
0.65708333	8.75525008e-01	
0.65866667	8.96534825e-01	
0.66025000	8.80634663e-01	
0.66183333	8.44224709e-01	
0.66341667	8.46070722e-01	
0.66500000	8.49820354e-01	
0.66658333	-3.18010834e-03	
0.66816667	1.02138110e-02	
0.66975000	-3.69838910e-05	
0.67133333	-2.34192710e-04	
0.67291667	-1.25445457e-04	
0.67450000	-1.87182602e-05	
0.67608333	4.39702556e-05	
0.67766667	2.68282265e-04	
0.67925000	5.46241192e-04	
0.68083333	2.49509836e-04	
0.68241667	9.89437129e-05	
0.68400000	6.13597652e-05	
0.68558333	4.90778819e-05	
0.68716667	4.40231184e-05	
0.68875000	4.18030282e-05	
0.69033333	3.97263225e-05	
0.69191667	3.61465952e-05	
0.69350000	3.23035075e-05	
0.69508333	2.90011459e-05	
0.69666667	2.59508458e-05	
0.69825000	2.32783217e-05	
0.69983333	2.20952135e-05	
0.70141667	2.37350531e-05	
0.70300000	2.63620530e-05	
0.70458333	2.75814831e-05	
0.70616667	2.69117325e-05	
0.70775000	2.44866194e-05	
0.70933333	2.17632234e-05	
0.71091667	1.95144098e-05	
0.71250000	1.73087173e-05	
0.71408333	1.58617987e-05	
0.71566667	1.45895489e-05	
0.71725000	1.37125907e-05	
0.71883333	1.28174250e-05	
0.72041667	1.16186926e-05	
0.72200000	1.05269751e-05	
0.72358333	9.51156625e-06	
0.72516667	8.40908913e-06	
0.72675000	7.37140244e-06	
0.72833333	6.29682040e-06	
0.72991667	5.36362454e-06	
0.73150000	4.24716741e-06	
0.73308333	3.24086228e-06	
0.73466667	2.69297895e-06	
0.73625000	2.13106877e-06	
0.73783333	1.83407602e-06	
0.73941667	1.55125673e-06	
0.74100000	1.46545539e-06	
0.74258333	1.57431778e-06	
0.74416667	1.45130501e-06	
0.74575000	1.33501041e-06	
0.74733333	1.20975217e-06	
0.74891667	1.36788882e-06	
0.75050000	1.26688829e-06	
0.75208333	5.52718201e-07	
0.75366667	8.77929049e-07	
0.75525000	7.10785069e-07	
0.75683333	7.19516645e-07	
0.75841667	5.04451763e-07	
0.76000000	3.47204799e-07	
0.76158333	5.22382648e-07	
0.76316667	6.47436595e-07	
0.76475000	7.72319791e-07	
0.76633333	6.28080166e-07	
0.76791667	6.18356506e-07	
0.76950000	7.58835338e-07	
0.77108333	3.89726387e-07	
0.77266667	3.18684652e-07	
0.77425000	1.93846916e-07	
0.77583333	1.55085939e-07	
0.77741667	4.33713981e-07	
0.77900000	1.60314319e-07	
0.78058333	3.83285062e-07	
0.78216667	6.95749963e-07	
0.78375000	7.79276983e-07	
0.78533333	7.54343992e-07	
0.78691667	5.47876056e-07	
0.78850000	6.85852695e-07	
0.79008333	7.40599407e-07	
0.79166667	4.83277325e-07	
0.79325000	1.72353418e-07	
0.79483333	2.42934617e-07	
0.79641667	2.62553361e-07	
0.79800000	1.10405545e-07	
0.79958333	9.54717189e-08	
0.80116667	3.67817112e-07	
0.80275000	5.98348824e-07	
0.80433333	4.62277055e-07	
0.80591667	4.70185002e-07	
0.80750000	5.04320661e-07	
0.80908333	7.54283509e-07	
0.81066667	6.17535789e-07	
0.81225000	6.46659112e-07	
0.81383333	2.06594054e-07	
0.81541667	1.83734948e-07	
0.81700000	1.31034960e-07	
0.81858333	1.37110308e-07	
0.82016667	1.66460385e-07	
0.82175000	2.73918595e-07	
0.82333333	5.26099870e-07	
0.82491667	5.30550334e-07	
0.82650000	5.21216115e-07	
0.82808333	7.03395482e-07	
0.82966667	4.25935120e-07	
0.83125000	4.44360339e-07	
0.83283333	2.56503353e-07	
0.83441667	2.99542097e-07	
0.83600000	5.12141804e-07	
0.83758333	3.36228251e-07	
0.83916667	2.25649903e-07	
0.84075000	2.33522890e-07	
0.84233333	3.46815302e-07	
0.84391667	5.08254166e-07	
0.84550000	4.44301116e-07	
0.84708333	5.62700705e-07	
0.84866667	6.11399538e-07	
0.85025000	5.54679521e-07	
0.85183333	3.31163720e-07	
0.85341667	6.80146599e-08	
0.85500000	-7.57585823e-08	
0.85658333	-9.66217392e-09	
0.85816667	1.61221686e-07	
0.85975000	6.99504077e-08	
0.86133333	2.79059710e-07	
0.86291667	6.49425692e-07	
0.86450000	5.56563669e-07	
0.86608333	6.12394143e-07	
0.86766667	5.00993496e-07	
0.86925000	5.23246878e-07	
0.87083333	5.35778449e-07	
0.87241667	2.97734980e-07	
0.87400000	6.54221075e-08	
0.87558333	-3.10433584e-08	
0.87716667	-5.67795687e-08	
0.87875000	1.89621638e-07	
0.88033333	1.20160980e-07	
0.88191667	3.60166721e-07	
0.88350000	4.71039600e-07	
0.88508333	4.66123279e-07	
0.88666667	6.07165524e-07	
0.88825000	6.27517957e-07	
0.88983333	7.04000589e-07	
0.89141667	5.03845200e-07	
0.89300000	2.57782927e-07	
0.89458333	2.87313136e-07	
0.89616667	2.45000941e-07	
0.89775000	2.71670430e-07	
0.89933333	1.25797241e-07	
0.90091667	1.53927667e-07	
0.90250000	3.69890045e-07	
0.90408333	5.02549806e-07	
0.90566667	4.35961054e-07	
0.90725000	4.56962360e-07	
0.90883333	6.57245379e-07	
0.91041667	6.95532505e-07	
0.91200000	1.79543860e-07	
0.91358333	1.57065124e-07	
0.91516667	1.88902426e-07	
0.91675000	2.39910369e-07	
0.91833333	2.42330406e-07	
0.91991667	1.27430694e-07	
0.92150000	2.87737747e-07	
0.92308333	5.25021542e-07	
0.92466667	5.01513927e-07	
0.92625000	4.48102455e-07	
0.92783333	2.73398808e-07	
0.92941667	4.87814593e-07	
0.93100000	3.71765485e-07	
0.93258333	2.22642666e-07	
0.93416667	1.23282224e-07	
0.93575000	1.86802990e-07	
0.93733333	1.75654220e-07	
0.93891667	1.04813771e-07	
0.94050000	7.20770262e-08	
0.94208333	3.83476115e-07	
0.94366667	2.92022863e-07	
0.94525000	4.22390441e-07	
0.94683333	3.07319614e-07	
0.94841667	5.49130904e-07	
0.95000000	5.93638285e-07	
0.95158333	2.17959190e-07	
0.95316667	-9.34198918e-09	
0.95475000	2.09127012e-09	
0.95633333	1.85904402e-07	
0.95791667	3.24863381e-07	
0.95950000	1.97130749e-07	
0.96108333	2.54067552e-07	
0.96266667	4.33411736e-07	
0.96425000	4.37307802e-07	
0.96583333	5.20827962e-07	
0.96741667	3.21407158e-07	
0.96900000	5.37290685e-07	
0.97058333	4.25200507e-07	
0.97216667	1.26358456e-07	
0.97375000	-2.03025098e-07	
0.97533333	-9.08737306e-08	
0.97691667	6.64594141e-08	
0.97850000	-1.78601870e-07	
0.98008333	1.54679445e-07	
0.98166667	2.42805979e-07	
0.98325000	3.07579493e-07	
0.98483333	5.53711013e-07	
0.98641667	5.81756008e-07	
0.98800000	7.52097731e-07	
0.98958333	6.17361117e-07	
0.99116667	5.10371061e-07	
0.99275000	3.63408594e-07	
0.99433333	1.75871726e-08	
0.99591667	2.21069388e-07	
0.99750000	2.16393976e-07	
0.99908333	1.47437466e-07	
1.00066667	1.20456631e-07	
1.00225000	1.37749101e-07	
1.00383333	3.90978099e-07	
1.00541667	3.25425758e-07	
1.00700000	4.06058456e-07	
1.00858333	5.98696936e-07	
1.01016667	5.72638183e-07	
1.01175000	3.74383939e-07	
1.01333333	2.81566942e-07	
1.01491667	1.36417935e-07	
1.01650000	2.24742494e-07	
1.01808333	1.24828887e-07	
1.01966667	4.76444983e-08	
1.02125000	6.26687414e-09	
1.02283333	3.95384293e-07	
1.02441667	6.86328548e-07	
1.02600000	4.39072442e-07	
1.02758333	4.87167036e-07	
1.02916667	4.75758316e-07	
1.03075000	6.40656427e-07	
1.03233333	3.97243773e-07	
1.03391667	1.23844223e-07	
1.03550000	1.35467489e-07	
1.03708333	1.59448885e-08	
1.03866667	1.15945069e-07	
1.04025000	1.42372430e-07	
1.04183333	2.17872512e-07	
1.04341667	5.05878147e-07	
1.04500000	5.70002592e-07	
1.04658333	5.92472705e-07	
1.04816667	4.73977436e-07	
1.04975000	6.61740141e-07	
1.05133333	4.37258380e-07	
1.05291667	2.90207458e-07	
1.05450000	1.93008474e-07	
1.05608333	1.65500306e-07	
1.05766667	2.67124594e-07	
1.05925000	1.77711710e-07	
1.06083333	3.45002921e-08	
1.06241667	3.02306997e-07	
1.06400000	3.95816465e-07	
1.06558333	3.47419933e-07	
1.06716667	4.52597692e-07	
1.06875000	5.28693571e-07	
1.07033333	6.70037193e-07	
1.07191667	3.21950830e-07	
1.07350000	6.35209272e-08	
1.07508333	2.11995216e-07	
1.07666667	1.59804893e-07	
1.07825000	1.94105732e-07	
1.07983333	4.32457285e-08	
1.08141667	9.19805432e-08	
1.08300000	4.07863641e-07	
1.08458333	4.74419352e-07	
1.08616667	3.92100810e-07	
1.08775000	3.55405611e-07	
1.08933333	4.39979234e-07	
1.09091667	4.51429900e-07	
1.09250000	3.24907063e-07	
1.09408333	2.71109285e-07	
1.09566667	2.20724174e-07	
1.09725000	3.20284279e-07	
1.09883333	1.57073720e-07	
1.10041667	8.76240588e-08	
1.10200000	3.25382916e-07	
1.10358333	3.82775579e-07	
1.10516667	6.06084731e-07	
1.10675000	5.64083407e-07	
1.10833333	4.98876881e-07	
1.10991667	5.88049850e-07	
1.11150000	3.97890294e-07	
1.11308333	4.22306633e-07	
1.11466667	6.82655021e-08	
1.11625000	1.21855602e-07	
1.11783333	3.53382857e-07	
1.11941667	2.04900300e-07	
1.12100000	2.20204947e-07	
1.12258333	4.75326872e-07	
1.12416667	4.25286751e-07	
1.12575000	5.32106476e-07	
1.12733333	4.44776437e-07	
1.12891667	5.49303840e-07	
1.13050000	6.27317636e-07	
1.13208333	5.15598895e-07	
1.13366667	3.00016914e-07	
1.13525000	1.36374631e-07	
1.13683333	2.37965514e-07	
1.13841667	2.13084325e-07	
1.14000000	1.14035285e-07	
1.14158333	2.68256881e-07	
1.14316667	2.95696740e-07	
1.14475000	3.61481296e-07	
1.14633333	3.74859148e-07	
1.14791667	4.01434357e-07	
1.14950000	6.73235889e-07	
1.15108333	6.16413163e-07	
1.15266667	5.99342365e-07	
1.15425000	2.98116217e-07	
1.15583333	2.91443853e-07	
1.15741667	2.85239111e-07	
1.15900000	5.82926866e-08	
1.16058333	2.05012515e-07	
1.16216667	1.27949725e-07	
1.16375000	4.58992115e-07	
1.16533333	4.15564295e-07	
1.16691667	3.25295972e-07	
1.16850000	4.30688977e-07	
1.17008333	4.92446056e-07	
1.17166667	4.08452900e-07	
1.17325000	2.51663336e-07	
1.17483333	1.44577767e-08	
1.17641667	1.64074034e-07	
1.17800000	7.42372321e-08	
1.17958333	1.74176859e-07	
1.18116667	7.08833746e-08	
1.18275000	2.17397247e-07	
1.18433333	5.37377265e-07	
1.18591667	4.67635683e-07	
1.18750000	5.27655564e-07	
1.18908333	5.98997445e-07	
1.19066667	4.00837874e-07	
1.19225000	1.44931759e-07	
1.19383333	8.71229063e-08	
1.19541667	-8.60384680e-11	
1.19700000	2.14587531e-07	
1.19858333	2.29625577e-07	
1.20016667	2.47904224e-07	
1.20175000	2.93113036e-07	
1.20333333	8.68438415e-07	
1.20491667	6.14598345e-07	
1.20650000	5.41353443e-07	
1.20808333	5.51897148e-07	
1.20966667	4.56184345e-07	
1.21125000	5.07475451e-07	
1.21283333	3.32661339e-07	
1.21441667	3.26415582e-08	
1.21600000	2.04346547e-07	
1.21758333	2.74029816e-07	
1.21916667	1.97095496e-07	
1.22075000	-3.02569607e-08	
1.22233333	1.63305526e-07	
1.22391667	5.26351154e-07	
1.22550000	4.42269233e-07	
1.22708333	5.97528668e-07	
1.22866667	5.06602428e-07	
1.23025000	6.97953046e-07	
1.23183333	6.17189638e-07	
1.23341667	8.06419875e-08	
1.23500000	1.94615747e-07	
1.23658333	1.39227567e-07	
1.23816667	1.99075045e-07	
1.23975000	1.33350580e-07	
1.24133333	1.13551122e-07	
1.24291667	1.78420688e-07	
1.24450000	4.79863244e-07	
1.24608333	4.65257452e-07	
1.24766667	6.10967255e-07	
1.24925000	4.80856056e-07	
1.25083333	6.48778863e-07	
1.25241667	4.01546614e-07	
1.25400000	3.18755775e-07	
1.25558333	3.55934219e-07	
1.25716667	2.54084073e-07	
1.25875000	2.97512594e-07	
1.26033333	2.53568388e-08	
1.26191667	2.65879518e-07	
1.26350000	4.14829962e-07	
1.26508333	3.27370445e-07	
1.26666667	4.09298986e-07	
1.26825000	2.47126629e-07	
1.26983333	4.53116108e-07	
1.27141667	4.17683346e-07	
1.27300000	2.88220321e-07	
1.27458333	2.74133617e-07	
1.27616667	1.23446381e-07	
1.27775000	2.78117859e-07	
1.27933333	1.46158046e-07	
1.28091667	1.47654069e-07	
1.28250000	4.29521269e-07	
1.28408333	5.21553979e-07	
1.28566667	5.83873407e-07	
1.28725000	5.63088242e-07	
@ 
0.00000000	4.73952235e-07	
0.00158333	5.19057555e-07	
0.00316667	4.63278996e-07	
0.00475000	1.20698926e-07	
0.00633333	-6.89570352e-08	
0.00791667	-6.82314666e-08	
0.00950000	4.80770828e-08	
0.01108333	9.70097999e-08	
0.01266667	1.94105578e-07	
0.01425000	3.71532347e-07	
0.01583333	5.44897282e-07	
0.01741667	5.08945405e-07	
0.01900000	4.00701032e-07	
0.02058333	7.58406582e-07	
0.02216667	6.86942448e-07	
0.02375000	4.97752183e-07	
0.02533333	3.38259434e-07	
0.02691667	2.55596337e-07	
0.02850000	4.44560352e-07	
0.03008333	2.28071172e-07	
0.03166667	9.75276481e-08	
0.03325000	1.26463054e-07	
0.03483333	3.69171561e-07	
0.03641667	6.93153966e-07	
0.03800000	5.09334118e-07	
0.03958333	6.61914029e-07	
0.04116667	8.15484567e-07	
0.04275000	6.38600238e-07	
0.04433333	4.46159392e-07	
0.04591667	4.87424486e-08	
0.04750000	2.21268308e-07	
0.04908333	2.33574973e-07	
0.05066667	7.64756665e-08	
0.05225000	9.78312238e-08	
0.05383333	8.68122813e-08	
0.05541667	5.40662764e-07	
0.05700000	3.85749005e-07	
0.05858333	4.49606850e-07	
0.06016667	5.97139730e-07	
0.06175000	6.82137656e-07	
0.06333333	5.67064477e-07	
0.06491667	2.71367960e-07	
0.06650000	1.57583567e-07	
0.06808333	2.07977162e-07	
0.06966667	2.81376114e-07	
0.07125000	3.72008284e-07	
0.07283333	1.88012938e-07	
0.07441667	4.77529843e-07	
0.07600000	5.40273098e-07	
0.07758333	4.24293042e-07	
0.07916667	5.33055719e-07	
0.08075000	5.92958414e-07	
0.08233333	6.18011811e-07	
0.08391667	6.36503504e-07	
0.08550000	1.36927614e-07	
0.08708333	2.42122328e-07	
0.08866667	1.64721395e-07	
0.09025000	2.23481108e-07	
0.09183333	2.86535709e-07	
0.09341667	2.04147976e-07	
0.09500000	7.19946857e-07	
0.09658333	4.87123466e-07	
0.09816667	5.69959471e-07	
0.09975000	5.62007450e-07	
0.10133333	5.54230549e-07	
0.10291667	5.77546131e-07	
0.10450000	3.49814012e-07	
0.10608333	1.78090777e-07	
0.10766667	1.14250587e-07	
0.10925000	1.52753392e-07	
0.11083333	2.84773450e-07	
0.11241667	2.36021106e-07	
0.11400000	3.59961080e-07	
0.11558333	4.12452907e-07	
0.11716667	3.88253801e-07	
0.11875000	5.56650473e-07	
0.12033333	4.93215307e-07	
0.12191667	7.15928508e-07	
0.12350000	6.17405303e-07	
0.12508333	3.89594641e-07	
0.12666667	3.55284870e-07	
0.12825000	2.64108747e-07	
0.12983333	3.16809575e-07	
0.13141667	3.47325065e-07	
0.13300000	5.47901416e-09	
0.13458333	2.62295525e-07	
0.13616667	5.22731207e-07	
0.13775000	5.52346736e-07	
0.13933333	6.05090127e-07	
0.14091667	6.26307183e-07	
0.14250000	7.44052074e-07	
0.14408333	3.21190792e-07	
0.14566667	2.54022694e-07	
0.14725000	1.38319024e-07	
0.14883333	1.77512369e-07	
0.15041667	1.20888214e-07	
0.15200000	-4.53626095e-08	
0.15358333	1.32788538e-07	
0.15516667	3.92602760e-07	
0.15675000	4.43392727e-07	
0.15833333	5.67756612e-07	
0.15991667	4.65603996e-07	
0.16150000	6.43764734e-07	
0.16308333	5.52201018e-07	
0.16466667	3.41931967e-07	
0.16625000	1.66105301e-07	
0.16783333	7.43491671e-08	
0.16941667	1.26307045e-07	
0.17100000	7.14281250e-08	
0.17258333	1.88962699e-07	
0.17416667	4.77476921e-07	
0.17575000	5.59398349e-07	
0.17733333	7.03484750e-07	
0.17891667	7.27424200e-07	
0.18050000	6.58931391e-07	
0.18208333	6.67705248e-07	
0.18366667	4.94988515e-07	
0.18525000	3.07580193e-07	
0.18683333	3.93226719e-08	
0.18841667	2.35502747e-07	
0.19000000	2.98850746e-07	
0.19158333	2.23403026e-07	
0.19316667	2.23411917e-07	
0.19475000	3.34543779e-07	
0.19633333	5.14434155e-07	
0.19791667	4.46590975e-07	
0.19950000	4.91834061e-07	
0.20108333	5.75359457e-07	
0.20266667	5.03863569e-07	
0.20425000	3.53296865e-07	
0.20583333	5.92864652e-08	
0.20741667	9.81416947e-08	
0.20900000	1.86846224e-07	
0.21058333	2.11951632e-07	
0.21216667	1.72058634e-07	
0.21375000	2.51188771e-07	
0.21533333	5.22382984e-07	
0.21691667	5.96447259e-07	
0.21850000	5.34568346e-07	
0.22008333	5.47792892e-07	
0.22166667	7.11354223e-07	
0.22325000	5.92213749e-07	
0.22483333	4.76277291e-07	
0.22641667	4.22953742e-07	
0.22800000	3.57531915e-07	
0.22958333	3.87607420e-07	
0.23116667	3.50902617e-07	
0.23275000	3.43876878e-07	
0.23433333	3.26679346e-07	
0.23591667	5.29254660e-07	
0.23750000	5.08469495e-07	
0.23908333	5.70003600e-07	
0.24066667	5.84737806e-07	
0.24225000	8.33280878e-07	
0.24383333	6.70340559e-07	
0.24541667	4.20621938e-07	
0.24700000	2.55275834e-07	
0.24858333	1.93586868e-07	
0.25016667	1.44498846e-07	
0.25175000	2.63329276e-07	
0.25333333	3.02523334e-07	
0.25491667	5.67744683e-07	
0.25650000	6.17734486e-07	
0.25808333	5.16594116e-07	
0.25966667	5.62224683e-07	
0.26125000	5.99299747e-07	
0.26283333	7.65405664e-07	
0.26441667	4.74289482e-07	
0.26600000	3.07216177e-07	
0.26758333	3.39165751e-07	
0.26916667	2.00180646e-07	
0.27075000	3.87434176e-07	
0.27233333	1.93534646e-07	
0.27391667	1.21329094e-07	
0.27550000	4.98573347e-07	
0.27708333	5.52848295e-07	
0.27866667	6.33522379e-07	
0.28025000	7.06375936e-07	
0.28183333	7.19430849e-07	
0.28341667	7.49932954e-07	
0.28500000	4.15823670e-07	
0.28658333	5.71344077e-07	
0.28816667	1.42252403e-07	
0.28975000	2.05340676e-07	
0.29133333	4.34881661e-07	
0.29291667	6.01859636e-08	
0.29450000	5.91557232e-07	
0.29608333	6.00380484e-07	
0.29766667	5.74539244e-07	
0.29925000	5.97313786e-07	
0.30083333	6.16368585e-07	
0.30241667	6.60661028e-07	
0.30400000	5.43194806e-07	
0.30558333	2.97855385e-07	
0.30716667	4.62709506e-07	
0.30875000	3.39901092e-07	
0.31033333	4.59942450e-07	
0.31191667	2.22840999e-07	
0.31350000	3.11769657e-07	
0.31508333	7.75430338e-07	
0.31666667	5.79597111e-07	
0.31825000	7.35544732e-07	
0.31983333	6.08159681e-07	
0.32141667	5.06697632e-07	
0.32300000	6.19308941e-07	
0.32458333	3.32773232e-07	
0.32616667	2.89802112e-07	
0.32775000	1.59104665e-07	
0.32933333	4.56830670e-07	
0.33091667	4.01650554e-07	
0.33250000	2.99931286e-07	
0.33408333	3.53858402e-07	
0.33566667	5.85516689e-07	
0.33725000	5.83008728e-07	
0.33883333	5.86855261e-07	
0.34041667	4.82611119e-07	
0.34200000	6.68872957e-07	
0.34358333	5.92386293e-07	
0.34516667	4.87772087e-07	
0.34675000	3.33290107e-07	
0.34833333	3.60599620e-07	
0.34991667	3.68161332e-07	
0.35150000	2.02834311e-07	
0.35308333	1.60185444e-07	
0.35466667	4.85644159e-07	
0.35625000	6.00205868e-07	
0.35783333	7.60522861e-07	
0.35941667	5.61533836e-07	
0.36100000	6.88316301e-07	
0.36258333	6.29896384e-07	
0.36416667	5.69112713e-07	
0.36575000	3.14797209e-07	
0.36733333	8.80651345e-08	
0.36891667	1.78161158e-07	
0.37050000	2.08279338e-07	
0.37208333	1.56814008e-07	
0.37366667	1.93596011e-07	
0.37525000	3.75119532e-07	
0.37683333	7.00287510e-07	
0.37841667	5.14129781e-07	
0.38000000	6.74662553e-07	
0.38158333	7.79100295e-07	
0.38316667	6.72501416e-07	
0.38475000	6.71247687e-07	
0.38633333	2.50020503e-07	
0.38791667	2.88955382e-07	
0.38950000	2.65102539e-07	
0.39108333	3.20819383e-07	
0.39266667	1.78688100e-07	
0.39425000	3.66148825e-07	
0.39583333	5.40663324e-07	
0.39741667	7.24957905e-07	
0.39900000	5.93985165e-07	
0.40058333	5.93770003e-07	
0.40216667	6.42512518e-07	
0.40375000	6.29072643e-07	
0.40533333	6.13602789e-07	
0.40691667	3.59908129e-07	
0.40850000	2.81565766e-07	
0.41008333	1.83035407e-07	
0.41166667	3.29055337e-07	
0.41325000	2.72622921e-07	
0.41483333	1.36418873e-07	
0.41641667	5.76370246e-07	
0.41800000	4.51560134e-07	
0.41958333	4.82154811e-07	
0.42116667	4.99049145e-07	
0.42275000	4.53332305e-07	
0.42433333	6.02454705e-07	
0.42591667	1.04467900e-07	
0.42750000	2.16921211e-07	
0.42908333	3.08140975e-07	
0.43066667	3.86094008e-07	
0.43225000	2.79448283e-07	
0.43383333	2.21458605e-07	
0.43541667	6.66148939e-07	
0.43700000	7.37923719e-07	
0.43858333	7.61904611e-07	
0.44016667	8.76199804e-07	
0.44175000	7.38053141e-07	
0.44333333	6.98037609e-07	
0.44491667	3.05098190e-07	
0.44650000	1.92377480e-07	
0.44808333	1.50634803e-07	
0.44966667	2.03568756e-07	
0.45125000	4.02039520e-07	
0.45283333	2.08840609e-07	
0.45441667	4.02601141e-07	
0.45600000	5.76849516e-07	
0.45758333	6.01590754e-07	
0.45916667	7.18865448e-07	
0.46075000	6.93458172e-07	
0.46233333	6.49902050e-07	
0.46391667	7.59658630e-07	
0.46550000	3.80605958e-07	
0.46708333	5.72118703e-07	
0.46866667	3.98237901e-07	
0.47025000	3.63710504e-07	
0.47183333	1.54109605e-07	
0.47341667	1.61758512e-07	
0.47500000	6.23151329e-07	
0.47658333	9.12037716e-07	
0.47816667	9.84097325e-07	
0.47975000	1.06080083e-06	
0.48133333	1.14583594e-06	
0.48291667	1.29725632e-06	
0.48450000	1.25978818e-06	
0.48608333	1.12554410e-06	
0.48766667	1.12682869e-06	
0.48925000	1.26488799e-06	
0.49083333	1.64769742e-06	
0.49241667	1.85381702e-06	
0.49400000	1.97610848e-06	
0.49558333	2.39425527e-06	
0.49716667	3.03967370e-06	
0.49875000	3.72646859e-06	
0.50033333	4.29633940e-06	
0.50191667	5.10526793e-06	
0.50350000	5.99650267e-06	
0.50508333	7.09597671e-06	
0.50666667	8.94982699e-06	
0.50825000	1.10188743e-05	
0.50983333	1.54487403e-05	
0.51141667	2.21985879e-05	
0.51300000	3.25472806e-05	
0.51458333	5.33724306e-05	
0.51616667	1.08536899e-04	
0.51775000	2.55388376e-04	
0.51933333	4.16135322e-04	
0.52091667	3.65786895e-04	
0.52250000	3.22957779e-04	
0.52408333	4.35708195e-04	
0.52566667	5.36074390e-04	
0.52725000	5.24666837e-04	
0.52883333	6.61990949e-04	
0.53041667	1.14156038e-03	
0.53200000	1.18000472e-03	
0.53358333	1.41972120e-03	
0.53516667	2.48743927e-03	
0.53675000	1.12405420e-03	
0.53833333	2.44196389e-03	
0.53991667	2.79102491e-03	
0.54150000	5.57770663e-03	
0.54308333	8.54897572e-03	
0.54466667	8.71808572e-03	
0.54625000	1.25924367e-02	
0.54783333	1.48432026e-02	
0.54941667	1.77439289e-02	
0.55100000	1.93378389e-02	
0.55258333	2.35276731e-02	
0.55416667	3.59872740e-02	
0.55575000	5.51342874e-02	
0.55733333	1.00571972e-01	
0.55891667	1.61297673e-01	
0.56050000	1.98146786e-01	
0.56208333	2.42453707e-01	
0.56366667	2.71486789e-01	
0.56525000	2.91783181e-01	
0.56683333	2.79863345e-01	
0.56841667	3.10260750e-01	
0.57000000	3.32160806e-01	
0.57158333	4.35427036e-01	
0.57316667	7.68938557e-01	
0.57475000	8.06893686e-01	
0.57633333	8.38821440e-01	
0.57791667	1.14008520e+00	
0.57950000	1.37815672e+00	
0.58108333	1.54936871e+00	
0.58266667	8.89076313e+00	
0.58425000	1.45617370e+01	
0.58583333	1.55397578e+01	
0.58741667	1.57573896e+01	
0.58900000	1.59643732e+01	
0.59058333	1.67269740e+01	
0.59216667	1.69551082e+01	
0.59375000	1.74506110e+01	
0.59533333	1.80044215e+01	
0.59691667	2.03293894e+01	
0.59850000	2.08504090e+01	
0.60008333	2.12065798e+01	
0.60166667	2.12578444e+01	
0.60325000	2.14678844e+01	
0.60483333	2.25257063e+01	
0.60641667	2.45356960e+01	
0.60800000	2.65890203e+01	
0.60958333	2.71356807e+01	
0.61116667	2.72843651e+01	
0.61275000	2.79729300e+01	
0.61433333	2.85612601e+01	
0.61591667	2.88560471e+01	
0.61750000	2.88269657e+01	
0.61908333	2.91496804e+01	
0.62066667	2.98555014e+01	
0.62225000	3.14832529e+01	
0.62383333	3.26265622e+01	
0.62541667	3.27928053e+01	
0.62700000	3.30824172e+01	
