start voltage : 0.00 V 
set voltage : 0.10 V 
High G : 30.00 G0 
Intermediate G : 20.00 G0 
Low G : 10.00 G0 
Breaking speed 1 : 300.00 V/s 
Breaking speed 2 : 300.00 V/s 
Making speed : 500.00 V/s 
Post breaking : 230.00 V/s 
@ 
0.00000000	3.77667939e+01	
0.00158333	3.81767267e+01	
0.00316667	3.83798797e+01	
0.00475000	3.81782074e+01	
0.00633333	3.81869717e+01	
0.00791667	3.82931277e+01	
0.00950000	3.83321873e+01	
0.01108333	3.83581795e+01	
0.01266667	3.82262155e+01	
0.01425000	3.83608441e+01	
0.01583333	3.85007605e+01	
0.01741667	3.84232238e+01	
0.01900000	3.82490244e+01	
0.02058333	3.81461081e+01	
0.02216667	3.82520724e+01	
0.02375000	3.81052520e+01	
0.02533333	3.82340740e+01	
0.02691667	3.79372162e+01	
0.02850000	3.80264186e+01	
0.03008333	3.81924062e+01	
0.03166667	3.81409292e+01	
0.03325000	3.80362314e+01	
0.03483333	3.81785607e+01	
0.03641667	3.78601154e+01	
0.03800000	3.80976528e+01	
0.03958333	3.78650801e+01	
0.04116667	3.78806205e+01	
0.04275000	3.78057333e+01	
0.04433333	3.79271929e+01	
0.04591667	3.80420756e+01	
0.04750000	3.76246112e+01	
0.04908333	3.78699921e+01	
0.05066667	3.78225778e+01	
0.05225000	3.77811016e+01	
0.05383333	3.78006634e+01	
0.05541667	3.76584920e+01	
0.05700000	3.75773849e+01	
0.05858333	3.76277043e+01	
0.06016667	3.76126863e+01	
0.06175000	3.76142309e+01	
0.06333333	3.74304254e+01	
0.06491667	3.76406703e+01	
0.06650000	3.71480219e+01	
0.06808333	3.76405463e+01	
0.06966667	3.76476569e+01	
0.07125000	3.75698721e+01	
0.07283333	3.75865701e+01	
0.07441667	3.75982846e+01	
0.07600000	3.74996677e+01	
0.07758333	3.74529938e+01	
0.07916667	3.74568423e+01	
0.08075000	3.76158770e+01	
0.08233333	3.75087026e+01	
0.08391667	3.75187146e+01	
0.08550000	3.75117242e+01	
0.08708333	3.70185008e+01	
0.08866667	3.67027013e+01	
0.09025000	3.67118489e+01	
0.09183333	3.67221691e+01	
0.09341667	3.67387844e+01	
0.09500000	3.65560726e+01	
0.09658333	3.66508034e+01	
0.09816667	3.61626762e+01	
0.09975000	3.61806520e+01	
0.10133333	3.64431255e+01	
0.10291667	3.63736013e+01	
0.10450000	3.64217259e+01	
0.10608333	3.58460649e+01	
0.10766667	3.56549609e+01	
0.10925000	3.54794311e+01	
0.11083333	3.54464636e+01	
0.11241667	3.54454038e+01	
0.11400000	3.48457613e+01	
0.11558333	3.43830626e+01	
0.11716667	3.43161880e+01	
0.11875000	3.46910937e+01	
0.12033333	3.48433861e+01	
0.12191667	3.48791949e+01	
0.12350000	3.49589190e+01	
0.12508333	3.49291986e+01	
0.12666667	3.46615011e+01	
0.12825000	3.47933486e+01	
0.12983333	3.43799244e+01	
0.13141667	3.43796237e+01	
0.13300000	3.43377792e+01	
0.13458333	3.42972426e+01	
0.13616667	3.39804622e+01	
0.13775000	3.29357622e+01	
0.13933333	3.27790050e+01	
0.14091667	3.28094544e+01	
0.14250000	3.25621794e+01	
0.14408333	3.25244276e+01	
0.14566667	3.24829439e+01	
0.14725000	3.29559554e+01	
0.14883333	3.26498334e+01	
0.15041667	3.26342967e+01	
0.15200000	3.27222928e+01	
0.15358333	3.23985934e+01	
0.15516667	3.25270095e+01	
0.15675000	3.22372661e+01	
0.15833333	3.21056892e+01	
0.15991667	3.21060688e+01	
0.16150000	3.20122513e+01	
0.16308333	3.17421861e+01	
0.16466667	3.14607428e+01	
0.16625000	3.14346285e+01	
0.16783333	3.14383661e+01	
0.16941667	3.04978471e+01	
0.17100000	3.06179575e+01	
0.17258333	2.99407350e+01	
0.17416667	2.98521790e+01	
0.17575000	3.00541444e+01	
0.17733333	2.97509126e+01	
0.17891667	2.97748340e+01	
0.18050000	2.98118810e+01	
0.18208333	2.95747007e+01	
0.18366667	2.96190651e+01	
0.18525000	2.95155588e+01	
0.18683333	2.94000579e+01	
0.18841667	2.93161189e+01	
0.19000000	2.93816029e+01	
0.19158333	2.93318078e+01	
0.19316667	2.92506894e+01	
0.19475000	2.93283539e+01	
0.19633333	2.91167993e+01	
0.19791667	2.89549459e+01	
0.19950000	2.88227696e+01	
0.20108333	2.89337549e+01	
0.20266667	2.88893980e+01	
0.20425000	2.88849069e+01	
0.20583333	2.88053519e+01	
0.20741667	2.86915817e+01	
0.20900000	2.83273870e+01	
0.21058333	2.85462590e+01	
0.21216667	2.81804088e+01	
0.21375000	2.84569758e+01	
0.21533333	2.82482493e+01	
0.21691667	2.81953272e+01	
0.21850000	2.83054951e+01	
0.22008333	2.81185064e+01	
0.22166667	2.81478096e+01	
0.22325000	2.81600522e+01	
0.22483333	2.81088063e+01	
0.22641667	2.78928715e+01	
0.22800000	2.73855639e+01	
0.22958333	2.72677931e+01	
0.23116667	2.57386020e+01	
0.23275000	2.56285262e+01	
0.23433333	2.56628110e+01	
0.23591667	2.53720002e+01	
0.23750000	2.53071137e+01	
0.23908333	2.52086303e+01	
0.24066667	2.53754991e+01	
0.24225000	2.53832299e+01	
0.24383333	2.51407335e+01	
0.24541667	2.54002078e+01	
0.24700000	2.50204389e+01	
0.24858333	2.51195763e+01	
0.25016667	2.52098404e+01	
0.25175000	2.50222842e+01	
0.25333333	2.49833223e+01	
0.25491667	2.48797332e+01	
0.25650000	2.48462433e+01	
0.25808333	2.46774033e+01	
0.25966667	2.46033974e+01	
0.26125000	2.46617144e+01	
0.26283333	2.46911642e+01	
0.26441667	2.46739024e+01	
0.26600000	2.45548726e+01	
0.26758333	2.45812481e+01	
0.26916667	2.44049253e+01	
0.27075000	2.39144736e+01	
0.27233333	2.43952816e+01	
0.27391667	2.43775708e+01	
0.27550000	2.42185229e+01	
0.27708333	2.41153078e+01	
0.27866667	2.29885179e+01	
0.28025000	2.23844783e+01	
0.28183333	2.21027249e+01	
0.28341667	2.21507236e+01	
0.28500000	2.21835220e+01	
0.28658333	2.20869421e+01	
0.28816667	2.20817763e+01	
0.28975000	2.21896047e+01	
0.29133333	2.20646668e+01	
0.29291667	2.20943327e+01	
0.29450000	2.17869818e+01	
0.29608333	2.15719226e+01	
0.29766667	2.11544977e+01	
0.29925000	2.13442074e+01	
0.30083333	2.12433487e+01	
0.30241667	2.08499373e+01	
0.30400000	2.03970326e+01	
0.30558333	2.04376105e+01	
0.30716667	2.02596924e+01	
0.30875000	2.02183214e+01	
0.31033333	1.99134829e+01	
0.31191667	1.99644036e+01	
0.31350000	1.98991940e+01	
0.31508333	1.98991959e+01	
0.31666667	1.98983390e+01	
0.31825000	1.98812332e+01	
0.31983333	1.97840276e+01	
0.32141667	1.97412773e+01	
0.32300000	1.97752145e+01	
0.32458333	1.98215557e+01	
0.32616667	1.96245625e+01	
0.32775000	1.96712740e+01	
0.32933333	1.95243803e+01	
0.33091667	1.95101403e+01	
0.33250000	1.87882941e+01	
0.33408333	1.77385298e+01	
0.33566667	1.70515378e+01	
0.33725000	1.70992508e+01	
0.33883333	1.70919936e+01	
0.34041667	1.70027198e+01	
0.34200000	1.70796552e+01	
0.34358333	1.70624668e+01	
0.34516667	1.69594471e+01	
0.34675000	1.69659865e+01	
0.34833333	1.70041799e+01	
0.34991667	1.65797571e+01	
0.35150000	1.62587449e+01	
0.35308333	1.64322734e+01	
0.35466667	1.64335794e+01	
0.35625000	1.65548023e+01	
0.35783333	1.66052645e+01	
0.35941667	1.65552420e+01	
0.36100000	1.64483983e+01	
0.36258333	1.63360712e+01	
0.36416667	1.61006084e+01	
0.36575000	1.61982726e+01	
0.36733333	1.60992799e+01	
0.36891667	1.63916146e+01	
0.37050000	1.63715680e+01	
0.37208333	1.60462507e+01	
0.37366667	1.55005807e+01	
0.37525000	1.54699481e+01	
0.37683333	1.50638938e+01	
0.37841667	1.33410131e+01	
0.38000000	1.27141476e+01	
0.38158333	1.27966406e+01	
0.38316667	1.25710629e+01	
0.38475000	1.22703472e+01	
0.38633333	1.22490369e+01	
0.38791667	1.21630159e+01	
0.38950000	1.21708829e+01	
0.39108333	1.22095235e+01	
0.39266667	1.21582354e+01	
0.39425000	1.21110128e+01	
0.39583333	1.20598224e+01	
0.39741667	1.23552887e+01	
0.39900000	1.23009292e+01	
0.40058333	1.19137396e+01	
0.40216667	1.19407521e+01	
0.40375000	1.19904768e+01	
0.40533333	1.19009089e+01	
0.40691667	1.17537982e+01	
0.40850000	1.17124958e+01	
0.41008333	1.17039438e+01	
0.41166667	1.16679528e+01	
0.41325000	1.16904836e+01	
0.41483333	1.14992274e+01	
0.41641667	1.14899586e+01	
0.41800000	1.15805553e+01	
0.41958333	1.04907439e+01	
0.42116667	1.06299811e+01	
0.42275000	1.03118759e+01	
0.42433333	9.89338274e+00	
0.42591667	1.02858170e+01	
0.42750000	1.03197823e+01	
0.42908333	1.04513846e+01	
0.43066667	1.01816990e+01	
0.43225000	9.96280353e+00	
0.43383333	9.96039824e+00	
0.43541667	1.00727131e+01	
0.43700000	9.95172793e+00	
0.43858333	9.94110989e+00	
0.44016667	9.96700339e+00	
0.44175000	1.01841625e+01	
0.44333333	1.02285965e+01	
0.44491667	1.03498353e+01	
0.44650000	1.04189235e+01	
0.44808333	1.02106630e+01	
0.44966667	1.04243495e+01	
0.45125000	1.02436897e+01	
0.45283333	8.93452155e+00	
0.45441667	7.87261485e+00	
0.45600000	8.11382076e+00	
0.45758333	7.93377356e+00	
0.45916667	7.86286309e+00	
0.46075000	7.99057034e+00	
0.46233333	7.94033361e+00	
0.46391667	7.93408080e+00	
0.46550000	7.58411774e+00	
0.46708333	7.26615349e+00	
0.46866667	7.22256184e+00	
0.47025000	7.12594812e+00	
0.47183333	6.99933499e+00	
0.47341667	6.96431689e+00	
0.47500000	6.81722215e+00	
0.47658333	6.82173583e+00	
0.47816667	6.75727407e+00	
0.47975000	6.68361395e+00	
0.48133333	6.41770543e+00	
0.48291667	6.01650735e+00	
0.48450000	5.44455484e+00	
0.48608333	5.19253499e+00	
0.48766667	5.19568254e+00	
0.48925000	5.20404984e+00	
0.49083333	5.12289763e+00	
0.49241667	5.21714975e+00	
0.49400000	5.31543354e+00	
0.49558333	5.40629336e+00	
0.49716667	5.37325163e+00	
0.49875000	5.25502178e+00	
0.50033333	5.25858274e+00	
0.50191667	5.26460019e+00	
0.50350000	5.22171463e+00	
0.50508333	5.11635355e+00	
0.50666667	4.33608417e+00	
0.50825000	4.28514089e+00	
0.50983333	4.12133832e+00	
0.51141667	3.98219138e+00	
0.51300000	3.77309960e+00	
0.51458333	3.52445772e+00	
0.51616667	3.52985834e+00	
0.51775000	3.54515683e+00	
0.51933333	3.49720090e+00	
0.52091667	3.45023081e+00	
0.52250000	3.25743440e+00	
0.52408333	3.08859082e+00	
0.52566667	3.08512006e+00	
0.52725000	3.04205880e+00	
0.52883333	3.02071819e+00	
0.53041667	3.02344552e+00	
0.53200000	2.36978223e+00	
0.53358333	2.18157114e+00	
0.53516667	2.17579562e+00	
0.53675000	2.16500635e+00	
0.53833333	2.16749972e+00	
0.53991667	2.18491317e+00	
0.54150000	1.72492138e+00	
0.54308333	1.66721722e+00	
0.54466667	1.71357060e+00	
0.54625000	1.73008818e+00	
0.54783333	1.70013469e+00	
0.54941667	1.51135715e+00	
0.55100000	1.79225528e+00	
0.55258333	1.83200821e+00	
0.55416667	1.82830374e+00	
0.55575000	1.82395918e+00	
0.55733333	1.82128529e+00	
0.55891667	1.82381484e+00	
0.56050000	1.80120958e+00	
0.56208333	1.79113238e+00	
0.56366667	1.79212292e+00	
0.56525000	1.78719901e+00	
0.56683333	1.76174251e+00	
0.56841667	1.71131646e+00	
0.57000000	1.69577956e+00	
0.57158333	1.31284066e+00	
0.57316667	9.75300309e-01	
0.57475000	5.45404881e-01	
0.57633333	5.40255353e-01	
0.57791667	4.91192319e-01	
0.57950000	4.00281033e-01	
0.58108333	4.12469850e-01	
0.58266667	3.86846352e-01	
0.58425000	3.65672257e-01	
0.58583333	3.17113095e-01	
0.58741667	2.94907856e-01	
0.58900000	2.91512087e-01	
0.59058333	2.83755968e-01	
0.59216667	2.30881025e-01	
0.59375000	1.44784855e-01	
0.59533333	1.01954472e-02	
0.59691667	2.73544677e-02	
0.59850000	1.44281822e-02	
0.60008333	1.76514844e-02	
0.60166667	1.02228259e-02	
0.60325000	1.70009669e-02	
0.60483333	1.88997900e-02	
0.60641667	2.28958258e-02	
0.60800000	2.08436406e-02	
0.60958333	2.83989993e-02	
0.61116667	1.01671877e-02	
0.61275000	4.97060670e-05	
0.61433333	7.22146414e-04	
0.61591667	1.30637386e-03	
0.61750000	1.84851016e-04	
0.61908333	1.57817167e-04	
0.62066667	2.93154707e-04	
0.62225000	4.97162503e-04	
0.62383333	4.53946728e-04	
0.62541667	1.92215348e-04	
0.62700000	1.06996462e-04	
0.62858333	9.04305926e-05	
0.63016667	1.22951956e-04	
0.63175000	6.91705190e-04	
0.63333333	1.33363883e-03	
0.63491667	4.64248294e-04	
0.63650000	7.13919876e-04	
0.63808333	6.51347826e-04	
0.63966667	6.55965143e-04	
0.64125000	4.34693734e-04	
0.64283333	2.94118416e-04	
0.64441667	3.20673980e-04	
0.64600000	3.71641521e-04	
0.64758333	2.81114278e-04	
0.64916667	1.93857352e-04	
0.65075000	1.30139761e-04	
0.65233333	8.69027963e-05	
0.65391667	6.81909679e-05	
0.65550000	6.66349045e-05	
0.65708333	6.89701429e-05	
0.65866667	7.03649335e-05	
0.66025000	7.08203584e-05	
0.66183333	7.15123667e-05	
0.66341667	6.72472870e-05	
0.66500000	5.98700697e-05	
0.66658333	5.10417583e-05	
0.66816667	4.32088544e-05	
0.66975000	3.68941759e-05	
0.67133333	3.18864223e-05	
0.67291667	2.76337617e-05	
0.67450000	2.35477592e-05	
0.67608333	2.00815603e-05	
0.67766667	1.70518745e-05	
0.67925000	1.44293351e-05	
0.68083333	1.22094689e-05	
0.68241667	1.02511534e-05	
0.68400000	8.70341325e-06	
0.68558333	7.44885660e-06	
0.68716667	6.21139013e-06	
0.68875000	5.23489672e-06	
0.69033333	4.42390820e-06	
0.69191667	4.00492249e-06	
0.69350000	3.43850949e-06	
0.69508333	3.06006691e-06	
0.69666667	2.77489360e-06	
0.69825000	2.94172419e-06	
0.69983333	2.63205180e-06	
0.70141667	2.44725381e-06	
0.70300000	2.36007223e-06	
0.70458333	2.36997437e-06	
0.70616667	2.13264961e-06	
0.70775000	1.98688112e-06	
0.70933333	1.39091817e-06	
0.71091667	1.36698438e-06	
0.71250000	1.24578643e-06	
0.71408333	1.04919140e-06	
0.71566667	8.23351184e-07	
0.71725000	8.88987530e-07	
0.71883333	9.43161392e-07	
0.72041667	9.80988066e-07	
0.72200000	9.34363734e-07	
0.72358333	1.01746015e-06	
0.72516667	9.91619919e-07	
0.72675000	8.41588403e-07	
0.72833333	5.86335725e-07	
0.72991667	5.05574390e-07	
0.73150000	5.14736961e-07	
0.73308333	5.06999989e-07	
0.73466667	3.63971000e-07	
0.73625000	3.36400431e-07	
0.73783333	4.90882186e-07	
0.73941667	7.43238302e-07	
0.74100000	7.19472067e-07	
0.74258333	5.53841387e-07	
0.74416667	6.98299421e-07	
0.74575000	6.55086202e-07	
0.74733333	5.10284761e-07	
0.74891667	1.86198835e-07	
0.75050000	2.94054046e-07	
0.75208333	2.59442197e-07	
0.75366667	3.42321744e-07	
0.75525000	3.21019872e-07	
0.75683333	2.61776130e-07	
0.75841667	2.02178144e-07	
0.76000000	5.03975630e-07	
0.76158333	4.45812540e-07	
0.76316667	4.46892884e-07	
0.76475000	5.29081724e-07	
0.76633333	6.21242652e-07	
0.76791667	1.18831914e-07	
0.76950000	5.51718941e-08	
0.77108333	1.20162590e-07	
0.77266667	2.30144231e-07	
0.77425000	2.03812031e-07	
0.77583333	1.93898662e-07	
0.77741667	3.08745662e-07	
0.77900000	4.94165558e-07	
0.78058333	5.80286222e-07	
0.78216667	5.86596473e-07	
0.78375000	5.44336025e-07	
0.78533333	5.47402218e-07	
0.78691667	4.15565471e-07	
0.78850000	2.37705606e-07	
0.79008333	2.67134591e-07	
0.79166667	1.75654472e-07	
0.79325000	2.33384522e-07	
0.79483333	1.49848388e-07	
0.79641667	4.01951386e-08	
0.79800000	4.80943420e-07	
0.79958333	3.98323781e-07	
0.80116667	5.36038188e-07	
0.80275000	5.14475597e-07	
0.80433333	4.15651015e-07	
0.80591667	5.50669909e-07	
0.80750000	5.87588950e-07	
0.80908333	4.16601349e-07	
0.81066667	2.12730725e-07	
0.81225000	2.28165256e-07	
0.81383333	2.95618813e-07	
0.81541667	3.60643827e-08	
0.81700000	2.07371887e-07	
0.81858333	5.68793330e-07	
0.82016667	6.48432152e-07	
0.82175000	5.20395959e-07	
0.82333333	4.26151542e-07	
0.82491667	4.59811572e-07	
0.82650000	3.87096761e-07	
0.82808333	3.13025010e-07	
0.82966667	1.68792568e-07	
0.83125000	1.77599271e-07	
0.83283333	3.38804534e-07	
0.83441667	2.57410314e-07	
0.83600000	1.86284897e-07	
0.83758333	4.20360658e-07	
0.83916667	3.61213240e-07	
0.84075000	4.53893423e-07	
0.84233333	4.43739019e-07	
0.84391667	4.91486845e-07	
0.84550000	6.67099693e-07	
0.84708333	6.52926577e-07	
0.84866667	5.17976818e-07	
0.85025000	2.26601442e-07	
0.85183333	1.73666705e-07	
0.85341667	1.95514139e-07	
0.85500000	5.38842633e-08	
0.85658333	1.34646940e-07	
0.85816667	4.03682046e-07	
0.85975000	4.25114963e-07	
0.86133333	5.12401936e-07	
0.86291667	4.38381399e-07	
0.86450000	5.32193336e-07	
0.86608333	5.23333906e-07	
0.86766667	4.00441628e-07	
0.86925000	1.85679986e-07	
0.87083333	-1.30496259e-08	
0.87241667	1.71420164e-07	
0.87400000	1.64030828e-07	
0.87558333	1.90198758e-07	
0.87716667	2.11882805e-07	
0.87875000	3.40271520e-07	
0.88033333	4.80943588e-07	
0.88191667	3.91711984e-07	
0.88350000	4.67764125e-07	
0.88508333	4.94478444e-07	
0.88666667	5.00646504e-07	
0.88825000	3.51085213e-07	
0.88983333	1.12893177e-07	
0.89141667	1.40696191e-07	
0.89300000	1.59320555e-07	
0.89458333	1.07898817e-07	
0.89616667	1.63866153e-07	
0.89775000	2.96033819e-07	
0.89933333	5.58767928e-07	
0.90091667	4.77486889e-07	
0.90250000	5.04061874e-07	
0.90408333	4.73857254e-07	
0.90566667	3.82423016e-07	
0.90725000	4.69103397e-07	
0.90883333	1.09437528e-07	
0.91041667	1.32576035e-08	
0.91200000	1.59450103e-07	
0.91358333	2.32434454e-07	
0.91516667	1.65992190e-07	
0.91675000	9.40716771e-08	
0.91833333	3.35079219e-07	
0.91991667	3.89940177e-07	
0.92150000	4.32158679e-07	
0.92308333	4.83795012e-07	
0.92466667	4.43997639e-07	
0.92625000	5.08815479e-07	
0.92783333	3.24924704e-07	
0.92941667	1.08105508e-07	
0.93100000	7.73913986e-08	
0.93258333	6.70632332e-08	
0.93416667	1.80329618e-07	
0.93575000	1.42477253e-07	
0.93733333	1.18260842e-07	
0.93891667	3.86094400e-07	
0.94050000	3.49450780e-07	
0.94208333	3.59692744e-07	
0.94366667	4.10163384e-07	
0.94525000	4.88720489e-07	
0.94683333	5.44680888e-07	
0.94841667	1.96483290e-07	
0.95000000	2.18952465e-07	
0.95158333	2.77677624e-07	
0.95316667	1.90276980e-07	
0.95475000	2.64021747e-07	
0.95633333	1.61265116e-07	
0.95791667	2.96119587e-07	
0.95950000	4.77098008e-07	
0.96108333	4.58301044e-07	
0.96266667	5.26532266e-07	
0.96425000	4.60245452e-07	
0.96583333	3.51395691e-07	
0.96741667	4.55363769e-07	
0.96900000	7.89037465e-08	
0.97058333	7.43320916e-10	
0.97216667	5.64344113e-08	
0.97375000	3.11434034e-07	
0.97533333	1.48647554e-07	
0.97691667	1.61610848e-07	
0.97850000	3.45995089e-07	
0.98008333	2.62725821e-07	
0.98166667	4.27707348e-07	
0.98325000	3.04727789e-07	
0.98483333	4.29954840e-07	
0.98641667	5.16464078e-07	
0.98800000	2.10413677e-07	
0.98958333	1.43669253e-07	
0.99116667	4.42486775e-08	
0.99275000	2.93059078e-07	
0.99433333	2.37188087e-07	
0.99591667	1.05786734e-08	
0.99750000	2.71324979e-07	
0.99908333	4.07612134e-07	
1.00066667	4.49398969e-07	
1.00225000	3.69415004e-07	
1.00383333	3.97847284e-07	
1.00541667	4.85654184e-07	
1.00700000	3.25382132e-07	
1.00858333	2.40030662e-07	
1.01016667	2.62893209e-08	
1.01175000	9.95163114e-08	
1.01333333	2.63564290e-07	
1.01491667	1.41016386e-07	
1.01650000	2.29685234e-07	
1.01808333	3.93569952e-07	
1.01966667	4.92870779e-07	
1.02125000	5.09592962e-07	
1.02283333	4.64696447e-07	
1.02441667	5.21519705e-07	
1.02600000	5.96750289e-07	
1.02758333	4.41144310e-07	
1.02916667	-7.61459797e-08	
1.03075000	1.13209266e-09	
1.03233333	2.12728835e-07	
1.03391667	9.47192761e-08	
1.03550000	-5.09030116e-08	
1.03708333	1.64464064e-07	
1.03866667	3.95680546e-07	
1.04025000	5.82619847e-07	
1.04183333	5.02248400e-07	
1.04341667	5.51379013e-07	
1.04500000	7.25002091e-07	
1.04658333	6.41863617e-07	
1.04816667	7.52830916e-07	
1.04975000	3.86612620e-07	
1.05133333	3.84538763e-07	
1.05291667	3.64056459e-07	
1.05450000	2.48596023e-07	
1.05608333	1.87797819e-07	
1.05766667	1.96612124e-07	
1.05925000	3.67253419e-07	
1.06083333	5.38544805e-07	
1.06241667	4.01046623e-07	
1.06400000	4.82672218e-07	
1.06558333	5.45804635e-07	
1.06716667	5.27873470e-07	
1.06875000	2.75619755e-07	
1.07033333	1.29167430e-07	
1.07191667	1.36184489e-07	
1.07350000	9.12191261e-08	
1.07508333	8.76762531e-08	
1.07666667	1.54654005e-07	
1.07825000	3.72354940e-07	
1.07983333	5.41959894e-07	
1.08141667	5.00173003e-07	
1.08300000	4.16472039e-07	
1.08458333	5.91349182e-07	
1.08616667	5.97355284e-07	
1.08775000	5.74115137e-07	
1.08933333	2.50911895e-07	
1.09091667	2.07570640e-07	
1.09250000	2.03439278e-07	
1.09408333	1.56045066e-07	
1.09566667	9.92138068e-08	
1.09725000	5.21994347e-08	
1.09883333	2.29969027e-07	
1.10041667	6.10319417e-07	
1.10200000	4.70572371e-07	
1.10358333	6.50636019e-07	
1.10516667	6.18010243e-07	
1.10675000	6.37239153e-07	
1.10833333	3.50143111e-07	
1.10991667	1.85161290e-07	
1.11150000	2.40385214e-07	
1.11308333	2.29150662e-07	
1.11466667	2.18132210e-07	
1.11625000	1.92299231e-07	
1.11783333	2.73182414e-07	
1.11941667	5.06351984e-07	
1.12100000	3.70833576e-07	
1.12258333	4.13144622e-07	
1.12416667	4.04070507e-07	
1.12575000	3.91452525e-07	
1.12733333	4.76890070e-07	
1.12891667	2.53867763e-07	
1.13050000	2.53253444e-07	
1.13208333	1.02713173e-07	
1.13366667	1.90130169e-07	
1.13525000	1.98418149e-07	
1.13683333	4.34360285e-08	
1.13841667	2.93491893e-07	
1.14000000	5.32816868e-07	
1.14158333	5.63563872e-07	
1.14316667	5.95239733e-07	
1.14475000	4.84747055e-07	
1.14633333	6.52969251e-07	
1.14791667	4.72465424e-07	
1.14950000	3.02903844e-07	
1.15108333	1.50764547e-07	
1.15266667	2.95022386e-07	
1.15425000	3.11252362e-07	
1.15583333	1.89317755e-07	
1.15741667	1.70737143e-07	
1.15900000	1.94407487e-07	
1.16058333	4.04934906e-07	
1.16216667	4.06533665e-07	
1.16375000	3.09048523e-07	
1.16533333	4.70617173e-07	
1.16691667	5.64618175e-07	
1.16850000	4.04789327e-07	
1.17008333	2.81523064e-07	
1.17166667	1.17837183e-07	
1.17325000	1.55215571e-07	
1.17483333	1.60564833e-07	
1.17641667	1.60436111e-07	
1.17800000	2.45571439e-07	
1.17958333	3.35968511e-07	
1.18116667	6.28770957e-07	
1.18275000	5.48008222e-07	
1.18433333	2.72361053e-07	
1.18591667	3.00759927e-07	
1.18750000	2.83553491e-07	
1.18908333	2.56421033e-08	
1.19066667	1.60228244e-07	
@ 
0.00000000	6.50328551e-08	
0.00158333	2.95652050e-07	
0.00316667	2.13144906e-07	
0.00475000	2.50971845e-07	
0.00633333	4.81031400e-07	
0.00791667	4.31812864e-07	
0.00950000	6.04010622e-07	
0.01108333	5.09550064e-07	
0.01266667	6.02456105e-07	
0.01425000	6.14509918e-07	
0.01583333	3.34026120e-07	
0.01741667	1.46399963e-07	
0.01900000	1.33350090e-07	
0.02058333	1.67703893e-07	
0.02216667	2.17950062e-07	
0.02375000	1.20439718e-07	
0.02533333	1.82265428e-07	
0.02691667	3.57420582e-07	
0.02850000	5.70089004e-07	
0.03008333	3.80217049e-07	
0.03166667	5.17932688e-07	
0.03325000	6.02281321e-07	
0.03483333	6.60488485e-07	
0.03641667	5.44507952e-07	
0.03800000	1.50867704e-07	
0.03958333	2.27940042e-07	
0.04116667	2.88868914e-07	
0.04275000	1.46875102e-07	
0.04433333	1.42969627e-07	
0.04591667	2.18608413e-07	
0.04750000	3.94166015e-07	
0.04908333	4.67764881e-07	
0.05066667	3.67254035e-07	
0.05225000	4.43307464e-07	
0.05383333	4.67289588e-07	
0.05541667	4.97278401e-07	
0.05700000	3.67956558e-07	
0.05858333	2.91694717e-07	
0.06016667	3.53512222e-07	
0.06175000	3.17518259e-07	
0.06333333	2.27610971e-07	
0.06491667	1.50886282e-07	
0.06650000	2.05685623e-07	
0.06808333	6.58803481e-07	
0.06966667	5.50902879e-07	
0.07125000	5.95670448e-07	
0.07283333	5.80330464e-07	
0.07441667	5.58664212e-07	
0.07600000	4.22004388e-07	
0.07758333	2.42209132e-07	
0.07916667	1.09799927e-07	
0.08075000	1.32019246e-07	
0.08233333	1.29262130e-07	
0.08391667	6.67181807e-08	
0.08550000	-8.84548700e-08	
0.08708333	3.36529936e-07	
0.08866667	4.13318678e-07	
0.09025000	4.45336939e-07	
0.09183333	5.02377542e-07	
0.09341667	5.68791538e-07	
0.09500000	7.09378510e-07	
0.09658333	2.86707749e-07	
0.09816667	8.76757701e-08	
0.09975000	1.31880822e-07	
0.10133333	2.61645756e-07	
0.10291667	3.55155952e-07	
0.10450000	4.36176664e-07	
0.10608333	4.28873600e-07	
0.10766667	7.36320311e-07	
0.10925000	5.94980105e-07	
0.11083333	5.79336083e-07	
0.11241667	5.93250076e-07	
0.11400000	5.25796617e-07	
0.11558333	5.09048673e-07	
0.11716667	4.62959417e-07	
0.11875000	3.50488367e-07	
0.12033333	2.57928673e-07	
0.12191667	1.27750804e-07	
0.12350000	1.55759299e-07	
0.12508333	4.74466940e-08	
0.12666667	2.76250708e-07	
0.12825000	4.77184924e-07	
0.12983333	5.81540398e-07	
0.13141667	5.85170145e-07	
0.13300000	6.06257163e-07	
0.13458333	5.32192104e-07	
0.13616667	3.18131515e-07	
0.13775000	3.18810720e-08	
0.13933333	1.73831016e-07	
0.14091667	1.94278583e-07	
0.14250000	3.83053072e-07	
0.14408333	1.33402592e-07	
0.14566667	2.73173622e-07	
0.14725000	9.33822077e-07	
0.14883333	8.32381814e-07	
0.15041667	6.81057480e-07	
0.15200000	4.59071583e-07	
0.15358333	5.08686057e-07	
0.15516667	5.04225793e-07	
0.15675000	2.85412635e-07	
0.15833333	2.70416618e-07	
0.15991667	1.57851455e-07	
0.16150000	2.87442390e-07	
0.16308333	2.55154925e-07	
0.16466667	1.62389479e-07	
0.16625000	1.37742045e-07	
0.16783333	4.86560360e-07	
0.16941667	6.12220815e-07	
0.17100000	4.75412948e-07	
0.17258333	4.99266882e-07	
0.17416667	6.07768839e-07	
0.17575000	5.93941259e-07	
0.17733333	4.32634477e-07	
0.17891667	2.37533622e-07	
0.18050000	3.62155314e-07	
0.18208333	3.37999862e-07	
0.18366667	2.84547508e-07	
0.18525000	2.99757706e-07	
0.18683333	1.98859071e-07	
0.18841667	5.44593972e-07	
0.19000000	5.16549706e-07	
0.19158333	4.57610701e-07	
0.19316667	6.45666692e-07	
0.19475000	6.82958877e-07	
0.19633333	6.19307373e-07	
0.19791667	4.52760968e-07	
0.19950000	2.07224936e-07	
0.20108333	3.86439432e-07	
0.20266667	2.99152655e-07	
0.20425000	3.63538072e-07	
0.20583333	4.21916800e-07	
0.20741667	5.64392485e-07	
0.20900000	5.96404809e-07	
0.21058333	5.60798915e-07	
0.21216667	6.20258519e-07	
0.21375000	6.65993868e-07	
0.21533333	4.92914797e-07	
0.21691667	3.41525388e-07	
0.21850000	2.76199325e-07	
0.22008333	3.65223384e-07	
0.22166667	4.10639238e-07	
0.22325000	3.39080711e-07	
0.22483333	3.59087161e-07	
0.22641667	4.59901960e-07	
0.22800000	6.68569031e-07	
0.22958333	6.68826979e-07	
0.23116667	5.84824330e-07	
0.23275000	5.53798097e-07	
0.23433333	5.37853062e-07	
0.23591667	6.24581969e-07	
0.23750000	1.49425583e-07	
0.23908333	2.21458787e-07	
0.24066667	1.96162760e-07	
0.24225000	1.61844336e-07	
0.24383333	2.39028329e-07	
0.24541667	2.64506785e-07	
0.24700000	2.91331932e-07	
0.24858333	6.21206978e-07	
0.25016667	5.43859499e-07	
0.25175000	5.77002459e-07	
0.25333333	5.19790963e-07	
0.25491667	6.13861464e-07	
0.25650000	4.46287721e-07	
0.25808333	5.04450930e-08	
0.25966667	1.94044409e-07	
0.26125000	2.40704765e-07	
0.26283333	4.03249398e-07	
0.26441667	3.38984779e-07	
0.26600000	4.32718200e-07	
0.26758333	6.43289049e-07	
0.26916667	8.03083203e-07	
0.27075000	7.35719124e-07	
0.27233333	7.36323559e-07	
0.27391667	7.72197537e-07	
0.27550000	8.12765925e-07	
0.27708333	6.86241576e-07	
0.27866667	4.49011263e-07	
0.28025000	4.42486103e-07	
0.28183333	3.63105873e-07	
0.28341667	3.51051276e-07	
0.28500000	2.16013859e-07	
0.28658333	3.62690418e-07	
0.28816667	5.40789722e-07	
0.28975000	6.13473255e-07	
0.29133333	6.14251914e-07	
0.29291667	5.11192618e-07	
0.29450000	6.28121608e-07	
0.29608333	5.12142924e-07	
0.29766667	5.58465067e-07	
0.29925000	2.36539690e-07	
0.30083333	1.82827330e-07	
0.30241667	2.91322664e-07	
0.30400000	2.14025966e-07	
0.30558333	1.98263064e-07	
0.30716667	4.89976794e-07	
0.30875000	6.00328569e-07	
0.31033333	6.24406962e-07	
0.31191667	5.05142442e-07	
0.31350000	5.30939944e-07	
0.31508333	6.30758711e-07	
0.31666667	5.04409593e-07	
0.31825000	1.44758319e-07	
0.31983333	3.38950617e-07	
0.32141667	4.45294489e-07	
0.32300000	4.12236681e-07	
0.32458333	3.28277014e-07	
0.32616667	5.16463854e-07	
0.32775000	5.67626294e-07	
0.32933333	7.15797966e-07	
0.33091667	6.34518103e-07	
0.33250000	5.42476349e-07	
0.33408333	7.39523991e-07	
0.33566667	4.46331963e-07	
0.33725000	4.17465888e-07	
0.33883333	3.57358531e-07	
0.34041667	2.43021141e-07	
0.34200000	2.93189536e-07	
0.34358333	2.87659203e-07	
0.34516667	3.13127242e-07	
0.34675000	4.22394305e-07	
0.34833333	4.71480620e-07	
0.34991667	6.05954302e-07	
0.35150000	5.13223157e-07	
0.35308333	4.81417986e-07	
0.35466667	5.77868145e-07	
0.35625000	6.33264767e-07	
0.35783333	4.67763733e-07	
0.35941667	3.36660478e-07	
0.36100000	4.28700664e-07	
0.36258333	4.84963505e-07	
0.36416667	3.60728986e-07	
0.36575000	4.44255754e-07	
0.36733333	4.03205688e-07	
0.36891667	6.46312625e-07	
0.37050000	7.18435013e-07	
0.37208333	5.72896970e-07	
0.37366667	7.15842600e-07	
0.37525000	6.67816189e-07	
0.37683333	4.57238229e-07	
0.37841667	8.48756234e-08	
0.38000000	2.36668720e-07	
0.38158333	4.41534424e-07	
0.38316667	2.68559770e-07	
0.38475000	2.10698884e-07	
0.38633333	3.00276850e-07	
0.38791667	3.34827348e-07	
0.38950000	8.06888238e-07	
0.39108333	6.93891239e-07	
0.39266667	8.09870932e-07	
0.39425000	6.60444971e-07	
0.39583333	6.46659392e-07	
0.39741667	5.87113824e-07	
0.39900000	3.87866460e-07	
0.40058333	4.15478135e-07	
0.40216667	3.81038409e-07	
0.40375000	3.84142657e-07	
0.40533333	5.28909685e-07	
0.40691667	5.45996611e-07	
0.40850000	8.28537185e-07	
0.41008333	8.92877296e-07	
0.41166667	9.99740619e-07	
0.41325000	1.17327135e-06	
0.41483333	1.32201145e-06	
0.41641667	1.59622674e-06	
0.41800000	1.57471517e-06	
0.41958333	2.09213068e-06	
0.42116667	2.50719935e-06	
0.42275000	2.72984271e-06	
0.42433333	3.32685280e-06	
0.42591667	3.64225514e-06	
0.42750000	4.42420882e-06	
0.42908333	5.57735343e-06	
0.43066667	6.75019031e-06	
0.43225000	9.13287905e-06	
0.43383333	1.22920274e-05	
0.43541667	1.56136601e-05	
0.43700000	1.94044603e-05	
0.43858333	2.43656163e-05	
0.44016667	3.08158298e-05	
0.44175000	3.74967307e-05	
0.44333333	4.57216522e-05	
0.44491667	5.74517396e-05	
0.44650000	7.60591758e-05	
0.44808333	1.11152547e-04	
0.44966667	1.64826696e-04	
0.45125000	2.30902723e-04	
0.45283333	2.74632108e-04	
0.45441667	2.70540631e-04	
0.45600000	2.72469970e-04	
0.45758333	3.19432943e-04	
0.45916667	5.18304579e-04	
0.46075000	1.29180829e-03	
0.46233333	1.00459050e-03	
0.46391667	1.07865200e-03	
0.46550000	1.39045770e-03	
0.46708333	1.23156755e-03	
0.46866667	1.66895732e-03	
0.47025000	1.23066996e-03	
0.47183333	1.50677192e-03	
0.47341667	1.67014703e-03	
0.47500000	1.79060924e-03	
0.47658333	2.15859704e-03	
0.47816667	2.90902925e-03	
0.47975000	2.87294633e-03	
0.48133333	3.85863575e-03	
0.48291667	4.36335808e-03	
0.48450000	5.06938477e-03	
0.48608333	6.47339725e-03	
0.48766667	7.41981115e-03	
0.48925000	9.37420209e-03	
0.49083333	1.05517585e-02	
0.49241667	2.66182295e-02	
0.49400000	4.96046610e-02	
0.49558333	5.76195612e-02	
0.49716667	6.01200186e-02	
0.49875000	5.93703512e-02	
0.50033333	5.69327346e-02	
0.50191667	5.78236563e-02	
0.50350000	6.25110312e-02	
0.50508333	8.59946163e-02	
0.50666667	9.78463637e-02	
0.50825000	1.10305203e-01	
0.50983333	1.31800607e-01	
0.51141667	1.18657962e-01	
0.51300000	9.74063238e-02	
0.51458333	9.92195398e-02	
0.51616667	1.18339001e-01	
0.51775000	1.56494801e-01	
0.51933333	1.82333402e-01	
0.52091667	2.18793285e-01	
0.52250000	8.06037800e-01	
0.52408333	6.18407852e+00	
0.52566667	7.22462935e+00	
0.52725000	8.37536970e+00	
0.52883333	8.59476594e+00	
0.53041667	9.08398306e+00	
0.53200000	9.25232138e+00	
0.53358333	9.28742452e+00	
0.53516667	9.32885281e+00	
0.53675000	9.81393584e+00	
0.53833333	1.09289727e+01	
0.53991667	1.12000864e+01	
0.54150000	1.28769641e+01	
0.54308333	1.38820200e+01	
0.54466667	1.40261532e+01	
0.54625000	1.43416972e+01	
0.54783333	1.47373927e+01	
0.54941667	1.47299288e+01	
0.55100000	1.52815641e+01	
0.55258333	1.56753692e+01	
0.55416667	1.59698452e+01	
0.55575000	1.62149123e+01	
0.55733333	1.83274875e+01	
0.55891667	1.88964738e+01	
0.56050000	2.09589965e+01	
0.56208333	2.12418887e+01	
0.56366667	2.15046214e+01	
0.56525000	2.18303709e+01	
0.56683333	2.18733655e+01	
0.56841667	2.21896179e+01	
0.57000000	2.23267757e+01	
0.57158333	2.31796106e+01	
0.57316667	2.45884865e+01	
0.57475000	2.47264731e+01	
0.57633333	2.49143262e+01	
0.57791667	2.51471169e+01	
0.57950000	2.50618418e+01	
0.58108333	2.60334454e+01	
0.58266667	2.68229517e+01	
0.58425000	2.78216185e+01	
0.58583333	2.84051531e+01	
0.58741667	3.06976158e+01	
