start voltage : 0.00 V 
set voltage : 0.10 V 
High G : 30.00 G0 
Intermediate G : 20.00 G0 
Low G : 10.00 G0 
Breaking speed 1 : 300.00 V/s 
Breaking speed 2 : 300.00 V/s 
Making speed : 500.00 V/s 
Post breaking : 230.00 V/s 
@ 
0.00000000	3.92855351e+01	
0.00158333	3.98234030e+01	
0.00316667	3.96858467e+01	
0.00475000	3.98321860e+01	
0.00633333	3.97677581e+01	
0.00791667	4.00602639e+01	
0.00950000	3.98570244e+01	
0.01108333	3.96663413e+01	
0.01266667	3.97952611e+01	
0.01425000	3.98728693e+01	
0.01583333	3.97613240e+01	
0.01741667	3.98401423e+01	
0.01900000	3.96651011e+01	
0.02058333	3.96978995e+01	
0.02216667	3.96017894e+01	
0.02375000	3.98087683e+01	
0.02533333	3.96529318e+01	
0.02691667	3.96862601e+01	
0.02850000	3.96886617e+01	
0.03008333	3.95117864e+01	
0.03166667	3.96881355e+01	
0.03325000	3.96317991e+01	
0.03483333	3.97798372e+01	
0.03641667	3.96094186e+01	
0.03800000	3.92696001e+01	
0.03958333	3.96544163e+01	
0.04116667	3.94791722e+01	
0.04275000	3.95801042e+01	
0.04433333	3.95753763e+01	
0.04591667	3.94826524e+01	
0.04750000	3.91568333e+01	
0.04908333	3.94526689e+01	
0.05066667	3.94935213e+01	
0.05225000	3.95062054e+01	
0.05383333	3.92717047e+01	
0.05541667	3.93952652e+01	
0.05700000	3.92635455e+01	
0.05858333	3.93679839e+01	
0.06016667	3.93987115e+01	
0.06175000	3.91656765e+01	
0.06333333	3.93549202e+01	
0.06491667	3.91274399e+01	
0.06650000	3.92220355e+01	
0.06808333	3.90318710e+01	
0.06966667	3.90994747e+01	
0.07125000	3.90898949e+01	
0.07283333	3.90807510e+01	
0.07441667	3.91939011e+01	
0.07600000	3.91139290e+01	
0.07758333	3.89669846e+01	
0.07916667	3.89215847e+01	
0.08075000	3.90135833e+01	
0.08233333	3.90434615e+01	
0.08391667	3.89403460e+01	
0.08550000	3.90375385e+01	
0.08708333	3.89628354e+01	
0.08866667	3.88968290e+01	
0.09025000	3.88417592e+01	
0.09183333	3.87344269e+01	
0.09341667	3.86061723e+01	
0.09500000	3.88266697e+01	
0.09658333	3.86506439e+01	
0.09816667	3.85006553e+01	
0.09975000	3.86648238e+01	
0.10133333	3.85459311e+01	
0.10291667	3.86495991e+01	
0.10450000	3.86974230e+01	
0.10608333	3.86365203e+01	
0.10766667	3.85530079e+01	
0.10925000	3.86221675e+01	
0.11083333	3.85991632e+01	
0.11241667	3.83935109e+01	
0.11400000	3.84516362e+01	
0.11558333	3.84993737e+01	
0.11716667	3.83271437e+01	
0.11875000	3.82044777e+01	
0.12033333	3.80948190e+01	
0.12191667	3.82012268e+01	
0.12350000	3.81461231e+01	
0.12508333	3.77468826e+01	
0.12666667	3.78269562e+01	
0.12825000	3.76393474e+01	
0.12983333	3.76075637e+01	
0.13141667	3.75041551e+01	
0.13300000	3.74029788e+01	
0.13458333	3.71560195e+01	
0.13616667	3.68994127e+01	
0.13775000	3.69217555e+01	
0.13933333	3.67374916e+01	
0.14091667	3.68130402e+01	
0.14250000	3.67443429e+01	
0.14408333	3.66169753e+01	
0.14566667	3.67803922e+01	
0.14725000	3.65777578e+01	
0.14883333	3.65522016e+01	
0.15041667	3.64679450e+01	
0.15200000	3.63085457e+01	
0.15358333	3.63564824e+01	
0.15516667	3.63074032e+01	
0.15675000	3.63130519e+01	
0.15833333	3.61887360e+01	
0.15991667	3.61648522e+01	
0.16150000	3.62323093e+01	
0.16308333	3.60085798e+01	
0.16466667	3.61088842e+01	
0.16625000	3.60453206e+01	
0.16783333	3.59714933e+01	
0.16941667	3.56791529e+01	
0.17100000	3.36240133e+01	
0.17258333	3.37319958e+01	
0.17416667	3.35012721e+01	
0.17575000	3.29315379e+01	
0.17733333	3.26830001e+01	
0.17891667	3.28221273e+01	
0.18050000	3.28597814e+01	
0.18208333	3.29565680e+01	
0.18366667	3.29934516e+01	
0.18525000	3.30630810e+01	
0.18683333	3.28699475e+01	
0.18841667	3.29354390e+01	
0.19000000	3.26023966e+01	
0.19158333	3.24103868e+01	
0.19316667	3.24631867e+01	
0.19475000	3.23128335e+01	
0.19633333	3.23496908e+01	
0.19791667	3.22513107e+01	
0.19950000	3.19622814e+01	
0.20108333	3.20654570e+01	
0.20266667	3.20736538e+01	
0.20425000	3.20540808e+01	
0.20583333	3.19762396e+01	
0.20741667	3.18344290e+01	
0.20900000	3.18931481e+01	
0.21058333	3.17291374e+01	
0.21216667	3.16555844e+01	
0.21375000	2.99366423e+01	
0.21533333	2.97758055e+01	
0.21691667	2.98098835e+01	
0.21850000	2.96727350e+01	
0.22008333	2.95960815e+01	
0.22166667	2.94098219e+01	
0.22325000	2.94758264e+01	
0.22483333	2.94143524e+01	
0.22641667	2.92601226e+01	
0.22800000	2.94910511e+01	
0.22958333	2.92351151e+01	
0.23116667	2.92815466e+01	
0.23275000	2.91786341e+01	
0.23433333	2.88391030e+01	
0.23591667	2.91492557e+01	
0.23750000	2.89685903e+01	
0.23908333	2.89404127e+01	
0.24066667	2.89114064e+01	
0.24225000	2.88787395e+01	
0.24383333	2.89654916e+01	
0.24541667	2.89015898e+01	
0.24700000	2.88841965e+01	
0.24858333	2.88199847e+01	
0.25016667	2.86296662e+01	
0.25175000	2.85025372e+01	
0.25333333	2.82826261e+01	
0.25491667	2.82493692e+01	
0.25650000	2.83592195e+01	
0.25808333	2.84039072e+01	
0.25966667	2.83962253e+01	
0.26125000	2.82134740e+01	
0.26283333	2.81804783e+01	
0.26441667	2.82415746e+01	
0.26600000	2.81725803e+01	
0.26758333	2.82600201e+01	
0.26916667	2.80439011e+01	
0.27075000	2.80639702e+01	
0.27233333	2.78131925e+01	
0.27391667	2.58308994e+01	
0.27550000	2.48495750e+01	
0.27708333	2.45757290e+01	
0.27866667	2.46527772e+01	
0.28025000	2.42851062e+01	
0.28183333	2.45548594e+01	
0.28341667	2.44944603e+01	
0.28500000	2.43473299e+01	
0.28658333	2.46341381e+01	
0.28816667	2.44716383e+01	
0.28975000	2.44759866e+01	
0.29133333	2.44051358e+01	
0.29291667	2.43211423e+01	
0.29450000	2.42862618e+01	
0.29608333	2.43459863e+01	
0.29766667	2.39285990e+01	
0.29925000	2.29694146e+01	
0.30083333	2.28293253e+01	
0.30241667	2.29174359e+01	
0.30400000	2.29943432e+01	
0.30558333	2.30010799e+01	
0.30716667	2.29907879e+01	
0.30875000	2.29826005e+01	
0.31033333	2.29635198e+01	
0.31191667	2.28045132e+01	
0.31350000	2.27828882e+01	
0.31508333	2.26479947e+01	
0.31666667	2.25031755e+01	
0.31825000	2.25008680e+01	
0.31983333	2.23804494e+01	
0.32141667	2.23468975e+01	
0.32300000	2.19574510e+01	
0.32458333	2.10719230e+01	
0.32616667	2.07165546e+01	
0.32775000	2.07386231e+01	
0.32933333	2.06262623e+01	
0.33091667	2.06710777e+01	
0.33250000	2.07190689e+01	
0.33408333	2.07834311e+01	
0.33566667	2.07266963e+01	
0.33725000	2.04910286e+01	
0.33883333	2.04810880e+01	
0.34041667	2.03499997e+01	
0.34200000	2.00900049e+01	
0.34358333	1.96013177e+01	
0.34516667	1.99340594e+01	
0.34675000	1.99288899e+01	
0.34833333	1.98163956e+01	
0.34991667	1.97490438e+01	
0.35150000	1.96687033e+01	
0.35308333	1.95856363e+01	
0.35466667	1.95870438e+01	
0.35625000	1.95364650e+01	
0.35783333	1.96589826e+01	
0.35941667	1.95316056e+01	
0.36100000	1.94871904e+01	
0.36258333	1.93508800e+01	
0.36416667	1.92451657e+01	
0.36575000	1.93199984e+01	
0.36733333	1.90699027e+01	
0.36891667	1.91129104e+01	
0.37050000	1.92165033e+01	
0.37208333	1.91374594e+01	
0.37366667	1.80662017e+01	
0.37525000	1.71306793e+01	
0.37683333	1.70566396e+01	
0.37841667	1.67550032e+01	
0.38000000	1.63761700e+01	
0.38158333	1.64325440e+01	
0.38316667	1.63467034e+01	
0.38475000	1.63739790e+01	
0.38633333	1.63160773e+01	
0.38791667	1.62053231e+01	
0.38950000	1.62449295e+01	
0.39108333	1.61417896e+01	
0.39266667	1.62103197e+01	
0.39425000	1.60879656e+01	
0.39583333	1.60307235e+01	
0.39741667	1.61436462e+01	
0.39900000	1.59188023e+01	
0.40058333	1.60099083e+01	
0.40216667	1.58739794e+01	
0.40375000	1.58561220e+01	
0.40533333	1.57401044e+01	
0.40691667	1.56330295e+01	
0.40850000	1.57057313e+01	
0.41008333	1.55278310e+01	
0.41166667	1.54791924e+01	
0.41325000	1.45249755e+01	
0.41483333	1.32827844e+01	
0.41641667	1.34656644e+01	
0.41800000	1.35443869e+01	
0.41958333	1.34090865e+01	
0.42116667	1.34058610e+01	
0.42275000	1.32884255e+01	
0.42433333	1.33872754e+01	
0.42591667	1.32829300e+01	
0.42750000	1.32856792e+01	
0.42908333	1.32790440e+01	
0.43066667	1.30388880e+01	
0.43225000	1.30493811e+01	
0.43383333	1.29003856e+01	
0.43541667	1.28722559e+01	
0.43700000	1.26731008e+01	
0.43858333	1.26663575e+01	
0.44016667	1.26468709e+01	
0.44175000	1.19842343e+01	
0.44333333	1.05153859e+01	
0.44491667	1.02134620e+01	
0.44650000	1.00642100e+01	
0.44808333	1.00400941e+01	
0.44966667	9.82213261e+00	
0.45125000	9.82217771e+00	
0.45283333	9.73976272e+00	
0.45441667	9.78904109e+00	
0.45600000	9.89785977e+00	
0.45758333	9.89747079e+00	
0.45916667	9.87011814e+00	
0.46075000	9.77402870e+00	
0.46233333	9.69529775e+00	
0.46391667	9.56779015e+00	
0.46550000	9.49615762e+00	
0.46708333	9.50991944e+00	
0.46866667	9.39725324e+00	
0.47025000	9.33818365e+00	
0.47183333	9.30036235e+00	
0.47341667	9.22973985e+00	
0.47500000	9.24365858e+00	
0.47658333	9.07348998e+00	
0.47816667	9.05214679e+00	
0.47975000	9.01751062e+00	
0.48133333	8.95336831e+00	
0.48291667	8.94468578e+00	
0.48450000	8.51464631e+00	
0.48608333	8.25964239e+00	
0.48766667	8.22379606e+00	
0.48925000	8.34473420e+00	
0.49083333	8.42822594e+00	
0.49241667	8.30506572e+00	
0.49400000	8.04508210e+00	
0.49558333	8.02616863e+00	
0.49716667	7.89838010e+00	
0.49875000	7.87502201e+00	
0.50033333	7.88130161e+00	
0.50191667	7.80708762e+00	
0.50350000	7.70785908e+00	
0.50508333	7.15130513e+00	
0.50666667	6.55891942e+00	
0.50825000	6.46717970e+00	
0.50983333	6.52347052e+00	
0.51141667	6.51367037e+00	
0.51300000	6.43461104e+00	
0.51458333	6.46200551e+00	
0.51616667	6.41541429e+00	
0.51775000	6.35622867e+00	
0.51933333	6.32545223e+00	
0.52091667	6.21874616e+00	
0.52250000	5.57813956e+00	
0.52408333	4.76601936e+00	
0.52566667	4.81034246e+00	
0.52725000	5.15754930e+00	
0.52883333	5.01892663e+00	
0.53041667	4.97887292e+00	
0.53200000	4.90152454e+00	
0.53358333	4.84868287e+00	
0.53516667	4.79102403e+00	
0.53675000	4.68879829e+00	
0.53833333	4.69278205e+00	
0.53991667	4.64737798e+00	
0.54150000	4.62173393e+00	
0.54308333	4.58278609e+00	
0.54466667	4.57078548e+00	
0.54625000	4.55675399e+00	
0.54783333	4.47413746e+00	
0.54941667	4.42602603e+00	
0.55100000	4.41667876e+00	
0.55258333	4.34940863e+00	
0.55416667	3.68534199e+00	
0.55575000	3.61372050e+00	
0.55733333	4.26851949e+00	
0.55891667	4.22084308e+00	
0.56050000	4.22314878e+00	
0.56208333	4.08838726e+00	
0.56366667	4.03376229e+00	
0.56525000	4.01234769e+00	
0.56683333	3.86591488e+00	
0.56841667	3.90283725e+00	
0.57000000	3.80890435e+00	
0.57158333	3.99106558e+00	
0.57316667	3.75956421e+00	
0.57475000	3.34029169e+00	
0.57633333	2.21361810e+00	
0.57791667	2.13045474e+00	
0.57950000	2.35717137e+00	
0.58108333	2.33266819e+00	
0.58266667	2.29945076e+00	
0.58425000	2.26537528e+00	
0.58583333	2.25041457e+00	
0.58741667	2.04883274e+00	
0.58900000	1.89367582e+00	
0.59058333	1.65556472e+00	
0.59216667	1.52456463e+00	
0.59375000	1.50239087e+00	
0.59533333	1.47401926e+00	
0.59691667	1.40746637e+00	
0.59850000	1.37825103e+00	
0.60008333	9.66220751e-01	
0.60166667	9.18356075e-01	
0.60325000	9.31371476e-01	
0.60483333	8.90024042e-01	
0.60641667	8.56690404e-01	
0.60800000	8.53007657e-01	
0.60958333	8.18627459e-01	
0.61116667	7.94839286e-01	
0.61275000	6.45306788e-01	
0.61433333	4.07244717e-01	
0.61591667	3.53572141e-01	
0.61750000	3.30234549e-01	
0.61908333	3.01760347e-01	
0.62066667	2.98277698e-01	
0.62225000	2.60124849e-01	
0.62383333	2.49745255e-01	
0.62541667	2.20366618e-01	
0.62700000	2.05139846e-01	
0.62858333	1.83644449e-01	
0.63016667	1.77124799e-01	
0.63175000	1.71832208e-01	
0.63333333	1.61792648e-01	
0.63491667	1.57503705e-01	
0.63650000	1.52789504e-01	
0.63808333	1.62594333e-01	
0.63966667	1.08477328e-01	
0.64125000	1.03142398e-01	
0.64283333	9.61445744e-02	
0.64441667	9.01907118e-02	
0.64600000	8.79752073e-02	
0.64758333	7.76301130e-02	
0.64916667	6.80417072e-02	
0.65075000	7.79935049e-02	
0.65233333	5.75574948e-02	
0.65391667	5.06757482e-02	
0.65550000	4.72377688e-02	
0.65708333	4.64939223e-02	
0.65866667	4.27195856e-02	
0.66025000	4.18199215e-02	
0.66183333	4.01862580e-02	
0.66341667	3.91286404e-02	
0.66500000	1.64057223e-02	
0.66658333	4.53801399e-02	
0.66816667	4.14890694e-02	
0.66975000	2.41234847e-02	
0.67133333	2.15228295e-02	
0.67291667	2.14727830e-02	
0.67450000	2.20201354e-02	
0.67608333	2.05746824e-02	
0.67766667	2.48757708e-02	
0.67925000	1.42203132e-02	
0.68083333	5.89317793e-03	
0.68241667	4.87527488e-03	
0.68400000	4.84519086e-03	
0.68558333	4.24261785e-03	
0.68716667	4.21306785e-03	
0.68875000	3.87537544e-03	
0.69033333	2.76823447e-03	
0.69191667	2.74476963e-03	
0.69350000	2.20788000e-03	
0.69508333	1.90568913e-03	
0.69666667	1.52370178e-03	
0.69825000	1.55507081e-03	
0.69983333	1.20142814e-03	
0.70141667	8.85486143e-04	
0.70300000	1.12802567e-03	
0.70458333	9.21660705e-04	
0.70616667	8.39139674e-04	
0.70775000	8.04333115e-04	
0.70933333	7.51491803e-04	
0.71091667	7.05783201e-04	
0.71250000	5.58909336e-04	
0.71408333	6.23272263e-04	
0.71566667	5.99495341e-04	
0.71725000	5.01245063e-04	
0.71883333	5.19144477e-04	
0.72041667	1.22149669e-03	
0.72200000	1.26413845e-03	
0.72358333	1.62500275e-04	
0.72516667	2.45413341e-04	
0.72675000	7.58220162e-04	
0.72833333	7.27278875e-04	
0.72991667	1.11939616e-03	
0.73150000	5.28197150e-04	
0.73308333	4.01033532e-04	
0.73466667	6.87810957e-04	
0.73625000	7.67324331e-04	
0.73783333	1.41077158e-04	
0.73941667	3.19354751e-05	
0.74100000	5.81207967e-06	
0.74258333	-7.10787478e-06	
0.74416667	-1.37684185e-05	
0.74575000	-1.62228097e-05	
0.74733333	-1.62131397e-05	
0.74891667	-1.46285391e-05	
0.75050000	-1.22807167e-05	
0.75208333	-9.99590734e-06	
0.75366667	-7.71565437e-06	
0.75525000	-5.85786777e-06	
0.75683333	-4.03332741e-06	
0.75841667	-2.58339435e-06	
0.76000000	-1.58702475e-06	
0.76158333	-7.96742710e-07	
0.76316667	-1.85636738e-07	
0.76475000	2.61299297e-07	
0.76633333	3.06904663e-07	
0.76791667	2.22139778e-07	
0.76950000	3.66994687e-07	
0.77108333	5.20827514e-07	
0.77266667	6.08245700e-07	
0.77425000	5.26532210e-07	
0.77583333	5.39590316e-07	
0.77741667	7.77565042e-07	
0.77900000	7.01236809e-07	
0.78058333	7.36928835e-07	
0.78216667	8.25903387e-07	
0.78375000	6.70642692e-07	
0.78533333	6.42251994e-07	
0.78691667	2.51274231e-07	
0.78850000	2.09627920e-07	
0.79008333	1.95142926e-07	
0.79166667	3.04337816e-07	
0.79325000	2.30749730e-07	
0.79483333	1.21079225e-07	
0.79641667	3.81255363e-07	
0.79800000	5.86464867e-07	
0.79958333	6.48000316e-07	
0.80116667	6.19868686e-07	
0.80275000	5.18409325e-07	
0.80433333	6.17916942e-07	
0.80591667	5.59762757e-07	
0.80750000	-2.77414398e-08	
0.80908333	2.88047553e-07	
0.81066667	2.30965326e-07	
0.81225000	3.56496904e-07	
0.81383333	2.85627992e-07	
0.81541667	2.38441479e-07	
0.81700000	5.36167890e-07	
0.81858333	4.26065606e-07	
0.82016667	6.07769119e-07	
0.82175000	5.45070106e-07	
0.82333333	5.49089630e-07	
0.82491667	6.69882514e-07	
0.82650000	4.16143053e-07	
0.82808333	1.51283648e-07	
0.82966667	1.28164621e-07	
0.83125000	3.20326113e-07	
0.83283333	3.31017581e-07	
0.83441667	3.18027434e-07	
0.83600000	6.09240529e-07	
0.83758333	5.38389790e-07	
0.83916667	5.95843496e-07	
0.84075000	5.22011295e-07	
0.84233333	4.20361078e-07	
0.84391667	5.42261076e-07	
0.84550000	3.95990296e-07	
0.84708333	2.71722512e-07	
0.84866667	1.05263373e-07	
0.85025000	8.55586721e-08	
0.85183333	1.06697815e-07	
0.85341667	8.73477704e-08	
0.85500000	1.54731387e-07	
0.85658333	3.56711142e-07	
0.85816667	3.67859254e-07	
0.85975000	5.50168686e-07	
0.86133333	3.46383158e-07	
0.86291667	5.22858501e-07	
0.86450000	5.61551197e-07	
0.86608333	5.01228090e-07	
0.86766667	2.34162495e-07	
0.86925000	3.72565572e-08	
0.87083333	9.58858155e-08	
0.87241667	1.85860692e-07	
0.87400000	9.68885195e-08	
0.87558333	1.29487302e-07	
0.87716667	3.91192953e-07	
0.87875000	5.70001808e-07	
0.88033333	5.60237938e-07	
0.88191667	4.11675536e-07	
0.88350000	5.80893345e-07	
0.88508333	3.24603977e-07	
0.88666667	4.28096117e-07	
0.88825000	1.19133726e-07	
0.88983333	1.21036089e-07	
0.89141667	2.84314369e-07	
0.89300000	7.55342643e-08	
0.89458333	1.25045435e-07	
0.89616667	4.56615005e-07	
0.89775000	5.46841185e-07	
0.89933333	5.67323824e-07	
0.90091667	3.81297729e-07	
0.90250000	5.07776968e-07	
0.90408333	6.09629355e-07	
0.90566667	3.23774608e-07	
0.90725000	2.30273513e-07	
0.90883333	-3.35758306e-08	
0.91041667	1.54999163e-07	
0.91200000	6.07637275e-08	
0.91358333	5.12479590e-08	
0.91516667	1.39315897e-07	
0.91675000	4.58475324e-07	
0.91833333	5.64516026e-07	
0.91991667	4.65473538e-07	
0.92150000	5.12703229e-07	
0.92308333	6.47482013e-07	
0.92466667	5.37766874e-07	
0.92625000	3.60798849e-07	
0.92783333	3.20634827e-08	
0.92941667	9.67941412e-08	
0.93100000	2.24613605e-07	
0.93258333	1.58197368e-07	
0.93416667	1.34111080e-07	
0.93575000	1.11512911e-07	
0.93733333	4.19152040e-07	
0.93891667	4.45293257e-07	
0.94050000	3.85058018e-07	
0.94208333	5.61144227e-07	
0.94366667	4.99610962e-07	
0.94525000	5.10675210e-07	
0.94683333	3.52596077e-07	
0.94841667	3.85960603e-08	
0.95000000	1.83691854e-07	
0.95158333	1.24319796e-07	
0.95316667	1.26246619e-07	
0.95475000	6.32198577e-08	
0.95633333	2.30464201e-07	
0.95791667	5.08773085e-07	
0.95950000	4.52942472e-07	
0.96108333	5.26186562e-07	
0.96266667	6.25616616e-07	
0.96425000	6.50919615e-07	
0.96583333	4.99310340e-07	
0.96741667	-9.25855874e-08	
0.96900000	6.72800959e-08	
0.97058333	1.58888635e-07	
0.97216667	1.62691094e-07	
0.97375000	1.74574981e-07	
0.97533333	7.33993645e-08	
0.97691667	4.06363138e-07	
0.97850000	3.91193821e-07	
0.98008333	4.82499674e-07	
0.98166667	4.96456788e-07	
0.98325000	4.04321678e-07	
0.98483333	3.16220121e-07	
0.98641667	2.89560209e-07	
0.98800000	-4.67548634e-08	
0.98958333	7.30792331e-08	
0.99116667	5.51804240e-08	
0.99275000	3.02177547e-07	
0.99433333	1.53833863e-07	
0.99591667	2.03976623e-07	
0.99750000	4.87641657e-07	
0.99908333	4.59424483e-07	
1.00066667	5.25365846e-07	
1.00225000	4.17552608e-07	
1.00383333	4.93734450e-07	
1.00541667	4.19799093e-07	
1.00700000	1.45752280e-07	
1.00858333	6.27428353e-08	
1.01016667	1.04640933e-07	
1.01175000	1.27965882e-07	
1.01333333	1.29548975e-07	
1.01491667	2.85530072e-08	
1.01650000	3.61723395e-07	
1.01808333	4.28312175e-07	
1.01966667	4.99827916e-07	
1.02125000	4.26740268e-07	
1.02283333	4.63487325e-07	
1.02441667	6.24579001e-07	
1.02600000	2.49866328e-07	
1.02758333	1.83968185e-07	
1.02916667	1.75913567e-07	
1.03075000	2.29928607e-07	
1.03233333	2.58836082e-07	
1.03391667	1.65361182e-07	
1.03550000	2.38447552e-08	
1.03708333	4.60204178e-07	
1.03866667	4.88116222e-07	
1.04025000	5.93207962e-07	
1.04183333	4.90624799e-07	
1.04341667	6.04102299e-07	
1.04500000	3.76111112e-07	
1.04658333	-1.66527546e-07	
1.04816667	-1.97598412e-07	
1.04975000	-9.21531150e-08	
1.05133333	4.81632426e-08	
1.05291667	-2.10442515e-08	
1.05450000	9.93810881e-09	
1.05608333	3.88912279e-07	
1.05766667	5.24759954e-07	
1.05925000	4.61715518e-07	
1.06083333	4.43307212e-07	
1.06241667	4.23299950e-07	
1.06400000	6.78634531e-07	
1.06558333	3.75525298e-07	
1.06716667	3.35545748e-07	
1.06875000	1.83908108e-07	
1.07033333	2.47211977e-07	
1.07191667	3.11010151e-07	
1.07350000	1.07994301e-07	
1.07508333	1.36703520e-07	
1.07666667	2.56027276e-07	
1.07825000	5.37421731e-07	
1.07983333	5.91738848e-07	
1.08141667	5.58680452e-07	
1.08300000	5.66631241e-07	
1.08458333	5.76310155e-07	
1.08616667	2.00934118e-07	
1.08775000	1.21467910e-07	
1.08933333	-7.30714068e-08	
1.09091667	1.08979714e-07	
1.09250000	6.39094657e-08	
1.09408333	2.44119378e-07	
1.09566667	3.86225250e-07	
1.09725000	5.78213121e-07	
1.09883333	5.75014985e-07	
1.10041667	4.22608935e-07	
1.10200000	4.92439336e-07	
1.10358333	5.64765517e-07	
1.10516667	5.47144103e-07	
1.10675000	3.44957923e-07	
1.10833333	1.69129731e-07	
1.10991667	1.36591305e-07	
1.11150000	1.93241879e-07	
1.11308333	4.20000121e-08	
1.11466667	2.17613808e-07	
1.11625000	3.04295730e-07	
1.11783333	3.17259584e-07	
1.11941667	3.59908885e-07	
1.12100000	3.49883008e-07	
1.12258333	4.86042225e-07	
1.12416667	4.73639517e-07	
1.12575000	3.22401426e-07	
1.12733333	2.39261412e-07	
1.12891667	1.20300986e-07	
1.13050000	2.58275245e-07	
1.13208333	2.89213777e-07	
1.13366667	2.01105612e-07	
1.13525000	3.53046337e-07	
1.13683333	3.77712336e-07	
1.13841667	5.71645706e-07	
1.14000000	4.06792313e-07	
1.14158333	5.05704987e-07	
1.14316667	4.19152600e-07	
1.14475000	4.54454904e-07	
1.14633333	4.05548329e-07	
1.14791667	8.48840798e-08	
1.14950000	3.02264407e-07	
1.15108333	1.87710973e-07	
1.15266667	6.85765401e-08	
1.15425000	2.29833907e-07	
1.15583333	3.01443298e-07	
1.15741667	3.76631964e-07	
1.15900000	4.52165241e-07	
1.16058333	5.06136207e-07	
1.16216667	6.40783664e-07	
1.16375000	5.68273963e-07	
1.16533333	2.34560645e-07	
1.16691667	1.85445979e-07	
1.16850000	8.49104990e-08	
1.17008333	2.23619490e-07	
1.17166667	1.49683852e-07	
1.17325000	1.76778050e-07	
1.17483333	7.25178569e-08	
1.17641667	1.68300068e-07	
1.17800000	4.95107632e-07	
1.17958333	3.94823652e-07	
1.18116667	3.97113931e-07	
1.18275000	3.32772560e-07	
1.18433333	4.26452975e-07	
1.18591667	4.81487093e-07	
1.18750000	2.16144023e-07	
1.18908333	2.24526759e-07	
1.19066667	3.11857553e-07	
1.19225000	3.72785571e-07	
1.19383333	2.71230082e-07	
1.19541667	1.56745895e-07	
1.19700000	5.65637869e-07	
1.19858333	3.95903660e-07	
1.20016667	3.83371782e-07	
1.20175000	3.85566521e-07	
1.20333333	2.65707899e-07	
1.20491667	4.45512786e-07	
1.20650000	3.75204180e-07	
1.20808333	7.39350845e-08	
1.20966667	2.00847034e-07	
1.21125000	3.07752177e-07	
1.21283333	3.32572575e-07	
1.21441667	1.88601231e-07	
1.21600000	2.56071434e-07	
@ 
0.00000000	5.39841599e-07	
0.00158333	3.86354196e-07	
0.00316667	6.01460156e-07	
0.00475000	5.15298162e-07	
0.00633333	6.13299983e-07	
0.00791667	2.72005773e-07	
0.00950000	2.69986210e-07	
0.01108333	2.07631851e-07	
0.01266667	1.19435901e-07	
0.01425000	2.87339345e-07	
0.01583333	1.38449580e-07	
0.01741667	3.40948003e-07	
0.01900000	7.05991926e-07	
0.02058333	5.34612084e-07	
0.02216667	5.35043976e-07	
0.02375000	6.00647560e-07	
0.02533333	5.25451305e-07	
0.02691667	6.20865307e-07	
0.02850000	2.81436512e-07	
0.03008333	1.29625726e-07	
0.03166667	2.47558436e-07	
0.03325000	3.37524849e-07	
0.03483333	3.07968207e-07	
0.03641667	6.29588020e-08	
0.03800000	2.79751145e-07	
0.03958333	4.11450238e-07	
0.04116667	5.56824025e-07	
0.04275000	6.31319576e-07	
0.04433333	4.66900566e-07	
0.04591667	6.29809188e-07	
0.04750000	4.34206131e-07	
0.04908333	2.10456813e-07	
0.05066667	1.37109902e-07	
0.05225000	1.02627496e-07	
0.05383333	3.25943837e-07	
0.05541667	2.86232539e-07	
0.05700000	4.65344816e-07	
0.05858333	3.92791517e-07	
0.06016667	4.12885274e-07	
0.06175000	3.99878495e-07	
0.06333333	4.08607495e-07	
0.06491667	4.41145599e-07	
0.06650000	4.34579080e-07	
0.06808333	2.98288424e-07	
0.06966667	2.59874593e-07	
0.07125000	2.10958540e-07	
0.07283333	2.67868447e-07	
0.07441667	2.07976588e-07	
0.07600000	1.39511514e-07	
0.07758333	3.03681242e-07	
0.07916667	5.98652134e-07	
0.08075000	5.87200964e-07	
0.08233333	5.91695558e-07	
0.08391667	6.16671335e-07	
0.08550000	5.97312498e-07	
0.08708333	3.32555354e-07	
0.08866667	1.38802228e-07	
0.09025000	1.71160522e-07	
0.09183333	2.79318805e-07	
0.09341667	3.63754102e-07	
0.09500000	1.09886682e-07	
0.09658333	4.99090370e-08	
0.09816667	3.28667044e-07	
0.09975000	3.39426162e-07	
0.10133333	5.61835298e-07	
0.10291667	5.64168755e-07	
0.10450000	6.47051410e-07	
0.10608333	7.30454552e-07	
0.10766667	4.86387817e-07	
0.10925000	3.81098780e-07	
0.11083333	1.10794083e-07	
0.11241667	2.55941340e-07	
0.11400000	2.11217145e-07	
0.11558333	1.26738447e-07	
0.11716667	3.00968257e-07	
0.11875000	4.93862640e-07	
0.12033333	5.53366598e-07	
0.12191667	4.36264139e-07	
0.12350000	5.57817678e-07	
0.12508333	6.02152963e-07	
0.12666667	5.49910403e-07	
0.12825000	4.50133190e-07	
0.12983333	2.42156770e-07	
0.13141667	1.76777994e-07	
0.13300000	2.58041631e-07	
0.13458333	1.22642857e-07	
0.13616667	1.68395482e-07	
0.13775000	4.55101586e-08	
0.13933333	5.75748786e-07	
0.14091667	5.05013020e-07	
0.14250000	3.80520498e-07	
0.14408333	6.00854489e-07	
0.14566667	5.79380605e-07	
0.14725000	5.05056814e-07	
0.14883333	2.06981423e-07	
0.15041667	9.21529890e-08	
0.15200000	2.34335851e-07	
0.15358333	1.14648925e-07	
0.15516667	1.12004858e-07	
0.15675000	2.57990388e-07	
0.15833333	3.81610083e-07	
0.15991667	6.10923181e-07	
0.16150000	6.51024844e-07	
0.16308333	6.55301588e-07	
0.16466667	6.66752646e-07	
0.16625000	6.63937119e-07	
0.16783333	6.19090867e-07	
0.16941667	2.21649784e-07	
0.17100000	2.55379691e-07	
0.17258333	2.78843736e-07	
0.17416667	2.61429531e-07	
0.17575000	3.41846647e-07	
0.17733333	3.89179803e-07	
0.17891667	6.92220348e-07	
0.18050000	6.06775914e-07	
0.18208333	4.95472096e-07	
0.18366667	5.90529305e-07	
0.18525000	6.57421059e-07	
0.18683333	5.02929615e-07	
0.18841667	3.58524727e-07	
0.19000000	2.81980801e-07	
0.19158333	3.35882743e-07	
0.19316667	1.43651864e-07	
0.19475000	1.67090105e-07	
0.19633333	3.16704347e-07	
0.19791667	4.95375884e-07	
0.19950000	6.20776487e-07	
0.20108333	5.27051185e-07	
0.20266667	5.73762881e-07	
0.20425000	7.71973023e-07	
0.20583333	5.55249794e-07	
0.20741667	6.07207694e-07	
0.20900000	3.65525657e-07	
0.21058333	3.94866298e-07	
0.21216667	4.48534990e-07	
0.21375000	2.57107733e-07	
0.21533333	2.63719613e-07	
0.21691667	2.99437988e-07	
0.21850000	6.27607001e-07	
0.22008333	6.52631052e-07	
0.22166667	5.42866351e-07	
0.22325000	5.82189131e-07	
0.22483333	6.03405683e-07	
0.22641667	6.71031574e-07	
0.22800000	7.12601791e-07	
0.22958333	3.17604951e-07	
0.23116667	2.07026785e-07	
0.23275000	1.97864872e-07	
0.23433333	3.15097019e-07	
0.23591667	2.55249541e-07	
0.23750000	4.97968800e-07	
0.23908333	7.64627565e-07	
0.24066667	6.27732391e-07	
0.24225000	6.45882861e-07	
0.24383333	6.36333089e-07	
0.24541667	6.94796968e-07	
0.24700000	6.59882873e-07	
0.24858333	3.03992224e-07	
0.25016667	3.09481199e-07	
0.25175000	1.82541871e-07	
0.25333333	2.99240327e-07	
0.25491667	3.33896754e-07	
0.25650000	2.46305408e-07	
0.25808333	5.89362773e-07	
0.25966667	5.54170066e-07	
0.26125000	6.51845225e-07	
0.26283333	6.06775914e-07	
0.26441667	6.05652616e-07	
0.26600000	8.28093197e-07	
0.26758333	4.34577708e-07	
0.26916667	3.07146286e-07	
0.27075000	2.08106640e-07	
0.27233333	2.09791896e-07	
0.27391667	2.84288664e-07	
0.27550000	1.51326266e-07	
0.27708333	5.18820608e-07	
0.27866667	6.52044930e-07	
0.28025000	7.39133709e-07	
0.28183333	6.85291102e-07	
0.28341667	4.79042975e-07	
0.28500000	7.21242083e-07	
0.28658333	6.51109128e-07	
0.28816667	2.75118841e-07	
0.28975000	1.94114692e-07	
0.29133333	1.26609501e-07	
0.29291667	4.20403304e-07	
0.29450000	2.81047435e-07	
0.29608333	2.21502245e-07	
0.29766667	6.12825082e-07	
0.29925000	5.85905066e-07	
0.30083333	5.99472515e-07	
0.30241667	4.81332414e-07	
0.30400000	5.76917391e-07	
0.30558333	8.68421111e-07	
0.30716667	6.70840213e-07	
0.30875000	5.10812473e-07	
0.31033333	2.64194767e-07	
0.31191667	3.27457221e-07	
0.31350000	4.48197855e-07	
0.31508333	2.88263667e-07	
0.31666667	4.87131810e-07	
0.31825000	6.34991885e-07	
0.31983333	6.96959113e-07	
0.32141667	7.59180929e-07	
0.32300000	4.85266478e-07	
0.32458333	5.70288373e-07	
0.32616667	5.23593982e-07	
0.32775000	4.44992467e-07	
0.32933333	2.42200284e-07	
0.33091667	1.60790467e-07	
0.33250000	3.00060204e-07	
0.33408333	1.04538015e-07	
0.33566667	1.13731919e-07	
0.33725000	4.57548511e-07	
0.33883333	5.34396811e-07	
0.34041667	6.28078934e-07	
0.34200000	5.32020456e-07	
0.34358333	7.96173109e-07	
0.34516667	8.82812748e-07	
0.34675000	8.37826098e-07	
0.34833333	6.78937784e-07	
0.34991667	2.11736303e-07	
0.35150000	3.28493940e-07	
0.35308333	3.05789961e-07	
0.35466667	2.57643285e-07	
0.35625000	3.90759494e-07	
0.35783333	4.34509133e-07	
0.35941667	8.37655066e-07	
0.36100000	7.92543306e-07	
0.36258333	6.15721140e-07	
0.36416667	7.03872399e-07	
0.36575000	5.48397215e-07	
0.36733333	4.31811492e-07	
0.36891667	3.52821571e-07	
0.37050000	2.23014061e-07	
0.37208333	3.13075552e-07	
0.37366667	3.45059119e-07	
0.37525000	2.20672680e-07	
0.37683333	4.25045548e-07	
0.37841667	3.48069030e-07	
0.38000000	6.90303942e-07	
0.38158333	7.50022222e-07	
0.38316667	7.00417156e-07	
0.38475000	7.72189697e-07	
0.38633333	7.40908037e-07	
0.38791667	8.65657947e-07	
0.38950000	3.37697953e-07	
0.39108333	3.66778574e-07	
0.39266667	3.58871327e-07	
0.39425000	3.97648167e-07	
0.39583333	5.10327659e-07	
0.39741667	4.56184485e-07	
0.39900000	9.63056845e-07	
0.40058333	9.87557160e-07	
0.40216667	9.66423380e-07	
0.40375000	1.24676782e-06	
0.40533333	1.51035439e-06	
0.40691667	1.86576639e-06	
0.40850000	2.17138207e-06	
0.41008333	2.92417278e-06	
0.41166667	4.00938253e-06	
0.41325000	5.32922869e-06	
0.41483333	6.82430404e-06	
0.41641667	9.14044521e-06	
0.41800000	1.23743224e-05	
0.41958333	1.69141800e-05	
0.42116667	2.26321548e-05	
0.42275000	3.02305758e-05	
0.42433333	3.89797883e-05	
0.42591667	4.89297629e-05	
0.42750000	5.98178736e-05	
0.42908333	6.95716583e-05	
0.43066667	8.05256495e-05	
0.43225000	9.82976894e-05	
0.43383333	1.24618992e-04	
0.43541667	1.46037378e-04	
0.43700000	1.58214608e-04	
0.43858333	1.68963076e-04	
0.44016667	1.97494645e-04	
0.44175000	2.56382593e-04	
0.44333333	3.33017887e-04	
0.44491667	3.41631515e-04	
0.44650000	3.26168183e-04	
0.44808333	3.17430515e-04	
0.44966667	3.58873565e-04	
0.45125000	4.56849468e-04	
0.45283333	4.72950149e-04	
0.45441667	4.76175607e-04	
0.45600000	7.36477323e-04	
0.45758333	1.38802277e-03	
0.45916667	2.21200253e-03	
0.46075000	3.16395427e-03	
0.46233333	4.94738246e-03	
0.46391667	6.96504777e-03	
0.46550000	9.69067993e-03	
0.46708333	1.31785049e-02	
0.46866667	1.89763114e-02	
0.47025000	2.55654418e-02	
0.47183333	3.73577709e-02	
0.47341667	5.22171287e-02	
0.47500000	8.08222673e-02	
0.47658333	1.04984674e-01	
0.47816667	1.56054703e-01	
0.47975000	2.12369221e-01	
0.48133333	2.70803606e-01	
0.48291667	3.18388556e-01	
0.48450000	4.30075090e-01	
0.48608333	5.54060107e-01	
0.48766667	4.65220741e-01	
0.48925000	4.93412866e-01	
0.49083333	5.71365390e-01	
0.49241667	8.71498321e-01	
0.49400000	8.09450481e-01	
0.49558333	1.87534500e+00	
0.49716667	2.49834285e+00	
0.49875000	2.86007632e+00	
0.50033333	2.91821105e+00	
0.50191667	3.00045527e+00	
0.50350000	3.06813387e+00	
0.50508333	3.12204666e+00	
0.50666667	3.50426573e+00	
0.50825000	4.07656564e+00	
0.50983333	5.81892502e+00	
0.51141667	5.66612430e+00	
0.51300000	5.73578233e+00	
0.51458333	6.84247065e+00	
0.51616667	6.98048118e+00	
0.51775000	7.39744378e+00	
0.51933333	7.42057308e+00	
0.52091667	7.64635649e+00	
0.52250000	7.87852237e+00	
0.52408333	7.83859362e+00	
0.52566667	7.94101292e+00	
0.52725000	8.00211855e+00	
0.52883333	8.54736858e+00	
0.53041667	9.61715214e+00	
0.53200000	1.01939650e+01	
0.53358333	1.00200024e+01	
0.53516667	1.04864351e+01	
0.53675000	1.14849591e+01	
0.53833333	1.22049478e+01	
0.53991667	1.26164346e+01	
0.54150000	1.29567568e+01	
0.54308333	1.31090642e+01	
0.54466667	1.36512954e+01	
0.54625000	1.39970652e+01	
0.54783333	1.43088546e+01	
0.54941667	1.43835999e+01	
0.55100000	1.46557998e+01	
0.55258333	1.51034148e+01	
0.55416667	1.58414103e+01	
0.55575000	1.69051252e+01	
0.55733333	1.70345298e+01	
0.55891667	1.67760400e+01	
0.56050000	1.68959851e+01	
0.56208333	1.71353020e+01	
0.56366667	1.76407792e+01	
0.56525000	1.79361169e+01	
0.56683333	1.82143469e+01	
0.56841667	1.86814804e+01	
0.57000000	2.04899369e+01	
0.57158333	2.20643286e+01	
0.57316667	2.20929421e+01	
0.57475000	2.20391482e+01	
0.57633333	2.25061690e+01	
0.57791667	2.33130478e+01	
0.57950000	2.38629140e+01	
0.58108333	2.42301378e+01	
0.58266667	2.44959354e+01	
0.58425000	2.49868325e+01	
0.58583333	2.51864189e+01	
0.58741667	2.54348365e+01	
0.58900000	2.62552282e+01	
0.59058333	2.69313983e+01	
0.59216667	2.76681253e+01	
0.59375000	2.83275017e+01	
0.59533333	2.87495154e+01	
0.59691667	2.84993521e+01	
0.59850000	2.84768476e+01	
0.60008333	2.92586494e+01	
0.60166667	3.03515172e+01	
0.60325000	3.05342628e+01	
0.60483333	3.08502803e+01	
0.60641667	3.12894129e+01	
0.60800000	3.11933046e+01	
0.60958333	3.12598504e+01	
0.61116667	3.17925995e+01	
0.61275000	3.21169791e+01	
