start voltage : 0.00 V 
set voltage : 0.10 V 
High G : 30.00 G0 
Intermediate G : 20.00 G0 
Low G : 10.00 G0 
Breaking speed 1 : 300.00 V/s 
Breaking speed 2 : 300.00 V/s 
Making speed : 500.00 V/s 
Post breaking : 230.00 V/s 
@ 
0.00000000	9.07265921e+01	
0.00158333	9.17814469e+01	
0.00316667	9.19444579e+01	
0.00475000	9.20151359e+01	
0.00633333	9.16727579e+01	
0.00791667	9.20856259e+01	
0.00950000	9.16515463e+01	
0.01108333	9.18209613e+01	
0.01266667	9.19722315e+01	
0.01425000	9.18770347e+01	
0.01583333	9.15893169e+01	
0.01741667	9.16631819e+01	
0.01900000	9.18865055e+01	
0.02058333	9.20164588e+01	
0.02216667	9.18528465e+01	
0.02375000	9.19589648e+01	
0.02533333	9.14678799e+01	
0.02691667	9.20780943e+01	
0.02850000	9.18525683e+01	
0.03008333	9.21318300e+01	
0.03166667	9.19046504e+01	
0.03325000	9.17779518e+01	
0.03483333	9.20895420e+01	
0.03641667	9.20379636e+01	
0.03800000	9.19372045e+01	
0.03958333	9.22667216e+01	
0.04116667	9.17960140e+01	
0.04275000	9.22519592e+01	
0.04433333	9.19289438e+01	
0.04591667	9.19750427e+01	
0.04750000	9.21058453e+01	
0.04908333	9.18532975e+01	
0.05066667	9.22156994e+01	
0.05225000	9.23011098e+01	
0.05383333	9.20931875e+01	
0.05541667	9.22685632e+01	
0.05700000	9.20626103e+01	
0.05858333	9.21732761e+01	
0.06016667	9.17711568e+01	
0.06175000	9.21528312e+01	
0.06333333	9.20587167e+01	
0.06491667	9.21548381e+01	
0.06650000	9.20946683e+01	
0.06808333	9.20452396e+01	
0.06966667	9.21276508e+01	
0.07125000	9.19157824e+01	
0.07283333	9.20766211e+01	
0.07441667	9.21938940e+01	
0.07600000	9.25390606e+01	
0.07758333	9.22709008e+01	
0.07916667	9.21589797e+01	
0.08075000	9.22441269e+01	
0.08233333	9.22815292e+01	
0.08391667	9.17844310e+01	
0.08550000	9.29923148e+01	
0.08708333	9.21102425e+01	
0.08866667	9.22051086e+01	
0.09025000	9.25244935e+01	
0.09183333	9.21610543e+01	
0.09341667	9.22674583e+01	
0.09500000	9.20945179e+01	
0.09658333	9.23656768e+01	
0.09816667	9.25037479e+01	
0.09975000	9.23341224e+01	
0.10133333	9.23356106e+01	
0.10291667	9.22146396e+01	
0.10450000	9.22208858e+01	
0.10608333	9.28187732e+01	
0.10766667	9.21284701e+01	
0.10925000	9.25477346e+01	
0.11083333	9.26149324e+01	
0.11241667	9.24498243e+01	
0.11400000	9.24713517e+01	
0.11558333	9.23915411e+01	
0.11716667	9.26783794e+01	
0.11875000	9.23580851e+01	
0.12033333	9.24589569e+01	
0.12191667	9.21278613e+01	
0.12350000	9.25175107e+01	
0.12508333	9.30909618e+01	
0.12666667	9.25843777e+01	
0.12825000	9.27123466e+01	
0.12983333	9.23220809e+01	
0.13141667	9.24394665e+01	
0.13300000	9.24414133e+01	
0.13458333	9.25073709e+01	
0.13616667	9.28127600e+01	
0.13775000	9.26400000e+01	
0.13933333	9.28927885e+01	
0.14091667	9.28175856e+01	
0.14250000	9.26692619e+01	
0.14408333	9.29547247e+01	
0.14566667	9.28498240e+01	
0.14725000	9.30379026e+01	
0.14883333	9.30294239e+01	
0.15041667	9.30017406e+01	
0.15200000	9.34437200e+01	
0.15358333	9.28364145e+01	
0.15516667	9.29999216e+01	
0.15675000	9.32819493e+01	
0.15833333	9.29806943e+01	
0.15991667	9.31137970e+01	
0.16150000	9.29200810e+01	
0.16308333	9.35800473e+01	
0.16466667	9.32387368e+01	
0.16625000	9.26395866e+01	
0.16783333	9.29962685e+01	
0.16941667	9.29047247e+01	
0.17100000	9.35335125e+01	
0.17258333	9.32860759e+01	
0.17416667	9.30873313e+01	
0.17575000	9.32533865e+01	
0.17733333	9.33098807e+01	
0.17891667	9.36368047e+01	
0.18050000	9.32319418e+01	
0.18208333	9.31855498e+01	
0.18366667	9.34116395e+01	
0.18525000	9.31212684e+01	
0.18683333	9.35555059e+01	
0.18841667	9.30134964e+01	
0.19000000	9.34251617e+01	
0.19158333	9.35279127e+01	
0.19316667	9.32813179e+01	
0.19475000	9.33657962e+01	
0.19633333	9.33687351e+01	
0.19791667	9.33617072e+01	
0.19950000	9.34437426e+01	
0.20108333	9.33556864e+01	
0.20266667	9.34565207e+01	
0.20425000	9.31647966e+01	
0.20583333	9.34924647e+01	
0.20741667	9.35655855e+01	
0.20900000	9.33849859e+01	
0.21058333	9.34417507e+01	
0.21216667	9.34316335e+01	
0.21375000	9.34911794e+01	
0.21533333	9.38349028e+01	
0.21691667	9.33759886e+01	
0.21850000	9.36782884e+01	
0.22008333	9.34600910e+01	
0.22166667	9.38015745e+01	
0.22325000	9.34886238e+01	
0.22483333	9.37106320e+01	
0.22641667	9.36888942e+01	
0.22800000	9.35398865e+01	
0.22958333	9.36201556e+01	
0.23116667	9.35645032e+01	
0.23275000	9.35373234e+01	
0.23433333	9.33653226e+01	
0.23591667	9.33056865e+01	
0.23750000	9.37206741e+01	
0.23908333	9.35382479e+01	
0.24066667	9.39157882e+01	
0.24225000	9.38772434e+01	
0.24383333	9.36717716e+01	
0.24541667	9.38158108e+01	
0.24700000	9.35847752e+01	
0.24858333	9.37942985e+01	
0.25016667	9.38149464e+01	
0.25175000	9.36992294e+01	
0.25333333	9.42442455e+01	
0.25491667	9.35572798e+01	
0.25650000	9.39369848e+01	
0.25808333	9.37391573e+01	
0.25966667	9.36184117e+01	
0.26125000	9.38458770e+01	
0.26283333	9.37803478e+01	
0.26441667	9.35421941e+01	
0.26600000	9.32614066e+01	
0.26758333	9.39210122e+01	
0.26916667	9.39569262e+01	
0.27075000	9.39740639e+01	
0.27233333	9.37613461e+01	
0.27391667	9.33891049e+01	
0.27550000	9.38792203e+01	
0.27708333	9.41499507e+01	
0.27866667	9.37419985e+01	
0.28025000	9.41121801e+01	
0.28183333	9.38896156e+01	
0.28341667	9.35512741e+01	
0.28500000	9.38409461e+01	
0.28658333	9.39157205e+01	
0.28816667	9.43380067e+01	
0.28975000	9.38028448e+01	
0.29133333	9.40664570e+01	
0.29291667	9.39636835e+01	
0.29450000	9.38606770e+01	
0.29608333	9.43385103e+01	
0.29766667	9.39191631e+01	
0.29925000	9.41887961e+01	
0.30083333	9.44226353e+01	
0.30241667	9.39241466e+01	
0.30400000	9.45498902e+01	
0.30558333	9.41926671e+01	
0.30716667	9.41097447e+01	
0.30875000	9.40194637e+01	
0.31033333	9.40924342e+01	
0.31191667	9.44058735e+01	
0.31350000	9.37753343e+01	
0.31508333	9.42128039e+01	
0.31666667	9.39224403e+01	
0.31825000	9.40382926e+01	
0.31983333	9.44605863e+01	
0.32141667	9.39292954e+01	
0.32300000	9.44160358e+01	
0.32458333	9.37246053e+01	
0.32616667	9.41584744e+01	
0.32775000	9.42232293e+01	
0.32933333	9.39885783e+01	
0.33091667	9.43812268e+01	
0.33250000	9.39546261e+01	
0.33408333	9.43861200e+01	
0.33566667	9.39141797e+01	
0.33725000	9.39871727e+01	
0.33883333	9.42782202e+01	
0.34041667	9.40039120e+01	
0.34200000	9.44698391e+01	
0.34358333	9.41260782e+01	
0.34516667	9.40359850e+01	
0.34675000	9.44234997e+01	
0.34833333	9.41068885e+01	
0.34991667	9.44408704e+01	
0.35150000	9.40255671e+01	
0.35308333	9.42250934e+01	
0.35466667	9.43865259e+01	
0.35625000	9.42739809e+01	
0.35783333	9.44791371e+01	
0.35941667	9.42059112e+01	
0.36100000	9.42751084e+01	
0.36258333	9.44187944e+01	
0.36416667	9.42413592e+01	
0.36575000	9.45768445e+01	
0.36733333	9.42779045e+01	
0.36891667	9.43446739e+01	
0.37050000	9.45072113e+01	
0.37208333	9.43825346e+01	
0.37366667	9.44771151e+01	
0.37525000	9.41795808e+01	
0.37683333	9.43053173e+01	
0.37841667	9.43472746e+01	
0.38000000	9.43077076e+01	
0.38158333	9.45314972e+01	
0.38316667	9.41543178e+01	
0.38475000	9.43605187e+01	
0.38633333	9.45630817e+01	
0.38791667	9.43421558e+01	
0.38950000	9.45750179e+01	
0.39108333	9.41349477e+01	
0.39266667	9.43801820e+01	
0.39425000	9.45089702e+01	
0.39583333	9.44978157e+01	
0.39741667	9.45824668e+01	
0.39900000	9.42055805e+01	
0.40058333	9.45471241e+01	
0.40216667	9.43825497e+01	
0.40375000	9.43524535e+01	
0.40533333	9.50925235e+01	
0.40691667	9.41225078e+01	
0.40850000	9.43571664e+01	
0.41008333	9.39895554e+01	
0.41166667	9.43071363e+01	
0.41325000	9.43532352e+01	
0.41483333	9.40364811e+01	
0.41641667	9.41655024e+01	
0.41800000	9.43281300e+01	
0.41958333	9.45949443e+01	
0.42116667	9.43136682e+01	
0.42275000	9.41227859e+01	
0.42433333	9.41551070e+01	
0.42591667	9.42159834e+01	
0.42750000	9.43573768e+01	
0.42908333	9.45138785e+01	
0.43066667	9.43501610e+01	
0.43225000	9.43724700e+01	
0.43383333	9.42165471e+01	
0.43541667	9.46014010e+01	
0.43700000	9.43022807e+01	
0.43858333	9.44405021e+01	
0.44016667	9.47123149e+01	
0.44175000	9.42516268e+01	
0.44333333	9.43519499e+01	
0.44491667	9.48622546e+01	
0.44650000	9.45550991e+01	
0.44808333	9.44975977e+01	
0.44966667	9.45338274e+01	
0.45125000	9.46137882e+01	
0.45283333	9.44802646e+01	
0.45441667	9.43529947e+01	
0.45600000	9.49270621e+01	
0.45758333	9.47005590e+01	
0.45916667	9.45967933e+01	
0.46075000	9.45441851e+01	
0.46233333	9.45294152e+01	
0.46391667	9.48296780e+01	
0.46550000	9.44105638e+01	
0.46708333	9.45115484e+01	
0.46866667	9.44828427e+01	
0.47025000	9.46545128e+01	
0.47183333	9.43934111e+01	
0.47341667	9.42341433e+01	
0.47500000	9.48720938e+01	
0.47658333	9.45555802e+01	
0.47816667	9.47159754e+01	
0.47975000	9.46827599e+01	
0.48133333	9.44713875e+01	
0.48291667	9.46967933e+01	
0.48450000	9.47149607e+01	
0.48608333	9.48485069e+01	
0.48766667	9.45755667e+01	
0.48925000	9.44320310e+01	
0.49083333	9.48537008e+01	
0.49241667	9.46363528e+01	
0.49400000	9.48241909e+01	
0.49558333	9.47944104e+01	
0.49716667	9.46931552e+01	
0.49875000	9.47975373e+01	
0.50033333	9.45769948e+01	
0.50191667	9.49713646e+01	
0.50350000	9.45850976e+01	
0.50508333	9.46807154e+01	
0.50666667	9.49506190e+01	
0.50825000	9.46736874e+01	
0.50983333	9.48700493e+01	
0.51141667	9.45594437e+01	
0.51300000	9.46894571e+01	
0.51458333	9.46998600e+01	
0.51616667	9.45309560e+01	
0.51775000	9.47539189e+01	
0.51933333	9.46058808e+01	
0.52091667	9.46027464e+01	
0.52250000	9.48773178e+01	
0.52408333	9.45045279e+01	
0.52566667	9.50601874e+01	
0.52725000	9.45675841e+01	
0.52883333	9.48568803e+01	
0.53041667	9.46041896e+01	
0.53200000	9.45068280e+01	
0.53358333	9.48249426e+01	
0.53516667	9.47164415e+01	
0.53675000	9.48974545e+01	
0.53833333	9.49193051e+01	
0.53991667	9.45325120e+01	
0.54150000	9.51371191e+01	
0.54308333	9.46231313e+01	
0.54466667	9.50710939e+01	
0.54625000	9.48599546e+01	
0.54783333	9.45659831e+01	
0.54941667	9.48133070e+01	
0.55100000	9.48345337e+01	
0.55258333	9.50933278e+01	
0.55416667	9.48296254e+01	
0.55575000	9.49303243e+01	
0.55733333	9.49096539e+01	
0.55891667	9.45936589e+01	
0.56050000	9.47671931e+01	
0.56208333	9.44785959e+01	
0.56366667	9.46594511e+01	
0.56525000	9.50964171e+01	
0.56683333	9.47962369e+01	
0.56841667	9.47436814e+01	
0.57000000	9.43830834e+01	
0.57158333	9.48314293e+01	
0.57316667	9.46643294e+01	
0.57475000	9.42385179e+01	
0.57633333	9.42952677e+01	
0.57791667	9.45815423e+01	
0.57950000	9.48231837e+01	
0.58108333	9.48389308e+01	
0.58266667	9.46234695e+01	
0.58425000	9.49530318e+01	
0.58583333	9.45708463e+01	
0.58741667	9.46827824e+01	
0.58900000	9.48218833e+01	
0.59058333	9.43635855e+01	
0.59216667	9.46631793e+01	
0.59375000	9.43107443e+01	
0.59533333	9.50391787e+01	
0.59691667	9.43920656e+01	
0.59850000	9.44760403e+01	
0.60008333	9.46469962e+01	
0.60166667	9.45941701e+01	
0.60325000	9.46308883e+01	
0.60483333	9.47731762e+01	
0.60641667	9.43949745e+01	
0.60800000	9.47358491e+01	
0.60958333	9.44255968e+01	
0.61116667	9.47431176e+01	
0.61275000	9.44311741e+01	
0.61433333	9.43361577e+01	
0.61591667	9.43672084e+01	
0.61750000	9.44177646e+01	
0.61908333	9.48827372e+01	
0.62066667	9.44374354e+01	
0.62225000	9.45716355e+01	
0.62383333	9.42859397e+01	
0.62541667	9.43437118e+01	
0.62700000	9.45937116e+01	
0.62858333	9.41211849e+01	
0.63016667	9.44887733e+01	
0.63175000	9.45298812e+01	
0.63333333	9.46034455e+01	
0.63491667	9.42378414e+01	
0.63650000	9.39378342e+01	
0.63808333	9.41740111e+01	
0.63966667	9.41706587e+01	
0.64125000	9.44819783e+01	
0.64283333	9.44853908e+01	
0.64441667	9.39355266e+01	
0.64600000	9.39121276e+01	
0.64758333	9.46374728e+01	
0.64916667	9.46879839e+01	
0.65075000	9.41703956e+01	
0.65233333	9.37740490e+01	
0.65391667	9.43382698e+01	
0.65550000	9.44760252e+01	
0.65708333	9.44345340e+01	
0.65866667	9.43333314e+01	
0.66025000	9.41115863e+01	
0.66183333	9.46020399e+01	
0.66341667	9.40649988e+01	
0.66500000	9.35997031e+01	
0.66658333	9.41235000e+01	
0.66816667	9.39742969e+01	
0.66975000	9.43328203e+01	
0.67133333	9.44434787e+01	
0.67291667	9.42349325e+01	
0.67450000	9.42602708e+01	
0.67608333	9.39624283e+01	
0.67766667	9.44299189e+01	
0.67925000	9.40933963e+01	
0.68083333	9.42339253e+01	
0.68241667	9.41110301e+01	
0.68400000	9.39838880e+01	
0.68558333	9.38966286e+01	
0.68716667	9.40408858e+01	
0.68875000	9.42682759e+01	
0.69033333	9.40448320e+01	
0.69191667	9.38992368e+01	
0.69350000	9.42920958e+01	
0.69508333	9.36376315e+01	
0.69666667	9.42216508e+01	
0.69825000	9.39773711e+01	
0.69983333	9.41056482e+01	
0.70141667	9.40715157e+01	
0.70300000	9.35958922e+01	
0.70458333	9.44721617e+01	
0.70616667	9.37950577e+01	
0.70775000	9.38902696e+01	
0.70933333	9.39960798e+01	
0.71091667	9.38988760e+01	
0.71250000	9.39922163e+01	
0.71408333	9.37191483e+01	
0.71566667	9.45768520e+01	
0.71725000	9.40118344e+01	
0.71883333	9.37922089e+01	
0.72041667	9.39030777e+01	
0.72200000	9.39274914e+01	
0.72358333	9.43999429e+01	
0.72516667	9.41905625e+01	
0.72675000	9.36649315e+01	
0.72833333	9.39072194e+01	
0.72991667	9.35060546e+01	
0.73150000	9.39390443e+01	
0.73308333	9.36065131e+01	
0.73466667	9.39776943e+01	
0.73625000	9.37212228e+01	
0.73783333	9.35212756e+01	
0.73941667	9.38433063e+01	
0.74100000	9.36223128e+01	
0.74258333	9.33823175e+01	
0.74416667	9.36649917e+01	
0.74575000	9.38691181e+01	
0.74733333	9.37386161e+01	
0.74891667	9.36761537e+01	
0.75050000	9.36181787e+01	
0.75208333	9.37743121e+01	
0.75366667	9.31863541e+01	
0.75525000	9.29282965e+01	
0.75683333	9.35596099e+01	
0.75841667	9.34427730e+01	
0.76000000	9.37053705e+01	
0.76158333	9.33305812e+01	
0.76316667	9.36935470e+01	
0.76475000	9.31487489e+01	
0.76633333	9.35206893e+01	
0.76791667	9.33588208e+01	
0.76950000	9.32467494e+01	
0.77108333	9.35061824e+01	
0.77266667	9.31196674e+01	
0.77425000	9.32529580e+01	
0.77583333	9.32336556e+01	
0.77741667	9.33495154e+01	
0.77900000	9.33140749e+01	
0.78058333	9.28241926e+01	
0.78216667	9.31521989e+01	
0.78375000	9.31731250e+01	
0.78533333	9.30699831e+01	
0.78691667	9.32031310e+01	
0.78850000	9.27542513e+01	
0.79008333	9.29145187e+01	
0.79166667	9.31347531e+01	
0.79325000	9.30866924e+01	
0.79483333	9.27633388e+01	
0.79641667	9.25133991e+01	
0.79800000	9.27961785e+01	
0.79958333	9.25634066e+01	
0.80116667	9.26815364e+01	
0.80275000	9.29368654e+01	
0.80433333	9.24591899e+01	
0.80591667	9.26112869e+01	
0.80750000	9.23618734e+01	
0.80908333	9.27782816e+01	
0.81066667	9.26117905e+01	
0.81225000	9.22744937e+01	
0.81383333	9.26408644e+01	
0.81541667	9.26065590e+01	
0.81700000	9.23802212e+01	
0.81858333	9.24262825e+01	
0.82016667	9.22229529e+01	
0.82175000	9.26491176e+01	
0.82333333	9.19750502e+01	
0.82491667	9.26345581e+01	
0.82650000	9.19644519e+01	
0.82808333	9.22203672e+01	
0.82966667	9.24149777e+01	
0.83125000	9.19923984e+01	
0.83283333	9.21245540e+01	
0.83441667	9.19618211e+01	
0.83600000	9.26027331e+01	
0.83758333	9.22424207e+01	
0.83916667	9.18588447e+01	
0.84075000	9.20599494e+01	
0.84233333	9.18370467e+01	
0.84391667	9.21089873e+01	
0.84550000	9.26348061e+01	
0.84708333	9.16206759e+01	
0.84866667	9.18096865e+01	
0.85025000	9.13551620e+01	
0.85183333	9.16348896e+01	
0.85341667	9.17877007e+01	
0.85500000	9.17673083e+01	
0.85658333	9.18403540e+01	
0.85816667	9.14999303e+01	
0.85975000	9.18574090e+01	
0.86133333	9.14828753e+01	
0.86291667	9.14388134e+01	
0.86450000	9.16603256e+01	
0.86608333	9.08042379e+01	
0.86766667	9.12756296e+01	
0.86925000	9.12222622e+01	
0.87083333	9.11574622e+01	
0.87241667	9.16802369e+01	
0.87400000	9.10641595e+01	
0.87558333	9.13435038e+01	
0.87716667	9.11227809e+01	
0.87875000	9.09579960e+01	
0.88033333	9.10943083e+01	
0.88191667	9.14318155e+01	
0.88350000	9.11956236e+01	
0.88508333	9.06972702e+01	
0.88666667	9.07086201e+01	
0.88825000	9.09846872e+01	
0.88983333	9.08379345e+01	
0.89141667	9.06295988e+01	
0.89300000	9.06018253e+01	
0.89458333	9.06070568e+01	
0.89616667	9.03154004e+01	
0.89775000	9.06611833e+01	
0.89933333	9.06987509e+01	
0.90091667	9.05006077e+01	
0.90250000	9.05371455e+01	
0.90408333	9.05099432e+01	
0.90566667	8.96322681e+01	
0.90725000	9.07165876e+01	
0.90883333	9.00348233e+01	
0.91041667	9.01744128e+01	
0.91200000	9.00822226e+01	
0.91358333	9.02897840e+01	
0.91516667	8.97975866e+01	
0.91675000	8.97321101e+01	
0.91833333	9.00762545e+01	
0.91991667	8.99255631e+01	
0.92150000	8.97133263e+01	
0.92308333	9.00452187e+01	
0.92466667	8.96413856e+01	
0.92625000	8.98607555e+01	
0.92783333	8.97565915e+01	
0.92941667	8.96011797e+01	
0.93100000	8.98763448e+01	
0.93258333	8.94724215e+01	
0.93416667	8.97217148e+01	
0.93575000	8.94208882e+01	
0.93733333	8.93158146e+01	
0.93891667	8.95957377e+01	
0.94050000	8.95160400e+01	
0.94208333	8.93841399e+01	
0.94366667	8.95486993e+01	
0.94525000	8.91780366e+01	
0.94683333	8.95693397e+01	
0.94841667	8.90095686e+01	
0.95000000	8.92807876e+01	
0.95158333	8.88945507e+01	
0.95316667	8.91735267e+01	
0.95475000	8.91853953e+01	
0.95633333	8.86781949e+01	
0.95791667	8.91621617e+01	
0.95950000	8.87106663e+01	
0.96108333	8.90349369e+01	
0.96266667	8.87718283e+01	
0.96425000	8.88658902e+01	
0.96583333	8.86660933e+01	
0.96741667	8.87326371e+01	
0.96900000	8.87694456e+01	
0.97058333	8.86876507e+01	
0.97216667	8.85601102e+01	
0.97375000	8.85873426e+01	
0.97533333	8.90064869e+01	
0.97691667	8.86257746e+01	
0.97850000	8.84329230e+01	
0.98008333	8.83767520e+01	
0.98166667	8.81705886e+01	
0.98325000	8.80675219e+01	
0.98483333	8.83355163e+01	
0.98641667	8.81340507e+01	
0.98800000	8.80421236e+01	
0.98958333	8.82892220e+01	
0.99116667	8.81814800e+01	
0.99275000	8.80322318e+01	
0.99433333	8.79296462e+01	
0.99591667	8.82171460e+01	
0.99750000	8.78913044e+01	
0.99908333	8.77882377e+01	
1.00066667	8.78141547e+01	
1.00225000	8.72682818e+01	
1.00383333	8.76499110e+01	
1.00541667	8.73154781e+01	
1.00700000	8.73432592e+01	
1.00858333	8.77431160e+01	
1.01016667	8.73439281e+01	
1.01175000	8.72103293e+01	
1.01333333	8.75141550e+01	
1.01491667	8.71178084e+01	
1.01650000	8.73587808e+01	
1.01808333	8.69973785e+01	
1.01966667	8.72787147e+01	
1.02125000	8.69142231e+01	
1.02283333	8.69901251e+01	
1.02441667	8.71310450e+01	
1.02600000	8.69065262e+01	
1.02758333	8.70586833e+01	
1.02916667	8.68638849e+01	
1.03075000	8.65697331e+01	
1.03233333	8.64694024e+01	
1.03391667	8.62045575e+01	
1.03550000	8.62849843e+01	
1.03708333	8.58803545e+01	
1.03866667	8.61122770e+01	
1.04025000	8.62156368e+01	
1.04183333	8.57330380e+01	
1.04341667	8.60866833e+01	
1.04500000	8.57962596e+01	
1.04658333	8.58555049e+01	
1.04816667	8.58628260e+01	
1.04975000	8.57066400e+01	
1.05133333	8.56489281e+01	
1.05291667	8.55934185e+01	
1.05450000	8.56563619e+01	
1.05608333	8.56191100e+01	
1.05766667	8.55724474e+01	
1.05925000	8.54982667e+01	
1.06083333	8.50814977e+01	
1.06241667	8.52349852e+01	
1.06400000	8.45473956e+01	
1.06558333	8.46749211e+01	
1.06716667	8.49982145e+01	
1.06875000	8.44577685e+01	
1.07033333	8.48699750e+01	
1.07191667	8.43510864e+01	
1.07350000	8.45723204e+01	
1.07508333	8.41443743e+01	
1.07666667	8.40209003e+01	
1.07825000	8.43276724e+01	
1.07983333	8.42262068e+01	
1.08141667	8.44904354e+01	
1.08300000	8.46671114e+01	
1.08458333	8.40392256e+01	
1.08616667	8.39741775e+01	
1.08775000	8.42507031e+01	
1.08933333	8.40966970e+01	
1.09091667	8.42533715e+01	
1.09250000	8.36519213e+01	
1.09408333	8.37496287e+01	
1.09566667	8.40265001e+01	
1.09725000	8.37920520e+01	
1.09883333	8.34022222e+01	
1.10041667	8.32112723e+01	
1.10200000	8.36944799e+01	
1.10358333	8.34659323e+01	
1.10516667	8.36662478e+01	
1.10675000	8.31061085e+01	
1.10833333	8.26631068e+01	
1.10991667	8.30786807e+01	
1.11150000	8.31745465e+01	
1.11308333	8.30657447e+01	
1.11466667	8.25580557e+01	
1.11625000	8.29287334e+01	
1.11783333	8.27181052e+01	
1.11941667	8.23376185e+01	
1.12100000	8.21234876e+01	
1.12258333	8.18786065e+01	
1.12416667	8.21623480e+01	
1.12575000	8.22479763e+01	
1.12733333	8.14151824e+01	
1.12891667	8.14892653e+01	
1.13050000	8.13440234e+01	
1.13208333	8.13559596e+01	
1.13366667	8.11802457e+01	
1.13525000	8.09608908e+01	
1.13683333	8.12864242e+01	
1.13841667	8.10238493e+01	
1.14000000	8.08942793e+01	
1.14158333	8.10150098e+01	
1.14316667	8.05213542e+01	
1.14475000	8.05003906e+01	
1.14633333	8.03852975e+01	
1.14791667	8.05669044e+01	
1.14950000	8.01223918e+01	
1.15108333	8.00421303e+01	
1.15266667	7.99909879e+01	
1.15425000	7.96858318e+01	
1.15583333	7.92950323e+01	
1.15741667	7.94455208e+01	
1.15900000	7.93978660e+01	
1.16058333	7.92345393e+01	
1.16216667	7.87943187e+01	
1.16375000	7.89590284e+01	
1.16533333	7.92084569e+01	
1.16691667	7.87598328e+01	
1.16850000	7.90576829e+01	
1.17008333	7.87246480e+01	
1.17166667	7.86973855e+01	
1.17325000	7.84593896e+01	
1.17483333	7.85370429e+01	
1.17641667	7.84135238e+01	
1.17800000	7.80464916e+01	
1.17958333	7.80925379e+01	
1.18116667	7.76742204e+01	
1.18275000	7.79616676e+01	
1.18433333	7.78043015e+01	
1.18591667	7.75635846e+01	
1.18750000	7.76848187e+01	
1.18908333	7.73136450e+01	
1.19066667	7.72439742e+01	
1.19225000	7.69015136e+01	
1.19383333	7.68079704e+01	
1.19541667	7.70915991e+01	
1.19700000	7.69034228e+01	
1.19858333	7.68711844e+01	
1.20016667	7.64886306e+01	
1.20175000	7.62811067e+01	
1.20333333	7.63517922e+01	
1.20491667	7.58397737e+01	
1.20650000	7.61174117e+01	
1.20808333	7.57939003e+01	
1.20966667	7.54720199e+01	
1.21125000	7.56182615e+01	
1.21283333	7.51766053e+01	
1.21441667	7.53089939e+01	
1.21600000	7.50954493e+01	
1.21758333	7.47802962e+01	
1.21916667	7.47239523e+01	
1.22075000	7.44576116e+01	
1.22233333	7.45007489e+01	
1.22391667	7.42862648e+01	
1.22550000	7.42725621e+01	
1.22708333	7.35792750e+01	
1.22866667	7.35290345e+01	
1.23025000	7.36034782e+01	
1.23183333	7.33503064e+01	
1.23341667	7.29766372e+01	
1.23500000	7.30285539e+01	
1.23658333	7.26726762e+01	
1.23816667	7.27009309e+01	
1.23975000	7.22121535e+01	
1.24133333	7.26374763e+01	
1.24291667	7.23717294e+01	
1.24450000	7.21556292e+01	
1.24608333	7.19764276e+01	
1.24766667	7.14509921e+01	
1.24925000	7.14329749e+01	
1.25083333	7.10381767e+01	
1.25241667	7.09909654e+01	
1.25400000	7.08512256e+01	
1.25558333	7.03349903e+01	
1.25716667	7.06982041e+01	
1.25875000	7.01395380e+01	
1.26033333	7.00397861e+01	
1.26191667	7.00109827e+01	
1.26350000	6.97542181e+01	
1.26508333	6.98630649e+01	
1.26666667	6.94339387e+01	
1.26825000	6.94753698e+01	
1.26983333	6.91885015e+01	
1.27141667	6.88692293e+01	
1.27300000	6.86757313e+01	
1.27458333	6.82723342e+01	
1.27616667	6.84704549e+01	
1.27775000	6.82282272e+01	
1.27933333	6.77005442e+01	
1.28091667	6.77834515e+01	
1.28250000	6.75701625e+01	
1.28408333	6.75350453e+01	
1.28566667	6.76426143e+01	
1.28725000	6.73588954e+01	
1.28883333	6.74392922e+01	
1.29041667	6.68842340e+01	
1.29200000	6.67195018e+01	
1.29358333	6.67734629e+01	
1.29516667	6.62568518e+01	
1.29675000	6.63921494e+01	
1.29833333	6.61710281e+01	
1.29991667	6.59569272e+01	
1.30150000	6.56704497e+01	
1.30308333	6.52902261e+01	
1.30466667	6.51929321e+01	
1.30625000	6.47048763e+01	
1.30783333	6.48495920e+01	
1.30941667	6.43114761e+01	
1.31100000	6.39979241e+01	
1.31258333	6.37303807e+01	
1.31416667	6.31454368e+01	
1.31575000	6.29402393e+01	
1.31733333	6.29172425e+01	
1.31891667	6.25487972e+01	
1.32050000	6.24598203e+01	
1.32208333	6.20490645e+01	
1.32366667	6.20485909e+01	
1.32525000	6.17757296e+01	
1.32683333	6.15590093e+01	
1.32841667	6.14036764e+01	
1.33000000	6.11073748e+01	
1.33158333	6.10439729e+01	
1.33316667	6.12094418e+01	
1.33475000	6.10238173e+01	
1.33633333	6.05151436e+01	
1.33791667	6.02343261e+01	
1.33950000	6.03593109e+01	
1.34108333	5.97497241e+01	
1.34266667	5.97586913e+01	
1.34425000	5.94070267e+01	
1.34583333	5.89779794e+01	
1.34741667	5.84229776e+01	
1.34900000	5.78850421e+01	
1.35058333	5.80380110e+01	
1.35216667	5.77844559e+01	
1.35375000	5.73153155e+01	
1.35533333	5.71242039e+01	
1.35691667	5.69782479e+01	
1.35850000	5.70290822e+01	
1.36008333	5.66090210e+01	
1.36166667	5.62052630e+01	
1.36325000	5.61034629e+01	
1.36483333	5.57605438e+01	
1.36641667	5.57557670e+01	
1.36800000	5.50730481e+01	
1.36958333	5.48469697e+01	
1.37116667	5.47309934e+01	
1.37275000	5.42430992e+01	
1.37433333	5.36382440e+01	
1.37591667	5.29134363e+01	
1.37750000	5.27096105e+01	
1.37908333	5.26324346e+01	
1.38066667	5.23120124e+01	
1.38225000	5.22971710e+01	
1.38383333	5.21638315e+01	
1.38541667	5.20826906e+01	
1.38700000	5.17146174e+01	
1.38858333	5.17060824e+01	
1.39016667	5.12969839e+01	
1.39175000	5.09672826e+01	
1.39333333	5.09307824e+01	
1.39491667	5.04279979e+01	
1.39650000	4.98976917e+01	
1.39808333	4.94184979e+01	
1.39966667	4.89484554e+01	
1.40125000	4.87730685e+01	
1.40283333	4.82251999e+01	
1.40441667	4.79790974e+01	
1.40600000	4.75310107e+01	
1.40758333	4.74234830e+01	
1.40916667	4.72136403e+01	
1.41075000	4.66510280e+01	
1.41233333	4.67113857e+01	
1.41391667	4.61031669e+01	
1.41550000	4.56371984e+01	
1.41708333	4.49691856e+01	
1.41866667	4.42027025e+01	
1.42025000	4.42437540e+01	
1.42183333	4.43072762e+01	
1.42341667	4.41622899e+01	
1.42500000	4.41387068e+01	
1.42658333	4.39988392e+01	
1.42816667	4.35716409e+01	
1.42975000	4.35048040e+01	
1.43133333	4.31868472e+01	
1.43291667	4.26409818e+01	
1.43450000	4.22407078e+01	
1.43608333	4.20806207e+01	
1.43766667	4.14052830e+01	
1.43925000	4.11804636e+01	
1.44083333	4.07176746e+01	
1.44241667	3.97760037e+01	
1.44400000	3.94719563e+01	
1.44558333	3.86474306e+01	
1.44716667	3.87063978e+01	
1.44875000	3.85464573e+01	
1.45033333	3.86460400e+01	
1.45191667	3.87677665e+01	
1.45350000	3.82868100e+01	
1.45508333	3.80316576e+01	
1.45666667	3.74903547e+01	
1.45825000	3.69415240e+01	
1.45983333	3.57751465e+01	
1.46141667	3.45263126e+01	
1.46300000	3.40962881e+01	
1.46458333	3.32956725e+01	
1.46616667	3.28792830e+01	
1.46775000	3.18483383e+01	
1.46933333	3.15016383e+01	
1.47091667	3.13387739e+01	
1.47250000	3.14710968e+01	
1.47408333	3.14783070e+01	
1.47566667	3.10042564e+01	
1.47725000	3.03405637e+01	
1.47883333	2.99997981e+01	
1.48041667	2.92261573e+01	
1.48200000	2.91658710e+01	
1.48358333	2.85162756e+01	
1.48516667	2.82037871e+01	
1.48675000	2.81202127e+01	
1.48833333	2.76745501e+01	
1.48991667	2.71288951e+01	
1.49150000	2.66167826e+01	
1.49308333	2.65485100e+01	
1.49466667	2.65032173e+01	
1.49625000	2.62906160e+01	
1.49783333	2.57995479e+01	
1.49941667	2.53486388e+01	
1.50100000	2.47122123e+01	
1.50258333	2.45402003e+01	
1.50416667	2.42213585e+01	
1.50575000	2.40779149e+01	
1.50733333	2.38847288e+01	
1.50891667	2.35874350e+01	
1.51050000	2.35875196e+01	
1.51208333	2.32841393e+01	
1.51366667	2.24669459e+01	
1.51525000	2.18167115e+01	
1.51683333	2.13785147e+01	
1.51841667	2.10324725e+01	
1.52000000	2.10218479e+01	
1.52158333	2.11301460e+01	
1.52316667	2.07056632e+01	
1.52475000	2.02875449e+01	
1.52633333	1.99692931e+01	
1.52791667	1.89098683e+01	
1.52950000	1.84163348e+01	
1.53108333	1.84161431e+01	
1.53266667	1.84645477e+01	
1.53425000	1.85152242e+01	
1.53583333	1.84245090e+01	
1.53741667	1.80128306e+01	
1.53900000	1.63146829e+01	
1.54058333	1.54446145e+01	
1.54216667	1.53360392e+01	
1.54375000	1.48181850e+01	
1.54533333	1.50092036e+01	
1.54691667	1.46264224e+01	
1.54850000	1.39707620e+01	
1.55008333	1.40942577e+01	
1.55166667	1.36654444e+01	
1.55325000	1.31640495e+01	
1.55483333	1.21362167e+01	
1.55641667	1.20545101e+01	
1.55800000	1.10821624e+01	
1.55958333	9.90426856e+00	
1.56116667	8.53206774e+00	
1.56275000	7.62031688e+00	
1.56433333	7.42725245e+00	
1.56591667	7.02821350e+00	
1.56750000	6.62661282e+00	
1.56908333	6.39254619e+00	
1.57066667	5.87781985e+00	
1.57225000	5.66114554e+00	
1.57383333	4.80551872e+00	
1.57541667	4.71953573e+00	
1.57700000	4.47957003e+00	
1.57858333	4.27877533e+00	
1.58016667	3.21942800e+00	
1.58175000	2.48891618e+00	
1.58333333	2.49653676e+00	
1.58491667	2.54865051e+00	
1.58650000	2.53359866e+00	
1.58808333	1.95913998e+00	
1.58966667	2.72435105e-01	
1.59125000	6.77092182e-03	
1.59283333	6.95123171e-06	
1.59441667	-2.74471802e-03	
1.59600000	-7.19654476e-05	
1.59758333	3.90447799e-05	
1.59916667	1.78650776e-04	
1.60075000	2.76486696e-04	
1.60233333	1.51443884e-04	
1.60391667	6.83200478e-05	
1.60550000	3.55503557e-05	
1.60708333	2.01470465e-05	
1.60866667	1.06510328e-05	
1.61025000	4.62677887e-06	
1.61183333	8.23150639e-07	
1.61341667	-1.52580157e-06	
1.61500000	-2.82801691e-06	
1.61658333	-3.95034871e-06	
1.61816667	-3.75494788e-06	
1.61975000	-3.32611827e-06	
1.62133333	-3.02143033e-06	
1.62291667	-2.49403069e-06	
1.62450000	-1.84451478e-06	
1.62608333	-1.15588044e-06	
1.62766667	-7.77839734e-07	
1.62925000	-4.76000695e-07	
1.63083333	-8.43749610e-08	
1.63241667	-1.30149306e-08	
1.63400000	2.56935861e-07	
1.63558333	1.28839353e-07	
1.63716667	5.41876359e-08	
1.63875000	2.49572286e-07	
1.64033333	3.17845986e-07	
1.64191667	3.98453623e-07	
1.64350000	5.78906040e-07	
1.64508333	8.16006063e-07	
1.64666667	9.68419310e-07	
1.64825000	9.01087936e-07	
1.64983333	9.55317186e-07	
1.65141667	9.71915995e-07	
1.65300000	9.31901919e-07	
1.65458333	9.75627169e-07	
1.65616667	3.23551298e-07	
1.65775000	5.18191868e-07	
1.65933333	5.24933338e-07	
1.66091667	5.00691362e-07	
1.66250000	6.35942415e-07	
1.66408333	5.73934921e-07	
1.66566667	8.59098820e-07	
1.66725000	1.01986871e-06	
1.66883333	9.28485710e-07	
1.67041667	9.33582107e-07	
1.67200000	8.81037749e-07	
1.67358333	9.17920556e-07	
1.67516667	5.52589619e-07	
1.67675000	3.82377178e-07	
1.67833333	3.72975560e-07	
1.67991667	2.08883829e-07	
1.68150000	3.68999941e-07	
1.68308333	2.09180418e-07	
1.68466667	5.60020481e-07	
1.68625000	9.78353035e-07	
1.68783333	8.17906172e-07	
1.68941667	9.00276572e-07	
1.69100000	7.03052691e-07	
1.69258333	6.78826283e-07	
1.69416667	5.67582276e-07	
1.69575000	4.77139562e-07	
1.69733333	2.30671312e-07	
1.69891667	3.88342089e-07	
1.70050000	5.65897160e-07	
1.70208333	4.14079136e-07	
1.70366667	3.15140981e-07	
1.70525000	5.12886078e-07	
1.70683333	6.95446373e-07	
1.70841667	8.59260108e-07	
1.71000000	8.74124855e-07	
1.71158333	7.93624603e-07	
1.71316667	9.84878448e-07	
1.71475000	8.60514452e-07	
1.71633333	5.61490883e-07	
1.71791667	3.19981250e-07	
1.71950000	4.45208245e-07	
1.72108333	5.57324520e-07	
1.72266667	4.46719865e-07	
1.72425000	6.19005575e-07	
1.72583333	5.37378609e-07	
1.72741667	6.31363538e-07	
1.72900000	6.31925019e-07	
1.73058333	7.07890524e-07	
1.73216667	8.58915860e-07	
1.73375000	6.71126498e-07	
1.73533333	6.27258722e-07	
1.73691667	4.08606878e-07	
1.73850000	4.15650875e-07	
1.74008333	4.34491744e-07	
1.74166667	3.75810211e-07	
1.74325000	4.61585200e-07	
1.74483333	6.26092693e-07	
1.74641667	6.52165279e-07	
1.74800000	8.80825331e-07	
1.74958333	7.30921333e-07	
1.75116667	7.67003696e-07	
1.75275000	8.02263382e-07	
1.75433333	4.70011002e-07	
1.75591667	3.19938660e-07	
1.75750000	3.04727985e-07	
1.75908333	2.31915478e-07	
1.76066667	1.93456831e-07	
1.76225000	3.03508447e-07	
1.76383333	4.72776686e-07	
1.76541667	6.24710047e-07	
1.76700000	7.12349388e-07	
1.76858333	8.33074509e-07	
1.77016667	7.88093514e-07	
1.77175000	8.30330946e-07	
1.77333333	8.58743148e-07	
1.77491667	7.31544081e-07	
1.77650000	1.74029461e-07	
1.77808333	1.90917005e-07	
1.77966667	3.40420291e-07	
1.78125000	3.49191572e-07	
1.78283333	4.12366523e-07	
1.78441667	4.43565663e-07	
1.78600000	7.22453529e-07	
1.78758333	6.51370659e-07	
1.78916667	6.12435976e-07	
1.79075000	8.47722526e-07	
1.79233333	6.55750336e-07	
1.79391667	8.26938313e-07	
1.79550000	5.74929638e-07	
1.79708333	2.63839767e-07	
1.79866667	2.14925660e-07	
1.80025000	1.73321421e-07	
1.80183333	1.48474688e-07	
1.80341667	1.27776691e-07	
1.80500000	4.19973485e-07	
1.80658333	6.88032089e-07	
1.80816667	6.29678870e-07	
1.80975000	8.25082110e-07	
1.81133333	7.28675968e-07	
1.81291667	9.12927092e-07	
1.81450000	8.36107213e-07	
1.81608333	3.28234144e-07	
1.81766667	3.58655073e-07	
1.81925000	3.50617396e-07	
1.82083333	3.20371699e-07	
1.82241667	3.78143976e-07	
1.82400000	3.97502868e-07	
1.82558333	4.14915954e-07	
1.82716667	5.23558364e-07	
1.82875000	7.54748330e-07	
1.83033333	8.01402904e-07	
1.83191667	7.62899216e-07	
1.83350000	6.84690475e-07	
1.83508333	5.92344291e-07	
1.83666667	3.10864545e-07	
1.83825000	3.34543023e-07	
1.83983333	3.50963436e-07	
1.84141667	4.63227221e-07	
1.84300000	3.14519045e-07	
1.84458333	4.48794898e-07	
1.84616667	4.45121133e-07	
1.84775000	6.75524991e-07	
1.84933333	7.38224005e-07	
1.85091667	6.83346974e-07	
1.85250000	7.39523207e-07	
1.85408333	7.19686109e-07	
1.85566667	3.05419308e-07	
1.85725000	1.89265532e-07	
1.85883333	7.79966458e-08	
1.86041667	3.05979978e-07	
1.86200000	4.02678676e-07	
1.86358333	3.87288038e-07	
1.86516667	3.88038584e-07	
1.86675000	4.72865338e-07	
1.86833333	7.70893295e-07	
1.86991667	7.26816797e-07	
1.87150000	8.10125967e-07	
1.87308333	8.36963547e-07	
1.87466667	7.01969210e-07	
1.87625000	1.85878893e-07	
1.87783333	1.37317924e-07	
1.87941667	2.26021620e-07	
1.88100000	2.46002602e-07	
1.88258333	1.21640944e-07	
1.88416667	5.50819100e-07	
1.88575000	6.14986163e-07	
1.88733333	7.92108671e-07	
1.88891667	6.95488991e-07	
1.89050000	5.99473131e-07	
1.89208333	7.09835603e-07	
1.89366667	6.39185633e-07	
1.89525000	6.61203133e-07	
1.89683333	3.84149265e-07	
1.89841667	2.93145910e-07	
1.90000000	2.85844078e-07	
1.90158333	2.75775918e-07	
1.90316667	2.86923834e-07	
1.90475000	4.30213152e-07	
1.90633333	5.38805217e-07	
1.90791667	6.24104268e-07	
1.90950000	5.84737750e-07	
1.91108333	7.45571254e-07	
1.91266667	7.62121285e-07	
1.91425000	7.76463809e-07	
1.91583333	5.92385845e-07	
1.91741667	3.09653154e-07	
1.91900000	3.66347438e-07	
1.92058333	3.30178495e-07	
1.92216667	2.50930515e-07	
1.92375000	2.56806495e-07	
1.92533333	3.18373530e-07	
1.92691667	6.89051838e-07	
1.92850000	7.78669243e-07	
1.93008333	8.28622981e-07	
1.93166667	6.76561710e-07	
1.93325000	7.35502395e-07	
1.93483333	4.93950340e-07	
1.93641667	4.42528329e-07	
1.93800000	1.16721991e-07	
1.93958333	1.97303727e-07	
1.94116667	3.15096879e-07	
1.94275000	3.31674686e-07	
1.94433333	3.31112225e-07	
1.94591667	8.75795186e-07	
1.94750000	6.98341031e-07	
1.94908333	7.64022178e-07	
1.95066667	6.73753688e-07	
1.95225000	6.85940843e-07	
1.95383333	7.20033884e-07	
1.95541667	5.03370971e-07	
1.95700000	3.49624752e-07	
1.95858333	2.42027264e-07	
1.96016667	1.20516792e-07	
1.96175000	4.19366753e-07	
1.96333333	3.51525197e-07	
1.96491667	5.04513198e-07	
1.96650000	6.03423436e-07	
1.96808333	5.36297648e-07	
1.96966667	6.89180588e-07	
1.97125000	6.60446315e-07	
1.97283333	7.17179996e-07	
1.97441667	6.29417898e-07	
1.97600000	2.78393952e-07	
1.97758333	1.57894087e-07	
1.97916667	1.37066346e-07	
1.98075000	3.77166704e-07	
1.98233333	3.51611329e-07	
1.98391667	3.37827207e-07	
1.98550000	4.69665830e-07	
1.98708333	5.08556859e-07	
1.98866667	6.30887348e-07	
1.99025000	6.32700094e-07	
1.99183333	6.24362832e-07	
1.99341667	8.06845620e-07	
1.99500000	5.00043917e-07	
1.99658333	2.96172145e-07	
1.99816667	2.70979051e-07	
1.99975000	3.46425748e-07	
2.00133333	3.09826426e-07	
2.00291667	1.56096350e-07	
2.00450000	3.40541200e-07	
2.00608333	4.54845381e-07	
2.00766667	4.74634121e-07	
2.00925000	4.47843639e-07	
2.01083333	5.26661800e-07	
2.01241667	6.66010780e-07	
2.01400000	7.61644648e-07	
2.01558333	3.18356589e-07	
2.01716667	3.01313428e-07	
2.01875000	2.06766864e-07	
2.02033333	4.54671689e-07	
2.02191667	3.63149947e-07	
2.02350000	3.72223110e-07	
2.02508333	6.12913174e-07	
2.02666667	7.08236619e-07	
2.02825000	8.78662402e-07	
2.02983333	7.08753690e-07	
2.03141667	5.94805097e-07	
2.03300000	7.54470446e-07	
2.03458333	7.13293814e-07	
2.03616667	3.82636469e-07	
2.03775000	1.61481496e-07	
2.03933333	2.86579111e-07	
2.04091667	1.58680656e-07	
2.04250000	2.55189955e-07	
2.04408333	4.17681974e-07	
2.04566667	4.30063597e-07	
2.04725000	5.30896766e-07	
2.04883333	5.90959629e-07	
2.05041667	6.75915777e-07	
2.05200000	7.60782321e-07	
2.05358333	7.93147797e-07	
2.05516667	6.05783158e-07	
2.05675000	9.89716589e-08	
2.05833333	2.25910147e-07	
2.05991667	2.06334426e-07	
2.06150000	8.39593593e-08	
2.06308333	2.90467253e-07	
2.06466667	3.89766513e-07	
2.06625000	3.03777483e-07	
2.06783333	4.45855634e-07	
2.06941667	5.94505260e-07	
2.07100000	7.49675567e-07	
2.07258333	7.42763904e-07	
2.07416667	7.47688261e-07	
2.07575000	2.76778867e-07	
2.07733333	2.36064732e-07	
2.07891667	5.41916996e-07	
2.08050000	4.60720101e-07	
2.08208333	4.35633523e-07	
2.08366667	3.74384191e-07	
2.08525000	5.60023113e-07	
2.08683333	8.02481232e-07	
2.08841667	7.52485045e-07	
2.09000000	8.05893017e-07	
2.09158333	8.82698839e-07	
2.09316667	6.53384454e-07	
2.09475000	7.10006859e-07	
2.09633333	1.50031152e-07	
2.09791667	2.39909781e-07	
2.09950000	1.16195302e-07	
2.10108333	9.55303185e-08	
2.10266667	1.69959422e-07	
2.10425000	2.92437058e-07	
2.10583333	7.53175556e-07	
2.10741667	5.46408566e-07	
2.10900000	6.08979613e-07	
2.11058333	7.12514931e-07	
2.11216667	6.88358415e-07	
2.11375000	7.05299287e-07	
2.11533333	4.48465099e-07	
2.11691667	2.27335299e-07	
2.11850000	2.29885275e-07	
2.12008333	2.91591672e-07	
2.12166667	4.11321796e-07	
2.12325000	1.63407646e-07	
2.12483333	3.54982652e-07	
2.12641667	5.83094748e-07	
2.12800000	5.20957552e-07	
2.12958333	6.49425580e-07	
2.13116667	6.94322179e-07	
2.13275000	8.30058941e-07	
2.13433333	6.41258230e-07	
2.13591667	5.40031560e-07	
2.13750000	1.78463418e-07	
2.13908333	1.92896329e-07	
2.14066667	3.34067898e-07	
2.14225000	2.50704657e-07	
2.14383333	2.05686855e-07	
2.14541667	5.55009264e-07	
2.14700000	6.99463489e-07	
2.14858333	7.81048118e-07	
2.15016667	6.69518722e-07	
2.15175000	7.52268035e-07	
2.15333333	6.97433958e-07	
2.15491667	4.91228506e-07	
2.15650000	3.41068128e-07	
2.15808333	1.23048287e-07	
2.15966667	1.93266954e-07	
2.16125000	1.67920315e-07	
2.16283333	1.91686045e-07	
2.16441667	3.95602143e-07	
2.16600000	4.90493585e-07	
2.16758333	6.22633698e-07	
2.16916667	7.63418975e-07	
2.17075000	6.66623168e-07	
2.17233333	9.41248683e-07	
2.17391667	7.02619567e-07	
2.17550000	5.01468061e-07	
2.17708333	3.02178499e-07	
2.17866667	2.51836132e-07	
2.18025000	2.50738735e-07	
2.18183333	1.66381926e-07	
2.18341667	1.30887239e-07	
2.18500000	2.52346007e-07	
2.18658333	4.61326020e-07	
2.18816667	6.42899663e-07	
2.18975000	6.00208444e-07	
2.19133333	7.60133588e-07	
2.19291667	6.62042442e-07	
2.19450000	5.79250343e-07	
2.19608333	4.01349625e-07	
2.19766667	3.19980662e-07	
2.19925000	3.67366544e-07	
2.20083333	2.58621201e-07	
2.20241667	3.25598078e-07	
2.20400000	3.55326760e-07	
2.20558333	5.61222686e-07	
2.20716667	5.34614325e-07	
2.20875000	5.69744253e-07	
2.21033333	5.55224593e-07	
2.21191667	6.01719952e-07	
2.21350000	5.49044604e-07	
2.21508333	3.89333754e-07	
2.21666667	2.52170618e-08	
2.21825000	5.95010179e-08	
2.21983333	2.43625632e-07	
2.22141667	3.01876617e-07	
2.22300000	2.61775094e-07	
2.22458333	2.45847811e-07	
2.22616667	3.84339786e-07	
2.22775000	6.43159963e-07	
2.22933333	6.78508245e-07	
2.23091667	6.55778169e-07	
2.23250000	7.05643535e-07	
2.23408333	7.31008193e-07	
2.23566667	3.41674075e-07	
2.23725000	1.48647666e-07	
2.23883333	2.43797979e-07	
2.24041667	2.59527853e-07	
2.24200000	4.52155553e-07	
2.24358333	2.53090028e-07	
2.24516667	5.69010172e-07	
2.24675000	8.21537207e-07	
2.24833333	7.11131893e-07	
2.24991667	8.37048055e-07	
2.25150000	7.10657720e-07	
2.25308333	7.00933275e-07	
2.25466667	5.26401388e-07	
2.25625000	1.78186597e-07	
2.25783333	2.63961852e-07	
2.25941667	1.16074462e-07	
2.26100000	2.86276753e-07	
2.26258333	2.70590646e-07	
2.26416667	3.71576001e-07	
2.26575000	5.17561279e-07	
2.26733333	7.31912633e-07	
2.26891667	7.13222019e-07	
2.27050000	6.58630041e-07	
2.27208333	6.88575089e-07	
2.27366667	6.54265429e-07	
2.27525000	5.11062356e-07	
2.27683333	2.51534027e-07	
2.27841667	9.79168166e-08	
2.28000000	1.73839612e-07	
2.28158333	2.65274579e-07	
2.28316667	8.20144480e-08	
2.28475000	3.35191756e-07	
2.28633333	4.06732166e-07	
2.28791667	5.17024943e-07	
2.28950000	5.88666998e-07	
2.29108333	7.27898709e-07	
2.29266667	7.75083851e-07	
2.29425000	6.92117416e-07	
2.29583333	4.46158411e-07	
2.29741667	1.97778236e-07	
2.29900000	1.58127813e-07	
2.30058333	3.88946916e-07	
2.30216667	2.99886876e-07	
2.30375000	4.55449172e-07	
2.30533333	4.46288617e-07	
2.30691667	5.86337181e-07	
2.30850000	7.11779562e-07	
2.31008333	6.94279337e-07	
2.31166667	7.45615720e-07	
2.31325000	7.45398935e-07	
2.31483333	6.92636839e-07	
2.31641667	4.96585370e-07	
2.31800000	9.08737306e-08	
2.31958333	2.27594926e-07	
2.32116667	2.25476967e-07	
2.32275000	1.60789599e-07	
2.32433333	2.45959956e-07	
2.32591667	2.54602432e-07	
@ 
0.00000000	5.09463204e-07	
0.00158333	4.90234909e-07	
0.00316667	4.86216337e-07	
0.00475000	5.90572819e-07	
0.00633333	5.29149655e-07	
0.00791667	4.20146140e-07	
0.00950000	9.70010355e-08	
0.01108333	1.59624074e-07	
0.01266667	2.80062211e-07	
0.01425000	1.86586680e-07	
0.01583333	3.30912100e-07	
0.01741667	2.63806305e-07	
0.01900000	5.48007942e-07	
0.02058333	6.47870950e-07	
0.02216667	7.33384492e-07	
0.02375000	8.34154125e-07	
0.02533333	7.42027919e-07	
0.02691667	6.21943523e-07	
0.02850000	4.57263598e-07	
0.03008333	2.31829822e-07	
0.03166667	3.58023561e-07	
0.03325000	3.58395893e-07	
0.03483333	2.25563827e-07	
0.03641667	8.14436214e-08	
0.03800000	3.09696220e-07	
0.03958333	5.06136543e-07	
0.04116667	5.21952324e-07	
0.04275000	5.92860074e-07	
0.04433333	6.14985211e-07	
0.04591667	5.33902477e-07	
0.04750000	5.09983243e-07	
0.04908333	2.23058877e-07	
0.05066667	1.59667238e-07	
0.05225000	2.09964103e-07	
0.05383333	1.75801156e-07	
0.05541667	2.20636978e-07	
0.05700000	2.07656114e-07	
0.05858333	4.77269431e-07	
0.06016667	6.31493408e-07	
0.06175000	7.20379140e-07	
0.06333333	6.71375821e-07	
0.06491667	5.60235530e-07	
0.06650000	7.68518060e-07	
0.06808333	4.34603161e-07	
0.06966667	2.91114867e-07	
0.07125000	2.95351149e-07	
0.07283333	2.07846354e-07	
0.07441667	2.85197053e-07	
0.07600000	2.59225412e-07	
0.07758333	2.88868830e-07	
0.07916667	5.68448075e-07	
0.08075000	4.92567526e-07	
0.08233333	6.43288601e-07	
0.08391667	5.30940280e-07	
0.08550000	6.95703425e-07	
0.08708333	7.32219415e-07	
0.08866667	5.42218794e-07	
0.09025000	3.93267650e-07	
0.09183333	3.01443410e-07	
0.09341667	2.53132590e-07	
0.09500000	1.47912675e-07	
0.09658333	1.53201832e-07	
0.09816667	4.25634051e-07	
0.09975000	2.88791574e-07	
0.10133333	5.60453884e-07	
0.10291667	5.57471134e-07	
0.10450000	7.51877921e-07	
0.10608333	7.02533267e-07	
0.10766667	6.32227713e-07	
0.10925000	4.14812629e-07	
0.11083333	1.95963629e-07	
0.11241667	2.48293021e-07	
0.11400000	2.31925251e-07	
0.11558333	2.12246738e-07	
0.11716667	5.25088633e-07	
0.11875000	5.75318407e-07	
0.12033333	6.44584163e-07	
0.12191667	7.42200015e-07	
0.12350000	8.70105778e-07	
0.12508333	8.78056567e-07	
0.12666667	7.02358651e-07	
0.12825000	6.38147010e-07	
0.12983333	3.69813378e-07	
0.13141667	2.02877363e-07	
0.13300000	3.34068122e-07	
0.13458333	2.66701971e-07	
0.13616667	2.61013460e-07	
0.13775000	3.01961433e-07	
0.13933333	1.90866126e-07	
0.14091667	5.87545828e-07	
0.14250000	5.09837357e-07	
0.14408333	6.01244658e-07	
0.14566667	6.44586067e-07	
0.14725000	5.15193269e-07	
0.14883333	2.40600516e-07	
0.15041667	2.83901764e-08	
0.15200000	1.93068929e-07	
0.15358333	6.74964266e-08	
0.15516667	2.35373101e-07	
0.15675000	3.43057029e-07	
0.15833333	3.73650474e-07	
0.15991667	6.73105851e-07	
0.16150000	5.38310938e-07	
0.16308333	6.38925389e-07	
0.16466667	6.53141179e-07	
0.16625000	6.09930032e-07	
0.16783333	6.38233422e-07	
0.16941667	3.45476142e-07	
0.17100000	4.52813386e-07	
0.17258333	3.48803391e-07	
0.17416667	2.99066943e-07	
0.17575000	1.93284497e-07	
0.17733333	2.84582649e-07	
0.17891667	6.26955804e-07	
0.18050000	6.47135581e-07	
0.18208333	6.68785481e-07	
0.18366667	6.11441988e-07	
0.18525000	7.36452589e-07	
0.18683333	6.59752836e-07	
0.18841667	2.99991741e-07	
0.19000000	-4.49052509e-08	
0.19158333	2.24137919e-07	
0.19316667	2.29280112e-07	
0.19475000	3.33982130e-07	
0.19633333	2.35199886e-07	
0.19791667	4.21572804e-07	
0.19950000	6.49685432e-07	
0.20108333	6.93370752e-07	
0.20266667	6.76302418e-07	
0.20425000	6.19869806e-07	
0.20583333	7.06679021e-07	
0.20741667	6.27993923e-07	
0.20900000	2.87546302e-07	
0.21058333	1.31146951e-07	
0.21216667	1.62042949e-07	
0.21375000	2.51049045e-07	
0.21533333	3.75464087e-07	
0.21691667	2.35027874e-07	
0.21850000	3.86396898e-07	
0.22008333	4.95895307e-07	
0.22166667	6.47567473e-07	
0.22325000	6.50764600e-07	
0.22483333	6.58843187e-07	
0.22641667	8.10518713e-07	
0.22800000	5.48311475e-07	
0.22958333	2.54576951e-07	
0.23116667	2.20291625e-07	
0.23275000	2.51318137e-07	
0.23433333	4.46375589e-07	
0.23591667	2.53693119e-07	
0.23750000	3.01573812e-07	
0.23908333	6.45190054e-07	
0.24066667	5.65801956e-07	
0.24225000	6.18312432e-07	
0.24383333	4.94348014e-07	
0.24541667	6.80104205e-07	
0.24700000	6.41000226e-07	
0.24858333	2.49373758e-07	
0.25016667	3.09939719e-07	
0.25175000	3.28137848e-07	
0.25333333	4.94469091e-07	
0.25491667	4.29825475e-07	
0.25650000	2.39401558e-07	
0.25808333	3.45646697e-07	
0.25966667	3.00077509e-07	
0.26125000	5.37551544e-07	
0.26283333	4.78524504e-07	
0.26441667	6.20344035e-07	
0.26600000	6.73459115e-07	
0.26758333	5.89623353e-07	
0.26916667	2.36635146e-07	
0.27075000	1.57160594e-07	
0.27233333	1.79543734e-07	
0.27391667	1.72637938e-07	
0.27550000	2.27690705e-07	
0.27708333	4.35918856e-07	
0.27866667	4.91701951e-07	
0.28025000	7.18909298e-07	
0.28183333	5.78085211e-07	
0.28341667	6.40671603e-07	
0.28500000	6.85333495e-07	
0.28658333	6.65415026e-07	
0.28816667	6.94756086e-07	
0.28975000	1.15850662e-07	
0.29133333	2.26324621e-07	
0.29291667	3.67860514e-07	
0.29450000	2.43177388e-07	
0.29608333	4.78956451e-07	
0.29766667	3.60314456e-07	
0.29925000	6.41520826e-07	
0.30083333	7.43496809e-07	
0.30241667	6.01762234e-07	
0.30400000	5.99273090e-07	
0.30558333	6.72627645e-07	
0.30716667	5.66242976e-07	
0.30875000	2.37610568e-09	
0.31033333	1.57920898e-07	
0.31191667	2.14372285e-07	
0.31350000	2.58490799e-07	
0.31508333	3.29487200e-07	
0.31666667	2.29159553e-07	
0.31825000	3.82379642e-07	
0.31983333	7.75170318e-07	
0.32141667	6.74273783e-07	
0.32300000	7.02705587e-07	
0.32458333	6.42382032e-07	
0.32616667	6.14943881e-07	
0.32775000	6.45318748e-07	
0.32933333	3.39772482e-07	
0.33091667	3.09653602e-07	
0.33250000	2.95480822e-07	
0.33408333	3.41499851e-07	
0.33566667	3.65742303e-07	
0.33725000	2.95583139e-07	
0.33883333	6.89396702e-07	
0.34041667	6.30326707e-07	
0.34200000	6.54653863e-07	
0.34358333	7.86838722e-07	
0.34516667	5.76830363e-07	
0.34675000	6.33003907e-07	
0.34833333	3.86699563e-07	
0.34991667	1.43158846e-07	
0.35150000	2.33428288e-07	
0.35308333	3.19591892e-07	
0.35466667	3.49539796e-07	
0.35625000	2.28761445e-07	
0.35783333	4.85481920e-07	
0.35941667	7.50132379e-07	
0.36100000	5.27783978e-07	
0.36258333	5.68102035e-07	
0.36416667	5.78299141e-07	
0.36575000	6.52909329e-07	
0.36733333	5.58299747e-07	
0.36891667	3.19030075e-07	
0.37050000	1.99040995e-07	
0.37208333	2.00414457e-07	
0.37366667	3.45127890e-07	
0.37525000	2.71584326e-07	
0.37683333	2.94055194e-07	
0.37841667	4.23895116e-07	
0.38000000	4.33931131e-07	
0.38158333	6.50982506e-07	
0.38316667	6.20389117e-07	
0.38475000	7.47473604e-07	
0.38633333	8.45651217e-07	
0.38791667	5.89405783e-07	
0.38950000	3.07866002e-07	
0.39108333	2.55423121e-07	
0.39266667	2.92022639e-07	
0.39425000	1.78679489e-07	
0.39583333	7.68383388e-08	
0.39741667	3.18122862e-07	
0.39900000	5.75196826e-07	
0.40058333	3.85265255e-07	
0.40216667	4.56322252e-07	
0.40375000	5.04927448e-07	
0.40533333	8.20380923e-07	
0.40691667	6.98383817e-07	
0.40850000	5.15081096e-07	
0.41008333	2.48768566e-07	
0.41166667	2.12211162e-07	
0.41325000	3.23040639e-07	
0.41483333	2.02272466e-07	
0.41641667	1.03361241e-07	
0.41800000	5.10501603e-07	
0.41958333	5.00086255e-07	
0.42116667	7.58966271e-07	
0.42275000	6.58025046e-07	
0.42433333	7.54516144e-07	
0.42591667	5.89102193e-07	
0.42750000	4.80337585e-07	
0.42908333	2.94659462e-07	
0.43066667	1.76139734e-07	
0.43225000	2.18693019e-07	
0.43383333	2.84296057e-07	
0.43541667	1.89023812e-07	
0.43700000	3.44611575e-07	
0.43858333	6.08635310e-07	
0.44016667	7.56461783e-07	
0.44175000	5.85213379e-07	
0.44333333	5.88970924e-07	
0.44491667	5.95843440e-07	
0.44650000	7.37319228e-07	
0.44808333	5.21772612e-07	
0.44966667	2.91080845e-07	
0.45125000	2.13161791e-07	
0.45283333	3.02955898e-07	
0.45441667	2.04907818e-07	
0.45600000	3.09523285e-07	
0.45758333	2.56461100e-07	
0.45916667	3.37567775e-07	
0.46075000	7.88176230e-07	
0.46233333	6.83563368e-07	
0.46391667	6.97304705e-07	
0.46550000	6.47482069e-07	
0.46708333	6.30405279e-07	
0.46866667	4.28182473e-07	
0.47025000	3.63109438e-10	
0.47183333	1.29780797e-07	
0.47341667	1.69043823e-07	
0.47500000	1.31569658e-07	
0.47658333	1.47480756e-07	
0.47816667	4.35183655e-07	
0.47975000	5.05530316e-07	
0.48133333	6.18831799e-07	
0.48291667	7.27033807e-07	
0.48450000	7.78758847e-07	
0.48608333	7.97208651e-07	
0.48766667	7.01841636e-07	
0.48925000	4.14614212e-07	
0.49083333	2.13421236e-07	
0.49241667	8.53510218e-08	
0.49400000	1.41578413e-07	
0.49558333	2.03802889e-07	
0.49716667	2.16481802e-07	
0.49875000	5.95669776e-07	
0.50033333	6.05609494e-07	
0.50191667	5.48007550e-07	
0.50350000	4.54887215e-07	
0.50508333	5.74712684e-07	
0.50666667	6.89308330e-07	
0.50825000	4.17508842e-07	
0.50983333	3.89853849e-07	
0.51141667	9.22302234e-08	
0.51300000	1.79370785e-07	
0.51458333	2.74055773e-07	
0.51616667	1.56728003e-07	
0.51775000	3.30482477e-07	
0.51933333	6.79888651e-07	
0.52091667	5.17630274e-07	
0.52250000	6.25573102e-07	
0.52408333	5.77390836e-07	
0.52566667	5.91607578e-07	
0.52725000	5.81496548e-07	
0.52883333	5.48439665e-07	
0.53041667	2.99627977e-07	
0.53200000	1.74444257e-07	
0.53358333	4.16948173e-07	
0.53516667	1.65733725e-07	
0.53675000	3.07708355e-07	
0.53833333	4.96758082e-07	
0.53991667	5.86458147e-07	
0.54150000	7.89517602e-07	
0.54308333	6.40048127e-07	
0.54466667	7.35286953e-07	
0.54625000	8.23781900e-07	
0.54783333	6.41994439e-07	
0.54941667	3.98227429e-07	
0.55100000	5.94588970e-08	
0.55258333	1.99507762e-07	
0.55416667	2.18693677e-07	
0.55575000	1.06559775e-07	
0.55733333	3.59423092e-07	
0.55891667	5.78602898e-07	
0.56050000	6.66189428e-07	
0.56208333	6.52278908e-07	
0.56366667	6.32702054e-07	
0.56525000	7.58793896e-07	
0.56683333	5.55396073e-07	
0.56841667	6.13644623e-07	
0.57000000	2.86994790e-07	
0.57158333	3.27889421e-07	
0.57316667	4.50046526e-07	
0.57475000	3.47766281e-07	
0.57633333	2.99948451e-07	
0.57791667	3.55371562e-07	
0.57950000	3.49720264e-07	
0.58108333	6.20041454e-07	
0.58266667	6.28163722e-07	
0.58425000	7.64065748e-07	
0.58583333	7.50732558e-07	
0.58741667	7.12082032e-07	
0.58900000	5.24500663e-07	
0.59058333	4.00744126e-07	
0.59216667	4.02687777e-07	
0.59375000	5.49952125e-07	
0.59533333	5.34699616e-07	
0.59691667	5.45415641e-07	
0.59850000	4.71955353e-07	
0.60008333	7.53349667e-07	
0.60166667	7.03318366e-07	
0.60325000	8.24952408e-07	
0.60483333	8.91410982e-07	
0.60641667	8.66998143e-07	
0.60800000	6.50289419e-07	
0.60958333	3.12846208e-08	
0.61116667	2.82559867e-07	
0.61275000	3.16265063e-07	
0.61433333	2.80875339e-07	
0.61591667	3.59450645e-07	
0.61750000	4.53297360e-07	
0.61908333	6.06170583e-07	
0.62066667	6.06603651e-07	
0.62225000	6.57766370e-07	
0.62383333	6.96656475e-07	
0.62541667	5.82406253e-07	
0.62700000	6.44501615e-07	
0.62858333	4.04372472e-07	
0.63016667	1.93301578e-07	
0.63175000	2.02092040e-07	
0.63333333	2.05081538e-07	
0.63491667	3.95280409e-07	
0.63650000	2.98504314e-07	
0.63808333	5.20483210e-07	
0.63966667	6.39486030e-07	
0.64125000	7.17917045e-07	
0.64283333	9.04893083e-07	
0.64441667	7.87828454e-07	
0.64600000	8.50964455e-07	
0.64758333	7.40300018e-07	
0.64916667	3.17603719e-07	
0.65075000	5.26704250e-07	
0.65233333	4.39763569e-07	
0.65391667	5.37854238e-07	
0.65550000	5.47229843e-07	
0.65708333	4.13248423e-07	
0.65866667	4.31778142e-07	
0.66025000	6.32364415e-07	
0.66183333	7.31182361e-07	
0.66341667	7.36411595e-07	
0.66500000	5.90483999e-07	
0.66658333	6.27387415e-07	
0.66816667	5.71170749e-07	
0.66975000	4.53375791e-07	
0.67133333	3.10776845e-07	
0.67291667	1.92325342e-07	
0.67450000	1.80331116e-07	
0.67608333	3.55328860e-07	
0.67766667	5.86163070e-07	
0.67925000	6.02955927e-07	
0.68083333	6.31449054e-07	
0.68241667	6.63208975e-07	
0.68400000	5.42908857e-07	
0.68558333	7.48724196e-07	
0.68716667	7.64670463e-07	
0.68875000	5.00648408e-07	
0.69033333	3.82681159e-07	
0.69191667	3.50789940e-07	
0.69350000	4.32029089e-07	
0.69508333	3.95600939e-07	
0.69666667	3.82594495e-07	
0.69825000	5.66761615e-07	
0.69983333	5.19748794e-07	
0.70141667	6.91686308e-07	
0.70300000	6.19091875e-07	
0.70458333	8.06543262e-07	
0.70616667	6.73280411e-07	
0.70775000	5.77434238e-07	
0.70933333	4.38682524e-07	
0.71091667	1.55570123e-07	
0.71250000	2.99455685e-07	
0.71408333	3.00231936e-07	
0.71566667	3.25209448e-07	
0.71725000	3.94218937e-07	
0.71883333	4.14528584e-07	
0.72041667	7.82040371e-07	
0.72200000	6.85722993e-07	
0.72358333	8.06025519e-07	
0.72516667	6.79283768e-07	
0.72675000	7.36453653e-07	
0.72833333	6.68351629e-07	
0.72991667	2.58491387e-07	
0.73150000	3.03646605e-07	
0.73308333	4.46030054e-07	
0.73466667	4.51690816e-07	
0.73625000	4.75975381e-07	
0.73783333	4.84400903e-07	
0.73941667	1.04070847e-06	
0.74100000	9.07699313e-07	
0.74258333	7.57023880e-07	
0.74416667	8.75163813e-07	
0.74575000	7.60532550e-07	
0.74733333	7.81695899e-07	
0.74891667	5.61879540e-07	
0.75050000	1.72690133e-07	
0.75208333	3.87953516e-07	
0.75366667	3.18079712e-07	
0.75525000	5.20005957e-07	
0.75683333	3.03561117e-07	
0.75841667	5.17026959e-07	
0.76000000	7.14026215e-07	
0.76158333	7.10223140e-07	
0.76316667	7.54387002e-07	
0.76475000	7.97432605e-07	
0.76633333	9.35960757e-07	
0.76791667	8.15575403e-07	
0.76950000	3.75007695e-07	
0.77108333	4.04287013e-07	
0.77266667	3.77840862e-07	
0.77425000	4.39158489e-07	
0.77583333	3.05938200e-07	
0.77741667	3.93207560e-07	
0.77900000	6.16628325e-07	
0.78058333	7.13810941e-07	
0.78216667	7.02012780e-07	
0.78375000	6.35070176e-07	
0.78533333	6.23498265e-07	
0.78691667	8.74299526e-07	
0.78850000	5.28390149e-07	
0.79008333	3.82076248e-07	
0.79166667	4.01650918e-07	
0.79325000	3.22790252e-07	
0.79483333	4.57186874e-07	
0.79641667	2.62398010e-07	
0.79800000	3.76069475e-07	
0.79958333	4.84011574e-07	
0.80116667	7.89561116e-07	
0.80275000	8.73044790e-07	
0.80433333	6.69949717e-07	
0.80591667	7.94358627e-07	
0.80750000	6.28901779e-07	
0.80908333	4.58120044e-07	
0.81066667	2.59225944e-07	
0.81225000	2.20206081e-07	
0.81383333	3.55197002e-07	
0.81541667	3.24085422e-07	
0.81700000	3.44335483e-07	
0.81858333	5.92300833e-07	
0.82016667	7.65017175e-07	
0.82175000	9.53455886e-07	
0.82333333	8.54204817e-07	
0.82491667	8.01486739e-07	
0.82650000	7.30314882e-07	
0.82808333	5.59068774e-07	
0.82966667	3.67859366e-07	
0.83125000	2.65923844e-07	
0.83283333	3.81859630e-07	
0.83441667	4.60504547e-07	
0.83600000	2.47428454e-07	
0.83758333	4.53764813e-07	
0.83916667	4.98790637e-07	
0.84075000	6.57634765e-07	
0.84233333	7.26989509e-07	
0.84391667	8.01878253e-07	
0.84550000	6.86067688e-07	
0.84708333	7.10956773e-07	
0.84866667	6.47177583e-07	
0.85025000	1.56427451e-07	
0.85183333	4.44819307e-07	
0.85341667	5.46322378e-07	
0.85500000	4.87018405e-07	
0.85658333	4.83190969e-07	
0.85816667	5.86128124e-07	
0.85975000	6.97241870e-07	
0.86133333	7.69639846e-07	
0.86291667	7.43324602e-07	
0.86450000	8.74038275e-07	
0.86608333	8.22661289e-07	
0.86766667	7.82436196e-07	
0.86925000	4.89715598e-07	
0.87083333	2.47946954e-07	
0.87241667	3.57877562e-07	
0.87400000	2.97122088e-07	
0.87558333	3.59216862e-07	
0.87716667	4.39979598e-07	
0.87875000	5.19402250e-07	
0.88033333	7.32522893e-07	
0.88191667	7.35847986e-07	
0.88350000	7.58619392e-07	
0.88508333	8.47638074e-07	
0.88666667	7.60997315e-07	
0.88825000	5.51957799e-07	
0.88983333	3.19938072e-07	
0.89141667	3.72655729e-07	
0.89300000	4.08348679e-07	
0.89458333	3.23912934e-07	
0.89616667	4.69493903e-07	
0.89775000	5.05140818e-07	
0.89933333	9.96846185e-07	
0.90091667	1.07160316e-06	
0.90250000	1.38398965e-06	
0.90408333	1.73324070e-06	
0.90566667	2.13469975e-06	
0.90725000	2.94059070e-06	
0.90883333	3.57769500e-06	
0.91041667	4.76782725e-06	
0.91200000	6.72928166e-06	
0.91358333	9.56634746e-06	
0.91516667	1.41356875e-05	
0.91675000	2.02125130e-05	
0.91833333	3.02591774e-05	
0.91991667	5.00324371e-05	
0.92150000	1.07203089e-04	
0.92308333	3.43255627e-04	
0.92466667	6.49065662e-04	
0.92625000	5.17957460e-04	
0.92783333	5.47446101e-04	
0.92941667	1.23828008e-03	
0.93100000	1.38130094e-03	
0.93258333	1.37139696e-03	
0.93416667	2.36276575e-03	
0.93575000	1.88064061e-03	
0.93733333	2.30017426e-03	
0.93891667	2.12295156e-03	
0.94050000	2.18820967e-03	
0.94208333	2.24243085e-03	
0.94366667	2.07891008e-03	
0.94525000	2.23589403e-03	
0.94683333	2.10777330e-03	
0.94841667	2.11590894e-03	
0.95000000	2.07907845e-03	
0.95158333	2.03477226e-03	
0.95316667	2.10390722e-03	
0.95475000	2.08307482e-03	
0.95633333	1.79381664e-03	
0.95791667	1.86733311e-03	
0.95950000	1.66936528e-03	
0.96108333	1.63785334e-03	
0.96266667	1.56608261e-03	
0.96425000	1.61504799e-03	
0.96583333	1.25466801e-03	
0.96741667	1.15251484e-03	
0.96900000	1.14985545e-03	
0.97058333	1.21292349e-03	
0.97216667	1.11370348e-03	
0.97375000	8.95193656e-04	
0.97533333	8.65172553e-04	
0.97691667	7.82926900e-04	
0.97850000	9.20234955e-04	
0.98008333	9.02644983e-04	
0.98166667	7.25556930e-04	
0.98325000	7.32293317e-04	
0.98483333	6.81901392e-04	
0.98641667	6.46729248e-04	
0.98800000	6.53293079e-04	
0.98958333	6.62410898e-04	
0.99116667	7.46287028e-04	
0.99275000	6.82221902e-04	
0.99433333	6.38113155e-04	
0.99591667	6.51658014e-04	
0.99750000	6.63176245e-04	
0.99908333	6.67501094e-04	
1.00066667	6.63112418e-04	
1.00225000	5.93693933e-04	
1.00383333	6.16653264e-04	
1.00541667	7.87265226e-04	
1.00700000	7.17457242e-04	
1.00858333	6.65970055e-04	
1.01016667	7.56885707e-04	
1.01175000	7.23398749e-04	
1.01333333	6.82159624e-04	
1.01491667	7.77641095e-04	
1.01650000	7.77769150e-04	
1.01808333	7.33308409e-04	
1.01966667	8.34401643e-04	
1.02125000	8.83493521e-04	
1.02283333	9.34142818e-04	
1.02441667	9.44105408e-04	
1.02600000	9.62861007e-04	
1.02758333	1.01186182e-03	
1.02916667	1.30906754e-03	
1.03075000	9.72026480e-04	
1.03233333	1.00838421e-03	
1.03391667	1.16459581e-03	
1.03550000	9.93080357e-04	
1.03708333	1.03870747e-03	
1.03866667	1.07647306e-03	
1.04025000	1.03053432e-03	
1.04183333	1.24599618e-03	
1.04341667	1.34235895e-03	
1.04500000	1.69524453e-03	
1.04658333	1.47770925e-03	
1.04816667	1.62684773e-03	
1.04975000	1.47506959e-03	
1.05133333	1.47045663e-03	
1.05291667	1.54865143e-03	
1.05450000	1.47694023e-03	
1.05608333	1.52744983e-03	
1.05766667	1.39382245e-03	
1.05925000	1.60197331e-03	
1.06083333	1.43478867e-03	
1.06241667	1.22147971e-03	
1.06400000	1.33780059e-03	
1.06558333	1.45387613e-03	
1.06716667	1.50799983e-03	
1.06875000	1.27351909e-03	
1.07033333	1.27091567e-03	
1.07191667	1.35739866e-03	
1.07350000	1.53794907e-03	
1.07508333	1.30926791e-03	
1.07666667	1.27091533e-03	
1.07825000	1.17129091e-03	
1.07983333	8.94632921e-04	
1.08141667	9.23153322e-04	
1.08300000	7.56386505e-04	
1.08458333	6.53154186e-04	
1.08616667	7.09161372e-04	
1.08775000	6.01163897e-04	
1.08933333	5.15433122e-04	
1.09091667	5.40273765e-04	
1.09250000	5.57031351e-04	
1.09408333	5.12465379e-04	
1.09566667	4.74513646e-04	
1.09725000	4.08982771e-04	
1.09883333	3.68838679e-04	
1.10041667	3.79028649e-04	
1.10200000	3.77717907e-04	
1.10358333	3.31630731e-04	
1.10516667	3.45305021e-04	
1.10675000	3.84948134e-04	
1.10833333	3.57505591e-04	
1.10991667	2.70725918e-04	
1.11150000	2.09303351e-04	
1.11308333	1.99039332e-04	
1.11466667	2.07891593e-04	
1.11625000	2.32081768e-04	
1.11783333	2.33263982e-04	
1.11941667	2.03802624e-04	
1.12100000	1.83742005e-04	
1.12258333	1.83260336e-04	
1.12416667	1.99040164e-04	
1.12575000	2.42880658e-04	
1.12733333	2.74288201e-04	
1.12891667	2.59366852e-04	
1.13050000	2.15231954e-04	
1.13208333	1.74057860e-04	
1.13366667	1.65298042e-04	
1.13525000	1.81823489e-04	
1.13683333	2.03678440e-04	
1.13841667	2.07064956e-04	
1.14000000	1.94902150e-04	
1.14158333	1.83420376e-04	
1.14316667	1.80485622e-04	
1.14475000	1.85842767e-04	
1.14633333	1.77687884e-04	
1.14791667	1.54197552e-04	
1.14950000	1.33949710e-04	
1.15108333	1.28957103e-04	
1.15266667	1.40207554e-04	
1.15425000	1.60851131e-04	
1.15583333	1.87025512e-04	
1.15741667	2.07222803e-04	
1.15900000	2.08309191e-04	
1.16058333	2.03981546e-04	
1.16216667	2.05882527e-04	
1.16375000	2.15502186e-04	
1.16533333	2.22647196e-04	
1.16691667	2.21900457e-04	
1.16850000	2.19310830e-04	
1.17008333	2.19194244e-04	
1.17166667	2.23582934e-04	
1.17325000	2.41134799e-04	
1.17483333	2.88094274e-04	
1.17641667	3.08331937e-04	
1.17800000	2.90978978e-04	
1.17958333	2.84031584e-04	
1.18116667	2.66523962e-04	
1.18275000	2.43182014e-04	
1.18433333	2.46717115e-04	
1.18591667	2.84012889e-04	
1.18750000	3.09558781e-04	
1.18908333	2.95399596e-04	
1.19066667	2.78759341e-04	
1.19225000	2.71413704e-04	
1.19383333	2.58842733e-04	
1.19541667	2.27153447e-04	
1.19700000	2.08007806e-04	
1.19858333	2.06386790e-04	
1.20016667	2.10338944e-04	
1.20175000	2.05481703e-04	
1.20333333	2.00060675e-04	
1.20491667	2.00315179e-04	
1.20650000	2.01457006e-04	
1.20808333	2.10164997e-04	
1.20966667	2.12851140e-04	
1.21125000	2.03562729e-04	
1.21283333	1.90134614e-04	
1.21441667	1.86886561e-04	
1.21600000	1.88309545e-04	
1.21758333	1.89722062e-04	
1.21916667	2.04136855e-04	
1.22075000	2.13704915e-04	
1.22233333	2.21049793e-04	
1.22391667	2.16299303e-04	
1.22550000	2.07093113e-04	
1.22708333	2.02549874e-04	
1.22866667	2.15170909e-04	
1.23025000	2.39493970e-04	
1.23183333	2.41310194e-04	
1.23341667	2.27303351e-04	
1.23500000	2.07131048e-04	
1.23658333	1.83270358e-04	
1.23816667	1.68441968e-04	
1.23975000	1.74661748e-04	
1.24133333	1.98771667e-04	
1.24291667	2.04037444e-04	
1.24450000	1.94013865e-04	
1.24608333	1.91835513e-04	
1.24766667	2.07790835e-04	
1.24925000	2.72882980e-04	
1.25083333	3.73154324e-04	
1.25241667	4.54169691e-04	
1.25400000	5.61162942e-04	
1.25558333	6.69858554e-04	
1.25716667	7.23267483e-04	
1.25875000	1.01799480e-03	
1.26033333	1.24141327e-03	
1.26191667	1.29592623e-03	
1.26350000	1.59263821e-03	
1.26508333	1.47171172e-03	
1.26666667	1.96198753e-03	
1.26825000	2.02670038e-03	
1.26983333	2.18498449e-03	
1.27141667	1.52858025e-03	
1.27300000	1.83402656e-03	
1.27458333	1.83869779e-03	
1.27616667	1.68550995e-03	
1.27775000	3.29046379e-03	
1.27933333	4.35796704e-03	
