start voltage : 0.00 V 
set voltage : 0.10 V 
High G : 30.00 G0 
Intermediate G : 20.00 G0 
Low G : 10.00 G0 
Breaking speed 1 : 300.00 V/s 
Breaking speed 2 : 300.00 V/s 
Making speed : 500.00 V/s 
Post breaking : 230.00 V/s 
@ 
0.00000000	3.87474155e+01	
0.00158333	3.95299689e+01	
0.00316667	3.91773046e+01	
0.00475000	3.92183636e+01	
0.00633333	3.92919505e+01	
0.00791667	3.90564275e+01	
0.00950000	3.92680479e+01	
0.01108333	3.91730728e+01	
0.01266667	3.91827466e+01	
0.01425000	3.91839455e+01	
0.01583333	3.91059878e+01	
0.01741667	3.91613320e+01	
0.01900000	3.90697318e+01	
0.02058333	3.91501474e+01	
0.02216667	3.90784773e+01	
0.02375000	3.89728587e+01	
0.02533333	3.91381209e+01	
0.02691667	3.90405451e+01	
0.02850000	3.90524175e+01	
0.03008333	3.89134932e+01	
0.03166667	3.89005234e+01	
0.03325000	3.89817358e+01	
0.03483333	3.89237194e+01	
0.03641667	3.88473515e+01	
0.03800000	3.89557925e+01	
0.03958333	3.87576530e+01	
0.04116667	3.87484264e+01	
0.04275000	3.85106260e+01	
0.04433333	3.89314427e+01	
0.04591667	3.89022560e+01	
0.04750000	3.88765757e+01	
0.04908333	3.88617719e+01	
0.05066667	3.86091752e+01	
0.05225000	3.87056235e+01	
0.05383333	3.87660414e+01	
0.05541667	3.86557100e+01	
0.05700000	3.87247494e+01	
0.05858333	3.87093179e+01	
0.06016667	3.88451191e+01	
0.06175000	3.86535077e+01	
0.06333333	3.85871217e+01	
0.06491667	3.86404402e+01	
0.06650000	3.84120655e+01	
0.06808333	3.84525119e+01	
0.06966667	3.86248208e+01	
0.07125000	3.85032635e+01	
0.07283333	3.88061120e+01	
0.07441667	3.84869000e+01	
0.07600000	3.83648354e+01	
0.07758333	3.83716679e+01	
0.07916667	3.83640348e+01	
0.08075000	3.85454388e+01	
0.08233333	3.82986711e+01	
0.08391667	3.84310034e+01	
0.08550000	3.84067137e+01	
0.08708333	3.84060071e+01	
0.08866667	3.83594836e+01	
0.09025000	3.79741449e+01	
0.09183333	3.79901965e+01	
0.09341667	3.80229685e+01	
0.09500000	3.80829805e+01	
0.09658333	3.80933383e+01	
0.09816667	3.78629228e+01	
0.09975000	3.80711157e+01	
0.10133333	3.78122464e+01	
0.10291667	3.79298725e+01	
0.10450000	3.79452664e+01	
0.10608333	3.78338902e+01	
0.10766667	3.78972734e+01	
0.10925000	3.78064060e+01	
0.11083333	3.76553388e+01	
0.11241667	3.77938497e+01	
0.11400000	3.75045384e+01	
0.11558333	3.73990477e+01	
0.11716667	3.67455418e+01	
0.11875000	3.67356876e+01	
0.12033333	3.71472402e+01	
0.12191667	3.68592894e+01	
0.12350000	3.67619090e+01	
0.12508333	3.67154869e+01	
0.12666667	3.65415695e+01	
0.12825000	3.65808020e+01	
0.12983333	3.67487964e+01	
0.13141667	3.65301819e+01	
0.13300000	3.65311177e+01	
0.13458333	3.65603608e+01	
0.13616667	3.63709856e+01	
0.13775000	3.64541973e+01	
0.13933333	3.66111425e+01	
0.14091667	3.64660922e+01	
0.14250000	3.62254505e+01	
0.14408333	3.62198507e+01	
0.14566667	3.63175167e+01	
0.14725000	3.62352633e+01	
0.14883333	3.59989286e+01	
0.15041667	3.62239322e+01	
0.15200000	3.63239321e+01	
0.15358333	3.61153935e+01	
0.15516667	3.61717975e+01	
0.15675000	3.58633830e+01	
0.15833333	3.60655025e+01	
0.15991667	3.60382814e+01	
0.16150000	3.57607335e+01	
0.16308333	3.58124360e+01	
0.16466667	3.48628539e+01	
0.16625000	3.43231069e+01	
0.16783333	3.43631964e+01	
0.16941667	3.41874524e+01	
0.17100000	3.43933489e+01	
0.17258333	3.42358927e+01	
0.17416667	3.42337504e+01	
0.17575000	3.41630086e+01	
0.17733333	3.41968706e+01	
0.17891667	3.41921803e+01	
0.18050000	3.41225547e+01	
0.18208333	3.33156965e+01	
0.18366667	3.23472217e+01	
0.18525000	3.23028065e+01	
0.18683333	3.23356650e+01	
0.18841667	3.21291934e+01	
0.19000000	3.19865861e+01	
0.19158333	3.18602557e+01	
0.19316667	3.16744734e+01	
0.19475000	3.17861052e+01	
0.19633333	3.18141418e+01	
0.19791667	3.17234549e+01	
0.19950000	3.15551410e+01	
0.20108333	3.13089709e+01	
0.20266667	3.09351137e+01	
0.20425000	3.07328383e+01	
0.20583333	3.06154921e+01	
0.20741667	3.04704437e+01	
0.20900000	3.03370798e+01	
0.21058333	3.01326546e+01	
0.21216667	3.00219887e+01	
0.21375000	2.99657632e+01	
0.21533333	2.99774815e+01	
0.21691667	3.00797458e+01	
0.21850000	3.02065008e+01	
0.22008333	3.01596258e+01	
0.22166667	3.02751943e+01	
0.22325000	3.00494579e+01	
0.22483333	2.97406056e+01	
0.22641667	2.97604304e+01	
0.22800000	2.97647656e+01	
0.22958333	2.97315951e+01	
0.23116667	2.93417616e+01	
0.23275000	2.95930448e+01	
0.23433333	2.95194260e+01	
0.23591667	2.96296447e+01	
0.23750000	2.96509352e+01	
0.23908333	2.95112706e+01	
0.24066667	2.95702096e+01	
0.24225000	2.94655325e+01	
0.24383333	2.92812591e+01	
0.24541667	2.92929455e+01	
0.24700000	2.92714688e+01	
0.24858333	2.91467264e+01	
0.25016667	2.88074791e+01	
0.25175000	2.86748969e+01	
0.25333333	2.87594240e+01	
0.25491667	2.85983561e+01	
0.25650000	2.83261149e+01	
0.25808333	2.79679954e+01	
0.25966667	2.79332540e+01	
0.26125000	2.76868998e+01	
0.26283333	2.61056492e+01	
0.26441667	2.57806570e+01	
0.26600000	2.57318766e+01	
0.26758333	2.57005609e+01	
0.26916667	2.56748581e+01	
0.27075000	2.55099059e+01	
0.27233333	2.56610220e+01	
0.27391667	2.55183113e+01	
0.27550000	2.55608755e+01	
0.27708333	2.53739883e+01	
0.27866667	2.49709463e+01	
0.28025000	2.51551126e+01	
0.28183333	2.52006177e+01	
0.28341667	2.52058811e+01	
0.28500000	2.49678514e+01	
0.28658333	2.47714144e+01	
0.28816667	2.49585328e+01	
0.28975000	2.51371499e+01	
0.29133333	2.51088258e+01	
0.29291667	2.50843200e+01	
0.29450000	2.49410662e+01	
0.29608333	2.48569187e+01	
0.29766667	2.48652470e+01	
0.29925000	2.48551504e+01	
0.30083333	2.45890408e+01	
0.30241667	2.42149318e+01	
0.30400000	2.41096046e+01	
0.30558333	2.39217665e+01	
0.30716667	2.40107509e+01	
0.30875000	2.39422584e+01	
0.31033333	2.38957048e+01	
0.31191667	2.38676362e+01	
0.31350000	2.38032083e+01	
0.31508333	2.38105482e+01	
0.31666667	2.38644323e+01	
0.31825000	2.35237512e+01	
0.31983333	2.34955417e+01	
0.32141667	2.33443786e+01	
0.32300000	2.33588367e+01	
0.32458333	2.30035134e+01	
0.32616667	2.27348331e+01	
0.32775000	2.28396850e+01	
0.32933333	2.27990825e+01	
0.33091667	2.28636120e+01	
0.33250000	2.28534026e+01	
0.33408333	2.09888071e+01	
0.33566667	2.05616972e+01	
0.33725000	2.04404311e+01	
0.33883333	2.05836135e+01	
0.34041667	2.04078733e+01	
0.34200000	1.98879267e+01	
0.34358333	2.00311767e+01	
0.34516667	1.99646911e+01	
0.34675000	1.99041211e+01	
0.34833333	1.96059723e+01	
0.34991667	1.93332105e+01	
0.35150000	1.93677208e+01	
0.35308333	1.92782816e+01	
0.35466667	1.91669092e+01	
0.35625000	1.90229921e+01	
0.35783333	1.89718139e+01	
0.35941667	1.90467443e+01	
0.36100000	1.89860164e+01	
0.36258333	1.92084155e+01	
0.36416667	1.90290579e+01	
0.36575000	1.89587126e+01	
0.36733333	1.88940648e+01	
0.36891667	1.84606147e+01	
0.37050000	1.83607971e+01	
0.37208333	1.83596583e+01	
0.37366667	1.73918900e+01	
0.37525000	1.74298316e+01	
0.37683333	1.74475913e+01	
0.37841667	1.74134662e+01	
0.38000000	1.73069175e+01	
0.38158333	1.62585589e+01	
0.38316667	1.55099942e+01	
0.38475000	1.53900379e+01	
0.38633333	1.50990646e+01	
0.38791667	1.50992845e+01	
0.38950000	1.49074213e+01	
0.39108333	1.43488708e+01	
0.39266667	1.43584365e+01	
0.39425000	1.43548511e+01	
0.39583333	1.43096016e+01	
0.39741667	1.42879061e+01	
0.39900000	1.40843161e+01	
0.40058333	1.39527336e+01	
0.40216667	1.42865606e+01	
0.40375000	1.42354707e+01	
0.40533333	1.42625885e+01	
0.40691667	1.42166606e+01	
0.40850000	1.41190961e+01	
0.41008333	1.39427094e+01	
0.41166667	1.35900244e+01	
0.41325000	1.36249716e+01	
0.41483333	1.34634902e+01	
0.41641667	1.33677484e+01	
0.41800000	1.34365651e+01	
0.41958333	1.32893473e+01	
0.42116667	1.34804691e+01	
0.42275000	1.34487071e+01	
0.42433333	1.34600749e+01	
0.42591667	1.33435847e+01	
0.42750000	1.31907614e+01	
0.42908333	1.31553811e+01	
0.43066667	1.18244263e+01	
0.43225000	1.16858205e+01	
0.43383333	1.13639327e+01	
0.43541667	1.12977947e+01	
0.43700000	1.11496486e+01	
0.43858333	1.11496937e+01	
0.44016667	1.12833865e+01	
0.44175000	1.11877687e+01	
0.44333333	1.10844286e+01	
0.44491667	1.10888540e+01	
0.44650000	1.08587983e+01	
0.44808333	1.07393090e+01	
0.44966667	1.05058381e+01	
0.45125000	1.02209296e+01	
0.45283333	1.03089989e+01	
0.45441667	1.02177398e+01	
0.45600000	1.01701837e+01	
0.45758333	9.92551685e+00	
0.45916667	9.93086862e+00	
0.46075000	9.87957769e+00	
0.46233333	8.62491098e+00	
0.46391667	8.20655595e+00	
0.46550000	8.38285711e+00	
0.46708333	8.39511751e+00	
0.46866667	8.40347119e+00	
0.47025000	8.33412650e+00	
0.47183333	8.33519385e+00	
0.47341667	8.26294402e+00	
0.47500000	8.22968150e+00	
0.47658333	8.39116381e+00	
0.47816667	8.00117711e+00	
0.47975000	7.99269376e+00	
0.48133333	8.14399024e+00	
0.48291667	8.17606703e+00	
0.48450000	7.93675199e+00	
0.48608333	7.11981134e+00	
0.48766667	7.17171439e+00	
0.48925000	7.43541165e+00	
0.49083333	7.10901714e+00	
0.49241667	6.89151319e+00	
0.49400000	6.86425167e+00	
0.49558333	6.95428655e+00	
0.49716667	6.96939712e+00	
0.49875000	6.93535570e+00	
0.50033333	6.97444400e+00	
0.50191667	6.79684766e+00	
0.50350000	6.77857074e+00	
0.50508333	6.66643680e+00	
0.50666667	6.67750254e+00	
0.50825000	6.68972677e+00	
0.50983333	6.82024943e+00	
0.51141667	6.75888495e+00	
0.51300000	6.72079635e+00	
0.51458333	6.72164430e+00	
0.51616667	6.62003773e+00	
0.51775000	6.74481260e+00	
0.51933333	6.07102944e+00	
0.52091667	5.76420280e+00	
0.52250000	5.65653321e+00	
0.52408333	5.75672949e+00	
0.52566667	5.33093780e+00	
0.52725000	5.33943711e+00	
0.52883333	5.15173291e+00	
0.53041667	4.63678906e+00	
0.53200000	4.65245163e+00	
0.53358333	4.60288106e+00	
0.53516667	4.59690636e+00	
0.53675000	4.64193883e+00	
0.53833333	4.59349761e+00	
0.53991667	4.63739227e+00	
0.54150000	4.47328575e+00	
0.54308333	4.44186336e+00	
0.54466667	4.42092842e+00	
0.54625000	4.41551510e+00	
0.54783333	4.39623521e+00	
0.54941667	4.18944936e+00	
0.55100000	4.16956485e+00	
0.55258333	4.12833527e+00	
0.55416667	4.10407567e+00	
0.55575000	4.02222395e+00	
0.55733333	3.94722213e+00	
0.55891667	3.65996454e+00	
0.56050000	3.01085063e+00	
0.56208333	2.91060925e+00	
0.56366667	2.47356014e+00	
0.56525000	2.49504520e+00	
0.56683333	2.49119956e+00	
0.56841667	2.34183154e+00	
0.57000000	2.20673155e+00	
0.57158333	2.18718810e+00	
0.57316667	2.28635274e+00	
0.57475000	2.28118348e+00	
0.57633333	2.32201867e+00	
0.57791667	2.03299729e+00	
0.57950000	1.92792689e+00	
0.58108333	1.92457628e+00	
0.58266667	1.92903334e+00	
0.58425000	1.90298070e+00	
0.58583333	1.85086061e+00	
0.58741667	1.88248899e+00	
0.58900000	1.83709714e+00	
0.59058333	1.82726927e+00	
0.59216667	1.77749047e+00	
0.59375000	1.73977804e+00	
0.59533333	1.67825324e+00	
0.59691667	1.64771311e+00	
0.59850000	1.59657804e+00	
0.60008333	1.61072861e+00	
0.60166667	1.40127522e+00	
0.60325000	8.66733545e-01	
0.60483333	7.62856686e-01	
0.60641667	7.44337776e-01	
0.60800000	8.59139677e-01	
0.60958333	8.18077931e-01	
0.61116667	7.30269298e-01	
0.61275000	7.42178007e-01	
0.61433333	6.50749049e-01	
0.61591667	6.54456930e-01	
0.61750000	5.93366920e-01	
0.61908333	5.73942386e-01	
0.62066667	5.85391588e-01	
0.62225000	5.50389985e-01	
0.62383333	5.62117533e-01	
0.62541667	5.58026779e-01	
0.62700000	5.45868087e-01	
0.62858333	5.20281408e-01	
0.63016667	4.10150531e-01	
0.63175000	1.06713006e-01	
0.63333333	4.72592321e-02	
0.63491667	4.21644744e-02	
0.63650000	3.97759612e-02	
0.63808333	3.34741141e-02	
0.63966667	3.50525231e-02	
0.64125000	3.27577646e-02	
0.64283333	2.76526736e-02	
0.64441667	2.07670806e-02	
0.64600000	2.03017439e-02	
0.64758333	2.06317335e-02	
0.64916667	2.08654818e-02	
0.65075000	1.83007963e-02	
0.65233333	1.66738676e-02	
0.65391667	1.75743739e-02	
0.65550000	1.59028378e-02	
0.65708333	1.14097182e-02	
0.65866667	1.12605263e-02	
0.66025000	1.05779654e-02	
0.66183333	1.07554691e-02	
0.66341667	1.08705696e-02	
0.66500000	1.06067965e-02	
0.66658333	7.70313946e-03	
0.66816667	2.12777785e-03	
0.66975000	4.76506583e-05	
0.67133333	1.62186718e-05	
0.67291667	1.71219843e-05	
0.67450000	3.11551244e-05	
0.67608333	6.14511685e-05	
0.67766667	1.36786975e-04	
0.67925000	2.45448609e-04	
0.68083333	2.50786830e-04	
0.68241667	1.64695545e-04	
0.68400000	1.23774148e-04	
0.68558333	1.09242326e-04	
0.68716667	1.00548593e-04	
0.68875000	8.33238612e-05	
0.69033333	6.23119692e-05	
0.69191667	4.58104964e-05	
0.69350000	3.44652833e-05	
0.69508333	2.67503646e-05	
0.69666667	2.14644227e-05	
0.69825000	1.75848070e-05	
0.69983333	1.46167240e-05	
0.70141667	1.21342983e-05	
0.70300000	1.01654122e-05	
0.70458333	8.56224749e-06	
0.70616667	7.19817054e-06	
0.70775000	6.27162912e-06	
0.70933333	5.40749153e-06	
0.71091667	5.16956643e-06	
0.71250000	4.60536441e-06	
0.71408333	4.14381186e-06	
0.71566667	3.66662094e-06	
0.71725000	3.04900686e-06	
0.71883333	2.91759920e-06	
0.72041667	2.25057074e-06	
0.72200000	1.73265111e-06	
0.72358333	1.60563102e-06	
0.72516667	1.35031433e-06	
0.72675000	1.33798516e-06	
0.72833333	1.24000417e-06	
0.72991667	1.32098055e-06	
0.73150000	1.41559568e-06	
0.73308333	1.43325898e-06	
0.73466667	1.44877650e-06	
0.73625000	1.24154928e-06	
0.73783333	1.28921425e-06	
0.73941667	1.26084595e-06	
0.74100000	8.61205915e-07	
0.74258333	5.47489022e-07	
0.74416667	5.05272200e-07	
0.74575000	5.48915854e-07	
0.74733333	5.84305298e-07	
0.74891667	5.48700637e-07	
0.75050000	7.40438624e-07	
0.75208333	7.34251186e-07	
0.75366667	7.75645388e-07	
0.75525000	7.62165359e-07	
0.75683333	5.47663750e-07	
0.75841667	6.98383761e-07	
0.76000000	4.87685115e-07	
0.76158333	1.59174696e-07	
0.76316667	2.37879634e-07	
0.76475000	2.26644172e-07	
0.76633333	3.42277782e-07	
0.76791667	2.50712778e-07	
0.76950000	3.28665783e-07	
0.77108333	6.45967649e-07	
0.77266667	6.01546792e-07	
0.77425000	7.32305099e-07	
0.77583333	5.23031381e-07	
0.77741667	5.36386020e-07	
0.77900000	5.00293577e-07	
0.78058333	2.17007973e-07	
0.78216667	9.02685954e-08	
0.78375000	8.83670581e-08	
0.78533333	1.68914275e-07	
0.78691667	1.28519733e-07	
0.78850000	1.63659014e-07	
0.79008333	6.52016032e-07	
0.79166667	4.95461792e-07	
0.79325000	5.74064343e-07	
0.79483333	5.34526569e-07	
0.79641667	4.43436577e-07	
0.79800000	4.86086747e-07	
0.79958333	3.68473182e-07	
0.80116667	2.26931759e-07	
0.80275000	1.21035179e-07	
0.80433333	1.96741658e-07	
0.80591667	3.24552287e-07	
0.80750000	2.06990804e-07	
0.80908333	2.77720130e-07	
0.81066667	3.69371462e-07	
0.81225000	6.01895520e-07	
0.81383333	6.37930056e-07	
0.81541667	5.37162047e-07	
0.81700000	6.34907041e-07	
0.81858333	5.32279132e-07	
0.82016667	1.11325722e-09	
0.82175000	1.58326454e-07	
0.82333333	8.03723914e-09	
0.82491667	9.54968710e-08	
0.82650000	9.71384867e-08	
0.82808333	5.44896155e-08	
0.82966667	7.60526515e-08	
0.83125000	2.15668085e-07	
0.83283333	5.02549582e-07	
0.83441667	4.53633935e-07	
0.83600000	5.46841969e-07	
0.83758333	5.82015131e-07	
0.83916667	3.55500900e-07	
0.84075000	3.09713105e-07	
0.84233333	-9.20412237e-09	
0.84391667	1.04182357e-07	
0.84550000	2.59312356e-07	
0.84708333	1.16454593e-07	
0.84866667	1.61092922e-07	
0.85025000	2.33834572e-07	
0.85183333	4.91445124e-07	
0.85341667	5.91824084e-07	
0.85500000	4.66276978e-07	
0.85658333	4.87727957e-07	
0.85816667	4.91877183e-07	
0.85975000	4.83579795e-07	
0.86133333	3.20413141e-07	
0.86291667	1.25554764e-07	
0.86450000	2.15366428e-07	
0.86608333	1.30480661e-07	
0.86766667	8.86270428e-08	
0.86925000	1.86484714e-07	
0.87083333	4.10334808e-07	
0.87241667	5.42183008e-07	
0.87400000	4.98833591e-07	
0.87558333	6.47438891e-07	
0.87716667	5.77350458e-07	
0.87875000	4.55147263e-07	
0.88033333	3.76085547e-07	
0.88191667	1.33777569e-08	
0.88350000	1.18019486e-07	
0.88508333	2.40022598e-07	
0.88666667	1.24431941e-07	
0.88825000	2.28977488e-07	
0.88983333	2.69397260e-07	
0.89141667	5.08813911e-07	
0.89300000	4.71869613e-07	
0.89458333	4.12021156e-07	
0.89616667	4.10724502e-07	
0.89775000	4.43610073e-07	
0.89933333	4.73252763e-07	
0.90091667	2.11200149e-07	
0.90250000	7.06505511e-08	
0.90408333	1.29634029e-07	
0.90566667	1.56459764e-07	
0.90725000	1.84918953e-07	
0.90883333	6.65793715e-08	
0.91041667	5.46927821e-07	
0.91200000	5.54705674e-07	
0.91358333	3.93742860e-07	
0.91516667	5.11581667e-07	
0.91675000	5.16722922e-07	
0.91833333	5.20179733e-07	
0.91991667	6.15805648e-07	
0.92150000	4.81036664e-08	
0.92308333	1.41215488e-07	
0.92466667	1.23930705e-07	
0.92625000	2.15988140e-07	
0.92783333	3.08573006e-07	
0.92941667	2.96872737e-07	
0.93100000	6.66856250e-07	
0.93258333	5.82966278e-07	
0.93416667	4.98142352e-07	
0.93575000	5.35865029e-07	
0.93733333	4.92619944e-07	
0.93891667	5.24786780e-07	
0.94050000	2.94053990e-07	
0.94208333	1.91615986e-07	
0.94366667	1.54393972e-07	
0.94525000	9.98188089e-08	
0.94683333	1.93717704e-07	
0.94841667	5.85689680e-08	
0.95000000	2.05946091e-07	
0.95158333	5.55959962e-07	
0.95316667	4.65258264e-07	
0.95475000	5.33834826e-07	
0.95633333	5.10586838e-07	
0.95791667	5.33100017e-07	
0.95950000	3.65783941e-07	
0.96108333	2.18953011e-07	
0.96266667	1.51499160e-07	
0.96425000	1.61783685e-07	
0.96583333	3.33506697e-07	
0.96741667	1.90432989e-07	
0.96900000	2.37619474e-07	
0.97058333	2.71939158e-07	
0.97216667	4.72864442e-07	
0.97375000	5.28347251e-07	
0.97533333	5.11061404e-07	
0.97691667	4.91443779e-07	
0.97850000	3.83649107e-07	
0.98008333	2.19125736e-07	
0.98166667	-2.72575903e-08	
0.98325000	8.48244721e-08	
0.98483333	1.75783740e-07	
0.98641667	2.55250493e-07	
0.98800000	-8.97985418e-09	
0.98958333	1.36634651e-07	
0.99116667	2.97165770e-07	
0.99275000	4.43955049e-07	
0.99433333	5.42952427e-07	
0.99591667	3.57920852e-07	
0.99750000	5.84867059e-07	
0.99908333	4.12063270e-07	
1.00066667	7.80656689e-08	
1.00225000	-2.09653597e-07	
1.00383333	-2.23058341e-08	
1.00541667	1.17198440e-07	
1.00700000	1.90605043e-07	
1.00858333	1.61480978e-07	
1.01016667	3.88321984e-07	
1.01175000	3.82334924e-07	
1.01333333	5.96751409e-07	
1.01491667	4.31466600e-07	
1.01650000	3.90112441e-07	
1.01808333	4.86129029e-07	
1.01966667	2.43627928e-07	
1.02125000	1.32313392e-08	
1.02283333	-2.70939860e-08	
1.02441667	1.53659625e-07	
1.02600000	2.42235425e-07	
1.02758333	-3.79055353e-08	
1.02916667	1.85256201e-07	
1.03075000	2.04156727e-07	
1.03233333	4.69318839e-07	
1.03391667	4.46892520e-07	
1.03550000	4.13794419e-07	
1.03708333	5.03242333e-07	
1.03866667	4.82638280e-07	
1.04025000	2.56185287e-07	
1.04183333	2.05600415e-07	
1.04341667	1.84642175e-07	
1.04500000	2.56088011e-07	
1.04658333	1.61290863e-07	
1.04816667	2.73139572e-07	
1.04975000	3.56563463e-07	
1.05133333	3.22754662e-07	
1.05291667	5.75446933e-07	
1.05450000	4.82326906e-07	
1.05608333	4.96370265e-07	
1.05766667	4.18105885e-07	
1.05925000	3.27716261e-07	
1.06083333	1.03619931e-07	
1.06241667	-2.49072769e-08	
1.06400000	1.59251616e-07	
1.06558333	2.34292351e-07	
1.06716667	1.53868332e-07	
1.06875000	2.85973444e-07	
1.07033333	3.32607072e-07	
1.07191667	5.99282722e-07	
1.07350000	6.14382344e-07	
1.07508333	5.62268925e-07	
1.07666667	6.06213817e-07	
1.07825000	6.61393709e-07	
1.07983333	6.69671945e-07	
1.08141667	2.55942320e-07	
1.08300000	1.99939695e-07	
1.08458333	1.85169607e-07	
1.08616667	1.50202604e-07	
1.08775000	2.82645887e-07	
1.08933333	1.78411741e-07	
1.09091667	5.06136151e-07	
1.09250000	5.67540554e-07	
1.09408333	3.45260476e-07	
1.09566667	4.11589180e-07	
1.09725000	4.82801416e-07	
1.09883333	4.01650442e-07	
1.10041667	3.24130000e-07	
1.10200000	1.88747551e-07	
1.10358333	1.90519485e-07	
1.10516667	2.08970493e-07	
1.10675000	3.32460934e-07	
1.10833333	1.97026571e-07	
1.10991667	4.20838527e-07	
1.11150000	5.28647033e-07	
1.11308333	4.68715412e-07	
1.11466667	6.80190729e-07	
1.11625000	5.74843114e-07	
1.11783333	5.21346713e-07	
1.11941667	4.85134928e-07	
1.12100000	1.94373886e-07	
1.12258333	1.75913553e-07	
1.12416667	1.80061814e-07	
1.12575000	1.44930667e-07	
1.12733333	1.41473114e-07	
1.12891667	1.14993460e-07	
1.13050000	3.58657005e-07	
1.13208333	4.93114110e-07	
1.13366667	5.30507156e-07	
1.13525000	5.50083731e-07	
1.13683333	4.41492590e-07	
1.13841667	4.67297232e-07	
1.14000000	3.75456751e-07	
1.14158333	9.37957527e-08	
1.14316667	1.34733821e-08	
1.14475000	-7.89909284e-08	
1.14633333	6.98636388e-08	
1.14791667	2.09852000e-07	
1.14950000	1.24519291e-07	
1.15108333	5.56951487e-07	
1.15266667	4.65733698e-07	
1.15425000	6.62260068e-07	
1.15583333	5.91305948e-07	
1.15741667	5.19703375e-07	
1.15900000	5.21864792e-07	
1.16058333	3.12893908e-07	
1.16216667	3.69276538e-07	
1.16375000	2.02272844e-07	
1.16533333	1.75005655e-07	
1.16691667	1.92809750e-07	
1.16850000	2.28591460e-08	
1.17008333	4.41491890e-07	
1.17166667	3.71911428e-07	
1.17325000	4.17162634e-07	
1.17483333	4.53374615e-07	
1.17641667	4.46374833e-07	
1.17800000	6.85462525e-07	
1.17958333	4.99221744e-07	
1.18116667	2.86268437e-07	
1.18275000	5.37633329e-08	
1.18433333	3.63407026e-08	
1.18591667	2.00501499e-07	
1.18750000	5.03410788e-08	
1.18908333	4.50274939e-08	
1.19066667	3.24889702e-07	
1.19225000	5.99775264e-07	
1.19383333	6.50680093e-07	
1.19541667	5.35994842e-07	
1.19700000	5.56217686e-07	
1.19858333	4.15504736e-07	
1.20016667	3.24700078e-07	
1.20175000	2.94590102e-07	
1.20333333	1.80753599e-07	
1.20491667	3.10846120e-07	
1.20650000	2.33990385e-07	
1.20808333	5.58720200e-08	
1.20966667	3.74730342e-07	
1.21125000	2.72197610e-07	
1.21283333	4.27923097e-07	
1.21441667	3.73216370e-07	
1.21600000	3.12936470e-07	
1.21758333	5.99602049e-07	
1.21916667	3.62078031e-07	
1.22075000	3.55992994e-07	
1.22233333	-3.62129202e-09	
1.22391667	9.39412612e-08	
@ 
0.00000000	1.46780472e-07	
0.00158333	1.54360440e-07	
0.00316667	2.50962829e-07	
0.00475000	4.04192144e-07	
0.00633333	4.05538305e-07	
0.00791667	5.29556626e-07	
0.00950000	5.64730964e-07	
0.01108333	6.39530216e-07	
0.01266667	6.14900591e-07	
0.01425000	5.72334145e-07	
0.01583333	2.67219042e-07	
0.01741667	1.14596857e-07	
0.01900000	2.15668337e-07	
0.02058333	2.50972545e-07	
0.02216667	2.31051793e-07	
0.02375000	2.38303097e-07	
0.02533333	3.76588310e-07	
0.02691667	5.01988213e-07	
0.02850000	4.93129455e-07	
0.03008333	4.58041753e-07	
0.03166667	5.03801966e-07	
0.03325000	4.78826413e-07	
0.03483333	1.47681613e-09	
0.03641667	-2.03274106e-08	
0.03800000	1.59448465e-08	
0.03958333	1.92402191e-07	
0.04116667	2.35329195e-07	
0.04275000	2.41248801e-07	
0.04433333	3.02801359e-07	
0.04591667	3.99403594e-07	
0.04750000	5.94892741e-07	
0.04908333	5.81411256e-07	
0.05066667	6.03144936e-07	
0.05225000	6.70990356e-07	
0.05383333	6.31449278e-07	
0.05541667	2.87805818e-07	
0.05700000	1.71904221e-07	
0.05858333	3.20067886e-07	
0.06016667	2.63885185e-07	
0.06175000	1.16419501e-07	
0.06333333	1.11459169e-07	
0.06491667	4.78308222e-07	
0.06650000	3.78186229e-07	
0.06808333	3.90848034e-07	
0.06966667	4.55795240e-07	
0.07125000	4.51991773e-07	
0.07283333	4.33290658e-07	
0.07441667	3.89595453e-07	
0.07600000	1.97062678e-07	
0.07758333	-3.60400606e-09	
0.07916667	7.25947204e-08	
0.08075000	7.91633391e-08	
0.08233333	2.34534352e-07	
0.08391667	1.95626242e-07	
0.08550000	4.89369278e-07	
0.08708333	5.70304390e-07	
0.08866667	5.90529025e-07	
0.09025000	4.49009947e-07	
0.09183333	4.62301528e-07	
0.09341667	6.37974186e-07	
0.09500000	4.69406315e-07	
0.09658333	1.37593484e-07	
0.09816667	2.09705288e-07	
0.09975000	3.43100151e-07	
0.10133333	2.29150746e-07	
0.10291667	2.70909720e-07	
0.10450000	3.89896243e-07	
0.10608333	5.15166556e-07	
0.10766667	5.37249075e-07	
0.10925000	5.97917437e-07	
0.11083333	4.53892835e-07	
0.11241667	5.83008560e-07	
0.11400000	5.61838098e-07	
0.11558333	3.41889853e-07	
0.11716667	2.41724850e-07	
0.11875000	1.25702120e-07	
0.12033333	1.55302249e-07	
0.12191667	2.03379622e-07	
0.12350000	2.00587631e-07	
0.12508333	2.34664306e-07	
0.12666667	4.45944174e-07	
0.12825000	5.99603449e-07	
0.12983333	5.14000416e-07	
0.13141667	4.12150578e-07	
0.13300000	4.76017215e-07	
0.13458333	3.40645225e-07	
0.13616667	9.98788996e-08	
0.13775000	2.32780157e-07	
0.13933333	2.37688833e-07	
0.14091667	4.02255466e-07	
0.14250000	2.21934332e-07	
0.14408333	3.70494788e-07	
0.14566667	6.31952012e-07	
0.14725000	6.79846257e-07	
0.14883333	6.69994127e-07	
0.15041667	5.18795743e-07	
0.15200000	6.82914075e-07	
0.15358333	5.57688536e-07	
0.15516667	3.96596300e-07	
0.15675000	2.60245777e-07	
0.15833333	2.13852582e-07	
0.15991667	2.65793666e-07	
0.16150000	1.01978973e-07	
0.16308333	7.55764902e-08	
0.16466667	1.68004528e-08	
0.16625000	3.45431340e-07	
0.16783333	5.42693247e-07	
0.16941667	4.83709608e-07	
0.17100000	5.76829971e-07	
0.17258333	7.39607939e-07	
0.17416667	4.01391627e-07	
0.17575000	3.21934449e-07	
0.17733333	2.60996299e-08	
0.17891667	9.42874757e-08	
0.18050000	3.94737184e-07	
0.18208333	3.56234308e-07	
0.18366667	3.89853541e-07	
0.18525000	4.78394522e-07	
0.18683333	7.01758024e-07	
0.18841667	7.63460249e-07	
0.19000000	6.23714827e-07	
0.19158333	7.08538585e-07	
0.19316667	5.89144475e-07	
0.19475000	2.59787901e-07	
0.19633333	2.27421655e-07	
0.19791667	2.72318519e-07	
0.19950000	4.25417769e-07	
0.20108333	3.82679871e-07	
0.20266667	3.85575901e-07	
0.20425000	5.65035058e-07	
0.20583333	3.11191935e-07	
0.20741667	5.05444184e-07	
0.20900000	6.25832506e-07	
0.21058333	6.78419201e-07	
0.21216667	7.54922050e-07	
0.21375000	6.50901526e-07	
0.21533333	4.46589827e-07	
0.21691667	2.15193352e-07	
0.21850000	2.46875766e-07	
0.22008333	3.65612881e-07	
0.22166667	2.33600552e-07	
0.22325000	2.69673520e-07	
0.22483333	5.07094746e-07	
0.22641667	6.03275757e-07	
0.22800000	5.35650315e-07	
0.22958333	5.16680304e-07	
0.23116667	7.14933904e-07	
0.23275000	6.24537055e-07	
0.23433333	4.41275468e-07	
0.23591667	4.26298520e-07	
0.23750000	2.58724609e-07	
0.23908333	3.64791324e-07	
0.24066667	1.98642523e-07	
0.24225000	1.73035934e-07	
0.24383333	2.35253004e-07	
0.24541667	5.53020054e-07	
0.24700000	7.13334024e-07	
0.24858333	6.36248021e-07	
0.25016667	7.40000348e-07	
0.25175000	6.77946036e-07	
0.25333333	4.52855472e-07	
0.25491667	3.38821531e-07	
0.25650000	5.13687005e-08	
0.25808333	2.60608618e-07	
0.25966667	3.87149488e-07	
0.26125000	3.90113197e-07	
0.26283333	5.19749074e-07	
0.26441667	6.24449580e-07	
0.26600000	6.61188628e-07	
0.26758333	6.92767381e-07	
0.26916667	6.38622303e-07	
0.27075000	7.66962142e-07	
0.27233333	6.06516679e-07	
0.27391667	6.44889881e-07	
0.27550000	3.98063537e-07	
0.27708333	1.59276747e-07	
0.27866667	2.67825326e-07	
0.28025000	1.64117688e-07	
0.28183333	2.54732218e-07	
0.28341667	2.11356172e-07	
0.28500000	4.67808339e-07	
0.28658333	5.27570216e-07	
0.28816667	5.58854844e-07	
0.28975000	5.39495056e-07	
0.29133333	6.46142489e-07	
0.29291667	6.91764432e-07	
0.29450000	5.30594408e-07	
0.29608333	3.50705432e-07	
0.29766667	4.99740496e-07	
0.29925000	4.20577360e-07	
0.30083333	4.50307330e-07	
0.30241667	3.78921739e-07	
0.30400000	2.54991454e-07	
0.30558333	5.90443174e-07	
0.30716667	6.12954448e-07	
0.30875000	5.92300217e-07	
0.31033333	5.70390298e-07	
0.31191667	7.29842669e-07	
0.31350000	6.08892921e-07	
0.31508333	3.41284466e-07	
0.31666667	4.26108616e-07	
0.31825000	4.40930437e-07	
0.31983333	3.25469132e-07	
0.32141667	2.43800472e-07	
0.32300000	1.93112303e-07	
0.32458333	4.80771045e-07	
0.32616667	6.54481599e-07	
0.32775000	5.11666847e-07	
0.32933333	7.38934677e-07	
0.33091667	6.27446834e-07	
0.33250000	7.89472632e-07	
0.33408333	4.52382391e-07	
0.33566667	7.43671439e-08	
0.33725000	6.79711459e-08	
0.33883333	1.71203574e-07	
0.34041667	3.87606720e-07	
0.34200000	3.52356442e-07	
0.34358333	3.22919394e-07	
0.34516667	7.58672594e-07	
0.34675000	7.04778240e-07	
0.34833333	7.68126714e-07	
0.34991667	6.63296675e-07	
0.35150000	6.82221716e-07	
0.35308333	7.22930894e-07	
0.35466667	5.18064014e-07	
0.35625000	3.24553015e-07	
0.35783333	3.02998488e-07	
0.35941667	2.53046878e-07	
0.36100000	4.49486109e-07	
0.36258333	2.07847348e-07	
0.36416667	4.67463755e-07	
0.36575000	5.13361651e-07	
0.36733333	6.72025002e-07	
0.36891667	6.68698957e-07	
0.37050000	6.85811813e-07	
0.37208333	7.18693856e-07	
0.37366667	6.08035187e-07	
0.37525000	4.70874672e-07	
0.37683333	3.92576467e-07	
0.37841667	1.53331380e-07	
0.38000000	2.75006332e-07	
0.38158333	1.10189046e-07	
0.38316667	2.24958720e-07	
0.38475000	3.82724673e-07	
0.38633333	6.91040712e-07	
0.38791667	7.41467558e-07	
0.38950000	5.75015041e-07	
0.39108333	7.44145430e-07	
0.39266667	6.84081503e-07	
0.39425000	4.28398139e-07	
0.39583333	2.73961381e-07	
0.39741667	2.95126103e-07	
0.39900000	3.81946938e-07	
0.40058333	5.02203486e-07	
0.40216667	2.90683535e-07	
0.40375000	4.28700804e-07	
0.40533333	5.90822479e-07	
0.40691667	6.78419145e-07	
0.40850000	7.10655312e-07	
0.41008333	5.86310692e-07	
0.41166667	6.08677928e-07	
0.41325000	6.50581808e-07	
0.41483333	5.12523909e-07	
0.41641667	2.57150911e-07	
0.41800000	2.12860105e-07	
0.41958333	2.94357160e-07	
0.42116667	1.44585832e-07	
0.42275000	3.13775275e-07	
0.42433333	5.78169663e-07	
0.42591667	8.11079746e-07	
0.42750000	9.23169671e-07	
0.42908333	8.81470704e-07	
0.43066667	1.16165396e-06	
0.43225000	1.10223888e-06	
0.43383333	1.25037124e-06	
0.43541667	1.25102165e-06	
0.43700000	1.27715747e-06	
0.43858333	1.82682549e-06	
0.44016667	2.41904019e-06	
0.44175000	3.10846114e-06	
0.44333333	3.74747378e-06	
0.44491667	4.41310644e-06	
0.44650000	5.21377302e-06	
0.44808333	6.16961092e-06	
0.44966667	7.12808451e-06	
0.45125000	8.37869545e-06	
0.45283333	9.79452499e-06	
0.45441667	1.15113990e-05	
0.45600000	1.33523906e-05	
0.45758333	1.57972300e-05	
0.45916667	1.89726621e-05	
0.46075000	2.27859924e-05	
0.46233333	2.73078701e-05	
0.46391667	3.30696183e-05	
0.46550000	4.14942134e-05	
0.46708333	5.30166954e-05	
0.46866667	7.26304887e-05	
0.47025000	1.15707779e-04	
0.47183333	2.84457927e-04	
0.47341667	5.49910168e-04	
0.47500000	4.89880980e-04	
0.47658333	3.44483417e-04	
0.47816667	4.16151322e-04	
0.47975000	7.04823964e-04	
0.48133333	7.45770278e-04	
0.48291667	7.86225934e-04	
0.48450000	1.13054239e-03	
0.48608333	1.34407499e-03	
0.48766667	1.74466214e-03	
0.48925000	2.37604561e-03	
0.49083333	2.86197455e-03	
0.49241667	4.04778631e-03	
0.49400000	4.33315662e-03	
0.49558333	6.67489522e-03	
0.49716667	7.80901958e-03	
0.49875000	1.16101597e-02	
0.50033333	1.30491907e-02	
0.50191667	1.60749546e-02	
0.50350000	1.86386805e-02	
0.50508333	1.77921808e-02	
0.50666667	1.67594085e-02	
0.50825000	2.56819040e-02	
0.50983333	3.45885095e-02	
0.51141667	4.25697101e-02	
0.51300000	4.05091605e-02	
0.51458333	4.69847576e-02	
0.51616667	6.51507206e-02	
0.51775000	8.20139530e-02	
0.51933333	1.01248372e-01	
0.52091667	2.00239391e-01	
0.52250000	8.55488699e-01	
0.52408333	1.22735693e+00	
0.52566667	2.38909032e+00	
0.52725000	2.48445770e+00	
0.52883333	4.14298593e+00	
0.53041667	5.47324544e+00	
0.53200000	6.68700719e+00	
0.53358333	6.86094722e+00	
0.53516667	7.47789367e+00	
0.53675000	9.32750829e+00	
0.53833333	1.02349987e+01	
0.53991667	1.08072998e+01	
0.54150000	1.06016362e+01	
0.54308333	1.06772986e+01	
0.54466667	1.08672826e+01	
0.54625000	1.09687999e+01	
0.54783333	1.11204130e+01	
0.54941667	1.22091439e+01	
0.55100000	1.37675649e+01	
0.55258333	1.43467295e+01	
0.55416667	1.46203744e+01	
0.55575000	1.49671946e+01	
0.55733333	1.55963770e+01	
0.55891667	1.61353085e+01	
0.56050000	1.66670955e+01	
0.56208333	1.68925162e+01	
0.56366667	1.73148531e+01	
0.56525000	1.76009097e+01	
0.56683333	1.77455954e+01	
0.56841667	1.96138928e+01	
0.57000000	2.09151639e+01	
0.57158333	2.12355522e+01	
0.57316667	2.14331411e+01	
0.57475000	2.15517238e+01	
0.57633333	2.21256635e+01	
0.57791667	2.24603163e+01	
0.57950000	2.34918924e+01	
0.58108333	2.44398415e+01	
0.58266667	2.45929344e+01	
0.58425000	2.49591003e+01	
0.58583333	2.53550955e+01	
0.58741667	2.56411915e+01	
0.58900000	2.57644326e+01	
0.59058333	2.57450324e+01	
0.59216667	2.61060758e+01	
0.59375000	2.85240946e+01	
0.59533333	2.88619157e+01	
0.59691667	2.93990319e+01	
0.59850000	2.97039305e+01	
0.60008333	2.99989055e+01	
0.60166667	3.04612134e+01	
0.60325000	3.11671358e+01	
