start voltage : 0.00 V 
set voltage : 0.10 V 
High G : 30.00 G0 
Intermediate G : 20.00 G0 
Low G : 10.00 G0 
Breaking speed 1 : 300.00 V/s 
Breaking speed 2 : 300.00 V/s 
Making speed : 500.00 V/s 
Post breaking : 230.00 V/s 
@ 
0.00000000	5.47493487e+01	
0.00158333	5.61926540e+01	
0.00316667	5.59076347e+01	
0.00475000	5.60203677e+01	
0.00633333	5.63430185e+01	
0.00791667	5.58747387e+01	
0.00950000	5.60824843e+01	
0.01108333	5.59281361e+01	
0.01266667	5.58577363e+01	
0.01425000	5.60457623e+01	
0.01583333	5.59253061e+01	
0.01741667	5.57905234e+01	
0.01900000	5.60843033e+01	
0.02058333	5.58398093e+01	
0.02216667	5.58863216e+01	
0.02375000	5.58014788e+01	
0.02533333	5.59457210e+01	
0.02691667	5.60962395e+01	
0.02850000	5.58561465e+01	
0.03008333	5.59645875e+01	
0.03166667	5.57434023e+01	
0.03325000	5.58425905e+01	
0.03483333	5.56946914e+01	
0.03641667	5.60905683e+01	
0.03800000	5.59620206e+01	
0.03958333	5.54903170e+01	
0.04116667	5.58573755e+01	
0.04275000	5.57423763e+01	
0.04433333	5.57545569e+01	
0.04591667	5.59517004e+01	
0.04750000	5.57716081e+01	
0.04908333	5.58266066e+01	
0.05066667	5.55318346e+01	
0.05225000	5.57357204e+01	
0.05383333	5.57434549e+01	
0.05541667	5.54502126e+01	
0.05700000	5.57006972e+01	
0.05858333	5.57007235e+01	
0.06016667	5.54494271e+01	
0.06175000	5.56610550e+01	
0.06333333	5.57156663e+01	
0.06491667	5.57716983e+01	
0.06650000	5.56120998e+01	
0.06808333	5.56351455e+01	
0.06966667	5.54638438e+01	
0.07125000	5.55375434e+01	
0.07283333	5.56477808e+01	
0.07441667	5.56530273e+01	
0.07600000	5.57604799e+01	
0.07758333	5.52650165e+01	
0.07916667	5.55667714e+01	
0.08075000	5.54815189e+01	
0.08233333	5.53877878e+01	
0.08391667	5.55812933e+01	
0.08550000	5.53167678e+01	
0.08708333	5.54691129e+01	
0.08866667	5.56798989e+01	
0.09025000	5.52106570e+01	
0.09183333	5.55719127e+01	
0.09341667	5.52245776e+01	
0.09500000	5.53532531e+01	
0.09658333	5.53771782e+01	
0.09816667	5.52934253e+01	
0.09975000	5.52734989e+01	
0.10133333	5.51373445e+01	
0.10291667	5.52738447e+01	
0.10450000	5.49840223e+01	
0.10608333	5.50259758e+01	
0.10766667	5.51409600e+01	
0.10925000	5.48868336e+01	
0.11083333	5.55401366e+01	
0.11241667	5.50723340e+01	
0.11400000	5.50842026e+01	
0.11558333	5.52427112e+01	
0.11716667	5.50978790e+01	
0.11875000	5.50816621e+01	
0.12033333	5.45114957e+01	
0.12191667	5.49412645e+01	
0.12350000	5.51002730e+01	
0.12508333	5.50690869e+01	
0.12666667	5.49777160e+01	
0.12825000	5.46269496e+01	
0.12983333	5.49531219e+01	
0.13141667	5.47331506e+01	
0.13300000	5.45817038e+01	
0.13458333	5.46036521e+01	
0.13616667	5.41534758e+01	
0.13775000	5.43423737e+01	
0.13933333	5.44301292e+01	
0.14091667	5.43455006e+01	
0.14250000	5.44703840e+01	
0.14408333	5.42369018e+01	
0.14566667	5.44839927e+01	
0.14725000	5.44859132e+01	
0.14883333	5.42107518e+01	
0.15041667	5.44138559e+01	
0.15200000	5.41752362e+01	
0.15358333	5.43807381e+01	
0.15516667	5.43897579e+01	
0.15675000	5.42039944e+01	
0.15833333	5.42829255e+01	
0.15991667	5.37170473e+01	
0.16150000	5.41812005e+01	
0.16308333	5.39216886e+01	
0.16466667	5.39569073e+01	
0.16625000	5.36550735e+01	
0.16783333	5.36429832e+01	
0.16941667	5.38547576e+01	
0.17100000	5.37080087e+01	
0.17258333	5.34051827e+01	
0.17416667	5.36190393e+01	
0.17575000	5.32611434e+01	
0.17733333	5.34683930e+01	
0.17891667	5.31854520e+01	
0.18050000	5.27657778e+01	
0.18208333	5.30303935e+01	
0.18366667	5.29990270e+01	
0.18525000	5.30047358e+01	
0.18683333	5.26054728e+01	
0.18841667	5.28385792e+01	
0.19000000	5.27166235e+01	
0.19158333	5.24202692e+01	
0.19316667	5.29446186e+01	
0.19475000	5.25135118e+01	
0.19633333	5.28212723e+01	
0.19791667	5.27054501e+01	
0.19950000	5.22720282e+01	
0.20108333	5.26153044e+01	
0.20266667	5.23762975e+01	
0.20425000	5.24606781e+01	
0.20583333	5.25800594e+01	
0.20741667	5.24725843e+01	
0.20900000	5.25695550e+01	
0.21058333	5.23309541e+01	
0.21216667	5.24266959e+01	
0.21375000	5.22230618e+01	
0.21533333	5.16913011e+01	
0.21691667	5.01005741e+01	
0.21850000	4.97890252e+01	
0.22008333	4.97629917e+01	
0.22166667	4.97526903e+01	
0.22325000	4.95742892e+01	
0.22483333	4.98117665e+01	
0.22641667	4.96622965e+01	
0.22800000	4.95084294e+01	
0.22958333	4.93789233e+01	
0.23116667	4.93548629e+01	
0.23275000	4.94278635e+01	
0.23433333	4.91773976e+01	
0.23591667	4.95898146e+01	
0.23750000	4.91116092e+01	
0.23908333	4.91048331e+01	
0.24066667	4.92578997e+01	
0.24225000	4.90126954e+01	
0.24383333	4.93714068e+01	
0.24541667	4.86471403e+01	
0.24700000	4.81388838e+01	
0.24858333	4.82241551e+01	
0.25016667	4.76972651e+01	
0.25175000	4.79000460e+01	
0.25333333	4.73476149e+01	
0.25491667	4.73849307e+01	
0.25650000	4.71032713e+01	
0.25808333	4.70871784e+01	
0.25966667	4.74542294e+01	
0.26125000	4.53098160e+01	
0.26283333	4.48797765e+01	
0.26441667	4.45049985e+01	
0.26600000	4.46390972e+01	
0.26758333	4.47331140e+01	
0.26916667	4.44407247e+01	
0.27075000	4.47619511e+01	
0.27233333	4.47937987e+01	
0.27391667	4.48212565e+01	
0.27550000	4.50891081e+01	
0.27708333	4.45728653e+01	
0.27866667	4.47010334e+01	
0.28025000	4.46067461e+01	
0.28183333	4.45143641e+01	
0.28341667	4.43679797e+01	
0.28500000	4.42681752e+01	
0.28658333	4.42684383e+01	
0.28816667	4.43440584e+01	
0.28975000	4.42021763e+01	
0.29133333	4.40732378e+01	
0.29291667	4.38433785e+01	
0.29450000	4.38640415e+01	
0.29608333	4.38008575e+01	
0.29766667	4.35253617e+01	
0.29925000	4.14019795e+01	
0.30083333	4.10626833e+01	
0.30241667	4.13415316e+01	
0.30400000	4.12030433e+01	
0.30558333	4.10752811e+01	
0.30716667	4.11934822e+01	
0.30875000	4.12918699e+01	
0.31033333	4.12944443e+01	
0.31191667	4.09838876e+01	
0.31350000	4.10371986e+01	
0.31508333	4.10971729e+01	
0.31666667	4.10638822e+01	
0.31825000	4.14316660e+01	
0.31983333	4.08722859e+01	
0.32141667	4.10180051e+01	
0.32300000	4.09159983e+01	
0.32458333	4.04751538e+01	
0.32616667	4.06338352e+01	
0.32775000	4.05407054e+01	
0.32933333	4.07024424e+01	
0.33091667	4.05813135e+01	
0.33250000	4.01802578e+01	
0.33408333	4.02217340e+01	
0.33566667	4.01258944e+01	
0.33725000	4.04803439e+01	
0.33883333	3.97016014e+01	
0.34041667	3.97604370e+01	
0.34200000	3.97679047e+01	
0.34358333	3.96914165e+01	
0.34516667	3.95769021e+01	
0.34675000	3.96563969e+01	
0.34833333	3.96481175e+01	
0.34991667	3.94907552e+01	
0.35150000	3.92799842e+01	
0.35308333	3.94466820e+01	
0.35466667	3.93680967e+01	
0.35625000	3.76268061e+01	
0.35783333	3.66298849e+01	
0.35941667	3.64718837e+01	
0.36100000	3.65831321e+01	
0.36258333	3.64256495e+01	
0.36416667	3.65502247e+01	
0.36575000	3.64990973e+01	
0.36733333	3.59891308e+01	
0.36891667	3.56788033e+01	
0.37050000	3.52444531e+01	
0.37208333	3.47960846e+01	
0.37366667	3.48161575e+01	
0.37525000	3.42103214e+01	
0.37683333	3.23435085e+01	
0.37841667	3.24560009e+01	
0.38000000	3.24855033e+01	
0.38158333	3.25268855e+01	
0.38316667	3.14223653e+01	
0.38475000	3.08311000e+01	
0.38633333	3.04690513e+01	
0.38791667	3.06118766e+01	
0.38950000	3.09076239e+01	
0.39108333	3.06700339e+01	
0.39266667	3.04914994e+01	
0.39425000	2.99444764e+01	
0.39583333	2.96251610e+01	
0.39741667	2.94007438e+01	
0.39900000	2.91831139e+01	
0.40058333	2.89454318e+01	
0.40216667	2.85509869e+01	
0.40375000	2.87103467e+01	
0.40533333	2.86033339e+01	
0.40691667	2.82669259e+01	
0.40850000	2.82092554e+01	
0.41008333	2.82415915e+01	
0.41166667	2.82394042e+01	
0.41325000	2.79744296e+01	
0.41483333	2.81337706e+01	
0.41641667	2.76456321e+01	
0.41800000	2.68058891e+01	
0.41958333	2.68289837e+01	
0.42116667	2.66966007e+01	
0.42275000	2.65137630e+01	
0.42433333	2.60632954e+01	
0.42591667	2.58122922e+01	
0.42750000	2.59472534e+01	
0.42908333	2.55002341e+01	
0.43066667	2.56348250e+01	
0.43225000	2.55181929e+01	
0.43383333	2.56456432e+01	
0.43541667	2.55451528e+01	
0.43700000	2.53394010e+01	
0.43858333	2.54360391e+01	
0.44016667	2.58126906e+01	
0.44175000	2.54351785e+01	
0.44333333	2.52935201e+01	
0.44491667	2.51684450e+01	
0.44650000	2.48478086e+01	
0.44808333	2.48660024e+01	
0.44966667	2.48853518e+01	
0.45125000	2.47394616e+01	
0.45283333	2.45243780e+01	
0.45441667	2.44864872e+01	
0.45600000	2.41935266e+01	
0.45758333	2.41982151e+01	
0.45916667	2.40790424e+01	
0.46075000	2.18455374e+01	
0.46233333	2.14118975e+01	
0.46391667	2.15388047e+01	
0.46550000	2.16645544e+01	
0.46708333	2.14822974e+01	
0.46866667	2.13072355e+01	
0.47025000	2.13124877e+01	
0.47183333	2.12448934e+01	
0.47341667	2.14781482e+01	
0.47500000	2.13489954e+01	
0.47658333	2.14477814e+01	
0.47816667	2.13916612e+01	
0.47975000	2.12393556e+01	
0.48133333	2.13509046e+01	
0.48291667	2.09640664e+01	
0.48450000	2.06428607e+01	
0.48608333	2.08157672e+01	
0.48766667	2.06758751e+01	
0.48925000	1.84968087e+01	
0.49083333	1.86860223e+01	
0.49241667	1.85059262e+01	
0.49400000	1.81962828e+01	
0.49558333	1.81066425e+01	
0.49716667	1.80681391e+01	
0.49875000	1.81747742e+01	
0.50033333	1.79459917e+01	
0.50191667	1.79646628e+01	
0.50350000	1.79534293e+01	
0.50508333	1.78111639e+01	
0.50666667	1.78777717e+01	
0.50825000	1.79261424e+01	
0.50983333	1.79564340e+01	
0.51141667	1.75835465e+01	
0.51300000	1.78983125e+01	
0.51458333	1.75789257e+01	
0.51616667	1.74627408e+01	
0.51775000	1.70394738e+01	
0.51933333	1.64758956e+01	
0.52091667	1.65601691e+01	
0.52250000	1.63565143e+01	
0.52408333	1.64056480e+01	
0.52566667	1.61387172e+01	
0.52725000	1.62430091e+01	
0.52883333	1.61396361e+01	
0.53041667	1.57996578e+01	
0.53200000	1.53178605e+01	
0.53358333	1.50702641e+01	
0.53516667	1.50070068e+01	
0.53675000	1.46300219e+01	
0.53833333	1.47183768e+01	
0.53991667	1.47058712e+01	
0.54150000	1.46099189e+01	
0.54308333	1.44714964e+01	
0.54466667	1.43462869e+01	
0.54625000	1.37381931e+01	
0.54783333	1.17523193e+01	
0.54941667	1.11782199e+01	
0.55100000	1.14474441e+01	
0.55258333	1.13325671e+01	
0.55416667	1.09297224e+01	
0.55575000	9.79270070e+00	
0.55733333	9.25297814e+00	
0.55891667	9.55347398e+00	
0.56050000	9.58000075e+00	
0.56208333	9.36694189e+00	
0.56366667	9.33067275e+00	
0.56525000	9.17975116e+00	
0.56683333	9.14171658e+00	
0.56841667	9.09368596e+00	
0.57000000	8.76404477e+00	
0.57158333	8.76647167e+00	
0.57316667	8.71119229e+00	
0.57475000	8.58714700e+00	
0.57633333	8.46389188e+00	
0.57791667	8.43651198e+00	
0.57950000	7.25619784e+00	
0.58108333	7.18478517e+00	
0.58266667	7.29559526e+00	
0.58425000	7.22931168e+00	
0.58583333	6.97995409e+00	
0.58741667	6.90626907e+00	
0.58900000	6.79139629e+00	
0.59058333	6.89994297e+00	
0.59216667	6.79899175e+00	
0.59375000	6.66597125e+00	
0.59533333	6.60601236e+00	
0.59691667	6.57129961e+00	
0.59850000	6.37731300e+00	
0.60008333	5.60396776e+00	
0.60166667	5.47286633e+00	
0.60325000	5.60995233e+00	
0.60483333	5.50256977e+00	
0.60641667	5.32369327e+00	
0.60800000	5.21923934e+00	
0.60958333	5.41672771e+00	
0.61116667	5.39113252e+00	
0.61275000	5.12556834e+00	
0.61433333	5.04633895e+00	
0.61591667	5.00320158e+00	
0.61750000	4.89561843e+00	
0.61908333	4.83706607e+00	
0.62066667	4.56020502e+00	
0.62225000	4.08955138e+00	
0.62383333	3.55502909e+00	
0.62541667	4.06812176e+00	
0.62700000	3.90339583e+00	
0.62858333	4.12439896e+00	
0.63016667	3.90483853e+00	
0.63175000	3.82114902e+00	
0.63333333	3.82075581e+00	
0.63491667	3.67193297e+00	
0.63650000	3.49217046e+00	
0.63808333	3.46824910e+00	
0.63966667	3.22341294e+00	
0.64125000	2.93819562e+00	
0.64283333	1.83288424e+00	
0.64441667	1.10595416e+00	
0.64600000	1.19305148e+00	
0.64758333	1.15875367e+00	
0.64916667	1.18911916e+00	
0.65075000	1.18685234e+00	
0.65233333	1.15110525e+00	
0.65391667	1.09127320e+00	
0.65550000	7.97216800e-01	
0.65708333	7.85042620e-02	
0.65866667	1.28774354e-02	
0.66025000	-5.65576908e-04	
0.66183333	-1.05595904e-03	
0.66341667	-5.09954510e-05	
0.66500000	1.08841959e-05	
0.66658333	5.05082488e-05	
0.66816667	9.24342245e-05	
0.66975000	1.13334212e-04	
0.67133333	9.69099382e-05	
0.67291667	6.92467685e-05	
0.67450000	4.78733601e-05	
0.67608333	3.41823998e-05	
0.67766667	2.46138374e-05	
0.67925000	1.72801856e-05	
0.68083333	1.19432787e-05	
0.68241667	8.01789859e-06	
0.68400000	5.39249317e-06	
0.68558333	3.46709788e-06	
0.68716667	2.32119663e-06	
0.68875000	1.93127959e-06	
0.69033333	1.10969696e-06	
0.69191667	7.95782155e-07	
0.69350000	5.88410002e-07	
0.69508333	5.35130668e-07	
0.69666667	7.10093718e-07	
0.69825000	5.45388704e-07	
0.69983333	2.31250168e-07	
0.70141667	4.08434272e-08	
0.70300000	1.12609314e-07	
0.70458333	3.39131225e-07	
0.70616667	3.67036801e-07	
0.70775000	5.45504853e-07	
0.70933333	5.14175479e-07	
0.71091667	5.81365446e-07	
0.71250000	6.22117859e-07	
0.71408333	5.44551634e-07	
0.71566667	9.82699502e-07	
0.71725000	8.94131640e-07	
0.71883333	8.22754870e-07	
0.72041667	3.09410523e-07	
0.72200000	2.31094733e-07	
0.72358333	2.58456749e-07	
0.72516667	3.77080936e-07	
0.72675000	5.47920858e-07	
0.72833333	5.93206562e-07	
0.72991667	5.35391023e-07	
0.73150000	7.52571456e-07	
0.73308333	5.97527884e-07	
0.73466667	8.07216132e-07	
0.73625000	1.03162083e-06	
0.73783333	9.27055854e-07	
0.73941667	6.06203513e-07	
0.74100000	4.31578857e-07	
0.74258333	2.76337595e-07	
0.74416667	2.15332938e-07	
0.74575000	3.61724347e-07	
0.74733333	4.53028884e-07	
0.74891667	5.45805699e-07	
0.75050000	6.77384107e-07	
0.75208333	4.74229559e-07	
0.75366667	4.13966095e-07	
0.75525000	8.40463816e-07	
0.75683333	7.85102588e-07	
0.75841667	7.20557452e-07	
0.76000000	3.44007532e-07	
0.76158333	1.15461368e-07	
0.76316667	2.17733850e-07	
0.76475000	2.82006814e-07	
0.76633333	4.43185490e-07	
0.76791667	4.67201916e-07	
0.76950000	6.05969254e-07	
0.77108333	6.40004950e-07	
0.77266667	4.46805548e-07	
0.77425000	5.44726306e-07	
0.77583333	6.47850286e-07	
0.77741667	8.39943833e-07	
0.77900000	7.56676553e-07	
0.78058333	2.77936075e-07	
0.78216667	3.02264239e-07	
0.78375000	2.19159058e-07	
0.78533333	3.98312469e-07	
0.78691667	4.04312858e-07	
0.78850000	5.78084315e-07	
0.79008333	7.41523729e-07	
0.79166667	4.85351658e-07	
0.79325000	4.07267858e-07	
0.79483333	5.91778106e-07	
0.79641667	6.04087402e-07	
0.79800000	7.30458864e-07	
0.79958333	2.06680186e-07	
0.80116667	1.26176348e-08	
0.80275000	-7.65625124e-08	
0.80433333	2.14692157e-07	
0.80591667	3.90286608e-07	
0.80750000	4.59320402e-07	
0.80908333	6.41819767e-07	
0.81066667	5.96404361e-07	
0.81225000	5.19315782e-07	
0.81383333	4.54574833e-07	
0.81541667	4.66987482e-07	
0.81700000	7.98670541e-07	
0.81858333	5.70393378e-07	
0.82016667	1.28018748e-07	
0.82175000	2.25480555e-09	
0.82333333	-2.99462587e-08	
0.82491667	1.92309675e-07	
0.82650000	3.42278762e-07	
0.82808333	5.71973937e-07	
0.82966667	5.40662428e-07	
0.83125000	4.76276395e-07	
0.83283333	6.15245735e-07	
0.83441667	6.94926446e-07	
0.83600000	7.64653103e-07	
0.83758333	9.68743676e-07	
0.83916667	4.30967338e-07	
0.84075000	4.34016591e-07	
0.84233333	-6.57764144e-08	
0.84391667	2.18122521e-07	
0.84550000	2.78903687e-07	
0.84708333	3.10559079e-07	
0.84866667	4.47023482e-07	
0.85025000	4.22547388e-07	
0.85183333	4.93517665e-07	
0.85341667	4.66727770e-07	
0.85500000	7.10744916e-07	
0.85658333	1.03686692e-06	
0.85816667	7.48208021e-07	
0.85975000	5.82319561e-07	
0.86133333	1.06611172e-07	
0.86291667	-2.43537655e-08	
0.86450000	1.28855160e-07	
0.86608333	3.65525265e-07	
0.86766667	6.04053800e-07	
0.86925000	5.16378898e-07	
0.87083333	4.55621352e-07	
0.87241667	4.91920081e-07	
0.87400000	3.65025051e-07	
0.87558333	6.11530192e-07	
0.87716667	6.65975779e-07	
0.87875000	5.60583026e-07	
0.88033333	1.62303151e-07	
0.88191667	-3.93832737e-08	
0.88350000	1.21899060e-07	
0.88508333	3.02611314e-07	
0.88666667	4.15936823e-07	
0.88825000	5.10199021e-07	
0.88983333	5.27153558e-07	
0.89141667	4.00699800e-07	
0.89300000	3.84236433e-07	
0.89458333	6.58490819e-07	
0.89616667	7.08065139e-07	
0.89775000	5.90710754e-07	
0.89933333	3.43963150e-07	
0.90091667	-4.42835460e-08	
0.90250000	4.05495330e-08	
0.90408333	1.54256402e-07	
0.90566667	2.33375814e-07	
0.90725000	3.26072727e-07	
0.90883333	3.90337907e-07	
0.91041667	5.07259169e-07	
0.91200000	4.59467297e-07	
0.91358333	5.02809489e-07	
0.91516667	6.27302964e-07	
0.91675000	6.60877814e-07	
0.91833333	5.16384667e-07	
0.91991667	2.18952073e-07	
0.92150000	1.54307868e-07	
0.92308333	2.05686645e-07	
0.92466667	2.76751538e-07	
0.92625000	4.15271402e-07	
0.92783333	3.89888991e-07	
0.92941667	7.93103555e-07	
0.93100000	4.08262435e-07	
0.93258333	3.30740453e-07	
0.93416667	4.92353932e-07	
0.93575000	7.28632174e-07	
0.93733333	8.09136011e-07	
0.93891667	6.48603631e-07	
0.94050000	9.66121261e-08	
0.94208333	9.40532382e-08	
0.94366667	7.40912335e-08	
0.94525000	3.96940855e-07	
0.94683333	4.90841080e-07	
0.94841667	6.52622484e-07	
0.95000000	6.49728162e-07	
0.95158333	4.07309972e-07	
0.95316667	5.06222955e-07	
0.95475000	6.96179614e-07	
0.95633333	7.69381227e-07	
0.95791667	7.44317526e-07	
0.95950000	1.88427385e-07	
0.96108333	-2.67477259e-08	
0.96266667	-4.00670118e-08	
0.96425000	1.56988204e-07	
0.96583333	3.44058830e-07	
0.96741667	4.60520956e-07	
0.96900000	4.69883428e-07	
0.97058333	4.48397616e-07	
0.97216667	4.33108006e-07	
0.97375000	4.85828127e-07	
0.97533333	5.20102673e-07	
0.97691667	9.14867915e-07	
0.97850000	6.54005970e-07	
0.98008333	1.92075137e-07	
0.98166667	9.99309330e-08	
0.98325000	-4.82759477e-08	
0.98483333	1.98556923e-07	
0.98641667	4.00784980e-07	
0.98800000	4.40366884e-07	
0.98958333	2.64557747e-07	
0.99116667	2.67176480e-07	
0.99275000	4.27621384e-07	
0.99433333	5.35910279e-07	
0.99591667	8.57248945e-07	
0.99750000	6.61093536e-07	
0.99908333	3.27153772e-07	
1.00066667	2.24422888e-07	
1.00225000	-3.49144866e-09	
1.00383333	7.18154874e-08	
1.00541667	1.00327137e-07	
1.00700000	2.77798085e-07	
1.00858333	2.92497653e-07	
1.01016667	5.99039783e-07	
1.01175000	3.27976029e-07	
1.01333333	2.79067998e-07	
1.01491667	5.11883353e-07	
1.01650000	7.02835457e-07	
1.01808333	6.01157854e-07	
1.01966667	3.89291808e-07	
1.02125000	8.00540661e-08	
1.02283333	2.01581647e-07	
1.02441667	4.01912142e-07	
1.02600000	2.91755619e-07	
1.02758333	5.04183791e-07	
1.02916667	4.55621912e-07	
1.03075000	3.95516403e-07	
1.03233333	3.79482940e-07	
1.03391667	3.95039038e-07	
1.03550000	8.24047520e-07	
1.03708333	8.89684257e-07	
1.03866667	4.90752148e-07	
1.04025000	5.36681881e-08	
1.04183333	-2.31855780e-07	
1.04341667	1.00406457e-07	
1.04500000	3.19895230e-07	
1.04658333	4.69491102e-07	
1.04816667	5.67391643e-07	
1.04975000	3.24761764e-07	
1.05133333	4.95523339e-07	
1.05291667	3.96422160e-07	
1.05450000	5.47748818e-07	
1.05608333	7.51058549e-07	
1.05766667	6.68870885e-07	
1.05925000	2.96004012e-08	
1.06083333	2.85198135e-08	
1.06241667	8.21886369e-08	
1.06400000	8.00272969e-08	
1.06558333	1.09066133e-07	
1.06716667	4.44566568e-07	
1.06875000	4.06757031e-07	
1.07033333	4.77832705e-07	
1.07191667	4.35788258e-07	
1.07350000	6.62867471e-07	
1.07508333	8.31927129e-07	
1.07666667	8.96767343e-07	
1.07825000	6.43913757e-07	
1.07983333	1.15443356e-07	
1.08141667	-3.35151589e-08	
1.08300000	7.21566083e-09	
1.08458333	-7.73135761e-08	
1.08616667	4.33496887e-07	
1.08775000	4.75283022e-07	
1.08933333	4.03681289e-07	
1.09091667	3.80563116e-07	
1.09250000	3.50963408e-07	
1.09408333	5.47688895e-07	
1.09566667	6.67359825e-07	
1.09725000	8.66228276e-07	
1.09883333	3.97502028e-07	
1.10041667	1.29573896e-07	
1.10200000	-1.11229277e-08	
1.10358333	6.30984583e-08	
1.10516667	1.91169240e-07	
1.10675000	3.11278095e-07	
1.10833333	3.85904188e-07	
1.10991667	3.78661299e-07	
1.11150000	3.79570108e-07	
1.11308333	4.58300456e-07	
1.11466667	5.97346379e-07	
1.11625000	7.59459318e-07	
1.11783333	6.85205754e-07	
1.11941667	1.49701619e-07	
1.12100000	2.21804491e-07	
1.12258333	1.56338953e-07	
1.12416667	6.73130604e-08	
1.12575000	2.51689602e-07	
1.12733333	4.37972272e-07	
1.12891667	4.18641633e-07	
1.13050000	4.57263850e-07	
1.13208333	3.72828301e-07	
1.13366667	3.19169213e-07	
1.13525000	7.79492088e-07	
1.13683333	8.75899966e-07	
1.13841667	4.91228226e-07	
1.14000000	4.40317272e-08	
1.14158333	-7.15243374e-08	
1.14316667	-1.51370354e-07	
1.14475000	2.52441575e-07	
1.14633333	3.25010023e-07	
1.14791667	4.93362986e-07	
1.14950000	6.18745836e-07	
1.15108333	3.60514245e-07	
1.15266667	3.73130771e-07	
1.15425000	4.84313764e-07	
1.15583333	7.00370114e-07	
1.15741667	8.16223297e-07	
1.15900000	-2.16921901e-08	
1.16058333	1.46355539e-07	
1.16216667	2.57535168e-08	
1.16375000	1.54047274e-07	
1.16533333	2.56285728e-07	
1.16691667	4.38241476e-07	
1.16850000	4.60028470e-07	
1.17008333	4.74417839e-07	
1.17166667	3.65785173e-07	
1.17325000	2.45786181e-07	
1.17483333	4.61595196e-07	
1.17641667	8.25035740e-07	
1.17800000	8.28969973e-07	
1.17958333	2.91686428e-07	
1.18116667	1.86677429e-08	
1.18275000	1.81478101e-09	
1.18433333	3.00519733e-07	
1.18591667	4.44861477e-07	
1.18750000	5.89490347e-07	
1.18908333	5.60104932e-07	
1.19066667	4.59035741e-07	
1.19225000	5.62907242e-07	
1.19383333	5.25495099e-07	
1.19541667	8.40421030e-07	
1.19700000	6.29416890e-07	
1.19858333	3.74382931e-07	
1.20016667	4.80080317e-08	
1.20175000	-4.42915019e-08	
1.20333333	5.82061873e-08	
1.20491667	1.73622603e-07	
1.20650000	2.19472028e-07	
1.20808333	4.40360079e-07	
1.20966667	3.36011409e-07	
1.21125000	3.85231150e-07	
1.21283333	2.66270192e-07	
1.21441667	4.70149888e-07	
1.21600000	6.18875425e-07	
1.21758333	5.41458784e-07	
1.21916667	2.28001701e-07	
1.22075000	1.82481948e-07	
1.22233333	1.08322735e-07	
1.22391667	1.50203626e-07	
1.22550000	1.58827761e-07	
1.22708333	5.50990803e-07	
1.22866667	5.47751618e-07	
1.23025000	5.95712730e-07	
1.23183333	5.49304176e-07	
1.23341667	4.13309662e-07	
1.23500000	8.36927314e-07	
1.23658333	7.75602154e-07	
1.23816667	7.72665606e-07	
1.23975000	2.79058786e-07	
1.24133333	9.96026882e-08	
1.24291667	2.99161420e-07	
1.24450000	4.12584065e-07	
1.24608333	4.88290558e-07	
1.24766667	4.91027065e-07	
1.24925000	6.34086268e-07	
1.25083333	5.62614853e-07	
1.25241667	5.19575018e-07	
1.25400000	5.59743100e-07	
1.25558333	5.83051066e-07	
1.25716667	7.25913196e-07	
1.25875000	3.75681097e-07	
1.26033333	-1.37292540e-07	
1.26191667	-4.79629978e-09	
1.26350000	-5.18712845e-08	
1.26508333	3.25168119e-07	
1.26666667	3.42271062e-07	
1.26825000	4.82196141e-07	
1.26983333	4.05626369e-07	
1.27141667	2.87140256e-07	
1.27300000	4.30472808e-07	
1.27458333	5.73174295e-07	
1.27616667	7.07179572e-07	
1.27775000	5.71559126e-07	
1.27933333	1.77054507e-07	
1.28091667	1.47498074e-07	
1.28250000	7.79274897e-08	
1.28408333	1.40394226e-07	
1.28566667	3.36643117e-07	
1.28725000	3.48932645e-07	
1.28883333	5.92497626e-07	
1.29041667	4.42269177e-07	
1.29200000	2.55034520e-07	
1.29358333	3.34433398e-07	
1.29516667	5.37379449e-07	
1.29675000	7.18435909e-07	
1.29833333	4.86647948e-07	
1.29991667	-4.32035026e-08	
1.30150000	-6.39615410e-08	
1.30308333	-9.97411335e-08	
1.30466667	2.60202067e-07	
1.30625000	2.80754402e-07	
1.30783333	3.84886230e-07	
1.30941667	4.50348351e-07	
1.31100000	4.15893533e-07	
1.31258333	4.56010234e-07	
1.31416667	5.25322836e-07	
1.31575000	8.39815923e-07	
1.31733333	6.86852732e-07	
1.31891667	3.73035566e-07	
1.32050000	1.95929327e-07	
1.32208333	2.77846125e-08	
@ 
0.00000000	7.39450320e-08	
0.00158333	2.82214107e-07	
0.00316667	3.04096893e-07	
0.00475000	1.39184473e-07	
0.00633333	6.44975845e-07	
0.00791667	3.96292262e-07	
0.00950000	3.28986286e-07	
0.01108333	5.03345770e-07	
0.01266667	8.15792805e-07	
0.01425000	5.83916249e-07	
0.01583333	2.27085612e-07	
0.01741667	4.90881906e-08	
0.01900000	7.35035432e-08	
0.02058333	2.87530762e-07	
0.02216667	1.10933208e-07	
0.02375000	4.04968255e-07	
0.02533333	3.06957557e-07	
0.02691667	3.31648141e-07	
0.02850000	3.42753664e-07	
0.03008333	4.58432230e-07	
0.03166667	5.47991981e-07	
0.03325000	6.89870987e-07	
0.03483333	4.14137659e-07	
0.03641667	2.47868214e-07	
0.03800000	1.26176007e-08	
0.03958333	2.48596751e-07	
0.04116667	7.40554059e-08	
0.04275000	3.73642830e-07	
0.04433333	5.61436560e-07	
0.04591667	5.22123748e-07	
0.04750000	5.62570275e-07	
0.04908333	3.34499929e-07	
0.05066667	4.07018731e-07	
0.05225000	7.43418686e-07	
0.05383333	7.19435946e-07	
0.05541667	4.01478879e-07	
0.05700000	5.07300233e-08	
0.05858333	1.14942764e-07	
0.06016667	1.11633498e-07	
0.06175000	2.73140104e-07	
0.06333333	2.93621539e-07	
0.06491667	4.00875564e-07	
0.06650000	4.32806432e-07	
0.06808333	3.34154562e-07	
0.06966667	3.14406844e-07	
0.07125000	6.77209043e-07	
0.07283333	6.48562077e-07	
0.07441667	7.45709581e-07	
0.07600000	1.67652749e-07	
0.07758333	-3.70757391e-08	
0.07916667	2.02272844e-07	
0.08075000	1.45890536e-07	
0.08233333	3.25857481e-07	
0.08391667	3.79440238e-07	
0.08550000	4.40024064e-07	
0.08708333	4.30170506e-07	
0.08866667	3.43359163e-07	
0.09025000	3.86528588e-07	
0.09183333	6.59495112e-07	
0.09341667	6.48049430e-07	
0.09500000	3.87944863e-07	
0.09658333	-6.82403360e-08	
0.09816667	2.28156145e-08	
0.09975000	5.12042071e-08	
0.10133333	2.58535041e-07	
0.10291667	5.76222568e-07	
0.10450000	5.00476089e-07	
0.10608333	5.43601160e-07	
0.10766667	3.41352705e-07	
0.10925000	3.39685342e-07	
0.11083333	5.82802415e-07	
0.11241667	7.61610542e-07	
0.11400000	5.51466377e-07	
0.11558333	1.09747781e-07	
0.11716667	-1.43012595e-07	
0.11875000	6.66313068e-08	
0.12033333	1.31786933e-07	
0.12191667	1.32658206e-07	
0.12350000	2.64160437e-07	
0.12508333	5.07520477e-07	
0.12666667	4.05799165e-07	
0.12825000	4.03508746e-07	
0.12983333	4.46117950e-07	
0.13141667	5.18407365e-07	
0.13300000	6.03882713e-07	
0.13458333	1.79196981e-07	
0.13616667	9.18069844e-08	
0.13775000	8.37425088e-09	
0.13933333	-2.21850000e-08	
0.14091667	2.77141428e-07	
0.14250000	3.03965511e-07	
0.14408333	5.21952268e-07	
0.14566667	4.56398891e-07	
0.14725000	3.19419293e-07	
0.14883333	4.79086433e-07	
0.15041667	4.95211461e-07	
0.15200000	1.03639505e-06	
0.15358333	8.65222751e-07	
0.15516667	4.29306163e-07	
0.15675000	2.41811598e-07	
0.15833333	-3.77410560e-08	
0.15991667	1.44144980e-07	
0.16150000	2.26515282e-07	
0.16308333	4.00336623e-07	
0.16466667	4.31726984e-07	
0.16625000	4.58821028e-07	
0.16783333	4.93647646e-07	
0.16941667	4.33669403e-07	
0.17100000	7.16344327e-07	
0.17258333	1.00674127e-06	
0.17416667	6.10018516e-07	
0.17575000	3.74081077e-07	
0.17733333	2.91069438e-08	
0.17891667	-2.40172661e-09	
0.18050000	2.77952092e-07	
0.18208333	2.79880482e-07	
0.18366667	4.96194697e-07	
0.18525000	3.50445833e-07	
0.18683333	2.68732678e-07	
0.18841667	2.86077413e-07	
0.19000000	3.72785459e-07	
0.19158333	6.45669548e-07	
0.19316667	5.45725783e-07	
0.19475000	5.02203878e-07	
0.19633333	1.39063228e-07	
0.19791667	-1.40929918e-07	
0.19950000	4.67629943e-08	
0.20108333	2.49244448e-07	
0.20266667	4.68457044e-07	
0.20425000	5.96172343e-07	
0.20583333	4.88981349e-07	
0.20741667	3.84451791e-07	
0.20900000	2.94400142e-07	
0.21058333	5.32279692e-07	
0.21216667	7.26617652e-07	
0.21375000	5.13008835e-07	
0.21533333	-2.88740591e-08	
0.21691667	6.33478655e-08	
0.21850000	9.40628847e-08	
0.22008333	2.15789597e-07	
0.22166667	2.62682727e-07	
0.22325000	4.68991168e-07	
0.22483333	3.46538145e-07	
0.22641667	5.49994183e-07	
0.22800000	2.49935351e-07	
0.22958333	1.11830956e-07	
0.23116667	5.25839739e-07	
0.23275000	5.17534902e-07	
0.23433333	3.38215668e-07	
0.23591667	1.31621628e-07	
0.23750000	1.54951673e-08	
0.23908333	1.61870867e-07	
0.24066667	2.23187389e-07	
0.24225000	3.86657226e-07	
0.24383333	4.24690996e-07	
0.24541667	5.04796627e-07	
0.24700000	4.31250487e-07	
0.24858333	2.62767963e-07	
0.25016667	4.59944074e-07	
0.25175000	5.55785795e-07	
0.25333333	4.47602268e-07	
0.25491667	1.93067921e-07	
0.25650000	-2.02230149e-08	
0.25808333	3.15706851e-08	
0.25966667	3.70932504e-08	
0.26125000	3.71102164e-07	
0.26283333	3.17430755e-07	
0.26441667	4.61523569e-07	
0.26600000	6.01148166e-07	
0.26758333	3.81902892e-07	
0.26916667	3.87263565e-07	
0.27075000	5.55354015e-07	
0.27233333	7.37403288e-07	
0.27391667	4.75222540e-07	
0.27550000	1.68049849e-07	
0.27708333	3.69978676e-08	
0.27866667	1.83501460e-07	
0.28025000	2.48337319e-07	
0.28183333	4.64722768e-07	
0.28341667	5.46020020e-07	
0.28500000	6.32053769e-07	
0.28658333	3.64272993e-07	
0.28816667	4.36521275e-07	
0.28975000	4.38691904e-07	
0.29133333	4.95938709e-07	
0.29291667	5.71472770e-07	
0.29450000	1.98340810e-07	
0.29608333	6.67182367e-08	
0.29766667	-1.17431445e-07	
0.29925000	-1.46262029e-07	
0.30083333	1.88358656e-07	
0.30241667	1.74798305e-07	
0.30400000	4.05626733e-07	
0.30558333	4.11589572e-07	
0.30716667	4.08910076e-07	
0.30875000	3.42710206e-07	
0.31033333	4.11114811e-07	
0.31191667	6.80277981e-07	
0.31350000	4.71186438e-07	
0.31508333	8.18597901e-08	
0.31666667	-5.07391272e-08	
0.31825000	-1.23973701e-07	
0.31983333	1.26747155e-07	
0.32141667	3.39513442e-07	
0.32300000	3.91487442e-07	
0.32458333	5.26445630e-07	
0.32616667	4.78264428e-07	
0.32775000	4.11814030e-07	
0.32933333	5.26274486e-07	
0.33091667	6.32831756e-07	
0.33250000	8.53839904e-07	
0.33408333	6.42425546e-07	
0.33566667	6.31752587e-08	
0.33725000	-9.53848660e-08	
0.33883333	-9.68806721e-08	
0.34041667	9.04419092e-08	
0.34200000	1.14794329e-07	
0.34358333	3.28313136e-07	
0.34516667	5.34189545e-07	
0.34675000	3.53772158e-07	
0.34833333	3.32857824e-07	
0.34991667	5.37733328e-07	
0.35150000	7.41347713e-07	
0.35308333	6.77079061e-07	
0.35466667	3.19549302e-07	
0.35625000	2.68412991e-08	
0.35783333	-6.86636590e-08	
0.35941667	3.20893034e-08	
0.36100000	3.60297263e-07	
0.36258333	4.28700356e-07	
0.36416667	5.84825674e-07	
0.36575000	3.99092584e-07	
0.36733333	4.42269093e-07	
0.36891667	3.83069201e-07	
0.37050000	4.55318546e-07	
0.37208333	7.05254149e-07	
0.37366667	5.30033431e-07	
0.37525000	2.60392672e-07	
0.37683333	-4.87251613e-08	
0.37841667	9.19543621e-08	
0.38000000	2.81860423e-07	
0.38158333	2.42684593e-07	
0.38316667	4.14786644e-07	
0.38475000	2.26428464e-07	
0.38633333	4.15392311e-07	
0.38791667	3.09264525e-07	
0.38950000	4.04244339e-07	
0.39108333	6.42686070e-07	
0.39266667	6.45969665e-07	
0.39425000	2.69683545e-07	
0.39583333	4.64950363e-08	
0.39741667	4.01524297e-08	
0.39900000	5.62263514e-08	
0.40058333	3.39157294e-07	
0.40216667	4.74504195e-07	
0.40375000	3.65526301e-07	
0.40533333	3.52129016e-07	
0.40691667	3.65655359e-07	
0.40850000	2.68603284e-07	
0.41008333	4.90217436e-07	
0.41166667	5.78340415e-07	
0.41325000	7.62551832e-07	
0.41483333	3.05591768e-07	
0.41641667	-1.63667792e-07	
0.41800000	-7.90857511e-09	
0.41958333	-1.31734991e-07	
0.42116667	9.77438738e-08	
0.42275000	2.57022301e-07	
0.42433333	3.71936069e-07	
0.42591667	5.17975922e-07	
0.42750000	2.92282127e-07	
0.42908333	3.66389664e-07	
0.43066667	6.84287424e-07	
0.43225000	6.32312556e-07	
0.43383333	7.03595131e-07	
0.43541667	3.18995074e-08	
0.43700000	1.02325047e-07	
0.43858333	2.62721964e-08	
0.44016667	1.15201460e-07	
0.44175000	2.38873342e-07	
0.44333333	3.09695968e-07	
0.44491667	4.00787416e-07	
0.44650000	4.61756875e-07	
0.44808333	3.70452002e-07	
0.44966667	5.84478458e-07	
0.45125000	7.07803440e-07	
0.45283333	7.49892240e-07	
0.45441667	2.36841123e-07	
0.45600000	1.50160210e-07	
0.45758333	4.33151926e-08	
0.45916667	-7.17345550e-09	
0.46075000	3.72603871e-07	
0.46233333	3.99273948e-07	
0.46391667	5.04103988e-07	
0.46550000	5.95021547e-07	
0.46708333	4.40109300e-07	
0.46866667	4.38483351e-07	
0.47025000	5.88715608e-07	
0.47183333	8.05329352e-07	
0.47341667	4.62276719e-07	
0.47500000	-1.04217295e-07	
0.47658333	9.89973991e-08	
0.47816667	-1.06681595e-07	
0.47975000	-2.56344730e-08	
0.48133333	4.58051518e-08	
0.48291667	2.47221637e-07	
0.48450000	4.80209843e-07	
0.48608333	3.48223625e-07	
0.48766667	2.22582183e-07	
0.48925000	1.44386841e-07	
0.49083333	5.12781521e-07	
0.49241667	7.72274821e-07	
0.49400000	3.90217389e-07	
0.49558333	1.50894263e-07	
0.49716667	9.93380449e-10	
0.49875000	3.76112596e-08	
0.50033333	1.02774867e-07	
0.50191667	2.21700396e-07	
0.50350000	4.50351040e-07	
0.50508333	4.49572521e-07	
0.50666667	4.46270809e-07	
0.50825000	4.15867856e-07	
0.50983333	4.03233381e-07	
0.51141667	7.10612918e-07	
0.51300000	6.74159202e-07	
0.51458333	2.98270308e-07	
0.51616667	7.68299244e-08	
0.51775000	-7.93798028e-08	
0.51933333	1.98133544e-07	
0.52091667	1.46729440e-07	
0.52250000	2.08934511e-07	
0.52408333	4.98488616e-07	
0.52566667	2.63244236e-07	
0.52725000	2.96041576e-07	
0.52883333	2.91805658e-07	
0.53041667	5.30198470e-07	
0.53200000	7.95081676e-07	
0.53358333	5.88455140e-07	
0.53516667	3.82334896e-07	
0.53675000	3.75326251e-08	
0.53833333	1.88713712e-07	
0.53991667	2.82190446e-07	
0.54150000	3.76285812e-07	
0.54308333	5.60964627e-07	
0.54466667	6.91047320e-07	
0.54625000	6.29755874e-07	
0.54783333	3.70796978e-07	
0.54941667	4.39633167e-07	
0.55100000	5.47101709e-07	
0.55258333	7.10874113e-07	
0.55416667	4.81676885e-07	
0.55575000	2.39089064e-07	
0.55733333	3.40593647e-07	
0.55891667	7.09316124e-07	
0.56050000	1.07013600e-06	
0.56208333	1.43192545e-06	
0.56366667	1.96261478e-06	
0.56525000	2.31404959e-06	
0.56683333	2.77094609e-06	
0.56841667	3.44374438e-06	
0.57000000	4.51824690e-06	
0.57158333	5.58081035e-06	
0.57316667	6.96352359e-06	
0.57475000	8.26915543e-06	
0.57633333	9.90494044e-06	
0.57791667	1.32477600e-05	
0.57950000	1.83411832e-05	
0.58108333	2.58748742e-05	
0.58266667	3.71490779e-05	
0.58425000	5.58447632e-05	
0.58583333	9.86478978e-05	
0.58741667	2.13178201e-04	
0.58900000	3.99072251e-04	
0.59058333	5.03108139e-04	
0.59216667	5.80962305e-04	
0.59375000	7.84170117e-04	
0.59533333	9.08197106e-04	
0.59691667	1.24426156e-03	
0.59850000	1.37850840e-03	
0.60008333	4.43618960e-03	
0.60166667	1.46642078e-02	
0.60325000	2.69498009e-02	
0.60483333	2.34148866e-02	
0.60641667	2.86338046e-02	
0.60800000	3.83976138e-02	
0.60958333	4.53059142e-02	
0.61116667	5.14637323e-02	
0.61275000	6.48847720e-02	
0.61433333	9.52342227e-02	
0.61591667	1.27892129e-01	
0.61750000	1.41772841e-01	
0.61908333	1.59808578e-01	
0.62066667	1.70419041e-01	
0.62225000	1.88928907e-01	
0.62383333	3.58907527e-01	
0.62541667	5.77664536e-01	
0.62700000	1.34825761e+00	
0.62858333	7.28882522e+00	
0.63016667	1.62584405e+01	
0.63175000	1.93429726e+01	
0.63333333	2.26756367e+01	
0.63491667	2.49579596e+01	
0.63650000	2.82577765e+01	
0.63808333	3.06866379e+01	
0.63966667	3.12197346e+01	
0.64125000	3.19184600e+01	
0.64283333	3.28789748e+01	
0.64441667	3.41648163e+01	
