start voltage : 0.00 V 
set voltage : 0.10 V 
High G : 30.00 G0 
Intermediate G : 20.00 G0 
Low G : 10.00 G0 
Breaking speed 1 : 300.00 V/s 
Breaking speed 2 : 300.00 V/s 
Making speed : 500.00 V/s 
Post breaking : 230.00 V/s 
@ 
0.00000000	4.74586716e+01	
0.00158333	4.79523686e+01	
0.00316667	4.81578330e+01	
0.00475000	4.81212650e+01	
0.00633333	4.82550067e+01	
0.00791667	4.83178975e+01	
0.00950000	4.80835922e+01	
0.01108333	4.80282893e+01	
0.01266667	4.84038828e+01	
0.01425000	4.80904886e+01	
0.01583333	4.78729640e+01	
0.01741667	4.81047475e+01	
0.01900000	4.80176497e+01	
0.02058333	4.81660147e+01	
0.02216667	4.81974902e+01	
0.02375000	4.83979861e+01	
0.02533333	4.82431305e+01	
0.02691667	4.83559950e+01	
0.02850000	4.79432661e+01	
0.03008333	4.77674507e+01	
0.03166667	4.78971785e+01	
0.03325000	4.77028912e+01	
0.03483333	4.79451490e+01	
0.03641667	4.77146696e+01	
0.03800000	4.77386173e+01	
0.03958333	4.76513429e+01	
0.04116667	4.76102086e+01	
0.04275000	4.76643728e+01	
0.04433333	4.75995277e+01	
0.04591667	4.75466940e+01	
0.04750000	4.74560484e+01	
0.04908333	4.73545339e+01	
0.05066667	4.74894857e+01	
0.05225000	4.73243174e+01	
0.05383333	4.73107426e+01	
0.05541667	4.74507267e+01	
0.05700000	4.76431386e+01	
0.05858333	4.74727501e+01	
0.06016667	4.73097692e+01	
0.06175000	4.70140313e+01	
0.06333333	4.73620993e+01	
0.06491667	4.71453037e+01	
0.06650000	4.73662409e+01	
0.06808333	4.70043124e+01	
0.06966667	4.71645198e+01	
0.07125000	4.71721866e+01	
0.07283333	4.69793237e+01	
0.07441667	4.69268809e+01	
0.07600000	4.69120771e+01	
0.07758333	4.63658170e+01	
0.07916667	4.70961118e+01	
0.08075000	4.68085670e+01	
0.08233333	4.69045681e+01	
0.08391667	4.68512872e+01	
0.08550000	4.68573154e+01	
0.08708333	4.70574956e+01	
0.08866667	4.67381784e+01	
0.09025000	4.69787788e+01	
0.09183333	4.66105778e+01	
0.09341667	4.66824696e+01	
0.09500000	4.66464129e+01	
0.09658333	4.66901666e+01	
0.09816667	4.67289857e+01	
0.09975000	4.64956839e+01	
0.10133333	4.66901553e+01	
0.10291667	4.65697292e+01	
0.10450000	4.63642949e+01	
0.10608333	4.67510580e+01	
0.10766667	4.64718001e+01	
0.10925000	4.65891331e+01	
0.11083333	4.65634604e+01	
0.11241667	4.63656366e+01	
0.11400000	4.65888964e+01	
0.11558333	4.62995738e+01	
0.11716667	4.63305683e+01	
0.11875000	4.62182826e+01	
0.12033333	4.61412795e+01	
0.12191667	4.62023851e+01	
0.12350000	4.61079098e+01	
0.12508333	4.61367433e+01	
0.12666667	4.46689566e+01	
0.12825000	4.43476964e+01	
0.12983333	4.43786043e+01	
0.13141667	4.43057654e+01	
0.13300000	4.43174010e+01	
0.13458333	4.39697803e+01	
0.13616667	4.39804312e+01	
0.13775000	4.40195021e+01	
0.13933333	4.39979936e+01	
0.14091667	4.41767817e+01	
0.14250000	4.41545253e+01	
0.14408333	4.39347833e+01	
0.14566667	4.40710617e+01	
0.14725000	4.37964791e+01	
0.14883333	4.39904658e+01	
0.15041667	4.38332087e+01	
0.15200000	4.39055102e+01	
0.15358333	4.40142668e+01	
0.15516667	4.37667250e+01	
0.15675000	4.38416046e+01	
0.15833333	4.37352871e+01	
0.15991667	4.37408155e+01	
0.16150000	4.36112756e+01	
0.16308333	4.29970849e+01	
0.16466667	4.32378920e+01	
0.16625000	4.32506663e+01	
0.16783333	4.32069502e+01	
0.16941667	4.33900491e+01	
0.17100000	4.31003921e+01	
0.17258333	4.28926916e+01	
0.17416667	4.28395422e+01	
0.17575000	4.25845026e+01	
0.17733333	4.28670828e+01	
0.17891667	4.26064696e+01	
0.18050000	4.28157900e+01	
0.18208333	4.26784855e+01	
0.18366667	4.29070030e+01	
0.18525000	4.28362612e+01	
0.18683333	4.32048117e+01	
0.18841667	4.28452999e+01	
0.19000000	4.27253811e+01	
0.19158333	4.28204690e+01	
0.19316667	4.20715445e+01	
0.19475000	3.96309948e+01	
0.19633333	3.93762258e+01	
0.19791667	3.93736364e+01	
0.19950000	3.95466068e+01	
0.20108333	3.96687428e+01	
0.20266667	3.96512369e+01	
0.20425000	3.96449418e+01	
0.20583333	3.96212121e+01	
0.20741667	3.93073368e+01	
0.20900000	3.91825399e+01	
0.21058333	3.92499030e+01	
0.21216667	3.92449308e+01	
0.21375000	3.91602045e+01	
0.21533333	3.92520264e+01	
0.21691667	3.90896731e+01	
0.21850000	3.91516469e+01	
0.22008333	3.90208931e+01	
0.22166667	3.88319576e+01	
0.22325000	3.88915600e+01	
0.22483333	3.88897560e+01	
0.22641667	3.89988171e+01	
0.22800000	3.88482459e+01	
0.22958333	3.87330814e+01	
0.23116667	3.83213034e+01	
0.23275000	3.76697217e+01	
0.23433333	3.75457816e+01	
0.23591667	3.58554230e+01	
0.23750000	3.58601321e+01	
0.23908333	3.57619700e+01	
0.24066667	3.57565055e+01	
0.24225000	3.56582795e+01	
0.24383333	3.58761047e+01	
0.24541667	3.58369023e+01	
0.24700000	3.57567911e+01	
0.24858333	3.54713922e+01	
0.25016667	3.57170888e+01	
0.25175000	3.58353200e+01	
0.25333333	3.57895632e+01	
0.25491667	3.58036717e+01	
0.25650000	3.54763719e+01	
0.25808333	3.56070656e+01	
0.25966667	3.53761352e+01	
0.26125000	3.53848131e+01	
0.26283333	3.53981361e+01	
0.26441667	3.52178146e+01	
0.26600000	3.51450921e+01	
0.26758333	3.52194832e+01	
0.26916667	3.49392933e+01	
0.27075000	3.49749066e+01	
0.27233333	3.48701375e+01	
0.27391667	3.48873466e+01	
0.27550000	3.47762410e+01	
0.27708333	3.49301081e+01	
0.27866667	3.49032064e+01	
0.28025000	3.46937433e+01	
0.28183333	3.48473473e+01	
0.28341667	3.47242416e+01	
0.28500000	3.39897037e+01	
0.28658333	3.22539979e+01	
0.28816667	3.21572940e+01	
0.28975000	3.22913738e+01	
0.29133333	3.23193955e+01	
0.29291667	3.23327298e+01	
0.29450000	3.20714026e+01	
0.29608333	3.21340190e+01	
0.29766667	3.21827262e+01	
0.29925000	3.22533815e+01	
0.30083333	3.24114316e+01	
0.30241667	3.21830832e+01	
0.30400000	3.22978907e+01	
0.30558333	3.22433958e+01	
0.30716667	3.19383826e+01	
0.30875000	3.20643220e+01	
0.31033333	3.20491011e+01	
0.31191667	3.18351280e+01	
0.31350000	3.17093050e+01	
0.31508333	3.13268771e+01	
0.31666667	3.15938511e+01	
0.31825000	3.14817289e+01	
0.31983333	3.10640504e+01	
0.32141667	3.12394430e+01	
0.32300000	3.12374737e+01	
0.32458333	3.10268398e+01	
0.32616667	3.07684196e+01	
0.32775000	3.06901181e+01	
0.32933333	3.07451748e+01	
0.33091667	3.05926794e+01	
0.33250000	3.03810139e+01	
0.33408333	3.00181703e+01	
0.33566667	3.00449311e+01	
0.33725000	3.02659152e+01	
0.33883333	3.00277332e+01	
0.34041667	3.00340546e+01	
0.34200000	2.97375426e+01	
0.34358333	2.99064221e+01	
0.34516667	2.99013202e+01	
0.34675000	2.98438714e+01	
0.34833333	3.00446172e+01	
0.34991667	2.96733044e+01	
0.35150000	2.95975059e+01	
0.35308333	2.97811403e+01	
0.35466667	2.96590982e+01	
0.35625000	2.73881083e+01	
0.35783333	2.74388167e+01	
0.35941667	2.74991481e+01	
0.36100000	2.73822135e+01	
0.36258333	2.71568115e+01	
0.36416667	2.72404310e+01	
0.36575000	2.69338355e+01	
0.36733333	2.68239664e+01	
0.36891667	2.68193118e+01	
0.37050000	2.67856283e+01	
0.37208333	2.67825165e+01	
0.37366667	2.66126053e+01	
0.37525000	2.65457439e+01	
0.37683333	2.56303396e+01	
0.37841667	2.53557419e+01	
0.38000000	2.57387749e+01	
0.38158333	2.56228587e+01	
0.38316667	2.54903461e+01	
0.38475000	2.49926240e+01	
0.38633333	2.47000525e+01	
0.38791667	2.48105454e+01	
0.38950000	2.45399729e+01	
0.39108333	2.46367144e+01	
0.39266667	2.42658338e+01	
0.39425000	2.41340277e+01	
0.39583333	2.39651801e+01	
0.39741667	2.35899211e+01	
0.39900000	2.34962388e+01	
0.40058333	2.34751907e+01	
0.40216667	2.35679634e+01	
0.40375000	2.34662554e+01	
0.40533333	2.32910376e+01	
0.40691667	2.33156429e+01	
0.40850000	2.21271705e+01	
0.41008333	2.21458679e+01	
0.41166667	2.20437333e+01	
0.41325000	2.16598679e+01	
0.41483333	2.13449384e+01	
0.41641667	2.11042760e+01	
0.41800000	2.09377492e+01	
0.41958333	2.09975526e+01	
0.42116667	2.08018841e+01	
0.42275000	2.05313623e+01	
0.42433333	2.08062475e+01	
0.42591667	2.05059696e+01	
0.42750000	2.03914252e+01	
0.42908333	2.00406964e+01	
0.43066667	2.02248270e+01	
0.43225000	2.03153410e+01	
0.43383333	2.02754752e+01	
0.43541667	2.01182275e+01	
0.43700000	1.96552995e+01	
0.43858333	2.00408599e+01	
0.44016667	1.98305831e+01	
0.44175000	2.00935019e+01	
0.44333333	1.99273284e+01	
0.44491667	1.97852471e+01	
0.44650000	1.96916945e+01	
0.44808333	1.95917153e+01	
0.44966667	1.96316713e+01	
0.45125000	1.93246173e+01	
0.45283333	1.92306043e+01	
0.45441667	1.93164243e+01	
0.45600000	1.90005627e+01	
0.45758333	1.90874012e+01	
0.45916667	1.88558808e+01	
0.46075000	1.87280904e+01	
0.46233333	1.88657200e+01	
0.46391667	1.87377792e+01	
0.46550000	1.85122363e+01	
0.46708333	1.81925790e+01	
0.46866667	1.74367092e+01	
0.47025000	1.57390004e+01	
0.47183333	1.55726586e+01	
0.47341667	1.56965038e+01	
0.47500000	1.57563335e+01	
0.47658333	1.56996335e+01	
0.47816667	1.55473429e+01	
0.47975000	1.55325110e+01	
0.48133333	1.53872803e+01	
0.48291667	1.49697596e+01	
0.48450000	1.49822324e+01	
0.48608333	1.53719306e+01	
0.48766667	1.50762125e+01	
0.48925000	1.53128281e+01	
0.49083333	1.54358277e+01	
0.49241667	1.48219865e+01	
0.49400000	1.44829628e+01	
0.49558333	1.42860861e+01	
0.49716667	1.44809766e+01	
0.49875000	1.38247553e+01	
0.50033333	1.40812569e+01	
0.50191667	1.42113756e+01	
0.50350000	1.41418796e+01	
0.50508333	1.38030617e+01	
0.50666667	1.38402027e+01	
0.50825000	1.40164710e+01	
0.50983333	1.38046759e+01	
0.51141667	1.37004676e+01	
0.51300000	1.36107541e+01	
0.51458333	1.33500902e+01	
0.51616667	1.35903148e+01	
0.51775000	1.34419591e+01	
0.51933333	1.32945346e+01	
0.52091667	1.29578946e+01	
0.52250000	1.28414419e+01	
0.52408333	1.27456644e+01	
0.52566667	1.24803441e+01	
0.52725000	1.20110617e+01	
0.52883333	1.20367241e+01	
0.53041667	1.18745850e+01	
0.53200000	1.17746678e+01	
0.53358333	1.15155241e+01	
0.53516667	1.15584182e+01	
0.53675000	1.13161754e+01	
0.53833333	1.12801233e+01	
0.53991667	1.13063344e+01	
0.54150000	1.11766696e+01	
0.54308333	1.06585514e+01	
0.54466667	9.91154644e+00	
0.54625000	9.31067784e+00	
0.54783333	8.83151127e+00	
0.54941667	8.84916196e+00	
0.55100000	8.80939012e+00	
0.55258333	8.97286055e+00	
0.55416667	8.91963788e+00	
0.55575000	9.00308546e+00	
0.55733333	8.91731058e+00	
0.55891667	8.80449498e+00	
0.56050000	8.72175865e+00	
0.56208333	8.28592206e+00	
0.56366667	7.83805572e+00	
0.56525000	7.82697307e+00	
0.56683333	7.87208634e+00	
0.56841667	7.83854382e+00	
0.57000000	7.93468024e+00	
0.57158333	7.96091575e+00	
0.57316667	7.99738784e+00	
0.57475000	6.72444374e+00	
0.57633333	5.99273538e+00	
0.57791667	5.77320807e+00	
0.57950000	6.05708252e+00	
0.58108333	6.33226456e+00	
0.58266667	6.22449819e+00	
0.58425000	6.15664553e+00	
0.58583333	5.75983570e+00	
0.58741667	5.69219726e+00	
0.58900000	5.59355784e+00	
0.59058333	4.84287916e+00	
0.59216667	4.38708665e+00	
0.59375000	4.33859986e+00	
0.59533333	4.37318295e+00	
0.59691667	4.26090337e+00	
0.59850000	4.19877878e+00	
0.60008333	4.15622019e+00	
0.60166667	4.01438937e+00	
0.60325000	3.97169501e+00	
0.60483333	3.98870304e+00	
0.60641667	3.97742449e+00	
0.60800000	3.85528369e+00	
0.60958333	3.91677830e+00	
0.61116667	3.84480354e+00	
0.61275000	3.46781197e+00	
0.61433333	2.98883519e+00	
0.61591667	2.68488222e+00	
0.61750000	2.61169799e+00	
0.61908333	2.64910541e+00	
0.62066667	2.52423635e+00	
0.62225000	2.11338047e+00	
0.62383333	2.02917889e+00	
0.62541667	1.94123807e+00	
0.62700000	2.02816322e+00	
0.62858333	1.88554763e+00	
0.63016667	1.88266410e+00	
0.63175000	1.95139549e+00	
0.63333333	1.95735763e+00	
0.63491667	1.92792724e+00	
0.63650000	1.86324163e+00	
0.63808333	1.80453177e+00	
0.63966667	1.79830092e+00	
0.64125000	1.46859538e+00	
0.64283333	1.51116231e+00	
0.64441667	1.32263270e+00	
0.64600000	8.63822006e-01	
0.64758333	1.18843610e+00	
0.64916667	9.87457474e-01	
0.65075000	6.67885798e-01	
0.65233333	6.13925393e-01	
0.65391667	3.48509230e-01	
0.65550000	-7.34103072e-03	
0.65708333	1.05652195e-03	
0.65866667	-3.19995530e-03	
0.66025000	-2.42386152e-05	
0.66183333	2.03383450e-04	
0.66341667	7.20626845e-04	
0.66500000	2.17250941e-04	
0.66658333	5.15491608e-05	
0.66816667	1.84584802e-05	
0.66975000	3.69211530e-06	
0.67133333	-4.70778852e-06	
0.67291667	-8.89030663e-06	
0.67450000	-1.03326796e-05	
0.67608333	-9.94184923e-06	
0.67766667	-9.00166202e-06	
0.67925000	-7.29541017e-06	
0.68083333	-5.40019956e-06	
0.68241667	-3.62254763e-06	
0.68400000	-2.02488801e-06	
0.68558333	-7.09689380e-07	
0.68716667	2.62707228e-07	
0.68875000	1.17281986e-06	
0.69033333	1.61411966e-06	
0.69191667	1.82871524e-06	
0.69350000	1.92430660e-06	
0.69508333	1.94405600e-06	
0.69666667	1.90485962e-06	
0.69825000	1.66754292e-06	
0.69983333	1.32477999e-06	
0.70141667	1.19047387e-06	
0.70300000	9.34188222e-07	
0.70458333	7.68645242e-07	
0.70616667	5.36298992e-07	
0.70775000	6.75568785e-07	
0.70933333	8.20196339e-07	
0.71091667	7.73528829e-07	
0.71250000	7.92369194e-07	
0.71408333	7.22841738e-07	
0.71566667	9.13716223e-07	
0.71725000	6.01977115e-07	
0.71883333	4.14285617e-07	
0.72041667	4.19713297e-07	
0.72200000	3.27672411e-07	
0.72358333	3.64402443e-07	
0.72516667	2.66917189e-07	
0.72675000	2.61680254e-07	
0.72833333	5.73633627e-07	
0.72991667	6.88619499e-07	
0.73150000	7.14630202e-07	
0.73308333	7.06221873e-07	
0.73466667	6.87795870e-07	
0.73625000	7.07371940e-07	
0.73783333	2.82784801e-07	
0.73941667	3.43099871e-07	
0.74100000	1.27127818e-07	
0.74258333	8.60682599e-08	
0.74416667	9.49614310e-08	
0.74575000	1.45624349e-08	
0.74733333	9.25423324e-08	
0.74891667	4.11676152e-07	
0.75050000	5.17068905e-07	
0.75208333	5.97917325e-07	
0.75366667	4.96413442e-07	
0.75525000	6.34734609e-07	
0.75683333	3.75377591e-07	
0.75841667	2.96129080e-07	
0.76000000	1.29288885e-07	
0.76158333	-8.02445516e-08	
0.76316667	1.27948101e-07	
0.76475000	1.58128205e-07	
0.76633333	1.81107688e-07	
0.76791667	2.28665806e-07	
0.76950000	4.37385618e-07	
0.77108333	6.06732569e-07	
0.77266667	5.63218168e-07	
0.77425000	5.51509835e-07	
0.77583333	7.26081932e-07	
0.77741667	5.11667743e-07	
0.77900000	3.37525213e-07	
0.78058333	1.76155344e-07	
0.78216667	2.69898875e-07	
0.78375000	2.60176558e-07	
0.78533333	1.16791638e-07	
0.78691667	2.77634390e-07	
0.78850000	3.86309730e-07	
0.79008333	5.02248288e-07	
0.79166667	4.43997919e-07	
0.79325000	4.67073278e-07	
0.79483333	5.40014031e-07	
0.79641667	5.46626248e-07	
0.79800000	4.34535118e-07	
0.79958333	1.89975728e-07	
0.80116667	1.50333034e-07	
0.80275000	3.62111716e-07	
0.80433333	1.95946688e-07	
0.80591667	2.87468403e-07	
0.80750000	2.67054955e-07	
0.80908333	4.24898738e-07	
0.81066667	5.31502041e-07	
0.81225000	5.14561841e-07	
0.81383333	5.54402532e-07	
0.81541667	5.33144091e-07	
0.81700000	4.35770673e-07	
0.81858333	3.69267045e-07	
0.82016667	1.21259217e-07	
0.82175000	1.59838522e-07	
0.82333333	2.21026476e-07	
0.82491667	1.51931275e-07	
0.82650000	2.06898302e-07	
0.82808333	1.87210296e-07	
0.82966667	4.32071007e-07	
0.83125000	5.12487676e-07	
0.83283333	5.64126529e-07	
0.83441667	5.97398518e-07	
0.83600000	5.55570297e-07	
0.83758333	6.26135199e-07	
0.83916667	1.45890877e-08	
0.84075000	9.18651046e-09	
0.84233333	1.18398931e-07	
0.84391667	3.60814355e-08	
0.84550000	2.28545639e-07	
0.84708333	1.93804536e-07	
0.84866667	2.27577916e-07	
0.85025000	4.39764549e-07	
0.85183333	4.15736894e-07	
0.85341667	5.55223865e-07	
0.85500000	3.00708349e-07	
0.85658333	6.66318962e-07	
0.85816667	3.76976883e-07	
0.85975000	6.88098746e-08	
0.86133333	1.16981962e-07	
0.86291667	2.44918800e-08	
0.86450000	7.45313013e-08	
0.86608333	1.63943870e-07	
0.86766667	1.55241234e-07	
0.86925000	2.74047317e-07	
0.87083333	3.25598806e-07	
0.87241667	4.53807067e-07	
0.87400000	4.09860859e-07	
0.87558333	5.77347546e-07	
0.87716667	5.00780238e-07	
0.87875000	3.26937574e-07	
0.88033333	1.94149246e-07	
0.88191667	9.57134957e-08	
0.88350000	2.01840183e-07	
0.88508333	1.80856223e-07	
0.88666667	1.05254434e-07	
0.88825000	2.88791070e-07	
0.88983333	4.42786108e-07	
0.89141667	5.10371061e-07	
0.89300000	5.27526423e-07	
0.89458333	3.95171176e-07	
0.89616667	5.17172174e-07	
0.89775000	4.29928687e-07	
0.89933333	1.33782891e-07	
0.90091667	1.43013099e-07	
0.90250000	-3.86746739e-08	
0.90408333	1.89802569e-07	
0.90566667	1.84192349e-07	
0.90725000	1.34906483e-07	
0.90883333	3.21840197e-07	
0.91041667	2.76035266e-07	
0.91200000	4.33843935e-07	
0.91358333	4.33325268e-07	
0.91516667	5.32020792e-07	
0.91675000	4.54912976e-07	
0.91833333	4.08608811e-07	
0.91991667	1.08555705e-07	
0.92150000	-5.03588456e-08	
0.92308333	-1.19566527e-07	
0.92466667	-3.83977204e-08	
0.92625000	3.84589426e-09	
0.92783333	2.79232561e-07	
0.92941667	4.42745646e-07	
0.93100000	4.67374571e-07	
0.93258333	5.34136623e-07	
0.93416667	5.71238232e-07	
0.93575000	6.51543931e-07	
0.93733333	4.56185661e-07	
0.93891667	3.75811079e-07	
0.94050000	2.52131041e-07	
0.94208333	7.18259109e-08	
0.94366667	1.50652024e-07	
0.94525000	-8.99666719e-08	
0.94683333	1.75354456e-08	
0.94841667	3.75759305e-07	
0.95000000	4.56857664e-07	
0.95158333	6.67055451e-07	
0.95316667	4.42528497e-07	
0.95475000	4.13024441e-07	
0.95633333	5.34525897e-07	
0.95791667	4.52598252e-07	
0.95950000	8.78929688e-08	
0.96108333	-5.74629219e-08	
0.96266667	1.29115880e-07	
0.96425000	9.05274670e-08	
0.96583333	-3.53634553e-08	
0.96741667	-3.41200665e-08	
0.96900000	1.25960992e-07	
0.97058333	4.58818564e-07	
0.97216667	3.44395209e-07	
0.97375000	2.89689687e-07	
0.97533333	5.03543458e-07	
0.97691667	4.98789909e-07	
0.97850000	5.17803266e-07	
0.98008333	4.71004689e-08	
0.98166667	1.60617055e-07	
0.98325000	2.24612527e-07	
0.98483333	2.01106130e-07	
0.98641667	1.73054457e-07	
0.98800000	2.68387171e-07	
0.98958333	5.22469228e-07	
0.99116667	6.57246275e-07	
0.99275000	5.50470764e-07	
0.99433333	6.00724283e-07	
0.99591667	6.12176461e-07	
0.99750000	5.76958945e-07	
0.99908333	2.84893099e-07	
1.00066667	3.66865777e-08	
1.00225000	1.00293780e-07	
1.00383333	1.27188595e-07	
1.00541667	1.31630364e-07	
1.00700000	8.94043506e-08	
1.00858333	3.88729795e-07	
1.01016667	5.32926017e-07	
1.01175000	4.81246282e-07	
1.01333333	4.06144784e-07	
1.01491667	5.10372797e-07	
1.01650000	4.99524270e-07	
1.01808333	5.71083889e-07	
1.01966667	2.17569146e-07	
1.02125000	1.97951522e-07	
1.02283333	1.22720897e-07	
1.02441667	-7.03432689e-09	
1.02600000	5.25367834e-08	
1.02758333	4.54240722e-08	
1.02916667	1.80796804e-07	
1.03075000	4.34526158e-07	
1.03233333	4.90321433e-07	
1.03391667	4.88463606e-07	
1.03550000	4.83284829e-07	
1.03708333	5.76398191e-07	
1.03866667	4.86864062e-07	
1.04025000	1.11250903e-07	
1.04183333	9.82628701e-08	
1.04341667	2.11131154e-07	
1.04500000	1.48363061e-07	
1.04658333	-2.23668664e-08	
1.04816667	2.71142382e-07	
1.04975000	5.51206189e-07	
1.05133333	5.34266717e-07	
1.05291667	5.25667475e-07	
1.05450000	5.17794474e-07	
1.05608333	5.96925128e-07	
1.05766667	6.09715598e-07	
1.05925000	3.15876546e-07	
1.06083333	1.80105215e-07	
1.06241667	1.06386490e-07	
1.06400000	2.14588217e-07	
1.06558333	1.19644259e-07	
1.06716667	4.46377689e-08	
1.06875000	3.15062549e-07	
1.07033333	4.97105241e-07	
1.07191667	4.27664058e-07	
1.07350000	4.21052317e-07	
1.07508333	4.38425444e-07	
1.07666667	6.68091666e-07	
1.07825000	4.35614566e-07	
1.07983333	2.79664985e-07	
1.08141667	2.46002602e-07	
1.08300000	2.33688084e-07	
1.08458333	1.01166593e-07	
1.08616667	-1.94192704e-07	
1.08775000	1.71421046e-07	
1.08933333	2.77245228e-07	
1.09091667	4.25676164e-07	
1.09250000	5.16118095e-07	
1.09408333	4.18242951e-07	
1.09566667	5.49737019e-07	
1.09725000	4.14191057e-07	
1.09883333	3.35174844e-07	
1.10041667	2.50851104e-07	
1.10200000	-2.46912157e-08	
1.10358333	1.73234323e-07	
1.10516667	8.95338214e-08	
1.10675000	6.51198200e-08	
1.10833333	2.01235846e-07	
1.10991667	2.90986621e-07	
1.11150000	4.83406859e-07	
1.11308333	3.98928076e-07	
1.11466667	4.66985074e-07	
1.11625000	4.53937413e-07	
1.11783333	4.24302815e-07	
1.11941667	6.41337081e-07	
1.12100000	1.43892690e-08	
1.12258333	1.33394135e-07	
1.12416667	2.80788003e-07	
1.12575000	2.32668012e-07	
1.12733333	2.26384558e-07	
1.12891667	2.70244522e-07	
1.13050000	6.08850472e-07	
1.13208333	6.53314731e-07	
1.13366667	5.32581713e-07	
1.13525000	5.46410078e-07	
1.13683333	4.85351546e-07	
1.13841667	3.31068739e-07	
1.14000000	7.89645022e-08	
1.14158333	-1.32720327e-07	
1.14316667	-1.88059763e-08	
1.14475000	-1.63176534e-08	
1.14633333	1.01010969e-07	
1.14791667	2.04399358e-07	
1.14950000	1.32953340e-07	
1.15108333	5.68576768e-07	
1.15266667	5.01382713e-07	
1.15425000	4.98875649e-07	
1.15583333	3.96206522e-07	
1.15741667	3.90069711e-07	
1.15900000	2.03889021e-07	
1.16058333	1.06983084e-07	
1.16216667	1.93803388e-07	
1.16375000	2.56286932e-07	
1.16533333	2.70331214e-07	
1.16691667	2.42329874e-07	
1.16850000	2.01252940e-07	
1.17008333	5.79984256e-07	
1.17166667	6.23756660e-07	
1.17325000	5.55440651e-07	
1.17483333	6.35123434e-07	
1.17641667	4.34706122e-07	
1.17800000	5.19877879e-07	
1.17958333	3.97892170e-07	
1.18116667	1.13645990e-07	
1.18275000	6.68482185e-08	
1.18433333	1.57938287e-07	
1.18591667	2.05385226e-07	
1.18750000	1.01105642e-07	
1.18908333	2.08055706e-07	
1.19066667	4.92351356e-07	
1.19225000	3.48198340e-07	
1.19383333	4.42658478e-07	
1.19541667	4.01995894e-07	
1.19700000	5.47756826e-07	
1.19858333	3.58006956e-07	
1.20016667	1.08054335e-07	
1.20175000	2.14890364e-07	
1.20333333	1.55302193e-07	
1.20491667	3.32900778e-07	
1.20650000	2.32218564e-07	
1.20808333	2.23256174e-07	
1.20966667	5.09076115e-07	
1.21125000	4.57220308e-07	
1.21283333	5.40662484e-07	
1.21441667	5.16938419e-07	
1.21600000	6.31967301e-07	
1.21758333	5.48656843e-07	
1.21916667	3.34456471e-07	
1.22075000	2.01192360e-07	
1.22233333	6.35636501e-08	
1.22391667	5.72201195e-08	
1.22550000	2.93232966e-07	
1.22708333	1.45708948e-07	
1.22866667	4.05231313e-08	
1.23025000	3.10396868e-07	
1.23183333	3.92446597e-07	
1.23341667	5.02636330e-07	
1.23500000	4.87855866e-07	
1.23658333	5.39235036e-07	
1.23816667	4.00136610e-07	
1.23975000	1.11899685e-07	
1.24133333	1.40739901e-07	
1.24291667	2.48031157e-08	
1.24450000	2.48508967e-07	
1.24608333	1.87183653e-07	
1.24766667	1.02756680e-07	
1.24925000	4.49314601e-08	
1.25083333	4.03032528e-07	
1.25241667	4.61152888e-07	
1.25400000	4.71048224e-07	
1.25558333	4.60288461e-07	
1.25716667	5.59934125e-07	
1.25875000	5.77625150e-07	
1.26033333	4.66513281e-07	
1.26191667	2.85152783e-07	
1.26350000	3.61075166e-07	
1.26508333	2.79665209e-07	
1.26666667	-3.53043866e-08	
1.26825000	1.95228680e-07	
1.26983333	2.10361231e-07	
1.27141667	4.01477927e-07	
1.27300000	5.70651214e-07	
1.27458333	4.48447934e-07	
1.27616667	4.75413004e-07	
1.27775000	4.96760042e-07	
1.27933333	2.87658391e-07	
1.28091667	7.82551534e-08	
1.28250000	-7.53650667e-09	
1.28408333	1.19134104e-07	
1.28566667	7.65270278e-08	
1.28725000	1.40635988e-07	
1.28883333	3.44429735e-07	
1.29041667	5.26876569e-07	
1.29200000	4.76165958e-07	
1.29358333	3.15011979e-07	
1.29516667	2.60694022e-07	
1.29675000	4.75758372e-07	
1.29833333	4.55880532e-07	
1.29991667	4.47712901e-07	
1.30150000	-2.67105495e-09	
1.30308333	1.60055336e-07	
1.30466667	4.94769951e-08	
1.30625000	1.33410992e-07	
1.30783333	1.92369514e-07	
1.30941667	2.85368589e-07	
1.31100000	4.33591644e-07	
@ 
0.00000000	4.34923943e-07	
0.00158333	3.83459594e-07	
0.00316667	3.46901854e-07	
0.00475000	4.76752640e-07	
0.00633333	6.73710062e-07	
0.00791667	3.13368277e-07	
0.00950000	6.47733604e-08	
0.01108333	1.23921198e-07	
0.01266667	9.80897314e-08	
0.01425000	1.98722075e-07	
0.01583333	9.42358834e-08	
0.01741667	2.56935077e-07	
0.01900000	4.37947911e-07	
0.02058333	4.10248620e-07	
0.02216667	4.99005295e-07	
0.02375000	5.41527331e-07	
0.02533333	6.49208794e-07	
0.02691667	5.35331101e-07	
0.02850000	1.15322685e-07	
0.03008333	2.01002357e-07	
0.03166667	2.37308716e-07	
0.03325000	2.55768405e-07	
0.03483333	1.49408236e-07	
0.03641667	3.71117676e-07	
0.03800000	3.55976081e-07	
0.03958333	3.47981470e-07	
0.04116667	3.87132547e-07	
0.04275000	5.23592974e-07	
0.04433333	5.73200952e-07	
0.04591667	6.00328233e-07	
0.04750000	2.48898632e-07	
0.04908333	1.15893154e-07	
0.05066667	2.51490597e-07	
0.05225000	3.08918457e-07	
0.05383333	3.65006514e-07	
0.05541667	-9.51345068e-08	
0.05700000	2.50194446e-07	
0.05858333	6.22418032e-07	
0.06016667	5.00388109e-07	
0.06175000	5.75014873e-07	
0.06333333	3.72369949e-07	
0.06491667	5.47920354e-07	
0.06650000	4.63961834e-07	
0.06808333	3.00926535e-07	
0.06966667	2.03871338e-07	
0.07125000	2.13377666e-07	
0.07283333	3.33765652e-07	
0.07441667	2.06335560e-07	
0.07600000	5.93980992e-08	
0.07758333	5.12574984e-07	
0.07916667	3.26333503e-07	
0.08075000	4.37343868e-07	
0.08233333	3.93267398e-07	
0.08391667	5.10112609e-07	
0.08550000	6.32442874e-07	
0.08708333	5.02463114e-07	
0.08866667	2.64039668e-07	
0.09025000	8.08052978e-08	
0.09183333	1.16973583e-07	
0.09341667	9.08473534e-08	
0.09500000	-2.10612360e-08	
0.09658333	2.42199276e-07	
0.09816667	3.35105820e-07	
0.09975000	4.68283016e-07	
0.10133333	5.15426296e-07	
0.10291667	6.06300845e-07	
0.10450000	8.26073411e-07	
0.10608333	6.12782856e-07	
0.10766667	4.54479713e-07	
0.10925000	2.51664064e-07	
0.11083333	6.39273725e-08	
0.11241667	1.54895992e-07	
0.11400000	8.27503001e-08	
0.11558333	1.67322810e-07	
0.11716667	2.87892118e-07	
0.11875000	2.73268854e-07	
0.12033333	4.13879851e-07	
0.12191667	4.07138465e-07	
0.12350000	5.02549694e-07	
0.12508333	5.22988595e-07	
0.12666667	5.72709306e-07	
0.12825000	2.59191502e-07	
0.12983333	-6.10184873e-09	
0.13141667	1.21985346e-07	
0.13300000	7.78240740e-08	
0.13458333	6.61998774e-08	
0.13616667	9.29650884e-08	
0.13775000	2.72059228e-07	
0.13933333	4.33758055e-07	
0.14091667	4.90277191e-07	
0.14250000	4.08218893e-07	
0.14408333	5.64989640e-07	
0.14566667	6.07511563e-07	
0.14725000	4.99784178e-07	
0.14883333	1.94865994e-07	
0.15041667	7.36758559e-08	
0.15200000	1.29721015e-07	
0.15358333	2.28891749e-07	
0.15516667	1.44610963e-07	
0.15675000	1.42744595e-07	
0.15833333	3.07562497e-07	
0.15991667	5.54489784e-07	
0.16150000	5.50384856e-07	
0.16308333	7.17830690e-07	
0.16466667	5.86423033e-07	
0.16625000	5.74842050e-07	
0.16783333	3.53254135e-07	
0.16941667	1.77036418e-07	
0.17100000	2.67782092e-07	
0.17258333	1.43151215e-07	
0.17416667	7.38056347e-08	
0.17575000	2.29617541e-07	
0.17733333	2.40601524e-07	
0.17891667	5.36472376e-07	
0.18050000	4.46288757e-07	
0.18208333	4.73382017e-07	
0.18366667	4.63399961e-07	
0.18525000	5.67150944e-07	
0.18683333	5.76565191e-07	
0.18841667	4.10682668e-07	
0.19000000	3.58568465e-07	
0.19158333	3.07708999e-07	
0.19316667	2.62639633e-07	
0.19475000	1.12565107e-07	
0.19633333	7.33468271e-08	
0.19791667	4.01822734e-07	
0.19950000	4.03076602e-07	
0.20108333	4.62362543e-07	
0.20266667	5.69698275e-07	
0.20425000	6.17836635e-07	
0.20583333	7.05860320e-07	
0.20741667	4.37507675e-07	
0.20900000	1.64601060e-07	
0.21058333	2.34811368e-07	
0.21216667	1.99766102e-07	
0.21375000	2.55751828e-07	
0.21533333	1.75525456e-07	
0.21691667	4.77661918e-08	
0.21850000	5.16129463e-07	
0.22008333	3.97139020e-07	
0.22166667	6.11443892e-07	
0.22325000	4.61273714e-07	
0.22483333	3.47031220e-07	
0.22641667	4.42183577e-07	
0.22800000	3.43749024e-07	
0.22958333	2.86103286e-07	
0.23116667	2.21761439e-07	
0.23275000	2.25045804e-07	
0.23433333	3.73907974e-07	
0.23591667	5.74711298e-08	
0.23750000	4.97494235e-07	
0.23908333	5.59718515e-07	
0.24066667	4.57695965e-07	
0.24225000	4.59251267e-07	
0.24383333	5.13267959e-07	
0.24541667	6.49813566e-07	
0.24700000	4.91528791e-07	
0.24858333	2.71714084e-07	
0.25016667	1.90562257e-07	
0.25175000	4.20443416e-08	
0.25333333	2.75299925e-07	
0.25491667	1.62432110e-07	
0.25650000	1.89188767e-07	
0.25808333	3.01227324e-07	
0.25966667	4.93605196e-07	
0.26125000	5.77996895e-07	
0.26283333	5.07173709e-07	
0.26441667	6.60097139e-07	
0.26600000	5.69053574e-07	
0.26758333	4.37863291e-07	
0.26916667	3.43297812e-07	
0.27075000	2.68196146e-07	
0.27233333	2.15496185e-07	
0.27391667	3.08054339e-07	
0.27550000	2.34508689e-07	
0.27708333	4.55646665e-07	
0.27866667	4.16575840e-07	
0.28025000	5.92084831e-07	
0.28183333	5.00475361e-07	
0.28341667	5.70996973e-07	
0.28500000	6.55129044e-07	
0.28658333	4.68457548e-07	
0.28816667	3.44957222e-07	
0.28975000	2.28848263e-07	
0.29133333	1.24751002e-07	
0.29291667	3.49321862e-07	
0.29450000	2.37187947e-07	
0.29608333	2.03862685e-07	
0.29766667	2.51239285e-07	
0.29925000	4.20447686e-07	
0.30083333	5.89923750e-07	
0.30241667	5.70824765e-07	
0.30400000	6.83441339e-07	
0.30558333	5.64515410e-07	
0.30716667	5.86856269e-07	
0.30875000	3.80563844e-07	
0.31033333	2.40168877e-07	
0.31191667	4.66771256e-07	
0.31350000	3.01054529e-07	
0.31508333	3.63167672e-07	
0.31666667	4.58066506e-07	
0.31825000	4.33585231e-07	
0.31983333	7.13811277e-07	
0.32141667	5.55960018e-07	
0.32300000	6.63253945e-07	
0.32458333	6.64938388e-07	
0.32616667	5.59207604e-07	
0.32775000	3.86399166e-07	
0.32933333	1.98643461e-07	
0.33091667	1.55691396e-07	
0.33250000	1.67963255e-07	
0.33408333	8.48669150e-08	
0.33566667	3.66596901e-07	
0.33725000	1.92559670e-07	
0.33883333	4.84909854e-07	
0.34041667	6.25702636e-07	
0.34200000	6.50246577e-07	
0.34358333	7.44195721e-07	
0.34516667	7.31917170e-07	
0.34675000	5.91005551e-07	
0.34833333	2.97562744e-07	
0.34991667	1.53193054e-07	
0.35150000	2.32287769e-07	
0.35308333	1.48932047e-07	
0.35466667	2.42718671e-07	
0.35625000	2.28160065e-08	
0.35783333	1.56296195e-07	
0.35941667	5.18278336e-07	
0.36100000	5.02462666e-07	
0.36258333	7.71714123e-07	
0.36416667	6.02107769e-07	
0.36575000	6.20777663e-07	
0.36733333	7.14586128e-07	
0.36891667	2.91761892e-07	
0.37050000	3.41414364e-07	
0.37208333	3.60988390e-07	
0.37366667	2.36695013e-07	
0.37525000	1.60469194e-07	
0.37683333	1.39693676e-07	
0.37841667	3.98539307e-07	
0.38000000	5.38027174e-07	
0.38158333	5.48786656e-07	
0.38316667	5.43858211e-07	
0.38475000	5.31718211e-07	
0.38633333	6.57290685e-07	
0.38791667	3.22704064e-07	
0.38950000	1.85446763e-07	
0.39108333	1.34344092e-07	
0.39266667	1.32054457e-07	
0.39425000	2.88048617e-07	
0.39583333	9.08745286e-08	
0.39741667	2.95956956e-07	
0.39900000	5.84220342e-07	
0.40058333	5.70435156e-07	
0.40216667	6.16455669e-07	
0.40375000	6.17536405e-07	
0.40533333	7.25518547e-07	
0.40691667	5.93249740e-07	
0.40850000	3.38120660e-07	
0.41008333	4.16732647e-07	
0.41166667	2.41854468e-07	
0.41325000	3.54204469e-07	
0.41483333	2.69725351e-07	
0.41641667	2.13766800e-07	
0.41800000	5.74110321e-07	
0.41958333	6.60399441e-07	
0.42116667	6.78377255e-07	
0.42275000	5.76311220e-07	
0.42433333	5.90486352e-07	
0.42591667	6.80970676e-07	
0.42750000	3.55630237e-07	
0.42908333	2.36453026e-07	
0.43066667	2.29928873e-07	
0.43225000	3.63581530e-07	
0.43383333	2.61869962e-07	
0.43541667	1.97735577e-07	
0.43700000	2.47385528e-07	
0.43858333	2.52001143e-07	
0.44016667	4.28484578e-07	
0.44175000	5.66070600e-07	
0.44333333	5.43514244e-07	
0.44491667	6.84426871e-07	
0.44650000	7.87831367e-07	
0.44808333	3.93977174e-07	
0.44966667	3.67427923e-07	
0.45125000	2.50929507e-07	
0.45283333	4.01262513e-07	
0.45441667	3.17647513e-07	
0.45600000	3.29141721e-07	
0.45758333	4.46538389e-07	
0.45916667	5.01254804e-07	
0.46075000	7.41119671e-07	
0.46233333	6.55778057e-07	
0.46391667	6.86112154e-07	
0.46550000	7.82215659e-07	
0.46708333	5.96404081e-07	
0.46866667	4.87686347e-07	
0.47025000	2.32953779e-07	
0.47183333	3.26635132e-07	
0.47341667	3.26161043e-07	
0.47500000	2.04606035e-07	
0.47658333	2.01366037e-07	
0.47816667	4.92111161e-07	
0.47975000	7.10960917e-07	
0.48133333	7.10310504e-07	
0.48291667	6.42036553e-07	
0.48450000	6.65154390e-07	
0.48608333	6.24439779e-07	
0.48766667	6.15070335e-07	
0.48925000	2.47748285e-07	
0.49083333	3.92190008e-08	
0.49241667	2.61473577e-07	
0.49400000	2.41379259e-07	
0.49558333	4.60071424e-07	
0.49716667	5.84824330e-07	
0.49875000	9.92486502e-07	
0.50033333	1.26917151e-06	
0.50191667	1.22154451e-06	
0.50350000	1.36543008e-06	
0.50508333	1.50439349e-06	
0.50666667	1.69039195e-06	
0.50825000	1.96913325e-06	
0.50983333	1.86329522e-06	
0.51141667	1.93101682e-06	
0.51300000	1.98634439e-06	
0.51458333	2.01623719e-06	
0.51616667	2.41324864e-06	
0.51775000	2.58412014e-06	
0.51933333	3.26057069e-06	
0.52091667	3.36526358e-06	
0.52250000	3.67280384e-06	
0.52408333	4.24206670e-06	
0.52566667	4.96855145e-06	
0.52725000	5.85896542e-06	
0.52883333	6.71013821e-06	
0.53041667	8.07706681e-06	
0.53200000	9.64787905e-06	
0.53358333	1.12069272e-05	
0.53516667	1.32079265e-05	
0.53675000	1.57413136e-05	
0.53833333	1.90955272e-05	
0.53991667	2.34175036e-05	
0.54150000	3.01833616e-05	
0.54308333	4.34560181e-05	
0.54466667	6.84564610e-05	
0.54625000	1.22477485e-04	
0.54783333	2.34106747e-04	
0.54941667	3.53611070e-04	
0.55100000	3.75169224e-04	
0.55258333	3.76183656e-04	
0.55416667	4.50190585e-04	
0.55575000	5.54679740e-04	
0.55733333	7.33259607e-04	
0.55891667	9.74464971e-04	
0.56050000	1.29674927e-03	
0.56208333	1.19330351e-03	
0.56366667	1.45714695e-03	
0.56525000	3.49268914e-03	
0.56683333	4.16402964e-03	
0.56841667	6.32802828e-03	
0.57000000	3.09413504e-03	
0.57158333	4.56058533e-03	
0.57316667	4.67434762e-03	
0.57475000	6.34655443e-03	
0.57633333	9.11558097e-03	
0.57791667	9.38591730e-03	
0.57950000	1.00102242e-02	
0.58108333	1.31579547e-02	
0.58266667	1.88647526e-02	
0.58425000	3.30161967e-02	
0.58583333	4.74196997e-02	
0.58741667	5.22954723e-02	
0.58900000	5.73290628e-02	
0.59058333	6.46930344e-02	
0.59216667	8.89969856e-02	
0.59375000	9.84430324e-02	
0.59533333	1.02619287e-01	
0.59691667	1.21106626e-01	
0.59850000	1.25063785e-01	
0.60008333	1.98366146e-01	
0.60166667	2.85112789e-01	
0.60325000	3.36824784e-01	
0.60483333	3.15829941e-01	
0.60641667	2.31692840e-01	
0.60800000	2.45242105e-01	
0.60958333	2.73076388e-01	
0.61116667	6.56402173e+00	
0.61275000	1.10698747e+01	
0.61433333	1.37863712e+01	
0.61591667	1.80555451e+01	
0.61750000	2.04746821e+01	
0.61908333	2.08995445e+01	
0.62066667	2.10207467e+01	
0.62225000	2.19903471e+01	
0.62383333	2.30776621e+01	
0.62541667	2.42084413e+01	
0.62700000	2.43397326e+01	
0.62858333	2.52295356e+01	
0.63016667	2.70900704e+01	
0.63175000	2.75286730e+01	
0.63333333	2.79142635e+01	
0.63491667	2.83639324e+01	
0.63650000	2.86360402e+01	
0.63808333	2.90228258e+01	
0.63966667	2.93736373e+01	
0.64125000	3.18852820e+01	
0.64283333	3.29930269e+01	
0.64441667	3.30153623e+01	
0.64600000	3.31905350e+01	
0.64758333	3.33788955e+01	
0.64916667	3.34382347e+01	
