start voltage : 0.00 V 
set voltage : 0.10 V 
High G : 30.00 G0 
Intermediate G : 20.00 G0 
Low G : 10.00 G0 
Breaking speed 1 : 300.00 V/s 
Breaking speed 2 : 300.00 V/s 
Making speed : 500.00 V/s 
Post breaking : 230.00 V/s 
@ 
0.00000000	4.20631636e+01	
0.00158333	4.24375957e+01	
0.00316667	4.23523094e+01	
0.00475000	4.25054775e+01	
0.00633333	4.22088414e+01	
0.00791667	4.24593148e+01	
0.00950000	4.24242050e+01	
0.01108333	4.24349274e+01	
0.01266667	4.24591231e+01	
0.01425000	4.22709919e+01	
0.01583333	4.25097920e+01	
0.01741667	4.24490359e+01	
0.01900000	4.24313533e+01	
0.02058333	4.22347171e+01	
0.02216667	4.22517721e+01	
0.02375000	4.24074319e+01	
0.02533333	4.22116789e+01	
0.02691667	4.24718523e+01	
0.02850000	4.23222696e+01	
0.03008333	4.24108782e+01	
0.03166667	4.23393509e+01	
0.03325000	4.21394000e+01	
0.03483333	4.22570261e+01	
0.03641667	4.21536438e+01	
0.03800000	4.20825374e+01	
0.03958333	4.21399787e+01	
0.04116667	4.20396519e+01	
0.04275000	4.21235363e+01	
0.04433333	4.21536175e+01	
0.04591667	4.20462063e+01	
0.04750000	4.21629568e+01	
0.04908333	4.19303014e+01	
0.05066667	4.20422676e+01	
0.05225000	4.20059665e+01	
0.05383333	4.19487131e+01	
0.05541667	4.20902043e+01	
0.05700000	4.17337103e+01	
0.05858333	4.18658622e+01	
0.06016667	4.13304447e+01	
0.06175000	4.14211166e+01	
0.06333333	4.15137917e+01	
0.06491667	4.12850900e+01	
0.06650000	4.15622169e+01	
0.06808333	4.13320607e+01	
0.06966667	4.13814707e+01	
0.07125000	4.13205417e+01	
0.07283333	4.13397426e+01	
0.07441667	4.13262805e+01	
0.07600000	4.13726650e+01	
0.07758333	4.12798960e+01	
0.07916667	4.12582071e+01	
0.08075000	4.11392618e+01	
0.08233333	4.12838046e+01	
0.08391667	4.10597369e+01	
0.08550000	4.09936816e+01	
0.08708333	4.10007058e+01	
0.08866667	4.08183059e+01	
0.09025000	4.08817868e+01	
0.09183333	4.08341808e+01	
0.09341667	4.09213839e+01	
0.09500000	4.07630594e+01	
0.09658333	4.05686782e+01	
0.09816667	4.09296896e+01	
0.09975000	4.12038062e+01	
0.10133333	4.08180616e+01	
0.10291667	4.07536149e+01	
0.10450000	4.07102182e+01	
0.10608333	4.07160097e+01	
0.10766667	4.07719214e+01	
0.10925000	4.06570162e+01	
0.11083333	4.05948658e+01	
0.11241667	4.05999545e+01	
0.11400000	4.06362556e+01	
0.11558333	4.04255785e+01	
0.11716667	4.05611015e+01	
0.11875000	4.01651195e+01	
0.12033333	4.01520896e+01	
0.12191667	4.02007215e+01	
0.12350000	4.00286155e+01	
0.12508333	4.00625752e+01	
0.12666667	4.00857411e+01	
0.12825000	3.98966065e+01	
0.12983333	3.99987749e+01	
0.13141667	4.00055097e+01	
0.13300000	3.98046868e+01	
0.13458333	3.94902441e+01	
0.13616667	3.96325508e+01	
0.13775000	3.94862941e+01	
0.13933333	3.94856251e+01	
0.14091667	3.95709190e+01	
0.14250000	3.94870946e+01	
0.14408333	3.94780259e+01	
0.14566667	3.93895451e+01	
0.14725000	3.92237455e+01	
0.14883333	3.93358658e+01	
0.15041667	3.92334117e+01	
0.15200000	3.92209042e+01	
0.15358333	3.92234223e+01	
0.15516667	3.91017597e+01	
0.15675000	3.76623442e+01	
0.15833333	3.73363786e+01	
0.15991667	3.72524378e+01	
0.16150000	3.71193087e+01	
0.16308333	3.70730483e+01	
0.16466667	3.70285617e+01	
0.16625000	3.71108639e+01	
0.16783333	3.70903363e+01	
0.16941667	3.71053205e+01	
0.17100000	3.69617923e+01	
0.17258333	3.70503709e+01	
0.17416667	3.69811624e+01	
0.17575000	3.69695081e+01	
0.17733333	3.70050688e+01	
0.17891667	3.68426629e+01	
0.18050000	3.69162873e+01	
0.18208333	3.65363004e+01	
0.18366667	3.52795215e+01	
0.18525000	3.48823894e+01	
0.18683333	3.49538866e+01	
0.18841667	3.49691226e+01	
0.19000000	3.48717648e+01	
0.19158333	3.50519924e+01	
0.19316667	3.51505228e+01	
0.19475000	3.50270187e+01	
0.19633333	3.49973359e+01	
0.19791667	3.48429953e+01	
0.19950000	3.36813606e+01	
0.20108333	3.34704167e+01	
0.20266667	3.34725251e+01	
0.20425000	3.33683573e+01	
0.20583333	3.30557937e+01	
0.20741667	3.26892802e+01	
0.20900000	3.29259607e+01	
0.21058333	3.26289675e+01	
0.21216667	3.21281186e+01	
0.21375000	3.18538178e+01	
0.21533333	3.18680015e+01	
0.21691667	3.16687120e+01	
0.21850000	3.17691855e+01	
0.22008333	3.18979737e+01	
0.22166667	3.17826551e+01	
0.22325000	3.18177836e+01	
0.22483333	3.18405624e+01	
0.22641667	3.17965118e+01	
0.22800000	3.15582077e+01	
0.22958333	3.07190586e+01	
0.23116667	3.06854634e+01	
0.23275000	3.02108641e+01	
0.23433333	3.01124671e+01	
0.23591667	3.02884516e+01	
0.23750000	3.03474883e+01	
0.23908333	3.00297458e+01	
0.24066667	2.98153123e+01	
0.24225000	2.98266041e+01	
0.24383333	2.99205043e+01	
0.24541667	2.97399084e+01	
0.24700000	2.99439859e+01	
0.24858333	2.94395366e+01	
0.25016667	2.93859832e+01	
0.25175000	2.92882439e+01	
0.25333333	2.92224498e+01	
0.25491667	2.91800772e+01	
0.25650000	2.92190411e+01	
0.25808333	2.93550000e+01	
0.25966667	2.90305697e+01	
0.26125000	2.90427935e+01	
0.26283333	2.92240508e+01	
0.26441667	2.92727636e+01	
0.26600000	2.91326047e+01	
0.26758333	2.91203359e+01	
0.26916667	2.88385054e+01	
0.27075000	2.86919030e+01	
0.27233333	2.85637124e+01	
0.27391667	2.83029038e+01	
0.27550000	2.66226756e+01	
0.27708333	2.59550706e+01	
0.27866667	2.60972871e+01	
0.28025000	2.59445850e+01	
0.28183333	2.58451920e+01	
0.28341667	2.56243019e+01	
0.28500000	2.56065986e+01	
0.28658333	2.54668156e+01	
0.28816667	2.54069896e+01	
0.28975000	2.54509914e+01	
0.29133333	2.53575910e+01	
0.29291667	2.52484096e+01	
0.29450000	2.52155962e+01	
0.29608333	2.51058323e+01	
0.29766667	2.50276754e+01	
0.29925000	2.47729252e+01	
0.30083333	2.43647100e+01	
0.30241667	2.41791344e+01	
0.30400000	2.40516822e+01	
0.30558333	2.40343679e+01	
0.30716667	2.39313332e+01	
0.30875000	2.32187624e+01	
0.31033333	2.33648574e+01	
0.31191667	2.31795975e+01	
0.31350000	2.27194449e+01	
0.31508333	2.23542017e+01	
0.31666667	2.22997238e+01	
0.31825000	2.21713020e+01	
0.31983333	2.21919818e+01	
0.32141667	2.19274169e+01	
0.32300000	2.16858281e+01	
0.32458333	2.07293120e+01	
0.32616667	2.05115694e+01	
0.32775000	2.05640386e+01	
0.32933333	2.05880652e+01	
0.33091667	2.06155719e+01	
0.33250000	2.06853234e+01	
0.33408333	2.09675992e+01	
0.33566667	2.08450046e+01	
0.33725000	2.06713840e+01	
0.33883333	2.06500484e+01	
0.34041667	2.08137960e+01	
0.34200000	2.07752249e+01	
0.34358333	2.06970492e+01	
0.34516667	2.08660264e+01	
0.34675000	2.07661637e+01	
0.34833333	2.07842128e+01	
0.34991667	2.07722784e+01	
0.35150000	2.06094929e+01	
0.35308333	2.07012228e+01	
0.35466667	2.05518900e+01	
0.35625000	2.06179734e+01	
0.35783333	2.05434113e+01	
0.35941667	1.95551906e+01	
0.36100000	1.91150940e+01	
0.36258333	1.89937152e+01	
0.36416667	1.78208358e+01	
0.36575000	1.71642388e+01	
0.36733333	1.73051342e+01	
0.36891667	1.72772423e+01	
0.37050000	1.69839642e+01	
0.37208333	1.69576995e+01	
0.37366667	1.67558243e+01	
0.37525000	1.66008823e+01	
0.37683333	1.64241687e+01	
0.37841667	1.62688735e+01	
0.38000000	1.63754391e+01	
0.38158333	1.61680467e+01	
0.38316667	1.61720737e+01	
0.38475000	1.62130745e+01	
0.38633333	1.61110733e+01	
0.38791667	1.61992591e+01	
0.38950000	1.61923101e+01	
0.39108333	1.61783613e+01	
0.39266667	1.60681220e+01	
0.39425000	1.58540850e+01	
0.39583333	1.54260572e+01	
0.39741667	1.43317237e+01	
0.39900000	1.44868724e+01	
0.40058333	1.34256144e+01	
0.40216667	1.30497165e+01	
0.40375000	1.30637255e+01	
0.40533333	1.30913525e+01	
0.40691667	1.30400907e+01	
0.40850000	1.30824548e+01	
0.41008333	1.28780672e+01	
0.41166667	1.28591762e+01	
0.41325000	1.27298374e+01	
0.41483333	1.25773609e+01	
0.41641667	1.24093749e+01	
0.41800000	1.25933269e+01	
0.41958333	1.25586193e+01	
0.42116667	1.24588618e+01	
0.42275000	1.25055667e+01	
0.42433333	1.24148140e+01	
0.42591667	1.23432050e+01	
0.42750000	1.23624745e+01	
0.42908333	1.22814633e+01	
0.43066667	1.23719689e+01	
0.43225000	1.17049792e+01	
0.43383333	1.18553869e+01	
0.43541667	1.18223132e+01	
0.43700000	1.17467110e+01	
0.43858333	1.16476027e+01	
0.44016667	1.15773683e+01	
0.44175000	1.15586559e+01	
0.44333333	1.14844433e+01	
0.44491667	1.13603924e+01	
0.44650000	1.03801551e+01	
0.44808333	9.63805091e+00	
0.44966667	9.59172090e+00	
0.45125000	9.58694978e+00	
0.45283333	9.54881373e+00	
0.45441667	9.47107778e+00	
0.45600000	9.38989079e+00	
0.45758333	9.42991256e+00	
0.45916667	9.38501539e+00	
0.46075000	9.49211936e+00	
0.46233333	9.45488247e+00	
0.46391667	9.36409406e+00	
0.46550000	9.28371605e+00	
0.46708333	9.30526218e+00	
0.46866667	8.88302581e+00	
0.47025000	9.06272255e+00	
0.47183333	8.99254165e+00	
0.47341667	8.51768674e+00	
0.47500000	8.10117138e+00	
0.47658333	8.02976905e+00	
0.47816667	8.19189308e+00	
0.47975000	7.95200960e+00	
0.48133333	7.18191150e+00	
0.48291667	6.97755115e+00	
0.48450000	6.95595052e+00	
0.48608333	7.05354655e+00	
0.48766667	6.98480460e+00	
0.48925000	6.88221148e+00	
0.49083333	6.23744823e+00	
0.49241667	6.17655447e+00	
0.49400000	5.47223776e+00	
0.49558333	5.17272470e+00	
0.49716667	5.17347072e+00	
0.49875000	5.11201980e+00	
0.50033333	5.12811880e+00	
0.50191667	4.50925281e+00	
0.50350000	4.12359751e+00	
0.50508333	4.07277637e+00	
0.50666667	4.05334003e+00	
0.50825000	3.99269291e+00	
0.50983333	3.98266492e+00	
0.51141667	3.99524054e+00	
0.51300000	3.95740045e+00	
0.51458333	3.92814165e+00	
0.51616667	3.83734526e+00	
0.51775000	3.79672029e+00	
0.51933333	3.72915867e+00	
0.52091667	3.76805507e+00	
0.52250000	3.71832688e+00	
0.52408333	3.67607223e+00	
0.52566667	3.67231820e+00	
0.52725000	3.69000295e+00	
0.52883333	3.49002567e+00	
0.53041667	3.45450583e+00	
0.53200000	3.36372823e+00	
0.53358333	3.19512495e+00	
0.53516667	3.02320194e+00	
0.53675000	2.99207904e+00	
0.53833333	2.75103942e+00	
0.53991667	2.65714786e+00	
0.54150000	2.58287421e+00	
0.54308333	2.54656186e+00	
0.54466667	2.54795946e+00	
0.54625000	2.62348673e+00	
0.54783333	2.48439686e+00	
0.54941667	2.49594249e+00	
0.55100000	2.43329714e+00	
0.55258333	2.45340104e+00	
0.55416667	2.42524201e+00	
0.55575000	2.39804203e+00	
0.55733333	2.41675467e+00	
0.55891667	2.11589663e+00	
0.56050000	2.05709411e+00	
0.56208333	1.97496827e+00	
0.56366667	1.92356049e+00	
0.56525000	1.89705532e+00	
0.56683333	1.61383952e+00	
0.56841667	1.60165487e+00	
0.57000000	1.47405637e+00	
0.57158333	1.35852425e+00	
0.57316667	1.19769505e+00	
0.57475000	1.38109897e+00	
0.57633333	1.23154598e+00	
0.57791667	1.22360876e+00	
0.57950000	1.04261835e+00	
0.58108333	9.42511971e-01	
0.58266667	1.01580395e+00	
0.58425000	9.45348816e-01	
0.58583333	8.96820336e-01	
0.58741667	9.20533931e-01	
0.58900000	9.45021553e-01	
0.59058333	8.99726297e-01	
0.59216667	9.31604371e-01	
0.59375000	7.19042362e-01	
0.59533333	3.06750912e-01	
0.59691667	3.19096813e-01	
0.59850000	3.17593566e-01	
0.60008333	3.16369634e-01	
0.60166667	2.77703341e-01	
0.60325000	1.48567549e-01	
0.60483333	1.79346139e-01	
0.60641667	1.51293876e-01	
0.60800000	1.65697794e-01	
0.60958333	1.90770252e-01	
0.61116667	1.03139102e-01	
0.61275000	3.85285879e-02	
0.61433333	9.94289750e-03	
0.61591667	8.08373169e-03	
0.61750000	5.85335004e-03	
0.61908333	1.67626843e-03	
0.62066667	1.90890536e-03	
0.62225000	2.77541443e-04	
0.62383333	6.35506007e-04	
0.62541667	7.69428148e-04	
0.62700000	2.50194812e-04	
0.62858333	2.26724107e-04	
0.63016667	3.60160594e-04	
0.63175000	3.96099806e-04	
0.63333333	2.74530519e-04	
0.63491667	2.18071800e-04	
0.63650000	2.23067733e-04	
0.63808333	2.22737932e-04	
0.63966667	2.02362437e-04	
0.64125000	1.68481737e-04	
0.64283333	1.40137907e-04	
0.64441667	1.23101186e-04	
0.64600000	1.14357081e-04	
0.64758333	1.16589361e-04	
0.64916667	1.11378758e-04	
0.65075000	1.03096365e-04	
0.65233333	9.61081686e-05	
0.65391667	8.43491821e-05	
0.65550000	7.02680106e-05	
0.65708333	5.84562903e-05	
0.65866667	4.99447220e-05	
0.66025000	4.46468520e-05	
0.66183333	4.17016610e-05	
0.66341667	3.92684244e-05	
0.66500000	3.64237584e-05	
0.66658333	3.39953783e-05	
0.66816667	3.22454333e-05	
0.66975000	3.08450694e-05	
0.67133333	2.94559490e-05	
0.67291667	2.83036915e-05	
0.67450000	2.68598338e-05	
0.67608333	2.50284889e-05	
0.67766667	2.31935438e-05	
0.67925000	2.18268620e-05	
0.68083333	2.08570759e-05	
0.68241667	1.91847817e-05	
0.68400000	1.74220287e-05	
0.68558333	1.60104141e-05	
0.68716667	1.45661989e-05	
0.68875000	1.32037725e-05	
0.69033333	1.17877315e-05	
0.69191667	1.03564103e-05	
0.69350000	9.50291498e-06	
0.69508333	8.96830693e-06	
0.69666667	8.54646105e-06	
0.69825000	7.81649921e-06	
0.69983333	7.13030401e-06	
0.70141667	6.92593964e-06	
0.70300000	6.42783626e-06	
0.70458333	5.92939060e-06	
0.70616667	5.45022638e-06	
0.70775000	5.15211336e-06	
0.70933333	4.57627670e-06	
0.71091667	3.77067697e-06	
0.71250000	3.38264049e-06	
0.71408333	3.13594247e-06	
0.71566667	2.85567588e-06	
0.71725000	2.59611387e-06	
0.71883333	2.58908040e-06	
0.72041667	2.26111400e-06	
0.72200000	2.33955381e-06	
0.72358333	2.04899933e-06	
0.72516667	1.95066094e-06	
0.72675000	1.68419863e-06	
0.72833333	1.41787554e-06	
0.72991667	1.05475088e-06	
0.73150000	7.95136838e-07	
0.73308333	8.13973508e-07	
0.73466667	6.43375237e-07	
0.73625000	6.67314463e-07	
0.73783333	6.00511473e-07	
0.73941667	5.10933494e-07	
0.74100000	8.06844220e-07	
0.74258333	6.98384041e-07	
0.74416667	7.15539347e-07	
0.74575000	6.22936000e-07	
0.74733333	6.06126509e-07	
0.74891667	5.58551871e-07	
0.75050000	2.97338678e-07	
0.75208333	3.67124921e-07	
0.75366667	3.71704443e-07	
0.75525000	2.11709688e-07	
0.75683333	2.66424143e-07	
0.75841667	2.99412703e-07	
0.76000000	3.95386365e-07	
0.76158333	5.11106262e-07	
0.76316667	4.75239620e-07	
0.76475000	4.86086243e-07	
0.76633333	4.84141780e-07	
0.76791667	6.60746152e-07	
0.76950000	6.47567081e-07	
0.77108333	3.09435445e-07	
0.77266667	2.20291751e-07	
0.77425000	1.91115533e-07	
0.77583333	4.48924404e-07	
0.77741667	1.57825232e-07	
0.77900000	1.25398797e-07	
0.78058333	1.17258698e-07	
0.78216667	2.47385612e-07	
0.78375000	6.01591482e-07	
0.78533333	4.81245386e-07	
0.78691667	4.96845670e-07	
0.78850000	5.27101475e-07	
0.79008333	-3.38780026e-08	
0.79166667	2.21873654e-07	
0.79325000	1.03412875e-07	
0.79483333	1.58758752e-07	
0.79641667	1.65974563e-07	
0.79800000	1.73346902e-07	
0.79958333	2.16447024e-07	
0.80116667	3.67342183e-07	
0.80275000	5.12012606e-07	
0.80433333	4.59380941e-07	
0.80591667	4.03552456e-07	
0.80750000	5.87721508e-07	
0.80908333	4.80278446e-07	
0.81066667	-1.13473580e-07	
0.81225000	-2.64023339e-08	
0.81383333	5.87675669e-08	
0.81541667	2.86837955e-07	
0.81700000	7.95612580e-08	
0.81858333	1.82309838e-07	
0.82016667	3.51662851e-07	
0.82175000	4.94772513e-07	
0.82333333	5.63780601e-07	
0.82491667	4.02211784e-07	
0.82650000	6.50853308e-07	
0.82808333	4.52683712e-07	
0.82966667	4.65259721e-07	
0.83125000	1.77789638e-07	
0.83283333	-7.94657037e-08	
0.83441667	1.23368440e-07	
0.83600000	2.31267291e-07	
0.83758333	1.40047766e-07	
0.83916667	2.64281206e-07	
0.84075000	1.99853606e-07	
0.84233333	4.62785726e-07	
0.84391667	4.70746875e-07	
0.84550000	2.94616088e-07	
0.84708333	3.97288855e-07	
0.84866667	2.52390781e-07	
0.85025000	2.77227251e-07	
0.85183333	2.76552421e-07	
0.85341667	1.73969160e-07	
0.85500000	2.58318003e-07	
0.85658333	2.00544215e-07	
0.85816667	1.04762074e-07	
0.85975000	1.88791093e-07	
0.86133333	3.77194621e-07	
0.86291667	5.13134897e-07	
0.86450000	5.44206267e-07	
0.86608333	6.48258040e-07	
0.86766667	6.28986511e-07	
0.86925000	5.28824449e-07	
0.87083333	1.74470089e-07	
0.87241667	1.79552135e-07	
0.87400000	2.30748764e-07	
0.87558333	3.29400620e-07	
0.87716667	2.45051568e-07	
0.87875000	2.23620092e-07	
0.88033333	2.16316370e-07	
0.88191667	4.43427981e-07	
0.88350000	3.69224259e-07	
0.88508333	3.19375779e-07	
0.88666667	5.85473511e-07	
0.88825000	5.33230558e-07	
0.88983333	3.53685662e-07	
0.89141667	-2.11821595e-08	
0.89300000	2.64365585e-08	
0.89458333	1.10836722e-07	
0.89616667	1.09644905e-07	
0.89775000	2.34465665e-07	
0.89933333	2.09230526e-07	
0.90091667	4.49613935e-07	
0.90250000	6.15892844e-07	
0.90408333	5.60237434e-07	
0.90566667	5.30765664e-07	
0.90725000	4.12971630e-07	
0.90883333	4.16039056e-07	
0.91041667	2.82689400e-07	
0.91200000	1.22521752e-07	
0.91358333	9.49353128e-08	
0.91516667	2.39384001e-08	
0.91675000	1.05392459e-07	
0.91833333	8.89201739e-08	
0.91991667	2.76310602e-07	
0.92150000	5.46943670e-07	
0.92308333	4.64393782e-07	
0.92466667	4.75715866e-07	
0.92625000	3.67038901e-07	
0.92783333	3.60556638e-07	
0.92941667	4.10553218e-07	
0.93100000	2.63676883e-07	
0.93258333	2.30983148e-07	
0.93416667	8.32680083e-08	
0.93575000	1.20128064e-07	
0.93733333	1.70901034e-07	
0.93891667	2.00717584e-07	
0.94050000	3.80088327e-07	
0.94208333	4.55318574e-07	
0.94366667	5.27957922e-07	
0.94525000	4.95720915e-07	
0.94683333	3.87390635e-07	
0.94841667	5.30093298e-07	
0.95000000	4.03983507e-07	
0.95158333	1.79984502e-07	
0.95316667	2.44750078e-07	
0.95475000	2.00889764e-07	
0.95633333	2.00950485e-07	
0.95791667	9.10901593e-08	
0.95950000	-1.53398426e-08	
0.96108333	2.38974651e-07	
0.96266667	3.39382872e-07	
0.96425000	4.31250291e-07	
0.96583333	4.66986250e-07	
0.96741667	4.77226814e-07	
0.96900000	4.12455455e-07	
0.97058333	2.80208153e-07	
0.97216667	1.37888309e-07	
0.97375000	1.30023400e-07	
0.97533333	2.66831477e-07	
0.97691667	2.29755503e-07	
0.97850000	8.94910075e-08	
0.98008333	2.57963843e-07	
0.98166667	5.90744299e-07	
0.98325000	5.82534387e-07	
0.98483333	5.53626058e-07	
0.98641667	5.62571115e-07	
0.98800000	7.23835391e-07	
0.98958333	3.04338012e-07	
0.99116667	2.85498935e-07	
0.99275000	1.11952313e-07	
0.99433333	-5.03937597e-08	
0.99591667	6.04524025e-08	
0.99750000	2.20355756e-09	
0.99908333	1.82957815e-07	
1.00066667	3.16178987e-07	
1.00225000	4.18849178e-07	
1.00383333	4.03768681e-07	
1.00541667	4.04502678e-07	
1.00700000	4.41362580e-07	
1.00858333	5.44982854e-07	
1.01016667	4.95203116e-07	
1.01175000	5.26576613e-08	
1.01333333	1.40952401e-08	
1.01491667	2.05902087e-07	
1.01650000	1.62389087e-07	
1.01808333	1.45147495e-07	
1.01966667	2.56329382e-07	
1.02125000	3.70624518e-07	
1.02283333	5.14432531e-07	
1.02441667	5.15857571e-07	
1.02600000	5.52329711e-07	
1.02758333	5.29600028e-07	
1.02916667	4.72733676e-07	
1.03075000	4.31466516e-07	
1.03233333	1.33687995e-07	
1.03391667	1.17145951e-07	
1.03550000	3.25728452e-07	
1.03708333	2.67850695e-07	
1.03866667	1.12652464e-07	
1.04025000	8.05977175e-08	
1.04183333	2.97995951e-07	
1.04341667	3.20975126e-07	
1.04500000	3.12262983e-07	
1.04658333	3.84969786e-07	
1.04816667	3.12375997e-07	
1.04975000	4.31639732e-07	
1.05133333	3.27888441e-07	
1.05291667	3.79481498e-08	
1.05450000	2.53780847e-07	
1.05608333	6.36416476e-08	
1.05766667	1.73538837e-07	
1.05925000	1.85853257e-07	
1.06083333	5.99267938e-07	
1.06241667	5.53841947e-07	
1.06400000	4.50997729e-07	
1.06558333	5.50860094e-07	
1.06716667	5.91263050e-07	
1.06875000	4.94858589e-07	
1.07033333	4.02084042e-07	
1.07191667	1.13690253e-07	
1.07350000	6.56986059e-08	
1.07508333	1.72326620e-07	
1.07666667	3.52089023e-08	
1.07825000	9.82630171e-08	
1.07983333	1.73373839e-07	
1.08141667	3.38950897e-07	
1.08300000	5.99085481e-07	
1.08458333	4.42787592e-07	
1.08616667	4.01650498e-07	
1.08775000	3.51222588e-07	
1.08933333	4.45898616e-07	
1.09091667	1.84901327e-07	
1.09250000	1.71549124e-07	
1.09408333	2.18174492e-07	
1.09566667	1.81859760e-07	
1.09725000	1.84452551e-07	
1.09883333	2.06292060e-07	
1.10041667	4.90276407e-07	
1.10200000	4.35744156e-07	
1.10358333	4.07613730e-07	
1.10516667	5.90295047e-07	
1.10675000	5.49961589e-07	
1.10833333	6.37198608e-07	
1.10991667	4.82066999e-07	
1.11150000	1.33653707e-07	
1.11308333	1.78177973e-07	
1.11466667	1.75265534e-07	
1.11625000	6.05135083e-08	
1.11783333	1.27914682e-07	
1.11941667	1.42036149e-07	
1.12100000	4.24277530e-07	
1.12258333	5.22945137e-07	
1.12416667	4.26626919e-07	
1.12575000	3.99838005e-07	
1.12733333	4.54905052e-07	
1.12891667	4.16601769e-07	
1.13050000	1.97953062e-07	
1.13208333	1.41923262e-07	
1.13366667	2.04520589e-07	
1.13525000	2.46582116e-07	
1.13683333	2.61083799e-07	
1.13841667	1.20516232e-07	
1.14000000	2.80140278e-07	
1.14158333	3.35321234e-07	
1.14316667	6.41344922e-07	
1.14475000	7.60304787e-07	
1.14633333	6.08160857e-07	
1.14791667	6.88662005e-07	
1.14950000	4.33584055e-07	
1.15108333	1.12221076e-07	
1.15266667	1.37326072e-07	
1.15425000	1.05911196e-07	
1.15583333	2.02237829e-07	
1.15741667	1.35249324e-08	
1.15900000	-2.33336745e-09	
1.16058333	3.32772784e-07	
1.16216667	2.61368600e-07	
1.16375000	4.37602320e-07	
1.16533333	3.84020347e-07	
1.16691667	3.76069223e-07	
1.16850000	4.78782899e-07	
1.17008333	2.38483873e-07	
1.17166667	2.25259272e-07	
1.17325000	2.49857339e-07	
1.17483333	2.11001690e-07	
1.17641667	2.26125868e-07	
1.17800000	5.97611775e-08	
1.17958333	1.69112734e-07	
1.18116667	1.54272698e-07	
1.18275000	5.36470416e-07	
1.18433333	5.13438710e-07	
1.18591667	3.64618389e-07	
1.18750000	5.06481630e-07	
1.18908333	5.29497319e-07	
1.19066667	3.25088091e-07	
1.19225000	3.23126127e-07	
1.19383333	1.96871388e-07	
1.19541667	2.86492055e-07	
1.19700000	2.17881038e-07	
1.19858333	1.97174221e-07	
1.20016667	4.54671773e-07	
1.20175000	4.03724411e-07	
1.20333333	3.92662123e-07	
1.20491667	3.21233886e-07	
1.20650000	4.14268341e-07	
1.20808333	4.75585492e-07	
1.20966667	4.27362092e-07	
1.21125000	3.26635132e-07	
1.21283333	1.31994213e-07	
1.21441667	2.20205647e-07	
@ 
0.00000000	2.07077930e-07	
0.00158333	2.08581373e-07	
0.00316667	2.00604823e-07	
0.00475000	4.40533127e-07	
0.00633333	8.00017401e-07	
0.00791667	7.06163014e-07	
0.00950000	6.16629333e-07	
0.01108333	5.95712842e-07	
0.01266667	5.12445170e-07	
0.01425000	4.09946795e-07	
0.01583333	2.57281452e-07	
0.01741667	2.28562762e-07	
0.01900000	3.40290169e-07	
0.02058333	2.25088464e-07	
0.02216667	2.80398926e-07	
0.02375000	2.94027081e-07	
0.02533333	4.85740540e-07	
0.02691667	6.73840548e-07	
0.02850000	5.39840815e-07	
0.03008333	6.86673412e-07	
0.03166667	6.16887728e-07	
0.03325000	5.13439270e-07	
0.03483333	3.60168905e-07	
0.03641667	3.75243542e-08	
0.03800000	2.21804099e-07	
0.03958333	1.90320690e-07	
0.04116667	1.38078032e-07	
0.04275000	6.64934986e-08	
0.04433333	1.79630790e-07	
0.04591667	5.12575488e-07	
0.04750000	5.27310365e-07	
0.04908333	4.07829816e-07	
0.05066667	4.98400972e-07	
0.05225000	5.75775219e-07	
0.05383333	6.41905787e-07	
0.05541667	1.56987896e-07	
0.05700000	2.58750482e-07	
0.05858333	2.21415357e-07	
0.06016667	1.07319751e-07	
0.06175000	1.45984634e-07	
0.06333333	1.07873587e-07	
0.06491667	2.50236056e-07	
0.06650000	5.26576116e-07	
0.06808333	4.70486183e-07	
0.06966667	3.25460116e-07	
0.07125000	2.50280550e-07	
0.07283333	5.57169281e-07	
0.07441667	4.56589916e-07	
0.07600000	3.22393222e-07	
0.07758333	4.33714289e-07	
0.07916667	3.12937758e-07	
0.08075000	3.36444365e-07	
0.08233333	3.09220423e-07	
0.08391667	2.11331839e-07	
0.08550000	5.75231323e-07	
0.08708333	3.73994917e-07	
0.08866667	5.22210272e-07	
0.09025000	4.49659101e-07	
0.09183333	5.38934862e-07	
0.09341667	3.66000867e-07	
0.09500000	1.61179278e-07	
0.09658333	-2.83487520e-09	
0.09816667	1.14207990e-07	
0.09975000	1.28761468e-07	
0.10133333	2.14674867e-07	
0.10291667	1.11113704e-07	
0.10450000	4.73011336e-07	
0.10608333	5.79638441e-07	
0.10766667	6.18399628e-07	
0.10925000	6.32443546e-07	
0.11083333	5.73286636e-07	
0.11241667	7.05427757e-07	
0.11400000	6.48648433e-07	
0.11558333	2.89058930e-07	
0.11716667	9.68372142e-08	
0.11875000	4.59251512e-08	
0.12033333	2.65110492e-07	
0.12191667	2.06351675e-07	
0.12350000	1.45916073e-07	
0.12508333	3.89299704e-07	
0.12666667	5.10674482e-07	
0.12825000	5.64600142e-07	
0.12983333	4.45812484e-07	
0.13141667	6.13733331e-07	
0.13300000	5.40584024e-07	
0.13458333	4.53851337e-07	
0.13616667	2.50669404e-07	
0.13775000	1.95704197e-07	
0.13933333	2.35589103e-07	
0.14091667	2.52959682e-07	
0.14250000	2.35995121e-07	
0.14408333	2.79664005e-07	
0.14566667	3.76804844e-07	
0.14725000	5.93241619e-07	
0.14883333	5.90181810e-07	
0.15041667	6.05262783e-07	
0.15200000	6.89787039e-07	
0.15358333	5.90356146e-07	
0.15516667	2.59260217e-07	
0.15675000	1.40177916e-07	
0.15833333	2.09575180e-07	
0.15991667	3.13430020e-07	
0.16150000	1.87667291e-07	
0.16308333	2.22970757e-07	
0.16466667	3.50549353e-07	
0.16625000	6.89568293e-07	
0.16783333	6.86026191e-07	
0.16941667	5.26057421e-07	
0.17100000	5.57947324e-07	
0.17258333	5.04927560e-07	
0.17416667	5.09652604e-07	
0.17575000	2.57282460e-07	
0.17733333	1.94970606e-07	
0.17891667	2.93967579e-07	
0.18050000	2.44015717e-07	
0.18208333	1.29634239e-07	
0.18366667	2.82429857e-07	
0.18525000	5.21787397e-07	
0.18683333	6.85032650e-07	
0.18841667	6.42036273e-07	
0.19000000	6.74402981e-07	
0.19158333	5.79812273e-07	
0.19316667	5.72941268e-07	
0.19475000	4.59753665e-07	
0.19633333	2.95514872e-07	
0.19791667	3.01702338e-07	
0.19950000	3.63883356e-07	
0.20108333	3.59570826e-07	
0.20266667	3.65006990e-07	
0.20425000	3.60816490e-07	
0.20583333	5.67713602e-07	
0.20741667	7.48206509e-07	
0.20900000	6.82265958e-07	
0.21058333	6.47783139e-07	
0.21216667	5.33186708e-07	
0.21375000	5.61929942e-07	
0.21533333	4.62190447e-07	
0.21691667	1.32745416e-07	
0.21850000	2.91245268e-07	
0.22008333	1.84322611e-07	
0.22166667	2.55120203e-07	
0.22325000	2.41551915e-07	
0.22483333	2.42200032e-07	
0.22641667	5.91307124e-07	
0.22800000	6.23239085e-07	
0.22958333	6.14080322e-07	
0.23116667	5.76396903e-07	
0.23275000	4.68066510e-07	
0.23433333	5.79077464e-07	
0.23591667	3.41275617e-07	
0.23750000	3.12592054e-07	
0.23908333	3.78143164e-07	
0.24066667	5.31804174e-07	
0.24225000	4.28702568e-07	
0.24383333	2.77487607e-07	
0.24541667	5.93554225e-07	
0.24700000	5.63044952e-07	
0.24858333	5.79380325e-07	
0.25016667	6.73537574e-07	
0.25175000	4.72431374e-07	
0.25333333	5.83917537e-07	
0.25491667	5.52632237e-07	
0.25650000	1.91729321e-07	
0.25808333	3.04726865e-07	
0.25966667	3.83847860e-07	
0.26125000	5.26531818e-07	
0.26283333	3.04519628e-07	
0.26441667	3.96423000e-07	
0.26600000	6.52840109e-07	
0.26758333	5.92645416e-07	
0.26916667	6.29289485e-07	
0.27075000	4.51257692e-07	
0.27233333	5.25927551e-07	
0.27391667	5.90138072e-07	
0.27550000	4.04502482e-07	
0.27708333	2.08002769e-07	
0.27866667	2.72793980e-07	
0.28025000	2.43410610e-07	
0.28183333	2.98893280e-07	
0.28341667	2.10568818e-07	
0.28500000	6.45150964e-07	
0.28658333	6.07252440e-07	
0.28816667	6.54178737e-07	
0.28975000	5.52933307e-07	
0.29133333	5.85049684e-07	
0.29291667	7.33688417e-07	
0.29450000	5.68550055e-07	
0.29608333	5.02307539e-07	
0.29766667	2.60720371e-07	
0.29925000	2.56718599e-07	
0.30083333	2.69726107e-07	
0.30241667	1.19436125e-07	
0.30400000	1.89266429e-07	
0.30558333	3.98755532e-07	
0.30716667	5.93249124e-07	
0.30875000	6.73753240e-07	
0.31033333	6.09671636e-07	
0.31191667	5.77857841e-07	
0.31350000	6.90647630e-07	
0.31508333	5.14580490e-07	
0.31666667	3.36011185e-07	
0.31825000	3.01184482e-07	
0.31983333	4.43046996e-07	
0.32141667	3.56469127e-07	
0.32300000	3.96162868e-07	
0.32458333	4.15722558e-07	
0.32616667	6.98857766e-07	
0.32775000	7.68214470e-07	
0.32933333	7.50800881e-07	
0.33091667	6.43506955e-07	
0.33250000	5.95928900e-07	
0.33408333	6.33998008e-07	
0.33566667	4.33021762e-07	
0.33725000	3.54999565e-07	
0.33883333	3.15400692e-07	
0.34041667	3.89205816e-07	
0.34200000	3.65663844e-07	
0.34358333	3.89077486e-07	
0.34516667	5.37074459e-07	
0.34675000	6.14121932e-07	
0.34833333	7.06681933e-07	
0.34991667	5.58854116e-07	
0.35150000	5.84651170e-07	
0.35308333	6.51846849e-07	
0.35466667	3.47593429e-07	
0.35625000	4.19843895e-07	
0.35783333	2.35977256e-07	
0.35941667	2.75429375e-07	
0.36100000	2.84245850e-07	
0.36258333	2.39219970e-07	
0.36416667	3.11468588e-07	
0.36575000	4.15867296e-07	
0.36733333	4.99265370e-07	
0.36891667	5.72076590e-07	
0.37050000	5.90138352e-07	
0.37208333	6.58801745e-07	
0.37366667	5.79735493e-07	
0.37525000	3.30913332e-07	
0.37683333	1.05972568e-07	
0.37841667	1.62431522e-07	
0.38000000	2.88738764e-07	
0.38158333	2.92583196e-07	
0.38316667	4.12178271e-07	
0.38475000	4.14829598e-07	
0.38633333	6.69432870e-07	
0.38791667	7.85023177e-07	
0.38950000	6.39702480e-07	
0.39108333	6.45710934e-07	
0.39266667	6.73580584e-07	
0.39425000	7.25176147e-07	
0.39583333	5.46841969e-07	
0.39741667	2.72716333e-07	
0.39900000	3.70020335e-07	
0.40058333	3.16481541e-07	
0.40216667	2.75430159e-07	
0.40375000	1.79630286e-07	
0.40533333	4.54109032e-07	
0.40691667	5.74844122e-07	
0.40850000	6.21251892e-07	
0.41008333	6.53099401e-07	
0.41166667	6.78030768e-07	
0.41325000	6.30800432e-07	
0.41483333	5.96317837e-07	
0.41641667	4.10035111e-07	
0.41800000	4.00484330e-07	
0.41958333	3.77193865e-07	
0.42116667	4.21657508e-07	
0.42275000	4.95965030e-07	
0.42433333	4.91703351e-07	
0.42591667	6.42295564e-07	
0.42750000	7.81784943e-07	
0.42908333	8.99232293e-07	
0.43066667	1.12397872e-06	
0.43225000	1.13413276e-06	
0.43383333	1.29170154e-06	
0.43541667	1.28854916e-06	
0.43700000	1.39473866e-06	
0.43858333	1.64864913e-06	
0.44016667	1.81228242e-06	
0.44175000	2.07769054e-06	
0.44333333	2.40580165e-06	
0.44491667	2.95574655e-06	
0.44650000	3.85097068e-06	
0.44808333	4.46016512e-06	
0.44966667	5.43647082e-06	
0.45125000	6.23596672e-06	
0.45283333	7.32906992e-06	
0.45441667	8.63645754e-06	
0.45600000	1.06391952e-05	
0.45758333	1.37799255e-05	
0.45916667	1.90865721e-05	
0.46075000	2.77862623e-05	
0.46233333	3.81445140e-05	
0.46391667	4.88400979e-05	
0.46550000	6.35231074e-05	
0.46708333	8.46798209e-05	
0.46866667	1.18084530e-04	
0.47025000	1.70694154e-04	
0.47183333	2.32047733e-04	
0.47341667	2.69792860e-04	
0.47500000	2.75051054e-04	
0.47658333	2.96605881e-04	
0.47816667	4.13625349e-04	
0.47975000	6.69063043e-04	
0.48133333	8.39075962e-04	
0.48291667	1.21503304e-03	
0.48450000	1.97548324e-03	
0.48608333	1.85516898e-03	
0.48766667	2.34887205e-03	
0.48925000	3.01461966e-03	
0.49083333	3.57706591e-03	
0.49241667	3.41620877e-03	
0.49400000	2.80020839e-03	
0.49558333	4.20932013e-03	
0.49716667	4.86861166e-03	
0.49875000	6.21800360e-03	
0.50033333	6.85090378e-03	
0.50191667	8.17250510e-03	
0.50350000	1.06627530e-02	
0.50508333	1.35885375e-02	
0.50666667	1.73471842e-02	
0.50825000	2.61007083e-02	
0.50983333	6.46589751e-02	
0.51141667	1.13049463e-01	
0.51300000	2.19339892e-01	
0.51458333	6.89444910e-01	
0.51616667	7.70257943e-01	
0.51775000	8.87043327e-01	
0.51933333	8.91917855e-01	
0.52091667	1.07720108e+00	
0.52250000	1.11308523e+00	
0.52408333	1.17007204e+00	
0.52566667	1.19940518e+00	
0.52725000	1.29541793e+00	
0.52883333	1.48474899e+00	
0.53041667	1.59124964e+00	
0.53200000	4.30926285e+00	
0.53358333	6.95590589e+00	
0.53516667	7.59094933e+00	
0.53675000	9.10713021e+00	
0.53833333	8.99407408e+00	
0.53991667	9.10682015e+00	
0.54150000	9.06065081e+00	
0.54308333	9.60684980e+00	
0.54466667	1.28565633e+01	
0.54625000	1.32717511e+01	
0.54783333	1.37243401e+01	
0.54941667	1.44969144e+01	
0.55100000	1.45777547e+01	
0.55258333	1.48094142e+01	
0.55416667	1.50081475e+01	
0.55575000	1.51661835e+01	
0.55733333	1.53911429e+01	
0.55891667	1.56847667e+01	
0.56050000	1.77134960e+01	
0.56208333	1.94798486e+01	
0.56366667	1.97404655e+01	
0.56525000	1.99580785e+01	
0.56683333	2.02126953e+01	
0.56841667	2.04927781e+01	
0.57000000	2.09848947e+01	
0.57158333	2.16591575e+01	
0.57316667	2.19022309e+01	
0.57475000	2.19129682e+01	
0.57633333	2.24143133e+01	
0.57791667	2.45783260e+01	
0.57950000	2.53185482e+01	
0.58108333	2.58862981e+01	
0.58266667	2.60658736e+01	
0.58425000	2.64600592e+01	
0.58583333	2.63806903e+01	
0.58741667	2.68646045e+01	
0.58900000	2.71602259e+01	
0.59058333	2.75468762e+01	
0.59216667	2.91408184e+01	
0.59375000	2.93190729e+01	
0.59533333	2.95739528e+01	
0.59691667	2.95202021e+01	
0.59850000	2.96587242e+01	
0.60008333	2.99350319e+01	
0.60166667	3.02239823e+01	
0.60325000	3.05502693e+01	
0.60483333	3.16021531e+01	
0.60641667	3.19180240e+01	
0.60800000	3.26680835e+01	
0.60958333	3.26961578e+01	
0.61116667	3.35852092e+01	
0.61275000	3.53389472e+01	
0.61433333	3.57953246e+01	
0.61591667	3.61293629e+01	
0.61750000	3.63795882e+01	
