start voltage : 0.00 V 
set voltage : 0.10 V 
High G : 30.00 G0 
Intermediate G : 20.00 G0 
Low G : 10.00 G0 
Breaking speed 1 : 300.00 V/s 
Breaking speed 2 : 300.00 V/s 
Making speed : 500.00 V/s 
Post breaking : 230.00 V/s 
@ 
0.00000000	6.91898018e+01	
0.00158333	7.02448821e+01	
0.00316667	7.05030449e+01	
0.00475000	7.04203706e+01	
0.00633333	7.05865460e+01	
0.00791667	7.07985497e+01	
0.00950000	7.05449420e+01	
0.01108333	7.05975652e+01	
0.01266667	7.06412513e+01	
0.01425000	7.07722118e+01	
0.01583333	7.06799389e+01	
0.01741667	7.03102684e+01	
0.01900000	7.06216482e+01	
0.02058333	7.06542549e+01	
0.02216667	7.06357793e+01	
0.02375000	7.07074043e+01	
0.02533333	7.07911384e+01	
0.02691667	7.09271275e+01	
0.02850000	7.04916423e+01	
0.03008333	7.09402739e+01	
0.03166667	7.06192429e+01	
0.03325000	7.03740236e+01	
0.03483333	7.07810212e+01	
0.03641667	7.04212049e+01	
0.03800000	7.05526089e+01	
0.03958333	7.06918977e+01	
0.04116667	7.01862757e+01	
0.04275000	7.06974524e+01	
0.04433333	7.04836447e+01	
0.04591667	7.06703177e+01	
0.04750000	7.04884778e+01	
0.04908333	7.01302851e+01	
0.05066667	7.03160186e+01	
0.05225000	7.02315403e+01	
0.05383333	7.03403120e+01	
0.05541667	7.02995198e+01	
0.05700000	7.00730016e+01	
0.05858333	7.03429127e+01	
0.06016667	7.03044882e+01	
0.06175000	7.03082765e+01	
0.06333333	6.99941156e+01	
0.06491667	6.98914474e+01	
0.06650000	7.03411012e+01	
0.06808333	6.98305484e+01	
0.06966667	6.94189433e+01	
0.07125000	6.95484681e+01	
0.07283333	6.99256927e+01	
0.07441667	6.99340435e+01	
0.07600000	6.96189205e+01	
0.07758333	6.97226411e+01	
0.07916667	6.94556089e+01	
0.08075000	6.91030686e+01	
0.08233333	6.93507834e+01	
0.08391667	6.89168917e+01	
0.08550000	6.89766556e+01	
0.08708333	6.86458080e+01	
0.08866667	6.86075414e+01	
0.09025000	6.85063388e+01	
0.09183333	6.87178389e+01	
0.09341667	6.86723188e+01	
0.09500000	6.85930795e+01	
0.09658333	6.84010548e+01	
0.09816667	6.83149679e+01	
0.09975000	6.83808503e+01	
0.10133333	6.80715601e+01	
0.10291667	6.75834367e+01	
0.10450000	6.79481989e+01	
0.10608333	6.80268969e+01	
0.10766667	6.79138558e+01	
0.10925000	6.82789788e+01	
0.11083333	6.75974024e+01	
0.11241667	6.77047234e+01	
0.11400000	6.73603536e+01	
0.11558333	6.71179455e+01	
0.11716667	6.72042127e+01	
0.11875000	6.64886616e+01	
0.12033333	6.67643529e+01	
0.12191667	6.67486884e+01	
0.12350000	6.64920065e+01	
0.12508333	6.63415781e+01	
0.12666667	6.60235763e+01	
0.12825000	6.64825056e+01	
0.12983333	6.63039429e+01	
0.13141667	6.62661949e+01	
0.13300000	6.62532589e+01	
0.13458333	6.61389099e+01	
0.13616667	6.66039426e+01	
0.13775000	6.64673748e+01	
0.13933333	6.61630756e+01	
0.14091667	6.58849189e+01	
0.14250000	6.57229978e+01	
0.14408333	6.60663980e+01	
0.14566667	6.58144815e+01	
0.14725000	6.56585811e+01	
0.14883333	6.54933678e+01	
0.15041667	6.55452845e+01	
0.15200000	6.57622867e+01	
0.15358333	6.50509899e+01	
0.15516667	6.53006590e+01	
0.15675000	6.54303417e+01	
0.15833333	6.52580929e+01	
0.15991667	6.52127081e+01	
0.16150000	6.45264414e+01	
0.16308333	6.44502914e+01	
0.16466667	6.44224351e+01	
0.16625000	6.46579130e+01	
0.16783333	6.44711122e+01	
0.16941667	6.39801400e+01	
0.17100000	6.40149265e+01	
0.17258333	6.33956396e+01	
0.17416667	6.34310725e+01	
0.17575000	6.31958577e+01	
0.17733333	6.31092898e+01	
0.17891667	6.33253825e+01	
0.18050000	6.30510405e+01	
0.18208333	6.31203091e+01	
0.18366667	6.29424867e+01	
0.18525000	6.27263001e+01	
0.18683333	6.29699446e+01	
0.18841667	6.27814000e+01	
0.19000000	6.28884504e+01	
0.19158333	6.25099894e+01	
0.19316667	6.24301638e+01	
0.19475000	6.21524055e+01	
0.19633333	6.18551117e+01	
0.19791667	6.16709492e+01	
0.19950000	6.13216560e+01	
0.20108333	6.14256134e+01	
0.20266667	6.13063937e+01	
0.20425000	6.10417442e+01	
0.20583333	6.13297138e+01	
0.20741667	6.13069274e+01	
0.20900000	6.11059391e+01	
0.21058333	6.19248538e+01	
0.21216667	6.06712920e+01	
0.21375000	6.11051912e+01	
0.21533333	6.10476748e+01	
0.21691667	6.09927214e+01	
0.21850000	6.11521846e+01	
0.22008333	6.08736596e+01	
0.22166667	6.08348179e+01	
0.22325000	6.04591079e+01	
0.22483333	6.01395952e+01	
0.22641667	6.02191915e+01	
0.22800000	5.99274224e+01	
0.22958333	5.98146594e+01	
0.23116667	5.94738411e+01	
0.23275000	5.93036556e+01	
0.23433333	5.94635397e+01	
0.23591667	5.93056889e+01	
0.23750000	5.94044936e+01	
0.23908333	5.91699328e+01	
0.24066667	5.90543474e+01	
0.24225000	5.88936176e+01	
0.24383333	5.84136158e+01	
0.24541667	5.82035025e+01	
0.24700000	5.84164383e+01	
0.24858333	5.85383752e+01	
0.25016667	5.85637059e+01	
0.25175000	5.81014656e+01	
0.25333333	5.81199750e+01	
0.25491667	5.80874923e+01	
0.25650000	5.81695804e+01	
0.25808333	5.80762176e+01	
0.25966667	5.78716853e+01	
0.26125000	5.78861734e+01	
0.26283333	5.74776875e+01	
0.26441667	5.74746170e+01	
0.26600000	5.75653340e+01	
0.26758333	5.70813409e+01	
0.26916667	5.70156502e+01	
0.27075000	5.62770346e+01	
0.27233333	5.62135425e+01	
0.27391667	5.61885350e+01	
0.27550000	5.59498852e+01	
0.27708333	5.54096233e+01	
0.27866667	5.51538997e+01	
0.28025000	5.46171067e+01	
0.28183333	5.46650621e+01	
0.28341667	5.45493527e+01	
0.28500000	5.47913210e+01	
0.28658333	5.43762996e+01	
0.28816667	5.45298698e+01	
0.28975000	5.42747776e+01	
0.29133333	5.49779264e+01	
0.29291667	5.41003640e+01	
0.29450000	5.38366804e+01	
0.29608333	5.36123871e+01	
0.29766667	5.32343959e+01	
0.29925000	5.33748122e+01	
0.30083333	5.24110352e+01	
0.30241667	5.22235579e+01	
0.30400000	5.23891433e+01	
0.30558333	5.22023913e+01	
0.30716667	5.21534249e+01	
0.30875000	5.21256851e+01	
0.31033333	5.24176610e+01	
0.31191667	5.21464082e+01	
0.31350000	5.18933642e+01	
0.31508333	5.17350699e+01	
0.31666667	5.18245429e+01	
0.31825000	5.12720140e+01	
0.31983333	5.09833830e+01	
0.32141667	5.05160728e+01	
0.32300000	5.04130175e+01	
0.32458333	5.03197599e+01	
0.32616667	5.04366344e+01	
0.32775000	5.06433465e+01	
0.32933333	5.01941098e+01	
0.33091667	5.02459889e+01	
0.33250000	5.00146339e+01	
0.33408333	5.00627697e+01	
0.33566667	5.01011378e+01	
0.33725000	5.00852742e+01	
0.33883333	5.00646037e+01	
0.34041667	4.98164342e+01	
0.34200000	4.98818168e+01	
0.34358333	5.00096805e+01	
0.34516667	4.93154425e+01	
0.34675000	4.87782173e+01	
0.34833333	4.83199607e+01	
0.34991667	4.82274661e+01	
0.35150000	4.78104452e+01	
0.35308333	4.77943448e+01	
0.35466667	4.78933263e+01	
0.35625000	4.76161242e+01	
0.35783333	4.73597391e+01	
0.35941667	4.68728183e+01	
0.36100000	4.68520350e+01	
0.36258333	4.67463376e+01	
0.36416667	4.66499607e+01	
0.36575000	4.68624755e+01	
0.36733333	4.67777717e+01	
0.36891667	4.68025725e+01	
0.37050000	4.66342210e+01	
0.37208333	4.66779635e+01	
0.37366667	4.60728452e+01	
0.37525000	4.54543551e+01	
0.37683333	4.47098503e+01	
0.37841667	4.48175547e+01	
0.38000000	4.41180025e+01	
0.38158333	4.37874931e+01	
0.38316667	4.36039432e+01	
0.38475000	4.36558561e+01	
0.38633333	4.31623095e+01	
0.38791667	4.27831231e+01	
0.38950000	4.27800676e+01	
0.39108333	4.24350476e+01	
0.39266667	4.25243553e+01	
0.39425000	4.24037000e+01	
0.39583333	4.21067895e+01	
0.39741667	4.21044218e+01	
0.39900000	4.15008369e+01	
0.40058333	4.14400282e+01	
0.40216667	4.12708123e+01	
0.40375000	4.14529266e+01	
0.40533333	4.17194890e+01	
0.40691667	4.13060536e+01	
0.40850000	4.08662802e+01	
0.41008333	4.08010292e+01	
0.41166667	4.04320239e+01	
0.41325000	3.98048785e+01	
0.41483333	3.98222342e+01	
0.41641667	3.99534916e+01	
0.41800000	3.98649882e+01	
0.41958333	3.98346139e+01	
0.42116667	3.94745195e+01	
0.42275000	3.93412514e+01	
0.42433333	4.00295175e+01	
0.42591667	3.97938630e+01	
0.42750000	3.95117601e+01	
0.42908333	3.82201872e+01	
0.43066667	3.75796323e+01	
0.43225000	3.73352774e+01	
0.43383333	3.72909675e+01	
0.43541667	3.73425422e+01	
0.43700000	3.74067935e+01	
0.43858333	3.71858338e+01	
0.44016667	3.72037833e+01	
0.44175000	3.68885137e+01	
0.44333333	3.72312336e+01	
0.44491667	3.69273892e+01	
0.44650000	3.69688767e+01	
0.44808333	3.71609729e+01	
0.44966667	3.69024456e+01	
0.45125000	3.70578498e+01	
0.45283333	3.67302080e+01	
0.45441667	3.66413251e+01	
0.45600000	3.55029278e+01	
0.45758333	3.51353282e+01	
0.45916667	3.50881882e+01	
0.46075000	3.49855876e+01	
0.46233333	3.47124933e+01	
0.46391667	3.36511329e+01	
0.46550000	3.33354913e+01	
0.46708333	3.28542905e+01	
0.46866667	3.26152987e+01	
0.47025000	3.17405437e+01	
0.47183333	3.18718237e+01	
0.47341667	3.16597937e+01	
0.47500000	3.14922821e+01	
0.47658333	3.13249473e+01	
0.47816667	3.10294744e+01	
0.47975000	3.08069719e+01	
0.48133333	3.01626681e+01	
0.48291667	3.01265023e+01	
0.48450000	3.01653327e+01	
0.48608333	2.97286618e+01	
0.48766667	2.92637306e+01	
0.48925000	2.89547937e+01	
0.49083333	2.86711311e+01	
0.49241667	2.86376224e+01	
0.49400000	2.81879347e+01	
0.49558333	2.75916465e+01	
0.49716667	2.76342972e+01	
0.49875000	2.77251307e+01	
0.50033333	2.78567771e+01	
0.50191667	2.79536276e+01	
0.50350000	2.77055464e+01	
0.50508333	2.76250519e+01	
0.50666667	2.75974794e+01	
0.50825000	2.75449783e+01	
0.50983333	2.74614978e+01	
0.51141667	2.71851206e+01	
0.51300000	2.68528054e+01	
0.51458333	2.68208809e+01	
0.51616667	2.57076433e+01	
0.51775000	2.50717467e+01	
0.51933333	2.49846696e+01	
0.52091667	2.48095908e+01	
0.52250000	2.48063775e+01	
0.52408333	2.46293369e+01	
0.52566667	2.48119210e+01	
0.52725000	2.47590140e+01	
0.52883333	2.40132107e+01	
0.53041667	2.35658081e+01	
0.53200000	2.31930333e+01	
0.53358333	2.30164324e+01	
0.53516667	2.26507457e+01	
0.53675000	2.19531046e+01	
0.53833333	2.15903249e+01	
0.53991667	2.14830753e+01	
0.54150000	2.17618352e+01	
0.54308333	2.10154795e+01	
0.54466667	2.12483585e+01	
0.54625000	2.06893842e+01	
0.54783333	2.02310601e+01	
0.54941667	2.00510410e+01	
0.55100000	2.01365585e+01	
0.55258333	2.00773921e+01	
0.55416667	2.00721963e+01	
0.55575000	1.94662400e+01	
0.55733333	1.90728924e+01	
0.55891667	1.91179747e+01	
0.56050000	1.91698632e+01	
0.56208333	1.78455521e+01	
0.56366667	1.74616547e+01	
0.56525000	1.72548900e+01	
0.56683333	1.74092213e+01	
0.56841667	1.72378782e+01	
0.57000000	1.71462818e+01	
0.57158333	1.73793844e+01	
0.57316667	1.72021014e+01	
0.57475000	1.61906301e+01	
0.57633333	1.61963540e+01	
0.57791667	1.56780056e+01	
0.57950000	1.55607825e+01	
0.58108333	1.50848593e+01	
0.58266667	1.46776513e+01	
0.58425000	1.40178146e+01	
0.58583333	1.40026039e+01	
0.58741667	1.36204034e+01	
0.58900000	1.30328231e+01	
0.59058333	1.27214086e+01	
0.59216667	1.27914495e+01	
0.59375000	1.26529743e+01	
0.59533333	1.26474544e+01	
0.59691667	1.18839957e+01	
0.59850000	1.11089522e+01	
0.60008333	9.71383351e+00	
0.60166667	9.75435418e+00	
0.60325000	9.51583871e+00	
0.60483333	9.25856856e+00	
0.60641667	9.13948323e+00	
0.60800000	8.97486653e+00	
0.60958333	8.89129587e+00	
0.61116667	8.80525697e+00	
0.61275000	8.54965454e+00	
0.61433333	8.37625853e+00	
0.61591667	8.45600328e+00	
0.61750000	7.92197261e+00	
0.61908333	8.32141323e+00	
0.62066667	8.45968168e+00	
0.62225000	8.18199099e+00	
0.62383333	7.95564385e+00	
0.62541667	7.90273593e+00	
0.62700000	7.93550800e+00	
0.62858333	7.84754064e+00	
0.63016667	7.66382302e+00	
0.63175000	5.88498545e+00	
0.63333333	5.23425502e+00	
0.63491667	3.58169492e+00	
0.63650000	3.37814094e+00	
0.63808333	3.31985025e+00	
0.63966667	3.25989958e+00	
0.64125000	3.16071545e+00	
0.64283333	2.75565974e+00	
0.64441667	1.09330572e+00	
0.64600000	6.95906409e-02	
0.64758333	-4.81362593e-03	
0.64916667	1.11841452e-04	
0.65075000	1.78572836e-03	
0.65233333	1.61133204e-04	
0.65391667	1.05837491e-05	
0.65550000	-2.01993268e-05	
0.65708333	-4.01649915e-05	
0.65866667	-5.10684388e-05	
0.66025000	-5.20098652e-05	
0.66183333	-4.60317251e-05	
0.66341667	-3.78889992e-05	
0.66500000	-2.95538916e-05	
0.66658333	-2.26789317e-05	
0.66816667	-1.72999468e-05	
0.66975000	-1.27704116e-05	
0.67133333	-9.11363121e-06	
0.67291667	-6.06976381e-06	
0.67450000	-3.88761066e-06	
0.67608333	-2.40147601e-06	
0.67766667	-1.14958901e-06	
0.67925000	-2.76951915e-07	
0.68083333	1.41724859e-07	
0.68241667	2.55777029e-07	
0.68400000	3.71402897e-07	
0.68558333	5.99774872e-07	
0.68716667	7.11882159e-07	
0.68875000	8.01053504e-07	
0.69033333	8.93179486e-07	
0.69191667	9.73951686e-07	
0.69350000	1.24146908e-06	
0.69508333	1.08944668e-06	
0.69666667	1.02942867e-06	
0.69825000	9.93819921e-07	
0.69983333	8.17908244e-07	
0.70141667	6.17058536e-07	
0.70300000	3.87564186e-07	
0.70458333	3.89637119e-07	
0.70616667	2.99412227e-07	
0.70775000	4.58647840e-07	
0.70933333	3.70961009e-07	
0.71091667	4.18246199e-07	
0.71250000	5.61880660e-07	
0.71408333	6.05393716e-07	
0.71566667	6.99983697e-07	
0.71725000	7.44016961e-07	
0.71883333	6.02369469e-07	
0.72041667	6.23584397e-07	
0.72200000	3.51282034e-07	
0.72358333	7.28540260e-08	
0.72516667	3.24734155e-07	
0.72675000	3.63582062e-07	
0.72833333	4.17510634e-07	
0.72991667	3.74021043e-07	
0.73150000	6.19481205e-07	
0.73308333	6.28078318e-07	
0.73466667	7.09965081e-07	
0.73625000	8.06932984e-07	
0.73783333	6.84469433e-07	
0.73941667	6.18743707e-07	
0.74100000	3.99965411e-07	
0.74258333	3.25901331e-07	
0.74416667	2.07700496e-07	
0.74575000	1.65067925e-07	
0.74733333	2.62769643e-07	
0.74891667	1.71082385e-07	
0.75050000	3.94563100e-07	
0.75208333	5.89318867e-07	
0.75366667	4.86863446e-07	
0.75525000	6.58976249e-07	
0.75683333	5.65553305e-07	
0.75841667	7.06119836e-07	
0.76000000	6.45405720e-07	
0.76158333	2.57427619e-07	
0.76316667	2.21631331e-07	
0.76475000	1.95531318e-07	
0.76633333	2.17508832e-07	
0.76791667	2.32867367e-07	
0.76950000	3.56451150e-07	
0.77108333	6.39011521e-07	
0.77266667	5.43254672e-07	
0.77425000	6.85723721e-07	
0.77583333	7.15539627e-07	
0.77741667	6.42337902e-07	
0.77900000	6.16152975e-07	
0.78058333	4.87080400e-07	
0.78216667	3.22400418e-07	
0.78375000	8.42102086e-08	
0.78533333	1.55172043e-07	
0.78691667	1.69344991e-07	
0.78850000	2.97639971e-07	
0.79008333	3.23999402e-07	
0.79166667	6.23024092e-07	
0.79325000	3.69588416e-07	
0.79483333	5.45113060e-07	
0.79641667	4.70746931e-07	
0.79800000	6.68310468e-07	
0.79958333	5.05531716e-07	
0.80116667	5.00776430e-07	
0.80275000	3.22063115e-07	
0.80433333	1.70901258e-07	
0.80591667	2.85281477e-07	
0.80750000	1.53961842e-07	
0.80908333	2.14458599e-07	
0.81066667	3.02594458e-07	
0.81225000	5.06612228e-07	
0.81383333	6.17320460e-07	
0.81541667	6.04141164e-07	
0.81700000	6.92247342e-07	
0.81858333	8.43660328e-07	
0.82016667	7.41206698e-07	
0.82175000	6.31301879e-07	
0.82333333	3.82508027e-07	
0.82491667	3.60469807e-07	
0.82650000	2.84244786e-07	
0.82808333	2.97597577e-07	
0.82966667	3.53824744e-07	
0.83125000	5.00128985e-07	
0.83283333	6.87366723e-07	
0.83441667	6.23714883e-07	
0.83600000	6.28554340e-07	
0.83758333	8.29832467e-07	
0.83916667	6.67401995e-07	
0.84075000	6.94608072e-07	
0.84233333	2.08141725e-07	
0.84391667	1.20214294e-07	
0.84550000	3.31907237e-07	
0.84708333	1.20388224e-07	
0.84866667	1.51447638e-07	
0.85025000	4.50699158e-08	
0.85183333	4.15417148e-07	
0.85341667	5.13741236e-07	
0.85500000	6.65326430e-07	
0.85658333	7.62856766e-07	
0.85816667	6.61048510e-07	
0.85975000	6.79673489e-07	
0.86133333	6.09412289e-07	
0.86291667	3.96855871e-07	
0.86450000	1.17794720e-07	
0.86608333	7.04343324e-08	
0.86766667	2.49244112e-07	
0.86925000	2.67418131e-07	
0.87083333	3.90846550e-07	
0.87241667	7.82300838e-07	
0.87400000	7.09187430e-07	
0.87558333	8.11685189e-07	
0.87716667	6.20129546e-07	
0.87875000	7.71972631e-07	
0.88033333	6.87106423e-07	
0.88191667	3.67126097e-07	
0.88350000	1.79024507e-07	
0.88508333	2.69250421e-07	
0.88666667	1.39314035e-07	
0.88825000	2.15884493e-07	
0.88983333	2.87265152e-08	
0.89141667	4.47757087e-07	
0.89300000	8.29965137e-07	
0.89458333	6.91211351e-07	
0.89616667	7.50109530e-07	
0.89775000	6.64851752e-07	
0.89933333	8.04253319e-07	
0.90091667	4.89242097e-07	
0.90250000	2.02826219e-07	
0.90408333	3.42663976e-08	
0.90566667	7.37181378e-08	
0.90725000	4.92439616e-08	
0.90883333	6.42132933e-08	
0.91041667	2.50065109e-07	
0.91200000	4.26756313e-07	
0.91358333	4.75889810e-07	
0.91516667	7.36193410e-07	
0.91675000	6.43479345e-07	
0.91833333	7.89258367e-07	
0.91991667	7.04259377e-07	
0.92150000	5.41223741e-07	
0.92308333	3.83975349e-07	
0.92466667	2.47774438e-07	
0.92625000	2.85109493e-07	
0.92783333	1.95316002e-07	
0.92941667	2.34898536e-07	
0.93100000	3.90156571e-07	
0.93258333	3.30482029e-07	
0.93416667	6.41993711e-07	
0.93575000	4.66899530e-07	
0.93733333	6.31493912e-07	
0.93891667	6.18790470e-07	
0.94050000	6.02151619e-07	
0.94208333	2.78938800e-07	
0.94366667	4.18723578e-08	
0.94525000	1.42986820e-07	
0.94683333	2.87873889e-07	
0.94841667	1.84557135e-07	
0.95000000	3.32340612e-07	
0.95158333	2.57877851e-07	
0.95316667	5.77738332e-07	
0.95475000	6.15462128e-07	
0.95633333	6.60790506e-07	
0.95791667	8.05721705e-07	
0.95950000	6.92776621e-07	
0.96108333	5.40878878e-07	
0.96266667	1.40799866e-07	
0.96425000	4.59771810e-08	
0.96583333	2.06205383e-07	
0.96741667	1.68187377e-07	
0.96900000	2.88220685e-07	
0.97058333	2.59182962e-07	
0.97216667	7.05831983e-07	
0.97375000	7.83211719e-07	
0.97533333	6.63598920e-07	
0.97691667	6.16885824e-07	
0.97850000	6.65588353e-07	
0.98008333	6.65241418e-07	
0.98166667	5.70866543e-07	
0.98325000	6.91817102e-08	
0.98483333	1.47238741e-07	
0.98641667	1.63347640e-07	
0.98800000	1.99766830e-07	
0.98958333	1.47222192e-07	
0.99116667	2.51507761e-07	
0.99275000	3.02480829e-07	
0.99433333	6.02324779e-07	
0.99591667	6.52148198e-07	
0.99750000	7.69642590e-07	
0.99908333	5.74775183e-07	
1.00066667	6.98816660e-07	
1.00225000	2.42891943e-07	
1.00383333	1.52572294e-07	
1.00541667	1.61049170e-07	
1.00700000	1.72241357e-07	
1.00858333	1.89042194e-07	
1.01016667	1.04399576e-07	
1.01175000	5.12516293e-07	
1.01333333	4.41215434e-07	
1.01491667	5.84998497e-07	
1.01650000	6.34864479e-07	
1.01808333	5.14432811e-07	
1.01966667	5.29513056e-07	
1.02125000	3.68421799e-07	
1.02283333	4.48924880e-07	
1.02441667	2.12902471e-07	
1.02600000	1.29807371e-07	
1.02758333	2.88912092e-07	
1.02916667	3.02350203e-07	
1.03075000	3.63192369e-07	
1.03233333	5.04994707e-07	
1.03391667	5.79250287e-07	
1.03550000	7.02490537e-07	
1.03708333	7.56717042e-07	
1.03866667	6.87710522e-07	
1.04025000	7.70934736e-07	
1.04183333	4.17085631e-07	
1.04341667	-2.76382446e-08	
1.04500000	5.02374147e-08	
1.04658333	1.74228732e-07	
1.04816667	2.65532779e-07	
1.04975000	1.60384029e-07	
1.05133333	4.91832437e-07	
1.05291667	4.83234651e-07	
1.05450000	7.22237247e-07	
1.05608333	6.08209355e-07	
1.05766667	5.92992912e-07	
1.05925000	7.49892016e-07	
1.06083333	7.46653839e-07	
1.06241667	3.66693030e-07	
1.06400000	1.15322566e-07	
1.06558333	-2.03954917e-09	
1.06716667	1.30550776e-07	
1.06875000	2.02410246e-07	
1.07033333	2.10051257e-07	
1.07191667	1.23135441e-07	
1.07350000	5.96750961e-07	
1.07508333	6.23454807e-07	
1.07666667	5.43558766e-07	
1.07825000	5.56607911e-07	
1.07983333	4.60243267e-07	
1.08141667	5.56995449e-07	
1.08300000	2.75455556e-07	
1.08458333	8.98014715e-08	
1.08616667	2.47515454e-07	
1.08775000	2.78195115e-07	
1.08933333	2.80596279e-07	
1.09091667	2.11451264e-07	
1.09250000	2.86621001e-07	
1.09408333	7.13421388e-07	
1.09566667	6.48604863e-07	
1.09725000	6.77340873e-07	
1.09883333	5.67150272e-07	
1.10041667	5.73416562e-07	
1.10200000	5.07173653e-07	
1.10358333	1.21164531e-07	
1.10516667	2.09099676e-07	
1.10675000	1.56312464e-07	
1.10833333	1.51949546e-07	
1.10991667	1.80666431e-07	
1.11150000	2.17033790e-07	
1.11308333	5.04407465e-07	
1.11466667	3.23394911e-07	
1.11625000	3.74142456e-07	
1.11783333	5.74929694e-07	
1.11941667	6.96353614e-07	
1.12100000	6.85940339e-07	
1.12258333	5.33860307e-07	
1.12416667	2.03915384e-07	
1.12575000	1.62561070e-07	
1.12733333	2.55595693e-07	
1.12891667	4.03207620e-07	
1.13050000	3.14794661e-07	
1.13208333	3.42027059e-07	
1.13366667	3.97630862e-07	
1.13525000	5.12359262e-07	
1.13683333	5.73934193e-07	
1.13841667	6.14181631e-07	
1.14000000	6.45320932e-07	
1.14158333	4.95895139e-07	
1.14316667	-2.13265913e-07	
1.14475000	1.03621261e-07	
1.14633333	1.52016945e-07	
1.14791667	3.80711439e-07	
1.14950000	1.66216718e-07	
1.15108333	2.32780451e-07	
1.15266667	4.65950148e-07	
1.15425000	5.74020829e-07	
1.15583333	7.01324173e-07	
1.15741667	5.96144845e-07	
1.15900000	6.88991076e-07	
1.16058333	8.20803294e-07	
1.16216667	5.14994516e-07	
1.16375000	2.79154494e-07	
1.16533333	9.44598655e-08	
1.16691667	8.41326731e-08	
1.16850000	1.71006207e-07	
1.17008333	2.31696711e-08	
1.17166667	2.63114954e-07	
1.17325000	4.45857006e-07	
1.17483333	6.08892921e-07	
1.17641667	6.09757208e-07	
1.17800000	3.96812161e-07	
1.17958333	6.64893194e-07	
1.18116667	4.85869905e-07	
1.18275000	2.63253392e-07	
1.18433333	1.91642811e-07	
1.18591667	8.77191300e-08	
1.18750000	2.20663579e-07	
1.18908333	2.00492580e-07	
1.19066667	3.22885624e-07	
1.19225000	4.00959035e-07	
1.19383333	4.97908206e-07	
1.19541667	6.85592787e-07	
1.19700000	5.27178927e-07	
1.19858333	6.22159301e-07	
1.20016667	6.78378655e-07	
1.20175000	4.35891667e-07	
1.20333333	3.37930895e-07	
1.20491667	1.46737280e-07	
1.20650000	2.52829925e-07	
1.20808333	1.26747729e-07	
1.20966667	1.07467184e-07	
1.21125000	3.45933318e-07	
1.21283333	3.44430911e-07	
1.21441667	4.90579885e-07	
1.21600000	4.26670349e-07	
1.21758333	5.52156216e-07	
1.21916667	6.85897441e-07	
1.22075000	5.85991534e-07	
1.22233333	4.40887623e-07	
1.22391667	8.59479105e-08	
1.22550000	5.31495979e-08	
1.22708333	1.86940084e-07	
1.22866667	1.23455286e-07	
1.23025000	1.75265590e-07	
1.23183333	3.65344629e-07	
1.23341667	3.44005796e-07	
1.23500000	5.33532300e-07	
1.23658333	5.24847150e-07	
1.23816667	6.17706205e-07	
1.23975000	6.37413433e-07	
1.24133333	6.50677964e-07	
1.24291667	2.95954296e-07	
1.24450000	8.35188926e-08	
1.24608333	2.83121768e-07	
1.24766667	2.79837613e-07	
1.24925000	2.81229135e-07	
1.25083333	2.91678952e-07	
1.25241667	6.24283196e-07	
1.25400000	4.92136587e-07	
1.25558333	6.83261234e-07	
1.25716667	7.48552828e-07	
1.25875000	6.15424775e-07	
1.26033333	6.96743727e-07	
1.26191667	2.52009852e-07	
1.26350000	1.94476454e-07	
1.26508333	2.36409372e-07	
1.26666667	2.46348838e-07	
1.26825000	2.67436248e-07	
1.26983333	3.26850854e-07	
1.27141667	3.15053981e-07	
1.27300000	5.80243380e-07	
1.27458333	4.57307616e-07	
1.27616667	6.06734249e-07	
1.27775000	7.68725661e-07	
1.27933333	6.28724979e-07	
1.28091667	6.34735897e-07	
1.28250000	2.24734570e-07	
1.28408333	1.25304545e-07	
1.28566667	9.73547894e-08	
1.28725000	4.24768665e-08	
1.28883333	1.21641112e-07	
1.29041667	9.54797272e-08	
1.29200000	3.24301256e-07	
1.29358333	3.72787055e-07	
1.29516667	5.36470640e-07	
1.29675000	6.19178287e-07	
1.29833333	4.61359510e-07	
1.29991667	5.96966458e-07	
1.30150000	5.79337707e-07	
1.30308333	2.33255870e-07	
1.30466667	2.45873909e-07	
1.30625000	9.80385381e-08	
1.30783333	1.26315670e-07	
1.30941667	2.09611483e-07	
1.31100000	2.37300400e-07	
1.31258333	4.41622908e-07	
1.31416667	7.50965864e-07	
1.31575000	6.80927162e-07	
1.31733333	6.35556390e-07	
1.31891667	5.54272719e-07	
1.32050000	7.16489485e-07	
1.32208333	4.39503577e-07	
1.32366667	2.07155745e-07	
1.32525000	-9.85223368e-08	
1.32683333	5.85947642e-08	
1.32841667	2.49528521e-07	
1.33000000	1.87019468e-07	
1.33158333	3.40118213e-07	
1.33316667	1.60288026e-07	
1.33475000	6.95445813e-07	
1.33633333	5.26402172e-07	
1.33791667	5.17889790e-07	
1.33950000	6.26739130e-07	
1.34108333	4.72173315e-07	
1.34266667	4.85050757e-07	
1.34425000	2.86950408e-07	
1.34583333	2.47645324e-07	
1.34741667	1.74963485e-07	
1.34900000	1.65395469e-07	
1.35058333	3.08469821e-07	
1.35216667	3.42814566e-07	
1.35375000	5.85688784e-07	
1.35533333	6.23453183e-07	
1.35691667	5.69008380e-07	
1.35850000	6.89960367e-07	
1.36008333	7.84549451e-07	
1.36166667	5.80633101e-07	
1.36325000	3.74402084e-07	
1.36483333	1.55215277e-07	
1.36641667	2.62034134e-07	
@ 
0.00000000	1.07509760e-07	
0.00158333	1.73797022e-07	
0.00316667	1.20299866e-07	
0.00475000	2.34897696e-07	
0.00633333	4.87467713e-07	
0.00791667	6.01807316e-07	
0.00950000	6.28858265e-07	
0.01108333	7.14720030e-07	
0.01266667	7.42025567e-07	
0.01425000	5.68316805e-07	
0.01583333	6.54573401e-08	
0.01741667	1.30628227e-07	
0.01900000	1.30714891e-07	
0.02058333	1.91513543e-07	
0.02216667	1.77322689e-07	
0.02375000	2.92238753e-07	
0.02533333	6.60830156e-07	
0.02691667	6.69259038e-07	
0.02850000	6.04053408e-07	
0.03008333	5.36212412e-07	
0.03166667	5.25926767e-07	
0.03325000	6.54003002e-07	
0.03483333	3.81513927e-07	
0.03641667	2.20714892e-07	
0.03800000	2.64281767e-07	
0.03958333	2.25043844e-07	
0.04116667	3.16903996e-07	
0.04275000	1.08590511e-07	
0.04433333	2.41940432e-07	
0.04591667	3.33462623e-07	
0.04750000	5.07864388e-07	
0.04908333	4.81290020e-07	
0.05066667	3.88081986e-07	
0.05225000	6.12999474e-07	
0.05383333	5.97702891e-07	
0.05541667	2.33697170e-07	
0.05700000	1.56002630e-07	
0.05858333	1.15348285e-07	
0.06016667	2.22668371e-07	
0.06175000	1.96629401e-07	
0.06333333	2.99922074e-07	
0.06491667	5.81020695e-07	
0.06650000	6.17102722e-07	
0.06808333	5.86467163e-07	
0.06966667	6.15376668e-07	
0.07125000	5.23896228e-07	
0.07283333	5.65595811e-07	
0.07441667	3.60772892e-07	
0.07600000	6.79455388e-08	
0.07758333	9.82627791e-08	
0.07916667	1.83579569e-07	
0.08075000	4.08737700e-07	
0.08233333	1.53270967e-07	
0.08391667	3.37118775e-07	
0.08550000	4.06965809e-07	
0.08708333	4.51603592e-07	
0.08866667	5.69786199e-07	
0.09025000	5.17932744e-07	
0.09183333	6.98513351e-07	
0.09341667	6.44671583e-07	
0.09500000	5.01295069e-07	
0.09658333	2.29946108e-07	
0.09816667	1.60115328e-07	
0.09975000	3.35709948e-07	
0.10133333	2.38751705e-07	
0.10291667	2.45614365e-07	
0.10450000	3.12677878e-07	
0.10608333	5.46323050e-07	
0.10766667	6.43032333e-07	
0.10925000	5.70564186e-07	
0.11083333	4.98098950e-07	
0.11241667	6.03275029e-07	
0.11400000	4.79777840e-07	
0.11558333	8.66470319e-08	
0.11716667	-2.47521761e-08	
0.11875000	6.61223070e-08	
0.12033333	1.54524094e-07	
0.12191667	1.57937055e-07	
0.12350000	1.77080002e-07	
0.12508333	3.82465382e-07	
0.12666667	4.77875435e-07	
0.12825000	4.48725427e-07	
0.12983333	5.82188347e-07	
0.13141667	5.89491859e-07	
0.13300000	6.37844877e-07	
0.13458333	6.87727043e-07	
0.13616667	2.52959710e-07	
0.13775000	1.21466902e-07	
0.13933333	2.03396381e-07	
0.14091667	-5.73073627e-09	
0.14250000	1.73467644e-07	
0.14408333	1.58283934e-07	
0.14566667	2.70798779e-07	
0.14725000	5.80719401e-07	
0.14883333	6.41604437e-07	
0.15041667	7.86707396e-07	
0.15200000	6.15718956e-07	
0.15358333	5.52890465e-07	
0.15516667	4.16860585e-07	
0.15675000	1.97346849e-07	
0.15833333	1.50617904e-07	
0.15991667	1.25960922e-07	
0.16150000	2.87415761e-07	
0.16308333	3.42191258e-07	
0.16466667	1.38372115e-07	
0.16625000	6.18650127e-07	
0.16783333	3.93137640e-07	
0.16941667	5.73762489e-07	
0.17100000	6.84686106e-07	
0.17258333	5.79813505e-07	
0.17416667	5.83743089e-07	
0.17575000	2.60823555e-07	
0.17733333	1.81876421e-07	
0.17891667	-1.04999978e-08	
0.18050000	2.75340047e-08	
0.18208333	1.45578812e-07	
0.18366667	1.89697592e-07	
0.18525000	4.26972819e-07	
0.18683333	4.18804572e-07	
0.18841667	5.47014401e-07	
0.19000000	7.91894181e-07	
0.19158333	7.44406458e-07	
0.19316667	6.16324511e-07	
0.19475000	3.56668356e-07	
0.19633333	4.06146268e-07	
0.19791667	2.70244438e-07	
0.19950000	1.95747977e-07	
0.20108333	1.04908814e-07	
0.20266667	1.21242864e-07	
0.20425000	2.74090327e-07	
0.20583333	3.87371902e-07	
0.20741667	4.17941769e-07	
0.20900000	6.05444287e-07	
0.21058333	5.90613085e-07	
0.21216667	6.51066454e-07	
0.21375000	5.63565160e-07	
0.21533333	2.13075813e-07	
0.21691667	1.36825465e-07	
0.21850000	2.09100348e-07	
0.22008333	3.31907013e-07	
0.22166667	2.71038638e-07	
0.22325000	1.75049393e-07	
0.22483333	3.38518978e-07	
0.22641667	4.81868750e-07	
0.22800000	5.40273266e-07	
0.22958333	3.61161550e-07	
0.23116667	2.98547184e-07	
0.23275000	5.59415597e-07	
0.23433333	5.68965874e-07	
0.23591667	3.72267324e-07	
0.23750000	1.05037935e-07	
0.23908333	1.40350698e-07	
0.24066667	2.90899537e-07	
0.24225000	2.46564392e-07	
0.24383333	2.34723836e-07	
0.24541667	3.00536449e-07	
0.24700000	5.64989808e-07	
0.24858333	4.81764921e-07	
0.25016667	4.28788168e-07	
0.25175000	5.24198809e-07	
0.25333333	6.62216666e-07	
0.25491667	6.02454145e-07	
0.25650000	-4.17427400e-08	
0.25808333	1.18745530e-07	
0.25966667	2.70590226e-07	
0.26125000	1.79716404e-07	
0.26283333	2.04804914e-07	
0.26441667	2.52441099e-07	
0.26600000	3.58352240e-07	
0.26758333	5.44334121e-07	
0.26916667	4.38985190e-07	
0.27075000	6.02584294e-07	
0.27233333	7.30577590e-07	
0.27391667	6.60403865e-07	
0.27550000	5.00085863e-07	
0.27708333	2.04045310e-07	
0.27866667	1.24102521e-07	
0.28025000	1.50324227e-07	
0.28183333	1.74098344e-07	
0.28341667	1.02747950e-07	
0.28500000	2.47082247e-07	
0.28658333	6.04097930e-07	
0.28816667	4.03075958e-07	
0.28975000	6.17793905e-07	
0.29133333	7.09749863e-07	
0.29291667	6.93156150e-07	
0.29450000	7.59476678e-07	
0.29608333	3.37525017e-07	
0.29766667	1.03085184e-07	
0.29925000	2.33600720e-07	
0.30083333	1.99506698e-07	
0.30241667	2.52484389e-07	
0.30400000	1.96482982e-07	
0.30558333	3.79438390e-07	
0.30716667	6.58585463e-07	
0.30875000	5.43730806e-07	
0.31033333	6.61783207e-07	
0.31191667	5.80718225e-07	
0.31350000	6.79456144e-07	
0.31508333	3.95213570e-07	
0.31666667	8.88360441e-08	
0.31825000	2.88437302e-07	
0.31983333	1.17112042e-07	
0.32141667	1.08676446e-07	
0.32300000	1.02549925e-07	
0.32458333	7.56453803e-08	
0.32616667	1.96145973e-07	
0.32775000	5.89839243e-07	
0.32933333	5.93337944e-07	
0.33091667	6.25876132e-07	
0.33250000	6.03580635e-07	
0.33408333	6.39790292e-07	
0.33566667	4.56487403e-07	
0.33725000	1.60340221e-07	
0.33883333	7.09874273e-08	
0.34041667	1.82784390e-07	
0.34200000	2.13663783e-07	
0.34358333	7.42113239e-08	
0.34516667	3.37309043e-07	
0.34675000	5.14821860e-07	
0.34833333	6.04443410e-07	
0.34991667	5.65075995e-07	
0.35150000	6.42166254e-07	
0.35308333	7.81696347e-07	
0.35466667	3.68205406e-07	
0.35625000	2.00397712e-07	
0.35783333	7.71321070e-08	
0.35941667	6.41688833e-08	
0.36100000	2.85108793e-07	
0.36258333	1.62985303e-07	
0.36416667	2.95091437e-07	
0.36575000	5.49996087e-07	
0.36733333	4.34793318e-07	
0.36891667	5.85428989e-07	
0.37050000	4.69147135e-07	
0.37208333	6.59366138e-07	
0.37366667	5.63996267e-07	
0.37525000	5.45112164e-07	
0.37683333	1.63079990e-07	
0.37841667	2.78584668e-07	
0.38000000	2.35718665e-07	
0.38158333	2.83622654e-07	
0.38316667	1.13300392e-07	
0.38475000	2.15530305e-07	
0.38633333	2.71669478e-07	
0.38791667	2.97700622e-07	
0.38950000	3.31992837e-07	
0.39108333	5.32279356e-07	
0.39266667	5.99860948e-07	
0.39425000	5.36219245e-07	
0.39583333	4.46073288e-07	
0.39741667	4.08693528e-08	
0.39900000	1.50375623e-07	
0.40058333	2.26643682e-07	
0.40216667	1.54274154e-07	
0.40375000	2.58275861e-07	
0.40533333	4.37472758e-07	
0.40691667	3.65525545e-07	
0.40850000	7.39287380e-07	
0.41008333	6.41473223e-07	
0.41166667	8.12291584e-07	
0.41325000	7.24656668e-07	
0.41483333	7.59321943e-07	
0.41641667	7.41069324e-07	
0.41800000	2.49753819e-07	
0.41958333	2.42805839e-07	
0.42116667	3.46556934e-07	
0.42275000	3.47074061e-07	
0.42433333	2.53184953e-07	
0.42591667	3.73046851e-07	
0.42750000	4.38250577e-07	
0.42908333	5.59545915e-07	
0.43066667	6.98731817e-07	
0.43225000	6.61868667e-07	
0.43383333	6.20430055e-07	
0.43541667	4.37176924e-07	
0.43700000	2.32911049e-07	
0.43858333	8.21879788e-08	
0.44016667	1.42770384e-07	
0.44175000	3.58483285e-07	
0.44333333	4.12193055e-07	
0.44491667	4.82715508e-07	
0.44650000	7.19160133e-07	
0.44808333	6.56641392e-07	
0.44966667	7.20682338e-07	
0.45125000	7.36710145e-07	
0.45283333	6.37022928e-07	
0.45441667	8.05984189e-07	
0.45600000	2.58448909e-07	
0.45758333	1.95652843e-07	
0.45916667	1.28078601e-07	
0.46075000	1.82697264e-07	
0.46233333	2.77373978e-07	
0.46391667	1.59665446e-07	
0.46550000	2.04001054e-07	
0.46708333	6.79889939e-07	
0.46866667	6.62778371e-07	
0.47025000	6.46056189e-07	
0.47183333	6.41052589e-07	
0.47341667	9.47878372e-07	
0.47500000	7.34204536e-07	
0.47658333	1.74141830e-07	
0.47816667	2.40116682e-07	
0.47975000	2.64047284e-07	
0.48133333	2.86361989e-07	
0.48291667	9.89197726e-08	
0.48450000	2.45518573e-07	
0.48608333	5.67712370e-07	
0.48766667	5.97875379e-07	
0.48925000	6.30282633e-07	
0.49083333	5.69052678e-07	
0.49241667	6.38147570e-07	
0.49400000	7.42373343e-07	
0.49558333	4.75887849e-07	
0.49716667	2.83147753e-07	
0.49875000	1.23161874e-07	
0.50033333	2.70676693e-07	
0.50191667	2.51075562e-07	
0.50350000	2.67694868e-07	
0.50508333	4.79776888e-07	
0.50666667	5.94866476e-07	
0.50825000	6.65889703e-07	
0.50983333	6.23973670e-07	
0.51141667	5.40489828e-07	
0.51300000	8.08150646e-07	
0.51458333	5.91522174e-07	
0.51616667	7.32305939e-07	
0.51775000	3.01859145e-07	
0.51933333	1.49053110e-07	
0.52091667	3.82854347e-07	
0.52250000	2.73356918e-07	
0.52408333	3.02144309e-07	
0.52566667	4.04891532e-07	
0.52725000	6.74919548e-07	
0.52883333	7.40084744e-07	
0.53041667	6.07641209e-07	
0.53200000	6.87969310e-07	
0.53358333	6.33912772e-07	
0.53516667	5.94287410e-07	
0.53675000	1.68093866e-07	
0.53833333	1.82818943e-07	
0.53991667	3.71834620e-07	
0.54150000	2.86621673e-07	
0.54308333	2.24439283e-07	
0.54466667	2.80485898e-07	
0.54625000	4.84004350e-07	
0.54783333	5.41353107e-07	
0.54941667	5.14648813e-07	
0.55100000	5.96146862e-07	
0.55258333	7.70849445e-07	
0.55416667	7.52875382e-07	
0.55575000	6.60141941e-07	
0.55733333	4.08261763e-07	
0.55891667	2.72924522e-07	
0.56050000	1.93717158e-07	
0.56208333	1.20905113e-07	
0.56366667	2.67868083e-07	
0.56525000	4.67228853e-07	
0.56683333	7.43284896e-07	
0.56841667	7.57498670e-07	
0.57000000	6.36203723e-07	
0.57158333	7.74912819e-07	
0.57316667	7.52526206e-07	
0.57475000	7.04043431e-07	
0.57633333	4.61111614e-07	
0.57791667	2.07933256e-07	
0.57950000	1.55431782e-07	
0.58108333	1.97303363e-07	
0.58266667	2.16333577e-07	
0.58425000	1.30887841e-07	
0.58583333	3.81271968e-07	
0.58741667	6.23801630e-07	
0.58900000	5.52025842e-07	
0.59058333	6.77209715e-07	
0.59216667	7.38182395e-07	
0.59375000	6.79458888e-07	
0.59533333	7.39739097e-07	
0.59691667	2.65700730e-07	
0.59850000	3.51828059e-07	
0.60008333	2.37706110e-07	
0.60166667	3.87606300e-07	
0.60325000	5.41959110e-07	
0.60483333	4.23032286e-07	
0.60641667	8.54331606e-07	
0.60800000	9.71393715e-07	
0.60958333	1.24360323e-06	
0.61116667	1.92195494e-06	
0.61275000	2.88999355e-06	
0.61433333	5.40861875e-06	
0.61591667	9.01737230e-06	
0.61750000	1.29129259e-05	
0.61908333	1.63971594e-05	
0.62066667	1.99223536e-05	
0.62225000	2.40021215e-05	
0.62383333	3.11064049e-05	
0.62541667	4.57934465e-05	
0.62700000	6.52099353e-05	
0.62858333	9.70006390e-05	
0.63016667	1.57862256e-04	
0.63175000	2.39408983e-04	
0.63333333	3.38670854e-04	
0.63491667	4.60711702e-04	
0.63650000	5.55410278e-04	
0.63808333	6.85238619e-04	
0.63966667	8.61645796e-04	
0.64125000	2.00689333e-03	
0.64283333	2.73193019e-03	
0.64441667	4.75607154e-03	
0.64600000	6.81856077e-03	
0.64758333	1.12113239e-02	
0.64916667	2.17609857e-02	
0.65075000	3.07881365e-02	
0.65233333	5.45162179e-02	
0.65391667	6.63682003e-02	
0.65550000	1.08283345e-01	
0.65708333	1.85782652e-01	
0.65866667	2.31471910e-01	
0.66025000	2.16187516e-01	
0.66183333	2.52883054e-01	
0.66341667	3.16892003e-01	
0.66500000	4.19700047e-01	
0.66658333	5.18293755e-01	
0.66816667	7.15382164e-01	
0.66975000	1.06310090e+00	
0.67133333	1.77695679e+00	
0.67291667	1.92698098e+00	
