start voltage : 0.00 V 
set voltage : 0.10 V 
High G : 30.00 G0 
Intermediate G : 20.00 G0 
Low G : 10.00 G0 
Breaking speed 1 : 300.00 V/s 
Breaking speed 2 : 300.00 V/s 
Making speed : 500.00 V/s 
Post breaking : 230.00 V/s 
@ 
0.00000000	4.74778313e+01	
0.00158333	4.84817052e+01	
0.00316667	4.79992905e+01	
0.00475000	4.81922850e+01	
0.00633333	4.82018761e+01	
0.00791667	4.81862379e+01	
0.00950000	4.82227419e+01	
0.01108333	4.77847462e+01	
0.01266667	4.81451225e+01	
0.01425000	4.80733096e+01	
0.01583333	4.79785637e+01	
0.01741667	4.81564349e+01	
0.01900000	4.79907706e+01	
0.02058333	4.81555141e+01	
0.02216667	4.81412665e+01	
0.02375000	4.79775490e+01	
0.02533333	4.80717273e+01	
0.02691667	4.81041800e+01	
0.02850000	4.79686532e+01	
0.03008333	4.79816680e+01	
0.03166667	4.81901766e+01	
0.03325000	4.78809127e+01	
0.03483333	4.78221222e+01	
0.03641667	4.79638163e+01	
0.03800000	4.78788382e+01	
0.03958333	4.80142672e+01	
0.04116667	4.80293116e+01	
0.04275000	4.77565442e+01	
0.04433333	4.77933188e+01	
0.04591667	4.77528949e+01	
0.04750000	4.76604416e+01	
0.04908333	4.77720283e+01	
0.05066667	4.76977499e+01	
0.05225000	4.78658346e+01	
0.05383333	4.76954010e+01	
0.05541667	4.75918119e+01	
0.05700000	4.76249673e+01	
0.05858333	4.75286881e+01	
0.06016667	4.77239751e+01	
0.06175000	4.75507153e+01	
0.06333333	4.75765872e+01	
0.06491667	4.74044812e+01	
0.06650000	4.74079802e+01	
0.06808333	4.74398841e+01	
0.06966667	4.72602728e+01	
0.07125000	4.77150680e+01	
0.07283333	4.72195746e+01	
0.07441667	4.69952813e+01	
0.07600000	4.70113968e+01	
0.07758333	4.68022869e+01	
0.07916667	4.68538277e+01	
0.08075000	4.66935753e+01	
0.08233333	4.64513100e+01	
0.08391667	4.68269524e+01	
0.08550000	4.65267046e+01	
0.08708333	4.64314213e+01	
0.08866667	4.65632537e+01	
0.09025000	4.62539485e+01	
0.09183333	4.65497390e+01	
0.09341667	4.64446504e+01	
0.09500000	4.65285236e+01	
0.09658333	4.64539596e+01	
0.09816667	4.61343117e+01	
0.09975000	4.58123824e+01	
0.10133333	4.59405430e+01	
0.10291667	4.60457218e+01	
0.10450000	4.60363262e+01	
0.10608333	4.60466840e+01	
0.10766667	4.57410769e+01	
0.10925000	4.54972444e+01	
0.11083333	4.55418588e+01	
0.11241667	4.52662464e+01	
0.11400000	4.52610074e+01	
0.11558333	4.54403217e+01	
0.11716667	4.53243041e+01	
0.11875000	4.55392167e+01	
0.12033333	4.51782166e+01	
0.12191667	4.54536109e+01	
0.12350000	4.51204182e+01	
0.12508333	4.51829332e+01	
0.12666667	4.52092561e+01	
0.12825000	4.49899087e+01	
0.12983333	4.52543064e+01	
0.13141667	4.53385066e+01	
0.13300000	4.49331777e+01	
0.13458333	4.50421711e+01	
0.13616667	4.47427614e+01	
0.13775000	4.48642323e+01	
0.13933333	4.51134579e+01	
0.14091667	4.47165701e+01	
0.14250000	4.49583017e+01	
0.14408333	4.48585799e+01	
0.14566667	4.51181106e+01	
0.14725000	4.49968464e+01	
0.14883333	4.48412430e+01	
0.15041667	4.44635374e+01	
0.15200000	4.43712907e+01	
0.15358333	4.47258680e+01	
0.15516667	4.44837117e+01	
0.15675000	4.40948290e+01	
0.15833333	4.41298485e+01	
0.15991667	4.39713813e+01	
0.16150000	4.40778003e+01	
0.16308333	4.40484407e+01	
0.16466667	4.38930778e+01	
0.16625000	4.38897931e+01	
0.16783333	4.36705698e+01	
0.16941667	4.35963177e+01	
0.17100000	4.30546315e+01	
0.17258333	4.30227764e+01	
0.17416667	4.30069691e+01	
0.17575000	4.25104347e+01	
0.17733333	4.14799861e+01	
0.17891667	4.13014196e+01	
0.18050000	4.10120332e+01	
0.18208333	4.01998984e+01	
0.18366667	4.00664387e+01	
0.18525000	4.00019018e+01	
0.18683333	3.96832009e+01	
0.18841667	3.96785970e+01	
0.19000000	3.97219223e+01	
0.19158333	3.93097045e+01	
0.19316667	3.94622487e+01	
0.19475000	3.93316265e+01	
0.19633333	3.90264291e+01	
0.19791667	3.88018163e+01	
0.19950000	3.84390423e+01	
0.20108333	3.76510732e+01	
0.20266667	3.65326586e+01	
0.20425000	3.61898748e+01	
0.20583333	3.63742327e+01	
0.20741667	3.62269388e+01	
0.20900000	3.62921146e+01	
0.21058333	3.60546599e+01	
0.21216667	3.62535586e+01	
0.21375000	3.59157920e+01	
0.21533333	3.58673668e+01	
0.21691667	3.57687499e+01	
0.21850000	3.53531985e+01	
0.22008333	3.55007217e+01	
0.22166667	3.52582760e+01	
0.22325000	3.47942882e+01	
0.22483333	3.47794167e+01	
0.22641667	3.47197918e+01	
0.22800000	3.45139329e+01	
0.22958333	3.43564465e+01	
0.23116667	3.43811346e+01	
0.23275000	3.43846072e+01	
0.23433333	3.41878470e+01	
0.23591667	3.42383844e+01	
0.23750000	3.39529930e+01	
0.23908333	3.39571609e+01	
0.24066667	3.39364792e+01	
0.24225000	3.39730960e+01	
0.24383333	3.35385654e+01	
0.24541667	3.35941088e+01	
0.24700000	3.32624870e+01	
0.24858333	3.26625288e+01	
0.25016667	3.25869802e+01	
0.25175000	3.26690381e+01	
0.25333333	3.24917382e+01	
0.25491667	3.25332257e+01	
0.25650000	3.20655510e+01	
0.25808333	3.10835821e+01	
0.25966667	3.12433065e+01	
0.26125000	3.09942970e+01	
0.26283333	3.11564661e+01	
0.26441667	3.08445132e+01	
0.26600000	3.07561827e+01	
0.26758333	3.07183802e+01	
0.26916667	3.03470129e+01	
0.27075000	3.06888647e+01	
0.27233333	3.07823496e+01	
0.27391667	3.00108079e+01	
0.27550000	2.98583670e+01	
0.27708333	2.95242535e+01	
0.27866667	2.94952529e+01	
0.28025000	2.95699052e+01	
0.28183333	2.92570277e+01	
0.28341667	2.98837710e+01	
0.28500000	2.95582978e+01	
0.28658333	2.95655888e+01	
0.28816667	2.94579521e+01	
0.28975000	2.95254392e+01	
0.29133333	2.93263452e+01	
0.29291667	2.84790650e+01	
0.29450000	2.78314107e+01	
0.29608333	2.71326891e+01	
0.29766667	2.63558858e+01	
0.29925000	2.61405729e+01	
0.30083333	2.60374799e+01	
0.30241667	2.61004102e+01	
0.30400000	2.59135323e+01	
0.30558333	2.57585227e+01	
0.30716667	2.57405582e+01	
0.30875000	2.55608079e+01	
0.31033333	2.55611668e+01	
0.31191667	2.55844737e+01	
0.31350000	2.57806758e+01	
0.31508333	2.51631741e+01	
0.31666667	2.51652336e+01	
0.31825000	2.52410810e+01	
0.31983333	2.49730679e+01	
0.32141667	2.50254506e+01	
0.32300000	2.48966529e+01	
0.32458333	2.49653127e+01	
0.32616667	2.46761612e+01	
0.32775000	2.46384094e+01	
0.32933333	2.44660685e+01	
0.33091667	2.42492861e+01	
0.33250000	2.39959190e+01	
0.33408333	2.06968106e+01	
0.33566667	2.05046373e+01	
0.33725000	2.07000182e+01	
0.33883333	2.07498604e+01	
0.34041667	2.08063865e+01	
0.34200000	2.08452094e+01	
0.34358333	2.06341302e+01	
0.34516667	2.06363701e+01	
0.34675000	2.04238647e+01	
0.34833333	2.04773824e+01	
0.34991667	2.03229027e+01	
0.35150000	1.98011709e+01	
0.35308333	1.99964147e+01	
0.35466667	2.01422673e+01	
0.35625000	2.00319603e+01	
0.35783333	2.00905442e+01	
0.35941667	2.02167091e+01	
0.36100000	2.00214071e+01	
0.36258333	2.00179044e+01	
0.36416667	1.97047451e+01	
0.36575000	1.93988712e+01	
0.36733333	1.90853624e+01	
0.36891667	1.88294095e+01	
0.37050000	1.90009893e+01	
0.37208333	1.84276134e+01	
0.37366667	1.84814655e+01	
0.37525000	1.79106452e+01	
0.37683333	1.79939847e+01	
0.37841667	1.80914554e+01	
0.38000000	1.79955369e+01	
0.38158333	1.69701131e+01	
0.38316667	1.61828299e+01	
0.38475000	1.58433965e+01	
0.38633333	1.55536127e+01	
0.38791667	1.53889001e+01	
0.38950000	1.54033610e+01	
0.39108333	1.53714815e+01	
0.39266667	1.56021742e+01	
0.39425000	1.55037912e+01	
0.39583333	1.54836930e+01	
0.39741667	1.53876439e+01	
0.39900000	1.53437061e+01	
0.40058333	1.52723770e+01	
0.40216667	1.49238327e+01	
0.40375000	1.52037614e+01	
0.40533333	1.51157842e+01	
0.40691667	1.50244217e+01	
0.40850000	1.52030163e+01	
0.41008333	1.47182377e+01	
0.41166667	1.49194336e+01	
0.41325000	1.34149457e+01	
0.41483333	1.31135413e+01	
0.41641667	1.30900295e+01	
0.41800000	1.30211734e+01	
0.41958333	1.32285150e+01	
0.42116667	1.31309636e+01	
0.42275000	1.28930326e+01	
0.42433333	1.29314862e+01	
0.42591667	1.25592225e+01	
0.42750000	1.24270763e+01	
0.42908333	1.20328803e+01	
0.43066667	1.22983820e+01	
0.43225000	1.21036269e+01	
0.43383333	1.19072613e+01	
0.43541667	1.16757042e+01	
0.43700000	1.15812120e+01	
0.43858333	1.15965505e+01	
0.44016667	1.14577944e+01	
0.44175000	1.14067449e+01	
0.44333333	1.01412770e+01	
0.44491667	9.88695893e+00	
0.44650000	9.82941331e+00	
0.44808333	9.77803877e+00	
0.44966667	9.61433532e+00	
0.45125000	9.47217613e+00	
0.45283333	9.27367866e+00	
0.45441667	9.37169703e+00	
0.45600000	9.81575390e+00	
0.45758333	9.93247058e+00	
0.45916667	9.15841455e+00	
0.46075000	9.15971116e+00	
0.46233333	9.30113655e+00	
0.46391667	9.14807181e+00	
0.46550000	8.92303536e+00	
0.46708333	8.72106807e+00	
0.46866667	8.61037120e+00	
0.47025000	8.58173228e+00	
0.47183333	8.38933354e+00	
0.47341667	8.23868066e+00	
0.47500000	8.08832939e+00	
0.47658333	7.90250668e+00	
0.47816667	7.89303491e+00	
0.47975000	7.62146691e+00	
0.48133333	7.50064808e+00	
0.48291667	7.27318426e+00	
0.48450000	6.89007565e+00	
0.48608333	7.64762772e+00	
0.48766667	7.24062970e+00	
0.48925000	7.10549752e+00	
0.49083333	7.01705333e+00	
0.49241667	7.44798257e+00	
0.49400000	7.39731693e+00	
0.49558333	6.84255145e+00	
0.49716667	7.01487683e+00	
0.49875000	6.92714483e+00	
0.50033333	6.80937020e+00	
0.50191667	6.68916491e+00	
0.50350000	6.63811123e+00	
0.50508333	6.08503179e+00	
0.50666667	6.24452082e+00	
0.50825000	5.96183352e+00	
0.50983333	6.00633513e+00	
0.51141667	6.04879977e+00	
0.51300000	6.03706881e+00	
0.51458333	5.98168843e+00	
0.51616667	5.42430954e+00	
0.51775000	5.14991720e+00	
0.51933333	5.19639144e+00	
0.52091667	5.30428747e+00	
0.52250000	5.15987848e+00	
0.52408333	4.68315713e+00	
0.52566667	4.55824274e+00	
0.52725000	4.48338326e+00	
0.52883333	4.49031163e+00	
0.53041667	4.49590392e+00	
0.53200000	4.44442791e+00	
0.53358333	4.39367958e+00	
0.53516667	4.46889891e+00	
0.53675000	4.38421768e+00	
0.53833333	4.05841463e+00	
0.53991667	4.02407019e+00	
0.54150000	3.96648887e+00	
0.54308333	3.90737113e+00	
0.54466667	3.82622267e+00	
0.54625000	3.37578568e+00	
0.54783333	3.07303442e+00	
0.54941667	3.08589661e+00	
0.55100000	3.10335727e+00	
0.55258333	3.06483858e+00	
0.55416667	2.98583844e+00	
0.55575000	2.93605270e+00	
0.55733333	2.89850153e+00	
0.55891667	2.80996832e+00	
0.56050000	1.72408035e+00	
0.56208333	1.67898763e+00	
0.56366667	1.64889943e+00	
0.56525000	1.66440521e+00	
0.56683333	1.59933262e+00	
0.56841667	1.51831006e+00	
0.57000000	1.49612197e+00	
0.57158333	5.59353799e-01	
0.57316667	8.79900788e-02	
0.57475000	-8.11500347e-03	
0.57633333	2.17508189e-03	
0.57791667	2.16627322e-03	
0.57950000	-3.07838950e-05	
0.58108333	-2.58477234e-04	
0.58266667	-3.37245792e-04	
0.58425000	-1.17256803e-04	
0.58583333	-3.75163468e-05	
0.58741667	-7.28317787e-06	
0.58900000	1.48853039e-05	
0.59058333	3.63358389e-05	
0.59216667	5.79167988e-05	
0.59375000	7.60246388e-05	
0.59533333	8.24284518e-05	
0.59691667	7.53624866e-05	
0.59850000	6.40403161e-05	
0.60008333	5.26005170e-05	
0.60166667	4.22515179e-05	
0.60325000	3.42566206e-05	
0.60483333	2.79685098e-05	
0.60641667	2.31603042e-05	
0.60800000	1.94908959e-05	
0.60958333	1.67617188e-05	
0.61116667	1.47627194e-05	
0.61275000	1.30208531e-05	
0.61433333	1.12456245e-05	
0.61591667	9.77495637e-06	
0.61750000	8.58193349e-06	
0.61908333	7.60223808e-06	
0.62066667	6.30757691e-06	
0.62225000	5.32357199e-06	
0.62383333	4.19666031e-06	
0.62541667	3.70529941e-06	
0.62700000	3.46664515e-06	
0.62858333	2.91214680e-06	
0.63016667	2.59908581e-06	
0.63175000	2.15050792e-06	
0.63333333	2.39232027e-06	
0.63491667	1.93802587e-06	
0.63650000	1.61477108e-06	
0.63808333	1.62292617e-06	
0.63966667	1.41044222e-06	
0.64125000	1.29120357e-06	
0.64283333	9.76666240e-07	
0.64441667	6.50591385e-07	
0.64600000	7.42243137e-07	
0.64758333	6.39142287e-07	
0.64916667	5.92602519e-07	
0.65075000	7.03094524e-07	
0.65233333	6.71031910e-07	
0.65391667	8.71878930e-07	
0.65550000	7.59614668e-07	
0.65708333	7.14199431e-07	
0.65866667	8.12551044e-07	
0.66025000	7.13983877e-07	
0.66183333	5.22296628e-07	
0.66341667	2.53875856e-07	
0.66500000	4.00527200e-07	
0.66658333	4.71609145e-07	
0.66816667	4.07268530e-07	
0.66975000	4.68024257e-07	
0.67133333	5.59459447e-07	
0.67291667	7.00948900e-07	
0.67450000	6.57289509e-07	
0.67608333	6.70254091e-07	
0.67766667	6.50160501e-07	
0.67925000	7.77722185e-07	
0.68083333	8.68073559e-07	
0.68241667	6.49860888e-07	
0.68400000	2.10222443e-07	
0.68558333	4.05150795e-07	
0.68716667	2.77029171e-07	
0.68875000	2.64385987e-07	
0.69033333	3.33981598e-07	
0.69191667	5.29255276e-07	
0.69350000	6.37237361e-07	
0.69508333	6.58672211e-07	
0.69666667	6.74572781e-07	
0.69825000	7.74778301e-07	
0.69983333	6.51845897e-07	
0.70141667	7.68082808e-07	
0.70300000	4.39071909e-07	
0.70458333	2.10612640e-07	
0.70616667	2.25866479e-07	
0.70775000	2.94209621e-07	
0.70933333	4.03378764e-07	
0.71091667	2.79880958e-07	
0.71250000	5.93942099e-07	
0.71408333	5.81194471e-07	
0.71566667	6.00683233e-07	
0.71725000	7.01751808e-07	
0.71883333	5.76398751e-07	
0.72041667	7.64497248e-07	
0.72200000	3.86137494e-07	
0.72358333	3.08400098e-07	
0.72516667	2.37879578e-07	
0.72675000	1.80018398e-07	
0.72833333	3.50048411e-07	
0.72991667	2.23152877e-07	
0.73150000	2.90510795e-07	
0.73308333	7.11000511e-07	
0.73466667	6.07899829e-07	
0.73625000	6.11097796e-07	
0.73783333	5.37897024e-07	
0.73941667	6.64072925e-07	
0.74100000	6.83474604e-07	
0.74258333	3.72743457e-07	
0.74416667	2.33127079e-07	
0.74575000	8.78487128e-08	
0.74733333	2.43193712e-07	
0.74891667	1.62906858e-07	
0.75050000	2.44819801e-07	
0.75208333	4.46582630e-07	
0.75366667	5.59718907e-07	
0.75525000	5.09202848e-07	
0.75683333	7.04028198e-07	
0.75841667	6.29158887e-07	
0.76000000	6.62909081e-07	
0.76158333	4.16556687e-07	
0.76316667	2.44274533e-07	
0.76475000	2.28968556e-07	
0.76633333	1.40281521e-07	
0.76791667	3.61593945e-07	
0.76950000	2.43886659e-07	
0.77108333	2.65776502e-07	
0.77266667	5.46494586e-07	
0.77425000	5.24283429e-07	
0.77583333	5.27784874e-07	
0.77741667	4.07354158e-07	
0.77900000	5.51515155e-07	
0.78058333	4.93216091e-07	
0.78216667	3.73684075e-07	
0.78375000	1.60314165e-07	
0.78533333	4.30817811e-08	
0.78691667	1.67228320e-07	
0.78850000	7.66920322e-08	
0.79008333	2.06343541e-07	
0.79166667	3.53358075e-07	
0.79325000	5.61015421e-07	
0.79483333	7.00285102e-07	
0.79641667	5.77779549e-07	
0.79800000	6.44890329e-07	
0.79958333	6.54566723e-07	
0.80116667	8.35580061e-07	
0.80275000	4.83191697e-07	
0.80433333	2.45440617e-07	
0.80591667	1.77037958e-07	
0.80750000	2.48725108e-07	
0.80908333	2.19505727e-07	
0.81066667	3.02393185e-07	
0.81225000	2.68689388e-07	
0.81383333	5.50600690e-07	
0.81541667	5.88454524e-07	
0.81700000	5.71991018e-07	
0.81858333	5.86146381e-07	
0.82016667	6.53186709e-07	
0.82175000	6.04960481e-07	
0.82333333	1.75274061e-07	
0.82491667	1.55995595e-08	
0.82650000	1.44973887e-07	
0.82808333	1.22366569e-07	
0.82966667	2.42260822e-07	
0.83125000	2.44015101e-07	
0.83283333	4.50125433e-07	
0.83441667	5.30014838e-07	
0.83600000	4.95981775e-07	
0.83758333	6.45017902e-07	
0.83916667	6.59969173e-07	
0.84075000	6.48517891e-07	
0.84233333	6.42685622e-07	
0.84391667	2.12592371e-07	
0.84550000	2.56633139e-07	
0.84708333	1.14812677e-07	
0.84866667	9.62914277e-08	
0.85025000	8.38565667e-08	
0.85183333	-3.33512535e-08	
0.85341667	4.46980332e-07	
0.85500000	4.79622153e-07	
0.85658333	5.53192710e-07	
0.85816667	6.02325563e-07	
0.85975000	6.47743153e-07	
0.86133333	7.29152326e-07	
0.86291667	3.06628459e-07	
0.86450000	2.44974200e-07	
0.86608333	2.44966052e-07	
0.86766667	2.53132842e-07	
0.86925000	3.54161964e-07	
0.87083333	1.67124085e-07	
0.87241667	4.36004428e-07	
0.87400000	5.08125136e-07	
0.87558333	6.69779077e-07	
0.87716667	7.46824031e-07	
0.87875000	6.80194425e-07	
0.88033333	6.89308050e-07	
0.88191667	5.26618454e-07	
0.88350000	2.76813029e-07	
0.88508333	2.42139997e-07	
0.88666667	1.46140909e-07	
0.88825000	2.19384902e-07	
0.88983333	1.61998777e-07	
0.89141667	2.12410853e-07	
0.89300000	5.06525256e-07	
0.89458333	5.48094801e-07	
0.89616667	5.69397541e-07	
0.89775000	4.40326366e-07	
0.89933333	4.65085413e-07	
0.90091667	5.48267625e-07	
0.90250000	3.22617120e-07	
0.90408333	1.83002085e-07	
0.90566667	7.59829284e-08	
0.90725000	1.58802028e-07	
0.90883333	2.44404291e-07	
0.91041667	1.51965507e-07	
0.91200000	3.47419401e-07	
0.91358333	3.62197400e-07	
0.91516667	5.95799982e-07	
0.91675000	5.71039087e-07	
0.91833333	4.59899328e-07	
0.91991667	6.21337408e-07	
0.92150000	6.54525225e-07	
0.92308333	2.67271125e-07	
0.92466667	1.95358634e-07	
0.92625000	1.79422307e-07	
0.92783333	2.17214455e-07	
0.92941667	1.18140199e-07	
0.93100000	3.41325684e-07	
0.93258333	2.76950487e-07	
0.93416667	4.30084402e-07	
0.93575000	6.00467063e-07	
0.93733333	5.39322680e-07	
0.93891667	6.23324769e-07	
0.94050000	5.88110837e-07	
0.94208333	4.66641191e-07	
0.94366667	3.93958777e-07	
0.94525000	-3.07236121e-08	
0.94683333	2.77460306e-07	
0.94841667	2.02878427e-07	
0.95000000	1.25528989e-07	
0.95158333	2.95247320e-07	
0.95316667	5.64367620e-07	
0.95475000	7.19559039e-07	
0.95633333	6.79241598e-07	
0.95791667	6.61136210e-07	
0.95950000	7.10612694e-07	
0.96108333	5.78688078e-07	
0.96266667	3.77263476e-07	
0.96425000	-1.32914211e-08	
0.96583333	1.13879934e-07	
0.96741667	7.73570761e-08	
0.96900000	3.84564618e-09	
0.97058333	1.85938255e-07	
0.97216667	3.08746950e-07	
0.97375000	5.30464986e-07	
0.97533333	5.05314034e-07	
0.97691667	5.12230456e-07	
0.97850000	6.13085494e-07	
0.98008333	6.66081624e-07	
0.98166667	5.85733082e-07	
0.98325000	3.33756384e-07	
0.98483333	8.14190853e-08	
0.98641667	1.19177240e-07	
0.98800000	1.92463122e-07	
0.98958333	2.32088344e-07	
0.99116667	1.50540481e-07	
0.99275000	3.32227039e-07	
0.99433333	5.66243816e-07	
0.99591667	6.25183884e-07	
0.99750000	6.53962680e-07	
0.99908333	6.15849946e-07	
1.00066667	6.31922947e-07	
1.00225000	5.47144383e-07	
1.00383333	2.01236574e-07	
1.00541667	1.73105349e-07	
1.00700000	2.21976656e-07	
1.00858333	2.10958666e-07	
1.01016667	2.83034796e-07	
1.01175000	2.52475989e-07	
1.01333333	3.59952371e-07	
1.01491667	5.43210990e-07	
1.01650000	5.52674519e-07	
1.01808333	5.91393536e-07	
1.01966667	6.45623850e-07	
1.02125000	5.76094602e-07	
1.02283333	3.75422141e-07	
1.02441667	2.36772576e-07	
1.02600000	2.06723084e-07	
1.02758333	1.77771717e-07	
1.02916667	2.60478384e-07	
1.03075000	2.16879602e-07	
1.03233333	3.57662233e-07	
1.03391667	5.83259339e-07	
1.03550000	5.27136085e-07	
1.03708333	6.45450466e-07	
1.03866667	6.25357156e-07	
1.04025000	5.90961085e-07	
1.04183333	7.14543846e-07	
1.04341667	2.65655256e-07	
1.04500000	2.09031423e-07	
1.04658333	1.18831648e-07	
1.04816667	2.74695826e-07	
1.04975000	1.20801690e-07	
1.05133333	2.69941772e-07	
1.05291667	3.66908555e-07	
1.05450000	2.98417902e-07	
1.05608333	6.24838685e-07	
1.05766667	6.33609295e-07	
1.05925000	5.92949006e-07	
1.06083333	6.81445409e-07	
1.06241667	6.25184444e-07	
1.06400000	2.19227997e-07	
1.06558333	-3.94266511e-08	
1.06716667	1.81484893e-08	
1.06875000	2.58724357e-07	
1.07033333	1.73666201e-07	
1.07191667	3.01269858e-07	
1.07350000	3.29306648e-07	
1.07508333	4.22608263e-07	
1.07666667	7.36468942e-07	
1.07825000	5.32410458e-07	
1.07983333	5.99344157e-07	
1.08141667	3.88731671e-07	
1.08300000	2.12167396e-07	
1.08458333	1.32520846e-07	
1.08616667	-3.93223779e-08	
1.08775000	1.42752981e-07	
1.08933333	1.83217457e-07	
1.09091667	2.81134043e-07	
1.09250000	5.52113598e-07	
1.09408333	5.80893289e-07	
1.09566667	6.56209445e-07	
1.09725000	6.23758060e-07	
1.09883333	6.41516457e-07	
1.10041667	7.16101612e-07	
1.10200000	5.05747045e-07	
1.10358333	4.00240887e-07	
1.10516667	-1.68005159e-08	
1.10675000	-3.37915383e-08	
1.10833333	1.19929241e-07	
1.10991667	7.65668981e-09	
1.11150000	1.46443785e-07	
1.11308333	3.11891967e-07	
1.11466667	3.70063485e-07	
1.11625000	5.39367090e-07	
1.11783333	4.85991543e-07	
1.11941667	5.80721417e-07	
1.12100000	5.23508074e-07	
1.12258333	5.60105548e-07	
1.12416667	3.50358749e-07	
1.12575000	1.99766886e-07	
1.12733333	3.20888491e-07	
1.12891667	2.75783423e-07	
1.13050000	2.91504672e-07	
1.13208333	2.64048628e-07	
1.13366667	2.50678532e-07	
1.13525000	6.07425096e-07	
1.13683333	5.33056839e-07	
1.13841667	6.75567049e-07	
1.14000000	5.80503064e-07	
1.14158333	5.30101922e-07	
1.14316667	2.31785342e-07	
1.14475000	-6.43592638e-08	
1.14633333	7.74787625e-08	
1.14791667	8.88428204e-08	
1.14950000	1.15910277e-07	
1.15108333	3.60986703e-08	
1.15266667	3.15140421e-07	
1.15425000	3.56858709e-07	
1.15583333	5.29064420e-07	
1.15741667	6.38061718e-07	
1.15900000	4.91299181e-07	
1.16058333	5.31715746e-07	
1.16216667	5.62182178e-07	
1.16375000	3.67513747e-07	
1.16533333	2.28588229e-07	
1.16691667	2.50842872e-07	
1.16850000	1.27154308e-07	
1.17008333	2.68844319e-07	
1.17166667	2.04709821e-07	
1.17325000	-1.02232981e-08	
1.17483333	4.44733512e-07	
1.17641667	4.88506000e-07	
1.17800000	5.26272526e-07	
1.17958333	4.83770035e-07	
1.18116667	5.87633696e-07	
1.18275000	4.82006740e-07	
1.18433333	3.12280456e-07	
1.18591667	1.34474030e-08	
1.18750000	6.60872004e-08	
1.18908333	1.00329762e-07	
1.19066667	2.78718994e-08	
1.19225000	1.39012028e-07	
1.19383333	3.69847091e-07	
1.19541667	4.57221680e-07	
1.19700000	4.37905657e-07	
1.19858333	5.54144361e-07	
1.20016667	6.05825328e-07	
1.20175000	5.43039623e-07	
1.20333333	3.11598206e-07	
1.20491667	2.11667476e-07	
1.20650000	1.07510299e-07	
1.20808333	2.80909837e-07	
1.20966667	3.11295204e-07	
1.21125000	2.01004121e-07	
@ 
0.00000000	3.82810441e-07	
0.00158333	4.55968120e-07	
0.00316667	5.13653928e-07	
0.00475000	5.87372556e-07	
0.00633333	5.93379217e-07	
0.00791667	6.96213384e-07	
0.00950000	4.02559167e-07	
0.01108333	9.40965212e-08	
0.01266667	1.10707700e-07	
0.01425000	3.04375618e-08	
0.01583333	1.35148484e-07	
0.01741667	1.61308518e-07	
0.01900000	3.24855877e-07	
0.02058333	1.84859703e-07	
0.02216667	3.62760169e-07	
0.02375000	5.99904574e-07	
0.02533333	4.69925374e-07	
0.02691667	4.34482448e-07	
0.02850000	5.12964313e-07	
0.03008333	3.73390734e-07	
0.03166667	1.92723282e-07	
0.03325000	1.47394218e-07	
0.03483333	3.15184299e-07	
0.03641667	3.18313859e-07	
0.03800000	2.21043528e-07	
0.03958333	2.02220776e-07	
0.04116667	3.10948689e-07	
0.04275000	4.50522267e-07	
0.04433333	4.17380288e-07	
0.04591667	3.84150581e-07	
0.04750000	6.17663363e-07	
0.04908333	7.16836869e-07	
0.05066667	3.84410237e-07	
0.05225000	2.84504330e-07	
0.05383333	2.70979219e-07	
0.05541667	3.30136101e-07	
0.05700000	1.53184794e-07	
0.05858333	2.32694431e-07	
0.06016667	1.70365916e-07	
0.06175000	3.80737312e-07	
0.06333333	5.43341812e-07	
0.06491667	4.86604490e-07	
0.06650000	5.67151224e-07	
0.06808333	5.94980777e-07	
0.06966667	6.51887899e-07	
0.07125000	3.45257956e-07	
0.07283333	1.15062847e-07	
0.07441667	1.99074387e-07	
0.07600000	3.58144778e-07	
0.07758333	2.93863386e-07	
0.07916667	3.11813927e-07	
0.08075000	1.61740745e-07	
0.08233333	5.67365938e-07	
0.08391667	5.83139830e-07	
0.08550000	5.91782866e-07	
0.08708333	6.91728926e-07	
0.08866667	5.41267479e-07	
0.09025000	3.14320852e-07	
0.09183333	-1.42520235e-07	
0.09341667	-2.83557943e-08	
0.09500000	6.35208642e-08	
0.09658333	1.30897109e-07	
0.09816667	1.73259902e-07	
0.09975000	1.44992452e-07	
0.10133333	4.77227822e-07	
0.10291667	4.01650694e-07	
0.10450000	3.24129384e-07	
0.10608333	5.10630240e-07	
0.10766667	5.56735261e-07	
0.10925000	5.72337617e-07	
0.11083333	2.37534322e-07	
0.11241667	5.05922746e-08	
0.11400000	1.97652801e-08	
0.11558333	1.06974880e-07	
0.11716667	1.83380970e-07	
0.11875000	1.24492592e-07	
0.12033333	1.54161659e-07	
0.12191667	5.91650308e-07	
0.12350000	4.55233171e-07	
0.12508333	6.38709499e-07	
0.12666667	6.97780278e-07	
0.12825000	8.20368771e-07	
0.12983333	6.74182723e-07	
0.13141667	1.40592516e-07	
0.13300000	2.02237521e-07	
0.13458333	2.01537699e-07	
0.13616667	2.14286251e-07	
0.13775000	2.89663673e-07	
0.13933333	2.24311191e-07	
0.14091667	4.97665547e-07	
0.14250000	3.83544522e-07	
0.14408333	5.63090314e-07	
0.14566667	4.23472550e-07	
0.14725000	3.95255767e-07	
0.14883333	6.47134741e-07	
0.15041667	2.70460888e-07	
0.15200000	1.32667727e-07	
0.15358333	3.73778307e-08	
0.15516667	5.24587754e-08	
0.15675000	2.33472208e-07	
0.15833333	6.56334739e-10	
0.15991667	2.26946823e-07	
0.16150000	5.25363941e-07	
0.16308333	6.49511264e-07	
0.16466667	6.42295452e-07	
0.16625000	6.11830925e-07	
0.16783333	7.01105427e-07	
0.16941667	6.44065636e-07	
0.17100000	2.38545588e-07	
0.17258333	2.90406967e-07	
0.17416667	1.43850561e-07	
0.17575000	2.31872538e-07	
0.17733333	1.31017809e-07	
0.17891667	1.35199657e-07	
0.18050000	5.12106803e-07	
0.18208333	5.74150923e-07	
0.18366667	5.58809930e-07	
0.18525000	4.50177012e-07	
0.18683333	5.42693023e-07	
0.18841667	7.18581795e-07	
0.19000000	4.06359554e-07	
0.19158333	1.49562327e-07	
0.19316667	-3.62978887e-08	
0.19475000	-4.83799478e-08	
0.19633333	4.34358430e-08	
0.19791667	7.70029214e-09	
0.19950000	1.70771585e-07	
0.20108333	5.75344000e-07	
0.20266667	6.10190220e-07	
0.20425000	5.92213189e-07	
0.20583333	4.74807001e-07	
0.20741667	4.97217191e-07	
0.20900000	5.32234778e-07	
0.21058333	3.16264475e-07	
0.21216667	1.76449343e-07	
0.21375000	9.88769797e-08	
0.21533333	2.30187619e-07	
0.21691667	2.55596057e-07	
0.21850000	2.35674339e-07	
0.22008333	2.91548830e-07	
0.22166667	3.44395909e-07	
0.22325000	5.51569477e-07	
0.22483333	3.45605116e-07	
0.22641667	6.13129456e-07	
0.22800000	7.32175341e-07	
0.22958333	6.71202661e-07	
0.23116667	4.62189551e-07	
0.23275000	-2.30923982e-08	
0.23433333	5.78602562e-08	
0.23591667	9.93873166e-08	
0.23750000	9.16952594e-08	
0.23908333	2.16662312e-07	
0.24066667	1.64886617e-07	
0.24225000	4.91401218e-07	
0.24383333	4.62103083e-07	
0.24541667	4.48102399e-07	
0.24700000	6.03317535e-07	
0.24858333	4.37515264e-07	
0.25016667	5.05944286e-07	
0.25175000	9.59376038e-08	
0.25333333	-9.09521691e-08	
0.25491667	1.04918104e-07	
0.25650000	4.36849422e-08	
0.25808333	2.03827670e-07	
0.25966667	2.58362217e-07	
0.26125000	3.94046253e-07	
0.26283333	5.15557341e-07	
0.26441667	4.88506448e-07	
0.26600000	6.22029487e-07	
0.26758333	5.21337977e-07	
0.26916667	6.12652090e-07	
0.27075000	4.08867402e-07	
0.27233333	1.70659916e-07	
0.27391667	1.71738832e-07	
0.27550000	6.95684741e-09	
0.27708333	1.36064839e-07	
0.27866667	8.93175887e-08	
0.28025000	2.42234921e-07	
0.28183333	5.28907052e-07	
0.28341667	4.53720487e-07	
0.28500000	4.78524056e-07	
0.28658333	5.68620450e-07	
0.28816667	6.49987565e-07	
0.28975000	5.56822569e-07	
0.29133333	3.88005738e-07	
0.29291667	2.08191809e-08	
0.29450000	-3.68591284e-08	
0.29608333	1.06697885e-07	
0.29766667	1.42857006e-07	
0.29925000	-6.28221970e-09	
0.30083333	4.19194546e-07	
0.30241667	3.74521285e-07	
0.30400000	4.91964155e-07	
0.30558333	4.96016945e-07	
0.30716667	4.54110012e-07	
0.30875000	7.38621454e-07	
0.31033333	5.56650865e-07	
0.31191667	1.65309702e-07	
0.31350000	2.57928813e-07	
0.31508333	2.71921041e-07	
0.31666667	2.07543969e-07	
0.31825000	-5.77486607e-08	
0.31983333	3.47427129e-08	
0.32141667	3.02713687e-07	
0.32300000	4.36738761e-07	
0.32458333	4.76017383e-07	
0.32616667	5.01556321e-07	
0.32775000	6.38035621e-07	
0.32933333	6.32229449e-07	
0.33091667	2.65898195e-07	
0.33250000	1.53832743e-07	
0.33408333	2.70499645e-08	
0.33566667	2.95738882e-07	
0.33725000	3.01132372e-07	
0.33883333	9.73555734e-08	
0.34041667	2.22218769e-07	
0.34200000	3.41846115e-07	
0.34358333	5.56434752e-07	
0.34516667	6.35512260e-07	
0.34675000	5.55785515e-07	
0.34833333	5.35261602e-07	
0.34991667	4.70660631e-07	
0.35150000	2.15720154e-07	
0.35308333	1.19436181e-07	
0.35466667	6.36506081e-08	
0.35625000	1.36367029e-07	
0.35783333	7.33737713e-08	
0.35941667	1.14597032e-07	
0.36100000	3.00968957e-07	
0.36258333	2.48707776e-07	
0.36416667	4.72994032e-07	
0.36575000	4.54152238e-07	
0.36733333	5.74886012e-07	
0.36891667	4.07355474e-07	
0.37050000	3.83566335e-07	
0.37208333	3.16264951e-07	
0.37366667	2.57368246e-08	
0.37525000	1.49641529e-07	
0.37683333	1.77988194e-07	
0.37841667	1.59173338e-07	
0.38000000	4.01350269e-07	
0.38158333	3.24128572e-07	
0.38316667	5.82880034e-07	
0.38475000	5.06136151e-07	
0.38633333	5.78430411e-07	
0.38791667	5.93138071e-07	
0.38950000	5.97192708e-07	
0.39108333	4.36523067e-07	
0.39266667	1.16696503e-07	
0.39425000	1.12478828e-07	
0.39583333	1.31795530e-07	
0.39741667	-5.43339495e-08	
0.39900000	1.05030592e-07	
0.40058333	1.98644049e-07	
0.40216667	3.27154584e-07	
0.40375000	4.35398481e-07	
0.40533333	3.00405767e-07	
0.40691667	4.70788933e-07	
0.40850000	4.28874636e-07	
0.41008333	3.93353502e-07	
0.41166667	1.73891961e-07	
0.41325000	-5.98036222e-09	
0.41483333	1.90475565e-07	
0.41641667	2.48898996e-07	
0.41800000	2.13464736e-07	
0.41958333	1.12480550e-07	
0.42116667	4.15997754e-07	
0.42275000	4.44387024e-07	
0.42433333	4.54497634e-07	
0.42591667	5.73589497e-07	
0.42750000	4.72994032e-07	
0.42908333	5.68128468e-07	
0.43066667	5.02852163e-07	
0.43225000	-1.80108772e-08	
0.43383333	1.65439599e-07	
0.43541667	1.14942470e-07	
0.43700000	1.89828540e-07	
0.43858333	2.23748506e-07	
0.44016667	3.24129160e-07	
0.44175000	5.91001911e-07	
0.44333333	5.72250085e-07	
0.44491667	7.71412046e-07	
0.44650000	7.45527124e-07	
0.44808333	8.04252871e-07	
0.44966667	9.62280090e-07	
0.45125000	6.60963610e-07	
0.45283333	5.78344223e-07	
0.45441667	6.12522388e-07	
0.45600000	7.42719214e-07	
0.45758333	8.62546055e-07	
0.45916667	1.17047951e-06	
0.46075000	1.69973036e-06	
0.46233333	2.31849171e-06	
0.46391667	3.00864204e-06	
0.46550000	3.94905662e-06	
0.46708333	5.05366990e-06	
0.46866667	6.76136169e-06	
0.47025000	8.61440958e-06	
0.47183333	1.09769665e-05	
0.47341667	1.47636100e-05	
0.47500000	1.94933386e-05	
0.47658333	2.60014255e-05	
0.47816667	3.24990915e-05	
0.47975000	3.93486272e-05	
0.48133333	4.74795326e-05	
0.48291667	5.97609786e-05	
0.48450000	8.26084268e-05	
0.48608333	1.29587256e-04	
0.48766667	2.11873423e-04	
0.48925000	2.93028000e-04	
0.49083333	3.72125842e-04	
0.49241667	7.21670323e-04	
0.49400000	7.99037904e-04	
0.49558333	8.99091904e-04	
0.49716667	1.51717115e-03	
0.49875000	1.54514263e-03	
0.50033333	2.43061455e-03	
0.50191667	2.24944204e-03	
0.50350000	1.26850035e-03	
0.50508333	1.54790409e-03	
0.50666667	1.41854078e-03	
0.50825000	2.44553911e-03	
0.50983333	3.61914384e-03	
0.51141667	6.74503879e-03	
0.51300000	1.06729799e-02	
0.51458333	1.28842097e-02	
0.51616667	1.57619635e-02	
0.51775000	1.84450546e-02	
0.51933333	2.32178273e-02	
0.52091667	2.56553998e-02	
0.52250000	1.79238852e-02	
0.52408333	1.49908200e-02	
0.52566667	1.40450502e-02	
0.52725000	1.97999495e-02	
0.52883333	2.18776094e-02	
0.53041667	2.53894420e-02	
0.53200000	3.64295895e-02	
0.53358333	5.06220791e-02	
0.53516667	5.47113211e-02	
0.53675000	6.13446038e-02	
0.53833333	7.57660136e-02	
0.53991667	9.42189113e-02	
0.54150000	1.09657901e-01	
0.54308333	1.21890613e-01	
0.54466667	1.30632330e-01	
0.54625000	3.65879813e-01	
0.54783333	5.04798695e+00	
0.54941667	6.76120897e+00	
0.55100000	7.34295739e+00	
0.55258333	1.10904371e+01	
0.55416667	1.18607321e+01	
0.55575000	1.29722530e+01	
0.55733333	1.49064329e+01	
0.55891667	1.58605041e+01	
0.56050000	1.65883711e+01	
0.56208333	1.66564408e+01	
0.56366667	1.75461142e+01	
0.56525000	1.92425668e+01	
0.56683333	2.09085024e+01	
0.56841667	2.25008642e+01	
0.57000000	2.27842618e+01	
0.57158333	2.33329798e+01	
0.57316667	2.39831070e+01	
0.57475000	2.46165006e+01	
0.57633333	2.53109190e+01	
0.57791667	2.67430791e+01	
0.57950000	2.71615206e+01	
0.58108333	2.75636982e+01	
0.58266667	2.89713676e+01	
0.58425000	2.99147805e+01	
0.58583333	3.06500080e+01	
0.58741667	3.08235778e+01	
0.58900000	3.08382839e+01	
0.59058333	3.11683573e+01	
0.59216667	3.26779678e+01	
0.59375000	3.52418900e+01	
0.59533333	3.57797165e+01	
0.59691667	3.58423893e+01	
