start voltage : 0.00 V 
set voltage : 0.10 V 
High G : 30.00 G0 
Intermediate G : 20.00 G0 
Low G : 10.00 G0 
Breaking speed 1 : 300.00 V/s 
Breaking speed 2 : 300.00 V/s 
Making speed : 500.00 V/s 
Post breaking : 230.00 V/s 
@ 
0.00000000	4.12479508e+01	
0.00158333	4.17824663e+01	
0.00316667	4.21368481e+01	
0.00475000	4.19842851e+01	
0.00633333	4.19407005e+01	
0.00791667	4.18505848e+01	
0.00950000	4.18702481e+01	
0.01108333	4.19163695e+01	
0.01266667	4.18171964e+01	
0.01425000	4.18997354e+01	
0.01583333	4.18860065e+01	
0.01741667	4.20150841e+01	
0.01900000	4.19446016e+01	
0.02058333	4.17060758e+01	
0.02216667	4.19518438e+01	
0.02375000	4.17700076e+01	
0.02533333	4.19725443e+01	
0.02691667	4.19740776e+01	
0.02850000	4.18432938e+01	
0.03008333	4.19606418e+01	
0.03166667	4.17681698e+01	
0.03325000	4.20218414e+01	
0.03483333	4.20238709e+01	
0.03641667	4.18642799e+01	
0.03800000	4.20765092e+01	
0.03958333	4.17651294e+01	
0.04116667	4.20580824e+01	
0.04275000	4.18158509e+01	
0.04433333	4.18589357e+01	
0.04591667	4.19995361e+01	
0.04750000	4.18091349e+01	
0.04908333	4.19430081e+01	
0.05066667	4.16307301e+01	
0.05225000	4.17747092e+01	
0.05383333	4.18197107e+01	
0.05541667	4.18202443e+01	
0.05700000	4.19259643e+01	
0.05858333	4.17247356e+01	
0.06016667	4.18345032e+01	
0.06175000	4.18415575e+01	
0.06333333	4.17111983e+01	
0.06491667	4.19280389e+01	
0.06650000	4.16733939e+01	
0.06808333	4.17422603e+01	
0.06966667	4.18852623e+01	
0.07125000	4.16358563e+01	
0.07283333	4.19014191e+01	
0.07441667	4.16861043e+01	
0.07600000	4.18016221e+01	
0.07758333	4.18440717e+01	
0.07916667	4.15770395e+01	
0.08075000	4.17371002e+01	
0.08233333	4.16967440e+01	
0.08391667	4.15314179e+01	
0.08550000	4.17638553e+01	
0.08708333	4.17174220e+01	
0.08866667	4.17744424e+01	
0.09025000	4.17671438e+01	
0.09183333	4.16609728e+01	
0.09341667	4.17712854e+01	
0.09500000	4.15712292e+01	
0.09658333	4.17796889e+01	
0.09816667	4.16226460e+01	
0.09975000	4.16516147e+01	
0.10133333	4.19229201e+01	
0.10291667	4.17577895e+01	
0.10450000	4.18285163e+01	
0.10608333	4.15964509e+01	
0.10766667	4.16927753e+01	
0.10925000	4.18529375e+01	
0.11083333	4.16097552e+01	
0.11241667	4.17659750e+01	
0.11400000	4.17274904e+01	
0.11558333	4.16532383e+01	
0.11716667	4.17474731e+01	
0.11875000	4.16321432e+01	
0.12033333	4.16675235e+01	
0.12191667	4.15203122e+01	
0.12350000	4.15558391e+01	
0.12508333	4.15534902e+01	
0.12666667	4.14281709e+01	
0.12825000	4.15890171e+01	
0.12983333	4.13478154e+01	
0.13141667	4.15666780e+01	
0.13300000	4.15102401e+01	
0.13458333	4.13153553e+01	
0.13616667	4.13777951e+01	
0.13775000	4.11925878e+01	
0.13933333	4.11874465e+01	
0.14091667	4.12105372e+01	
0.14250000	4.13423396e+01	
0.14408333	4.15152010e+01	
0.14566667	4.12631492e+01	
0.14725000	4.13082146e+01	
0.14883333	4.11996232e+01	
0.15041667	4.09709103e+01	
0.15200000	4.11757094e+01	
0.15358333	4.11763897e+01	
0.15516667	4.10594061e+01	
0.15675000	4.09645363e+01	
0.15833333	4.10102593e+01	
0.15991667	4.11702712e+01	
0.16150000	4.09968085e+01	
0.16308333	4.06988570e+01	
0.16466667	4.06590231e+01	
0.16625000	4.06595455e+01	
0.16783333	4.07732669e+01	
0.16941667	4.05281528e+01	
0.17100000	4.04989737e+01	
0.17258333	4.06238946e+01	
0.17416667	4.05097824e+01	
0.17575000	4.05307723e+01	
0.17733333	4.02440994e+01	
0.17891667	4.03708845e+01	
0.18050000	4.02417881e+01	
0.18208333	4.00813365e+01	
0.18366667	4.01510072e+01	
0.18525000	4.00139282e+01	
0.18683333	4.01413033e+01	
0.18841667	4.00334562e+01	
0.19000000	4.01771158e+01	
0.19158333	4.02214446e+01	
0.19316667	4.01161305e+01	
0.19475000	4.01477412e+01	
0.19633333	4.00701068e+01	
0.19791667	4.01464371e+01	
0.19950000	3.99068703e+01	
0.20108333	3.99028452e+01	
0.20266667	3.99120755e+01	
0.20425000	3.99707533e+01	
0.20583333	3.97348019e+01	
0.20741667	3.97173184e+01	
0.20900000	3.97724108e+01	
0.21058333	3.97446748e+01	
0.21216667	3.95261956e+01	
0.21375000	3.97164803e+01	
0.21533333	3.95865909e+01	
0.21691667	3.94210957e+01	
0.21850000	3.95805401e+01	
0.22008333	3.93995985e+01	
0.22166667	3.94771465e+01	
0.22325000	3.92299692e+01	
0.22483333	3.90680105e+01	
0.22641667	3.92494971e+01	
0.22800000	3.90316155e+01	
0.22958333	3.90596935e+01	
0.23116667	3.90823971e+01	
0.23275000	3.88618584e+01	
0.23433333	3.91641582e+01	
0.23591667	3.88508204e+01	
0.23750000	3.89599416e+01	
0.23908333	3.87704536e+01	
0.24066667	3.90161427e+01	
0.24225000	3.89053753e+01	
0.24383333	3.88161015e+01	
0.24541667	3.89001025e+01	
0.24700000	3.88832655e+01	
0.24858333	3.87844231e+01	
0.25016667	3.88032257e+01	
0.25175000	3.87517901e+01	
0.25333333	3.87924507e+01	
0.25491667	3.86280981e+01	
0.25650000	3.84904967e+01	
0.25808333	3.85043872e+01	
0.25966667	3.82723520e+01	
0.26125000	3.82501293e+01	
0.26283333	3.84577810e+01	
0.26441667	3.82787936e+01	
0.26600000	3.84620542e+01	
0.26758333	3.83007945e+01	
0.26916667	3.83595475e+01	
0.27075000	3.81068718e+01	
0.27233333	3.83160831e+01	
0.27391667	3.82679961e+01	
0.27550000	3.80393921e+01	
0.27708333	3.82328413e+01	
0.27866667	3.80689321e+01	
0.28025000	3.80815824e+01	
0.28183333	3.79503964e+01	
0.28341667	3.77458754e+01	
0.28500000	3.78254266e+01	
0.28658333	3.78638361e+01	
0.28816667	3.78686467e+01	
0.28975000	3.73451993e+01	
0.29133333	3.72431849e+01	
0.29291667	3.72666628e+01	
0.29450000	3.71394981e+01	
0.29608333	3.69920426e+01	
0.29766667	3.70453386e+01	
0.29925000	3.69609730e+01	
0.30083333	3.69788060e+01	
0.30241667	3.68078500e+01	
0.30400000	3.69120104e+01	
0.30558333	3.67744466e+01	
0.30716667	3.67219136e+01	
0.30875000	3.69517690e+01	
0.31033333	3.67989843e+01	
0.31191667	3.69496945e+01	
0.31350000	3.67690159e+01	
0.31508333	3.66609432e+01	
0.31666667	3.68087934e+01	
0.31825000	3.65088538e+01	
0.31983333	3.63808322e+01	
0.32141667	3.64907577e+01	
0.32300000	3.62880933e+01	
0.32458333	3.64316477e+01	
0.32616667	3.61295058e+01	
0.32775000	3.61066029e+01	
0.32933333	3.59151644e+01	
0.33091667	3.57230532e+01	
0.33250000	3.57609477e+01	
0.33408333	3.52391202e+01	
0.33566667	3.55072235e+01	
0.33725000	3.53663637e+01	
0.33883333	3.53435774e+01	
0.34041667	3.51216932e+01	
0.34200000	3.47680893e+01	
0.34358333	3.45463855e+01	
0.34516667	3.47509779e+01	
0.34675000	3.47158456e+01	
0.34833333	3.47132487e+01	
0.34991667	3.44959871e+01	
0.35150000	3.46426346e+01	
0.35308333	3.45006436e+01	
0.35466667	3.45433751e+01	
0.35625000	3.45225506e+01	
0.35783333	3.43264744e+01	
0.35941667	3.43424244e+01	
0.36100000	3.42932250e+01	
0.36258333	3.42641473e+01	
0.36416667	3.42221186e+01	
0.36575000	3.41743022e+01	
0.36733333	3.42309054e+01	
0.36891667	3.41585100e+01	
0.37050000	3.41404139e+01	
0.37208333	3.41528688e+01	
0.37366667	3.39582997e+01	
0.37525000	3.40392414e+01	
0.37683333	3.39267941e+01	
0.37841667	3.39038349e+01	
0.38000000	3.36597130e+01	
0.38158333	3.37385051e+01	
0.38316667	3.38833261e+01	
0.38475000	3.36972581e+01	
0.38633333	3.36749528e+01	
0.38791667	3.35106339e+01	
0.38950000	3.33635430e+01	
0.39108333	3.34775988e+01	
0.39266667	3.33035911e+01	
0.39425000	3.32661363e+01	
0.39583333	3.31747540e+01	
0.39741667	3.31123067e+01	
0.39900000	3.31210071e+01	
0.40058333	3.30088605e+01	
0.40216667	3.31136296e+01	
0.40375000	3.31167152e+01	
0.40533333	3.29916852e+01	
0.40691667	3.31027382e+01	
0.40850000	3.27831015e+01	
0.41008333	3.27118561e+01	
0.41166667	3.23583236e+01	
0.41325000	3.23995856e+01	
0.41483333	3.22198278e+01	
0.41641667	3.22098082e+01	
0.41800000	3.22621496e+01	
0.41958333	3.20017056e+01	
0.42116667	3.14348126e+01	
0.42275000	3.14830067e+01	
0.42433333	3.14275592e+01	
0.42591667	3.14626633e+01	
0.42750000	3.12685808e+01	
0.42908333	3.12193926e+01	
0.43066667	3.11552729e+01	
0.43225000	3.11406983e+01	
0.43383333	3.10092023e+01	
0.43541667	3.09032399e+01	
0.43700000	3.08462063e+01	
0.43858333	3.07766465e+01	
0.44016667	3.03627675e+01	
0.44175000	3.05939967e+01	
0.44333333	3.05698348e+01	
0.44491667	3.04512014e+01	
0.44650000	2.99064315e+01	
0.44808333	2.96849231e+01	
0.44966667	2.97768897e+01	
0.45125000	2.95834011e+01	
0.45283333	2.94975943e+01	
0.45441667	2.93542146e+01	
0.45600000	2.94276041e+01	
0.45758333	2.95135970e+01	
0.45916667	2.96040546e+01	
0.46075000	2.96601956e+01	
0.46233333	2.96442230e+01	
0.46391667	2.95482970e+01	
0.46550000	2.96979549e+01	
0.46708333	2.94951457e+01	
0.46866667	2.95301934e+01	
0.47025000	2.94817419e+01	
0.47183333	2.92630954e+01	
0.47341667	2.92797615e+01	
0.47500000	2.88879492e+01	
0.47658333	2.86946936e+01	
0.47816667	2.84943235e+01	
0.47975000	2.85961932e+01	
0.48133333	2.84095465e+01	
0.48291667	2.81120497e+01	
0.48450000	2.79403947e+01	
0.48608333	2.78612964e+01	
0.48766667	2.78104809e+01	
0.48925000	2.79280582e+01	
0.49083333	2.78912028e+01	
0.49241667	2.78444462e+01	
0.49400000	2.75799076e+01	
0.49558333	2.70657074e+01	
0.49716667	2.66028188e+01	
0.49875000	2.66517326e+01	
0.50033333	2.67788935e+01	
0.50191667	2.67773301e+01	
0.50350000	2.66817067e+01	
0.50508333	2.67884508e+01	
0.50666667	2.64260902e+01	
0.50825000	2.64185642e+01	
0.50983333	2.62813763e+01	
0.51141667	2.61800347e+01	
0.51300000	2.62133385e+01	
0.51458333	2.61978282e+01	
0.51616667	2.62958682e+01	
0.51775000	2.61518890e+01	
0.51933333	2.60562882e+01	
0.52091667	2.59209756e+01	
0.52250000	2.53361163e+01	
0.52408333	2.55635101e+01	
0.52566667	2.53505593e+01	
0.52725000	2.52135743e+01	
0.52883333	2.51378809e+01	
0.53041667	2.51161638e+01	
0.53200000	2.50403652e+01	
0.53358333	2.49465946e+01	
0.53516667	2.48450050e+01	
0.53675000	2.49197794e+01	
0.53833333	2.44747971e+01	
0.53991667	2.44826086e+01	
0.54150000	2.42786382e+01	
0.54308333	2.37944572e+01	
0.54466667	2.38190700e+01	
0.54625000	2.36985707e+01	
0.54783333	2.38892124e+01	
0.54941667	2.40136523e+01	
0.55100000	2.38496567e+01	
0.55258333	2.37201694e+01	
0.55416667	2.31933922e+01	
0.55575000	2.28474195e+01	
0.55733333	2.24481113e+01	
0.55891667	2.23903393e+01	
0.56050000	2.23715141e+01	
0.56208333	2.20108710e+01	
0.56366667	2.22558704e+01	
0.56525000	2.21982675e+01	
0.56683333	2.20443139e+01	
0.56841667	2.18873462e+01	
0.57000000	2.16444101e+01	
0.57158333	2.15638855e+01	
0.57316667	2.08265365e+01	
0.57475000	2.01619963e+01	
0.57633333	2.01430133e+01	
0.57791667	2.01294234e+01	
0.57950000	2.03337922e+01	
0.58108333	2.01021478e+01	
0.58266667	2.01314623e+01	
0.58425000	1.98543673e+01	
0.58583333	1.96055495e+01	
0.58741667	1.91845073e+01	
0.58900000	1.88380610e+01	
0.59058333	1.89064502e+01	
0.59216667	1.90432604e+01	
0.59375000	1.89502696e+01	
0.59533333	1.87908253e+01	
0.59691667	1.87057156e+01	
0.59850000	1.90303451e+01	
0.60008333	1.87904156e+01	
0.60166667	1.87358212e+01	
0.60325000	1.84842147e+01	
0.60483333	1.77930322e+01	
0.60641667	1.83377345e+01	
0.60800000	1.84015404e+01	
0.60958333	1.82119979e+01	
0.61116667	1.83964386e+01	
0.61275000	1.79209767e+01	
0.61433333	1.74313274e+01	
0.61591667	1.73136129e+01	
0.61750000	1.73989443e+01	
0.61908333	1.75870868e+01	
0.62066667	1.72558709e+01	
0.62225000	1.73194532e+01	
0.62383333	1.72744950e+01	
0.62541667	1.68809821e+01	
0.62700000	1.69680780e+01	
0.62858333	1.67275998e+01	
0.63016667	1.64977086e+01	
0.63175000	1.66734676e+01	
0.63333333	1.66244448e+01	
0.63491667	1.66994823e+01	
0.63650000	1.66538100e+01	
0.63808333	1.66486198e+01	
0.63966667	1.64055522e+01	
0.64125000	1.62597803e+01	
0.64283333	1.60907862e+01	
0.64441667	1.57675322e+01	
0.64600000	1.56072854e+01	
0.64758333	1.55535976e+01	
0.64916667	1.54064183e+01	
0.65075000	1.50160981e+01	
0.65233333	1.49612133e+01	
0.65391667	1.50096545e+01	
0.65550000	1.51471638e+01	
0.65708333	1.47939189e+01	
0.65866667	1.42060755e+01	
0.66025000	1.35007130e+01	
0.66183333	1.32593967e+01	
0.66341667	1.34329618e+01	
0.66500000	1.35766112e+01	
0.66658333	1.33348683e+01	
0.66816667	1.32118171e+01	
0.66975000	1.32364967e+01	
0.67133333	1.30354285e+01	
0.67291667	1.25295670e+01	
0.67450000	1.23097217e+01	
0.67608333	1.24148037e+01	
0.67766667	1.24127573e+01	
0.67925000	1.23755467e+01	
0.68083333	1.15587113e+01	
0.68241667	1.13147088e+01	
0.68400000	1.10693110e+01	
0.68558333	1.12022032e+01	
0.68716667	1.12501991e+01	
0.68875000	1.10779136e+01	
0.69033333	1.09681930e+01	
0.69191667	1.08367242e+01	
0.69350000	1.09245623e+01	
0.69508333	1.02425481e+01	
0.69666667	1.03311812e+01	
0.69825000	1.00128899e+01	
0.69983333	9.86906113e+00	
0.70141667	9.78974764e+00	
0.70300000	9.75296081e+00	
0.70458333	9.34763474e+00	
0.70616667	9.12279184e+00	
0.70775000	9.02992793e+00	
0.70933333	8.83586522e+00	
0.71091667	8.65305663e+00	
0.71250000	8.82637748e+00	
0.71408333	8.62777948e+00	
0.71566667	8.57849641e+00	
0.71725000	8.27407319e+00	
0.71883333	7.52669568e+00	
0.72041667	6.72223529e+00	
0.72200000	6.72939526e+00	
0.72358333	6.15398280e+00	
0.72516667	5.96970849e+00	
0.72675000	5.73324315e+00	
0.72833333	5.54166465e+00	
0.72991667	5.48015971e+00	
0.73150000	5.54454818e+00	
0.73308333	5.45649203e+00	
0.73466667	5.47919383e+00	
0.73625000	5.42703006e+00	
0.73783333	5.26385464e+00	
0.73941667	4.90669544e+00	
0.74100000	4.86435624e+00	
0.74258333	4.79054298e+00	
0.74416667	4.76136475e+00	
0.74575000	4.63750173e+00	
0.74733333	3.71922134e+00	
0.74891667	2.98323396e+00	
0.75050000	2.66380845e+00	
0.75208333	2.35269504e+00	
0.75366667	2.30439523e+00	
0.75525000	1.96862115e+00	
0.75683333	1.58372125e+00	
0.75841667	1.56771891e+00	
0.76000000	1.16472732e+00	
0.76158333	-9.60820730e-03	
0.76316667	9.59426887e-03	
0.76475000	-8.79443018e-04	
0.76633333	-1.28035687e-03	
0.76791667	-2.59767629e-05	
0.76950000	4.44051577e-05	
0.77108333	1.66873596e-04	
0.77266667	2.52824611e-04	
0.77425000	1.54691206e-04	
0.77583333	7.31218270e-05	
0.77741667	3.94475500e-05	
0.77900000	2.30093609e-05	
0.78058333	1.31361349e-05	
0.78216667	6.65009142e-06	
0.78375000	2.66895701e-06	
0.78533333	1.62535449e-07	
0.78691667	-1.12203924e-06	
0.78850000	-1.92808991e-06	
0.79008333	-2.02031552e-06	
0.79166667	-1.73253104e-06	
0.79325000	-1.74291648e-06	
0.79483333	-1.62525643e-06	
0.79641667	-1.42670120e-06	
0.79800000	-1.10910154e-06	
0.79958333	-6.38415990e-07	
0.80116667	-4.58465720e-07	
0.80275000	-4.06344937e-07	
0.80433333	-8.88593202e-08	
0.80591667	2.00242305e-07	
0.80750000	2.87658839e-07	
0.80908333	2.78714454e-07	
0.81066667	5.87477897e-07	
0.81225000	4.39676093e-07	
0.81383333	3.26808180e-07	
0.81541667	5.50600256e-08	
0.81700000	3.59086887e-08	
0.81858333	2.57713344e-07	
0.82016667	1.19998068e-07	
0.82175000	-4.18278656e-09	
0.82333333	4.04112565e-07	
0.82491667	5.03977142e-07	
0.82650000	5.52589675e-07	
0.82808333	4.84443073e-07	
0.82966667	5.26506001e-07	
0.83125000	6.20950431e-07	
0.83283333	4.51215102e-07	
0.83441667	4.77459728e-07	
0.83600000	2.45183594e-07	
0.83758333	1.21164447e-07	
0.83916667	1.59407667e-07	
0.84075000	1.18217945e-07	
0.84233333	1.57695600e-07	
0.84391667	2.77702909e-07	
0.84550000	3.44741165e-07	
0.84708333	3.70667920e-07	
0.84866667	3.85489321e-07	
0.85025000	3.69285806e-07	
0.85183333	3.10836767e-07	
0.85341667	4.10767707e-07	
0.85500000	1.82093753e-07	
0.85658333	1.43390103e-09	
0.85816667	4.20446986e-08	
0.85975000	-7.11276847e-09	
0.86133333	1.85315857e-07	
0.86291667	2.04355550e-07	
0.86450000	1.83606255e-07	
0.86608333	4.80079638e-07	
0.86766667	5.01080020e-07	
0.86925000	3.58827869e-07	
0.87083333	3.83587952e-07	
0.87241667	5.32536743e-07	
0.87400000	5.53540822e-07	
0.87558333	-1.89704330e-08	
0.87716667	4.55442816e-08	
0.87875000	7.44099578e-08	
0.88033333	2.78709858e-08	
0.88191667	4.96933643e-08	
0.88350000	9.98618889e-08	
0.88508333	2.96413908e-07	
0.88666667	3.17777047e-07	
0.88825000	3.54981980e-07	
0.88983333	3.81341495e-07	
0.89141667	5.33274912e-07	
0.89300000	5.05496378e-07	
0.89458333	3.54238995e-07	
0.89616667	6.59494762e-08	
0.89775000	1.53529993e-07	
0.89933333	4.42062206e-08	
0.90091667	1.61481398e-07	
0.90250000	2.03086655e-08	
0.90408333	1.63511881e-07	
0.90566667	4.58630591e-07	
0.90725000	4.12885526e-07	
0.90883333	3.81901660e-07	
0.91041667	3.41715909e-07	
0.91200000	4.15692904e-07	
0.91358333	4.13619047e-07	
0.91516667	-5.29261408e-08	
0.91675000	-1.44846667e-08	
0.91833333	-6.00216732e-08	
0.91991667	-1.12419339e-07	
0.92150000	-3.86319019e-08	
0.92308333	-1.33454282e-07	
0.92466667	2.68212695e-07	
0.92625000	3.09351189e-07	
0.92783333	3.92403951e-07	
0.92941667	3.52173902e-07	
0.93100000	3.45371557e-07	
0.93258333	4.75413452e-07	
0.93416667	2.71454148e-07	
0.93575000	1.55673069e-07	
0.93733333	8.88599432e-08	
0.93891667	8.17908230e-08	
0.94050000	1.08391464e-07	
0.94208333	-2.63334491e-08	
0.94366667	1.75439674e-07	
0.94525000	3.90719452e-07	
0.94683333	3.50575283e-07	
0.94841667	4.56918146e-07	
0.95000000	2.88565940e-07	
0.95158333	3.63149471e-07	
0.95316667	3.17258380e-07	
0.95475000	2.07882462e-07	
0.95633333	1.14553364e-07	
0.95791667	7.78667409e-08	
0.95950000	1.63797298e-07	
0.96108333	-5.30639490e-08	
0.96266667	2.22969927e-08	
0.96425000	2.92887542e-07	
0.96583333	4.05581763e-07	
0.96741667	3.93311500e-07	
0.96900000	3.30178635e-07	
0.97058333	3.37956712e-07	
0.97216667	4.35079686e-07	
0.97375000	1.17301932e-07	
0.97533333	7.80321339e-09	
0.97691667	2.99454502e-08	
0.97850000	4.23038712e-08	
0.98008333	1.49710510e-07	
0.98166667	-5.01299056e-09	
0.98325000	1.90908548e-07	
0.98483333	2.73640766e-07	
0.98641667	4.76925296e-07	
0.98800000	6.36375595e-07	
0.98958333	4.82715340e-07	
0.99116667	6.32529566e-07	
0.99275000	5.69258319e-07	
0.99433333	3.82509679e-07	
0.99591667	4.19930279e-07	
0.99750000	2.29020470e-07	
0.99908333	4.20750827e-07	
1.00066667	3.26851498e-07	
1.00225000	2.18996287e-07	
1.00383333	2.61299745e-07	
1.00541667	4.19063948e-07	
1.00700000	5.63909295e-07	
1.00858333	4.21182467e-07	
1.01016667	3.93440054e-07	
1.01175000	5.26705034e-07	
1.01333333	4.22782431e-07	
1.01491667	1.52017071e-07	
1.01650000	-8.76762951e-08	
1.01808333	1.85291146e-07	
1.01966667	2.35174068e-07	
1.02125000	2.17821130e-07	
1.02283333	1.41345078e-07	
1.02441667	3.77850326e-07	
1.02600000	6.12133059e-07	
1.02758333	7.06810291e-07	
1.02916667	5.57169281e-07	
1.03075000	6.57549193e-07	
1.03233333	5.95930020e-07	
1.03391667	4.26456335e-07	
1.03550000	1.81574301e-07	
1.03708333	1.95488980e-07	
1.03866667	3.09739594e-07	
1.04025000	2.59614853e-07	
1.04183333	3.12463500e-07	
1.04341667	2.62578478e-07	
1.04500000	5.67410740e-07	
1.04658333	6.88920064e-07	
1.04816667	6.29808796e-07	
1.04975000	6.64594197e-07	
1.05133333	6.80190617e-07	
1.05291667	6.40541678e-07	
1.05450000	3.36237967e-07	
1.05608333	1.68999469e-07	
1.05766667	2.29789693e-07	
1.05925000	3.03085880e-07	
1.06083333	3.30359943e-07	
1.06241667	2.11684192e-07	
1.06400000	1.58023271e-07	
1.06558333	5.31241797e-07	
1.06716667	5.51940606e-07	
1.06875000	4.42658814e-07	
1.07033333	4.71394040e-07	
1.07191667	5.81023383e-07	
1.07350000	5.94892461e-07	
1.07508333	3.18253516e-07	
1.07666667	2.63590303e-07	
1.07825000	2.80269056e-07	
1.07983333	2.14328855e-07	
1.08141667	2.44360021e-07	
1.08300000	1.73527930e-07	
1.08458333	4.98927955e-07	
1.08616667	6.06991468e-07	
1.08775000	5.53410728e-07	
1.08933333	6.09800386e-07	
1.09091667	6.26176865e-07	
1.09250000	5.73856349e-07	
1.09408333	3.55500900e-07	
1.09566667	2.44273525e-07	
1.09725000	3.48241490e-07	
1.09883333	3.18382266e-07	
1.10041667	2.12945635e-07	
1.10200000	1.63511475e-07	
1.10358333	2.14976720e-07	
1.10516667	4.34525737e-07	
1.10675000	5.14735057e-07	
1.10833333	5.69484457e-07	
1.10991667	6.14640571e-07	
1.11150000	5.76006734e-07	
1.11308333	5.22444138e-07	
1.11466667	2.67997925e-07	
1.11625000	1.66968846e-07	
1.11783333	2.51447839e-07	
1.11941667	2.96516897e-07	
1.12100000	2.12859419e-07	
1.12258333	1.34189161e-07	
1.12416667	2.86535513e-07	
1.12575000	4.39028872e-07	
1.12733333	5.44594868e-07	
1.12891667	5.16938755e-07	
1.13050000	4.90606542e-07	
1.13208333	5.47859759e-07	
1.13366667	4.05998449e-07	
1.13525000	1.09178999e-07	
1.13683333	8.88341051e-08	
1.13841667	2.06836125e-07	
1.14000000	2.09100530e-07	
1.14158333	1.75421865e-07	
1.14316667	1.98029912e-07	
1.14475000	5.24069499e-07	
1.14633333	5.39236660e-07	
1.14791667	6.76648178e-07	
1.14950000	6.26393651e-07	
1.15108333	6.33003515e-07	
1.15266667	7.20809911e-07	
1.15425000	2.63678563e-07	
1.15583333	1.75292219e-07	
1.15741667	7.62252163e-08	
1.15900000	7.83586880e-08	
1.16058333	1.22772111e-07	
1.16216667	1.64903095e-07	
1.16375000	2.52468372e-07	
1.16533333	5.49899706e-07	
1.16691667	5.78818228e-07	
1.16850000	7.07761830e-07	
1.17008333	4.61213035e-07	
1.17166667	6.46376075e-07	
1.17325000	3.63047462e-07	
1.17483333	2.17993520e-07	
1.17641667	1.94891881e-07	
1.17800000	1.34258226e-07	
1.17958333	1.60228300e-07	
1.18116667	1.18020102e-07	
1.18275000	1.00155223e-07	
1.18433333	4.30862389e-07	
1.18591667	4.37083372e-07	
1.18750000	5.34959412e-07	
1.18908333	5.96276115e-07	
1.19066667	6.43464449e-07	
1.19225000	7.00760900e-07	
1.19383333	4.57056444e-07	
1.19541667	2.17345570e-07	
1.19700000	1.13688923e-07	
1.19858333	2.59657695e-07	
1.20016667	2.89517031e-07	
1.20175000	1.08123863e-07	
1.20333333	1.61507019e-07	
1.20491667	2.85825317e-07	
1.20650000	7.05773853e-07	
1.20808333	6.86112434e-07	
1.20966667	4.38250857e-07	
1.21125000	7.68946647e-07	
1.21283333	5.22987139e-07	
1.21441667	4.50479677e-07	
1.21600000	3.71446215e-07	
1.21758333	3.11511738e-07	
1.21916667	4.42831358e-07	
1.22075000	2.70892247e-07	
1.22233333	9.38292982e-08	
1.22391667	2.14674209e-07	
1.22550000	3.97209919e-07	
1.22708333	5.36859633e-07	
1.22866667	4.23948599e-07	
1.23025000	4.72388084e-07	
1.23183333	5.34656550e-07	
1.23341667	4.08391465e-07	
1.23500000	2.56241290e-07	
1.23658333	5.44462905e-08	
1.23816667	2.29236374e-07	
1.23975000	3.10172410e-07	
1.24133333	2.14467265e-07	
1.24291667	2.86837507e-07	
1.24450000	7.69468367e-07	
1.24608333	6.32010927e-07	
1.24766667	5.37896688e-07	
1.24925000	5.26790886e-07	
1.25083333	5.80373306e-07	
1.25241667	5.67411356e-07	
1.25400000	4.17708575e-07	
1.25558333	2.44792808e-07	
1.25716667	2.13939792e-07	
1.25875000	3.21104044e-07	
1.26033333	1.68507697e-07	
1.26191667	3.43360563e-07	
1.26350000	2.80555201e-07	
1.26508333	4.83113686e-07	
1.26666667	5.32667845e-07	
1.26825000	3.42537438e-07	
1.26983333	5.01384001e-07	
1.27141667	3.95635604e-07	
1.27300000	4.29394871e-07	
1.27458333	3.09472490e-07	
1.27616667	2.25892072e-07	
1.27775000	3.47895954e-07	
1.27933333	2.94399974e-07	
1.28091667	2.69855417e-07	
1.28250000	9.73986393e-08	
1.28408333	1.43825528e-07	
1.28566667	4.39867229e-07	
1.28725000	4.13490634e-07	
1.28883333	3.58050050e-07	
1.29041667	5.34525953e-07	
1.29200000	4.94814179e-07	
1.29358333	1.91125754e-07	
1.29516667	2.84115140e-07	
1.29675000	1.75783978e-07	
1.29833333	3.73693372e-07	
1.29991667	2.03655812e-07	
1.30150000	1.72077115e-07	
1.30308333	9.83426037e-08	
1.30466667	4.80944820e-07	
1.30625000	4.55362480e-07	
1.30783333	4.48448774e-07	
1.30941667	6.05046165e-07	
1.31100000	7.29410161e-07	
1.31258333	8.23396882e-07	
1.31416667	5.39408644e-07	
1.31575000	2.25607061e-07	
1.31733333	2.20438925e-07	
1.31891667	2.38527415e-07	
1.32050000	2.59268562e-07	
1.32208333	1.56476523e-07	
1.32366667	2.17586521e-07	
1.32525000	4.62707658e-07	
1.32683333	5.09722216e-07	
1.32841667	6.16844550e-07	
1.33000000	5.06031706e-07	
1.33158333	5.49521577e-07	
1.33316667	5.29600812e-07	
1.33475000	1.01952750e-07	
1.33633333	1.33177854e-07	
1.33791667	1.59536571e-07	
1.33950000	1.64980939e-07	
1.34108333	1.27585793e-07	
1.34266667	1.62777380e-07	
1.34425000	4.05573362e-07	
1.34583333	3.62111884e-07	
1.34741667	5.15643193e-07	
1.34900000	6.01287388e-07	
1.35058333	5.89319539e-07	
1.35216667	6.18357010e-07	
1.35375000	3.77002224e-07	
1.35533333	2.32944132e-07	
1.35691667	2.23662570e-07	
1.35850000	9.79513071e-08	
1.36008333	2.15408780e-07	
1.36166667	-6.86373588e-08	
1.36325000	-1.90820950e-08	
1.36483333	3.80252722e-07	
1.36641667	4.97191037e-07	
1.36800000	5.05746149e-07	
1.36958333	4.50739501e-07	
1.37116667	4.73416795e-07	
1.37275000	6.15722260e-07	
1.37433333	2.16576404e-07	
1.37591667	3.69587156e-07	
1.37750000	2.30057147e-07	
1.37908333	2.96819002e-07	
1.38066667	2.43963887e-07	
1.38225000	8.07361837e-08	
1.38383333	2.66658065e-07	
1.38541667	4.23964924e-07	
1.38700000	5.51032357e-07	
1.38858333	5.56909765e-07	
1.39016667	4.84142116e-07	
1.39175000	6.07597863e-07	
1.39333333	4.38198746e-07	
1.39491667	7.55769172e-08	
1.39650000	1.42416252e-07	
1.39808333	4.61491297e-08	
1.39966667	2.54169449e-07	
1.40125000	7.56634341e-08	
1.40283333	2.07310788e-07	
1.40441667	4.59942114e-07	
1.40600000	4.41405730e-07	
1.40758333	5.60064219e-07	
1.40916667	4.26540927e-07	
1.41075000	5.59329634e-07	
1.41233333	5.06398074e-07	
1.41391667	4.41622572e-07	
1.41550000	3.83372454e-07	
1.41708333	2.76467017e-07	
1.41866667	4.08607495e-07	
1.42025000	3.58309202e-07	
1.42183333	1.84599053e-07	
1.42341667	2.51965974e-07	
1.42500000	3.58870487e-07	
1.42658333	5.43861011e-07	
1.42816667	4.81911144e-07	
1.42975000	4.38985862e-07	
1.43133333	5.38743222e-07	
1.43291667	5.78082635e-07	
1.43450000	4.11156337e-07	
1.43608333	2.78117691e-07	
1.43766667	2.15798431e-07	
1.43925000	3.66821864e-07	
1.44083333	2.51663896e-07	
1.44241667	2.98634940e-07	
1.44400000	2.69630875e-07	
1.44558333	2.89991064e-07	
1.44716667	4.59251155e-07	
1.44875000	3.42018379e-07	
1.45033333	4.85006011e-07	
1.45191667	4.98142632e-07	
1.45350000	2.61360815e-07	
1.45508333	3.59242763e-07	
1.45666667	1.14035124e-07	
1.45825000	3.11381896e-07	
1.45983333	1.87235651e-07	
1.46141667	-5.44465671e-08	
1.46300000	1.83483609e-07	
1.46458333	4.30844468e-07	
1.46616667	6.34388121e-07	
@ 
0.00000000	5.05617399e-07	
0.00158333	4.58127577e-07	
0.00316667	5.76872813e-07	
0.00475000	5.24975508e-07	
0.00633333	5.76622369e-07	
0.00791667	2.70451899e-07	
0.00950000	3.00752843e-07	
0.01108333	3.67081295e-07	
0.01266667	1.76172369e-07	
0.01425000	1.89784802e-07	
0.01583333	2.88013083e-07	
0.01741667	5.27268587e-07	
0.01900000	5.42866687e-07	
0.02058333	5.30075545e-07	
0.02216667	5.62483527e-07	
0.02375000	3.78316435e-07	
0.02533333	6.35296090e-07	
0.02691667	4.44646596e-07	
0.02850000	5.79720512e-08	
0.03008333	1.33004708e-07	
0.03166667	1.49001448e-07	
0.03325000	2.27680988e-07	
0.03483333	1.61680697e-07	
0.03641667	4.05714377e-07	
0.03800000	5.28131922e-07	
0.03958333	5.09592514e-07	
0.04116667	5.40835980e-07	
0.04275000	4.85178386e-07	
0.04433333	4.77831809e-07	
0.04591667	2.58577715e-07	
0.04750000	3.13690096e-08	
0.04908333	1.58093638e-07	
0.05066667	1.23973393e-07	
0.05225000	7.52574859e-08	
0.05383333	1.80105845e-07	
0.05541667	7.05996939e-08	
0.05700000	3.40827009e-07	
0.05858333	5.98955948e-07	
0.06016667	6.16282117e-07	
0.06175000	6.55995179e-07	
0.06333333	6.44628517e-07	
0.06491667	6.77727122e-07	
0.06650000	2.23895148e-07	
0.06808333	1.38882564e-07	
0.06966667	3.57012967e-07	
0.07125000	2.27378533e-07	
0.07283333	3.51653891e-07	
0.07441667	3.44525135e-07	
0.07600000	3.70729859e-07	
0.07758333	6.55172782e-07	
0.07916667	6.28121496e-07	
0.08075000	6.24967043e-07	
0.08233333	5.57340536e-07	
0.08391667	5.05143002e-07	
0.08550000	5.62120967e-07	
0.08708333	2.02272116e-07	
0.08866667	1.93518097e-07	
0.09025000	1.78895323e-07	
0.09183333	2.35891377e-07	
0.09341667	1.55691116e-07	
0.09500000	4.29006025e-08	
0.09658333	4.58145553e-07	
0.09816667	4.06862148e-07	
0.09975000	5.13525682e-07	
0.10133333	4.83319327e-07	
0.10291667	5.42476797e-07	
0.10450000	6.55987003e-07	
0.10608333	2.67911681e-07	
0.10766667	-1.48307657e-08	
0.10925000	7.46604011e-08	
0.11083333	1.69130221e-07	
0.11241667	3.89292816e-07	
0.11400000	2.54515460e-07	
0.11558333	3.48803419e-07	
0.11716667	5.19877991e-07	
0.11875000	5.70305230e-07	
0.12033333	6.33306433e-07	
0.12191667	5.38846714e-07	
0.12350000	5.17414721e-07	
0.12508333	5.99343653e-07	
0.12666667	1.82179717e-07	
0.12825000	1.25675519e-07	
0.12983333	1.13257242e-07	
0.13141667	2.30403256e-07	
0.13300000	1.89430866e-07	
0.13458333	7.51021209e-08	
0.13616667	1.07422522e-07	
0.13775000	4.32933838e-07	
0.13933333	5.43124578e-07	
0.14091667	4.74807057e-07	
0.14250000	4.42010137e-07	
0.14408333	5.52112310e-07	
0.14566667	4.95576709e-07	
0.14725000	3.35640896e-07	
0.14883333	1.60643096e-07	
0.15041667	1.89049951e-07	
0.15200000	3.19635098e-07	
0.15358333	1.57981255e-07	
0.15516667	3.08227050e-07	
0.15675000	1.83562405e-07	
0.15833333	3.94952458e-07	
0.15991667	5.72034476e-07	
0.16150000	5.24371577e-07	
0.16308333	6.78594041e-07	
0.16466667	5.20783720e-07	
0.16625000	1.65172313e-07	
0.16783333	1.84331487e-07	
0.16941667	2.38181291e-07	
0.17100000	3.21708955e-07	
0.17258333	2.26860145e-07	
0.17416667	1.61006482e-07	
0.17575000	2.76560989e-07	
0.17733333	4.20793781e-07	
0.17891667	6.11788867e-07	
0.18050000	3.88773225e-07	
0.18208333	4.32374261e-07	
0.18366667	5.34396139e-07	
0.18525000	4.01934879e-07	
0.18683333	4.47410712e-07	
0.18841667	1.57117360e-07	
0.19000000	1.49511407e-07	
0.19158333	2.37516318e-07	
0.19316667	8.92584711e-08	
0.19475000	3.16738788e-07	
0.19633333	3.70366039e-07	
0.19791667	5.42563713e-07	
0.19950000	4.77141522e-07	
0.20108333	4.81073402e-07	
0.20266667	5.52288270e-07	
0.20425000	5.03803366e-07	
0.20583333	3.34413713e-07	
0.20741667	1.65932282e-07	
0.20900000	7.35725103e-08	
0.21058333	2.25304592e-07	
0.21216667	1.05826290e-07	
0.21375000	2.07769771e-07	
0.21533333	2.61774030e-07	
0.21691667	4.60980625e-07	
0.21850000	6.67834054e-07	
0.22008333	4.83795404e-07	
0.22166667	4.52855976e-07	
0.22325000	5.64428998e-07	
0.22483333	5.45589529e-07	
0.22641667	6.57376593e-07	
0.22800000	2.15928259e-07	
0.22958333	2.27508430e-07	
0.23116667	3.13888624e-07	
0.23275000	1.49079697e-07	
0.23433333	3.40982864e-07	
0.23591667	2.13481999e-07	
0.23750000	4.95592558e-07	
0.23908333	4.27387125e-07	
0.24066667	4.31734852e-07	
0.24225000	5.62873641e-07	
0.24383333	5.51636624e-07	
0.24541667	4.75602573e-07	
0.24700000	2.71412426e-07	
0.24858333	1.03811221e-07	
0.25016667	1.95964819e-07	
0.25175000	1.74228634e-07	
0.25333333	2.43756790e-07	
0.25491667	1.70313834e-07	
0.25650000	3.25857313e-07	
0.25808333	5.63048144e-07	
0.25966667	5.05401510e-07	
0.26125000	6.29073819e-07	
0.26283333	6.31579483e-07	
0.26441667	6.44325935e-07	
0.26600000	6.72889625e-07	
0.26758333	3.05643094e-07	
0.26916667	2.48940522e-07	
0.27075000	1.68179214e-07	
0.27233333	1.78402809e-07	
0.27391667	1.05608902e-07	
0.27550000	4.36433673e-08	
0.27708333	1.76544478e-07	
0.27866667	4.58646300e-07	
0.28025000	5.42260404e-07	
0.28183333	5.72595229e-07	
0.28341667	6.00856337e-07	
0.28500000	8.28104622e-07	
0.28658333	4.30991755e-07	
0.28816667	1.80451339e-07	
0.28975000	2.42589669e-07	
0.29133333	1.84425949e-07	
0.29291667	2.41449010e-07	
0.29450000	8.29999873e-08	
0.29608333	1.92854566e-07	
0.29766667	2.81125194e-07	
0.29925000	3.34629491e-07	
0.30083333	4.75282574e-07	
0.30241667	3.35062503e-07	
0.30400000	5.58767984e-07	
0.30558333	5.95065509e-07	
0.30716667	3.19098566e-07	
0.30875000	3.26851190e-07	
0.31033333	2.82257425e-07	
0.31191667	4.10120710e-07	
0.31350000	2.85298978e-07	
0.31508333	1.93077722e-07	
0.31666667	7.39609171e-07	
0.31825000	5.94502964e-07	
0.31983333	6.62690559e-07	
0.32141667	4.72647992e-07	
0.32300000	5.18753965e-07	
0.32458333	7.93019999e-07	
0.32616667	6.67574091e-07	
0.32775000	2.31915786e-07	
0.32933333	1.75611056e-07	
0.33091667	1.70685033e-07	
0.33250000	2.39652309e-07	
0.33408333	-2.08713473e-08	
0.33566667	2.44343500e-07	
0.33725000	4.02471355e-07	
0.33883333	6.16369705e-07	
0.34041667	7.11911000e-07	
0.34200000	4.74979937e-07	
0.34358333	5.50384800e-07	
0.34516667	5.45284651e-07	
0.34675000	5.68964474e-07	
0.34833333	3.15184159e-07	
0.34991667	1.94062792e-07	
0.35150000	3.05504824e-07	
0.35308333	3.74557519e-07	
0.35466667	3.01675624e-07	
0.35625000	4.96025009e-07	
0.35783333	6.34558201e-07	
0.35941667	8.60384302e-07	
0.36100000	8.24863868e-07	
0.36258333	8.51869568e-07	
0.36416667	9.82957786e-07	
0.36575000	7.14425569e-07	
0.36733333	6.43202301e-07	
0.36891667	6.89656609e-07	
0.37050000	6.41042956e-07	
0.37208333	6.74574685e-07	
0.37366667	7.33694689e-07	
0.37525000	5.76025999e-07	
0.37683333	7.21286157e-07	
0.37841667	9.13652604e-07	
0.38000000	9.43654326e-07	
0.38158333	8.51741882e-07	
0.38316667	9.08825356e-07	
0.38475000	8.19031039e-07	
0.38633333	7.73339484e-07	
0.38791667	5.44378307e-07	
0.38950000	5.13740844e-07	
0.39108333	6.15892844e-07	
0.39266667	5.63867181e-07	
0.39425000	5.18451943e-07	
0.39583333	5.93597235e-07	
0.39741667	8.32176284e-07	
0.39900000	9.20749411e-07	
0.40058333	8.04770111e-07	
0.40216667	8.54593250e-07	
0.40375000	9.06361749e-07	
0.40533333	9.89629253e-07	
0.40691667	6.86718046e-07	
0.40850000	5.75404315e-07	
0.41008333	5.88367720e-07	
0.41166667	7.06075650e-07	
0.41325000	6.38780959e-07	
0.41483333	5.83832637e-07	
0.41641667	6.44629693e-07	
0.41800000	9.32632808e-07	
0.41958333	1.02061432e-06	
0.42116667	9.50222637e-07	
0.42275000	1.05837906e-06	
0.42433333	9.73970391e-07	
0.42591667	8.94822935e-07	
0.42750000	6.59801726e-07	
0.42908333	5.20397023e-07	
0.43066667	6.97822504e-07	
0.43225000	5.97658089e-07	
0.43383333	6.89007988e-07	
0.43541667	5.60491798e-07	
0.43700000	6.50287123e-07	
0.43858333	9.73944070e-07	
0.44016667	9.50175371e-07	
0.44175000	1.11723524e-06	
0.44333333	1.11364783e-06	
0.44491667	1.05174242e-06	
0.44650000	1.03132940e-06	
0.44808333	5.53797313e-07	
0.44966667	6.10275792e-07	
0.45125000	6.24146998e-07	
0.45283333	6.04313204e-07	
0.45441667	5.84089353e-07	
0.45600000	4.47541086e-07	
0.45758333	7.64931939e-07	
0.45916667	8.74300199e-07	
0.46075000	7.91332084e-07	
0.46233333	7.66789318e-07	
0.46391667	9.36810147e-07	
0.46550000	8.40291329e-07	
0.46708333	7.02142594e-07	
0.46866667	4.49096723e-07	
0.47025000	6.51325409e-07	
0.47183333	6.04010006e-07	
0.47341667	7.02705363e-07	
0.47500000	6.26091237e-07	
0.47658333	8.97915786e-07	
0.47816667	8.85621330e-07	
0.47975000	8.53687298e-07	
0.48133333	9.41836597e-07	
0.48291667	9.61773043e-07	
0.48450000	1.03357510e-06	
0.48608333	9.14743309e-07	
0.48766667	5.99474307e-07	
0.48925000	6.03014450e-07	
0.49083333	7.06594625e-07	
0.49241667	7.69554386e-07	
0.49400000	6.77254797e-07	
0.49558333	6.12601912e-07	
0.49716667	9.31468684e-07	
0.49875000	9.31452555e-07	
0.50033333	9.47019965e-07	
0.50191667	9.16983130e-07	
0.50350000	8.54059602e-07	
0.50508333	1.07011584e-06	
0.50666667	6.87754596e-07	
0.50825000	7.86060511e-07	
0.50983333	7.12212630e-07	
0.51141667	6.83563760e-07	
0.51300000	6.88619947e-07	
0.51458333	6.61785111e-07	
0.51616667	8.45171835e-07	
0.51775000	9.21275554e-07	
0.51933333	9.36730344e-07	
0.52091667	8.93398567e-07	
0.52250000	8.15788101e-07	
0.52408333	1.02787259e-06	
0.52566667	8.75078913e-07	
0.52725000	6.63728790e-07	
0.52883333	6.13907610e-07	
0.53041667	3.53859438e-07	
0.53200000	4.37516664e-07	
0.53358333	4.51993565e-07	
0.53516667	5.59115648e-07	
0.53675000	9.33886480e-07	
0.53833333	8.52712910e-07	
0.53991667	1.08793595e-06	
0.54150000	8.93223616e-07	
0.54308333	9.96026644e-07	
0.54466667	9.63913684e-07	
0.54625000	5.31864713e-07	
0.54783333	8.27310226e-07	
0.54941667	6.46270959e-07	
0.55100000	6.18830063e-07	
0.55258333	5.75404259e-07	
0.55416667	4.70616109e-07	
0.55575000	5.07387919e-07	
0.55733333	5.99083745e-07	
0.55891667	9.23860854e-07	
0.56050000	8.48500289e-07	
0.56208333	8.74601100e-07	
0.56366667	1.00095016e-06	
0.56525000	8.80262338e-07	
0.56683333	7.00458094e-07	
0.56841667	5.49397140e-07	
0.57000000	4.97494235e-07	
0.57158333	7.53782623e-07	
0.57316667	7.58578454e-07	
0.57475000	6.63943616e-07	
0.57633333	8.22142706e-07	
0.57791667	1.00194824e-06	
0.57950000	1.19691057e-06	
0.58108333	1.13373761e-06	
0.58266667	1.27002756e-06	
0.58425000	1.22071993e-06	
0.58583333	1.21760361e-06	
0.58741667	1.16074874e-06	
0.58900000	9.81590989e-07	
0.59058333	1.10971443e-06	
0.59216667	1.29171801e-06	
0.59375000	1.21437731e-06	
0.59533333	1.46396651e-06	
0.59691667	1.77120536e-06	
0.59850000	2.25004925e-06	
0.60008333	2.58032564e-06	
0.60166667	2.95151768e-06	
0.60325000	3.55059449e-06	
0.60483333	4.27776987e-06	
0.60641667	5.48911004e-06	
0.60800000	6.24280441e-06	
0.60958333	7.51875401e-06	
0.61116667	9.51966197e-06	
0.61275000	1.23697481e-05	
0.61433333	1.67253234e-05	
0.61591667	2.20619292e-05	
0.61750000	2.91484478e-05	
0.61908333	3.78508028e-05	
0.62066667	4.75747099e-05	
0.62225000	6.04035470e-05	
0.62383333	7.64117353e-05	
0.62541667	9.71029022e-05	
0.62700000	1.12078351e-04	
0.62858333	1.11070958e-04	
0.63016667	1.15466157e-04	
0.63175000	1.31908215e-04	
0.63333333	1.54812809e-04	
0.63491667	2.04039150e-04	
0.63650000	3.11504349e-04	
0.63808333	4.14001800e-04	
0.63966667	3.76211986e-04	
0.64125000	3.58386004e-04	
0.64283333	8.81750185e-04	
0.64441667	1.65003536e-03	
0.64600000	2.65916335e-03	
0.64758333	2.56559164e-03	
0.64916667	1.14680925e-02	
0.65075000	1.53458008e-02	
0.65233333	1.54977050e-02	
0.65391667	1.84528867e-02	
0.65550000	2.26540765e-02	
0.65708333	2.72633592e-02	
0.65866667	2.13955403e-02	
0.66025000	2.02626326e-02	
0.66183333	2.42241468e-02	
0.66341667	2.85976772e-02	
0.66500000	4.16552662e-02	
0.66658333	4.76840041e-02	
0.66816667	5.20876300e-02	
0.66975000	5.99157437e-02	
0.67133333	6.68070952e-02	
0.67291667	6.98511357e-02	
0.67450000	7.48668193e-02	
0.67608333	8.49193414e-02	
0.67766667	9.98845619e-02	
0.67925000	1.12758286e-01	
0.68083333	1.41373290e-01	
0.68241667	1.76058083e-01	
0.68400000	1.66935203e-01	
0.68558333	1.71210141e-01	
0.68716667	1.70097431e-01	
0.68875000	1.72857392e-01	
0.69033333	2.08884179e-01	
0.69191667	3.49474311e-01	
0.69350000	4.73837561e-01	
0.69508333	7.51236013e-01	
0.69666667	1.79162366e+00	
0.69825000	3.38495820e+00	
0.69983333	7.46769655e+00	
0.70141667	1.20998620e+01	
0.70300000	1.48927537e+01	
0.70458333	1.68407066e+01	
0.70616667	1.93738712e+01	
0.70775000	2.06833823e+01	
0.70933333	2.14248504e+01	
0.71091667	2.25975926e+01	
0.71250000	2.31234189e+01	
0.71408333	2.40386730e+01	
0.71566667	2.42574660e+01	
0.71725000	2.53884877e+01	
0.71883333	2.60375889e+01	
0.72041667	2.62961557e+01	
0.72200000	2.77546594e+01	
0.72358333	2.88989402e+01	
0.72516667	2.97039662e+01	
0.72675000	2.97387151e+01	
0.72833333	3.02863752e+01	
0.72991667	3.05293432e+01	
0.73150000	3.13513209e+01	
0.73308333	3.22014047e+01	
0.73466667	3.22273180e+01	
0.73625000	3.30200263e+01	
0.73783333	3.27829136e+01	
0.73941667	3.33008100e+01	
0.74100000	3.35499153e+01	
