start voltage : 0.00 V 
set voltage : 0.10 V 
High G : 30.00 G0 
Intermediate G : 20.00 G0 
Low G : 10.00 G0 
Breaking speed 1 : 300.00 V/s 
Breaking speed 2 : 300.00 V/s 
Making speed : 500.00 V/s 
Post breaking : 230.00 V/s 
@ 
0.00000000	3.86809994e+01	
0.00158333	3.90569011e+01	
0.00316667	3.91808562e+01	
0.00475000	3.90053114e+01	
0.00633333	3.90620574e+01	
0.00791667	3.91351932e+01	
0.00950000	3.89256249e+01	
0.01108333	3.90343590e+01	
0.01266667	3.87885722e+01	
0.01425000	3.89056647e+01	
0.01583333	3.87034588e+01	
0.01741667	3.89109263e+01	
0.01900000	3.89844154e+01	
0.02058333	3.87864225e+01	
0.02216667	3.88724905e+01	
0.02375000	3.89773687e+01	
0.02533333	3.88744523e+01	
0.02691667	3.90237043e+01	
0.02850000	3.88646733e+01	
0.03008333	3.88464457e+01	
0.03166667	3.88872868e+01	
0.03325000	3.87961226e+01	
0.03483333	3.89843853e+01	
0.03641667	3.85610581e+01	
0.03800000	3.87984301e+01	
0.03958333	3.89036879e+01	
0.04116667	3.87926725e+01	
0.04275000	3.88850807e+01	
0.04433333	3.87230393e+01	
0.04591667	3.88379220e+01	
0.04750000	3.87494299e+01	
0.04908333	3.87372381e+01	
0.05066667	3.87704950e+01	
0.05225000	3.86430672e+01	
0.05383333	3.86280492e+01	
0.05541667	3.86920261e+01	
0.05700000	3.86402072e+01	
0.05858333	3.87138729e+01	
0.06016667	3.86043872e+01	
0.06175000	3.87229266e+01	
0.06333333	3.86344495e+01	
0.06491667	3.84943978e+01	
0.06650000	3.86836114e+01	
0.06808333	3.85332357e+01	
0.06966667	3.85537596e+01	
0.07125000	3.83441687e+01	
0.07283333	3.83230434e+01	
0.07441667	3.81565824e+01	
0.07600000	3.79523883e+01	
0.07758333	3.81093974e+01	
0.07916667	3.78913203e+01	
0.08075000	3.78169555e+01	
0.08233333	3.78968712e+01	
0.08391667	3.77798088e+01	
0.08550000	3.79028055e+01	
0.08708333	3.80253513e+01	
0.08866667	3.79056656e+01	
0.09025000	3.78075222e+01	
0.09183333	3.75904411e+01	
0.09341667	3.77789857e+01	
0.09500000	3.76738332e+01	
0.09658333	3.77359423e+01	
0.09816667	3.77187633e+01	
0.09975000	3.77156327e+01	
0.10133333	3.77506634e+01	
0.10291667	3.73907419e+01	
0.10450000	3.74779675e+01	
0.10608333	3.76292189e+01	
0.10766667	3.74264605e+01	
0.10925000	3.74684816e+01	
0.11083333	3.74101308e+01	
0.11241667	3.74171475e+01	
0.11400000	3.75805531e+01	
0.11558333	3.76576201e+01	
0.11716667	3.77013212e+01	
0.11875000	3.75428577e+01	
0.12033333	3.75936055e+01	
0.12191667	3.75095181e+01	
0.12350000	3.75921624e+01	
0.12508333	3.76221120e+01	
0.12666667	3.73134306e+01	
0.12825000	3.72757879e+01	
0.12983333	3.45396958e+01	
0.13141667	3.40419399e+01	
0.13300000	3.40980320e+01	
0.13458333	3.41594683e+01	
0.13616667	3.40332357e+01	
0.13775000	3.38231637e+01	
0.13933333	3.39051127e+01	
0.14091667	3.39257794e+01	
0.14250000	3.39126819e+01	
0.14408333	3.36793162e+01	
0.14566667	3.35329280e+01	
0.14725000	3.37126895e+01	
0.14883333	3.36632608e+01	
0.15041667	3.34803348e+01	
0.15200000	3.32941504e+01	
0.15358333	3.33435452e+01	
0.15516667	3.32734724e+01	
0.15675000	3.31620173e+01	
0.15833333	3.31591159e+01	
0.15991667	3.32670608e+01	
0.16150000	3.32202666e+01	
0.16308333	3.30375924e+01	
0.16466667	3.33607769e+01	
0.16625000	3.30396670e+01	
0.16783333	3.31145729e+01	
0.16941667	3.30592738e+01	
0.17100000	3.31124909e+01	
0.17258333	3.31092324e+01	
0.17416667	3.31568722e+01	
0.17575000	3.30762311e+01	
0.17733333	3.28871716e+01	
0.17891667	3.26266825e+01	
0.18050000	3.26055122e+01	
0.18208333	3.27168207e+01	
0.18366667	3.22047646e+01	
0.18525000	3.05020131e+01	
0.18683333	3.06872505e+01	
0.18841667	3.05812073e+01	
0.19000000	3.04050894e+01	
0.19158333	3.04349958e+01	
0.19316667	3.03075154e+01	
0.19475000	3.00718891e+01	
0.19633333	3.02744182e+01	
0.19791667	3.01803019e+01	
0.19950000	3.00015626e+01	
0.20108333	2.98979209e+01	
0.20266667	2.98432795e+01	
0.20425000	3.01914076e+01	
0.20583333	2.98975469e+01	
0.20741667	2.99414717e+01	
0.20900000	2.98892750e+01	
0.21058333	2.96298138e+01	
0.21216667	2.94674210e+01	
0.21375000	2.94167746e+01	
0.21533333	2.93147960e+01	
0.21691667	2.90922654e+01	
0.21850000	2.91521928e+01	
0.22008333	2.89985455e+01	
0.22166667	2.89686786e+01	
0.22325000	2.90250958e+01	
0.22483333	2.88508250e+01	
0.22641667	2.84542473e+01	
0.22800000	2.78384462e+01	
0.22958333	2.76466995e+01	
0.23116667	2.76705062e+01	
0.23275000	2.74259070e+01	
0.23433333	2.74550937e+01	
0.23591667	2.72914664e+01	
0.23750000	2.71629826e+01	
0.23908333	2.72151774e+01	
0.24066667	2.71971001e+01	
0.24225000	2.71598031e+01	
0.24383333	2.69614325e+01	
0.24541667	2.70930657e+01	
0.24700000	2.70398599e+01	
0.24858333	2.58343288e+01	
0.25016667	2.54033798e+01	
0.25175000	2.51967617e+01	
0.25333333	2.55949574e+01	
0.25491667	2.55153216e+01	
0.25650000	2.56156278e+01	
0.25808333	2.56711336e+01	
0.25966667	2.56676948e+01	
0.26125000	2.56456432e+01	
0.26283333	2.55673867e+01	
0.26441667	2.53119412e+01	
0.26600000	2.52662294e+01	
0.26758333	2.50113984e+01	
0.26916667	2.51971413e+01	
0.27075000	2.50834744e+01	
0.27233333	2.49799135e+01	
0.27391667	2.49238383e+01	
0.27550000	2.51477670e+01	
0.27708333	2.50555073e+01	
0.27866667	2.51313566e+01	
0.28025000	2.50484361e+01	
0.28183333	2.50728216e+01	
0.28341667	2.47408954e+01	
0.28500000	2.42276254e+01	
0.28658333	2.38514249e+01	
0.28816667	2.39896652e+01	
0.28975000	2.38141956e+01	
0.29133333	2.36545651e+01	
0.29291667	2.33674675e+01	
0.29450000	2.26471096e+01	
0.29608333	2.26576271e+01	
0.29766667	2.27442626e+01	
0.29925000	2.24471004e+01	
0.30083333	2.25374321e+01	
0.30241667	2.25501050e+01	
0.30400000	2.25853801e+01	
0.30558333	2.27305224e+01	
0.30716667	2.26943754e+01	
0.30875000	2.26140105e+01	
0.31033333	2.25269278e+01	
0.31191667	2.24773657e+01	
0.31350000	2.23293408e+01	
0.31508333	2.18321430e+01	
0.31666667	2.14730013e+01	
0.31825000	2.13260437e+01	
0.31983333	2.13559501e+01	
0.32141667	2.11252866e+01	
0.32300000	2.10521113e+01	
0.32458333	2.11963498e+01	
0.32616667	2.10894572e+01	
0.32775000	2.11767091e+01	
0.32933333	2.07047612e+01	
0.33091667	2.07932157e+01	
0.33250000	2.06741914e+01	
0.33408333	2.08718029e+01	
0.33566667	2.09352650e+01	
0.33725000	2.06949596e+01	
0.33883333	2.06862705e+01	
0.34041667	2.09439296e+01	
0.34200000	2.08319897e+01	
0.34358333	2.08414775e+01	
0.34516667	2.07159570e+01	
0.34675000	2.06049886e+01	
0.34833333	2.05726506e+01	
0.34991667	2.01325165e+01	
0.35150000	1.81507796e+01	
0.35308333	1.79995282e+01	
0.35466667	1.77839410e+01	
0.35625000	1.77504003e+01	
0.35783333	1.77715387e+01	
0.35941667	1.77172881e+01	
0.36100000	1.75761784e+01	
0.36258333	1.71804482e+01	
0.36416667	1.70508087e+01	
0.36575000	1.67528816e+01	
0.36733333	1.68644326e+01	
0.36891667	1.68230597e+01	
0.37050000	1.67808788e+01	
0.37208333	1.67489110e+01	
0.37366667	1.66173792e+01	
0.37525000	1.66398913e+01	
0.37683333	1.67576283e+01	
0.37841667	1.67411220e+01	
0.38000000	1.66489787e+01	
0.38158333	1.65443505e+01	
0.38316667	1.64790657e+01	
0.38475000	1.64512846e+01	
0.38633333	1.58334916e+01	
0.38791667	1.47517981e+01	
0.38950000	1.44991393e+01	
0.39108333	1.45523028e+01	
0.39266667	1.46628512e+01	
0.39425000	1.46469434e+01	
0.39583333	1.47609570e+01	
0.39741667	1.47736496e+01	
0.39900000	1.46772924e+01	
0.40058333	1.43536607e+01	
0.40216667	1.42633853e+01	
0.40375000	1.41892337e+01	
0.40533333	1.37239972e+01	
0.40691667	1.36015595e+01	
0.40850000	1.33624286e+01	
0.41008333	1.34577993e+01	
0.41166667	1.34785468e+01	
0.41325000	1.34125056e+01	
0.41483333	1.32794818e+01	
0.41641667	1.32432493e+01	
0.41800000	1.32336413e+01	
0.41958333	1.31493425e+01	
0.42116667	1.30731521e+01	
0.42275000	1.29025316e+01	
0.42433333	1.28018909e+01	
0.42591667	1.28061753e+01	
0.42750000	1.27089988e+01	
0.42908333	1.28163414e+01	
0.43066667	1.27386928e+01	
0.43225000	1.22246712e+01	
0.43383333	1.12062086e+01	
0.43541667	1.09817396e+01	
0.43700000	1.09738774e+01	
0.43858333	1.09543513e+01	
0.44016667	1.09262385e+01	
0.44175000	1.07066177e+01	
0.44333333	1.07861811e+01	
0.44491667	1.08471186e+01	
0.44650000	1.08914041e+01	
0.44808333	1.06776190e+01	
0.44966667	1.06363166e+01	
0.45125000	1.04380070e+01	
0.45283333	1.06620146e+01	
0.45441667	1.06490721e+01	
0.45600000	1.05841941e+01	
0.45758333	1.06369583e+01	
0.45916667	1.04674361e+01	
0.46075000	1.04564610e+01	
0.46233333	1.01531944e+01	
0.46391667	9.80548068e+00	
0.46550000	9.88336227e+00	
0.46708333	9.60850062e+00	
0.46866667	9.77974690e+00	
0.47025000	9.59584842e+00	
0.47183333	9.57497219e+00	
0.47341667	9.65254372e+00	
0.47500000	9.45406129e+00	
0.47658333	9.11704263e+00	
0.47816667	8.35931627e+00	
0.47975000	7.60457398e+00	
0.48133333	7.67809738e+00	
0.48291667	7.85633028e+00	
0.48450000	8.45804590e+00	
0.48608333	8.48728144e+00	
0.48766667	8.48398074e+00	
0.48925000	8.48890971e+00	
0.49083333	8.44984912e+00	
0.49241667	8.46705915e+00	
0.49400000	8.30487217e+00	
0.49558333	7.98869591e+00	
0.49716667	7.84502871e+00	
0.49875000	7.81198980e+00	
0.50033333	7.84614257e+00	
0.50191667	7.70959493e+00	
0.50350000	7.66196127e+00	
0.50508333	7.68264770e+00	
0.50666667	7.66380094e+00	
0.50825000	7.66081829e+00	
0.50983333	7.55612712e+00	
0.51141667	7.41741848e+00	
0.51300000	6.49493965e+00	
0.51458333	6.29387858e+00	
0.51616667	6.25510033e+00	
0.51775000	5.95439826e+00	
0.51933333	5.84753857e+00	
0.52091667	5.85046485e+00	
0.52250000	5.78864562e+00	
0.52408333	5.79019214e+00	
0.52566667	5.75728994e+00	
0.52725000	5.75751309e+00	
0.52883333	5.78646488e+00	
0.53041667	5.78590349e+00	
0.53200000	5.76862487e+00	
0.53358333	5.69735219e+00	
0.53516667	5.69586157e+00	
0.53675000	5.61496680e+00	
0.53833333	5.58692215e+00	
0.53991667	5.22884500e+00	
0.54150000	5.36692459e+00	
0.54308333	5.21241997e+00	
0.54466667	5.05417916e+00	
0.54625000	5.09934599e+00	
0.54783333	5.13606330e+00	
0.54941667	5.02986225e+00	
0.55100000	5.04757636e+00	
0.55258333	4.45755882e+00	
0.55416667	4.20376130e+00	
0.55575000	4.15387879e+00	
0.55733333	4.08701268e+00	
0.55891667	4.09326173e+00	
0.56050000	4.12331517e+00	
0.56208333	4.05758546e+00	
0.56366667	4.05429322e+00	
0.56525000	3.60090529e+00	
0.56683333	3.51175642e+00	
0.56841667	3.48001459e+00	
0.57000000	3.38126430e+00	
0.57158333	3.34945434e+00	
0.57316667	3.28051954e+00	
0.57475000	3.02497185e+00	
0.57633333	2.49194135e+00	
0.57791667	2.41539911e+00	
0.57950000	2.30683881e+00	
0.58108333	2.33605321e+00	
0.58266667	2.37393065e+00	
0.58425000	2.44249973e+00	
0.58583333	2.36600752e+00	
0.58741667	2.40124055e+00	
0.58900000	2.27140541e+00	
0.59058333	2.09280796e+00	
0.59216667	2.00848917e+00	
0.59375000	1.97347483e+00	
0.59533333	1.97151630e+00	
0.59691667	1.90709224e+00	
0.59850000	1.93267968e+00	
0.60008333	1.88218457e+00	
0.60166667	1.83270807e+00	
0.60325000	1.78519432e+00	
0.60483333	1.18176717e+00	
0.60641667	1.04003631e+00	
0.60800000	9.95107070e-01	
0.60958333	9.34921039e-01	
0.61116667	8.64335009e-01	
0.61275000	8.41468491e-01	
0.61433333	7.43740212e-01	
0.61591667	7.62022233e-01	
0.61750000	7.81933698e-01	
0.61908333	7.18382141e-01	
0.62066667	6.06909475e-01	
0.62225000	4.93865444e-01	
0.62383333	4.63660327e-01	
0.62541667	4.07678062e-01	
0.62700000	4.04771661e-01	
0.62858333	3.76041487e-01	
0.63016667	3.12984171e-01	
0.63175000	3.09983049e-01	
0.63333333	2.67877915e-01	
0.63491667	2.59756304e-01	
0.63650000	1.97742934e-01	
0.63808333	1.91187830e-01	
0.63966667	1.19374058e-01	
0.64125000	4.67846190e-02	
0.64283333	4.77253450e-02	
0.64441667	7.94888246e-02	
0.64600000	7.54968719e-02	
0.64758333	8.15045392e-02	
0.64916667	7.54019316e-02	
0.65075000	7.03494361e-02	
0.65233333	7.45307922e-02	
0.65391667	7.81795464e-02	
0.65550000	2.49221858e-02	
0.65708333	1.07950072e-03	
0.65866667	5.59306755e-05	
0.66025000	2.49601820e-05	
0.66183333	2.54205764e-05	
0.66341667	3.86981199e-05	
0.66500000	6.43201674e-05	
0.66658333	1.03984233e-04	
0.66816667	1.45829841e-04	
0.66975000	1.56988495e-04	
0.67133333	1.32360292e-04	
0.67291667	9.93307377e-05	
0.67450000	7.33490054e-05	
0.67608333	5.45224122e-05	
0.67766667	4.13744522e-05	
0.67925000	3.14308396e-05	
0.68083333	2.41017414e-05	
0.68241667	1.85378084e-05	
0.68400000	1.47093656e-05	
0.68558333	1.14431046e-05	
0.68716667	9.07033992e-06	
0.68875000	7.46101273e-06	
0.69033333	6.31764437e-06	
0.69191667	5.61619543e-06	
0.69350000	4.98414838e-06	
0.69508333	4.46327304e-06	
0.69666667	4.42049832e-06	
0.69825000	4.13715159e-06	
0.69983333	3.94266517e-06	
0.70141667	3.65081076e-06	
0.70300000	3.58007443e-06	
0.70458333	3.42723036e-06	
0.70616667	2.90360037e-06	
0.70775000	2.77582235e-06	
0.70933333	2.68840175e-06	
0.71091667	2.64835503e-06	
0.71250000	2.39568446e-06	
0.71408333	1.91080059e-06	
0.71566667	1.87622441e-06	
0.71725000	1.80192633e-06	
0.71883333	1.63309835e-06	
0.72041667	1.44582830e-06	
0.72200000	1.33293183e-06	
0.72358333	1.43417362e-06	
0.72516667	1.25620581e-06	
0.72675000	9.50259823e-07	
0.72833333	7.65102019e-07	
0.72991667	5.60151638e-07	
0.73150000	6.08416452e-07	
0.73308333	5.02895397e-07	
0.73466667	3.18164024e-07	
0.73625000	6.85593347e-07	
0.73783333	6.17795249e-07	
0.73941667	7.59961548e-07	
0.74100000	6.18270262e-07	
0.74258333	6.14467804e-07	
0.74416667	6.79109880e-07	
0.74575000	4.63832609e-07	
0.74733333	4.27707068e-07	
0.74891667	2.63675623e-07	
0.75050000	3.79224124e-07	
0.75208333	2.30705362e-07	
0.75366667	1.79845504e-07	
0.75525000	2.68811026e-07	
0.75683333	2.90069972e-07	
0.75841667	4.45596454e-07	
0.76000000	6.31016770e-07	
0.76158333	5.30939104e-07	
0.76316667	7.06239906e-07	
0.76475000	6.59060869e-07	
0.76633333	4.43306399e-07	
0.76791667	2.33341792e-07	
0.76950000	1.96654980e-07	
0.77108333	2.71454764e-07	
0.77266667	6.54651315e-08	
0.77425000	1.32114296e-07	
0.77583333	2.55233553e-07	
0.77741667	4.11157485e-07	
0.77900000	5.91783426e-07	
0.78058333	4.70875569e-07	
0.78216667	4.34447978e-07	
0.78375000	4.26626443e-07	
0.78533333	3.89205872e-07	
0.78691667	2.80546268e-07	
0.78850000	1.19393129e-07	
0.79008333	2.00069607e-07	
0.79166667	2.68437601e-07	
0.79325000	2.10699024e-07	
0.79483333	2.70634160e-07	
0.79641667	1.64982255e-07	
0.79800000	5.00346499e-07	
0.79958333	5.33358636e-07	
0.80116667	4.60073860e-07	
0.80275000	4.42788796e-07	
0.80433333	6.05436222e-07	
0.80591667	3.99491881e-07	
0.80750000	3.55560094e-07	
0.80908333	2.18995839e-07	
0.81066667	4.22565169e-07	
0.81225000	1.65845058e-07	
0.81383333	4.59707995e-07	
0.81541667	1.92379314e-07	
0.81700000	3.52691898e-07	
0.81858333	5.45113676e-07	
0.82016667	5.58033119e-07	
0.82175000	5.57643062e-07	
0.82333333	3.78835663e-07	
0.82491667	4.49573921e-07	
0.82650000	2.08254053e-07	
0.82808333	1.77297193e-07	
0.82966667	2.20637020e-07	
0.83125000	1.85290852e-07	
0.83283333	2.07864723e-07	
0.83441667	1.64419556e-07	
0.83600000	2.78366595e-07	
0.83758333	3.92835423e-07	
0.83916667	3.28148068e-07	
0.84075000	5.86769409e-07	
0.84233333	5.50065530e-07	
0.84391667	6.20475753e-07	
0.84550000	5.87200404e-07	
0.84708333	3.49632116e-07	
0.84866667	3.18641446e-07	
0.85025000	3.96163036e-07	
0.85183333	3.58266640e-07	
0.85341667	2.59795741e-07	
0.85500000	1.51196438e-07	
0.85658333	4.65560930e-07	
0.85816667	5.86337181e-07	
0.85975000	4.03984627e-07	
0.86133333	5.94201166e-07	
0.86291667	4.04373845e-07	
0.86450000	4.02039436e-07	
0.86608333	2.19496515e-07	
0.86766667	1.29627223e-08	
0.86925000	5.56997213e-08	
0.87083333	1.39141477e-07	
0.87241667	2.15625537e-07	
0.87400000	6.42990751e-08	
0.87558333	1.15694786e-07	
0.87716667	3.43056609e-07	
0.87875000	4.63012116e-07	
0.88033333	4.59856990e-07	
0.88191667	3.67599878e-07	
0.88350000	4.13576513e-07	
0.88508333	4.77056566e-07	
0.88666667	2.46908919e-07	
0.88825000	1.09324780e-07	
0.88983333	1.56511385e-07	
0.89141667	2.71454568e-07	
0.89300000	2.95956368e-07	
0.89458333	2.05860169e-07	
0.89616667	3.32313675e-07	
0.89775000	4.09497010e-07	
0.89933333	5.61145403e-07	
0.90091667	5.38586639e-07	
0.90250000	5.14442331e-07	
0.90408333	4.74030918e-07	
0.90566667	1.49986826e-07	
0.90725000	1.62129753e-07	
0.90883333	2.24180817e-07	
0.91041667	1.26989562e-07	
0.91200000	2.90900181e-07	
0.91358333	2.43453816e-07	
0.91516667	1.95013336e-07	
0.91675000	1.48776164e-07	
0.91833333	4.00181412e-07	
0.91991667	3.95885600e-07	
0.92150000	4.44646456e-07	
0.92308333	6.49468534e-07	
0.92466667	4.03510006e-07	
0.92625000	2.82826831e-07	
0.92783333	2.04645380e-08	
0.92941667	7.47583845e-09	
0.93100000	1.53616391e-07	
0.93258333	2.89152482e-07	
0.93416667	2.40722377e-07	
0.93575000	2.47731400e-07	
0.93733333	4.01520853e-07	
0.93891667	4.65430836e-07	
0.94050000	4.54844205e-07	
0.94208333	5.81625186e-07	
0.94366667	5.12619114e-07	
0.94525000	3.52925960e-07	
0.94683333	1.20644631e-07	
0.94841667	2.51435450e-10	
0.95000000	1.97951676e-07	
0.95158333	2.50022183e-07	
0.95316667	1.73542477e-08	
0.95475000	1.52312260e-07	
0.95633333	5.61187349e-07	
0.95791667	6.71334939e-07	
0.95950000	5.42476909e-07	
0.96108333	2.53608528e-07	
0.96266667	2.22324320e-07	
0.96425000	3.81469349e-07	
0.96583333	1.68169680e-07	
0.96741667	-1.53098368e-07	
0.96900000	-6.25189793e-08	
0.97058333	1.06126911e-07	
0.97216667	1.17233007e-07	
0.97375000	9.41318938e-08	
0.97533333	2.38960174e-07	
0.97691667	2.34111673e-07	
0.97850000	3.89318549e-07	
0.98008333	4.43219652e-07	
0.98166667	4.61671360e-07	
0.98325000	4.34319704e-07	
0.98483333	4.93129623e-07	
0.98641667	4.89587240e-07	
0.98800000	7.90856986e-08	
0.98958333	3.16739544e-07	
0.99116667	3.34716463e-07	
0.99275000	2.14069479e-07	
0.99433333	3.46330880e-07	
0.99591667	1.30239192e-07	
0.99750000	4.01134099e-07	
0.99908333	4.04304093e-07	
1.00066667	3.44612051e-07	
1.00225000	4.44369075e-07	
1.00383333	4.19040035e-07	
1.00541667	3.43281291e-07	
1.00700000	2.65371043e-07	
1.00858333	2.17829446e-07	
1.01016667	3.36098661e-07	
1.01175000	2.47213349e-07	
1.01333333	1.64021658e-07	
1.01491667	6.38578033e-08	
1.01650000	1.98211234e-07	
1.01808333	3.65051568e-07	
1.01966667	3.24042832e-07	
1.02125000	3.98885654e-07	
1.02283333	4.75717266e-07	
1.02441667	5.28735573e-07	
1.02600000	5.34440661e-07	
1.02758333	2.28199151e-07	
1.02916667	1.77728189e-07	
1.03075000	1.60573723e-07	
1.03233333	8.34158619e-08	
1.03391667	1.65145068e-07	
1.03550000	2.07744164e-07	
1.03708333	5.50255434e-07	
1.03866667	4.93129455e-07	
1.04025000	4.98963573e-07	
1.04183333	5.78774602e-07	
1.04341667	7.18301447e-07	
1.04500000	6.86060576e-07	
1.04658333	2.90380786e-07	
1.04816667	2.07717590e-07	
1.04975000	2.64281262e-07	
1.05133333	2.28804385e-07	
1.05291667	2.61334074e-07	
1.05450000	5.28747725e-08	
1.05608333	4.08867206e-07	
1.05766667	4.20930343e-07	
1.05925000	2.99499087e-07	
1.06083333	4.24094373e-07	
1.06241667	3.90165951e-07	
1.06400000	5.36771037e-07	
1.06558333	4.09538676e-07	
1.06716667	7.53264040e-08	
1.06875000	1.24621706e-07	
1.07033333	7.35889960e-08	
1.07191667	1.25487029e-07	
1.07350000	1.97735605e-07	
1.07508333	1.65993660e-07	
1.07666667	3.35010924e-07	
1.07825000	5.07043335e-07	
1.07983333	6.90478278e-07	
1.08141667	5.62828895e-07	
1.08300000	5.98998454e-07	
1.08458333	6.24749697e-07	
1.08616667	4.41276140e-07	
1.08775000	2.45656591e-07	
1.08933333	1.78048173e-07	
1.09091667	2.75299813e-07	
1.09250000	2.38077743e-07	
1.09408333	9.11936519e-08	
1.09566667	9.10461833e-08	
1.09725000	4.39054129e-07	
1.09883333	5.06265068e-07	
1.10041667	5.78947314e-07	
1.10200000	4.64004900e-07	
1.10358333	6.17956648e-07	
1.10516667	5.90918187e-07	
1.10675000	2.91401095e-07	
1.10833333	1.62518088e-07	
1.10991667	1.52666350e-07	
1.11150000	4.04373369e-07	
1.11308333	1.95013112e-07	
1.11466667	1.33091988e-07	
1.11625000	5.54361091e-07	
1.11783333	4.78869087e-07	
1.11941667	5.20525828e-07	
1.12100000	4.22089819e-07	
1.12258333	3.64272237e-07	
1.12416667	5.12014622e-07	
1.12575000	1.43073344e-07	
1.12733333	1.01106335e-07	
1.12891667	1.12609041e-07	
1.13050000	1.45622844e-07	
1.13208333	2.28502755e-07	
1.13366667	6.07815503e-08	
1.13525000	2.06663273e-07	
1.13683333	2.07925752e-07	
1.13841667	4.36046738e-07	
1.14000000	3.89854017e-07	
1.14158333	5.27743208e-07	
1.14316667	6.20993048e-07	
1.14475000	5.41917052e-07	
1.14633333	4.98056892e-07	
1.14791667	3.74826695e-07	
1.14950000	2.29625227e-07	
1.15108333	3.23222143e-07	
1.15266667	1.60927743e-07	
1.15425000	2.55681853e-07	
1.15583333	2.48120505e-07	
1.15741667	6.92337282e-07	
1.15900000	6.29635524e-07	
1.16058333	5.13050053e-07	
1.16216667	5.14130677e-07	
1.16375000	5.03844640e-07	
1.16533333	2.47385332e-07	
1.16691667	3.56010746e-07	
1.16850000	9.30171357e-08	
1.17008333	1.57488545e-07	
1.17166667	1.28553908e-07	
1.17325000	1.33868897e-07	
1.17483333	3.12549660e-07	
1.17641667	4.39114891e-07	
1.17800000	4.52857544e-07	
1.17958333	3.57108872e-07	
1.18116667	3.81514095e-07	
1.18275000	4.88549570e-07	
1.18433333	3.58568073e-07	
1.18591667	2.92110535e-07	
1.18750000	1.94338590e-07	
1.18908333	2.46434774e-07	
1.19066667	2.37057825e-07	
1.19225000	1.13638115e-07	
1.19383333	1.32987361e-07	
1.19541667	2.27655479e-07	
1.19700000	6.57854966e-07	
1.19858333	6.25011901e-07	
1.20016667	3.92878321e-07	
1.20175000	4.96457684e-07	
1.20333333	4.66121011e-07	
1.20491667	3.94521462e-07	
1.20650000	1.68264912e-07	
1.20808333	-2.91246283e-08	
1.20966667	1.16930489e-07	
1.21125000	7.81693365e-08	
1.21283333	1.51991128e-07	
1.21441667	1.13083991e-07	
1.21600000	1.58629162e-07	
1.21758333	4.53332361e-07	
1.21916667	4.57479935e-07	
1.22075000	5.17587265e-07	
1.22233333	5.32175135e-07	
1.22391667	5.41830304e-07	
1.22550000	6.95902962e-07	
1.22708333	3.22876916e-07	
1.22866667	2.43971811e-07	
1.23025000	2.27378855e-07	
@ 
0.00000000	2.30922512e-07	
0.00158333	1.80236037e-07	
0.00316667	1.91807753e-07	
0.00475000	5.14260939e-07	
0.00633333	5.54619766e-07	
0.00791667	5.79638385e-07	
0.00950000	6.04270138e-07	
0.01108333	5.24006385e-07	
0.01266667	6.09716662e-07	
0.01425000	2.91505260e-07	
0.01583333	6.69432408e-08	
0.01741667	2.47990524e-07	
0.01900000	1.58369660e-07	
0.02058333	1.59018267e-07	
0.02216667	1.84392152e-07	
0.02375000	3.27550997e-07	
0.02533333	6.53054991e-07	
0.02691667	5.84047407e-07	
0.02850000	7.13291742e-07	
0.03008333	6.60446763e-07	
0.03166667	7.12556429e-07	
0.03325000	4.49486501e-07	
0.03483333	2.03285356e-07	
0.03641667	2.75429655e-07	
0.03800000	8.58779774e-08	
0.03958333	1.34214768e-07	
0.04116667	1.36833810e-07	
0.04275000	1.48647568e-07	
0.04433333	5.13266167e-07	
0.04591667	6.88316581e-07	
0.04750000	6.33912660e-07	
0.04908333	4.44387360e-07	
0.05066667	3.42969609e-07	
0.05225000	4.10207206e-07	
0.05383333	3.03041610e-07	
0.05541667	9.76584350e-08	
0.05700000	2.21199145e-07	
0.05858333	3.39901204e-07	
0.06016667	2.80010436e-07	
0.06175000	7.84554674e-08	
0.06333333	3.71834817e-07	
0.06491667	4.53590113e-07	
0.06650000	4.20533706e-07	
0.06808333	4.22780722e-07	
0.06966667	4.00267572e-07	
0.07125000	5.45113284e-07	
0.07283333	4.73814860e-07	
0.07441667	2.29080883e-07	
0.07600000	2.71108473e-07	
0.07758333	1.83510658e-07	
0.07916667	3.62743201e-07	
0.08075000	2.94399862e-07	
0.08233333	1.88635238e-07	
0.08391667	3.44913765e-07	
0.08550000	4.38510344e-07	
0.08708333	5.11234171e-07	
0.08866667	4.85135712e-07	
0.09025000	5.89622961e-07	
0.09183333	5.68448187e-07	
0.09341667	3.43789878e-07	
0.09500000	1.86569137e-07	
0.09658333	1.63494870e-07	
0.09816667	2.54982129e-07	
0.09975000	3.15443702e-07	
0.10133333	1.47895104e-07	
0.10291667	3.21761234e-07	
0.10450000	1.57212410e-07	
0.10608333	5.74755862e-07	
0.10766667	7.12127170e-07	
0.10925000	6.72283006e-07	
0.11083333	7.21851446e-07	
0.11241667	6.39901065e-07	
0.11400000	3.50098281e-07	
0.11558333	2.23239121e-07	
0.11716667	1.22893244e-07	
0.11875000	2.16921645e-07	
0.12033333	1.02609393e-07	
0.12191667	1.13646487e-07	
0.12350000	3.33767388e-07	
0.12508333	5.25062368e-07	
0.12666667	7.53649729e-07	
0.12825000	4.93820414e-07	
0.12983333	5.46927037e-07	
0.13141667	6.04484740e-07	
0.13300000	4.93474879e-07	
0.13458333	6.27872229e-07	
0.13616667	5.60706819e-08	
0.13775000	1.27949123e-07	
0.13933333	2.04649647e-07	
0.14091667	1.20603120e-07	
0.14250000	1.98470904e-07	
0.14408333	1.61991469e-07	
0.14566667	3.91799096e-07	
0.14725000	4.40151358e-07	
0.14883333	5.23506898e-07	
0.15041667	5.85471943e-07	
0.15200000	4.76449723e-07	
0.15358333	4.26021000e-07	
0.15516667	2.41361954e-07	
0.15675000	1.76648362e-07	
0.15833333	3.56797190e-07	
0.15991667	2.73563091e-07	
0.16150000	3.70962297e-07	
0.16308333	2.71515639e-07	
0.16466667	2.71410746e-07	
0.16625000	5.32494741e-07	
0.16783333	5.65897944e-07	
0.16941667	5.81323836e-07	
0.17100000	5.55848181e-07	
0.17258333	6.05954526e-07	
0.17416667	7.20335626e-07	
0.17575000	3.70538470e-07	
0.17733333	5.37291749e-07	
0.17891667	4.27362428e-07	
0.18050000	3.76605335e-07	
0.18208333	2.89301141e-07	
0.18366667	3.66433290e-07	
0.18525000	5.43694964e-07	
0.18683333	5.23248167e-07	
0.18841667	4.44776073e-07	
0.19000000	5.42477637e-07	
0.19158333	4.76753032e-07	
0.19316667	4.08124333e-07	
0.19475000	1.40049558e-07	
0.19633333	8.27492850e-08	
0.19791667	2.85498179e-07	
0.19950000	3.33721186e-07	
0.20108333	3.14276890e-07	
0.20266667	2.30317685e-07	
0.20425000	4.08607579e-07	
0.20583333	7.74048644e-07	
0.20741667	5.99344381e-07	
0.20900000	7.34249226e-07	
0.21058333	6.27734239e-07	
0.21216667	7.10609894e-07	
0.21375000	5.69013812e-07	
0.21533333	2.73052964e-07	
0.21691667	2.87096686e-07	
0.21850000	2.70978827e-07	
0.22008333	2.13308811e-07	
0.22166667	2.12945845e-07	
0.22325000	2.45665915e-07	
0.22483333	6.70556840e-07	
0.22641667	5.48268185e-07	
0.22800000	6.29634964e-07	
0.22958333	5.44075613e-07	
0.23116667	6.22894726e-07	
0.23275000	7.16748441e-07	
0.23433333	3.39036805e-07	
0.23591667	1.06472601e-07	
0.23750000	1.58974935e-07	
0.23908333	2.69682201e-07	
0.24066667	3.55820758e-07	
0.24225000	2.75731956e-07	
0.24383333	5.06136767e-07	
0.24541667	4.60462461e-07	
0.24700000	5.84607432e-07	
0.24858333	5.81410416e-07	
0.25016667	6.32402496e-07	
0.25175000	6.92334538e-07	
0.25333333	4.31120589e-07	
0.25491667	2.76554521e-07	
0.25650000	2.27377777e-07	
0.25808333	2.76640709e-07	
0.25966667	3.51827247e-07	
0.26125000	2.32511569e-07	
0.26283333	4.56659779e-07	
0.26441667	6.11398810e-07	
0.26600000	6.17923383e-07	
0.26758333	6.31320024e-07	
0.26916667	6.15288688e-07	
0.27075000	7.24008663e-07	
0.27233333	7.26203681e-07	
0.27391667	4.40629087e-07	
0.27550000	3.80866146e-07	
0.27708333	2.82862028e-07	
0.27866667	3.23179021e-07	
0.28025000	3.51612533e-07	
0.28183333	1.37792545e-07	
0.28341667	3.43055853e-07	
0.28500000	5.16980981e-07	
0.28658333	6.64850856e-07	
0.28816667	5.90311344e-07	
0.28975000	6.59969621e-07	
0.29133333	7.11519598e-07	
0.29291667	5.43789664e-07	
0.29450000	4.40816500e-07	
0.29608333	2.93942013e-07	
0.29766667	2.24095287e-07	
0.29925000	3.21708591e-07	
0.30083333	2.37110103e-07	
0.30241667	3.52432130e-07	
0.30400000	4.87017789e-07	
0.30558333	5.65510183e-07	
0.30716667	7.63200173e-07	
0.30875000	5.52846783e-07	
0.31033333	6.31276006e-07	
0.31191667	7.24838732e-07	
0.31350000	4.39295584e-07	
0.31508333	2.56192764e-07	
0.31666667	1.96569506e-07	
0.31825000	3.10776621e-07	
0.31983333	2.55639123e-07	
0.32141667	1.48647946e-07	
0.32300000	3.73952804e-07	
0.32458333	5.30595472e-07	
0.32616667	7.35116369e-07	
0.32775000	6.23411741e-07	
0.32933333	6.60357999e-07	
0.33091667	7.87183810e-07	
0.33250000	7.33990047e-07	
0.33408333	6.86891429e-07	
0.33566667	2.12100193e-07	
0.33725000	2.95177737e-07	
0.33883333	4.65024314e-07	
0.34041667	4.10336180e-07	
0.34200000	3.29142897e-07	
0.34358333	4.14311126e-07	
0.34516667	4.43047024e-07	
0.34675000	5.96318509e-07	
0.34833333	5.73372992e-07	
0.34991667	5.12315300e-07	
0.35150000	4.78178016e-07	
0.35308333	4.91703687e-07	
0.35466667	4.90665513e-07	
0.35625000	2.12730277e-07	
0.35783333	3.49623968e-07	
0.35941667	4.17466252e-07	
0.36100000	2.77503736e-07	
0.36258333	3.53426034e-07	
0.36416667	5.33644249e-07	
0.36575000	7.32734694e-07	
0.36733333	5.56910549e-07	
0.36891667	4.96543312e-07	
0.37050000	4.12756581e-07	
0.37208333	4.19895277e-07	
0.37366667	2.49745194e-07	
0.37525000	1.53297373e-07	
0.37683333	3.49278348e-07	
0.37841667	4.41491834e-07	
0.38000000	3.84971466e-07	
0.38158333	4.73253099e-07	
0.38316667	4.28123726e-07	
0.38475000	7.51956213e-07	
0.38633333	6.91038527e-07	
0.38791667	6.57939250e-07	
0.38950000	6.60618130e-07	
0.39108333	7.52744728e-07	
0.39266667	8.39097803e-07	
0.39425000	3.48612983e-07	
0.39583333	3.65569031e-07	
0.39741667	2.51447587e-07	
0.39900000	1.25053611e-07	
0.40058333	2.00155711e-07	
0.40216667	2.12972110e-07	
0.40375000	3.73649914e-07	
0.40533333	7.04518164e-07	
0.40691667	6.67226987e-07	
0.40850000	7.52268483e-07	
0.41008333	5.98998846e-07	
0.41166667	5.81108283e-07	
0.41325000	6.01192240e-07	
0.41483333	4.14294186e-07	
0.41641667	3.30394861e-07	
0.41800000	3.06240249e-07	
0.41958333	4.25419141e-07	
0.42116667	3.45441588e-07	
0.42275000	4.29565259e-07	
0.42433333	6.54135504e-07	
0.42591667	7.79881642e-07	
0.42750000	8.63063686e-07	
0.42908333	7.81392478e-07	
0.43066667	8.13413482e-07	
0.43225000	8.92146743e-07	
0.43383333	6.45926263e-07	
0.43541667	6.69218772e-07	
0.43700000	6.62907681e-07	
0.43858333	7.76769750e-07	
0.44016667	8.47724654e-07	
0.44175000	7.10223812e-07	
0.44333333	1.19566037e-06	
0.44491667	1.56153431e-06	
0.44650000	1.77666740e-06	
0.44808333	2.07622395e-06	
0.44966667	2.27385749e-06	
0.45125000	2.80904841e-06	
0.45283333	3.49507830e-06	
0.45441667	4.51116056e-06	
0.45600000	5.85125813e-06	
0.45758333	7.95022873e-06	
0.45916667	1.09733412e-05	
0.46075000	1.47063432e-05	
0.46233333	1.91037295e-05	
0.46391667	2.42598621e-05	
0.46550000	2.96515672e-05	
0.46708333	3.60849082e-05	
0.46866667	4.30241411e-05	
0.47025000	5.09502941e-05	
0.47183333	6.14269539e-05	
0.47341667	7.44360240e-05	
0.47500000	9.00340195e-05	
0.47658333	1.02400579e-04	
0.47816667	1.13038597e-04	
0.47975000	1.20008521e-04	
0.48133333	1.24669429e-04	
0.48291667	1.48936047e-04	
0.48450000	2.13233268e-04	
0.48608333	3.04986194e-04	
0.48766667	3.62164082e-04	
0.48925000	3.01255398e-04	
0.49083333	2.83168289e-04	
0.49241667	3.86948210e-04	
0.49400000	5.49934598e-04	
0.49558333	7.74613024e-04	
0.49716667	1.12614941e-03	
0.49875000	1.28197117e-03	
0.50033333	1.54809552e-03	
0.50191667	1.79343861e-03	
0.50350000	2.41406570e-03	
0.50508333	2.74358347e-03	
0.50666667	3.11938979e-03	
0.50825000	3.57926251e-03	
0.50983333	6.61642465e-03	
0.51141667	7.58549916e-03	
0.51300000	1.13837416e-02	
0.51458333	1.09794455e-02	
0.51616667	1.17334520e-02	
0.51775000	1.33305101e-02	
0.51933333	2.52700583e-02	
0.52091667	4.11295055e-02	
0.52250000	3.99918412e-02	
0.52408333	4.33122023e-02	
0.52566667	6.71396502e-02	
0.52725000	1.42878504e-01	
0.52883333	2.03820372e-01	
0.53041667	4.09131777e-01	
0.53200000	5.91898554e-01	
0.53358333	8.44423192e-01	
0.53516667	8.59893679e-01	
0.53675000	8.37383375e-01	
0.53833333	8.93473014e-01	
0.53991667	9.29077525e-01	
0.54150000	1.06154251e+00	
0.54308333	1.30701652e+00	
0.54466667	1.37118702e+00	
0.54625000	1.44636606e+00	
0.54783333	1.41898334e+00	
0.54941667	1.51721946e+00	
0.55100000	2.21521066e+00	
0.55258333	3.24823158e+00	
0.55416667	4.66995763e+00	
0.55575000	5.38892501e+00	
0.55733333	5.79180585e+00	
0.55891667	6.52078900e+00	
0.56050000	6.58974330e+00	
0.56208333	7.21501759e+00	
0.56366667	7.31369836e+00	
0.56525000	8.93110153e+00	
0.56683333	1.02696311e+01	
0.56841667	1.09565724e+01	
0.57000000	1.12492323e+01	
0.57158333	1.20014885e+01	
0.57316667	1.35165457e+01	
0.57475000	1.51394688e+01	
0.57633333	1.65876439e+01	
0.57791667	1.69794336e+01	
0.57950000	1.82909403e+01	
0.58108333	1.87338236e+01	
0.58266667	1.92266806e+01	
0.58425000	1.98240550e+01	
0.58583333	2.02510803e+01	
0.58741667	2.11597687e+01	
0.58900000	2.16470221e+01	
0.59058333	2.17501263e+01	
0.59216667	2.19872090e+01	
0.59375000	2.32429224e+01	
0.59533333	2.39790462e+01	
0.59691667	2.45265183e+01	
0.59850000	2.48130616e+01	
0.60008333	2.49742367e+01	
0.60166667	2.52248585e+01	
0.60325000	2.69006068e+01	
0.60483333	2.81612266e+01	
0.60641667	2.88115493e+01	
0.60800000	2.92047634e+01	
0.60958333	2.96136758e+01	
0.61116667	3.02275846e+01	
0.61275000	3.03896504e+01	
0.61433333	3.03449985e+01	
0.61591667	3.05819214e+01	
0.61750000	3.09025239e+01	
