start voltage : 0.00 V 
set voltage : 0.10 V 
High G : 30.00 G0 
Intermediate G : 20.00 G0 
Low G : 10.00 G0 
Breaking speed 1 : 300.00 V/s 
Breaking speed 2 : 300.00 V/s 
Making speed : 500.00 V/s 
Post breaking : 230.00 V/s 
@ 
0.00000000	4.18114838e+01	
0.00158333	4.24782940e+01	
0.00316667	4.22562783e+01	
0.00475000	4.24124530e+01	
0.00633333	4.23339165e+01	
0.00791667	4.23111264e+01	
0.00950000	4.23868366e+01	
0.01108333	4.23034219e+01	
0.01266667	4.23738781e+01	
0.01425000	4.22810640e+01	
0.01583333	4.23419517e+01	
0.01741667	4.24060075e+01	
0.01900000	4.22460858e+01	
0.02058333	4.23683234e+01	
0.02216667	4.22083679e+01	
0.02375000	4.21668766e+01	
0.02533333	4.22132499e+01	
0.02691667	4.19436019e+01	
0.02850000	4.22067105e+01	
0.03008333	4.20183801e+01	
0.03166667	4.21067895e+01	
0.03325000	4.19571504e+01	
0.03483333	4.18523738e+01	
0.03641667	4.19513477e+01	
0.03800000	4.20321729e+01	
0.03958333	4.20766445e+01	
0.04116667	4.21795458e+01	
0.04275000	4.20122654e+01	
0.04433333	4.21376148e+01	
0.04591667	4.19322482e+01	
0.04750000	4.21541549e+01	
0.04908333	4.20466573e+01	
0.05066667	4.19319400e+01	
0.05225000	4.21769939e+01	
0.05383333	4.17224054e+01	
0.05541667	4.19796286e+01	
0.05700000	4.19031517e+01	
0.05858333	4.18311508e+01	
0.06016667	4.20953381e+01	
0.06175000	4.18430157e+01	
0.06333333	4.19632125e+01	
0.06491667	4.17149114e+01	
0.06650000	4.17142538e+01	
0.06808333	4.18958945e+01	
0.06966667	4.16147988e+01	
0.07125000	4.16138442e+01	
0.07283333	4.15112398e+01	
0.07441667	4.13866571e+01	
0.07600000	4.15522011e+01	
0.07758333	4.14097403e+01	
0.07916667	4.14646599e+01	
0.08075000	4.14317224e+01	
0.08233333	4.14296779e+01	
0.08391667	4.16260398e+01	
0.08550000	4.13811850e+01	
0.08708333	4.14557866e+01	
0.08866667	4.13141188e+01	
0.09025000	4.14959662e+01	
0.09183333	4.16959209e+01	
0.09341667	4.13053282e+01	
0.09500000	4.13443089e+01	
0.09658333	4.14586504e+01	
0.09816667	4.14376191e+01	
0.09975000	4.14783024e+01	
0.10133333	4.11756418e+01	
0.10291667	4.11656786e+01	
0.10450000	4.11489318e+01	
0.10608333	4.11553058e+01	
0.10766667	4.12247886e+01	
0.10925000	4.11563882e+01	
0.11083333	4.12725373e+01	
0.11241667	4.12146300e+01	
0.11400000	4.10013447e+01	
0.11558333	4.10398594e+01	
0.11716667	4.10338762e+01	
0.11875000	4.10988040e+01	
0.12033333	4.10022354e+01	
0.12191667	4.10626796e+01	
0.12350000	4.07945424e+01	
0.12508333	4.08198581e+01	
0.12666667	4.09071363e+01	
0.12825000	4.06851243e+01	
0.12983333	4.07593387e+01	
0.13141667	4.07339855e+01	
0.13300000	4.06491427e+01	
0.13458333	4.07610713e+01	
0.13616667	4.03362708e+01	
0.13775000	4.04430920e+01	
0.13933333	4.03192534e+01	
0.14091667	4.02093354e+01	
0.14250000	4.01132479e+01	
0.14408333	3.98701896e+01	
0.14566667	4.01164650e+01	
0.14725000	3.98753422e+01	
0.14883333	3.99714034e+01	
0.15041667	4.01047768e+01	
0.15200000	4.01123985e+01	
0.15358333	4.00686673e+01	
0.15516667	4.00004962e+01	
0.15675000	3.97941035e+01	
0.15833333	3.95496134e+01	
0.15991667	3.89184052e+01	
0.16150000	3.91107194e+01	
0.16308333	3.89624521e+01	
0.16466667	3.89246327e+01	
0.16625000	3.89294170e+01	
0.16783333	3.87361256e+01	
0.16941667	3.89173304e+01	
0.17100000	3.89536766e+01	
0.17258333	3.85702133e+01	
0.17416667	3.87153311e+01	
0.17575000	3.86124449e+01	
0.17733333	3.86990015e+01	
0.17891667	3.85361108e+01	
0.18050000	3.85087656e+01	
0.18208333	3.85765798e+01	
0.18366667	3.81891665e+01	
0.18525000	3.70237173e+01	
0.18683333	3.66330870e+01	
0.18841667	3.65339928e+01	
0.19000000	3.64976090e+01	
0.19158333	3.64098423e+01	
0.19316667	3.63697153e+01	
0.19475000	3.63204858e+01	
0.19633333	3.63523220e+01	
0.19791667	3.63699746e+01	
0.19950000	3.62346958e+01	
0.20108333	3.62052461e+01	
0.20266667	3.61729776e+01	
0.20425000	3.61258527e+01	
0.20583333	3.56479066e+01	
0.20741667	3.52977078e+01	
0.20900000	3.52143306e+01	
0.21058333	3.47543002e+01	
0.21216667	3.47691115e+01	
0.21375000	3.47165560e+01	
0.21533333	3.46074761e+01	
0.21691667	3.46686381e+01	
0.21850000	3.46449046e+01	
0.22008333	3.46512411e+01	
0.22166667	3.41722389e+01	
0.22325000	3.41031282e+01	
0.22483333	3.40719421e+01	
0.22641667	3.35518734e+01	
0.22800000	3.34785496e+01	
0.22958333	3.34152003e+01	
0.23116667	3.35798462e+01	
0.23275000	3.35141930e+01	
0.23433333	3.33194660e+01	
0.23591667	3.32665309e+01	
0.23750000	3.32746638e+01	
0.23908333	3.32267121e+01	
0.24066667	3.31780162e+01	
0.24225000	3.28010773e+01	
0.24383333	3.28843153e+01	
0.24541667	3.26123560e+01	
0.24700000	3.26015773e+01	
0.24858333	3.26321320e+01	
0.25016667	3.16916149e+01	
0.25175000	3.11520708e+01	
0.25333333	3.09527419e+01	
0.25491667	3.04969489e+01	
0.25650000	3.05987077e+01	
0.25808333	3.04787006e+01	
0.25966667	3.05842985e+01	
0.26125000	3.03750665e+01	
0.26283333	3.02641319e+01	
0.26441667	3.00666614e+01	
0.26600000	2.99311007e+01	
0.26758333	2.97502868e+01	
0.26916667	2.93354251e+01	
0.27075000	2.92171168e+01	
0.27233333	2.91994624e+01	
0.27391667	2.91110774e+01	
0.27550000	2.90134320e+01	
0.27708333	2.85577781e+01	
0.27866667	2.85077650e+01	
0.28025000	2.87394676e+01	
0.28183333	2.87675738e+01	
0.28341667	2.81511676e+01	
0.28500000	2.81856553e+01	
0.28658333	2.83858826e+01	
0.28816667	2.82639062e+01	
0.28975000	2.81550424e+01	
0.29133333	2.82711596e+01	
0.29291667	2.81048057e+01	
0.29450000	2.81762277e+01	
0.29608333	2.80884178e+01	
0.29766667	2.80030055e+01	
0.29925000	2.80976161e+01	
0.30083333	2.79658025e+01	
0.30241667	2.79871400e+01	
0.30400000	2.78541613e+01	
0.30558333	2.77402521e+01	
0.30716667	2.77584101e+01	
0.30875000	2.73720210e+01	
0.31033333	2.66648358e+01	
0.31191667	2.62043544e+01	
0.31350000	2.49613590e+01	
0.31508333	2.47135935e+01	
0.31666667	2.42312502e+01	
0.31825000	2.39134908e+01	
0.31983333	2.39164373e+01	
0.32141667	2.39864331e+01	
0.32300000	2.40162925e+01	
0.32458333	2.36570832e+01	
0.32616667	2.37603678e+01	
0.32775000	2.36527123e+01	
0.32933333	2.36412590e+01	
0.33091667	2.36018235e+01	
0.33250000	2.32550879e+01	
0.33408333	2.31833313e+01	
0.33566667	2.33684014e+01	
0.33725000	2.33328727e+01	
0.33883333	2.32749822e+01	
0.34041667	2.27900571e+01	
0.34200000	2.27841810e+01	
0.34358333	2.21538542e+01	
0.34516667	2.11058921e+01	
0.34675000	2.08763560e+01	
0.34833333	2.08552026e+01	
0.34991667	2.06105302e+01	
0.35150000	2.06152525e+01	
0.35308333	2.06264972e+01	
0.35466667	2.08716808e+01	
0.35625000	2.08318695e+01	
0.35783333	2.08374448e+01	
0.35941667	2.06389389e+01	
0.36100000	2.04235058e+01	
0.36258333	2.02365039e+01	
0.36416667	2.01806523e+01	
0.36575000	2.01627949e+01	
0.36733333	2.00579562e+01	
0.36891667	2.00646554e+01	
0.37050000	2.00816765e+01	
0.37208333	1.97459996e+01	
0.37366667	1.96407907e+01	
0.37525000	1.95367018e+01	
0.37683333	1.94464396e+01	
0.37841667	1.91943257e+01	
0.38000000	1.80951572e+01	
0.38158333	1.73999985e+01	
0.38316667	1.72648832e+01	
0.38475000	1.72625700e+01	
0.38633333	1.73134231e+01	
0.38791667	1.70540464e+01	
0.38950000	1.71500663e+01	
0.39108333	1.70909902e+01	
0.39266667	1.70998973e+01	
0.39425000	1.71523814e+01	
0.39583333	1.69203649e+01	
0.39741667	1.71218681e+01	
0.39900000	1.67860840e+01	
0.40058333	1.68547907e+01	
0.40216667	1.67323239e+01	
0.40375000	1.66749239e+01	
0.40533333	1.65567021e+01	
0.40691667	1.64594400e+01	
0.40850000	1.64436967e+01	
0.41008333	1.61444786e+01	
0.41166667	1.37425038e+01	
0.41325000	1.36241777e+01	
0.41483333	1.35658607e+01	
0.41641667	1.35567713e+01	
0.41800000	1.34541866e+01	
0.41958333	1.33661483e+01	
0.42116667	1.34277275e+01	
0.42275000	1.33100356e+01	
0.42433333	1.32314051e+01	
0.42591667	1.32005742e+01	
0.42750000	1.29935070e+01	
0.42908333	1.28926558e+01	
0.43066667	1.27123126e+01	
0.43225000	1.24978369e+01	
0.43383333	1.27020394e+01	
0.43541667	1.27783153e+01	
0.43700000	1.26287100e+01	
0.43858333	1.26360264e+01	
0.44016667	1.18945743e+01	
0.44175000	1.12259602e+01	
0.44333333	1.09404617e+01	
0.44491667	1.08615400e+01	
0.44650000	1.08993745e+01	
0.44808333	1.09248987e+01	
0.44966667	1.07193583e+01	
0.45125000	1.07484397e+01	
0.45283333	1.06207714e+01	
0.45441667	1.02964548e+01	
0.45600000	1.03775459e+01	
0.45758333	1.02464107e+01	
0.45916667	1.02467226e+01	
0.46075000	1.02164216e+01	
0.46233333	1.00589728e+01	
0.46391667	1.00010786e+01	
0.46550000	9.97361512e+00	
0.46708333	9.63802930e+00	
0.46866667	9.57915232e+00	
0.47025000	8.24145802e+00	
0.47183333	7.65002925e+00	
0.47341667	7.50391495e+00	
0.47500000	7.29741051e+00	
0.47658333	7.28212329e+00	
0.47816667	7.25727928e+00	
0.47975000	7.32666860e+00	
0.48133333	7.22264875e+00	
0.48291667	7.31146313e+00	
0.48450000	7.20760160e+00	
0.48608333	7.03272905e+00	
0.48766667	6.98346572e+00	
0.48925000	6.97183154e+00	
0.49083333	7.05991728e+00	
0.49241667	7.08771200e+00	
0.49400000	6.93761958e+00	
0.49558333	7.03969077e+00	
0.49716667	6.99085493e+00	
0.49875000	6.91554165e+00	
0.50033333	6.72587752e+00	
0.50191667	6.36706609e+00	
0.50350000	6.32468320e+00	
0.50508333	6.20711809e+00	
0.50666667	6.28986381e+00	
0.50825000	6.26848727e+00	
0.50983333	6.25111140e+00	
0.51141667	6.22898462e+00	
0.51300000	6.11743508e+00	
0.51458333	6.13186729e+00	
0.51616667	5.16564977e+00	
0.51775000	4.84974364e+00	
0.51933333	4.77131193e+00	
0.52091667	4.69049608e+00	
0.52250000	4.40474345e+00	
0.52408333	4.07703072e+00	
0.52566667	3.81538125e+00	
0.52725000	3.68223297e+00	
0.52883333	3.59637564e+00	
0.53041667	3.53661993e+00	
0.53200000	3.53099122e+00	
0.53358333	3.55521865e+00	
0.53516667	3.49149350e+00	
0.53675000	3.45821665e+00	
0.53833333	3.48292654e+00	
0.53991667	3.48844579e+00	
0.54150000	3.47170483e+00	
0.54308333	3.36470421e+00	
0.54466667	3.39678123e+00	
0.54625000	3.36694578e+00	
0.54783333	3.28274725e+00	
0.54941667	3.42363474e+00	
0.55100000	2.99624790e+00	
0.55258333	2.86470087e+00	
0.55416667	2.90546818e+00	
0.55575000	2.85310967e+00	
0.55733333	2.72993301e+00	
0.55891667	2.32337776e+00	
0.56050000	2.65292992e+00	
0.56208333	2.63806715e+00	
0.56366667	2.57671676e+00	
0.56525000	2.59957477e+00	
0.56683333	2.62344257e+00	
0.56841667	2.61731378e+00	
0.57000000	2.61139921e+00	
0.57158333	2.46128118e+00	
0.57316667	1.79613440e+00	
0.57475000	1.44707496e+00	
0.57633333	1.44780360e+00	
0.57791667	1.45145182e+00	
0.57950000	1.44568488e+00	
0.58108333	1.43634794e+00	
0.58266667	1.43567709e+00	
0.58425000	1.42308490e+00	
0.58583333	1.45157008e+00	
0.58741667	1.46624740e+00	
0.58900000	1.45371981e+00	
0.59058333	1.51659065e+00	
0.59216667	1.41694378e+00	
0.59375000	1.48354270e+00	
0.59533333	1.44556485e+00	
0.59691667	1.34783410e+00	
0.59850000	1.34082846e+00	
0.60008333	1.29801360e+00	
0.60166667	1.26938126e+00	
0.60325000	1.20736460e+00	
0.60483333	1.13411085e+00	
0.60641667	1.28183051e+00	
0.60800000	1.21089843e+00	
0.60958333	1.27318662e+00	
0.61116667	1.24777581e+00	
0.61275000	1.16264465e+00	
0.61433333	8.25611666e-01	
0.61591667	8.93262727e-01	
0.61750000	8.89975067e-01	
0.61908333	8.78540017e-01	
0.62066667	8.99721012e-01	
0.62225000	8.93600677e-01	
0.62383333	8.51670302e-01	
0.62541667	8.68667173e-01	
0.62700000	8.85728521e-01	
0.62858333	8.76336500e-01	
0.63016667	8.91997484e-01	
0.63175000	4.16358304e-01	
0.63333333	3.53754858e-01	
0.63491667	3.58414783e-01	
0.63650000	3.16615594e-01	
0.63808333	2.84356468e-01	
0.63966667	2.75878908e-01	
0.64125000	2.55962453e-01	
0.64283333	2.38401387e-01	
0.64441667	2.23013641e-01	
0.64600000	2.28337179e-01	
0.64758333	1.98334641e-01	
0.64916667	1.90710780e-01	
0.65075000	1.65083303e-01	
0.65233333	1.47950092e-01	
0.65391667	6.83097919e-02	
0.65550000	5.95160280e-02	
0.65708333	5.00366596e-02	
0.65866667	7.52454571e-02	
0.66025000	2.12427856e-02	
0.66183333	8.09271721e-03	
0.66341667	6.68368289e-05	
0.66500000	-2.35296201e-04	
0.66658333	-6.11746519e-04	
0.66816667	-1.64857319e-04	
0.66975000	-3.69332038e-05	
0.67133333	-4.69459657e-06	
0.67291667	1.35296202e-05	
0.67450000	2.61081260e-05	
0.67608333	3.39247524e-05	
0.67766667	3.73923814e-05	
0.67925000	3.68904663e-05	
0.68083333	3.36776711e-05	
0.68241667	2.92841029e-05	
0.68400000	2.50233260e-05	
0.68558333	2.12193880e-05	
0.68716667	1.81203666e-05	
0.68875000	1.51257214e-05	
0.69033333	1.29185817e-05	
0.69191667	1.09709407e-05	
0.69350000	8.87822263e-06	
0.69508333	7.13594055e-06	
0.69666667	5.87331237e-06	
0.69825000	5.13063034e-06	
0.69983333	4.44551442e-06	
0.70141667	3.70051030e-06	
0.70300000	3.47714943e-06	
0.70458333	3.19203033e-06	
0.70616667	2.92474938e-06	
0.70775000	2.76242968e-06	
0.70933333	2.34864705e-06	
0.71091667	2.26533771e-06	
0.71250000	2.14400961e-06	
0.71408333	1.73646196e-06	
0.71566667	1.29941947e-06	
0.71725000	9.50263519e-07	
0.71883333	9.59443899e-07	
0.72041667	6.34563409e-07	
0.72200000	4.80511193e-07	
0.72358333	5.85126071e-07	
0.72516667	7.79967550e-07	
0.72675000	1.06218297e-06	
0.72833333	9.22564060e-07	
0.72991667	9.16776816e-07	
0.73150000	9.85202591e-07	
0.73308333	7.78888493e-07	
0.73466667	2.73831763e-07	
0.73625000	2.75084679e-07	
0.73783333	3.41414504e-07	
0.73941667	2.84417946e-07	
0.74100000	2.08365119e-07	
0.74258333	4.53590701e-07	
0.74416667	1.79759358e-07	
0.74575000	6.83910136e-07	
0.74733333	5.55872150e-07	
0.74891667	4.43539062e-07	
0.75050000	5.80934507e-07	
0.75208333	5.76181182e-07	
0.75366667	5.93339176e-07	
0.75525000	1.74703759e-07	
0.75683333	8.41151233e-08	
0.75841667	2.03525634e-07	
0.76000000	1.12090458e-07	
0.76158333	1.79586772e-07	
0.76316667	1.93009482e-07	
0.76475000	5.78283012e-07	
0.76633333	6.76129818e-07	
0.76791667	5.72249917e-07	
0.76950000	5.78126765e-07	
0.77108333	5.51552677e-07	
0.77266667	6.12263601e-07	
0.77425000	6.37499285e-07	
0.77583333	1.83233642e-07	
0.77741667	2.26297810e-07	
0.77900000	2.37446174e-07	
0.78058333	1.48258616e-07	
0.78216667	3.34618690e-08	
0.78375000	4.03157155e-08	
0.78533333	4.77140738e-07	
0.78691667	4.82931622e-07	
0.78850000	5.16853016e-07	
0.79008333	4.46677359e-07	
0.79166667	4.00657826e-07	
0.79325000	4.47412224e-07	
0.79483333	8.28803379e-08	
0.79641667	3.62950601e-09	
0.79800000	1.77555841e-07	
0.79958333	1.54774831e-07	
0.80116667	2.78454938e-07	
0.80275000	1.87200426e-07	
0.80433333	7.35932774e-07	
0.80591667	6.63555238e-07	
0.80750000	6.16973692e-07	
0.80908333	6.39874688e-07	
0.81066667	6.21337128e-07	
0.81225000	6.83303964e-07	
0.81383333	5.92387581e-07	
0.81541667	2.62682923e-07	
0.81700000	1.89482542e-07	
0.81858333	1.30670817e-07	
0.82016667	1.36029012e-07	
0.82175000	-1.53954534e-07	
0.82333333	2.56675022e-08	
0.82491667	5.42736201e-07	
0.82650000	4.16214540e-07	
0.82808333	4.54671689e-07	
0.82966667	4.00657406e-07	
0.83125000	4.79041463e-07	
0.83283333	4.74246304e-07	
0.83441667	2.62986204e-07	
0.83600000	2.41205819e-07	
0.83758333	2.50622586e-08	
0.83916667	1.83130415e-07	
0.84075000	2.56459896e-07	
0.84233333	1.08460893e-07	
0.84391667	2.93146050e-07	
0.84550000	3.31397222e-07	
0.84708333	5.00043021e-07	
0.84866667	5.61273817e-07	
0.85025000	4.53547243e-07	
0.85183333	5.97242551e-07	
0.85341667	2.82774860e-07	
0.85500000	2.06121116e-08	
0.85658333	2.31137435e-07	
0.85816667	1.45147201e-07	
0.85975000	2.77631674e-07	
0.86133333	-3.09133486e-08	
0.86291667	-3.52096969e-08	
0.86450000	4.76579032e-07	
0.86608333	4.30429238e-07	
0.86766667	4.51603004e-07	
0.86925000	3.56797610e-07	
0.87083333	5.37378833e-07	
0.87241667	6.73192599e-07	
0.87400000	3.05505104e-07	
0.87558333	1.78808631e-07	
0.87716667	9.65347516e-08	
0.87875000	1.88661293e-07	
0.88033333	3.50851039e-07	
0.88191667	1.24968431e-07	
0.88350000	3.96767275e-07	
0.88508333	3.65914903e-07	
0.88666667	5.90830823e-07	
0.88825000	4.23213370e-07	
0.88983333	4.20058608e-07	
0.89141667	4.56097905e-07	
0.89300000	3.46252785e-07	
0.89458333	3.48413446e-07	
0.89616667	1.21813082e-07	
0.89775000	7.59658266e-08	
0.89933333	2.24742466e-07	
0.90091667	8.97079403e-09	
0.90250000	6.82570037e-08	
0.90408333	3.38474540e-07	
0.90566667	4.62923744e-07	
0.90725000	5.97441080e-07	
0.90883333	5.55787587e-07	
0.91041667	6.51500361e-07	
0.91200000	6.32444330e-07	
0.91358333	3.76761834e-07	
0.91516667	2.32149233e-07	
0.91675000	1.39227147e-07	
0.91833333	2.20897096e-07	
0.91991667	9.64912936e-08	
0.92150000	8.52133326e-08	
0.92308333	1.59856877e-07	
0.92466667	3.73304070e-07	
0.92625000	5.19099780e-07	
0.92783333	5.35692541e-07	
0.92941667	5.85083789e-07	
0.93100000	6.00336130e-07	
0.93258333	4.92326827e-07	
0.93416667	4.57515525e-07	
0.93575000	1.16325074e-07	
0.93733333	3.15877799e-08	
0.93891667	8.87130066e-08	
0.94050000	-7.39264951e-08	
0.94208333	1.87667095e-07	
0.94366667	2.69198171e-07	
0.94525000	5.46321930e-07	
0.94683333	5.31327873e-07	
0.94841667	4.25676248e-07	
0.95000000	5.36558004e-07	
0.95158333	5.04762297e-07	
0.95316667	3.61134584e-07	
0.95475000	1.25727741e-07	
0.95633333	2.54946487e-08	
0.95791667	1.32365327e-07	
0.95950000	1.01114602e-07	
0.96108333	2.81479438e-07	
0.96266667	2.31234208e-07	
0.96425000	4.15339501e-07	
0.96583333	5.36228317e-07	
0.96741667	2.80572253e-07	
0.96900000	3.15607930e-07	
0.97058333	4.84573391e-07	
0.97216667	5.09074099e-07	
0.97375000	2.19600260e-07	
0.97533333	3.13673155e-07	
0.97691667	1.54826115e-07	
0.97850000	7.36400773e-08	
0.98008333	-2.98765461e-08	
0.98166667	-4.01435498e-08	
0.98325000	1.68645659e-07	
0.98483333	4.88332168e-07	
0.98641667	4.96844998e-07	
0.98800000	5.58638227e-07	
0.98958333	5.75274333e-07	
0.99116667	4.51301682e-07	
0.99275000	3.82422708e-07	
0.99433333	1.73623849e-07	
0.99591667	1.53832183e-07	
0.99750000	2.32823545e-07	
0.99908333	1.93717340e-07	
1.00066667	6.72282726e-08	
1.00225000	-6.58806841e-08	
1.00383333	1.18961056e-07	
1.00541667	3.94477444e-07	
1.00700000	2.75949218e-07	
1.00858333	4.70184386e-07	
1.01016667	6.26437389e-07	
1.01175000	6.30169732e-07	
1.01333333	4.27835145e-07	
1.01491667	3.72905683e-08	
1.01650000	1.51110488e-07	
1.01808333	1.56675934e-07	
1.01966667	2.67132966e-07	
1.02125000	1.94019152e-07	
1.02283333	2.49675919e-07	
1.02441667	4.86949578e-07	
1.02600000	5.34828982e-07	
1.02758333	4.32287849e-07	
1.02916667	3.76285644e-07	
1.03075000	4.27361000e-07	
1.03233333	5.22255410e-07	
1.03391667	1.77167408e-07	
1.03550000	3.33416631e-08	
1.03708333	1.24535798e-07	
1.03866667	9.87552722e-08	
1.04025000	2.13983054e-07	
1.04183333	3.21063771e-08	
1.04341667	2.95825266e-07	
1.04500000	6.36003794e-07	
1.04658333	5.82103055e-07	
1.04816667	5.27612722e-07	
1.04975000	3.40981996e-07	
1.05133333	5.10630576e-07	
1.05291667	4.60349616e-07	
1.05450000	3.63327223e-08	
1.05608333	1.70598691e-07	
1.05766667	2.34681988e-07	
1.05925000	2.36349645e-07	
1.06083333	2.68428641e-07	
1.06241667	2.86587791e-07	
1.06400000	3.47290847e-07	
1.06558333	4.76665164e-07	
1.06716667	6.67272517e-07	
1.06875000	6.62216106e-07	
1.07033333	5.84608720e-07	
1.07191667	6.36808438e-07	
1.07350000	3.43572028e-07	
1.07508333	2.78109431e-07	
1.07666667	7.49717330e-08	
1.07825000	6.34602695e-08	
1.07983333	1.76734830e-07	
1.08141667	3.64013366e-07	
1.08300000	2.54507228e-07	
1.08458333	2.10284508e-07	
1.08616667	4.49831420e-07	
1.08775000	5.00173451e-07	
1.08933333	5.01728305e-07	
1.09091667	5.78385721e-07	
1.09250000	5.58749840e-07	
1.09408333	2.86361933e-07	
1.09566667	8.63277056e-08	
1.09725000	7.34500520e-09	
1.09883333	1.46227867e-07	
1.10041667	2.14929769e-08	
1.10200000	5.40743009e-08	
1.10358333	3.41328232e-07	
1.10516667	4.52027279e-07	
1.10675000	4.87010677e-07	
1.10833333	2.70234946e-07	
1.10991667	2.83415865e-07	
1.11150000	3.46512524e-07	
1.11308333	2.40281302e-07	
1.11466667	2.20362300e-07	
1.11625000	1.77339293e-07	
1.11783333	1.82248348e-07	
1.11941667	2.50316336e-07	
1.12100000	3.06412457e-07	
1.12258333	4.81676717e-07	
1.12416667	4.86456420e-07	
1.12575000	5.97009916e-07	
1.12733333	5.27266627e-07	
1.12891667	4.82023037e-07	
1.13050000	4.66164301e-07	
1.13208333	3.27267569e-07	
1.13366667	2.76638917e-07	
1.13525000	-6.60179393e-08	
1.13683333	2.94700518e-08	
1.13841667	1.21597542e-07	
1.14000000	9.21868775e-08	
1.14158333	3.05375402e-07	
1.14316667	4.50479369e-07	
1.14475000	6.63081009e-07	
1.14633333	5.51810960e-07	
1.14791667	4.66640575e-07	
1.14950000	5.67064645e-07	
1.15108333	5.63088634e-07	
1.15266667	3.57704850e-07	
1.15425000	1.25392874e-07	
1.15583333	5.97613385e-08	
1.15741667	1.55561008e-07	
1.15900000	2.15885025e-07	
1.16058333	2.41812074e-07	
1.16216667	2.98661121e-07	
1.16375000	3.00060792e-07	
1.16533333	5.31249638e-07	
1.16691667	5.31717819e-07	
1.16850000	4.79777784e-07	
1.17008333	5.44032491e-07	
1.17166667	4.71568208e-07	
1.17325000	4.43694553e-07	
1.17483333	1.73580853e-07	
1.17641667	1.27172200e-07	
1.17800000	3.60384123e-07	
1.17958333	3.10647003e-07	
1.18116667	2.12081894e-07	
1.18275000	3.17647709e-07	
1.18433333	4.80898618e-07	
1.18591667	4.62362459e-07	
1.18750000	3.66908415e-07	
1.18908333	5.38459681e-07	
1.19066667	3.31371769e-07	
1.19225000	3.32339772e-07	
1.19383333	3.55095889e-07	
1.19541667	1.53391485e-07	
1.19700000	3.27715645e-07	
1.19858333	3.02307557e-07	
1.20016667	2.68775492e-07	
1.20175000	1.30567955e-07	
1.20333333	2.35027958e-07	
1.20491667	4.61715126e-07	
1.20650000	4.52899658e-07	
1.20808333	4.60505163e-07	
1.20966667	4.90131753e-07	
1.21125000	5.42433339e-07	
1.21283333	4.59683858e-07	
1.21441667	2.18607335e-07	
1.21600000	1.73277459e-07	
1.21758333	1.29305434e-07	
1.21916667	1.91081008e-07	
1.22075000	2.42822752e-07	
1.22233333	1.27213824e-07	
1.22391667	5.48182333e-07	
1.22550000	6.37585753e-07	
1.22708333	5.13049549e-07	
1.22866667	4.89975226e-07	
1.23025000	5.23378148e-07	
1.23183333	4.98659647e-07	
@ 
0.00000000	2.54905322e-07	
0.00158333	2.20550468e-07	
0.00316667	1.27430652e-07	
0.00475000	1.21769260e-07	
0.00633333	2.42415053e-07	
0.00791667	3.14450526e-07	
0.00950000	3.58294025e-07	
0.01108333	5.86464923e-07	
0.01266667	5.28390989e-07	
0.01425000	5.72769061e-07	
0.01583333	5.45457923e-07	
0.01741667	6.80449516e-07	
0.01900000	5.04709151e-07	
0.02058333	1.87969424e-07	
0.02216667	1.22114627e-07	
0.02375000	7.51873357e-08	
0.02533333	1.20853647e-07	
0.02691667	2.29254953e-07	
0.02850000	1.40307884e-07	
0.03008333	5.83114181e-07	
0.03166667	4.99395968e-07	
0.03325000	5.24673598e-07	
0.03483333	5.85817926e-07	
0.03641667	3.79145749e-07	
0.03800000	6.48069031e-07	
0.03958333	4.95766613e-07	
0.04116667	1.68792680e-07	
0.04275000	2.14968376e-07	
0.04433333	1.69345901e-07	
0.04591667	1.78791425e-07	
0.04750000	1.23472814e-07	
0.04908333	2.65318849e-07	
0.05066667	6.88099180e-07	
0.05225000	6.42771810e-07	
0.05383333	7.11347391e-07	
0.05541667	6.21337464e-07	
0.05700000	5.89794665e-07	
0.05858333	5.44127023e-07	
0.06016667	2.18606999e-07	
0.06175000	1.61299894e-07	
0.06333333	1.11139766e-07	
0.06491667	2.76337147e-07	
0.06650000	2.57323734e-07	
0.06808333	9.09256309e-08	
0.06966667	3.14536321e-07	
0.07125000	4.26107720e-07	
0.07283333	4.96931578e-07	
0.07441667	5.03284223e-07	
0.07600000	4.04718820e-07	
0.07758333	6.06038473e-07	
0.07916667	4.13748889e-07	
0.08075000	2.63339132e-07	
0.08233333	2.63070768e-07	
0.08391667	1.57980947e-07	
0.08550000	3.33246985e-07	
0.08708333	8.01918393e-08	
0.08866667	2.21372011e-07	
0.09025000	6.57719776e-07	
0.09183333	6.17406423e-07	
0.09341667	5.69786815e-07	
0.09500000	4.68586214e-07	
0.09658333	6.71178188e-07	
0.09816667	6.59276478e-07	
0.09975000	5.06224019e-07	
0.10133333	3.01442794e-07	
0.10291667	2.07673796e-07	
0.10450000	3.36833722e-07	
0.10608333	2.73217247e-07	
0.10766667	1.65655349e-07	
0.10925000	3.45821257e-07	
0.11083333	3.13309614e-07	
0.11241667	6.77902074e-07	
0.11400000	5.64212885e-07	
0.11558333	6.14165222e-07	
0.11716667	6.70987892e-07	
0.11875000	4.45726380e-07	
0.12033333	2.01408669e-07	
0.12191667	1.03707189e-07	
0.12350000	1.09713473e-07	
0.12508333	3.27327099e-07	
0.12666667	2.10526858e-07	
0.12825000	2.11019289e-07	
0.12983333	1.93543592e-07	
0.13141667	4.94252865e-07	
0.13300000	6.25919309e-07	
0.13458333	4.97779176e-07	
0.13616667	4.47282186e-07	
0.13775000	5.32366328e-07	
0.13933333	4.04882935e-07	
0.14091667	1.76199628e-07	
0.14250000	6.07468751e-09	
0.14408333	2.85756658e-07	
0.14566667	3.56364738e-07	
0.14725000	1.72353740e-07	
0.14883333	2.85420895e-07	
0.15041667	5.72759932e-07	
0.15200000	7.16534623e-07	
0.15358333	5.56088320e-07	
0.15516667	6.06947730e-07	
0.15675000	7.37704693e-07	
0.15833333	5.68085402e-07	
0.15991667	4.97020062e-07	
0.16150000	1.40265308e-07	
0.16308333	2.12514584e-07	
0.16466667	2.24854919e-07	
0.16625000	1.87019524e-07	
0.16783333	2.08062594e-07	
0.16941667	2.27379583e-07	
0.17100000	7.15194203e-07	
0.17258333	6.56381708e-07	
0.17416667	5.71601296e-07	
0.17575000	7.12990112e-07	
0.17733333	4.68239586e-07	
0.17891667	4.90061525e-07	
0.18050000	2.47169667e-07	
0.18208333	1.07483642e-07	
0.18366667	2.34422487e-07	
0.18525000	2.32019727e-07	
0.18683333	1.86458043e-07	
0.18841667	1.97649851e-07	
0.19000000	2.41284755e-07	
0.19158333	6.61437223e-07	
0.19316667	4.96154375e-07	
0.19475000	7.82041323e-07	
0.19633333	7.25435887e-07	
0.19791667	6.62993197e-07	
0.19950000	5.60972635e-07	
0.20108333	3.49925905e-07	
0.20266667	3.60384067e-07	
0.20425000	2.96775769e-07	
0.20583333	1.88834537e-07	
0.20741667	3.62630608e-07	
0.20900000	3.75767677e-07	
0.21058333	5.37422347e-07	
0.21216667	6.83950681e-07	
0.21375000	7.17224182e-07	
0.21533333	8.36446924e-07	
0.21691667	5.52562290e-07	
0.21850000	5.53981338e-07	
0.22008333	2.16835108e-07	
0.22166667	7.54894973e-08	
0.22325000	1.94097695e-07	
0.22483333	1.62821020e-07	
0.22641667	3.38493440e-07	
0.22800000	2.90424776e-07	
0.22958333	5.74755974e-07	
0.23116667	5.40929616e-07	
0.23275000	5.21909482e-07	
0.23433333	6.16066451e-07	
0.23591667	4.61541966e-07	
0.23750000	5.83786603e-07	
0.23908333	5.56061271e-07	
0.24066667	5.31060237e-07	
0.24225000	3.66346934e-07	
0.24383333	2.60219288e-07	
0.24541667	1.40999123e-07	
0.24700000	2.35631777e-07	
0.24858333	3.70580192e-07	
0.25016667	6.03922642e-07	
0.25175000	5.83830845e-07	
0.25333333	5.92992352e-07	
0.25491667	8.16565864e-07	
0.25650000	7.40472898e-07	
0.25808333	5.04752721e-07	
0.25966667	3.45891232e-07	
0.26125000	3.10863341e-07	
0.26283333	3.54248627e-07	
0.26441667	3.60080505e-07	
0.26600000	4.27102604e-07	
0.26758333	2.39435216e-07	
0.26916667	2.94443012e-07	
0.27075000	4.37559870e-07	
0.27233333	5.13006483e-07	
0.27391667	5.72639135e-07	
0.27550000	5.62915754e-07	
0.27708333	7.63113593e-07	
0.27866667	6.74401637e-07	
0.28025000	5.38413983e-07	
0.28183333	3.83416248e-07	
0.28341667	3.18641222e-07	
0.28500000	4.09990589e-07	
0.28658333	3.18373530e-07	
0.28816667	3.23783736e-07	
0.28975000	3.29546759e-07	
0.29133333	4.74719525e-07	
0.29291667	5.84478794e-07	
0.29450000	5.47489414e-07	
0.29608333	6.87495976e-07	
0.29766667	7.17957423e-07	
0.29925000	4.03983591e-07	
0.30083333	3.12505642e-07	
0.30241667	1.61265578e-07	
0.30400000	2.46910963e-07	
0.30558333	4.26713639e-07	
0.30716667	3.01071525e-07	
0.30875000	3.78707109e-07	
0.31033333	3.52347090e-07	
0.31191667	5.34397595e-07	
0.31350000	6.26911842e-07	
0.31508333	5.88107253e-07	
0.31666667	8.41199801e-07	
0.31825000	6.51023108e-07	
0.31983333	2.29140666e-07	
0.32141667	2.49450621e-07	
0.32300000	3.39512686e-07	
0.32458333	4.36824221e-07	
0.32616667	3.92620401e-07	
0.32775000	5.03328353e-07	
0.32933333	5.16292150e-07	
0.33091667	5.77909475e-07	
0.33250000	7.51924123e-07	
0.33408333	6.00596317e-07	
0.33566667	6.21209386e-07	
0.33725000	5.89524004e-07	
0.33883333	4.33755815e-07	
0.34041667	2.19219275e-07	
0.34200000	1.74271602e-07	
0.34358333	2.23792454e-07	
0.34516667	7.89299626e-08	
0.34675000	1.20309708e-07	
0.34833333	2.25953115e-07	
0.34991667	4.13993648e-07	
0.35150000	5.41959054e-07	
0.35308333	6.39356832e-07	
0.35466667	6.33912772e-07	
0.35625000	6.87841568e-07	
0.35783333	7.45916230e-07	
0.35941667	7.05461863e-07	
0.36100000	3.00629189e-07	
0.36258333	3.10042400e-07	
0.36416667	3.09005569e-07	
0.36575000	2.59942608e-07	
0.36733333	4.73044770e-07	
0.36891667	1.83562867e-07	
0.37050000	5.18147010e-07	
0.37208333	7.12773943e-07	
0.37366667	5.41397405e-07	
0.37525000	6.36202995e-07	
0.37683333	5.25823610e-07	
0.37841667	4.75022387e-07	
0.38000000	3.81816620e-07	
0.38158333	1.71385078e-07	
0.38316667	4.27621216e-07	
0.38475000	3.92318352e-07	
0.38633333	3.21794723e-07	
0.38791667	3.98962378e-07	
0.38950000	5.44118063e-07	
0.39108333	6.74229765e-07	
0.39266667	6.28985671e-07	
0.39425000	6.44670855e-07	
0.39583333	6.14077410e-07	
0.39741667	5.18234598e-07	
0.39900000	7.31227219e-07	
0.40058333	4.31597394e-07	
0.40216667	3.41068184e-07	
0.40375000	3.25901611e-07	
0.40533333	2.18779655e-07	
0.40691667	4.09066211e-07	
0.40850000	3.49330683e-07	
0.41008333	4.63529607e-07	
0.41166667	6.19005127e-07	
0.41325000	6.09369559e-07	
0.41483333	7.60773584e-07	
0.41641667	7.62078163e-07	
0.41800000	8.94825736e-07	
0.41958333	6.23671817e-07	
0.42116667	3.92491903e-07	
0.42275000	5.40748280e-07	
0.42433333	5.85039995e-07	
0.42591667	5.01426563e-07	
0.42750000	5.53106130e-07	
0.42908333	6.59624366e-07	
0.43066667	1.38941126e-06	
0.43225000	1.46932023e-06	
0.43383333	1.48675986e-06	
0.43541667	1.71979864e-06	
0.43700000	2.08559563e-06	
0.43858333	2.28207081e-06	
0.44016667	2.32852109e-06	
0.44175000	2.75832022e-06	
0.44333333	3.11684584e-06	
0.44491667	3.84315229e-06	
0.44650000	4.49149069e-06	
0.44808333	5.42269420e-06	
0.44966667	6.66870486e-06	
0.45125000	8.62908403e-06	
0.45283333	1.08515845e-05	
0.45441667	1.41382466e-05	
0.45600000	1.79041557e-05	
0.45758333	2.28812110e-05	
0.45916667	2.81514417e-05	
0.46075000	3.39996506e-05	
0.46233333	4.27462396e-05	
0.46391667	5.63991612e-05	
0.46550000	9.32722658e-05	
0.46708333	1.67304384e-04	
0.46866667	2.18958922e-04	
0.47025000	1.98141858e-04	
0.47183333	1.43930379e-04	
0.47341667	1.14595005e-04	
0.47500000	1.19672399e-04	
0.47658333	1.79006740e-04	
0.47816667	3.03153455e-04	
0.47975000	4.12473486e-04	
0.48133333	4.66341616e-04	
0.48291667	5.82886971e-04	
0.48450000	8.05154088e-04	
0.48608333	1.01225143e-03	
0.48766667	9.98970997e-04	
0.48925000	1.81551142e-03	
0.49083333	1.82734477e-03	
0.49241667	1.62891771e-03	
0.49400000	1.63921062e-03	
0.49558333	2.60185440e-03	
0.49716667	2.53566934e-03	
0.49875000	3.51768169e-03	
0.50033333	5.09752359e-03	
0.50191667	5.90061371e-03	
0.50350000	8.35527001e-03	
0.50508333	1.13102655e-02	
0.50666667	1.45524316e-02	
0.50825000	3.88968979e-02	
0.50983333	6.67003002e-02	
0.51141667	9.02229654e-02	
0.51300000	1.00085827e-01	
0.51458333	1.16768443e-01	
0.51616667	1.29253355e-01	
0.51775000	1.48240976e-01	
0.51933333	3.15462071e-01	
0.52091667	3.71369904e-01	
0.52250000	6.87780703e-01	
0.52408333	7.22220210e-01	
0.52566667	7.04537515e-01	
0.52725000	7.60852473e-01	
0.52883333	7.98886057e-01	
0.53041667	8.56862991e-01	
0.53200000	1.17772222e+00	
0.53358333	1.42967737e+00	
0.53516667	1.50159059e+00	
0.53675000	1.59994075e+00	
0.53833333	2.68885799e+00	
0.53991667	6.20701662e+00	
0.54150000	7.19331831e+00	
0.54308333	8.54198674e+00	
0.54466667	8.76744976e+00	
0.54625000	8.96366314e+00	
0.54783333	1.07237902e+01	
0.54941667	1.16896295e+01	
0.55100000	1.21359639e+01	
0.55258333	1.28185879e+01	
0.55416667	1.30582431e+01	
0.55575000	1.34798171e+01	
0.55733333	1.53160264e+01	
0.55891667	1.64514406e+01	
0.56050000	1.67968909e+01	
0.56208333	1.67907048e+01	
0.56366667	1.72707781e+01	
0.56525000	1.75374721e+01	
0.56683333	1.78940807e+01	
0.56841667	1.86597013e+01	
0.57000000	1.92821940e+01	
0.57158333	1.99068552e+01	
0.57316667	2.09667818e+01	
0.57475000	2.12736441e+01	
0.57633333	2.26970588e+01	
0.57791667	2.33800709e+01	
0.57950000	2.37663528e+01	
0.58108333	2.44833603e+01	
0.58266667	2.49826157e+01	
0.58425000	2.55192152e+01	
0.58583333	2.57949497e+01	
0.58741667	2.59945925e+01	
0.58900000	2.58732776e+01	
0.59058333	2.63558952e+01	
0.59216667	2.71749076e+01	
0.59375000	2.82419335e+01	
0.59533333	2.89145145e+01	
0.59691667	2.88646085e+01	
0.59850000	2.92494172e+01	
0.60008333	2.95152337e+01	
0.60166667	2.96990974e+01	
0.60325000	3.04443050e+01	
0.60483333	3.07153548e+01	
