start voltage : 0.00 V 
set voltage : 0.10 V 
High G : 30.00 G0 
Intermediate G : 20.00 G0 
Low G : 10.00 G0 
Breaking speed 1 : 300.00 V/s 
Breaking speed 2 : 300.00 V/s 
Making speed : 500.00 V/s 
Post breaking : 230.00 V/s 
@ 
0.00000000	3.69068277e+01	
0.00158333	3.75003630e+01	
0.00316667	3.75911326e+01	
0.00475000	3.76351193e+01	
0.00633333	3.71468531e+01	
0.00791667	3.75512687e+01	
0.00950000	3.74588116e+01	
0.01108333	3.73881262e+01	
0.01266667	3.75143588e+01	
0.01425000	3.72073987e+01	
0.01583333	3.75790122e+01	
0.01741667	3.74254608e+01	
0.01900000	3.73489387e+01	
0.02058333	3.74436771e+01	
0.02216667	3.73292905e+01	
0.02375000	3.73958757e+01	
0.02533333	3.72018778e+01	
0.02691667	3.72094244e+01	
0.02850000	3.72802865e+01	
0.03008333	3.71180798e+01	
0.03166667	3.71782120e+01	
0.03325000	3.70227063e+01	
0.03483333	3.70365781e+01	
0.03641667	3.71314066e+01	
0.03800000	3.71578497e+01	
0.03958333	3.71607323e+01	
0.04116667	3.71064216e+01	
0.04275000	3.69919825e+01	
0.04433333	3.71453761e+01	
0.04591667	3.68905319e+01	
0.04750000	3.71398777e+01	
0.04908333	3.69387654e+01	
0.05066667	3.67951283e+01	
0.05225000	3.68158702e+01	
0.05383333	3.66877509e+01	
0.05541667	3.67470827e+01	
0.05700000	3.64787989e+01	
0.05858333	3.62269576e+01	
0.06016667	3.64207938e+01	
0.06175000	3.62846920e+01	
0.06333333	3.63577189e+01	
0.06491667	3.59868796e+01	
0.06650000	3.61722748e+01	
0.06808333	3.63169304e+01	
0.06966667	3.61752401e+01	
0.07125000	3.62952941e+01	
0.07283333	3.61910812e+01	
0.07441667	3.63029271e+01	
0.07600000	3.61854663e+01	
0.07758333	3.59952493e+01	
0.07916667	3.61424943e+01	
0.08075000	3.59729214e+01	
0.08233333	3.59863910e+01	
0.08391667	3.58826817e+01	
0.08550000	3.57262590e+01	
0.08708333	3.58943361e+01	
0.08866667	3.57840460e+01	
0.09025000	3.57214784e+01	
0.09183333	3.56482336e+01	
0.09341667	3.53988690e+01	
0.09500000	3.54380038e+01	
0.09658333	3.54178144e+01	
0.09816667	3.54945619e+01	
0.09975000	3.54084150e+01	
0.10133333	3.52210091e+01	
0.10291667	3.53417321e+01	
0.10450000	3.53095237e+01	
0.10608333	3.55411682e+01	
0.10766667	3.52510038e+01	
0.10925000	3.53378385e+01	
0.11083333	3.53443102e+01	
0.11241667	3.49720015e+01	
0.11400000	3.52010790e+01	
0.11558333	3.50602831e+01	
0.11716667	3.49303975e+01	
0.11875000	3.48651314e+01	
0.12033333	3.46843100e+01	
0.12191667	3.46881735e+01	
0.12350000	3.47758200e+01	
0.12508333	3.46065064e+01	
0.12666667	3.45988283e+01	
0.12825000	3.44997379e+01	
0.12983333	3.43539849e+01	
0.13141667	3.40248210e+01	
0.13300000	3.40764971e+01	
0.13458333	3.40592692e+01	
0.13616667	3.38482426e+01	
0.13775000	3.39677517e+01	
0.13933333	3.37944205e+01	
0.14091667	3.37873324e+01	
0.14250000	3.38412748e+01	
0.14408333	3.38367611e+01	
0.14566667	3.40054095e+01	
0.14725000	3.35777941e+01	
0.14883333	3.34004604e+01	
0.15041667	3.33884828e+01	
0.15200000	3.33046961e+01	
0.15358333	3.33708378e+01	
0.15516667	3.33372050e+01	
0.15675000	3.32167940e+01	
0.15833333	3.33474914e+01	
0.15991667	3.32171097e+01	
0.16150000	3.31423390e+01	
0.16308333	3.26193764e+01	
0.16466667	3.11619889e+01	
0.16625000	3.02663737e+01	
0.16783333	3.04786630e+01	
0.16941667	3.05507766e+01	
0.17100000	3.04747281e+01	
0.17258333	3.05843022e+01	
0.17416667	3.03998409e+01	
0.17575000	3.02136809e+01	
0.17733333	3.02755006e+01	
0.17891667	3.01639685e+01	
0.18050000	3.02458686e+01	
0.18208333	2.97530717e+01	
0.18366667	2.96222709e+01	
0.18525000	2.98305953e+01	
0.18683333	2.93354120e+01	
0.18841667	2.95967504e+01	
0.19000000	2.94153371e+01	
0.19158333	2.94154010e+01	
0.19316667	2.93916525e+01	
0.19475000	2.92871070e+01	
0.19633333	2.94527939e+01	
0.19791667	2.92139392e+01	
0.19950000	2.92222487e+01	
0.20108333	2.92702662e+01	
0.20266667	2.93207623e+01	
0.20425000	2.92238253e+01	
0.20583333	2.91260635e+01	
0.20741667	2.90909011e+01	
0.20900000	2.90182050e+01	
0.21058333	2.89571896e+01	
0.21216667	2.90741036e+01	
0.21375000	2.90499492e+01	
0.21533333	2.90109140e+01	
0.21691667	2.88214561e+01	
0.21850000	2.85121377e+01	
0.22008333	2.84952856e+01	
0.22166667	2.72724402e+01	
0.22325000	2.59352514e+01	
0.22483333	2.59039544e+01	
0.22641667	2.57198163e+01	
0.22800000	2.57217255e+01	
0.22958333	2.53759933e+01	
0.23116667	2.54713687e+01	
0.23275000	2.53819107e+01	
0.23433333	2.54347294e+01	
0.23591667	2.53791409e+01	
0.23750000	2.51049153e+01	
0.23908333	2.53719682e+01	
0.24066667	2.53265815e+01	
0.24225000	2.51450987e+01	
0.24383333	2.50622853e+01	
0.24541667	2.49347862e+01	
0.24700000	2.49398617e+01	
0.24858333	2.48402977e+01	
0.25016667	2.46047635e+01	
0.25175000	2.47968842e+01	
0.25333333	2.43068910e+01	
0.25491667	2.35959663e+01	
0.25650000	2.29819710e+01	
0.25808333	2.32059880e+01	
0.25966667	2.30032785e+01	
0.26125000	2.26835892e+01	
0.26283333	2.25275761e+01	
0.26441667	2.22957344e+01	
0.26600000	2.21670025e+01	
0.26758333	2.21937989e+01	
0.26916667	2.20513814e+01	
0.27075000	2.20590783e+01	
0.27233333	2.19690284e+01	
0.27391667	2.20470631e+01	
0.27550000	2.19583699e+01	
0.27708333	2.20095162e+01	
0.27866667	2.20921773e+01	
0.28025000	2.20806545e+01	
0.28183333	2.20442576e+01	
0.28341667	2.18511034e+01	
0.28500000	2.20603486e+01	
0.28658333	2.19723732e+01	
0.28816667	2.19459470e+01	
0.28975000	2.20219147e+01	
0.29133333	2.19703513e+01	
0.29291667	2.19511860e+01	
0.29450000	2.19014548e+01	
0.29608333	2.19323233e+01	
0.29766667	2.16626753e+01	
0.29925000	2.11017580e+01	
0.30083333	2.07664193e+01	
0.30241667	2.01416584e+01	
0.30400000	1.99929439e+01	
0.30558333	1.96167622e+01	
0.30716667	1.93708345e+01	
0.30875000	1.90458949e+01	
0.31033333	1.90476087e+01	
0.31191667	1.88287950e+01	
0.31350000	1.89623863e+01	
0.31508333	1.89198070e+01	
0.31666667	1.87212128e+01	
0.31825000	1.87469400e+01	
0.31983333	1.85221901e+01	
0.32141667	1.84615862e+01	
0.32300000	1.83110076e+01	
0.32458333	1.80882721e+01	
0.32616667	1.62242347e+01	
0.32775000	1.60431258e+01	
0.32933333	1.61508658e+01	
0.33091667	1.58728425e+01	
0.33250000	1.56757281e+01	
0.33408333	1.54937012e+01	
0.33566667	1.55268012e+01	
0.33725000	1.55236414e+01	
0.33883333	1.55373309e+01	
0.34041667	1.54086132e+01	
0.34200000	1.57154342e+01	
0.34358333	1.56028356e+01	
0.34516667	1.53935717e+01	
0.34675000	1.51730254e+01	
0.34833333	1.52875952e+01	
0.34991667	1.54031721e+01	
0.35150000	1.51979699e+01	
0.35308333	1.51710222e+01	
0.35466667	1.51244489e+01	
0.35625000	1.48569215e+01	
0.35783333	1.43031148e+01	
0.35941667	1.28063482e+01	
0.36100000	1.20572921e+01	
0.36258333	1.17112123e+01	
0.36416667	1.17784796e+01	
0.36575000	1.17274912e+01	
0.36733333	1.16202980e+01	
0.36891667	1.16372637e+01	
0.37050000	1.16461295e+01	
0.37208333	1.16399810e+01	
0.37366667	1.15648946e+01	
0.37525000	1.14819854e+01	
0.37683333	1.12586458e+01	
0.37841667	1.10950814e+01	
0.38000000	1.10914218e+01	
0.38158333	1.11695392e+01	
0.38316667	1.09463659e+01	
0.38475000	1.10788495e+01	
0.38633333	1.10399364e+01	
0.38791667	1.07693648e+01	
0.38950000	1.07422405e+01	
0.39108333	1.06110009e+01	
0.39266667	1.06391691e+01	
0.39425000	1.04950960e+01	
0.39583333	1.05417163e+01	
0.39741667	1.05133903e+01	
0.39900000	1.03601987e+01	
0.40058333	1.03658812e+01	
0.40216667	1.02794975e+01	
0.40375000	1.01423509e+01	
0.40533333	9.77642647e+00	
0.40691667	9.13897305e+00	
0.40850000	8.92741561e+00	
0.41008333	8.86117525e+00	
0.41166667	8.92875825e+00	
0.41325000	8.85691808e+00	
0.41483333	8.77161862e+00	
0.41641667	8.86049783e+00	
0.41800000	8.62432939e+00	
0.41958333	8.62498333e+00	
0.42116667	8.84459943e+00	
0.42275000	8.80823539e+00	
0.42433333	8.75357613e+00	
0.42591667	8.70537450e+00	
0.42750000	8.71280835e+00	
0.42908333	8.65214337e+00	
0.43066667	8.56429111e+00	
0.43225000	8.53849062e+00	
0.43383333	8.39298563e+00	
0.43541667	8.20767498e+00	
0.43700000	8.18587422e+00	
0.43858333	7.70163822e+00	
0.44016667	6.41262190e+00	
0.44175000	5.94117950e+00	
0.44333333	5.86603581e+00	
0.44491667	5.82563211e+00	
0.44650000	6.33284427e+00	
0.44808333	6.63393110e+00	
0.44966667	6.36124736e+00	
0.45125000	6.25435291e+00	
0.45283333	6.18151726e+00	
0.45441667	6.45292272e+00	
0.45600000	6.71799362e+00	
0.45758333	6.69541068e+00	
0.45916667	6.69961711e+00	
0.46075000	6.39587413e+00	
0.46233333	6.42752436e+00	
0.46391667	6.34543164e+00	
0.46550000	6.20025503e+00	
0.46708333	6.34380196e+00	
0.46866667	6.24878034e+00	
0.47025000	6.18316150e+00	
0.47183333	6.15258520e+00	
0.47341667	6.12512074e+00	
0.47500000	6.11187520e+00	
0.47658333	5.71692148e+00	
0.47816667	5.76734612e+00	
0.47975000	5.65872521e+00	
0.48133333	4.80120423e+00	
0.48291667	4.08483711e+00	
0.48450000	4.14967188e+00	
0.48608333	4.17599853e+00	
0.48766667	4.10239666e+00	
0.48925000	4.08105536e+00	
0.49083333	4.04328291e+00	
0.49241667	3.99637178e+00	
0.49400000	4.00711666e+00	
0.49558333	3.96459800e+00	
0.49716667	3.96815989e+00	
0.49875000	3.89316653e+00	
0.50033333	3.87813394e+00	
0.50191667	3.84182675e+00	
0.50350000	3.78308296e+00	
0.50508333	3.49714593e+00	
0.50666667	3.15685359e+00	
0.50825000	3.07051192e+00	
0.50983333	2.75590755e+00	
0.51141667	2.73438561e+00	
0.51300000	2.73073469e+00	
0.51458333	2.72806163e+00	
0.51616667	2.66135125e+00	
0.51775000	2.48714251e+00	
0.51933333	2.47736938e+00	
0.52091667	2.51417712e+00	
0.52250000	2.62218003e+00	
0.52408333	2.61338733e+00	
0.52566667	2.49260985e+00	
0.52725000	2.37073565e+00	
0.52883333	2.33580376e+00	
0.53041667	2.23374619e+00	
0.53200000	1.80948610e+00	
0.53358333	1.41011102e+00	
0.53516667	1.36092214e+00	
0.53675000	1.28631800e+00	
0.53833333	1.20394857e+00	
0.53991667	1.18098416e+00	
0.54150000	1.15986612e+00	
0.54308333	1.11514582e+00	
0.54466667	1.10481141e+00	
0.54625000	1.07196594e+00	
0.54783333	1.05926512e+00	
0.54941667	1.03760976e+00	
0.55100000	1.12601719e+00	
0.55258333	1.13557810e+00	
0.55416667	1.04380080e+00	
0.55575000	8.69022446e-01	
0.55733333	8.28583397e-01	
0.55891667	7.79946104e-01	
0.56050000	7.70197928e-01	
0.56208333	7.37851304e-01	
0.56366667	7.34052931e-01	
0.56525000	7.42629292e-01	
0.56683333	7.29891945e-01	
0.56841667	7.20010820e-01	
0.57000000	7.43663637e-01	
0.57158333	7.85906888e-01	
0.57316667	7.63190408e-01	
0.57475000	6.97266329e-01	
0.57633333	4.05597481e-01	
0.57791667	1.01998138e-01	
0.57950000	9.93990117e-02	
0.58108333	7.87946173e-02	
0.58266667	6.10562744e-02	
0.58425000	1.91409740e-02	
0.58583333	4.54319022e-04	
0.58741667	5.14196884e-06	
0.58900000	-2.49413150e-05	
0.59058333	-3.92436794e-05	
0.59216667	-4.01592174e-05	
0.59375000	-3.31577707e-05	
0.59533333	-2.42238377e-05	
0.59691667	-1.65091322e-05	
0.59850000	-9.79111287e-06	
0.60008333	-4.29408049e-06	
0.60166667	-2.35054895e-07	
0.60325000	3.01228041e-06	
0.60483333	5.25965655e-06	
0.60641667	6.43449205e-06	
0.60800000	6.97532624e-06	
0.60958333	6.81022680e-06	
0.61116667	6.47972729e-06	
0.61275000	6.03871915e-06	
0.61433333	5.41141798e-06	
0.61591667	5.42697458e-06	
0.61750000	5.01158155e-06	
0.61908333	4.84591357e-06	
0.62066667	4.17894649e-06	
0.62225000	3.74534994e-06	
0.62383333	3.50281135e-06	
0.62541667	2.56511468e-06	
0.62700000	2.41863585e-06	
0.62858333	1.96267235e-06	
0.63016667	1.91919760e-06	
0.63175000	1.67502967e-06	
0.63333333	1.29477373e-06	
0.63491667	1.37650985e-06	
0.63650000	1.39965680e-06	
0.63808333	1.22867990e-06	
0.63966667	1.08862859e-06	
0.64125000	8.77580546e-07	
0.64283333	9.70787768e-07	
0.64441667	9.68736284e-07	
0.64600000	8.77812844e-07	
0.64758333	5.89101969e-07	
0.64916667	5.31241685e-07	
0.65075000	6.56296585e-07	
0.65233333	4.72517450e-07	
0.65391667	3.19980662e-07	
0.65550000	4.67115896e-07	
0.65708333	6.20347171e-07	
0.65866667	7.91546853e-07	
0.66025000	7.08193329e-07	
0.66183333	8.33291910e-07	
0.66341667	7.40256616e-07	
0.66500000	6.44983349e-07	
0.66658333	3.99299485e-07	
0.66816667	2.70806563e-07	
0.66975000	4.00914793e-07	
0.67133333	4.07398260e-07	
0.67291667	2.43608747e-07	
0.67450000	3.21717552e-07	
0.67608333	5.62915530e-07	
0.67766667	5.85041731e-07	
0.67925000	6.03664415e-07	
0.68083333	4.71134804e-07	
0.68241667	5.54533970e-07	
0.68400000	4.47280450e-07	
0.68558333	4.95721251e-07	
0.68716667	3.29184619e-07	
0.68875000	3.06456195e-07	
0.69033333	3.66735144e-07	
0.69191667	2.95998734e-07	
0.69350000	3.53296473e-07	
0.69508333	3.65034459e-07	
0.69666667	5.33055831e-07	
0.69825000	6.51283800e-07	
0.69983333	5.74280680e-07	
0.70141667	6.41647839e-07	
0.70300000	6.81048743e-07	
0.70458333	5.90657271e-07	
0.70616667	2.16013929e-07	
0.70775000	3.08617458e-08	
0.70933333	1.62734748e-07	
0.71091667	1.19090842e-07	
0.71250000	1.98599961e-07	
0.71408333	2.35486002e-07	
0.71566667	3.63045278e-07	
0.71725000	6.86069592e-07	
0.71883333	5.13137473e-07	
0.72041667	5.24457653e-07	
0.72200000	6.44887529e-07	
0.72358333	5.98610076e-07	
0.72516667	5.26877521e-07	
0.72675000	2.11174556e-07	
0.72833333	1.71851061e-07	
0.72991667	1.17664682e-07	
0.73150000	1.53875837e-07	
0.73308333	2.84591526e-07	
0.73466667	2.17914836e-07	
0.73625000	3.20240401e-07	
0.73783333	5.92689546e-07	
0.73941667	5.83312766e-07	
0.74100000	6.45235248e-07	
0.74258333	6.00033940e-07	
0.74416667	5.04018416e-07	
0.74575000	3.83449311e-08	
0.74733333	-2.62991213e-08	
0.74891667	2.13378576e-07	
0.75050000	2.09317568e-07	
0.75208333	1.42580494e-07	
0.75366667	1.76804973e-07	
0.75525000	2.77469966e-07	
0.75683333	4.93707233e-07	
0.75841667	4.32935938e-07	
0.76000000	5.11711145e-07	
0.76158333	4.15435657e-07	
0.76316667	5.81712438e-07	
0.76475000	6.08311951e-07	
0.76633333	3.66761101e-07	
0.76791667	2.28580039e-07	
0.76950000	8.26723936e-08	
0.77108333	1.77166862e-07	
0.77266667	2.87312716e-07	
0.77425000	1.65385935e-07	
0.77583333	4.40551468e-07	
0.77741667	6.61050750e-07	
0.77900000	5.08166914e-07	
0.78058333	5.80286838e-07	
0.78216667	5.07518797e-07	
0.78375000	5.52892033e-07	
0.78533333	2.67610192e-07	
0.78691667	2.24958132e-07	
0.78850000	2.93924233e-07	
0.79008333	2.00371615e-07	
0.79166667	3.39375256e-07	
0.79325000	9.73215169e-08	
0.79483333	2.76164436e-07	
0.79641667	3.72742953e-07	
0.79800000	4.94770833e-07	
0.79958333	6.08635310e-07	
0.80116667	4.99230369e-07	
0.80275000	6.88747633e-07	
0.80433333	5.84478458e-07	
0.80591667	2.90985259e-08	
0.80750000	1.15547276e-07	
0.80908333	-3.92184478e-08	
0.81066667	1.63681992e-08	
0.81225000	7.42370781e-08	
0.81383333	1.00717369e-07	
0.81541667	3.73096105e-07	
0.81700000	5.33446504e-07	
0.81858333	5.84263296e-07	
0.82016667	6.62952483e-07	
0.82175000	5.74021669e-07	
0.82333333	6.91815506e-07	
0.82491667	4.02445790e-07	
0.82650000	1.65992330e-07	
0.82808333	2.67911191e-08	
0.82966667	2.74818856e-08	
0.83125000	1.57842425e-07	
0.83283333	2.74738195e-08	
0.83441667	3.02742759e-08	
0.83600000	1.27473340e-07	
0.83758333	3.93051817e-07	
0.83916667	4.59034789e-07	
0.84075000	4.43911675e-07	
0.84233333	5.45070386e-07	
0.84391667	5.10589471e-07	
0.84550000	2.80123141e-07	
0.84708333	2.20291765e-07	
0.84866667	1.59856121e-07	
0.85025000	2.97338118e-07	
0.85183333	1.77607545e-07	
0.85341667	3.34714069e-08	
0.85500000	2.43448594e-08	
0.85658333	4.04900436e-07	
0.85816667	5.40489828e-07	
0.85975000	4.44904935e-07	
0.86133333	3.86224186e-07	
0.86291667	5.12057128e-07	
0.86450000	4.24078469e-07	
0.86608333	2.96500180e-07	
0.86766667	1.48949995e-07	
0.86925000	2.99541565e-07	
0.87083333	2.94192037e-07	
0.87241667	1.98548411e-07	
0.87400000	2.73743195e-07	
0.87558333	5.01987373e-07	
0.87716667	7.17266184e-07	
0.87875000	6.50808786e-07	
0.88033333	4.38639738e-07	
0.88191667	6.48907221e-07	
0.88350000	6.17170989e-07	
0.88508333	1.38206907e-07	
0.88666667	6.64850072e-08	
0.88825000	6.74272635e-08	
0.88983333	2.21934094e-07	
0.89141667	-6.95433285e-11	
0.89300000	2.89432450e-08	
0.89458333	2.89828181e-07	
0.89616667	3.77841562e-07	
0.89775000	4.49312949e-07	
0.89933333	4.53763721e-07	
0.90091667	4.46988089e-07	
0.90250000	4.57636126e-07	
0.90408333	3.54593603e-07	
0.90566667	2.10982425e-07	
0.90725000	-1.18080514e-07	
0.90883333	5.55703555e-08	
0.91041667	1.41387486e-07	
0.91200000	1.95168645e-07	
0.91358333	1.90415824e-07	
0.91516667	2.68586932e-07	
0.91675000	3.99481885e-07	
0.91833333	3.68464753e-07	
0.91991667	3.79699641e-07	
0.92150000	5.47446460e-07	
0.92308333	4.19730546e-07	
0.92466667	5.13007155e-07	
0.92625000	4.09170012e-07	
0.92783333	1.88185846e-07	
0.92941667	2.80399122e-07	
0.93100000	1.37187522e-07	
0.93258333	1.97347297e-07	
0.93416667	2.44750610e-07	
0.93575000	5.64904124e-07	
0.93733333	5.05358052e-07	
0.93891667	4.24077713e-07	
0.94050000	5.20482426e-07	
0.94208333	4.55319947e-07	
0.94366667	4.42311291e-07	
0.94525000	3.24043756e-07	
0.94683333	2.24608666e-08	
0.94841667	2.22020254e-07	
0.95000000	2.02013370e-07	
0.95158333	2.71670682e-07	
0.95316667	1.17188723e-07	
0.95475000	4.85182531e-08	
0.95633333	4.59849150e-07	
0.95791667	2.88306901e-07	
0.95950000	4.16688405e-07	
0.96108333	2.56719467e-07	
0.96266667	3.07856650e-07	
0.96425000	3.57878542e-07	
0.96583333	1.47005070e-07	
0.96741667	-2.77071995e-08	
0.96900000	5.46876684e-08	
0.97058333	3.34714419e-08	
0.97216667	1.43703834e-07	
0.97375000	8.80905877e-08	
0.97533333	2.88270807e-07	
0.97691667	4.20568259e-07	
0.97850000	5.07778592e-07	
0.98008333	6.94279057e-07	
0.98166667	5.06222843e-07	
0.98325000	5.15601023e-07	
0.98483333	4.63917788e-07	
0.98641667	3.87916302e-07	
0.98800000	2.24484323e-07	
0.98958333	1.69648230e-07	
0.99116667	4.06618929e-07	
0.99275000	2.81479662e-07	
0.99433333	2.07587399e-07	
0.99591667	2.40342260e-07	
0.99750000	3.24405448e-07	
0.99908333	4.51603928e-07	
1.00066667	3.46512804e-07	
1.00225000	5.76873541e-07	
1.00383333	6.17102946e-07	
1.00541667	2.69640619e-07	
1.00700000	6.90088935e-08	
1.00858333	7.16875567e-08	
1.01016667	1.09056514e-07	
1.01175000	1.01287174e-07	
1.01333333	7.63892756e-08	
1.01491667	1.21700741e-07	
1.01650000	2.15522493e-07	
1.01808333	5.05618183e-07	
1.01966667	6.36204171e-07	
1.02125000	4.71219312e-07	
1.02283333	6.18313384e-07	
1.02441667	4.75974765e-07	
1.02600000	2.94952495e-07	
1.02758333	1.88747747e-07	
1.02916667	1.36850345e-07	
1.03075000	2.71237867e-07	
1.03233333	9.15567372e-08	
1.03391667	3.45517444e-08	
1.03550000	2.83685013e-07	
1.03708333	4.63443279e-07	
1.03866667	5.84306698e-07	
1.04025000	6.14641635e-07	
1.04183333	6.10533291e-07	
1.04341667	5.73270339e-07	
1.04500000	5.15296482e-07	
1.04658333	2.95003429e-07	
1.04816667	2.93707139e-07	
1.04975000	3.42623122e-07	
1.05133333	2.77460950e-07	
1.05291667	-3.21065486e-08	
1.05450000	1.33479903e-07	
1.05608333	2.80381313e-07	
1.05766667	4.42139587e-07	
1.05925000	5.70866599e-07	
1.06083333	5.62830295e-07	
1.06241667	4.68403170e-07	
1.06400000	4.18547017e-07	
1.06558333	2.52043957e-07	
1.06716667	1.09359740e-07	
1.06875000	1.18036384e-07	
1.07033333	3.44177359e-07	
1.07191667	2.17915732e-07	
1.07350000	3.53815000e-07	
1.07508333	3.29394012e-07	
1.07666667	4.61888313e-07	
1.07825000	5.54100847e-07	
1.07983333	3.90285264e-07	
1.08141667	3.72050146e-07	
1.08300000	3.84624558e-07	
1.08458333	3.73148859e-07	
1.08616667	2.58705792e-07	
1.08775000	1.15685700e-07	
1.08933333	2.83808590e-08	
1.09091667	-3.39216391e-08	
1.09250000	8.39165104e-08	
1.09408333	2.55234029e-07	
1.09566667	2.02012502e-07	
1.09725000	5.78731816e-07	
1.09883333	4.90665961e-07	
1.10041667	6.21207986e-07	
1.10200000	6.04613937e-07	
1.10358333	4.94157941e-07	
1.10516667	2.33048143e-07	
1.10675000	-5.09061442e-09	
1.10833333	1.36375121e-07	
1.10991667	1.40800132e-07	
1.11150000	1.50418563e-07	
1.11308333	2.19030826e-07	
1.11466667	3.52259866e-07	
1.11625000	6.13301215e-07	
1.11783333	6.25140987e-07	
1.11941667	5.15685195e-07	
1.12100000	5.78645348e-07	
1.12258333	4.63615459e-07	
1.12416667	5.09180223e-07	
1.12575000	1.69889713e-07	
1.12733333	2.14458823e-07	
1.12891667	1.89913692e-07	
1.13050000	2.70719367e-07	
1.13208333	2.51318305e-07	
1.13366667	1.76691778e-07	
1.13525000	2.05091745e-07	
1.13683333	6.49381618e-07	
1.13841667	4.19324219e-07	
1.14000000	5.50471716e-07	
1.14158333	7.29885791e-07	
1.14316667	5.96232265e-07	
1.14475000	5.48525349e-07	
1.14633333	2.04546686e-07	
1.14791667	2.18365418e-07	
1.14950000	1.56685021e-07	
1.15108333	2.83890262e-07	
1.15266667	1.63217938e-07	
1.15425000	3.08755462e-07	
1.15583333	5.43495651e-07	
1.15741667	5.34611580e-07	
1.15900000	4.82369580e-07	
1.16058333	4.44258610e-07	
1.16216667	4.77278336e-07	
1.16375000	5.37404034e-07	
1.16533333	1.71014230e-07	
1.16691667	2.35074065e-08	
1.16850000	3.77231352e-08	
1.17008333	4.58828798e-08	
1.17166667	1.10534211e-07	
@ 
0.00000000	-6.17585842e-08	
0.00158333	1.35294609e-07	
0.00316667	5.84764911e-07	
0.00475000	4.83493383e-07	
0.00633333	5.36427350e-07	
0.00791667	5.74409542e-07	
0.00950000	6.64031540e-07	
0.01108333	5.12083786e-07	
0.01266667	2.65448747e-07	
0.01425000	1.25780062e-07	
0.01583333	1.40955497e-07	
0.01741667	1.11908974e-07	
0.01900000	1.59467057e-07	
0.02058333	1.18407891e-07	
0.02216667	6.20516075e-07	
0.02375000	5.62094814e-07	
0.02533333	7.20249718e-07	
0.02691667	7.29927176e-07	
0.02850000	5.70391642e-07	
0.03008333	6.99550517e-07	
0.03166667	3.57525817e-08	
0.03325000	1.23775004e-07	
0.03483333	6.07120162e-08	
0.03641667	1.86155307e-07	
0.03800000	3.50444181e-07	
0.03958333	9.19544671e-08	
0.04116667	2.29029291e-07	
0.04275000	5.64474808e-07	
0.04433333	5.14951282e-07	
0.04591667	5.35174686e-07	
0.04750000	3.96638413e-07	
0.04908333	5.81272706e-07	
0.05066667	4.99741448e-07	
0.05225000	-1.77773309e-08	
0.05383333	3.75249318e-07	
0.05541667	1.02626866e-07	
0.05700000	3.17302090e-07	
0.05858333	1.52415361e-07	
0.06016667	1.36176214e-07	
0.06175000	4.01045559e-07	
0.06333333	4.46409639e-07	
0.06491667	6.02756950e-07	
0.06650000	3.93915935e-07	
0.06808333	3.38476668e-07	
0.06966667	5.35691085e-07	
0.07125000	6.37264523e-07	
0.07283333	3.09955792e-07	
0.07441667	3.93308553e-08	
0.07600000	1.92464018e-07	
0.07758333	2.99672807e-07	
0.07916667	2.54687976e-07	
0.08075000	3.52259922e-07	
0.08233333	4.38165033e-07	
0.08391667	5.77781117e-07	
0.08550000	5.65033657e-07	
0.08708333	4.79042863e-07	
0.08866667	5.64427206e-07	
0.09025000	4.64869999e-07	
0.09183333	1.69881495e-07	
0.09341667	2.26081878e-07	
0.09500000	1.65499536e-07	
0.09658333	2.25779703e-07	
0.09816667	5.64425561e-08	
0.09975000	5.88105699e-08	
0.10133333	2.86613777e-07	
0.10291667	3.95903240e-07	
0.10450000	5.32236514e-07	
0.10608333	4.26843145e-07	
0.10766667	5.90011282e-07	
0.10925000	7.15540859e-07	
0.11083333	5.11754099e-07	
0.11241667	4.11114615e-07	
0.11400000	1.91426795e-07	
0.11558333	3.45950819e-07	
0.11716667	3.46953992e-07	
0.11875000	1.36807825e-07	
0.12033333	2.23230945e-07	
0.12191667	4.10769164e-07	
0.12350000	4.68154070e-07	
0.12508333	5.80892729e-07	
0.12666667	6.34431859e-07	
0.12825000	5.46409910e-07	
0.12983333	4.60937195e-07	
0.13141667	4.39617234e-07	
0.13300000	1.27301006e-07	
0.13458333	9.89975741e-08	
0.13616667	2.62336463e-07	
0.13775000	3.14839099e-07	
0.13933333	3.85532443e-07	
0.14091667	1.95618584e-07	
0.14250000	4.53592773e-07	
0.14408333	4.98833087e-07	
0.14566667	4.73944058e-07	
0.14725000	5.44380939e-07	
0.14883333	5.45415361e-07	
0.15041667	5.47256108e-07	
0.15200000	2.68740519e-07	
0.15358333	7.11776678e-08	
0.15516667	1.62172497e-07	
0.15675000	1.15564307e-07	
0.15833333	1.04217897e-07	
0.15991667	1.16471961e-07	
0.16150000	1.55992087e-07	
0.16308333	6.21037346e-07	
0.16466667	5.81713950e-07	
0.16625000	5.54187259e-07	
0.16783333	6.11355688e-07	
0.16941667	6.50678748e-07	
0.17100000	6.18614734e-07	
0.17258333	2.83710494e-07	
0.17416667	1.62561420e-07	
0.17575000	3.68204902e-07	
0.17733333	3.35113185e-07	
0.17891667	2.13248637e-07	
0.18050000	1.58240378e-07	
0.18208333	5.62899122e-07	
0.18366667	6.67532145e-07	
0.18525000	7.46434365e-07	
0.18683333	8.08053202e-07	
0.18841667	7.41986477e-07	
0.19000000	7.57021696e-07	
0.19158333	4.71437274e-07	
0.19316667	2.67954635e-07	
0.19475000	3.05808442e-07	
0.19633333	1.51413686e-07	
0.19791667	3.90371592e-07	
0.19950000	1.46573011e-07	
0.20108333	2.59399607e-07	
0.20266667	5.29989301e-07	
0.20425000	5.04062434e-07	
0.20583333	5.94936815e-07	
0.20741667	5.58380503e-07	
0.20900000	7.03172592e-07	
0.21058333	7.89215525e-07	
0.21216667	2.90336460e-07	
0.21375000	1.71852041e-07	
0.21533333	1.92895713e-07	
0.21691667	2.14026512e-07	
0.21850000	2.16990305e-07	
0.22008333	1.84218362e-07	
0.22166667	3.21192724e-07	
0.22325000	5.65248427e-07	
0.22483333	5.49003666e-07	
0.22641667	6.67962300e-07	
0.22800000	5.95152145e-07	
0.22958333	6.41777037e-07	
0.23116667	6.39443468e-07	
0.23275000	5.26878305e-07	
0.23433333	2.78498032e-07	
0.23591667	2.33039827e-07	
0.23750000	2.84503882e-07	
0.23908333	1.12237149e-07	
0.24066667	2.56616647e-07	
0.24225000	4.77711683e-07	
0.24383333	6.04875693e-07	
0.24541667	6.67748146e-07	
0.24700000	6.25963831e-07	
0.24858333	7.51359954e-07	
0.25016667	6.78940641e-07	
0.25175000	2.75249523e-07	
0.25333333	3.54334451e-07	
0.25491667	2.57324686e-07	
0.25650000	2.52225518e-07	
0.25808333	2.43021673e-07	
0.25966667	1.96136369e-07	
0.26125000	4.80977358e-07	
0.26283333	6.33698339e-07	
0.26441667	6.70252915e-07	
0.26600000	5.72076421e-07	
0.26758333	6.80883760e-07	
0.26916667	7.36327592e-07	
0.27075000	6.18356674e-07	
0.27233333	3.88990178e-07	
0.27391667	2.70719199e-07	
0.27550000	2.48509107e-07	
0.27708333	4.55360268e-07	
0.27866667	1.91859905e-07	
0.28025000	2.31483783e-07	
0.28183333	3.30542848e-07	
0.28341667	5.63045344e-07	
0.28500000	6.72932859e-07	
0.28658333	4.77227598e-07	
0.28816667	6.62474558e-07	
0.28975000	8.22175580e-07	
0.29133333	5.44726362e-07	
0.29291667	3.14796313e-07	
0.29450000	2.64152625e-07	
0.29608333	2.81091201e-07	
0.29766667	2.09791994e-07	
0.29925000	2.70019672e-07	
0.30083333	3.76459532e-07	
0.30241667	4.25676528e-07	
0.30400000	6.90390634e-07	
0.30558333	6.02584518e-07	
0.30716667	5.87158962e-07	
0.30875000	7.28199667e-07	
0.31033333	6.26436997e-07	
0.31191667	4.34578380e-07	
0.31350000	2.02531996e-07	
0.31508333	3.64703877e-07	
0.31666667	4.38682804e-07	
0.31825000	3.25122869e-07	
0.31983333	3.16428646e-07	
0.32141667	3.56840844e-07	
0.32300000	6.27535934e-07	
0.32458333	6.59063277e-07	
0.32616667	4.94252921e-07	
0.32775000	5.83700639e-07	
0.32933333	6.37102059e-07	
0.33091667	5.03543178e-07	
0.33250000	3.78619269e-07	
0.33408333	1.24362596e-07	
0.33566667	2.93665389e-07	
0.33725000	2.67392734e-07	
0.33883333	1.82568528e-07	
0.34041667	1.91470085e-07	
0.34200000	4.38274826e-07	
0.34358333	7.15072118e-07	
0.34516667	6.61525427e-07	
0.34675000	6.48906773e-07	
0.34833333	5.83919105e-07	
0.34991667	6.46746364e-07	
0.35150000	4.47187010e-07	
0.35308333	3.60730442e-07	
0.35466667	3.40851902e-07	
0.35625000	2.91893525e-07	
0.35783333	7.01239805e-08	
0.35941667	6.60362801e-08	
0.36100000	4.64834969e-07	
0.36258333	6.70035121e-07	
0.36416667	7.30273944e-07	
0.36575000	7.39998220e-07	
0.36733333	5.77824799e-07	
0.36891667	7.33775165e-07	
0.37050000	6.59379523e-07	
0.37208333	2.38035489e-07	
0.37366667	2.12126038e-07	
0.37525000	3.74384695e-07	
0.37683333	3.31043650e-07	
0.37841667	4.61932723e-07	
0.38000000	3.15055801e-07	
0.38158333	3.47895282e-07	
0.38316667	6.74703266e-07	
0.38475000	6.11770947e-07	
0.38633333	6.94754798e-07	
0.38791667	6.27042552e-07	
0.38950000	8.66951325e-07	
0.39108333	6.10189380e-07	
0.39266667	3.15063809e-07	
0.39425000	2.55465907e-07	
0.39583333	9.68801401e-08	
0.39741667	2.08970647e-07	
0.39900000	3.20586469e-07	
0.40058333	3.43151281e-07	
0.40216667	7.22713045e-07	
0.40375000	5.32969587e-07	
0.40533333	7.82041435e-07	
0.40691667	7.11130381e-07	
0.40850000	8.59519511e-07	
0.41008333	7.95696808e-07	
0.41166667	5.89534645e-07	
0.41325000	3.82033966e-07	
0.41483333	3.93829215e-07	
0.41641667	4.05237851e-07	
0.41800000	5.29903337e-07	
0.41958333	3.70260166e-07	
0.42116667	6.51369651e-07	
0.42275000	8.76888691e-07	
0.42433333	9.42353836e-07	
0.42591667	1.13765442e-06	
0.42750000	1.29333491e-06	
0.42908333	1.58225288e-06	
0.43066667	1.46855289e-06	
0.43225000	1.56569765e-06	
0.43383333	1.70615945e-06	
0.43541667	2.02263088e-06	
0.43700000	2.65161840e-06	
0.43858333	3.01745056e-06	
0.44016667	3.84050852e-06	
0.44175000	5.17526300e-06	
0.44333333	6.14898810e-06	
0.44491667	7.56226124e-06	
0.44650000	8.93318842e-06	
0.44808333	1.06926485e-05	
0.44966667	1.28990767e-05	
0.45125000	1.51878779e-05	
0.45283333	1.89409441e-05	
0.45441667	2.42169919e-05	
0.45600000	3.14409792e-05	
0.45758333	3.97430282e-05	
0.45916667	5.07597350e-05	
0.46075000	6.95210428e-05	
0.46233333	9.77840075e-05	
0.46391667	1.42044809e-04	
0.46550000	1.98977054e-04	
0.46708333	2.67350871e-04	
0.46866667	2.91978701e-04	
0.47025000	2.45762868e-04	
0.47183333	2.92718242e-04	
0.47341667	5.37035690e-04	
0.47500000	7.38871084e-04	
0.47658333	1.27058501e-03	
0.47816667	1.14042377e-03	
0.47975000	9.02789382e-04	
0.48133333	1.93822540e-03	
0.48291667	1.58355497e-03	
0.48450000	2.71833790e-03	
0.48608333	3.01997400e-03	
0.48766667	4.21544337e-03	
0.48925000	5.30262750e-03	
0.49083333	5.84854899e-03	
0.49241667	7.00045309e-03	
0.49400000	1.55935756e-02	
0.49558333	2.11947025e-02	
0.49716667	2.57666723e-02	
0.49875000	6.55495298e-02	
0.50033333	9.84625063e-02	
0.50191667	8.75516831e-02	
0.50350000	9.07501501e-02	
0.50508333	1.10156253e-01	
0.50666667	1.38061172e-01	
0.50825000	1.80552572e-01	
0.50983333	2.10613891e-01	
0.51141667	1.13631131e+00	
0.51300000	3.16438234e+00	
0.51458333	4.31736097e+00	
0.51616667	4.09790319e+00	
0.51775000	4.51023513e+00	
0.51933333	4.73760875e+00	
0.52091667	6.37919965e+00	
0.52250000	8.03713149e+00	
0.52408333	8.35603625e+00	
0.52566667	8.52222673e+00	
0.52725000	8.95660418e+00	
0.52883333	9.46857195e+00	
0.53041667	9.94107606e+00	
0.53200000	1.03051909e+01	
0.53358333	1.09131588e+01	
0.53516667	1.12204881e+01	
0.53675000	1.22138126e+01	
0.53833333	1.34787065e+01	
0.53991667	1.35867294e+01	
0.54150000	1.38406603e+01	
0.54308333	1.47994097e+01	
0.54466667	1.58258774e+01	
0.54625000	1.65427006e+01	
0.54783333	1.69013519e+01	
0.54941667	1.72958720e+01	
0.55100000	1.84508789e+01	
0.55258333	1.91797493e+01	
0.55416667	1.99455578e+01	
0.55575000	2.10659624e+01	
0.55733333	2.13154398e+01	
0.55891667	2.21091045e+01	
0.56050000	2.26086400e+01	
0.56208333	2.28537033e+01	
0.56366667	2.32614412e+01	
0.56525000	2.40932392e+01	
0.56683333	2.55247868e+01	
0.56841667	2.57359036e+01	
0.57000000	2.63443798e+01	
0.57158333	2.65274130e+01	
0.57316667	2.65759660e+01	
0.57475000	2.68529783e+01	
0.57633333	2.68463168e+01	
0.57791667	2.72378566e+01	
0.57950000	2.73884672e+01	
0.58108333	2.75882152e+01	
0.58266667	2.75846205e+01	
0.58425000	2.77458820e+01	
0.58583333	3.04493185e+01	
0.58741667	3.10216854e+01	
0.58900000	3.11010524e+01	
