start voltage : 0.00 V 
set voltage : 0.10 V 
High G : 30.00 G0 
Intermediate G : 20.00 G0 
Low G : 10.00 G0 
Breaking speed 1 : 300.00 V/s 
Breaking speed 2 : 300.00 V/s 
Making speed : 500.00 V/s 
Post breaking : 230.00 V/s 
@ 
0.00000000	3.68622660e+01	
0.00158333	3.73111682e+01	
0.00316667	3.72998520e+01	
0.00475000	3.73343942e+01	
0.00633333	3.73021859e+01	
0.00791667	3.72347889e+01	
0.00950000	3.73911027e+01	
0.01108333	3.74476383e+01	
0.01266667	3.72959660e+01	
0.01425000	3.72888554e+01	
0.01583333	3.71434894e+01	
0.01741667	3.72597664e+01	
0.01900000	3.71675085e+01	
0.02058333	3.72250814e+01	
0.02216667	3.68736084e+01	
0.02375000	3.69637391e+01	
0.02533333	3.72000400e+01	
0.02691667	3.70303243e+01	
0.02850000	3.70109317e+01	
0.03008333	3.71362284e+01	
0.03166667	3.70120892e+01	
0.03325000	3.71023289e+01	
0.03483333	3.68556664e+01	
0.03641667	3.70356648e+01	
0.03800000	3.69800763e+01	
0.03958333	3.68902575e+01	
0.04116667	3.69921629e+01	
0.04275000	3.68858566e+01	
0.04433333	3.68341729e+01	
0.04591667	3.69462970e+01	
0.04750000	3.69449553e+01	
0.04908333	3.68791331e+01	
0.05066667	3.68710265e+01	
0.05225000	3.68963309e+01	
0.05383333	3.67929560e+01	
0.05541667	3.67493827e+01	
0.05700000	3.67267955e+01	
0.05858333	3.67626569e+01	
0.06016667	3.68403853e+01	
0.06175000	3.69665315e+01	
0.06333333	3.67350487e+01	
0.06491667	3.67789941e+01	
0.06650000	3.66973533e+01	
0.06808333	3.67610446e+01	
0.06966667	3.65902089e+01	
0.07125000	3.66369617e+01	
0.07283333	3.67978794e+01	
0.07441667	3.65369092e+01	
0.07600000	3.64427684e+01	
0.07758333	3.62990899e+01	
0.07916667	3.63461322e+01	
0.08075000	3.61012662e+01	
0.08233333	3.61168893e+01	
0.08391667	3.62314074e+01	
0.08550000	3.60711549e+01	
0.08708333	3.60308250e+01	
0.08866667	3.60662842e+01	
0.09025000	3.59488798e+01	
0.09183333	3.61128040e+01	
0.09341667	3.60531491e+01	
0.09500000	3.61041563e+01	
0.09658333	3.60255972e+01	
0.09816667	3.59207153e+01	
0.09975000	3.62105452e+01	
0.10133333	3.60060317e+01	
0.10291667	3.60349365e+01	
0.10450000	3.59637061e+01	
0.10608333	3.56701631e+01	
0.10766667	3.55222415e+01	
0.10925000	3.53476664e+01	
0.11083333	3.54183368e+01	
0.11241667	3.55446182e+01	
0.11400000	3.53759962e+01	
0.11558333	3.54571108e+01	
0.11716667	3.53371432e+01	
0.11875000	3.53624213e+01	
0.12033333	3.53242073e+01	
0.12191667	3.53750979e+01	
0.12350000	3.54302881e+01	
0.12508333	3.53003686e+01	
0.12666667	3.52884286e+01	
0.12825000	3.51908152e+01	
0.12983333	3.50476666e+01	
0.13141667	3.50289843e+01	
0.13300000	3.49171797e+01	
0.13458333	3.49862491e+01	
0.13616667	3.48473624e+01	
0.13775000	3.48444009e+01	
0.13933333	3.49867677e+01	
0.14091667	3.46843063e+01	
0.14250000	3.48332952e+01	
0.14408333	3.40857688e+01	
0.14566667	3.39363213e+01	
0.14725000	3.39415303e+01	
0.14883333	3.38460516e+01	
0.15041667	3.41155943e+01	
0.15200000	3.38305187e+01	
0.15358333	3.40056050e+01	
0.15516667	3.38658276e+01	
0.15675000	3.37729233e+01	
0.15833333	3.37967544e+01	
0.15991667	3.33626297e+01	
0.16150000	3.32274374e+01	
0.16308333	3.33011445e+01	
0.16466667	3.32268436e+01	
0.16625000	3.30233110e+01	
0.16783333	3.27092967e+01	
0.16941667	3.26264269e+01	
0.17100000	3.22799976e+01	
0.17258333	3.20045130e+01	
0.17416667	3.19697490e+01	
0.17575000	3.16934564e+01	
0.17733333	3.14696856e+01	
0.17891667	3.14999171e+01	
0.18050000	3.12425980e+01	
0.18208333	3.11777342e+01	
0.18366667	3.11213245e+01	
0.18525000	3.12039781e+01	
0.18683333	3.10743762e+01	
0.18841667	3.10833265e+01	
0.19000000	3.11789142e+01	
0.19158333	3.11514282e+01	
0.19316667	3.11326218e+01	
0.19475000	3.07596610e+01	
0.19633333	3.05769078e+01	
0.19791667	3.05525956e+01	
0.19950000	3.06008856e+01	
0.20108333	3.07607359e+01	
0.20266667	3.06501395e+01	
0.20425000	2.96607631e+01	
0.20583333	2.95485977e+01	
0.20741667	2.93893036e+01	
0.20900000	2.94309809e+01	
0.21058333	2.94855114e+01	
0.21216667	2.95249619e+01	
0.21375000	2.97687023e+01	
0.21533333	2.95782128e+01	
0.21691667	2.96282372e+01	
0.21850000	2.93541544e+01	
0.22008333	2.83657834e+01	
0.22166667	2.80801364e+01	
0.22325000	2.81512729e+01	
0.22483333	2.81070869e+01	
0.22641667	2.79248148e+01	
0.22800000	2.80374482e+01	
0.22958333	2.78914790e+01	
0.23116667	2.76054675e+01	
0.23275000	2.76869599e+01	
0.23433333	2.75217992e+01	
0.23591667	2.75924827e+01	
0.23750000	2.76545956e+01	
0.23908333	2.75131552e+01	
0.24066667	2.76266848e+01	
0.24225000	2.74050975e+01	
0.24383333	2.70591511e+01	
0.24541667	2.69165231e+01	
0.24700000	2.60271297e+01	
0.24858333	2.58922061e+01	
0.25016667	2.56583743e+01	
0.25175000	2.57796592e+01	
0.25333333	2.57718270e+01	
0.25491667	2.56419582e+01	
0.25650000	2.57137674e+01	
0.25808333	2.55336713e+01	
0.25966667	2.52864846e+01	
0.26125000	2.52412182e+01	
0.26283333	2.53176237e+01	
0.26441667	2.52633562e+01	
0.26600000	2.51646022e+01	
0.26758333	2.52428681e+01	
0.26916667	2.53585437e+01	
0.27075000	2.52059262e+01	
0.27233333	2.52155981e+01	
0.27391667	2.49542559e+01	
0.27550000	2.35124670e+01	
0.27708333	2.30994675e+01	
0.27866667	2.33015438e+01	
0.28025000	2.28253960e+01	
0.28183333	2.27048290e+01	
0.28341667	2.27571910e+01	
0.28500000	2.26824185e+01	
0.28658333	2.28302047e+01	
0.28816667	2.29314731e+01	
0.28975000	2.30450629e+01	
0.29133333	2.27956325e+01	
0.29291667	2.28557403e+01	
0.29450000	2.27001913e+01	
0.29608333	2.19581632e+01	
0.29766667	2.16756526e+01	
0.29925000	2.19214844e+01	
0.30083333	2.20009191e+01	
0.30241667	2.18698496e+01	
0.30400000	2.17337854e+01	
0.30558333	2.16135360e+01	
0.30716667	2.14955866e+01	
0.30875000	2.13815044e+01	
0.31033333	2.11573033e+01	
0.31191667	2.08973741e+01	
0.31350000	2.07882679e+01	
0.31508333	2.08305447e+01	
0.31666667	2.06731091e+01	
0.31825000	2.07557007e+01	
0.31983333	2.04883678e+01	
0.32141667	2.04494472e+01	
0.32300000	2.04366879e+01	
0.32458333	1.99420927e+01	
0.32616667	1.95781780e+01	
0.32775000	1.86446475e+01	
0.32933333	1.81097506e+01	
0.33091667	1.81311952e+01	
0.33250000	1.80833431e+01	
0.33408333	1.79942723e+01	
0.33566667	1.79055152e+01	
0.33725000	1.76761671e+01	
0.33883333	1.77657134e+01	
0.34041667	1.74430964e+01	
0.34200000	1.77123084e+01	
0.34358333	1.76727527e+01	
0.34516667	1.76483540e+01	
0.34675000	1.78190450e+01	
0.34833333	1.73077481e+01	
0.34991667	1.72608525e+01	
0.35150000	1.72162156e+01	
0.35308333	1.71969620e+01	
0.35466667	1.72011111e+01	
0.35625000	1.70706692e+01	
0.35783333	1.69601932e+01	
0.35941667	1.70422436e+01	
0.36100000	1.69672963e+01	
0.36258333	1.69811474e+01	
0.36416667	1.66591599e+01	
0.36575000	1.66164773e+01	
0.36733333	1.61032937e+01	
0.36891667	1.59540906e+01	
0.37050000	1.52192248e+01	
0.37208333	1.44462944e+01	
0.37366667	1.45183582e+01	
0.37525000	1.44180388e+01	
0.37683333	1.44644102e+01	
0.37841667	1.42926142e+01	
0.38000000	1.43446202e+01	
0.38158333	1.43387591e+01	
0.38316667	1.42324435e+01	
0.38475000	1.40866453e+01	
0.38633333	1.41472201e+01	
0.38791667	1.41808425e+01	
0.38950000	1.44419977e+01	
0.39108333	1.44173473e+01	
0.39266667	1.44947751e+01	
0.39425000	1.45267494e+01	
0.39583333	1.43224652e+01	
0.39741667	1.42532605e+01	
0.39900000	1.39696092e+01	
0.40058333	1.38925366e+01	
0.40216667	1.34856837e+01	
0.40375000	1.32814286e+01	
0.40533333	1.32762478e+01	
0.40691667	1.31801537e+01	
0.40850000	1.31223206e+01	
0.41008333	1.31181282e+01	
0.41166667	1.30893634e+01	
0.41325000	1.30579293e+01	
0.41483333	1.30977020e+01	
0.41641667	1.28839714e+01	
0.41800000	1.27597260e+01	
0.41958333	1.05994301e+01	
0.42116667	9.69330211e+00	
0.42275000	9.72332877e+00	
0.42433333	9.76873800e+00	
0.42591667	9.68920090e+00	
0.42750000	9.72775506e+00	
0.42908333	9.66901150e+00	
0.43066667	9.65041561e+00	
0.43225000	9.59145406e+00	
0.43383333	9.55783732e+00	
0.43541667	9.44640664e+00	
0.43700000	9.46960735e+00	
0.43858333	9.32887818e+00	
0.44016667	9.43546915e+00	
0.44175000	9.43950835e+00	
0.44333333	9.43619544e+00	
0.44491667	9.41153746e+00	
0.44650000	9.26572430e+00	
0.44808333	9.34451914e+00	
0.44966667	9.18695576e+00	
0.45125000	9.03705172e+00	
0.45283333	8.96721282e+00	
0.45441667	8.98557007e+00	
0.45600000	8.72936256e+00	
0.45758333	8.66177580e+00	
0.45916667	8.57700438e+00	
0.46075000	8.69891592e+00	
0.46233333	8.65232941e+00	
0.46391667	8.66650088e+00	
0.46550000	8.45560866e+00	
0.46708333	8.37578123e+00	
0.46866667	8.29216829e+00	
0.47025000	8.16230990e+00	
0.47183333	8.16705377e+00	
0.47341667	8.07080178e+00	
0.47500000	8.01947892e+00	
0.47658333	7.76243520e+00	
0.47816667	7.09426970e+00	
0.47975000	7.00520117e+00	
0.48133333	6.94305920e+00	
0.48291667	6.95242057e+00	
0.48450000	6.64827592e+00	
0.48608333	6.60488629e+00	
0.48766667	6.65345998e+00	
0.48925000	6.57385993e+00	
0.49083333	6.59938372e+00	
0.49241667	6.31522224e+00	
0.49400000	5.94217638e+00	
0.49558333	5.81565486e+00	
0.49716667	5.66326050e+00	
0.49875000	5.61030655e+00	
0.50033333	5.52098386e+00	
0.50191667	5.48890754e+00	
0.50350000	5.42730347e+00	
0.50508333	5.40028906e+00	
0.50666667	5.37430911e+00	
0.50825000	5.25677924e+00	
0.50983333	5.31776649e+00	
0.51141667	5.36088741e+00	
0.51300000	5.23346109e+00	
0.51458333	5.27608216e+00	
0.51616667	5.09922150e+00	
0.51775000	4.81007515e+00	
0.51933333	4.44344794e+00	
0.52091667	4.26459023e+00	
0.52250000	4.03954391e+00	
0.52408333	3.78642077e+00	
0.52566667	3.88852014e+00	
0.52725000	3.97890008e+00	
0.52883333	3.55061806e+00	
0.53041667	3.50651388e+00	
0.53200000	3.36293383e+00	
0.53358333	3.27805764e+00	
0.53516667	3.21687168e+00	
0.53675000	3.29730184e+00	
0.53833333	3.22416482e+00	
0.53991667	3.21550837e+00	
0.54150000	3.31845030e+00	
0.54308333	3.28575504e+00	
0.54466667	3.00881365e+00	
0.54625000	3.13145078e+00	
0.54783333	2.94899335e+00	
0.54941667	3.02140995e+00	
0.55100000	2.58475123e+00	
0.55258333	2.20250279e+00	
0.55416667	2.42605755e+00	
0.55575000	2.42000134e+00	
0.55733333	1.91337089e+00	
0.55891667	1.97535114e+00	
0.56050000	1.95723677e+00	
0.56208333	1.43338807e+00	
0.56366667	1.42597865e+00	
0.56525000	1.43776328e+00	
0.56683333	1.42205525e+00	
0.56841667	1.39569525e+00	
0.57000000	1.38623347e+00	
0.57158333	1.39316911e+00	
0.57316667	1.36505506e+00	
0.57475000	1.40438248e+00	
0.57633333	1.43362249e+00	
0.57791667	1.40377588e+00	
0.57950000	1.39337323e+00	
0.58108333	1.41901681e+00	
0.58266667	1.37389544e+00	
0.58425000	1.34430544e+00	
0.58583333	1.34720999e+00	
0.58741667	1.34340334e+00	
0.58900000	1.31186809e+00	
0.59058333	1.28016431e+00	
0.59216667	1.29656831e+00	
0.59375000	1.28790199e+00	
0.59533333	1.28713366e+00	
0.59691667	1.04467800e+00	
0.59850000	2.77828009e-01	
0.60008333	2.37058967e-01	
0.60166667	1.89210440e-01	
0.60325000	1.14391780e-01	
0.60483333	9.80968682e-02	
0.60641667	9.51608705e-02	
0.60800000	8.54670792e-02	
0.60958333	6.74717649e-02	
0.61116667	5.68878300e-02	
0.61275000	6.00935640e-02	
0.61433333	5.70975771e-02	
0.61591667	4.47845944e-02	
0.61750000	4.32463482e-02	
0.61908333	3.96736659e-02	
0.62066667	5.94856316e-02	
0.62225000	6.08733783e-02	
0.62383333	5.39664469e-02	
0.62541667	4.96773856e-02	
0.62700000	4.74737248e-02	
0.62858333	3.12477091e-02	
0.63016667	3.75397421e-02	
0.63175000	2.50423218e-02	
0.63333333	4.28934934e-02	
0.63491667	1.24424897e-02	
0.63650000	1.05574968e-02	
0.63808333	-3.35910810e-03	
0.63966667	-1.79275925e-04	
0.64125000	8.77386011e-05	
0.64283333	6.26219303e-04	
0.64441667	3.74502800e-04	
0.64600000	8.19773350e-05	
0.64758333	3.12231267e-05	
0.64916667	1.33151575e-05	
0.65075000	4.38587801e-06	
0.65233333	5.73633011e-07	
0.65391667	7.84200220e-07	
0.65550000	3.42883494e-06	
0.65708333	6.41427156e-06	
0.65866667	8.96788310e-06	
0.66025000	1.07305232e-05	
0.66183333	1.19905977e-05	
0.66341667	1.25160204e-05	
0.66500000	1.21475642e-05	
0.66658333	1.15676076e-05	
0.66816667	1.08783564e-05	
0.66975000	9.89815204e-06	
0.67133333	8.99329928e-06	
0.67291667	7.63811374e-06	
0.67450000	6.81288893e-06	
0.67608333	6.08914919e-06	
0.67766667	5.21524163e-06	
0.67925000	4.67458351e-06	
0.68083333	4.03560514e-06	
0.68241667	3.55854729e-06	
0.68400000	3.29404630e-06	
0.68558333	2.89729404e-06	
0.68716667	2.53359602e-06	
0.68875000	2.15511245e-06	
0.69033333	1.75737140e-06	
0.69191667	1.33541722e-06	
0.69350000	1.17505313e-06	
0.69508333	1.15357762e-06	
0.69666667	1.08512799e-06	
0.69825000	9.77747088e-07	
0.69983333	8.12550596e-07	
0.70141667	9.08736424e-07	
0.70300000	9.98790032e-07	
0.70458333	8.98929432e-07	
0.70616667	8.48496425e-07	
0.70775000	7.84547771e-07	
0.70933333	7.67090332e-07	
0.71091667	7.47169174e-07	
0.71250000	4.12591513e-07	
0.71408333	3.34240162e-07	
0.71566667	2.81089969e-07	
0.71725000	2.50488516e-07	
0.71883333	1.87623917e-07	
0.72041667	2.87227424e-07	
0.72200000	5.98219291e-07	
0.72358333	6.85594411e-07	
0.72516667	7.03915745e-07	
0.72675000	8.44353863e-07	
0.72833333	7.67045866e-07	
0.72991667	7.55727870e-07	
0.73150000	4.05799529e-07	
0.73308333	1.62474952e-07	
0.73466667	3.36142623e-07	
0.73625000	2.96093882e-07	
0.73783333	2.04407408e-07	
0.73941667	9.94902072e-08	
0.74100000	6.62872008e-07	
0.74258333	7.08280917e-07	
0.74416667	5.83440507e-07	
0.74575000	6.08202410e-07	
0.74733333	6.58196918e-07	
0.74891667	6.69174418e-07	
0.75050000	3.96596552e-07	
0.75208333	3.98842672e-07	
0.75366667	2.24743180e-07	
0.75525000	1.30947750e-07	
0.75683333	2.56148214e-07	
0.75841667	8.58615967e-08	
0.76000000	5.26307241e-08	
0.76158333	3.80183363e-07	
0.76316667	4.92610256e-07	
0.76475000	5.99776832e-07	
0.76633333	5.59847601e-07	
0.76791667	5.52372273e-07	
0.76950000	5.92861250e-07	
0.77108333	3.40842326e-07	
0.77266667	1.01202085e-07	
0.77425000	1.29375801e-07	
0.77583333	1.91858673e-07	
0.77741667	3.60556862e-07	
0.77900000	-2.71026839e-08	
0.78058333	2.72145835e-07	
0.78216667	4.45805092e-07	
0.78375000	4.40843241e-07	
0.78533333	4.95289640e-07	
0.78691667	4.21700182e-07	
0.78850000	6.66064431e-07	
0.79008333	4.78567906e-07	
0.79166667	2.80528096e-07	
0.79325000	2.95523244e-07	
0.79483333	2.69994135e-07	
0.79641667	3.76674470e-07	
0.79800000	1.31665534e-07	
0.79958333	1.71255894e-07	
0.80116667	5.04494269e-07	
0.80275000	5.33877779e-07	
0.80433333	6.41906235e-07	
0.80591667	5.93812453e-07	
0.80750000	6.02196029e-07	
0.80908333	4.92740574e-07	
0.81066667	2.61758209e-07	
0.81225000	1.01330758e-07	
0.81383333	-1.79759193e-08	
0.81541667	1.24362302e-07	
0.81700000	1.73649638e-07	
0.81858333	4.95183713e-09	
0.82016667	9.69309834e-08	
0.82175000	3.04977701e-07	
0.82333333	3.97416092e-07	
0.82491667	4.06568051e-07	
0.82650000	4.50979948e-07	
0.82808333	7.39175767e-07	
0.82966667	5.45155566e-07	
0.83125000	2.01356083e-07	
0.83283333	1.23169995e-07	
0.83441667	1.99290808e-07	
0.83600000	3.19515001e-07	
0.83758333	2.39650657e-07	
0.83916667	2.09031367e-07	
0.84075000	2.38666133e-07	
0.84233333	4.94771729e-07	
0.84391667	5.67065317e-07	
0.84550000	3.61637767e-07	
0.84708333	4.64912197e-07	
0.84866667	5.45072010e-07	
0.85025000	5.15212142e-07	
0.85183333	3.62198240e-07	
0.85341667	8.40294115e-08	
0.85500000	1.79888976e-07	
0.85658333	1.91643483e-07	
0.85816667	7.24655506e-08	
0.85975000	2.95298618e-07	
0.86133333	2.42415781e-07	
0.86291667	5.91606122e-07	
0.86450000	4.17898395e-07	
0.86608333	3.89464968e-07	
0.86766667	4.38770000e-07	
0.86925000	4.01417472e-07	
0.87083333	2.82343557e-07	
0.87241667	-8.40859180e-09	
0.87400000	-5.97439078e-08	
0.87558333	5.07732467e-08	
0.87716667	6.89479487e-08	
0.87875000	1.99196570e-07	
0.88033333	4.05851079e-07	
0.88191667	5.92429191e-07	
0.88350000	6.18961389e-07	
0.88508333	5.35260818e-07	
0.88666667	6.09152381e-07	
0.88825000	5.64471616e-07	
0.88983333	6.02324723e-07	
0.89141667	3.68032946e-07	
0.89300000	1.02575736e-07	
0.89458333	1.88098818e-07	
0.89616667	1.97950962e-07	
0.89775000	1.67521997e-07	
0.89933333	1.27889214e-07	
0.90091667	2.69985678e-07	
0.90250000	4.99172014e-07	
0.90408333	2.95869172e-07	
0.90566667	3.81471113e-07	
0.90725000	4.61585172e-07	
0.90883333	5.64213053e-07	
0.91041667	5.47100309e-07	
0.91200000	1.95143486e-07	
0.91358333	1.54955635e-07	
0.91516667	2.40299194e-07	
0.91675000	1.52752174e-07	
0.91833333	1.46054820e-07	
0.91991667	1.97649123e-07	
0.92150000	4.48494388e-07	
0.92308333	4.34793990e-07	
0.92466667	3.53340631e-07	
0.92625000	5.46538492e-07	
0.92783333	4.31941194e-07	
0.92941667	4.86257891e-07	
0.93100000	2.56937149e-07	
0.93258333	-7.73493057e-09	
0.93416667	6.77986162e-08	
0.93575000	1.38838028e-07	
0.93733333	2.16964907e-07	
0.93891667	6.70675856e-09	
0.94050000	2.82775616e-07	
0.94208333	4.68627656e-07	
0.94366667	4.69968160e-07	
0.94525000	5.40229024e-07	
0.94683333	4.96197385e-07	
0.94841667	4.60116170e-07	
0.95000000	4.10249376e-07	
0.95158333	-1.69397506e-09	
0.95316667	8.73209802e-08	
0.95475000	5.74190754e-08	
0.95633333	1.19013292e-07	
0.95791667	1.55578747e-07	
0.95950000	1.25443291e-07	
0.96108333	4.21529514e-07	
0.96266667	5.20802369e-07	
0.96425000	4.66208123e-07	
0.96583333	3.89507613e-07	
0.96741667	4.30611274e-07	
0.96900000	6.56770758e-07	
0.97058333	3.74306991e-07	
0.97216667	1.37973755e-07	
0.97375000	7.35028501e-08	
0.97533333	1.93674008e-07	
0.97691667	2.43280936e-07	
0.97850000	6.34770003e-08	
0.98008333	4.82155105e-08	
0.98166667	2.80461957e-07	
0.98325000	4.09584094e-07	
0.98483333	5.15858579e-07	
0.98641667	5.37594554e-07	
0.98800000	5.76398191e-07	
0.98958333	5.16817174e-07	
0.99116667	2.49545769e-07	
0.99275000	1.15029028e-07	
0.99433333	1.07292645e-07	
0.99591667	2.09877663e-07	
0.99750000	9.14353518e-08	
0.99908333	7.56635251e-08	
1.00066667	2.00932466e-07	
1.00225000	3.40118913e-07	
1.00383333	4.93561682e-07	
1.00541667	3.72526952e-07	
1.00700000	4.50824569e-07	
1.00858333	5.90052780e-07	
1.01016667	4.25331469e-07	
1.01175000	2.53452785e-07	
1.01333333	2.15771480e-07	
1.01491667	1.94452247e-07	
1.01650000	2.21675153e-07	
1.01808333	6.18788846e-08	
1.01966667	1.28026715e-07	
1.02125000	2.49649570e-07	
1.02283333	5.10284705e-07	
1.02441667	5.82275487e-07	
1.02600000	5.19660870e-07	
1.02758333	6.17595264e-07	
1.02916667	5.36470416e-07	
1.03075000	3.08874187e-07	
1.03233333	1.34508810e-07	
1.03391667	3.08533314e-08	
1.03550000	2.58533809e-07	
1.03708333	2.64022363e-07	
1.03866667	1.99765850e-07	
1.04025000	3.88064317e-07	
1.04183333	3.18226299e-07	
1.04341667	5.42821325e-07	
1.04500000	5.01124038e-07	
1.04658333	6.38278448e-07	
1.04816667	4.89543782e-07	
1.04975000	6.64065869e-07	
1.05133333	4.64695075e-07	
1.05291667	1.51153596e-07	
1.05450000	9.18325916e-08	
1.05608333	1.06498670e-07	
1.05766667	7.55249049e-08	
1.05925000	7.26020777e-09	
1.06083333	2.36237332e-07	
1.06241667	3.83329780e-07	
1.06400000	5.30724166e-07	
1.06558333	5.37334479e-07	
1.06716667	6.25657834e-07	
1.06875000	5.77824183e-07	
1.07033333	6.25444240e-07	
1.07191667	3.19030551e-07	
1.07350000	1.12893842e-07	
1.07508333	2.71152267e-07	
1.07666667	1.42477281e-07	
1.07825000	2.82420812e-07	
1.07983333	2.61838265e-07	
1.08141667	3.04476310e-07	
1.08300000	4.17034949e-07	
1.08458333	4.18459933e-07	
1.08616667	4.16256570e-07	
1.08775000	3.74228700e-07	
1.08933333	5.44769484e-07	
1.09091667	3.25795963e-07	
1.09250000	1.76733892e-07	
1.09408333	3.22185089e-07	
1.09566667	3.28018814e-07	
1.09725000	2.71092008e-07	
1.09883333	1.33040606e-07	
1.10041667	1.62742952e-07	
1.10200000	4.53331745e-07	
1.10358333	5.46193292e-07	
1.10516667	5.69484065e-07	
1.10675000	7.70757208e-07	
1.10833333	5.53239920e-07	
1.10991667	6.41302976e-07	
1.11150000	2.72146703e-07	
1.11308333	1.22244035e-07	
1.11466667	3.04295394e-07	
1.11625000	2.20731580e-07	
1.11783333	1.54307826e-07	
1.11941667	1.61430169e-07	
1.12100000	2.71176796e-07	
1.12258333	3.81084164e-07	
1.12416667	2.73658099e-07	
1.12575000	3.36755234e-07	
1.12733333	4.31329030e-07	
1.12891667	5.45156798e-07	
1.13050000	4.05192153e-07	
1.13208333	8.69757317e-08	
1.13366667	1.97389971e-07	
1.13525000	1.96612166e-07	
1.13683333	3.33307132e-07	
1.13841667	3.28407388e-07	
1.14000000	1.07145975e-07	
1.14158333	3.98539503e-07	
1.14316667	5.27828556e-07	
1.14475000	4.82154195e-07	
1.14633333	5.52545153e-07	
1.14791667	4.89368662e-07	
1.14950000	5.07692461e-07	
1.15108333	2.56676009e-07	
1.15266667	1.45673540e-07	
1.15425000	1.36219630e-07	
1.15583333	1.48690662e-07	
1.15741667	2.18321050e-07	
1.15900000	-1.52017351e-08	
1.16058333	1.75161090e-07	
1.16216667	4.62672628e-07	
1.16375000	4.63616495e-07	
1.16533333	4.70790053e-07	
1.16691667	4.27318550e-07	
1.16850000	5.68447851e-07	
1.17008333	5.94694772e-07	
1.17166667	3.27751150e-07	
1.17325000	1.19064353e-07	
1.17483333	7.51870347e-08	
1.17641667	2.48077159e-07	
1.17800000	1.24448896e-07	
1.17958333	1.33955435e-07	
1.18116667	2.41646867e-07	
1.18275000	3.90070523e-07	
1.18433333	4.63745973e-07	
1.18591667	4.05410227e-07	
1.18750000	4.01607712e-07	
@ 
0.00000000	5.00130273e-07	
0.00158333	3.41804393e-07	
0.00316667	2.43012908e-07	
0.00475000	1.37067284e-07	
0.00633333	3.66649544e-07	
0.00791667	3.98022012e-07	
0.00950000	2.62380509e-07	
0.01108333	4.28830702e-07	
0.01266667	5.02896573e-07	
0.01425000	6.09195671e-07	
0.01583333	7.63630889e-07	
0.01741667	4.87987864e-07	
0.01900000	6.71929350e-07	
0.02058333	5.52477334e-07	
0.02216667	4.29350545e-07	
0.02375000	2.68818250e-07	
0.02533333	8.16259446e-08	
0.02691667	2.92541839e-07	
0.02850000	1.94848899e-07	
0.03008333	1.84037474e-07	
0.03166667	2.40904414e-07	
0.03325000	4.22019564e-07	
0.03483333	4.99178455e-07	
0.03641667	3.50920342e-07	
0.03800000	4.62060101e-07	
0.03958333	5.86577712e-07	
0.04116667	5.74540252e-07	
0.04275000	4.26323721e-07	
0.04433333	1.15374522e-08	
0.04591667	1.27344310e-07	
0.04750000	9.25590842e-08	
0.04908333	1.37498742e-07	
0.05066667	1.25563542e-07	
0.05225000	2.38310909e-07	
0.05383333	6.23583669e-07	
0.05541667	5.71775016e-07	
0.05700000	4.65604220e-07	
0.05858333	6.83002167e-07	
0.06016667	5.91954457e-07	
0.06175000	5.93165904e-07	
0.06333333	3.46209327e-07	
0.06491667	2.06939688e-07	
0.06650000	3.67297857e-07	
0.06808333	3.19712858e-07	
0.06966667	3.30827144e-07	
0.07125000	4.42960976e-07	
0.07283333	5.90528577e-07	
0.07441667	6.56944534e-07	
0.07600000	5.48354765e-07	
0.07758333	6.34561729e-07	
0.07916667	5.65293285e-07	
0.08075000	6.39573226e-07	
0.08233333	4.88594092e-07	
0.08391667	1.75869409e-07	
0.08550000	3.29832988e-07	
0.08708333	2.05125444e-07	
0.08866667	2.09152501e-07	
0.09025000	2.28864839e-07	
0.09183333	2.59434133e-07	
0.09341667	6.14362575e-07	
0.09500000	4.31077439e-07	
0.09658333	4.44906307e-07	
0.09816667	4.48190407e-07	
0.09975000	5.63089418e-07	
0.10133333	6.19305301e-07	
0.10291667	2.60210692e-07	
0.10450000	1.81401310e-07	
0.10608333	2.04908714e-07	
0.10766667	1.00854946e-07	
0.10925000	1.44412742e-07	
0.11083333	-4.83014290e-10	
0.11241667	3.66623727e-07	
0.11400000	6.21122862e-07	
0.11558333	5.60669158e-07	
0.11716667	6.85680935e-07	
0.11875000	5.90269118e-07	
0.12033333	6.65113676e-07	
0.12191667	5.39900514e-07	
0.12350000	2.15710661e-07	
0.12508333	2.75153142e-07	
0.12666667	1.56166927e-07	
0.12825000	2.20853260e-07	
0.12983333	3.02910417e-08	
0.13141667	9.62224396e-08	
0.13300000	3.74505464e-07	
0.13458333	4.78264596e-07	
0.13616667	4.92480778e-07	
0.13775000	4.57609945e-07	
0.13933333	5.56306450e-07	
0.14091667	5.65465437e-07	
0.14250000	3.90202101e-07	
0.14408333	2.25633326e-07	
0.14566667	1.98556419e-07	
0.14725000	2.68732986e-07	
0.14883333	2.36046644e-07	
0.15041667	4.20350311e-08	
0.15200000	4.52726022e-07	
0.15358333	4.74419408e-07	
0.15516667	5.93509423e-07	
0.15675000	6.06429875e-07	
0.15833333	5.45501941e-07	
0.15991667	6.34905137e-07	
0.16150000	5.25019750e-07	
0.16308333	3.50187857e-07	
0.16466667	1.91469525e-07	
0.16625000	2.72404847e-07	
0.16783333	3.58180648e-07	
0.16941667	1.41128685e-07	
0.17100000	1.61783531e-07	
0.17258333	3.31216698e-07	
0.17416667	5.50213040e-07	
0.17575000	6.33610807e-07	
0.17733333	5.04537223e-07	
0.17891667	4.93778020e-07	
0.18050000	5.78213457e-07	
0.18208333	2.52458432e-07	
0.18366667	3.42052708e-07	
0.18525000	1.52493344e-07	
0.18683333	3.03543644e-07	
0.18841667	2.40602000e-07	
0.19000000	1.72552325e-07	
0.19158333	5.04088923e-07	
0.19316667	6.10232390e-07	
0.19475000	7.16490325e-07	
0.19633333	5.80028330e-07	
0.19791667	5.44983918e-07	
0.19950000	6.67271509e-07	
0.20108333	5.20871532e-07	
0.20266667	4.39591865e-07	
0.20425000	2.87269958e-07	
0.20583333	2.37748840e-07	
0.20741667	3.99705055e-07	
0.20900000	2.52658809e-07	
0.21058333	3.23956392e-07	
0.21216667	4.87036830e-07	
0.21375000	6.14081162e-07	
0.21533333	7.84936373e-07	
0.21691667	6.48691499e-07	
0.21850000	5.68577553e-07	
0.22008333	4.36220570e-07	
0.22166667	5.28390597e-07	
0.22325000	2.21891154e-07	
0.22483333	1.08055008e-07	
0.22641667	3.39555332e-07	
0.22800000	1.88703981e-07	
0.22958333	2.72145863e-07	
0.23116667	2.49778796e-07	
0.23275000	2.25607733e-07	
0.23433333	5.78343887e-07	
0.23591667	6.28423742e-07	
0.23750000	5.90226444e-07	
0.23908333	6.98946138e-07	
0.24066667	6.57797900e-07	
0.24225000	5.97054998e-07	
0.24383333	1.83994422e-07	
0.24541667	2.19730017e-07	
0.24700000	4.32633441e-07	
0.24858333	4.02342941e-07	
0.25016667	3.52778645e-07	
0.25175000	3.02653596e-07	
0.25333333	6.53731333e-07	
0.25491667	5.33100241e-07	
0.25650000	6.13214075e-07	
0.25808333	6.98297293e-07	
0.25966667	5.68318821e-07	
0.26125000	5.58518829e-07	
0.26283333	1.52398168e-07	
0.26441667	1.17016026e-07	
0.26600000	2.95436384e-07	
0.26758333	2.33990217e-07	
0.26916667	3.24250041e-07	
0.27075000	2.39435636e-07	
0.27233333	2.32408398e-07	
0.27391667	7.93977530e-07	
0.27550000	5.70262948e-07	
0.27708333	5.71905166e-07	
0.27866667	6.22590632e-07	
0.28025000	5.83226914e-07	
0.28183333	5.05643721e-07	
0.28341667	3.44784371e-07	
0.28500000	2.62034554e-07	
0.28658333	2.69034308e-07	
0.28816667	3.52778813e-07	
0.28975000	2.31873728e-07	
0.29133333	3.51351729e-07	
0.29291667	4.90062421e-07	
0.29450000	5.78386225e-07	
0.29608333	5.88540544e-07	
0.29766667	7.41294510e-07	
0.29925000	6.78843308e-07	
0.30083333	8.42797777e-07	
0.30241667	4.87211334e-07	
0.30400000	1.65517485e-07	
0.30558333	2.54341993e-07	
0.30716667	1.99032077e-07	
0.30875000	3.39443131e-07	
0.31033333	1.30420710e-07	
0.31191667	2.41968041e-07	
0.31350000	6.17837811e-07	
0.31508333	6.42080571e-07	
0.31666667	7.20119680e-07	
0.31825000	5.21779389e-07	
0.31983333	6.55432634e-07	
0.32141667	7.08365761e-07	
0.32300000	5.05832841e-07	
0.32458333	3.82421952e-07	
0.32616667	3.00017306e-07	
0.32775000	4.10335480e-07	
0.32933333	2.04389907e-07	
0.33091667	1.71419926e-07	
0.33250000	7.17701828e-07	
0.33408333	6.78379215e-07	
0.33566667	8.44353415e-07	
0.33725000	7.63158003e-07	
0.33883333	7.40298450e-07	
0.34041667	7.96085857e-07	
0.34200000	5.13396484e-07	
0.34358333	4.50593306e-07	
0.34516667	4.57306804e-07	
0.34675000	4.06144280e-07	
0.34833333	4.43911227e-07	
0.34991667	1.86803130e-07	
0.35150000	2.39045158e-07	
0.35308333	4.91228170e-07	
0.35466667	4.98704393e-07	
0.35625000	5.96966738e-07	
0.35783333	4.98746955e-07	
0.35941667	6.92379396e-07	
0.36100000	5.32842517e-07	
0.36258333	2.71584018e-07	
0.36416667	5.50513732e-08	
0.36575000	1.78203692e-07	
0.36733333	3.72352812e-07	
0.36891667	3.50186261e-07	
0.37050000	3.34152406e-07	
0.37208333	4.98185586e-07	
0.37366667	5.98568074e-07	
0.37525000	6.22290347e-07	
0.37683333	4.81763969e-07	
0.37841667	5.81021647e-07	
0.38000000	7.94484969e-07	
0.38158333	7.77072780e-07	
0.38316667	5.91740416e-07	
0.38475000	2.32097402e-07	
0.38633333	2.91374942e-07	
0.38791667	3.40333431e-07	
0.38950000	3.09740714e-07	
0.39108333	4.40548864e-07	
0.39266667	3.76155326e-07	
0.39425000	5.28873003e-07	
0.39583333	6.20906973e-07	
0.39741667	6.57764802e-07	
0.39900000	6.71074976e-07	
0.40058333	5.12047440e-07	
0.40216667	4.86431107e-07	
0.40375000	4.05109858e-07	
0.40533333	3.91798592e-07	
0.40691667	4.75672240e-07	
0.40850000	4.82846106e-07	
0.41008333	5.04796235e-07	
0.41166667	5.53797873e-07	
0.41325000	6.74965078e-07	
0.41483333	9.78005708e-07	
0.41641667	9.28702552e-07	
0.41800000	1.07981156e-06	
0.41958333	1.26260510e-06	
0.42116667	1.16182925e-06	
0.42275000	1.15595324e-06	
0.42433333	1.01006748e-06	
0.42591667	1.26721904e-06	
0.42750000	1.51327515e-06	
0.42908333	1.67906376e-06	
0.43066667	2.13559355e-06	
0.43225000	2.78543753e-06	
0.43383333	3.64061427e-06	
0.43541667	4.47053231e-06	
0.43700000	5.29496277e-06	
0.43858333	6.38172648e-06	
0.44016667	8.01400350e-06	
0.44175000	1.00910722e-05	
0.44333333	1.26710255e-05	
0.44491667	1.51106823e-05	
0.44650000	1.79173060e-05	
0.44808333	2.09504738e-05	
0.44966667	2.49892083e-05	
0.45125000	2.91391343e-05	
0.45283333	3.47840120e-05	
0.45441667	4.28770435e-05	
0.45600000	5.72567756e-05	
0.45758333	8.99456700e-05	
0.45916667	1.65716572e-04	
0.46075000	3.07936675e-04	
0.46233333	4.33975239e-04	
0.46391667	4.45481514e-04	
0.46550000	6.74673659e-04	
0.46708333	7.85503826e-04	
0.46866667	6.49106951e-04	
0.47025000	1.02237195e-03	
0.47183333	1.18918545e-03	
0.47341667	2.72334082e-03	
0.47500000	2.52210642e-03	
0.47658333	3.03675659e-03	
0.47816667	2.32332049e-03	
0.47975000	3.50672506e-03	
0.48133333	4.58464382e-03	
0.48291667	5.10318346e-03	
0.48450000	6.38787332e-03	
0.48608333	5.68596320e-03	
0.48766667	1.31607624e-02	
0.48925000	1.29187176e-02	
0.49083333	1.77602778e-02	
0.49241667	2.78106106e-02	
0.49400000	2.77060875e-02	
0.49558333	2.58147957e-02	
0.49716667	2.54585368e-02	
0.49875000	4.31619928e-02	
0.50033333	5.02015939e-02	
0.50191667	5.80894875e-02	
0.50350000	6.81946657e-02	
0.50508333	8.53016421e-02	
0.50666667	1.05542703e-01	
0.50825000	1.39372924e-01	
0.50983333	1.37191148e-01	
0.51141667	1.41919149e-01	
0.51300000	3.06472213e-01	
0.51458333	1.45170609e+00	
0.51616667	1.62742424e+00	
0.51775000	1.77032005e+00	
0.51933333	3.69288389e+00	
0.52091667	5.02189190e+00	
0.52250000	4.94626528e+00	
0.52408333	5.61175630e+00	
0.52566667	6.55383918e+00	
0.52725000	7.29219638e+00	
0.52883333	7.98706952e+00	
0.53041667	8.20743163e+00	
0.53200000	8.46246655e+00	
0.53358333	8.57587126e+00	
0.53516667	9.04130514e+00	
0.53675000	1.03918142e+01	
0.53833333	1.09667226e+01	
0.53991667	1.22441221e+01	
0.54150000	1.33053866e+01	
0.54308333	1.37207247e+01	
0.54466667	1.43432625e+01	
0.54625000	1.58134413e+01	
0.54783333	1.65549714e+01	
0.54941667	1.70336090e+01	
0.55100000	1.72454248e+01	
0.55258333	1.75232978e+01	
0.55416667	1.78713263e+01	
0.55575000	1.92583365e+01	
0.55733333	2.09377135e+01	
0.55891667	2.16874460e+01	
0.56050000	2.21739835e+01	
0.56208333	2.26080142e+01	
0.56366667	2.32545392e+01	
0.56525000	2.34405583e+01	
0.56683333	2.34187302e+01	
0.56841667	2.34244033e+01	
0.57000000	2.34127640e+01	
0.57158333	2.45326180e+01	
0.57316667	2.57027200e+01	
0.57475000	2.59620685e+01	
0.57633333	2.60377430e+01	
0.57791667	2.64695056e+01	
0.57950000	2.68036680e+01	
0.58108333	2.68675566e+01	
0.58266667	2.72927386e+01	
0.58425000	2.76149139e+01	
0.58583333	2.93419758e+01	
0.58741667	3.04060797e+01	
0.58900000	3.02584381e+01	
0.59058333	3.02634366e+01	
