start voltage : 0.00 V 
set voltage : 0.10 V 
High G : 30.00 G0 
Intermediate G : 20.00 G0 
Low G : 10.00 G0 
Breaking speed 1 : 300.00 V/s 
Breaking speed 2 : 300.00 V/s 
Making speed : 500.00 V/s 
Post breaking : 230.00 V/s 
@ 
0.00000000	4.06785060e+01	
0.00158333	4.11397353e+01	
0.00316667	4.10894234e+01	
0.00475000	4.10908290e+01	
0.00633333	4.11628900e+01	
0.00791667	4.12117700e+01	
0.00950000	4.10137921e+01	
0.01108333	4.11009011e+01	
0.01266667	4.10625969e+01	
0.01425000	4.10799638e+01	
0.01583333	4.11519797e+01	
0.01741667	4.11079441e+01	
0.01900000	4.10418475e+01	
0.02058333	4.12092406e+01	
0.02216667	4.09229886e+01	
0.02375000	4.10587033e+01	
0.02533333	4.10418362e+01	
0.02691667	4.09552834e+01	
0.02850000	4.10566776e+01	
0.03008333	4.08536712e+01	
0.03166667	4.11162762e+01	
0.03325000	4.07092937e+01	
0.03483333	4.08269499e+01	
0.03641667	4.08279271e+01	
0.03800000	4.05656077e+01	
0.03958333	4.07408556e+01	
0.04116667	4.07085458e+01	
0.04275000	4.05612669e+01	
0.04433333	4.07901490e+01	
0.04591667	4.05523260e+01	
0.04750000	4.06657767e+01	
0.04908333	4.05287955e+01	
0.05066667	4.06265141e+01	
0.05225000	4.06649311e+01	
0.05383333	4.06178776e+01	
0.05541667	4.07671184e+01	
0.05700000	4.06381272e+01	
0.05858333	4.06577979e+01	
0.06016667	4.04903484e+01	
0.06175000	4.02199112e+01	
0.06333333	4.03186446e+01	
0.06491667	4.02078772e+01	
0.06650000	4.01971887e+01	
0.06808333	4.00178556e+01	
0.06966667	4.00535366e+01	
0.07125000	4.03025592e+01	
0.07283333	4.01070129e+01	
0.07441667	4.00777360e+01	
0.07600000	4.01276458e+01	
0.07758333	3.98798935e+01	
0.07916667	3.98849258e+01	
0.08075000	3.96656799e+01	
0.08233333	4.01061523e+01	
0.08391667	4.00770520e+01	
0.08550000	4.00463132e+01	
0.08708333	4.01414198e+01	
0.08866667	3.97902476e+01	
0.09025000	4.00194867e+01	
0.09183333	3.96067240e+01	
0.09341667	3.96373350e+01	
0.09500000	3.96397366e+01	
0.09658333	3.94815925e+01	
0.09816667	3.95931717e+01	
0.09975000	3.95601478e+01	
0.10133333	3.95058446e+01	
0.10291667	3.93892219e+01	
0.10450000	3.92053375e+01	
0.10608333	3.89872078e+01	
0.10766667	3.90279023e+01	
0.10925000	3.89541200e+01	
0.11083333	3.89436796e+01	
0.11241667	3.90968364e+01	
0.11400000	3.90337426e+01	
0.11558333	3.86621855e+01	
0.11716667	3.87059317e+01	
0.11875000	3.84316799e+01	
0.12033333	3.75256561e+01	
0.12191667	3.73603112e+01	
0.12350000	3.73608224e+01	
0.12508333	3.73081616e+01	
0.12666667	3.74339732e+01	
0.12825000	3.72609390e+01	
0.12983333	3.73025843e+01	
0.13141667	3.72006226e+01	
0.13300000	3.70095561e+01	
0.13458333	3.71286405e+01	
0.13616667	3.70395471e+01	
0.13775000	3.72161818e+01	
0.13933333	3.69166293e+01	
0.14091667	3.70447974e+01	
0.14250000	3.69846125e+01	
0.14408333	3.67814370e+01	
0.14566667	3.68846915e+01	
0.14725000	3.66692415e+01	
0.14883333	3.62453468e+01	
0.15041667	3.36229873e+01	
0.15200000	3.30013176e+01	
0.15358333	3.28114050e+01	
0.15516667	3.25822222e+01	
0.15675000	3.26605595e+01	
0.15833333	3.26375025e+01	
0.15991667	3.23649494e+01	
0.16150000	3.20787801e+01	
0.16308333	3.18168102e+01	
0.16466667	3.10571145e+01	
0.16625000	3.12500507e+01	
0.16783333	3.13376859e+01	
0.16941667	3.13287450e+01	
0.17100000	3.11318570e+01	
0.17258333	3.12910139e+01	
0.17416667	3.11915552e+01	
0.17575000	3.11684324e+01	
0.17733333	3.11616450e+01	
0.17891667	3.10179158e+01	
0.18050000	3.07037155e+01	
0.18208333	3.07127823e+01	
0.18366667	3.03886639e+01	
0.18525000	3.02638594e+01	
0.18683333	3.01348419e+01	
0.18841667	3.01388764e+01	
0.19000000	3.02283156e+01	
0.19158333	3.01107514e+01	
0.19316667	3.00881661e+01	
0.19475000	2.72978066e+01	
0.19633333	2.73786656e+01	
0.19791667	2.75719551e+01	
0.19950000	2.74441290e+01	
0.20108333	2.71761008e+01	
0.20266667	2.70212885e+01	
0.20425000	2.70956664e+01	
0.20583333	2.69631162e+01	
0.20741667	2.70664553e+01	
0.20900000	2.69897867e+01	
0.21058333	2.70215835e+01	
0.21216667	2.69745826e+01	
0.21375000	2.70036002e+01	
0.21533333	2.67921151e+01	
0.21691667	2.67811429e+01	
0.21850000	2.69525648e+01	
0.22008333	2.68481339e+01	
0.22166667	2.66631540e+01	
0.22325000	2.63138308e+01	
0.22483333	2.64485871e+01	
0.22641667	2.63344599e+01	
0.22800000	2.63610985e+01	
0.22958333	2.60782834e+01	
0.23116667	2.60427152e+01	
0.23275000	2.52866744e+01	
0.23433333	2.31559486e+01	
0.23591667	2.24774202e+01	
0.23750000	2.26033878e+01	
0.23908333	2.28085233e+01	
0.24066667	2.31963086e+01	
0.24225000	2.34326095e+01	
0.24383333	2.35457916e+01	
0.24541667	2.33090133e+01	
0.24700000	2.32886116e+01	
0.24858333	2.32799225e+01	
0.25016667	2.31573392e+01	
0.25175000	2.30962166e+01	
0.25333333	2.28218802e+01	
0.25491667	2.22759227e+01	
0.25650000	2.17195284e+01	
0.25808333	2.21534521e+01	
0.25966667	2.19326935e+01	
0.26125000	2.17509945e+01	
0.26283333	2.16398889e+01	
0.26441667	2.14448444e+01	
0.26600000	2.11996326e+01	
0.26758333	2.10893538e+01	
0.26916667	2.06093896e+01	
0.27075000	2.07700892e+01	
0.27233333	1.92218174e+01	
0.27391667	1.90167214e+01	
0.27550000	1.88923097e+01	
0.27708333	1.88599773e+01	
0.27866667	1.89236592e+01	
0.28025000	1.88039717e+01	
0.28183333	1.89055858e+01	
0.28341667	1.87451191e+01	
0.28500000	1.88666201e+01	
0.28658333	1.89669733e+01	
0.28816667	1.88843779e+01	
0.28975000	1.88261849e+01	
0.29133333	1.88535037e+01	
0.29291667	1.86350301e+01	
0.29450000	1.85694785e+01	
0.29608333	1.84313904e+01	
0.29766667	1.83006103e+01	
0.29925000	1.82986278e+01	
0.30083333	1.80524709e+01	
0.30241667	1.82587282e+01	
0.30400000	1.79936127e+01	
0.30558333	1.55827984e+01	
0.30716667	1.41659109e+01	
0.30875000	1.44916322e+01	
0.31033333	1.41461819e+01	
0.31191667	1.35695409e+01	
0.31350000	1.37190898e+01	
0.31508333	1.35429503e+01	
0.31666667	1.36401822e+01	
0.31825000	1.35954091e+01	
0.31983333	1.34497970e+01	
0.32141667	1.34604639e+01	
0.32300000	1.35574750e+01	
0.32458333	1.33868545e+01	
0.32616667	1.30180917e+01	
0.32775000	1.31112487e+01	
0.32933333	1.28072708e+01	
0.33091667	1.26046571e+01	
0.33250000	1.28445030e+01	
0.33408333	1.30097239e+01	
0.33566667	1.26460281e+01	
0.33725000	1.27287898e+01	
0.33883333	1.25665220e+01	
0.34041667	1.25192618e+01	
0.34200000	1.23187932e+01	
0.34358333	1.22755318e+01	
0.34516667	1.22457964e+01	
0.34675000	1.22581799e+01	
0.34833333	1.22234958e+01	
0.34991667	1.18627399e+01	
0.35150000	1.10224567e+01	
0.35308333	1.09656280e+01	
0.35466667	1.08250059e+01	
0.35625000	1.07288178e+01	
0.35783333	1.07036816e+01	
0.35941667	1.01881980e+01	
0.36100000	9.87857142e+00	
0.36258333	9.20018485e+00	
0.36416667	9.17777620e+00	
0.36575000	9.10577066e+00	
0.36733333	8.90428443e+00	
0.36891667	8.82722872e+00	
0.37050000	8.74300413e+00	
0.37208333	8.87387537e+00	
0.37366667	9.02744747e+00	
0.37525000	8.54820573e+00	
0.37683333	8.32781356e+00	
0.37841667	7.66826435e+00	
0.38000000	7.67847509e+00	
0.38158333	7.89636097e+00	
0.38316667	7.79287339e+00	
0.38475000	7.75612930e+00	
0.38633333	7.71759158e+00	
0.38791667	7.38771880e+00	
0.38950000	6.88184834e+00	
0.39108333	7.00976652e+00	
0.39266667	6.94025178e+00	
0.39425000	6.85305956e+00	
0.39583333	6.86733627e+00	
0.39741667	6.61086897e+00	
0.39900000	6.46166397e+00	
0.40058333	6.33683508e+00	
0.40216667	6.25260296e+00	
0.40375000	6.29235742e+00	
0.40533333	6.37042316e+00	
0.40691667	6.29911149e+00	
0.40850000	6.29634823e+00	
0.41008333	6.28898062e+00	
0.41166667	6.31223489e+00	
0.41325000	5.67263784e+00	
0.41483333	5.37267098e+00	
0.41641667	4.93627440e+00	
0.41800000	4.63522046e+00	
0.41958333	4.17733553e+00	
0.42116667	4.14015830e+00	
0.42275000	4.11237580e+00	
0.42433333	4.15875091e+00	
0.42591667	4.11623413e+00	
0.42750000	4.00195327e+00	
0.42908333	3.72308954e+00	
0.43066667	3.72539289e+00	
0.43225000	3.68588436e+00	
0.43383333	3.11620984e+00	
0.43541667	3.13710908e+00	
0.43700000	3.11283116e+00	
0.43858333	3.20026531e+00	
0.44016667	2.94633908e+00	
0.44175000	2.85326141e+00	
0.44333333	2.86029007e+00	
0.44491667	2.38554651e+00	
0.44650000	2.21655730e+00	
0.44808333	2.12848776e+00	
0.44966667	2.09260854e+00	
0.45125000	2.05214260e+00	
0.45283333	2.07353816e+00	
0.45441667	1.98243453e+00	
0.45600000	1.97311662e+00	
0.45758333	1.76519519e+00	
0.45916667	1.79498613e+00	
0.46075000	1.21910601e+00	
0.46233333	1.04596802e+00	
0.46391667	1.01314110e+00	
0.46550000	1.01720790e+00	
0.46708333	1.01726615e+00	
0.46866667	1.01495036e+00	
0.47025000	9.91185086e-01	
0.47183333	9.61396255e-01	
0.47341667	9.51041236e-01	
0.47500000	9.61380400e-01	
0.47658333	8.67710577e-01	
0.47816667	8.73593201e-01	
0.47975000	8.63697396e-01	
0.48133333	2.29242613e-01	
0.48291667	1.01257701e-01	
0.48450000	5.85104022e-02	
0.48608333	5.91351256e-02	
0.48766667	5.65014113e-02	
0.48925000	5.45498551e-02	
0.49083333	5.07229247e-02	
0.49241667	4.41070019e-02	
0.49400000	3.46758634e-02	
0.49558333	3.31331690e-02	
0.49716667	2.95547557e-02	
0.49875000	2.51948325e-02	
0.50033333	2.59992847e-02	
0.50191667	2.39009360e-02	
0.50350000	1.88033101e-02	
0.50508333	1.89426210e-02	
0.50666667	2.04855851e-02	
0.50825000	2.25024081e-02	
0.50983333	2.18913322e-02	
0.51141667	2.09111701e-02	
0.51300000	1.82658048e-02	
0.51458333	8.30064407e-05	
0.51616667	4.18351764e-06	
0.51775000	2.52865593e-05	
0.51933333	7.74066124e-05	
0.52091667	3.02343377e-04	
0.52250000	5.66498066e-04	
0.52408333	2.79198243e-04	
0.52566667	9.28911907e-05	
0.52725000	4.39950723e-05	
0.52883333	2.89248391e-05	
0.53041667	2.31570104e-05	
0.53200000	1.99161333e-05	
0.53358333	1.71994595e-05	
0.53516667	1.53370740e-05	
0.53675000	1.36411467e-05	
0.53833333	1.25411463e-05	
0.53991667	1.15466268e-05	
0.54150000	1.04318246e-05	
0.54308333	9.60457253e-06	
0.54466667	8.80936283e-06	
0.54625000	8.29436283e-06	
0.54783333	7.78412438e-06	
0.54941667	7.04978404e-06	
0.55100000	6.65038308e-06	
0.55258333	6.00799394e-06	
0.55416667	5.19298578e-06	
0.55575000	4.60016065e-06	
0.55733333	4.29319251e-06	
0.55891667	4.08793479e-06	
0.56050000	4.03068499e-06	
0.56208333	4.01490975e-06	
0.56366667	4.26372578e-06	
0.56525000	4.18283172e-06	
0.56683333	4.11516724e-06	
0.56841667	3.85406919e-06	
0.57000000	3.50267314e-06	
0.57158333	3.58962465e-06	
0.57316667	3.09614888e-06	
0.57475000	2.67077306e-06	
0.57633333	2.34399660e-06	
0.57791667	1.94300181e-06	
0.57950000	1.63340491e-06	
0.58108333	1.40638394e-06	
0.58266667	1.37197331e-06	
0.58425000	1.24298485e-06	
0.58583333	1.35778910e-06	
0.58741667	1.27444079e-06	
0.58900000	9.55580174e-07	
0.59058333	1.02907261e-06	
0.59216667	9.26108123e-07	
0.59375000	3.37005286e-07	
0.59533333	3.28666792e-07	
0.59691667	2.60997443e-07	
0.59850000	5.15945719e-07	
0.60008333	4.45985336e-07	
0.60166667	3.62976143e-07	
0.60325000	7.51490832e-07	
0.60483333	6.96864301e-07	
0.60641667	1.04623738e-06	
0.60800000	7.24442626e-07	
0.60958333	6.51671113e-07	
0.61116667	8.25341402e-07	
0.61275000	5.64515802e-07	
0.61433333	3.22918162e-07	
0.61591667	3.28753595e-07	
0.61750000	3.53815672e-07	
0.61908333	4.40584397e-07	
0.62066667	3.48154322e-07	
0.62225000	3.68853635e-07	
0.62383333	5.33186932e-07	
0.62541667	6.63080673e-07	
0.62700000	7.74653583e-07	
0.62858333	6.56513034e-07	
0.63016667	6.84598126e-07	
0.63175000	5.30187718e-07	
0.63333333	4.12464108e-07	
0.63491667	2.20161937e-07	
0.63650000	2.14199419e-07	
0.63808333	2.98133381e-07	
0.63966667	3.60382695e-07	
0.64125000	2.22651865e-07	
0.64283333	3.24257602e-07	
0.64441667	5.98393738e-07	
0.64600000	6.52492838e-07	
0.64758333	7.70421361e-07	
0.64916667	8.26594066e-07	
0.65075000	8.87409435e-07	
0.65233333	7.33567396e-07	
0.65391667	5.65767682e-07	
0.65550000	1.75584749e-07	
0.65708333	2.46133004e-07	
0.65866667	2.21631247e-07	
0.66025000	1.56081117e-07	
0.66183333	4.47715113e-07	
0.66341667	4.82413318e-07	
0.66500000	6.18572956e-07	
0.66658333	5.94245184e-07	
0.66816667	5.71299835e-07	
0.66975000	7.50852459e-07	
0.67133333	6.66150227e-07	
0.67291667	6.03706641e-07	
0.67450000	3.64972185e-07	
0.67608333	3.93221294e-08	
0.67766667	2.79414290e-07	
0.67925000	1.17189101e-07	
0.68083333	1.46961906e-07	
0.68241667	2.96863608e-07	
0.68400000	4.90840688e-07	
0.68558333	7.41725450e-07	
0.68716667	5.08555291e-07	
0.68875000	6.68567799e-07	
0.69033333	7.39220065e-07	
0.69191667	8.11900127e-07	
0.69350000	5.04883767e-07	
0.69508333	2.83203885e-08	
0.69666667	2.65145969e-07	
0.69825000	3.38483584e-07	
0.69983333	2.07415289e-07	
0.70141667	2.89009004e-07	
0.70300000	2.23128208e-07	
0.70458333	4.44647072e-07	
0.70616667	5.08685721e-07	
0.70775000	5.51378005e-07	
0.70933333	4.51172596e-07	
0.71091667	6.04096866e-07	
0.71250000	6.13730699e-07	
0.71408333	-4.55450236e-08	
0.71566667	9.81937700e-08	
0.71725000	9.41315578e-08	
0.71883333	9.12445162e-08	
0.72041667	2.58482706e-07	
0.72200000	2.38000207e-07	
0.72358333	5.59718851e-07	
0.72516667	4.67246522e-07	
0.72675000	5.48569255e-07	
0.72833333	6.05738244e-07	
0.72991667	5.33412623e-07	
0.73150000	6.37237977e-07	
0.73308333	5.53710677e-07	
0.73466667	5.46535418e-08	
0.73625000	1.16713871e-07	
0.73783333	1.36202718e-07	
0.73941667	4.17871374e-07	
0.74100000	3.02004639e-07	
0.74258333	4.88505048e-07	
0.74416667	4.78576810e-07	
0.74575000	6.27127340e-07	
0.74733333	6.25227062e-07	
0.74891667	5.71904158e-07	
0.75050000	6.39312870e-07	
0.75208333	6.17233264e-07	
0.75366667	1.00993532e-07	
0.75525000	1.34387802e-07	
0.75683333	1.00509712e-07	
0.75841667	1.22720379e-07	
0.76000000	2.71195053e-07	
0.76158333	2.16013369e-07	
0.76316667	3.36592939e-07	
0.76475000	4.77789023e-07	
0.76633333	5.45284875e-07	
0.76791667	5.40315660e-07	
0.76950000	5.49823431e-07	
0.77108333	6.71989777e-07	
0.77266667	6.08763892e-07	
0.77425000	3.18694284e-07	
0.77583333	2.39261692e-07	
0.77741667	1.01995977e-07	
0.77900000	2.58586339e-07	
0.78058333	1.21044503e-07	
0.78216667	4.41707836e-07	
0.78375000	3.52352802e-07	
0.78533333	5.18112680e-07	
0.78691667	5.18970023e-07	
0.78850000	5.25235024e-07	
0.79008333	7.11994780e-07	
0.79166667	6.08029643e-07	
0.79325000	4.50048038e-07	
0.79483333	2.53780427e-07	
0.79641667	4.61058538e-08	
0.79800000	1.23152326e-07	
0.79958333	1.69103368e-07	
0.80116667	2.01562732e-07	
0.80275000	3.15617366e-07	
0.80433333	5.11191722e-07	
0.80591667	4.68023361e-07	
0.80750000	5.17543471e-07	
0.80908333	4.88420988e-07	
0.81066667	7.57411250e-07	
0.81225000	4.89448130e-07	
0.81383333	5.21084621e-07	
0.81541667	3.82593522e-08	
0.81700000	9.38118184e-08	
0.81858333	2.16541276e-07	
0.82016667	8.49368272e-08	
0.82175000	2.63382450e-07	
0.82333333	2.98919685e-07	
0.82491667	6.17537301e-07	
0.82650000	6.14468700e-07	
0.82808333	4.90321153e-07	
0.82966667	6.43980960e-07	
0.83125000	6.27300275e-07	
0.83283333	6.05305793e-07	
0.83441667	3.77454921e-07	
0.83600000	2.23489550e-07	
0.83758333	2.82516521e-07	
0.83916667	3.03691295e-07	
0.84075000	3.01330453e-07	
0.84233333	3.38777513e-07	
0.84391667	4.13103012e-07	
0.84550000	5.90701625e-07	
0.84708333	7.54083692e-07	
0.84866667	7.26730553e-07	
0.85025000	6.19221073e-07	
0.85183333	5.38331603e-07	
0.85341667	3.97362274e-07	
0.85500000	6.25264416e-08	
0.85658333	7.09871472e-08	
0.85816667	1.10284335e-07	
0.85975000	2.90552601e-07	
0.86133333	2.66572605e-07	
0.86291667	3.44006272e-07	
0.86450000	3.63105845e-07	
0.86608333	6.08806958e-07	
0.86766667	6.24233242e-07	
0.86925000	7.00803182e-07	
0.87083333	6.78807859e-07	
0.87241667	5.05530484e-07	
0.87400000	3.02653008e-07	
0.87558333	2.06766920e-07	
0.87716667	2.29366986e-07	
0.87875000	1.57566976e-07	
0.88033333	2.54688704e-07	
0.88191667	1.51863064e-07	
0.88350000	1.92895363e-07	
0.88508333	3.31995105e-07	
0.88666667	5.01641165e-07	
0.88825000	7.59142119e-07	
0.88983333	7.09358685e-07	
0.89141667	8.10736226e-07	
0.89300000	6.94019933e-07	
0.89458333	3.05963261e-07	
0.89616667	1.79111381e-07	
0.89775000	2.16834828e-07	
0.89933333	2.75352063e-07	
0.90091667	1.91218466e-07	
0.90250000	5.24499375e-08	
0.90408333	2.41768448e-07	
0.90566667	3.77668430e-07	
0.90725000	4.24984421e-07	
0.90883333	5.32064530e-07	
0.91041667	5.64427598e-07	
0.91200000	6.79542724e-07	
0.91358333	3.73822794e-07	
0.91516667	2.15530039e-07	
0.91675000	5.08597321e-08	
0.91833333	2.30255480e-07	
0.91991667	3.34561672e-07	
0.92150000	1.88038825e-07	
0.92308333	4.70572763e-07	
0.92466667	6.34605467e-07	
0.92625000	5.18711067e-07	
0.92783333	5.73373272e-07	
0.92941667	5.47402890e-07	
0.93100000	7.21026417e-07	
0.93258333	5.38631665e-07	
0.93416667	3.83200470e-07	
0.93575000	1.83501222e-07	
0.93733333	8.36569808e-08	
0.93891667	1.76691778e-07	
0.94050000	1.84686165e-07	
0.94208333	2.29884393e-07	
0.94366667	4.61247813e-07	
0.94525000	4.64826793e-07	
0.94683333	4.55277609e-07	
0.94841667	5.97658033e-07	
0.95000000	6.14640347e-07	
0.95158333	6.83734904e-07	
0.95316667	3.01745964e-07	
0.95475000	8.27934220e-08	
0.95633333	-6.61911830e-08	
0.95791667	1.66882504e-07	
0.95950000	2.80227838e-07	
0.96108333	1.12193852e-07	
0.96266667	3.35925529e-07	
0.96425000	6.55086874e-07	
0.96583333	6.73190527e-07	
0.96741667	6.03363681e-07	
0.96900000	5.78776394e-07	
0.97058333	6.94235879e-07	
0.97216667	5.79250679e-07	
0.97375000	4.14640617e-07	
0.97533333	7.81235405e-09	
0.97691667	-1.59019608e-08	
0.97850000	1.49079179e-07	
0.98008333	1.10724192e-07	
0.98166667	2.49821806e-07	
0.98325000	3.60340413e-07	
0.98483333	6.22937176e-07	
0.98641667	5.90916955e-07	
0.98800000	4.88290278e-07	
0.98958333	6.81145684e-07	
0.99116667	7.52397961e-07	
0.99275000	6.54784237e-07	
0.99433333	5.33188053e-07	
0.99591667	2.02921465e-07	
0.99750000	2.73571911e-07	
0.99908333	2.19773013e-07	
1.00066667	1.07820056e-07	
1.00225000	1.75127516e-07	
1.00383333	2.04994762e-07	
1.00541667	5.24285725e-07	
1.00700000	6.01373352e-07	
1.00858333	6.21987317e-07	
1.01016667	7.45588671e-07	
1.01175000	6.84903676e-07	
1.01333333	6.47825868e-07	
1.01491667	2.85238943e-07	
1.01650000	1.19341397e-07	
1.01808333	9.07436647e-08	
1.01966667	5.53541053e-08	
1.02125000	2.05677657e-07	
1.02283333	-3.70760086e-08	
1.02441667	3.41673123e-07	
1.02600000	4.02774777e-07	
1.02758333	5.16852848e-07	
1.02916667	5.21304263e-07	
1.03075000	6.02456721e-07	
1.03233333	6.78938960e-07	
1.03391667	6.32746016e-07	
1.03550000	1.89793048e-07	
1.03708333	2.69423161e-07	
1.03866667	2.45398027e-07	
1.04025000	1.86397546e-07	
1.04183333	1.80062710e-07	
1.04341667	1.73364809e-07	
1.04500000	6.69952069e-07	
1.04658333	5.93856079e-07	
1.04816667	6.05003715e-07	
1.04975000	5.22097931e-07	
1.05133333	6.48476730e-07	
1.05291667	6.96439690e-07	
1.05450000	2.25562651e-07	
1.05608333	1.57894815e-07	
1.05766667	6.27864683e-08	
1.05925000	1.23057626e-07	
1.06083333	2.07242269e-07	
1.06241667	1.44542220e-07	
1.06400000	5.06914754e-07	
1.06558333	3.68032666e-07	
1.06716667	3.79310788e-07	
1.06875000	4.63762073e-07	
1.07033333	3.83242556e-07	
1.07191667	5.64948982e-07	
1.07350000	4.13792823e-07	
1.07508333	1.04934099e-07	
1.07666667	8.00531210e-08	
1.07825000	2.52354939e-07	
1.07983333	3.17041846e-07	
1.08141667	2.68308963e-07	
1.08300000	3.40445044e-07	
1.08458333	4.74679091e-07	
1.08616667	5.65637757e-07	
1.08775000	6.49728722e-07	
1.08933333	6.62563042e-07	
1.09091667	6.49427036e-07	
1.09250000	6.84472121e-07	
1.09408333	2.58405087e-07	
1.09566667	1.37136447e-07	
1.09725000	1.79327974e-08	
1.09883333	1.34681661e-07	
1.10041667	2.54982353e-07	
1.10200000	2.86416032e-07	
1.10358333	4.39202031e-07	
1.10516667	5.06222115e-07	
1.10675000	6.26868776e-07	
1.10833333	6.94798872e-07	
1.10991667	6.43505387e-07	
1.11150000	7.23966997e-07	
1.11308333	6.19737416e-07	
1.11466667	3.16351251e-07	
1.11625000	4.30625617e-08	
1.11783333	-2.99894366e-08	
1.11941667	2.68603256e-07	
1.12100000	1.41690502e-07	
1.12258333	2.66339999e-07	
1.12416667	2.63954488e-07	
1.12575000	3.56969818e-07	
1.12733333	5.21044748e-07	
@ 
0.00000000	6.46833672e-07	
0.00158333	5.43236583e-07	
0.00316667	5.03932228e-07	
0.00475000	4.63831852e-07	
0.00633333	2.16602067e-07	
0.00791667	1.35857000e-07	
0.00950000	1.88013764e-07	
0.01108333	1.60271323e-07	
0.01266667	1.28908530e-07	
0.01425000	1.87650574e-07	
0.01583333	3.35787651e-07	
0.01741667	4.89076553e-07	
0.01900000	4.93690208e-07	
0.02058333	5.60323734e-07	
0.02216667	5.70865311e-07	
0.02375000	4.83147791e-07	
0.02533333	4.62407457e-07	
0.02691667	1.71766021e-07	
0.02850000	1.82914203e-07	
0.03008333	1.52233857e-07	
0.03166667	2.78193183e-08	
0.03325000	6.58451575e-08	
0.03483333	2.13749943e-07	
0.03641667	4.18416055e-07	
0.03800000	4.19756223e-07	
0.03958333	4.29305967e-07	
0.04116667	6.93027793e-07	
0.04275000	6.46873994e-07	
0.04433333	4.76795706e-07	
0.04591667	2.56977919e-07	
0.04750000	1.64506500e-07	
0.04908333	4.12151334e-07	
0.05066667	2.45786657e-07	
0.05225000	2.48837478e-07	
0.05383333	1.67677978e-07	
0.05541667	3.94736176e-07	
0.05700000	5.46497442e-07	
0.05858333	5.40576576e-07	
0.06016667	6.32659604e-07	
0.06175000	5.85395219e-07	
0.06333333	6.13559219e-07	
0.06491667	2.37100947e-07	
0.06650000	-1.44853413e-08	
0.06808333	2.55552543e-07	
0.06966667	9.62921487e-08	
0.07125000	2.30291769e-07	
0.07283333	3.81560521e-08	
0.07441667	1.97415900e-07	
0.07600000	3.04080428e-07	
0.07758333	5.79898180e-07	
0.07916667	6.21943299e-07	
0.08075000	6.31838943e-07	
0.08233333	6.38232246e-07	
0.08391667	5.21656295e-07	
0.08550000	3.09179233e-07	
0.08708333	5.00395788e-08	
0.08866667	6.30464319e-08	
0.09025000	1.55786404e-07	
0.09183333	5.44974733e-08	
0.09341667	-7.58188901e-08	
0.09500000	4.05927669e-08	
0.09658333	2.94270944e-07	
0.09816667	2.54817818e-07	
0.09975000	4.88548954e-07	
0.10133333	5.23292185e-07	
0.10291667	7.13552210e-07	
0.10450000	5.29642701e-07	
0.10608333	-5.77129696e-08	
0.10766667	8.51698046e-08	
0.10925000	1.19264824e-08	
0.11083333	2.42978131e-07	
0.11241667	2.05730033e-07	
0.11400000	2.72491595e-07	
0.11558333	4.74255320e-07	
0.11716667	5.55285188e-07	
0.11875000	5.73287476e-07	
0.12033333	5.07518685e-07	
0.12191667	6.05091303e-07	
0.12350000	6.74920612e-07	
0.12508333	2.80710552e-07	
0.12666667	2.12134719e-07	
0.12825000	1.53231293e-08	
0.12983333	1.27560340e-07	
0.13141667	1.68222140e-07	
0.13300000	6.42462158e-08	
0.13458333	3.13724201e-07	
0.13616667	5.72898538e-07	
0.13775000	5.25623961e-07	
0.13933333	6.26266413e-07	
0.14091667	4.74548101e-07	
0.14250000	7.03179144e-07	
0.14408333	5.15687435e-07	
0.14566667	3.65793993e-07	
0.14725000	2.32996229e-07	
0.14883333	1.85333750e-07	
0.15041667	4.38595496e-07	
0.15200000	3.80459820e-07	
0.15358333	2.28968836e-07	
0.15516667	6.52575512e-08	
0.15675000	3.21579057e-07	
0.15833333	5.41699258e-07	
0.15991667	4.74115986e-07	
0.16150000	4.82239654e-07	
0.16308333	5.11372274e-07	
0.16466667	4.71851916e-07	
0.16625000	6.02929102e-07	
0.16783333	9.70960088e-08	
0.16941667	1.50202926e-07	
0.17100000	2.69034756e-07	
0.17258333	1.43038888e-07	
0.17416667	7.39606567e-08	
0.17575000	2.57842962e-07	
0.17733333	5.01858399e-07	
0.17891667	3.91669254e-07	
0.18050000	3.96811181e-07	
0.18208333	5.77565228e-07	
0.18366667	3.71922600e-07	
0.18525000	2.55113763e-07	
0.18683333	3.79690485e-07	
0.18841667	2.83596473e-07	
0.19000000	2.59570947e-07	
0.19158333	1.90129623e-07	
0.19316667	1.66450375e-07	
0.19475000	1.91643203e-07	
0.19633333	3.31950975e-07	
0.19791667	4.72561244e-07	
0.19950000	5.02591920e-07	
0.20108333	6.36852120e-07	
0.20266667	5.45285995e-07	
0.20425000	5.04668661e-07	
0.20583333	3.55760051e-07	
0.20741667	1.12436070e-07	
0.20900000	2.02532206e-07	
0.21058333	1.38595985e-07	
0.21216667	3.70327572e-08	
0.21375000	1.63252575e-07	
0.21533333	2.69976270e-07	
0.21691667	4.02125008e-07	
0.21850000	4.67893715e-07	
0.22008333	5.57730034e-07	
0.22166667	5.18736772e-07	
0.22325000	3.92620737e-07	
0.22483333	5.95237437e-07	
0.22641667	-5.26833279e-08	
0.22800000	1.10531066e-08	
0.22958333	1.48258630e-07	
0.23116667	7.49277081e-08	
0.23275000	2.41422437e-07	
0.23433333	2.18692781e-07	
0.23591667	2.98635024e-07	
0.23750000	5.28908285e-07	
0.23908333	4.28138987e-07	
0.24066667	5.37118365e-07	
0.24225000	5.99561279e-07	
0.24383333	4.85567940e-07	
0.24541667	2.04547162e-07	
0.24700000	1.22722454e-08	
0.24858333	4.77657753e-08	
0.25016667	8.81512594e-08	
0.25175000	1.02835230e-07	
0.25333333	-4.37298142e-08	
0.25491667	2.83770137e-07	
0.25650000	5.71688044e-07	
0.25808333	4.92627561e-07	
0.25966667	5.51551109e-07	
0.26125000	5.78791347e-07	
0.26283333	6.60274275e-07	
0.26441667	5.96138349e-07	
0.26600000	1.16329426e-08	
0.26758333	1.47653719e-07	
0.26916667	3.46809282e-08	
0.27075000	4.73081578e-08	
0.27233333	1.47575484e-07	
0.27391667	8.70458678e-08	
0.27550000	5.01382937e-07	
0.27708333	4.45164899e-07	
0.27866667	3.84494801e-07	
0.28025000	2.90295018e-07	
0.28183333	3.22184501e-07	
0.28341667	5.05323554e-07	
0.28500000	3.22704176e-07	
0.28658333	1.46270457e-07	
0.28816667	3.06366507e-08	
0.28975000	4.71865518e-08	
0.29133333	1.70080640e-07	
0.29291667	8.21892039e-08	
0.29450000	2.95782816e-07	
0.29608333	5.42346704e-07	
0.29766667	5.61620696e-07	
0.29925000	5.48785816e-07	
0.30083333	4.81617299e-07	
0.30241667	6.54652687e-07	
0.30400000	5.64299969e-07	
0.30558333	5.83657797e-07	
0.30716667	8.75375769e-08	
0.30875000	1.60012368e-07	
0.31033333	1.38535614e-07	
0.31191667	1.53012278e-07	
0.31350000	2.78592873e-07	
0.31508333	1.92739620e-07	
0.31666667	3.72647161e-07	
0.31825000	5.95498968e-07	
0.31983333	5.79726365e-07	
0.32141667	5.74541036e-07	
0.32300000	6.68999579e-07	
0.32458333	5.57601452e-07	
0.32616667	2.78843372e-07	
0.32775000	1.12850937e-07	
0.32933333	1.22590509e-07	
0.33091667	2.46556215e-07	
0.33250000	2.04044750e-07	
0.33408333	2.78472915e-07	
0.33566667	3.33117675e-07	
0.33725000	4.79172005e-07	
0.33883333	6.03534769e-07	
0.34041667	5.34872776e-07	
0.34200000	6.61783263e-07	
0.34358333	8.22139738e-07	
0.34516667	5.91131837e-07	
0.34675000	6.74783588e-08	
0.34833333	8.57924476e-08	
0.34991667	1.61222344e-07	
0.35150000	1.00725035e-07	
0.35308333	1.85299785e-07	
0.35466667	2.20446780e-07	
0.35625000	4.00570854e-07	
0.35783333	3.56410072e-07	
0.35941667	3.70020391e-07	
0.36100000	4.92179260e-07	
0.36258333	6.35987049e-07	
0.36416667	6.68869653e-07	
0.36575000	4.20360658e-07	
0.36733333	5.27187845e-08	
0.36891667	1.31924714e-07	
0.37050000	1.84685717e-07	
0.37208333	2.18633320e-07	
0.37366667	1.60426408e-07	
0.37525000	1.24440538e-07	
0.37683333	4.73078539e-07	
0.37841667	3.99663557e-07	
0.38000000	3.60297151e-07	
0.38158333	5.46279872e-07	
0.38316667	5.50860262e-07	
0.38475000	5.88670246e-07	
0.38633333	5.51431319e-07	
0.38791667	-1.42858963e-08	
0.38950000	1.89698460e-07	
0.39108333	3.70148539e-08	
0.39266667	2.25823777e-07	
0.39425000	1.93501549e-07	
0.39583333	5.39753563e-07	
0.39741667	4.41318478e-07	
0.39900000	4.06058008e-07	
0.40058333	6.05954918e-07	
0.40216667	6.31537370e-07	
0.40375000	6.62908465e-07	
0.40533333	4.77486889e-07	
0.40691667	6.11078376e-09	
0.40850000	1.08271086e-07	
0.41008333	1.42883145e-07	
0.41166667	2.22867320e-07	
0.41325000	1.65501286e-07	
0.41483333	1.37697243e-07	
0.41641667	4.36349403e-07	
0.41800000	5.22383656e-07	
0.41958333	6.09498141e-07	
0.42116667	6.86934383e-07	
0.42275000	6.27777529e-07	
0.42433333	7.04259657e-07	
0.42591667	1.85057168e-07	
0.42750000	2.66623708e-07	
0.42908333	3.69242264e-07	
0.43066667	3.35233982e-07	
0.43225000	4.72258775e-07	
0.43383333	4.77790815e-07	
0.43541667	8.44089587e-07	
0.43700000	7.64672199e-07	
0.43858333	1.01659514e-06	
0.44016667	1.38986958e-06	
0.44175000	1.58209765e-06	
0.44333333	1.96960614e-06	
0.44491667	2.15109348e-06	
0.44650000	2.09803110e-06	
0.44808333	2.60898167e-06	
0.44966667	3.41578703e-06	
0.45125000	4.48824344e-06	
0.45283333	5.70370003e-06	
0.45441667	7.76886213e-06	
0.45600000	1.08171972e-05	
0.45758333	1.41800271e-05	
0.45916667	1.84958738e-05	
0.46075000	2.43768598e-05	
0.46233333	3.24827334e-05	
0.46391667	4.61220352e-05	
0.46550000	7.21779597e-05	
0.46708333	1.42262096e-04	
0.46866667	3.48538995e-04	
0.47025000	4.87179440e-04	
0.47183333	4.58601922e-04	
0.47341667	5.96168380e-04	
0.47500000	7.07219962e-04	
0.47658333	7.42879437e-04	
0.47816667	9.01329223e-04	
0.47975000	1.14350948e-03	
0.48133333	1.25941986e-03	
0.48291667	1.92084836e-03	
0.48450000	4.83071017e-03	
0.48608333	6.48926895e-03	
0.48766667	8.54823526e-03	
0.48925000	8.24054108e-03	
0.49083333	1.28324308e-02	
0.49241667	1.34045688e-02	
0.49400000	1.56415228e-02	
0.49558333	1.76556923e-02	
0.49716667	1.97055396e-02	
0.49875000	2.39927969e-02	
0.50033333	2.12174173e-02	
0.50191667	2.11383946e-02	
0.50350000	2.67076314e-02	
0.50508333	3.32469226e-02	
0.50666667	4.23719460e-02	
0.50825000	2.96152990e-02	
0.50983333	3.36170824e-02	
0.51141667	5.97544870e-02	
0.51300000	8.88502664e-02	
0.51458333	5.95193825e-02	
0.51616667	6.85373138e-02	
0.51775000	3.20938304e-01	
0.51933333	5.27097785e-01	
0.52091667	5.75915475e-01	
0.52250000	7.92181253e-01	
0.52408333	1.11322452e+00	
0.52566667	1.56686919e+00	
0.52725000	4.86197256e+00	
0.52883333	9.75978112e+00	
0.53041667	1.02776259e+01	
0.53200000	1.03247028e+01	
0.53358333	1.15143600e+01	
0.53516667	1.66649908e+01	
0.53675000	1.72327820e+01	
0.53833333	1.70501303e+01	
0.53991667	1.71512596e+01	
0.54150000	1.72980818e+01	
0.54308333	1.74545027e+01	
0.54466667	2.10059467e+01	
0.54625000	2.26356807e+01	
0.54783333	2.29087055e+01	
0.54941667	2.38603301e+01	
0.55100000	2.58772068e+01	
0.55258333	2.66895239e+01	
