start voltage : 0.00 V 
set voltage : 0.10 V 
High G : 30.00 G0 
Intermediate G : 20.00 G0 
Low G : 10.00 G0 
Breaking speed 1 : 300.00 V/s 
Breaking speed 2 : 300.00 V/s 
Making speed : 500.00 V/s 
Post breaking : 230.00 V/s 
@ 
0.00000000	4.94312158e+01	
0.00158333	5.00863378e+01	
0.00316667	5.00404757e+01	
0.00475000	4.98003827e+01	
0.00633333	4.97878977e+01	
0.00791667	4.98775774e+01	
0.00950000	5.00825232e+01	
0.01108333	5.02731348e+01	
0.01266667	5.01006230e+01	
0.01425000	5.00936063e+01	
0.01583333	5.01664001e+01	
0.01741667	4.98234021e+01	
0.01900000	5.03451282e+01	
0.02058333	4.99234809e+01	
0.02216667	5.00241648e+01	
0.02375000	4.98596843e+01	
0.02533333	4.98148858e+01	
0.02691667	4.97903256e+01	
0.02850000	4.98511005e+01	
0.03008333	4.97234209e+01	
0.03166667	4.96540922e+01	
0.03325000	4.96791448e+01	
0.03483333	4.96982368e+01	
0.03641667	4.96763562e+01	
0.03800000	4.96975791e+01	
0.03958333	4.96281113e+01	
0.04116667	4.96234248e+01	
0.04275000	4.96851054e+01	
0.04433333	4.96446966e+01	
0.04591667	4.96628264e+01	
0.04750000	4.96747777e+01	
0.04908333	4.94867104e+01	
0.05066667	4.95299379e+01	
0.05225000	4.91706591e+01	
0.05383333	4.95731542e+01	
0.05541667	4.95910962e+01	
0.05700000	4.93554530e+01	
0.05858333	4.94333656e+01	
0.06016667	4.94114286e+01	
0.06175000	4.94734775e+01	
0.06333333	4.94988834e+01	
0.06491667	4.93073923e+01	
0.06650000	4.92191708e+01	
0.06808333	4.91571894e+01	
0.06966667	4.92341437e+01	
0.07125000	4.91445316e+01	
0.07283333	4.89966251e+01	
0.07441667	4.90781757e+01	
0.07600000	4.89214635e+01	
0.07758333	4.89589598e+01	
0.07916667	4.85404168e+01	
0.08075000	4.82769775e+01	
0.08233333	4.88116696e+01	
0.08391667	4.86265262e+01	
0.08550000	4.86341930e+01	
0.08708333	4.85023757e+01	
0.08866667	4.76907858e+01	
0.09025000	4.77192773e+01	
0.09183333	4.79744071e+01	
0.09341667	4.73535041e+01	
0.09500000	4.68276477e+01	
0.09658333	4.69938043e+01	
0.09816667	4.70582059e+01	
0.09975000	4.68096305e+01	
0.10133333	4.68072741e+01	
0.10291667	4.67311279e+01	
0.10450000	4.71447062e+01	
0.10608333	4.69717959e+01	
0.10766667	4.67888060e+01	
0.10925000	4.69497236e+01	
0.11083333	4.67089090e+01	
0.11241667	4.70066952e+01	
0.11400000	4.65935416e+01	
0.11558333	4.66785385e+01	
0.11716667	4.68393885e+01	
0.11875000	4.65902343e+01	
0.12033333	4.68927671e+01	
0.12191667	4.67996899e+01	
0.12350000	4.67110738e+01	
0.12508333	4.66414482e+01	
0.12666667	4.64399338e+01	
0.12825000	4.65291174e+01	
0.12983333	4.66515241e+01	
0.13141667	4.64755020e+01	
0.13300000	4.59625063e+01	
0.13458333	4.53895927e+01	
0.13616667	4.54087673e+01	
0.13775000	4.53641567e+01	
0.13933333	4.53451812e+01	
0.14091667	4.54840867e+01	
0.14250000	4.58436662e+01	
0.14408333	4.54263823e+01	
0.14566667	4.53300279e+01	
0.14725000	4.53619694e+01	
0.14883333	4.51870034e+01	
0.15041667	4.51295132e+01	
0.15200000	4.53769123e+01	
0.15358333	4.52613607e+01	
0.15516667	4.48018564e+01	
0.15675000	4.45937575e+01	
0.15833333	4.44311486e+01	
0.15991667	4.46375375e+01	
0.16150000	4.38503013e+01	
0.16308333	4.38384477e+01	
0.16466667	4.39241662e+01	
0.16625000	4.38115460e+01	
0.16783333	4.39568067e+01	
0.16941667	4.37653607e+01	
0.17100000	4.37208591e+01	
0.17258333	4.36729525e+01	
0.17416667	4.33723552e+01	
0.17575000	4.33040412e+01	
0.17733333	4.25797108e+01	
0.17891667	4.28854344e+01	
0.18050000	4.19248932e+01	
0.18208333	4.14672042e+01	
0.18366667	4.14829852e+01	
0.18525000	4.10897429e+01	
0.18683333	4.08460532e+01	
0.18841667	4.07020891e+01	
0.19000000	4.07530887e+01	
0.19158333	4.11835228e+01	
0.19316667	4.07885743e+01	
0.19475000	4.10250819e+01	
0.19633333	4.09531412e+01	
0.19791667	4.08518973e+01	
0.19950000	4.08908254e+01	
0.20108333	4.05759843e+01	
0.20266667	4.06006911e+01	
0.20425000	4.09510478e+01	
0.20583333	4.07817793e+01	
0.20741667	4.09507096e+01	
0.20900000	4.05596659e+01	
0.21058333	4.02026796e+01	
0.21216667	3.84950066e+01	
0.21375000	3.82438042e+01	
0.21533333	3.77678500e+01	
0.21691667	3.76865286e+01	
0.21850000	3.80872086e+01	
0.22008333	3.80014111e+01	
0.22166667	3.79666660e+01	
0.22325000	3.80733857e+01	
0.22483333	3.77019714e+01	
0.22641667	3.73736493e+01	
0.22800000	3.71377806e+01	
0.22958333	3.69514308e+01	
0.23116667	3.69704551e+01	
0.23275000	3.68947486e+01	
0.23433333	3.65136380e+01	
0.23591667	3.52822049e+01	
0.23750000	3.54292658e+01	
0.23908333	3.54471101e+01	
0.24066667	3.54760262e+01	
0.24225000	3.51483656e+01	
0.24383333	3.48450849e+01	
0.24541667	3.49898119e+01	
0.24700000	3.48825247e+01	
0.24858333	3.48245008e+01	
0.25016667	3.46471671e+01	
0.25175000	3.44451754e+01	
0.25333333	3.44102912e+01	
0.25491667	3.44611593e+01	
0.25650000	3.43304882e+01	
0.25808333	3.43035565e+01	
0.25966667	3.43255686e+01	
0.26125000	3.42064354e+01	
0.26283333	3.39063755e+01	
0.26441667	3.40661243e+01	
0.26600000	3.41442398e+01	
0.26758333	3.39951232e+01	
0.26916667	3.36820221e+01	
0.27075000	3.33331687e+01	
0.27233333	3.31505696e+01	
0.27391667	3.30657117e+01	
0.27550000	3.26200830e+01	
0.27708333	3.21706170e+01	
0.27866667	3.19103008e+01	
0.28025000	3.21313319e+01	
0.28183333	3.21775360e+01	
0.28341667	3.15395029e+01	
0.28500000	3.04917813e+01	
0.28658333	3.06227004e+01	
0.28816667	3.02809914e+01	
0.28975000	2.98106051e+01	
0.29133333	2.94481468e+01	
0.29291667	2.95865054e+01	
0.29450000	2.93726526e+01	
0.29608333	2.94877081e+01	
0.29766667	2.93799286e+01	
0.29925000	2.92298761e+01	
0.30083333	2.93873474e+01	
0.30241667	2.90215442e+01	
0.30400000	2.89571576e+01	
0.30558333	2.87399731e+01	
0.30716667	2.84056228e+01	
0.30875000	2.82542023e+01	
0.31033333	2.75001196e+01	
0.31191667	2.74644894e+01	
0.31350000	2.71866127e+01	
0.31508333	2.67926469e+01	
0.31666667	2.62923561e+01	
0.31825000	2.63380453e+01	
0.31983333	2.61320736e+01	
0.32141667	2.57880664e+01	
0.32300000	2.53920374e+01	
0.32458333	2.53462053e+01	
0.32616667	2.54455062e+01	
0.32775000	2.51240486e+01	
0.32933333	2.48178327e+01	
0.33091667	2.47224329e+01	
0.33250000	2.43925249e+01	
0.33408333	2.42456162e+01	
0.33566667	2.41771989e+01	
0.33725000	2.41007031e+01	
0.33883333	2.40470238e+01	
0.34041667	2.37901408e+01	
0.34200000	2.37832012e+01	
0.34358333	2.38208571e+01	
0.34516667	2.38149078e+01	
0.34675000	2.37352927e+01	
0.34833333	2.36052529e+01	
0.34991667	2.31420938e+01	
0.35150000	2.32529100e+01	
0.35308333	2.30720078e+01	
0.35466667	2.31361632e+01	
0.35625000	2.29624637e+01	
0.35783333	2.28189074e+01	
0.35941667	2.27483441e+01	
0.36100000	2.15465205e+01	
0.36258333	2.09808508e+01	
0.36416667	2.06868173e+01	
0.36575000	2.07767000e+01	
0.36733333	2.09995407e+01	
0.36891667	2.09901093e+01	
0.37050000	2.08839665e+01	
0.37208333	2.08914643e+01	
0.37366667	2.05341491e+01	
0.37525000	2.01288747e+01	
0.37683333	1.90805255e+01	
0.37841667	1.89112589e+01	
0.38000000	1.89833706e+01	
0.38158333	1.91308486e+01	
0.38316667	1.89732402e+01	
0.38475000	1.89286070e+01	
0.38633333	1.88074405e+01	
0.38791667	1.88531486e+01	
0.38950000	1.86919716e+01	
0.39108333	1.87985598e+01	
0.39266667	1.88040957e+01	
0.39425000	1.88030734e+01	
0.39583333	1.85781244e+01	
0.39741667	1.86231503e+01	
0.39900000	1.82897170e+01	
0.40058333	1.75969034e+01	
0.40216667	1.76435810e+01	
0.40375000	1.75232489e+01	
0.40533333	1.74834545e+01	
0.40691667	1.74478976e+01	
0.40850000	1.73307675e+01	
0.41008333	1.74923240e+01	
0.41166667	1.72816188e+01	
0.41325000	1.72039185e+01	
0.41483333	1.72197972e+01	
0.41641667	1.72419428e+01	
0.41800000	1.73890845e+01	
0.41958333	1.72810231e+01	
0.42116667	1.69609072e+01	
0.42275000	1.71081016e+01	
0.42433333	1.69636113e+01	
0.42591667	1.68004894e+01	
0.42750000	1.67385401e+01	
0.42908333	1.64934072e+01	
0.43066667	1.60580949e+01	
0.43225000	1.59661283e+01	
0.43383333	1.54246506e+01	
0.43541667	1.45492107e+01	
0.43700000	1.44420137e+01	
0.43858333	1.44191606e+01	
0.44016667	1.45004275e+01	
0.44175000	1.44601774e+01	
0.44333333	1.46469932e+01	
0.44491667	1.41427703e+01	
0.44650000	1.28974297e+01	
0.44808333	1.25004292e+01	
0.44966667	1.22701011e+01	
0.45125000	1.24456243e+01	
0.45283333	1.20278621e+01	
0.45441667	1.18435775e+01	
0.45600000	1.18908837e+01	
0.45758333	1.17931650e+01	
0.45916667	1.15094188e+01	
0.46075000	1.15086428e+01	
0.46233333	1.11745556e+01	
0.46391667	1.14095890e+01	
0.46550000	1.15123785e+01	
0.46708333	1.11508804e+01	
0.46866667	1.10708124e+01	
0.47025000	1.08507453e+01	
0.47183333	1.08150831e+01	
0.47341667	1.02560093e+01	
0.47500000	1.01446556e+01	
0.47658333	1.02704232e+01	
0.47816667	1.01226923e+01	
0.47975000	1.01888566e+01	
0.48133333	9.93831092e+00	
0.48291667	9.13840085e+00	
0.48450000	8.55115691e+00	
0.48608333	8.25650142e+00	
0.48766667	8.47215442e+00	
0.48925000	8.17236796e+00	
0.49083333	8.16639044e+00	
0.49241667	8.18131263e+00	
0.49400000	8.09813189e+00	
0.49558333	7.87560830e+00	
0.49716667	8.01836741e+00	
0.49875000	7.98639585e+00	
0.50033333	8.03766892e+00	
0.50191667	7.85951541e+00	
0.50350000	7.54005208e+00	
0.50508333	7.41021718e+00	
0.50666667	7.36045211e+00	
0.50825000	7.59999359e+00	
0.50983333	7.40359840e+00	
0.51141667	7.12285789e+00	
0.51300000	6.85147310e+00	
0.51458333	6.37627384e+00	
0.51616667	6.54171220e+00	
0.51775000	6.57134048e+00	
0.51933333	6.51286423e+00	
0.52091667	6.43948269e+00	
0.52250000	6.27965402e+00	
0.52408333	6.35159050e+00	
0.52566667	5.41949379e+00	
0.52725000	5.65707017e+00	
0.52883333	5.45121731e+00	
0.53041667	5.58875712e+00	
0.53200000	5.50757202e+00	
0.53358333	5.16718455e+00	
0.53516667	4.68262862e+00	
0.53675000	5.02458799e+00	
0.53833333	4.83629328e+00	
0.53991667	4.56233314e+00	
0.54150000	4.52906638e+00	
0.54308333	4.55436796e+00	
0.54466667	4.42091902e+00	
0.54625000	4.54919847e+00	
0.54783333	4.30189383e+00	
0.54941667	3.84598175e+00	
0.55100000	3.53781318e+00	
0.55258333	3.35615603e+00	
0.55416667	3.27541347e+00	
0.55575000	3.29686329e+00	
0.55733333	3.25169787e+00	
0.55891667	3.10861391e+00	
0.56050000	3.29708597e+00	
0.56208333	3.23481128e+00	
0.56366667	3.22522465e+00	
0.56525000	3.27386764e+00	
0.56683333	3.27645051e+00	
0.56841667	3.24467462e+00	
0.57000000	3.13943427e+00	
0.57158333	2.95021995e+00	
0.57316667	2.99423441e+00	
0.57475000	2.68007046e+00	
0.57633333	2.29694189e+00	
0.57791667	2.12446923e+00	
0.57950000	2.11415726e+00	
0.58108333	2.11674623e+00	
0.58266667	2.07541565e+00	
0.58425000	2.04304736e+00	
0.58583333	2.06646253e+00	
0.58741667	1.77085889e+00	
0.58900000	1.00129999e+00	
0.59058333	-9.03676261e-05	
0.59216667	9.04437029e-03	
0.59375000	1.83156510e-04	
0.59533333	-3.22609276e-05	
0.59691667	-1.06282332e-04	
0.59850000	-1.49000433e-04	
0.60008333	-1.14626302e-04	
0.60166667	-6.91908341e-05	
0.60325000	-4.16658086e-05	
0.60483333	-2.57264362e-05	
0.60641667	-1.52327498e-05	
0.60800000	-7.76413373e-06	
0.60958333	-2.57528586e-06	
0.61116667	9.87986812e-07	
0.61275000	3.25373659e-06	
0.61433333	4.25796917e-06	
0.61591667	5.10012600e-06	
0.61750000	5.62942098e-06	
0.61908333	5.71307933e-06	
0.62066667	5.62764637e-06	
0.62225000	5.32542187e-06	
0.62383333	5.19268113e-06	
0.62541667	4.84660889e-06	
0.62700000	4.40469083e-06	
0.62858333	4.08154378e-06	
0.63016667	3.72513685e-06	
0.63175000	3.55457940e-06	
0.63333333	3.02259451e-06	
0.63491667	2.37969708e-06	
0.63650000	1.98858449e-06	
0.63808333	1.63624491e-06	
0.63966667	1.63492851e-06	
0.64125000	1.34566680e-06	
0.64283333	1.32902330e-06	
0.64441667	1.39542940e-06	
0.64600000	1.32120792e-06	
0.64758333	1.37540884e-06	
0.64916667	1.35597339e-06	
0.65075000	1.17160785e-06	
0.65233333	1.11321560e-06	
0.65391667	5.06565858e-07	
0.65550000	5.76995290e-07	
0.65708333	4.33022518e-07	
0.65866667	4.23558905e-07	
0.66025000	5.04191743e-07	
0.66183333	2.73398864e-07	
0.66341667	5.81799242e-07	
0.66500000	5.48699181e-07	
0.66658333	8.01356085e-07	
0.66816667	8.76848369e-07	
0.66975000	9.10164936e-07	
0.67133333	9.89325272e-07	
0.67291667	8.48763893e-07	
0.67450000	6.57421227e-07	
0.67608333	3.94346847e-07	
0.67766667	3.33290303e-07	
0.67925000	4.26886323e-07	
0.68083333	3.84271099e-07	
0.68241667	4.47283082e-07	
0.68400000	5.13222709e-07	
0.68558333	6.84557805e-07	
0.68716667	8.24561735e-07	
0.68875000	1.01076348e-06	
0.69033333	1.17392367e-06	
0.69191667	1.06165386e-06	
0.69350000	6.64810591e-07	
0.69508333	4.18591090e-07	
0.69666667	2.24699666e-07	
0.69825000	2.57194929e-07	
0.69983333	3.26946954e-07	
0.70141667	2.57022805e-07	
0.70300000	5.24761018e-07	
0.70458333	3.32857684e-07	
0.70616667	6.28509986e-07	
0.70775000	5.60842149e-07	
0.70933333	6.02279249e-07	
0.71091667	5.62570611e-07	
0.71250000	5.86166206e-07	
0.71408333	5.71773952e-07	
0.71566667	3.65137280e-07	
0.71725000	2.91677832e-07	
0.71883333	2.87830823e-07	
0.72041667	1.32530353e-07	
0.72200000	2.01278786e-07	
0.72358333	3.70538022e-07	
0.72516667	6.15332930e-07	
0.72675000	7.55812546e-07	
0.72833333	6.57895064e-07	
0.72991667	7.13034130e-07	
0.73150000	7.08417899e-07	
0.73308333	5.63995987e-07	
0.73466667	5.72553507e-07	
0.73625000	2.43072943e-07	
0.73783333	3.01832067e-07	
0.73941667	2.48957575e-07	
0.74100000	3.01029019e-07	
0.74258333	2.60003455e-07	
0.74416667	4.26756649e-07	
0.74575000	7.63978664e-07	
0.74733333	6.12740294e-07	
0.74891667	7.70199703e-07	
0.75050000	7.93622698e-07	
0.75208333	6.92205676e-07	
0.75366667	4.74936479e-07	
0.75525000	9.46067951e-08	
0.75683333	1.40782295e-07	
0.75841667	1.75577314e-07	
0.76000000	2.40819234e-07	
0.76158333	2.59613761e-07	
0.76316667	1.20654390e-07	
0.76475000	3.88515333e-07	
0.76633333	6.56814608e-07	
0.76791667	4.73683927e-07	
0.76950000	4.87554853e-07	
0.77108333	5.98099109e-07	
0.77266667	6.38366652e-07	
0.77425000	3.37264437e-07	
0.77583333	2.84461124e-07	
0.77741667	2.61428775e-07	
0.77900000	3.22875992e-07	
0.78058333	3.18166040e-07	
0.78216667	3.34949153e-07	
0.78375000	3.55907422e-07	
0.78533333	5.24199313e-07	
0.78691667	4.86432787e-07	
0.78850000	6.19005911e-07	
0.79008333	5.32668405e-07	
0.79166667	6.77167825e-07	
0.79325000	5.75276237e-07	
0.79483333	2.21199691e-07	
0.79641667	2.83856241e-07	
0.79800000	3.61291055e-07	
0.79958333	5.15124162e-07	
0.80116667	4.18459681e-07	
0.80275000	2.35389846e-07	
0.80433333	5.87460144e-07	
0.80591667	4.93950564e-07	
0.80750000	7.04477170e-07	
0.80908333	6.40438017e-07	
0.81066667	5.04578945e-07	
0.81225000	7.66007803e-07	
0.81383333	4.34922459e-07	
0.81541667	7.06936801e-08	
0.81700000	2.30314622e-08	
0.81858333	7.05909435e-08	
0.82016667	1.85982469e-07	
0.82175000	2.00068305e-07	
0.82333333	4.15814346e-07	
0.82491667	4.85826559e-07	
0.82650000	4.69794832e-07	
0.82808333	5.19703487e-07	
0.82966667	5.54491240e-07	
0.83125000	6.59415084e-07	
0.83283333	5.34354137e-07	
0.83441667	2.06016290e-07	
0.83600000	8.54370206e-08	
0.83758333	9.72165962e-08	
0.83916667	3.04122990e-07	
0.84075000	2.77772576e-07	
0.84233333	2.33723505e-07	
0.84391667	4.43521645e-07	
0.84550000	4.37558554e-07	
0.84708333	5.35952057e-07	
0.84866667	5.73760977e-07	
0.85025000	5.07130475e-07	
0.85183333	6.28382076e-07	
0.85341667	4.96379785e-07	
0.85500000	3.53159967e-07	
0.85658333	1.06749302e-07	
0.85816667	2.38959222e-07	
0.85975000	1.99507552e-07	
0.86133333	2.26686636e-07	
0.86291667	2.29108786e-07	
0.86450000	4.04115029e-07	
0.86608333	5.22515598e-07	
0.86766667	4.88763947e-07	
0.86925000	4.65604192e-07	
0.87083333	6.23109943e-07	
0.87241667	6.78549687e-07	
0.87400000	4.28527084e-07	
0.87558333	3.30592914e-07	
0.87716667	1.14579174e-07	
0.87875000	2.45528037e-07	
0.88033333	2.15970121e-07	
0.88191667	2.15332728e-07	
0.88350000	2.08218197e-07	
0.88508333	2.76752686e-07	
0.88666667	6.46400324e-07	
0.88825000	4.70400443e-07	
0.88983333	6.27577488e-07	
0.89141667	5.90813070e-07	
0.89300000	6.19130461e-07	
0.89458333	3.12270824e-07	
0.89616667	8.51961958e-08	
0.89775000	2.46175510e-07	
0.89933333	1.22218876e-07	
0.90091667	2.14933794e-07	
0.90250000	2.58508215e-07	
0.90408333	3.18554950e-07	
0.90566667	6.97778038e-07	
0.90725000	6.31882961e-07	
0.90883333	6.15936078e-07	
0.91041667	5.96188247e-07	
0.91200000	6.02670930e-07	
0.91358333	7.08840830e-07	
0.91516667	3.78402819e-07	
0.91675000	1.55734266e-07	
0.91833333	1.74677550e-07	
0.91991667	1.53668725e-07	
0.92150000	3.16921805e-07	
0.92308333	1.67789283e-07	
0.92466667	5.32191376e-07	
0.92625000	5.98913722e-07	
0.92783333	6.94064063e-07	
0.92941667	6.35944823e-07	
0.93100000	4.96265764e-07	
0.93258333	5.64817824e-07	
0.93416667	4.40472196e-07	
0.93575000	3.39729528e-07	
0.93733333	1.97346695e-07	
0.93891667	1.99334854e-07	
0.94050000	2.70634160e-07	
0.94208333	3.77606884e-07	
0.94366667	3.45234099e-07	
0.94525000	6.01158918e-07	
0.94683333	5.48527533e-07	
0.94841667	6.42901175e-07	
0.95000000	5.57644630e-07	
0.95158333	5.60323286e-07	
0.95316667	6.07425992e-07	
0.95475000	4.72042045e-07	
0.95633333	2.35805385e-07	
0.95791667	1.18097497e-07	
0.95950000	1.46702909e-07	
0.96108333	1.51775308e-07	
0.96266667	1.02324277e-07	
0.96425000	2.32866751e-07	
0.96583333	6.62129078e-07	
0.96741667	4.23904413e-07	
0.96900000	6.20127866e-07	
0.97058333	5.06050523e-07	
0.97216667	6.70720816e-07	
0.97375000	5.61361237e-07	
0.97533333	3.68594287e-07	
0.97691667	-9.36876363e-09	
0.97850000	-1.39147256e-09	
0.98008333	1.83095372e-07	
0.98166667	2.11390739e-07	
0.98325000	2.97423914e-07	
0.98483333	3.93569952e-07	
0.98641667	4.95420406e-07	
0.98800000	6.60877478e-07	
0.98958333	5.25667923e-07	
0.99116667	5.88116997e-07	
0.99275000	6.24579785e-07	
0.99433333	4.98403100e-07	
0.99591667	1.89224343e-07	
0.99750000	5.51375051e-08	
0.99908333	7.61814293e-08	
1.00066667	9.68891425e-08	
1.00225000	2.61057954e-07	
1.00383333	2.63201730e-07	
1.00541667	5.28009444e-07	
1.00700000	6.73296707e-07	
1.00858333	7.56245725e-07	
1.01016667	7.06464644e-07	
1.01175000	6.39704104e-07	
1.01333333	4.98618037e-07	
1.01491667	5.03371363e-07	
1.01650000	1.57462545e-07	
1.01808333	1.01848725e-07	
1.01966667	1.45709242e-07	
1.02125000	1.24423289e-07	
1.02283333	3.33999687e-07	
1.02441667	3.86612032e-07	
1.02600000	5.71643746e-07	
1.02758333	4.95247414e-07	
1.02916667	5.36428358e-07	
1.03075000	6.80470237e-07	
1.03233333	6.53747294e-07	
1.03391667	7.71238382e-07	
1.03550000	4.14873252e-07	
1.03708333	1.71420864e-07	
1.03866667	2.69683125e-07	
1.04025000	2.73004637e-08	
1.04183333	4.83012993e-08	
1.04341667	7.74347306e-08	
1.04500000	2.98756017e-07	
1.04658333	4.13931233e-07	
1.04816667	3.20672125e-07	
1.04975000	3.19203851e-07	
1.05133333	4.23991049e-07	
1.05291667	5.76052824e-07	
1.05450000	5.61620080e-07	
1.05608333	2.32175498e-07	
1.05766667	2.75689282e-07	
1.05925000	2.57886140e-07	
1.06083333	4.09903925e-07	
1.06241667	3.60513321e-07	
1.06400000	1.36185357e-07	
1.06558333	5.38675011e-07	
1.06716667	5.26997815e-07	
1.06875000	4.66762940e-07	
1.07033333	5.41699650e-07	
1.07191667	6.24925545e-07	
1.07350000	7.98065658e-07	
1.07508333	5.09981619e-07	
1.07666667	3.67297066e-08	
1.07825000	1.63425693e-07	
1.07983333	1.38052131e-07	
1.08141667	2.75948798e-07	
1.08300000	1.99022696e-07	
1.08458333	2.82689877e-07	
1.08616667	3.78748887e-07	
1.08775000	4.86778826e-07	
1.08933333	6.85464373e-07	
1.09091667	5.89102977e-07	
1.09250000	6.43031437e-07	
1.09408333	5.37895792e-07	
1.09566667	2.39651021e-07	
1.09725000	2.47428314e-07	
1.09883333	2.04952270e-07	
1.10041667	3.03517687e-07	
1.10200000	2.66010228e-07	
1.10358333	1.72155113e-07	
1.10516667	3.82178901e-07	
1.10675000	4.12022108e-07	
1.10833333	4.65474910e-07	
1.10991667	6.23843800e-07	
1.11150000	6.51714963e-07	
1.11308333	7.06508942e-07	
1.11466667	4.70271805e-07	
1.11625000	3.32598224e-07	
1.11783333	1.69475294e-07	
1.11941667	1.43721321e-07	
1.12100000	2.61602158e-07	
1.12258333	1.15918845e-07	
1.12416667	4.30126992e-07	
1.12575000	5.66251432e-07	
1.12733333	6.06948458e-07	
1.12891667	6.05048013e-07	
1.13050000	5.19315670e-07	
1.13208333	7.52510246e-07	
1.13366667	7.71194028e-07	
1.13525000	3.90113533e-07	
1.13683333	2.48915741e-07	
1.13841667	5.94158450e-08	
1.14000000	-6.95763363e-09	
1.14158333	6.50337931e-08	
1.14316667	4.24304439e-09	
1.14475000	2.40774544e-07	
1.14633333	3.41189737e-07	
1.14791667	5.09505822e-07	
1.14950000	5.74109033e-07	
1.15108333	5.39667655e-07	
1.15266667	6.53401087e-07	
1.15425000	7.16231482e-07	
1.15583333	3.52596525e-07	
1.15741667	-2.08887378e-08	
1.15900000	1.19208863e-09	
1.16058333	1.24483240e-07	
1.16216667	7.30268008e-08	
1.16375000	1.60608263e-07	
1.16533333	1.56753582e-07	
1.16691667	4.44083322e-07	
1.16850000	6.35035847e-07	
1.17008333	5.59244174e-07	
1.17166667	6.52923441e-07	
1.17325000	6.14769265e-07	
1.17483333	4.52552806e-07	
1.17641667	-9.65683111e-08	
1.17800000	8.71142749e-08	
1.17958333	1.37049546e-07	
1.18116667	2.08150182e-07	
1.18275000	1.12626521e-07	
1.18433333	9.95589713e-08	
1.18591667	3.28235264e-07	
1.18750000	4.37430924e-07	
1.18908333	5.19487934e-07	
1.19066667	6.83562360e-07	
1.19225000	6.19176719e-07	
1.19383333	6.90787412e-07	
1.19541667	5.90828695e-07	
1.19700000	2.12125184e-07	
1.19858333	2.00457705e-07	
1.20016667	1.76069226e-07	
1.20175000	1.91867591e-07	
1.20333333	1.55085113e-07	
1.20491667	1.72629104e-07	
1.20650000	5.36167946e-07	
1.20808333	7.00804190e-07	
1.20966667	6.02626968e-07	
1.21125000	5.12143260e-07	
1.21283333	3.86829405e-07	
1.21441667	5.32148646e-07	
1.21600000	2.83120508e-07	
1.21758333	1.05948380e-08	
1.21916667	4.54580832e-08	
1.22075000	4.17420890e-08	
1.22233333	1.89092611e-07	
1.22391667	4.19137262e-08	
1.22550000	3.39080011e-07	
1.22708333	5.45631363e-07	
1.22866667	5.21865128e-07	
1.23025000	6.33436863e-07	
1.23183333	4.84445705e-07	
1.23341667	4.70875569e-07	
1.23500000	4.33739070e-07	
1.23658333	3.64100197e-07	
1.23816667	2.04217013e-07	
1.23975000	3.82851204e-08	
1.24133333	6.55084494e-08	
1.24291667	2.38182103e-07	
1.24450000	3.06489572e-07	
1.24608333	5.24182176e-07	
1.24766667	5.37723584e-07	
@ 
0.00000000	7.33213180e-07	
0.00158333	6.68482955e-07	
0.00316667	6.50722262e-07	
0.00475000	6.07856203e-07	
0.00633333	4.03594906e-07	
0.00791667	1.62431158e-07	
0.00950000	2.12263454e-07	
0.01108333	1.93414269e-07	
0.01266667	1.50678695e-07	
0.01425000	8.83843909e-08	
0.01583333	2.20551854e-07	
0.01741667	5.01434908e-07	
0.01900000	5.35908711e-07	
0.02058333	5.99560103e-07	
0.02216667	5.75924802e-07	
0.02375000	7.40557181e-07	
0.02533333	6.51507138e-07	
0.02691667	4.81936737e-07	
0.02850000	1.84858163e-07	
0.03008333	2.08322320e-07	
0.03166667	3.57877086e-07	
0.03325000	2.36539830e-07	
0.03483333	3.03820017e-07	
0.03641667	2.96966653e-07	
0.03800000	3.20413561e-07	
0.03958333	6.20085472e-07	
0.04116667	6.33263983e-07	
0.04275000	5.45154950e-07	
0.04433333	5.48914790e-07	
0.04591667	2.99455797e-07	
0.04750000	1.82525056e-07	
0.04908333	-1.62649656e-08	
0.05066667	1.32656749e-08	
0.05225000	1.70365804e-07	
0.05383333	1.29333715e-07	
0.05541667	2.75042173e-07	
0.05700000	3.23239700e-07	
0.05858333	5.11624453e-07	
0.06016667	4.47714189e-07	
0.06175000	3.67194336e-07	
0.06333333	5.03759852e-07	
0.06491667	4.54023908e-07	
0.06650000	4.66641331e-07	
0.06808333	3.02238086e-07	
0.06966667	1.40610115e-07	
0.07125000	2.89473293e-07	
0.07283333	2.91590608e-07	
0.07441667	2.83639903e-07	
0.07600000	2.53919006e-07	
0.07758333	4.62405272e-07	
0.07916667	6.42124085e-07	
0.08075000	5.82620351e-07	
0.08233333	5.33530676e-07	
0.08391667	5.02506012e-07	
0.08550000	5.66944015e-07	
0.08708333	3.58221950e-07	
0.08866667	5.22860916e-08	
0.09025000	1.38881416e-07	
0.09183333	4.45937580e-08	
0.09341667	9.73985553e-08	
0.09500000	4.40239184e-08	
0.09658333	2.29453286e-07	
0.09816667	4.44084974e-07	
0.09975000	5.18796583e-07	
0.10133333	6.51457239e-07	
0.10291667	6.27991570e-07	
0.10450000	6.47611547e-07	
0.10608333	6.18312992e-07	
0.10766667	3.01615702e-07	
0.10925000	9.45801239e-08	
0.11083333	1.85506588e-07	
0.11241667	1.13145118e-07	
0.11400000	2.01478953e-07	
0.11558333	1.66881776e-07	
0.11716667	3.39728800e-07	
0.11875000	6.49297502e-07	
0.12033333	5.93638845e-07	
0.12191667	5.73547327e-07	
0.12350000	4.77227486e-07	
0.12508333	7.09237776e-07	
0.12666667	5.24154903e-07	
0.12825000	2.57427283e-07	
0.12983333	2.62984496e-07	
0.13141667	2.22487329e-07	
0.13300000	3.40463553e-07	
0.13458333	1.63296649e-07	
0.13616667	2.86794469e-07	
0.13775000	2.98176867e-07	
0.13933333	3.48673409e-07	
0.14091667	4.32848966e-07	
0.14250000	3.74124759e-07	
0.14408333	5.42866967e-07	
0.14566667	5.86983058e-07	
0.14725000	2.97252014e-07	
0.14883333	3.24534786e-07	
0.15041667	6.08847209e-08	
0.15200000	1.13083928e-07	
0.15358333	1.28942650e-07	
0.15516667	1.11856696e-07	
0.15675000	2.12903185e-07	
0.15833333	2.95912070e-07	
0.15991667	5.38285569e-07	
0.16150000	4.94728551e-07	
0.16308333	4.97838874e-07	
0.16466667	6.03578787e-07	
0.16625000	4.48796130e-07	
0.16783333	4.02886194e-07	
0.16941667	2.40682210e-08	
0.17100000	1.67098408e-07	
0.17258333	2.37187303e-07	
0.17416667	2.17458094e-07	
0.17575000	4.07742872e-07	
0.17733333	2.71844122e-07	
0.17891667	4.97848227e-07	
0.18050000	5.77738892e-07	
0.18208333	4.22219885e-07	
0.18366667	5.74756310e-07	
0.18525000	6.56684682e-07	
0.18683333	4.89541262e-07	
0.18841667	3.82033266e-07	
0.19000000	2.36323800e-07	
0.19158333	2.90725985e-07	
0.19316667	2.30671704e-07	
0.19475000	4.45336988e-08	
0.19633333	2.92135708e-07	
0.19791667	3.44723020e-07	
0.19950000	6.04485916e-07	
0.20108333	4.97926182e-07	
0.20266667	6.00380596e-07	
0.20425000	5.29598739e-07	
0.20583333	6.10406445e-07	
0.20741667	2.87183854e-07	
0.20900000	1.02021087e-07	
0.21058333	2.08841197e-07	
0.21216667	1.57418793e-07	
0.21375000	6.50672686e-08	
0.21533333	1.25572083e-07	
0.21691667	2.55180602e-07	
0.21850000	4.84935279e-07	
0.22008333	4.70702745e-07	
0.22166667	3.28968925e-07	
0.22325000	3.94590794e-07	
0.22483333	5.53968625e-07	
0.22641667	5.88012553e-07	
0.22800000	2.33972016e-07	
0.22958333	3.69363349e-08	
0.23116667	1.27188133e-07	
0.23275000	3.27973424e-07	
0.23433333	3.18382966e-07	
0.23591667	2.15961132e-07	
0.23750000	3.35901000e-07	
0.23908333	5.87244422e-07	
0.24066667	6.11010713e-07	
0.24225000	6.69648256e-07	
0.24383333	5.30377678e-07	
0.24541667	5.53928919e-07	
0.24700000	7.13247612e-07	
0.24858333	2.62604071e-07	
0.25016667	1.77815483e-07	
0.25175000	1.67591020e-07	
0.25333333	1.64333466e-07	
0.25491667	3.07802971e-07	
0.25650000	2.62128274e-07	
0.25808333	5.21804982e-07	
0.25966667	5.00476201e-07	
0.26125000	5.52934931e-07	
0.26283333	5.87892427e-07	
0.26441667	5.35780521e-07	
0.26600000	5.36600678e-07	
0.26758333	1.58068059e-07	
0.26916667	-3.59692275e-08	
0.27075000	2.41977530e-08	
0.27233333	1.09505921e-07	
0.27391667	1.73312083e-07	
0.27550000	5.79461256e-08	
0.27708333	2.37594469e-07	
0.27866667	2.99369805e-07	
0.28025000	5.13742076e-07	
0.28183333	6.80709368e-07	
0.28341667	5.92600950e-07	
0.28500000	7.16921657e-07	
0.28658333	5.92168667e-07	
0.28816667	3.22530428e-07	
0.28975000	2.39219942e-07	
0.29133333	1.67876801e-07	
0.29291667	3.42943624e-07	
0.29450000	2.96447398e-07	
0.29608333	1.30352093e-07	
0.29766667	1.78160612e-07	
0.29925000	3.12617731e-07	
0.30083333	4.87685059e-07	
0.30241667	4.88548786e-07	
0.30400000	4.96671838e-07	
0.30558333	5.54361091e-07	
0.30716667	3.83760384e-07	
0.30875000	2.81089997e-07	
0.31033333	1.38233705e-07	
0.31191667	2.67609184e-07	
0.31350000	2.48162619e-07	
0.31508333	1.94641592e-07	
0.31666667	5.13050053e-07	
0.31825000	3.52346614e-07	
0.31983333	5.49476327e-07	
0.32141667	6.23887930e-07	
0.32300000	4.81204224e-07	
0.32458333	3.94571781e-07	
0.32616667	4.83276709e-07	
0.32775000	2.09135476e-07	
0.32933333	-1.23879155e-07	
0.33091667	-8.06323410e-08	
0.33250000	1.42338325e-07	
0.33408333	5.62270479e-08	
0.33566667	1.80415805e-07	
0.33725000	3.02524034e-07	
0.33883333	3.97243101e-07	
0.34041667	5.36556492e-07	
0.34200000	3.58602487e-07	
0.34358333	4.03034068e-07	
0.34516667	5.16247740e-07	
0.34675000	4.23126986e-07	
0.34833333	3.84626098e-07	
0.34991667	-2.01795762e-08	
0.35150000	7.61811703e-08	
0.35308333	2.00673510e-07	
0.35466667	1.18027746e-07	
0.35625000	1.50290318e-07	
0.35783333	1.62819732e-07	
0.35941667	3.94476940e-07	
0.36100000	4.42616365e-07	
0.36258333	3.85661809e-07	
0.36416667	5.41525259e-07	
0.36575000	6.14164438e-07	
0.36733333	4.20109487e-07	
0.36891667	1.69882237e-07	
0.37050000	-5.38074454e-08	
0.37208333	1.38276589e-07	
0.37366667	1.25572377e-07	
0.37525000	1.13965527e-07	
0.37683333	1.56122643e-07	
0.37841667	3.31907881e-07	
0.38000000	5.78775162e-07	
0.38158333	4.35182479e-07	
0.38316667	6.17751847e-07	
0.38475000	4.67504721e-07	
0.38633333	5.05358836e-07	
0.38791667	2.27784691e-07	
0.38950000	1.50203640e-08	
0.39108333	1.09065769e-07	
0.39266667	1.31579206e-07	
0.39425000	2.99455265e-07	
0.39583333	3.50618096e-07	
0.39741667	1.83761115e-07	
0.39900000	4.68361952e-07	
0.40058333	6.31925243e-07	
0.40216667	5.91434810e-07	
0.40375000	5.55162711e-07	
0.40533333	6.56815336e-07	
0.40691667	7.55985706e-07	
0.40850000	3.26589749e-08	
0.41008333	1.21157963e-08	
0.41166667	3.38340127e-08	
0.41325000	1.46745821e-07	
0.41483333	1.51464438e-07	
0.41641667	1.16921668e-07	
0.41800000	1.66113702e-07	
0.41958333	3.50184749e-07	
0.42116667	4.58431194e-07	
0.42275000	4.16558815e-07	
0.42433333	4.59813728e-07	
0.42591667	4.99654812e-07	
0.42750000	3.74210807e-07	
0.42908333	7.47518304e-09	
0.43066667	4.33845762e-08	
0.43225000	2.50548133e-09	
0.43383333	1.55647714e-07	
0.43541667	8.36571348e-08	
0.43700000	1.75697846e-07	
0.43858333	1.59978528e-07	
0.44016667	4.72734012e-07	
0.44175000	7.60739647e-07	
0.44333333	5.61230751e-07	
0.44491667	6.05911012e-07	
0.44650000	5.10761286e-07	
0.44808333	1.49294201e-07	
0.44966667	2.05470602e-07	
0.45125000	5.86373471e-08	
0.45283333	1.97286142e-07	
0.45441667	2.18252237e-07	
0.45600000	1.15600870e-07	
0.45758333	3.19930176e-07	
0.45916667	4.50652949e-07	
0.46075000	5.23853050e-07	
0.46233333	5.45762409e-07	
0.46391667	5.02248904e-07	
0.46550000	5.00681954e-07	
0.46708333	3.34724723e-07	
0.46866667	1.86674478e-07	
0.47025000	-7.25073766e-09	
0.47183333	9.68020096e-08	
0.47341667	3.01832571e-07	
0.47500000	2.51584877e-07	
0.47658333	2.39175280e-07	
0.47816667	3.16030805e-07	
0.47975000	6.60530542e-07	
0.48133333	5.59588589e-07	
0.48291667	5.60755234e-07	
0.48450000	7.84764725e-07	
0.48608333	6.12003357e-07	
0.48766667	4.84097370e-07	
0.48925000	2.80088196e-07	
0.49083333	1.22202313e-07	
0.49241667	1.72110955e-07	
0.49400000	1.43504997e-07	
0.49558333	1.76865008e-07	
0.49716667	2.13585422e-07	
0.49875000	3.61445958e-07	
0.50033333	5.32194120e-07	
0.50191667	7.79923588e-07	
0.50350000	1.19471124e-06	
0.50508333	1.73322401e-06	
0.50666667	2.06219173e-06	
0.50825000	2.51478030e-06	
0.50983333	2.62169738e-06	
0.51141667	3.25309346e-06	
0.51300000	3.98941517e-06	
0.51458333	4.72897763e-06	
0.51616667	6.03811925e-06	
0.51775000	7.27710899e-06	
0.51933333	8.97143500e-06	
0.52091667	1.07150181e-05	
0.52250000	1.28902597e-05	
0.52408333	1.57438476e-05	
0.52566667	1.95535292e-05	
0.52725000	2.47914630e-05	
0.52883333	3.36361845e-05	
0.53041667	4.88918640e-05	
0.53200000	8.93485273e-05	
0.53358333	2.49529535e-04	
0.53516667	6.09588396e-04	
0.53675000	5.40321993e-04	
0.53833333	4.76539070e-04	
0.53991667	1.24281493e-03	
0.54150000	1.10459662e-03	
0.54308333	1.23626320e-03	
0.54466667	2.32016665e-03	
0.54625000	2.37510398e-03	
0.54783333	3.48896001e-03	
0.54941667	4.78304553e-03	
0.55100000	1.03327762e-02	
0.55258333	1.63044180e-02	
0.55416667	2.37759168e-02	
0.55575000	2.73354342e-02	
0.55733333	3.26423631e-02	
0.55891667	3.63565236e-02	
0.56050000	4.56431267e-02	
0.56208333	4.66415957e-02	
0.56366667	4.61281081e-02	
0.56525000	5.56763363e-02	
0.56683333	7.14835219e-02	
0.56841667	8.68756064e-02	
0.57000000	9.43695869e-02	
0.57158333	1.12583240e-01	
0.57316667	1.18130527e-01	
0.57475000	1.13016953e-01	
0.57633333	1.51957709e-01	
0.57791667	1.48096444e-01	
0.57950000	1.60035704e-01	
0.58108333	1.71634370e-01	
0.58266667	2.04953577e-01	
0.58425000	2.46595594e-01	
0.58583333	8.20286264e-01	
0.58741667	1.39018000e+00	
0.58900000	1.57376937e+00	
0.59058333	4.99130057e+00	
0.59216667	1.28240562e+01	
0.59375000	1.43500593e+01	
0.59533333	1.86828240e+01	
0.59691667	2.22743592e+01	
0.59850000	2.34945927e+01	
0.60008333	2.46395745e+01	
0.60166667	2.51515272e+01	
0.60325000	2.57362625e+01	
0.60483333	2.69034406e+01	
0.60641667	2.74829650e+01	
0.60800000	2.87172281e+01	
0.60958333	3.21753938e+01	
0.61116667	3.35905610e+01	
0.61275000	3.37965364e+01	
0.61433333	3.42569277e+01	
0.61591667	3.42671802e+01	
