start voltage : 0.00 V 
set voltage : 0.10 V 
High G : 30.00 G0 
Intermediate G : 20.00 G0 
Low G : 10.00 G0 
Breaking speed 1 : 300.00 V/s 
Breaking speed 2 : 300.00 V/s 
Making speed : 500.00 V/s 
Post breaking : 230.00 V/s 
@ 
0.00000000	3.72157233e+01	
0.00158333	3.77978973e+01	
0.00316667	3.76541061e+01	
0.00475000	3.79086045e+01	
0.00633333	3.79133475e+01	
0.00791667	3.80108820e+01	
0.00950000	3.79419742e+01	
0.01108333	3.78226793e+01	
0.01266667	3.80034331e+01	
0.01425000	3.78568607e+01	
0.01583333	3.77959054e+01	
0.01741667	3.78677973e+01	
0.01900000	3.77617090e+01	
0.02058333	3.78175267e+01	
0.02216667	3.78143322e+01	
0.02375000	3.77728259e+01	
0.02533333	3.77332101e+01	
0.02691667	3.75646218e+01	
0.02850000	3.78085445e+01	
0.03008333	3.77293804e+01	
0.03166667	3.76244308e+01	
0.03325000	3.76600442e+01	
0.03483333	3.76459018e+01	
0.03641667	3.76841685e+01	
0.03800000	3.73978037e+01	
0.03958333	3.74868971e+01	
0.04116667	3.75786777e+01	
0.04275000	3.74691656e+01	
0.04433333	3.74073722e+01	
0.04591667	3.74242055e+01	
0.04750000	3.73521483e+01	
0.04908333	3.73972926e+01	
0.05066667	3.73108788e+01	
0.05225000	3.72777610e+01	
0.05383333	3.71882015e+01	
0.05541667	3.72501678e+01	
0.05700000	3.73033172e+01	
0.05858333	3.70960376e+01	
0.06016667	3.72410615e+01	
0.06175000	3.72487396e+01	
0.06333333	3.73355781e+01	
0.06491667	3.73115440e+01	
0.06650000	3.75249533e+01	
0.06808333	3.72672867e+01	
0.06966667	3.70381039e+01	
0.07125000	3.72043094e+01	
0.07283333	3.71444440e+01	
0.07441667	3.70871004e+01	
0.07600000	3.70834023e+01	
0.07758333	3.69563429e+01	
0.07916667	3.70183354e+01	
0.08075000	3.70182264e+01	
0.08233333	3.68459626e+01	
0.08391667	3.68444480e+01	
0.08550000	3.66513860e+01	
0.08708333	3.64969025e+01	
0.08866667	3.67014009e+01	
0.09025000	3.66549713e+01	
0.09183333	3.67101803e+01	
0.09341667	3.65241010e+01	
0.09500000	3.65717070e+01	
0.09658333	3.67063656e+01	
0.09816667	3.64817040e+01	
0.09975000	3.62110300e+01	
0.10133333	3.59908897e+01	
0.10291667	3.60281867e+01	
0.10450000	3.59202982e+01	
0.10608333	3.60244059e+01	
0.10766667	3.62031227e+01	
0.10925000	3.58749660e+01	
0.11083333	3.59281191e+01	
0.11241667	3.58459447e+01	
0.11400000	3.58167166e+01	
0.11558333	3.57435733e+01	
0.11716667	3.55754398e+01	
0.11875000	3.56113387e+01	
0.12033333	3.52566036e+01	
0.12191667	3.52687315e+01	
0.12350000	3.54560923e+01	
0.12508333	3.54981623e+01	
0.12666667	3.56051113e+01	
0.12825000	3.54440320e+01	
0.12983333	3.55341214e+01	
0.13141667	3.54805624e+01	
0.13300000	3.55011915e+01	
0.13458333	3.54099408e+01	
0.13616667	3.49740197e+01	
0.13775000	3.51662061e+01	
0.13933333	3.51457536e+01	
0.14091667	3.49933522e+01	
0.14250000	3.51811602e+01	
0.14408333	3.48871737e+01	
0.14566667	3.48831711e+01	
0.14725000	3.49458853e+01	
0.14883333	3.48073181e+01	
0.15041667	3.47304390e+01	
0.15200000	3.34517570e+01	
0.15358333	3.33293653e+01	
0.15516667	3.33610550e+01	
0.15675000	3.30184929e+01	
0.15833333	3.33098900e+01	
0.15991667	3.31817970e+01	
0.16150000	3.31053239e+01	
0.16308333	3.31402907e+01	
0.16466667	3.29037906e+01	
0.16625000	3.31129794e+01	
0.16783333	3.27108075e+01	
0.16941667	3.29192860e+01	
0.17100000	3.21470865e+01	
0.17258333	3.22823014e+01	
0.17416667	3.21143746e+01	
0.17575000	3.19731954e+01	
0.17733333	3.16885782e+01	
0.17891667	3.18297875e+01	
0.18050000	3.20086847e+01	
0.18208333	3.17602295e+01	
0.18366667	3.13570804e+01	
0.18525000	3.14303253e+01	
0.18683333	3.13411097e+01	
0.18841667	3.11632780e+01	
0.19000000	3.12323286e+01	
0.19158333	3.13021947e+01	
0.19316667	3.10525651e+01	
0.19475000	3.05807450e+01	
0.19633333	3.08177375e+01	
0.19791667	3.06521464e+01	
0.19950000	3.05069872e+01	
0.20108333	3.04028325e+01	
0.20266667	3.02365067e+01	
0.20425000	3.01919901e+01	
0.20583333	3.01719717e+01	
0.20741667	3.03983358e+01	
0.20900000	3.02317939e+01	
0.21058333	2.98838838e+01	
0.21216667	2.86818534e+01	
0.21375000	2.87300231e+01	
0.21533333	2.87617542e+01	
0.21691667	2.86428051e+01	
0.21850000	2.86626337e+01	
0.22008333	2.85928615e+01	
0.22166667	2.84749046e+01	
0.22325000	2.80437170e+01	
0.22483333	2.76521771e+01	
0.22641667	2.76345208e+01	
0.22800000	2.76656693e+01	
0.22958333	2.76391378e+01	
0.23116667	2.75558359e+01	
0.23275000	2.74672931e+01	
0.23433333	2.73644989e+01	
0.23591667	2.75635009e+01	
0.23750000	2.74378452e+01	
0.23908333	2.74106297e+01	
0.24066667	2.74017433e+01	
0.24225000	2.73134842e+01	
0.24383333	2.73003227e+01	
0.24541667	2.72610677e+01	
0.24700000	2.74072116e+01	
0.24858333	2.69956703e+01	
0.25016667	2.68519561e+01	
0.25175000	2.68632741e+01	
0.25333333	2.66548633e+01	
0.25491667	2.63417190e+01	
0.25650000	2.61961633e+01	
0.25808333	2.58887240e+01	
0.25966667	2.59132749e+01	
0.26125000	2.63032945e+01	
0.26283333	2.63130115e+01	
0.26441667	2.62537981e+01	
0.26600000	2.51556312e+01	
0.26758333	2.39614237e+01	
0.26916667	2.35559483e+01	
0.27075000	2.32712146e+01	
0.27233333	2.33268745e+01	
0.27391667	2.29500765e+01	
0.27550000	2.24227900e+01	
0.27708333	2.26585967e+01	
0.27866667	2.26041019e+01	
0.28025000	2.24296019e+01	
0.28183333	2.23294234e+01	
0.28341667	2.24079543e+01	
0.28500000	2.24077231e+01	
0.28658333	2.22951048e+01	
0.28816667	2.21601192e+01	
0.28975000	2.23002537e+01	
0.29133333	2.24430489e+01	
0.29291667	2.22832438e+01	
0.29450000	2.20848863e+01	
0.29608333	2.22432295e+01	
0.29766667	2.20158507e+01	
0.29925000	2.20396932e+01	
0.30083333	2.20297845e+01	
0.30241667	2.19569737e+01	
0.30400000	2.19530031e+01	
0.30558333	2.18869573e+01	
0.30716667	2.18876826e+01	
0.30875000	2.17463042e+01	
0.31033333	2.11016546e+01	
0.31191667	2.10576341e+01	
0.31350000	2.05597711e+01	
0.31508333	2.05391288e+01	
0.31666667	2.04421111e+01	
0.31825000	2.04786752e+01	
0.31983333	2.03899651e+01	
0.32141667	2.02133962e+01	
0.32300000	2.04088091e+01	
0.32458333	1.99028602e+01	
0.32616667	1.99860005e+01	
0.32775000	1.99130563e+01	
0.32933333	1.99127331e+01	
0.33091667	1.94251358e+01	
0.33250000	1.92713664e+01	
0.33408333	1.92123880e+01	
0.33566667	1.92630080e+01	
0.33725000	1.85667105e+01	
0.33883333	1.80389956e+01	
0.34041667	1.77727432e+01	
0.34200000	1.75858428e+01	
0.34358333	1.74640863e+01	
0.34516667	1.73275542e+01	
0.34675000	1.73859745e+01	
0.34833333	1.73340353e+01	
0.34991667	1.73714977e+01	
0.35150000	1.73110610e+01	
0.35308333	1.74171399e+01	
0.35466667	1.71946920e+01	
0.35625000	1.70776371e+01	
0.35783333	1.71254798e+01	
0.35941667	1.71559837e+01	
0.36100000	1.70321658e+01	
0.36258333	1.69249557e+01	
0.36416667	1.68371607e+01	
0.36575000	1.68239730e+01	
0.36733333	1.67837708e+01	
0.36891667	1.68424091e+01	
0.37050000	1.68932810e+01	
0.37208333	1.69019626e+01	
0.37366667	1.56560047e+01	
0.37525000	1.55024016e+01	
0.37683333	1.54751824e+01	
0.37841667	1.54977602e+01	
0.38000000	1.53655886e+01	
0.38158333	1.54156928e+01	
0.38316667	1.53153302e+01	
0.38475000	1.53556470e+01	
0.38633333	1.52767573e+01	
0.38791667	1.51969824e+01	
0.38950000	1.53385366e+01	
0.39108333	1.52424330e+01	
0.39266667	1.51814852e+01	
0.39425000	1.50463766e+01	
0.39583333	1.48022284e+01	
0.39741667	1.47409452e+01	
0.39900000	1.45997284e+01	
0.40058333	1.46479478e+01	
0.40216667	1.45926262e+01	
0.40375000	1.46251784e+01	
0.40533333	1.45943747e+01	
0.40691667	1.44505083e+01	
0.40850000	1.45463215e+01	
0.41008333	1.44291341e+01	
0.41166667	1.43709928e+01	
0.41325000	1.34810470e+01	
0.41483333	1.21738510e+01	
0.41641667	1.22118329e+01	
0.41800000	1.21562632e+01	
0.41958333	1.20160518e+01	
0.42116667	1.20258928e+01	
0.42275000	1.18645044e+01	
0.42433333	1.17579914e+01	
0.42591667	1.15810655e+01	
0.42750000	1.15182780e+01	
0.42908333	1.14901014e+01	
0.43066667	1.13998701e+01	
0.43225000	1.11565450e+01	
0.43383333	1.10988509e+01	
0.43541667	1.10825955e+01	
0.43700000	1.10770474e+01	
0.43858333	1.07634662e+01	
0.44016667	1.07100472e+01	
0.44175000	1.03149370e+01	
0.44333333	1.02232363e+01	
0.44491667	1.05303391e+01	
0.44650000	1.03547605e+01	
0.44808333	1.03957256e+01	
0.44966667	1.02924269e+01	
0.45125000	1.02874763e+01	
0.45283333	1.02718720e+01	
0.45441667	1.02086871e+01	
0.45600000	9.15647623e+00	
0.45758333	8.29299699e+00	
0.45916667	8.11304656e+00	
0.46075000	7.98548353e+00	
0.46233333	7.68256314e+00	
0.46391667	7.40708044e+00	
0.46550000	7.29538339e+00	
0.46708333	7.43312803e+00	
0.46866667	7.43890073e+00	
0.47025000	7.39251622e+00	
0.47183333	7.31095153e+00	
0.47341667	7.15921957e+00	
0.47500000	7.27756076e+00	
0.47658333	5.95888939e+00	
0.47816667	5.89199556e+00	
0.47975000	6.06285944e+00	
0.48133333	6.21015571e+00	
0.48291667	6.24388238e+00	
0.48450000	6.17929613e+00	
0.48608333	5.93598276e+00	
0.48766667	5.93333976e+00	
0.48925000	5.87901498e+00	
0.49083333	5.88471439e+00	
0.49241667	5.69896261e+00	
0.49400000	5.67962070e+00	
0.49558333	5.44095959e+00	
0.49716667	5.13319339e+00	
0.49875000	5.15703395e+00	
0.50033333	5.19229305e+00	
0.50191667	5.16553326e+00	
0.50350000	5.20973845e+00	
0.50508333	5.16204559e+00	
0.50666667	4.43510036e+00	
0.50825000	4.66138503e+00	
0.50983333	4.59734748e+00	
0.51141667	4.50592722e+00	
0.51300000	4.27989576e+00	
0.51458333	3.98787105e+00	
0.51616667	3.93305441e+00	
0.51775000	4.00036588e+00	
0.51933333	3.94996566e+00	
0.52091667	3.87379691e+00	
0.52250000	3.80457906e+00	
0.52408333	3.72313722e+00	
0.52566667	3.68809070e+00	
0.52725000	3.73589700e+00	
0.52883333	3.55027112e+00	
0.53041667	3.50422838e+00	
0.53200000	3.55278399e+00	
0.53358333	3.44038227e+00	
0.53516667	3.33491455e+00	
0.53675000	3.30797390e+00	
0.53833333	3.25869647e+00	
0.53991667	3.26714528e+00	
0.54150000	3.14299617e+00	
0.54308333	2.79099753e+00	
0.54466667	2.71059298e+00	
0.54625000	2.66735649e+00	
0.54783333	2.64637339e+00	
0.54941667	2.63488461e+00	
0.55100000	2.61169846e+00	
0.55258333	2.58819615e+00	
0.55416667	2.64186277e+00	
0.55575000	2.62596906e+00	
0.55733333	2.62556810e+00	
0.55891667	2.65433574e+00	
0.56050000	2.56501306e+00	
0.56208333	2.57509249e+00	
0.56366667	2.51373365e+00	
0.56525000	2.36844405e+00	
0.56683333	2.28802587e+00	
0.56841667	2.22102305e+00	
0.57000000	1.99522038e+00	
0.57158333	1.98325031e+00	
0.57316667	1.98716854e+00	
0.57475000	1.96200954e+00	
0.57633333	1.90684737e+00	
0.57791667	1.87893966e+00	
0.57950000	1.12240691e+00	
0.58108333	1.04762847e+00	
0.58266667	1.00981845e+00	
0.58425000	1.01297598e+00	
0.58583333	1.03008595e+00	
0.58741667	1.00694290e+00	
0.58900000	1.21539648e+00	
0.59058333	1.29103145e+00	
0.59216667	1.01262904e+00	
0.59375000	9.65306730e-01	
0.59533333	9.90054787e-01	
0.59691667	1.01229091e+00	
0.59850000	1.00601954e+00	
0.60008333	1.02048194e+00	
0.60166667	1.03759097e+00	
0.60325000	1.04458686e+00	
0.60483333	1.03662979e+00	
0.60641667	1.03459246e+00	
0.60800000	9.79752267e-01	
0.60958333	7.00504074e-01	
0.61116667	9.70480745e-01	
0.61275000	9.61466135e-01	
0.61433333	9.44744146e-01	
0.61591667	9.37505140e-01	
0.61750000	8.97071552e-01	
0.61908333	8.43769078e-01	
0.62066667	7.19818503e-01	
0.62225000	6.77090083e-01	
0.62383333	5.94852433e-01	
0.62541667	5.99955510e-01	
0.62700000	5.44077274e-01	
0.62858333	4.97752488e-01	
0.63016667	2.67398442e-01	
0.63175000	3.17265011e-01	
0.63333333	5.16145907e-01	
0.63491667	2.16505544e-01	
0.63650000	2.12664069e-01	
0.63808333	1.41028190e-01	
0.63966667	3.12667060e-02	
0.64125000	2.50321609e-02	
0.64283333	4.80628401e-02	
0.64441667	2.98903589e-02	
0.64600000	1.11417556e-02	
0.64758333	1.30396703e-02	
0.64916667	1.21909419e-02	
0.65075000	3.68069506e-03	
0.65233333	1.95106346e-03	
0.65391667	5.06089530e-04	
0.65550000	1.08116125e-04	
0.65708333	4.79630824e-05	
0.65866667	3.73582746e-05	
0.66025000	4.19296387e-05	
0.66183333	6.34010523e-05	
0.66341667	1.14325318e-04	
0.66500000	2.12289243e-04	
0.66658333	2.36761234e-04	
0.66816667	1.49485169e-04	
0.66975000	8.44368220e-05	
0.67133333	5.55273177e-05	
0.67291667	4.10285198e-05	
0.67450000	3.19366471e-05	
0.67608333	2.52217272e-05	
0.67766667	2.04161309e-05	
0.67925000	1.70384751e-05	
0.68083333	1.39896544e-05	
0.68241667	1.16587474e-05	
0.68400000	1.01947172e-05	
0.68558333	8.87797353e-06	
0.68716667	7.77138090e-06	
0.68875000	6.65405416e-06	
0.69033333	5.88268226e-06	
0.69191667	5.58357195e-06	
0.69350000	5.19039622e-06	
0.69508333	4.86250017e-06	
0.69666667	4.52687666e-06	
0.69825000	4.54001530e-06	
0.69983333	4.15370728e-06	
0.70141667	3.66627888e-06	
0.70300000	3.47991528e-06	
0.70458333	3.11970197e-06	
0.70616667	2.95887059e-06	
0.70775000	2.52119818e-06	
0.70933333	2.12897361e-06	
0.71091667	2.14356898e-06	
0.71250000	1.86164147e-06	
0.71408333	1.70104878e-06	
0.71566667	1.51541321e-06	
0.71725000	1.55344732e-06	
0.71883333	1.58823631e-06	
0.72041667	1.36279942e-06	
0.72200000	1.33876023e-06	
0.72358333	1.25163018e-06	
0.72516667	1.15304100e-06	
0.72675000	9.15304006e-07	
0.72833333	7.15237101e-07	
0.72991667	6.68999298e-07	
0.73150000	6.53141795e-07	
0.73308333	5.69961823e-07	
0.73466667	5.55182255e-07	
0.73625000	5.40117355e-07	
0.73783333	6.85983517e-07	
0.73941667	8.33332960e-07	
0.74100000	7.92587268e-07	
0.74258333	7.64582595e-07	
0.74416667	7.17050407e-07	
0.74575000	7.24093395e-07	
0.74733333	5.72811342e-07	
0.74891667	4.04725428e-07	
0.75050000	3.41284074e-07	
0.75208333	2.62250135e-07	
0.75366667	2.62985644e-07	
0.75525000	1.77635043e-07	
0.75683333	2.33472614e-07	
0.75841667	3.68119554e-07	
0.76000000	4.18935254e-07	
0.76158333	5.04063106e-07	
0.76316667	6.13299759e-07	
0.76475000	5.53496636e-07	
0.76633333	5.24896769e-07	
0.76791667	2.57212233e-07	
0.76950000	2.74911687e-07	
0.77108333	3.07406782e-07	
0.77266667	2.71178700e-07	
0.77425000	2.47083311e-07	
0.77583333	1.28985660e-07	
0.77741667	4.05600524e-07	
0.77900000	3.99574709e-07	
0.78058333	4.27188484e-07	
0.78216667	5.18235774e-07	
0.78375000	4.90752932e-07	
0.78533333	6.39227691e-07	
0.78691667	4.29003302e-07	
0.78850000	2.19635303e-07	
0.79008333	2.21242939e-07	
0.79166667	1.78549774e-07	
0.79325000	1.89377356e-07	
0.79483333	2.06162177e-07	
0.79641667	2.92428741e-07	
0.79800000	3.91113850e-07	
0.79958333	5.53150540e-07	
0.80116667	6.45320876e-07	
0.80275000	5.63866621e-07	
0.80433333	6.29634964e-07	
0.80591667	3.86898876e-07	
0.80750000	3.30013904e-07	
0.80908333	3.50874469e-08	
0.81066667	3.51305583e-08	
0.81225000	1.86405428e-07	
0.81383333	1.35510792e-07	
0.81541667	2.35079233e-09	
0.81700000	2.05643915e-07	
0.81858333	6.28424806e-07	
0.82016667	6.31017834e-07	
0.82175000	5.02981921e-07	
0.82333333	4.54195612e-07	
0.82491667	5.33662114e-07	
0.82650000	4.11286179e-07	
0.82808333	2.32936026e-07	
0.82966667	7.59647136e-08	
0.83125000	1.89836450e-07	
0.83283333	2.07077622e-07	
0.83441667	-3.44295609e-08	
0.83600000	4.07659092e-08	
0.83758333	3.79795042e-07	
0.83916667	3.76544264e-07	
0.84075000	4.49615615e-07	
0.84233333	4.84918199e-07	
0.84391667	5.22339694e-07	
0.84550000	5.46582958e-07	
0.84708333	2.30300436e-07	
0.84866667	1.31491898e-07	
0.85025000	6.56206224e-08	
0.85183333	1.97458994e-07	
0.85341667	2.10371606e-07	
0.85500000	2.19315977e-07	
0.85658333	2.54247964e-07	
0.85816667	2.69942641e-07	
0.85975000	4.99740888e-07	
0.86133333	3.84885054e-07	
0.86291667	5.11580715e-07	
0.86450000	6.00596149e-07	
0.86608333	3.96811545e-07	
0.86766667	3.03318514e-07	
0.86925000	2.60152258e-09	
0.87083333	1.35856398e-07	
0.87241667	3.03484002e-07	
0.87400000	2.86362885e-07	
0.87558333	1.93068635e-07	
0.87716667	2.70459236e-07	
0.87875000	4.24682932e-07	
0.88033333	4.63745609e-07	
0.88191667	4.73079379e-07	
0.88350000	5.56953783e-07	
0.88508333	5.20379214e-07	
0.88666667	5.23007468e-07	
0.88825000	2.14180980e-07	
0.88983333	-9.25591542e-08	
0.89141667	4.18715108e-08	
0.89300000	1.11481017e-08	
0.89458333	1.77944807e-07	
0.89616667	1.69466446e-07	
0.89775000	1.15728017e-07	
0.89933333	5.32971547e-07	
0.90091667	4.61628182e-07	
0.90250000	4.96671670e-07	
0.90408333	5.90831383e-07	
0.90566667	6.08029083e-07	
0.90725000	4.47065820e-07	
0.90883333	7.50149110e-08	
0.91041667	9.29561980e-08	
0.91200000	9.29387252e-08	
0.91358333	8.37012297e-08	
0.91516667	1.75879028e-07	
0.91675000	9.64055328e-08	
0.91833333	4.87469617e-07	
0.91991667	5.73676301e-07	
0.92150000	5.19790907e-07	
0.92308333	4.64159943e-07	
0.92466667	4.30533402e-07	
0.92625000	4.45295021e-07	
0.92783333	2.56199708e-07	
0.92941667	9.89106932e-08	
0.93100000	1.40091854e-07	
0.93258333	1.65241645e-07	
0.93416667	2.32150129e-07	
0.93575000	1.62354197e-07	
0.93733333	3.81039474e-07	
0.93891667	4.60894353e-07	
0.94050000	4.51646462e-07	
0.94208333	5.53669684e-07	
0.94366667	4.84313652e-07	
0.94525000	5.69831113e-07	
0.94683333	3.99879027e-07	
0.94841667	-4.08783692e-08	
0.95000000	1.73623499e-07	
0.95158333	2.26427988e-07	
0.95316667	2.25338389e-07	
0.95475000	1.94814037e-07	
0.95633333	1.88126196e-08	
0.95791667	3.29790202e-07	
0.95950000	3.81211653e-07	
0.96108333	3.66476748e-07	
0.96266667	4.24984757e-07	
0.96425000	3.12125301e-07	
0.96583333	4.43264874e-07	
0.96741667	8.24902454e-08	
0.96900000	-4.06966061e-08	
0.97058333	-9.06921284e-08	
0.97216667	-3.32559407e-08	
0.97375000	7.70200109e-08	
0.97533333	6.56830854e-09	
0.97691667	2.46002938e-07	
0.97850000	4.34232928e-07	
0.98008333	5.64040453e-07	
0.98166667	6.84945510e-07	
0.98325000	5.72724651e-07	
0.98483333	5.99257241e-07	
0.98641667	3.87528905e-07	
0.98800000	2.95713653e-07	
0.98958333	3.50099569e-07	
0.99116667	1.81142312e-07	
0.99275000	3.47248369e-07	
0.99433333	1.39270675e-07	
0.99591667	6.58881324e-08	
0.99750000	1.80106195e-07	
0.99908333	3.38431670e-07	
1.00066667	4.57263318e-07	
1.00225000	3.63754830e-07	
1.00383333	4.29608969e-07	
1.00541667	5.21215499e-07	
1.00700000	2.43359116e-07	
1.00858333	4.55882191e-08	
1.01016667	1.04960379e-07	
1.01175000	1.49295321e-07	
1.01333333	1.12627725e-07	
1.01491667	1.07267367e-07	
1.01650000	3.32943339e-07	
1.01808333	2.89085727e-07	
1.01966667	4.14701268e-07	
1.02125000	4.17984499e-07	
1.02283333	2.31958306e-07	
1.02441667	4.65692032e-07	
1.02600000	4.47845095e-07	
1.02758333	4.03966986e-07	
1.02916667	2.10093021e-07	
1.03075000	1.20170990e-07	
1.03233333	3.42538222e-07	
1.03391667	1.49554613e-07	
1.03550000	8.56456860e-08	
1.03708333	3.64724093e-07	
1.03866667	6.35512204e-07	
1.04025000	6.17881157e-07	
1.04183333	3.47074481e-07	
1.04341667	3.59693164e-07	
1.04500000	4.65828286e-07	
1.04658333	3.32919062e-07	
1.04816667	7.66052563e-08	
1.04975000	-6.05397035e-08	
1.05133333	1.36417459e-07	
1.05291667	1.93111715e-07	
1.05450000	1.78014040e-07	
1.05608333	1.13343990e-07	
1.05766667	3.22010501e-07	
1.05925000	4.78825909e-07	
1.06083333	5.32019560e-07	
1.06241667	5.11148376e-07	
1.06400000	7.90640397e-07	
1.06558333	7.28979894e-07	
1.06716667	6.08503424e-07	
1.06875000	4.32243243e-07	
1.07033333	2.63675875e-07	
1.07191667	3.42270166e-07	
1.07350000	2.20265989e-07	
1.07508333	3.08918905e-07	
1.07666667	2.37662204e-07	
1.07825000	4.34707998e-07	
1.07983333	4.31466096e-07	
1.08141667	3.15694005e-07	
1.08300000	3.92438533e-07	
1.08458333	5.28158075e-07	
1.08616667	4.61757071e-07	
1.08775000	3.54464377e-07	
1.08933333	6.58191024e-08	
1.09091667	2.36582308e-07	
1.09250000	2.26264447e-07	
1.09408333	1.92074857e-07	
1.09566667	1.35865344e-07	
1.09725000	2.06810182e-07	
1.09883333	4.93042371e-07	
1.10041667	6.09671076e-07	
1.10200000	5.19315446e-07	
1.10358333	5.32407994e-07	
1.10516667	3.33245865e-07	
1.10675000	5.56175068e-07	
1.10833333	2.87227116e-07	
1.10991667	1.34388068e-07	
1.11150000	2.79578153e-07	
1.11308333	1.95920437e-07	
1.11466667	1.91038110e-07	
1.11625000	2.17785540e-07	
1.11783333	3.66086411e-07	
1.11941667	5.25149620e-07	
1.12100000	5.62657471e-07	
1.12258333	5.88109269e-07	
1.12416667	4.88335192e-07	
1.12575000	4.46546789e-07	
1.12733333	2.75612184e-08	
1.12891667	5.96750807e-08	
1.13050000	1.67314144e-07	
1.13208333	1.03379498e-07	
1.13366667	2.11217972e-07	
1.13525000	2.41033359e-07	
1.13683333	3.45128870e-07	
1.13841667	5.91038144e-07	
1.14000000	4.12712339e-07	
1.14158333	4.13836981e-07	
1.14316667	3.72872263e-07	
1.14475000	5.03586692e-07	
1.14633333	4.48760036e-07	
1.14791667	1.86586344e-07	
1.14950000	1.17223396e-07	
1.15108333	1.74531691e-07	
1.15266667	2.36280650e-07	
1.15425000	2.70590338e-07	
1.15583333	2.11754350e-07	
1.15741667	5.08911131e-07	
1.15900000	4.96889016e-07	
1.16058333	4.32245399e-07	
1.16216667	4.81721631e-07	
1.16375000	6.09281579e-07	
1.16533333	6.77428629e-07	
1.16691667	4.70572315e-07	
1.16850000	2.54006425e-07	
1.17008333	7.72620818e-08	
1.17166667	1.60011948e-07	
1.17325000	3.93656476e-07	
1.17483333	1.40852074e-07	
1.17641667	2.17620865e-07	
1.17800000	4.26316637e-07	
1.17958333	4.90925252e-07	
1.18116667	5.16938587e-07	
1.18275000	3.70105347e-07	
1.18433333	4.33369370e-07	
1.18591667	5.24243331e-07	
1.18750000	4.34146096e-07	
1.18908333	2.98203637e-07	
1.19066667	1.80286916e-07	
1.19225000	2.69640367e-07	
1.19383333	2.79361899e-07	
1.19541667	1.54359978e-07	
1.19700000	4.28866880e-07	
1.19858333	4.40108208e-07	
1.20016667	4.71005494e-07	
1.20175000	4.41967155e-07	
1.20333333	3.27198154e-07	
1.20491667	5.35432689e-07	
1.20650000	4.16128576e-07	
1.20808333	3.72648617e-07	
1.20966667	2.14026582e-07	
1.21125000	6.22923861e-08	
1.21283333	2.05340494e-07	
1.21441667	6.38316432e-08	
1.21600000	2.29271390e-07	
1.21758333	2.65405093e-07	
1.21916667	3.59347404e-07	
1.22075000	4.86776978e-07	
1.22233333	2.92714662e-07	
@ 
0.00000000	4.83882488e-07	
0.00158333	4.60851119e-07	
0.00316667	5.62311375e-07	
0.00475000	3.17656866e-07	
0.00633333	1.78333254e-07	
0.00791667	4.02946789e-07	
0.00950000	3.23568043e-07	
0.01108333	2.03984169e-07	
0.01266667	8.67257574e-08	
0.01425000	2.12704376e-07	
0.01583333	4.22262251e-07	
0.01741667	3.97847984e-07	
0.01900000	3.77322363e-07	
0.02058333	4.72734516e-07	
0.02216667	4.31770190e-07	
0.02375000	5.66329500e-07	
0.02533333	2.71324979e-07	
0.02691667	1.69691128e-07	
0.02850000	2.47429322e-07	
0.03008333	1.68524638e-07	
0.03166667	2.47645128e-07	
0.03325000	3.61896079e-07	
0.03483333	6.25486186e-07	
0.03641667	6.32055449e-07	
0.03800000	5.32711415e-07	
0.03958333	5.78315829e-07	
0.04116667	5.83744041e-07	
0.04275000	3.41147260e-07	
0.04433333	2.27231764e-07	
0.04591667	-2.05690895e-08	
0.04750000	1.73450647e-07	
0.04908333	9.25153882e-08	
0.05066667	2.27508430e-07	
0.05225000	2.19221641e-07	
0.05383333	3.72931346e-07	
0.05541667	5.43730414e-07	
0.05700000	4.53634271e-07	
0.05858333	4.88766299e-07	
0.06016667	5.80026818e-07	
0.06175000	6.74098215e-07	
0.06333333	4.63839777e-07	
0.06491667	1.64834212e-07	
0.06650000	1.60098808e-07	
0.06808333	2.33385460e-07	
0.06966667	1.94149036e-07	
0.07125000	2.15080227e-07	
0.07283333	4.06041879e-07	
0.07441667	6.64765453e-07	
0.07600000	7.33600941e-07	
0.07758333	6.80492862e-07	
0.07916667	6.54999566e-07	
0.08075000	6.35166556e-07	
0.08233333	6.38320842e-07	
0.08391667	3.35924577e-07	
0.08550000	1.55579531e-07	
0.08708333	2.20421410e-07	
0.08866667	2.02851518e-07	
0.09025000	2.02662034e-07	
0.09183333	1.91981122e-07	
0.09341667	3.00752283e-07	
0.09500000	5.75965796e-07	
0.09658333	4.68455868e-07	
0.09816667	5.30463530e-07	
0.09975000	4.41707360e-07	
0.10133333	3.60512564e-07	
0.10291667	5.29858479e-07	
0.10450000	2.18305076e-07	
0.10608333	8.08051088e-08	
0.10766667	2.42200032e-07	
0.10925000	2.61058206e-07	
0.11083333	2.73096898e-07	
0.11241667	2.75084119e-07	
0.11400000	4.83232579e-07	
0.11558333	4.33886805e-07	
0.11716667	4.72691002e-07	
0.11875000	4.61499432e-07	
0.12033333	4.15091157e-07	
0.12191667	5.12790425e-07	
0.12350000	2.70565108e-07	
0.12508333	2.04460106e-07	
0.12666667	2.40774124e-07	
0.12825000	2.92239425e-07	
0.12983333	2.19885746e-07	
0.13141667	1.20861893e-07	
0.13300000	5.25237264e-07	
0.13458333	5.01814269e-07	
0.13616667	5.44940460e-07	
0.13775000	5.71600904e-07	
0.13933333	4.88118014e-07	
0.14091667	6.11486342e-07	
0.14250000	5.91669405e-07	
0.14408333	2.72992593e-07	
0.14566667	3.53512726e-07	
0.14725000	2.06118131e-07	
0.14883333	2.77779436e-07	
0.15041667	1.74444957e-07	
0.15200000	1.34380116e-07	
0.15358333	3.88583656e-07	
0.15516667	3.75249374e-07	
0.15675000	6.13474543e-07	
0.15833333	6.13948492e-07	
0.15991667	6.35035511e-07	
0.16150000	6.55000966e-07	
0.16308333	5.17588441e-07	
0.16466667	1.10397803e-07	
0.16625000	-5.09916705e-09	
0.16783333	8.71491854e-08	
0.16941667	2.79164490e-07	
0.17100000	1.31277129e-07	
0.17258333	1.27733107e-07	
0.17416667	6.04310572e-07	
0.17575000	6.89914501e-07	
0.17733333	7.82647662e-07	
0.17891667	6.52666894e-07	
0.18050000	6.58887373e-07	
0.18208333	6.28728620e-07	
0.18366667	2.73831455e-07	
0.18525000	3.02739168e-07	
0.18683333	2.59743295e-07	
0.18841667	3.72094220e-07	
0.19000000	1.87952386e-07	
0.19158333	3.78627641e-07	
0.19316667	5.84391654e-07	
0.19475000	5.52503319e-07	
0.19633333	6.64333561e-07	
0.19791667	5.05056310e-07	
0.19950000	4.93821534e-07	
0.20108333	6.11744849e-07	
0.20266667	6.24364344e-07	
0.20425000	4.05280721e-07	
0.20583333	2.02791483e-07	
0.20741667	2.63805577e-07	
0.20900000	2.98589998e-07	
0.21058333	5.34958229e-08	
0.21216667	2.64783549e-07	
0.21375000	4.10983709e-07	
0.21533333	4.57739675e-07	
0.21691667	5.93941595e-07	
0.21850000	5.48656003e-07	
0.22008333	6.71289857e-07	
0.22166667	7.07326522e-07	
0.22325000	5.77176794e-07	
0.22483333	4.31025944e-07	
0.22641667	2.68213059e-07	
0.22800000	2.28631687e-07	
0.22958333	1.78100045e-07	
0.23116667	2.13809796e-07	
0.23275000	4.24809750e-07	
0.23433333	5.07477467e-07	
0.23591667	6.23111007e-07	
0.23750000	5.92387469e-07	
0.23908333	5.73028016e-07	
0.24066667	7.21504790e-07	
0.24225000	6.67529849e-07	
0.24383333	5.03373155e-07	
0.24541667	2.45311839e-07	
0.24700000	1.91970734e-07	
0.24858333	3.04899913e-07	
0.25016667	3.28130847e-07	
0.25175000	2.27335817e-07	
0.25333333	5.02772920e-07	
0.25491667	6.40480243e-07	
0.25650000	5.92256423e-07	
0.25808333	5.59631823e-07	
0.25966667	5.81108227e-07	
0.26125000	7.00674264e-07	
0.26283333	7.22624617e-07	
0.26441667	3.75205804e-07	
0.26600000	2.49097553e-07	
0.26758333	2.85801488e-07	
0.26916667	2.94702164e-07	
0.27075000	2.83078478e-07	
0.27233333	2.15659335e-07	
0.27391667	6.14254210e-07	
0.27550000	7.89777398e-07	
0.27708333	5.37809156e-07	
0.27866667	5.58862965e-07	
0.28025000	6.47999812e-07	
0.28183333	6.23801910e-07	
0.28341667	5.37084875e-07	
0.28500000	6.43153439e-08	
0.28658333	3.01659328e-07	
0.28816667	2.74219216e-07	
0.28975000	2.71688015e-07	
0.29133333	2.99540893e-07	
0.29291667	3.07837777e-07	
0.29450000	6.25960807e-07	
0.29608333	6.46530810e-07	
0.29766667	6.11788363e-07	
0.29925000	5.67021859e-07	
0.30083333	6.51067462e-07	
0.30241667	7.53307441e-07	
0.30400000	5.36472040e-07	
0.30558333	3.18296890e-07	
0.30716667	3.71445711e-07	
0.30875000	3.68162368e-07	
0.31033333	3.35364104e-07	
0.31191667	2.20791993e-07	
0.31350000	3.98927236e-07	
0.31508333	4.86215721e-07	
0.31666667	5.33964863e-07	
0.31825000	7.77937179e-07	
0.31983333	7.40283777e-07	
0.32141667	5.96501301e-07	
0.32300000	5.21217627e-07	
0.32458333	3.39183643e-07	
0.32616667	3.91755134e-07	
0.32775000	3.12289361e-07	
0.32933333	3.68896869e-07	
0.33091667	2.89767138e-07	
0.33250000	1.92074241e-07	
0.33408333	5.80676783e-07	
0.33566667	6.91514325e-07	
0.33725000	8.74254724e-07	
0.33883333	7.50799369e-07	
0.34041667	6.71559117e-07	
0.34200000	6.09541823e-07	
0.34358333	2.79707239e-07	
0.34516667	1.70788735e-07	
0.34675000	2.69899547e-07	
0.34833333	1.80104851e-07	
0.34991667	2.40299250e-07	
0.35150000	1.47653271e-07	
0.35308333	4.38675524e-07	
0.35466667	4.80771829e-07	
0.35625000	4.05204390e-07	
0.35783333	4.82629824e-07	
0.35941667	5.66805129e-07	
0.36100000	7.76700027e-07	
0.36258333	7.09835211e-07	
0.36416667	6.40437793e-07	
0.36575000	3.28105030e-07	
0.36733333	3.39813812e-07	
0.36891667	4.08866170e-07	
0.37050000	2.81911246e-07	
0.37208333	3.48845561e-07	
0.37366667	8.07494185e-07	
0.37525000	6.26308919e-07	
0.37683333	6.83736528e-07	
0.37841667	5.14433147e-07	
0.38000000	5.33559573e-07	
0.38158333	6.80581794e-07	
0.38316667	5.06137271e-07	
0.38475000	3.30393489e-07	
0.38633333	2.12254340e-07	
0.38791667	4.45467368e-07	
0.38950000	4.83061043e-07	
0.39108333	3.15072266e-07	
0.39266667	4.34017011e-07	
0.39425000	4.69276865e-07	
0.39583333	6.46703242e-07	
0.39741667	6.92595453e-07	
0.39900000	5.39799037e-07	
0.40058333	6.81461146e-07	
0.40216667	5.95862313e-07	
0.40375000	3.99188824e-07	
0.40533333	2.88402189e-07	
0.40691667	2.52657213e-07	
0.40850000	3.28069833e-07	
0.41008333	2.17007945e-07	
0.41166667	4.24552754e-07	
0.41325000	4.79387334e-07	
0.41483333	6.67705696e-07	
0.41641667	7.06248810e-07	
0.41800000	6.54568291e-07	
0.41958333	6.61091464e-07	
0.42116667	7.46350641e-07	
0.42275000	4.85654800e-07	
0.42433333	4.04260943e-07	
0.42591667	4.38190178e-07	
0.42750000	5.63693797e-07	
0.42908333	5.44811486e-07	
0.43066667	4.56702033e-07	
0.43225000	6.52458116e-07	
0.43383333	7.93964986e-07	
0.43541667	1.11204537e-06	
0.43700000	1.11442402e-06	
0.43858333	1.24330888e-06	
0.44016667	1.29341668e-06	
0.44175000	1.35201121e-06	
0.44333333	1.34098555e-06	
0.44491667	1.30712956e-06	
0.44650000	1.53110456e-06	
0.44808333	1.91670661e-06	
0.44966667	2.28535861e-06	
0.45125000	2.85032406e-06	
0.45283333	3.68096722e-06	
0.45441667	4.60151009e-06	
0.45600000	5.20611232e-06	
0.45758333	5.60621488e-06	
0.45916667	6.15564702e-06	
0.46075000	6.67306813e-06	
0.46233333	7.85662927e-06	
0.46391667	9.87554674e-06	
0.46550000	1.21590479e-05	
0.46708333	1.52783762e-05	
0.46866667	1.77573664e-05	
0.47025000	2.19033552e-05	
0.47183333	2.97058027e-05	
0.47341667	3.94565534e-05	
0.47500000	4.68820135e-05	
0.47658333	5.05977130e-05	
0.47816667	5.24133306e-05	
0.47975000	5.33579577e-05	
0.48133333	5.63259081e-05	
0.48291667	6.59079291e-05	
0.48450000	8.73815398e-05	
0.48608333	1.29603958e-04	
0.48766667	2.13633074e-04	
0.48925000	3.46415194e-04	
0.49083333	4.46904856e-04	
0.49241667	4.47591953e-04	
0.49400000	4.95359527e-04	
0.49558333	7.40765986e-04	
0.49716667	9.08480972e-04	
0.49875000	1.68874556e-03	
0.50033333	2.64632483e-03	
0.50191667	3.15930392e-03	
0.50350000	3.61291050e-03	
0.50508333	4.34756345e-03	
0.50666667	5.38396788e-03	
0.50825000	9.37607571e-03	
0.50983333	9.74484262e-03	
0.51141667	1.14289628e-02	
0.51300000	2.00244948e-02	
0.51458333	3.82080196e-02	
0.51616667	5.08341238e-02	
0.51775000	8.34211810e-02	
0.51933333	8.99653481e-02	
0.52091667	2.21369840e-01	
0.52250000	4.97152810e-01	
0.52408333	5.72016216e-01	
0.52566667	6.33116562e-01	
0.52725000	6.98728940e-01	
0.52883333	6.90091214e-01	
0.53041667	6.66703061e-01	
0.53200000	8.90487072e-01	
0.53358333	1.85698036e+00	
0.53516667	3.04179525e+00	
0.53675000	5.17168085e+00	
0.53833333	5.36099640e+00	
0.53991667	5.58205849e+00	
0.54150000	5.92957116e+00	
0.54308333	7.19383601e+00	
0.54466667	9.20878846e+00	
0.54625000	9.38983912e+00	
0.54783333	9.44477744e+00	
0.54941667	9.77252727e+00	
0.55100000	1.03881264e+01	
0.55258333	1.13035289e+01	
0.55416667	1.27557121e+01	
0.55575000	1.29401283e+01	
0.55733333	1.35410016e+01	
0.55891667	1.36794514e+01	
0.56050000	1.38825076e+01	
0.56208333	1.43027193e+01	
0.56366667	1.46243112e+01	
0.56525000	1.48916337e+01	
0.56683333	1.50204464e+01	
0.56841667	1.52547902e+01	
0.57000000	1.67233529e+01	
0.57158333	1.84236991e+01	
0.57316667	1.89753955e+01	
0.57475000	1.90458292e+01	
0.57633333	1.91714924e+01	
0.57791667	1.94161122e+01	
0.57950000	1.95358336e+01	
0.58108333	2.03337058e+01	
0.58266667	2.08306593e+01	
0.58425000	2.30534006e+01	
0.58583333	2.36988488e+01	
0.58741667	2.42681132e+01	
0.58900000	2.50102484e+01	
0.59058333	2.48125317e+01	
0.59216667	2.51440276e+01	
0.59375000	2.64153847e+01	
0.59533333	2.69675659e+01	
0.59691667	2.73032842e+01	
0.59850000	2.73230433e+01	
0.60008333	2.79558713e+01	
0.60166667	2.82666215e+01	
0.60325000	2.91830914e+01	
0.60483333	2.93845813e+01	
0.60641667	2.95306069e+01	
0.60800000	3.10030970e+01	
0.60958333	3.22495256e+01	
0.61116667	3.24278289e+01	
0.61275000	3.27826092e+01	
0.61433333	3.28422942e+01	
0.61591667	3.29724391e+01	
0.61750000	3.37866560e+01	
0.61908333	3.40703636e+01	
0.62066667	3.43624372e+01	
0.62225000	3.45052137e+01	
