start voltage : 0.00 V 
set voltage : 0.10 V 
High G : 30.00 G0 
Intermediate G : 20.00 G0 
Low G : 10.00 G0 
Breaking speed 1 : 300.00 V/s 
Breaking speed 2 : 300.00 V/s 
Making speed : 500.00 V/s 
Post breaking : 230.00 V/s 
@ 
0.00000000	4.54335944e+01	
0.00158333	4.60858263e+01	
0.00316667	4.59279077e+01	
0.00475000	4.61565531e+01	
0.00633333	4.60891862e+01	
0.00791667	4.60751678e+01	
0.00950000	4.61303955e+01	
0.01108333	4.58972516e+01	
0.01266667	4.60889682e+01	
0.01425000	4.60007129e+01	
0.01583333	4.59855558e+01	
0.01741667	4.59755099e+01	
0.01900000	4.58700530e+01	
0.02058333	4.60863412e+01	
0.02216667	4.59765435e+01	
0.02375000	4.59202897e+01	
0.02533333	4.59607287e+01	
0.02691667	4.57250441e+01	
0.02850000	4.60584323e+01	
0.03008333	4.59270772e+01	
0.03166667	4.58897914e+01	
0.03325000	4.60283474e+01	
0.03483333	4.60140472e+01	
0.03641667	4.60938389e+01	
0.03800000	4.59809895e+01	
0.03958333	4.59138669e+01	
0.04116667	4.59335827e+01	
0.04275000	4.58425388e+01	
0.04433333	4.59140773e+01	
0.04591667	4.59022050e+01	
0.04750000	4.59081130e+01	
0.04908333	4.59618148e+01	
0.05066667	4.57733867e+01	
0.05225000	4.59086880e+01	
0.05383333	4.57835340e+01	
0.05541667	4.58622696e+01	
0.05700000	4.58916029e+01	
0.05858333	4.58195795e+01	
0.06016667	4.60822108e+01	
0.06175000	4.58953950e+01	
0.06333333	4.58309295e+01	
0.06491667	4.57501907e+01	
0.06650000	4.56692452e+01	
0.06808333	4.58742435e+01	
0.06966667	4.56481275e+01	
0.07125000	4.57547908e+01	
0.07283333	4.57607476e+01	
0.07441667	4.57003899e+01	
0.07600000	4.57236648e+01	
0.07758333	4.55548398e+01	
0.07916667	4.55778629e+01	
0.08075000	4.57210791e+01	
0.08233333	4.56252133e+01	
0.08391667	4.57056252e+01	
0.08550000	4.54017544e+01	
0.08708333	4.57011340e+01	
0.08866667	4.56804335e+01	
0.09025000	4.54224812e+01	
0.09183333	4.56042911e+01	
0.09341667	4.55278818e+01	
0.09500000	4.56973044e+01	
0.09658333	4.55843610e+01	
0.09816667	4.55333200e+01	
0.09975000	4.55700984e+01	
0.10133333	4.54494017e+01	
0.10291667	4.54824894e+01	
0.10450000	4.54338650e+01	
0.10608333	4.52066441e+01	
0.10766667	4.55485710e+01	
0.10925000	4.52905774e+01	
0.11083333	4.54413928e+01	
0.11241667	4.53799903e+01	
0.11400000	4.53540695e+01	
0.11558333	4.54990972e+01	
0.11716667	4.51738344e+01	
0.11875000	4.51704482e+01	
0.12033333	4.49930055e+01	
0.12191667	4.49917127e+01	
0.12350000	4.51317945e+01	
0.12508333	4.50501800e+01	
0.12666667	4.51826212e+01	
0.12825000	4.49935129e+01	
0.12983333	4.50098125e+01	
0.13141667	4.51284759e+01	
0.13300000	4.50131686e+01	
0.13458333	4.50807572e+01	
0.13616667	4.50271907e+01	
0.13775000	4.50050695e+01	
0.13933333	4.50620899e+01	
0.14091667	4.48776944e+01	
0.14250000	4.48795360e+01	
0.14408333	4.47078547e+01	
0.14566667	4.48456928e+01	
0.14725000	4.46496015e+01	
0.14883333	4.44461441e+01	
0.15041667	4.45171302e+01	
0.15200000	4.43184345e+01	
0.15358333	4.43102377e+01	
0.15516667	4.43185097e+01	
0.15675000	4.42472041e+01	
0.15833333	4.43769582e+01	
0.15991667	4.43298333e+01	
0.16150000	4.41179536e+01	
0.16308333	4.39357905e+01	
0.16466667	4.38055403e+01	
0.16625000	4.38531575e+01	
0.16783333	4.36265492e+01	
0.16941667	4.36537966e+01	
0.17100000	4.32924131e+01	
0.17258333	4.32172516e+01	
0.17416667	4.33084008e+01	
0.17575000	4.29980658e+01	
0.17733333	4.31006740e+01	
0.17891667	4.26756856e+01	
0.18050000	4.24938044e+01	
0.18208333	4.24766178e+01	
0.18366667	4.23741450e+01	
0.18525000	4.25344199e+01	
0.18683333	4.22529296e+01	
0.18841667	4.20207215e+01	
0.19000000	4.21417414e+01	
0.19158333	4.20440791e+01	
0.19316667	4.20078118e+01	
0.19475000	4.18852548e+01	
0.19633333	4.15761638e+01	
0.19791667	4.16483000e+01	
0.19950000	4.16925235e+01	
0.20108333	4.17222852e+01	
0.20266667	4.16318688e+01	
0.20425000	4.16612660e+01	
0.20583333	4.18430833e+01	
0.20741667	4.17356345e+01	
0.20900000	4.17741417e+01	
0.21058333	4.17806585e+01	
0.21216667	4.17403136e+01	
0.21375000	4.18171889e+01	
0.21533333	4.17023964e+01	
0.21691667	4.14313579e+01	
0.21850000	4.03897773e+01	
0.22008333	3.99673370e+01	
0.22166667	4.00942649e+01	
0.22325000	3.99122296e+01	
0.22483333	4.00819453e+01	
0.22641667	4.00214823e+01	
0.22800000	4.00576218e+01	
0.22958333	3.99989778e+01	
0.23116667	3.99090952e+01	
0.23275000	4.00913297e+01	
0.23433333	3.95569908e+01	
0.23591667	3.89694500e+01	
0.23750000	3.86839421e+01	
0.23908333	3.85360431e+01	
0.24066667	3.84264972e+01	
0.24225000	3.83019408e+01	
0.24383333	3.82195371e+01	
0.24541667	3.81683382e+01	
0.24700000	3.79489796e+01	
0.24858333	3.79635090e+01	
0.25016667	3.77984798e+01	
0.25175000	3.77891744e+01	
0.25333333	3.77152493e+01	
0.25491667	3.77352771e+01	
0.25650000	3.73798956e+01	
0.25808333	3.67650885e+01	
0.25966667	3.65629765e+01	
0.26125000	3.62197004e+01	
0.26283333	3.58817948e+01	
0.26441667	3.56369851e+01	
0.26600000	3.53182955e+01	
0.26758333	3.54157774e+01	
0.26916667	3.54922130e+01	
0.27075000	3.54509472e+01	
0.27233333	3.55996881e+01	
0.27391667	3.54371319e+01	
0.27550000	3.54995003e+01	
0.27708333	3.55186223e+01	
0.27866667	3.53228618e+01	
0.28025000	3.53642516e+01	
0.28183333	3.52844486e+01	
0.28341667	3.52256242e+01	
0.28500000	3.51718585e+01	
0.28658333	3.50665181e+01	
0.28816667	3.51851364e+01	
0.28975000	3.48127450e+01	
0.29133333	3.50666910e+01	
0.29291667	3.51021464e+01	
0.29450000	3.48737191e+01	
0.29608333	3.45688637e+01	
0.29766667	3.37681465e+01	
0.29925000	3.35679249e+01	
0.30083333	3.31751900e+01	
0.30241667	3.31401630e+01	
0.30400000	3.34478145e+01	
0.30558333	3.29817070e+01	
0.30716667	3.29145506e+01	
0.30875000	3.24649719e+01	
0.31033333	3.22312980e+01	
0.31191667	3.23129162e+01	
0.31350000	3.14950370e+01	
0.31508333	3.11508813e+01	
0.31666667	3.09547093e+01	
0.31825000	3.08532549e+01	
0.31983333	3.07220877e+01	
0.32141667	3.05062882e+01	
0.32300000	3.05567354e+01	
0.32458333	3.04323612e+01	
0.32616667	3.04004911e+01	
0.32775000	3.03326394e+01	
0.32933333	3.03401371e+01	
0.33091667	3.04436454e+01	
0.33250000	3.03764270e+01	
0.33408333	3.02469378e+01	
0.33566667	2.99867813e+01	
0.33725000	2.95935916e+01	
0.33883333	2.96385611e+01	
0.34041667	2.94076947e+01	
0.34200000	2.94984587e+01	
0.34358333	2.94953318e+01	
0.34516667	2.88453192e+01	
0.34675000	2.86082422e+01	
0.34833333	2.84412719e+01	
0.34991667	2.82715806e+01	
0.35150000	2.84233769e+01	
0.35308333	2.82258425e+01	
0.35466667	2.80950642e+01	
0.35625000	2.79619766e+01	
0.35783333	2.79894495e+01	
0.35941667	2.77171049e+01	
0.36100000	2.75319822e+01	
0.36258333	2.77257790e+01	
0.36416667	2.73520383e+01	
0.36575000	2.72060260e+01	
0.36733333	2.66857167e+01	
0.36891667	2.64932222e+01	
0.37050000	2.64934458e+01	
0.37208333	2.63662661e+01	
0.37366667	2.61186039e+01	
0.37525000	2.59842591e+01	
0.37683333	2.58166367e+01	
0.37841667	2.59016900e+01	
0.38000000	2.56157387e+01	
0.38158333	2.53415676e+01	
0.38316667	2.48226752e+01	
0.38475000	2.46999980e+01	
0.38633333	2.46282564e+01	
0.38791667	2.44330446e+01	
0.38950000	2.44522870e+01	
0.39108333	2.42500547e+01	
0.39266667	2.39545461e+01	
0.39425000	2.40012369e+01	
0.39583333	2.38069759e+01	
0.39741667	2.38596668e+01	
0.39900000	2.38057338e+01	
0.40058333	2.37816039e+01	
0.40216667	2.37269474e+01	
0.40375000	2.35906953e+01	
0.40533333	2.35103286e+01	
0.40691667	2.34939519e+01	
0.40850000	2.32997041e+01	
0.41008333	2.23266874e+01	
0.41166667	2.20900483e+01	
0.41325000	2.21576839e+01	
0.41483333	2.19293467e+01	
0.41641667	2.19199360e+01	
0.41800000	2.16263479e+01	
0.41958333	2.14437601e+01	
0.42116667	2.14620102e+01	
0.42275000	2.13475692e+01	
0.42433333	2.12183826e+01	
0.42591667	2.12534246e+01	
0.42750000	2.10072696e+01	
0.42908333	2.10606614e+01	
0.43066667	2.08678417e+01	
0.43225000	2.07942154e+01	
0.43383333	2.08281375e+01	
0.43541667	2.06920864e+01	
0.43700000	2.04906152e+01	
0.43858333	2.04013809e+01	
0.44016667	2.00891179e+01	
0.44175000	1.96448177e+01	
0.44333333	1.95111963e+01	
0.44491667	1.90410205e+01	
0.44650000	1.85878940e+01	
0.44808333	1.84879222e+01	
0.44966667	1.83118626e+01	
0.45125000	1.81480962e+01	
0.45283333	1.80494323e+01	
0.45441667	1.79178648e+01	
0.45600000	1.80133398e+01	
0.45758333	1.79451592e+01	
0.45916667	1.77255976e+01	
0.46075000	1.76305004e+01	
0.46233333	1.71400787e+01	
0.46391667	1.70382354e+01	
0.46550000	1.70437413e+01	
0.46708333	1.69062320e+01	
0.46866667	1.67020135e+01	
0.47025000	1.65609658e+01	
0.47183333	1.63375633e+01	
0.47341667	1.63182138e+01	
0.47500000	1.57300482e+01	
0.47658333	1.54006720e+01	
0.47816667	1.51591987e+01	
0.47975000	1.52420271e+01	
0.48133333	1.48441960e+01	
0.48291667	1.48101640e+01	
0.48450000	1.46338976e+01	
0.48608333	1.43074115e+01	
0.48766667	1.42903020e+01	
0.48925000	1.41849531e+01	
0.49083333	1.41833389e+01	
0.49241667	1.41221544e+01	
0.49400000	1.38393891e+01	
0.49558333	1.38071582e+01	
0.49716667	1.37300818e+01	
0.49875000	1.35123580e+01	
0.50033333	1.34933440e+01	
0.50191667	1.34102901e+01	
0.50350000	1.30603036e+01	
0.50508333	1.29111173e+01	
0.50666667	1.29042068e+01	
0.50825000	1.25501012e+01	
0.50983333	1.20850949e+01	
0.51141667	1.20577788e+01	
0.51300000	1.20591440e+01	
0.51458333	1.20499776e+01	
0.51616667	1.18241914e+01	
0.51775000	1.12738235e+01	
0.51933333	1.11896375e+01	
0.52091667	1.13184670e+01	
0.52250000	1.09835925e+01	
0.52408333	1.07765046e+01	
0.52566667	1.00536756e+01	
0.52725000	9.87972802e+00	
0.52883333	9.74181097e+00	
0.53041667	9.73341407e+00	
0.53200000	9.78287847e+00	
0.53358333	9.71279717e+00	
0.53516667	9.74092872e+00	
0.53675000	9.66090210e+00	
0.53833333	9.61178440e+00	
0.53991667	9.55726983e+00	
0.54150000	9.47438693e+00	
0.54308333	9.45478100e+00	
0.54466667	9.39367161e+00	
0.54625000	9.23360146e+00	
0.54783333	9.73533172e+00	
0.54941667	9.78876110e+00	
0.55100000	9.78933236e+00	
0.55258333	9.72013612e+00	
0.55416667	9.46201472e+00	
0.55575000	9.09713041e+00	
0.55733333	9.10358429e+00	
0.55891667	9.14483500e+00	
0.56050000	8.48009939e+00	
0.56208333	8.48568418e+00	
0.56366667	8.29962939e+00	
0.56525000	8.30850923e+00	
0.56683333	8.37850128e+00	
0.56841667	8.22114742e+00	
0.57000000	8.16625138e+00	
0.57158333	8.17844695e+00	
0.57316667	8.24174835e+00	
0.57475000	8.18538001e+00	
0.57633333	7.85841753e+00	
0.57791667	7.69658805e+00	
0.57950000	7.56354453e+00	
0.58108333	7.47958770e+00	
0.58266667	7.34416473e+00	
0.58425000	7.00620416e+00	
0.58583333	6.92899436e+00	
0.58741667	6.95669653e+00	
0.58900000	6.90547984e+00	
0.59058333	6.65049048e+00	
0.59216667	6.63183539e+00	
0.59375000	6.79555857e+00	
0.59533333	6.81468391e+00	
0.59691667	6.77738548e+00	
0.59850000	6.76672140e+00	
0.60008333	6.70517371e+00	
0.60166667	6.70236863e+00	
0.60325000	6.64772816e+00	
0.60483333	6.59543801e+00	
0.60641667	6.57130431e+00	
0.60800000	6.48829692e+00	
0.60958333	6.52660256e+00	
0.61116667	6.45158665e+00	
0.61275000	5.64705345e+00	
0.61433333	5.69617914e+00	
0.61591667	5.66412490e+00	
0.61750000	5.67019544e+00	
0.61908333	5.59037788e+00	
0.62066667	5.52941741e+00	
0.62225000	5.47769523e+00	
0.62383333	5.38604289e+00	
0.62541667	5.38194967e+00	
0.62700000	5.27621088e+00	
0.62858333	5.16581701e+00	
0.63016667	5.12591974e+00	
0.63175000	4.46766902e+00	
0.63333333	4.58889327e+00	
0.63491667	4.19870080e+00	
0.63650000	3.64139284e+00	
0.63808333	3.66712240e+00	
0.63966667	3.58130218e+00	
0.64125000	3.56745603e+00	
0.64283333	3.59429380e+00	
0.64441667	3.56528492e+00	
0.64600000	3.51316789e+00	
0.64758333	3.49536804e+00	
0.64916667	3.49222261e+00	
0.65075000	3.45540030e+00	
0.65233333	3.30056424e+00	
0.65391667	3.26569600e+00	
0.65550000	3.26308048e+00	
0.65708333	3.20566265e+00	
0.65866667	2.97440697e+00	
0.66025000	2.94460957e+00	
0.66183333	2.83966542e+00	
0.66341667	2.87496727e+00	
0.66500000	2.73522065e+00	
0.66658333	2.63325704e+00	
0.66816667	2.53102026e+00	
0.66975000	2.16972015e+00	
0.67133333	2.12271201e+00	
0.67291667	2.15311285e+00	
0.67450000	2.05781805e+00	
0.67608333	2.04846560e+00	
0.67766667	2.01112372e+00	
0.67925000	1.94930883e+00	
0.68083333	1.94931200e+00	
0.68241667	1.91687418e+00	
0.68400000	1.93329134e+00	
0.68558333	1.89355004e+00	
0.68716667	1.89266696e+00	
0.68875000	1.87348724e+00	
0.69033333	1.83698357e+00	
0.69191667	1.84791859e+00	
0.69350000	1.89007200e+00	
0.69508333	1.80786676e+00	
0.69666667	1.74386962e+00	
0.69825000	1.67390693e+00	
0.69983333	1.66231738e+00	
0.70141667	1.64857129e+00	
0.70300000	1.49072369e+00	
0.70458333	1.42395694e+00	
0.70616667	1.42527350e+00	
0.70775000	1.41090730e+00	
0.70933333	1.37659505e+00	
0.71091667	1.35396089e+00	
0.71250000	1.41163406e+00	
0.71408333	1.38873166e+00	
0.71566667	1.29877441e+00	
0.71725000	1.05312623e+00	
0.71883333	1.09105334e+00	
0.72041667	1.01716351e+00	
0.72200000	6.79114026e-01	
0.72358333	9.02100874e-01	
0.72516667	9.01085262e-01	
0.72675000	7.38985008e-01	
0.72833333	2.63075964e-02	
0.72991667	9.92263443e-03	
0.73150000	1.76543877e-04	
0.73308333	4.53915789e-03	
0.73466667	1.18252338e-03	
0.73625000	4.70970202e-03	
0.73783333	1.56613870e-03	
0.73941667	2.82822632e-03	
0.74100000	3.95391461e-04	
0.74258333	5.59038137e-04	
0.74416667	1.02823346e-03	
0.74575000	5.57358800e-04	
0.74733333	4.84727759e-04	
0.74891667	5.94652939e-04	
0.75050000	6.09255327e-04	
0.75208333	4.94952366e-04	
0.75366667	3.58423107e-04	
0.75525000	2.90421770e-04	
0.75683333	2.29630747e-04	
0.75841667	1.59176955e-04	
0.76000000	1.19805307e-04	
0.76158333	1.07932308e-04	
0.76316667	1.13119592e-04	
0.76475000	1.30291644e-04	
0.76633333	1.44401252e-04	
0.76791667	1.42340761e-04	
0.76950000	1.17327096e-04	
0.77108333	8.34954708e-05	
0.77266667	5.83778509e-05	
0.77425000	4.33334828e-05	
0.77583333	3.50255199e-05	
0.77741667	3.13360887e-05	
0.77900000	3.07282831e-05	
0.78058333	3.02097375e-05	
0.78216667	2.95636584e-05	
0.78375000	2.86287373e-05	
0.78533333	2.69531331e-05	
0.78691667	2.52560043e-05	
0.78850000	2.31855224e-05	
0.79008333	2.13179864e-05	
0.79166667	1.91389027e-05	
0.79325000	1.72030813e-05	
0.79483333	1.61614865e-05	
0.79641667	1.55614263e-05	
0.79800000	1.51378376e-05	
0.79958333	1.46820175e-05	
0.80116667	1.66918366e-05	
0.80275000	2.07805971e-05	
0.80433333	2.26842542e-05	
0.80591667	2.27774693e-05	
0.80750000	2.23176770e-05	
0.80908333	2.19275465e-05	
0.81066667	2.03975363e-05	
0.81225000	1.78692746e-05	
0.81383333	1.53282032e-05	
0.81541667	1.29043284e-05	
0.81700000	1.06165818e-05	
0.81858333	8.79977520e-06	
0.82016667	6.99136132e-06	
0.82175000	5.71618411e-06	
0.82333333	4.76882768e-06	
0.82491667	3.87153212e-06	
0.82650000	3.26022280e-06	
0.82808333	2.59009763e-06	
0.82966667	2.25378170e-06	
0.83125000	2.02490929e-06	
0.83283333	1.71582414e-06	
0.83441667	1.39834332e-06	
0.83600000	1.14303044e-06	
0.83758333	1.08897267e-06	
0.83916667	9.99656055e-07	
0.84075000	7.68386118e-07	
0.84233333	8.59650109e-07	
0.84391667	1.07151568e-06	
0.84550000	1.27327168e-06	
0.84708333	1.01058629e-06	
0.84866667	9.02472431e-07	
0.85025000	9.33497991e-07	
0.85183333	8.72484821e-07	
0.85341667	6.82093414e-07	
0.85500000	4.99654868e-07	
0.85658333	5.53322916e-07	
0.85816667	5.66978345e-07	
0.85975000	4.42571142e-07	
0.86133333	6.04614217e-07	
0.86291667	7.11217745e-07	
0.86450000	8.68767262e-07	
0.86608333	7.37189526e-07	
0.86766667	7.07156555e-07	
0.86925000	6.00640223e-07	
0.87083333	5.68879350e-07	
0.87241667	3.73520380e-07	
0.87400000	3.13887868e-07	
0.87558333	3.82291074e-07	
0.87716667	5.16592716e-07	
0.87875000	2.19565972e-07	
0.88033333	3.23221695e-07	
0.88191667	5.20870636e-07	
0.88350000	6.08201738e-07	
0.88508333	7.74825007e-07	
0.88666667	7.69553994e-07	
0.88825000	7.25563965e-07	
0.88983333	6.79847433e-07	
0.89141667	5.93596507e-07	
0.89300000	5.63823051e-07	
0.89458333	2.36063668e-07	
0.89616667	3.63754466e-07	
0.89775000	4.72992296e-07	
0.89933333	4.33281502e-07	
0.90091667	5.10673586e-07	
0.90250000	5.59415877e-07	
0.90408333	7.34509246e-07	
0.90566667	6.37152854e-07	
0.90725000	6.20214501e-07	
0.90883333	6.46920252e-07	
0.91041667	6.27301563e-07	
0.91200000	6.20301081e-07	
0.91358333	4.00181888e-07	
0.91516667	3.71877266e-07	
0.91675000	4.30301132e-07	
0.91833333	3.38604941e-07	
0.91991667	2.57540968e-07	
0.92150000	3.09825642e-07	
0.92308333	6.09584497e-07	
0.92466667	7.90251347e-07	
0.92625000	6.34647525e-07	
0.92783333	6.53055775e-07	
0.92941667	5.73330262e-07	
0.93100000	6.69909059e-07	
0.93258333	5.48915462e-07	
0.93416667	3.70452646e-07	
0.93575000	4.04070451e-07	
0.93733333	3.58439043e-07	
0.93891667	3.64445593e-07	
0.94050000	2.45311419e-07	
0.94208333	3.09696556e-07	
0.94366667	5.77046757e-07	
0.94525000	6.28036540e-07	
0.94683333	5.77219580e-07	
0.94841667	6.70038033e-07	
0.95000000	6.68480547e-07	
0.95158333	6.42425154e-07	
0.95316667	4.78221586e-07	
0.95475000	3.88860028e-07	
0.95633333	4.11546170e-07	
0.95791667	4.30888430e-07	
0.95950000	3.50617928e-07	
0.96108333	2.98548416e-07	
0.96266667	4.30040860e-07	
0.96425000	5.61360565e-07	
0.96583333	5.95627382e-07	
0.96741667	6.83778642e-07	
0.96900000	6.96095554e-07	
0.97058333	9.06275337e-07	
0.97216667	7.38053365e-07	
0.97375000	3.90890316e-07	
0.97533333	3.93224724e-07	
0.97691667	3.19678472e-07	
0.97850000	3.15227925e-07	
0.98008333	1.83908444e-07	
0.98166667	1.82870984e-07	
0.98325000	4.74720757e-07	
0.98483333	5.18667329e-07	
0.98641667	6.30498187e-07	
0.98800000	6.86241744e-07	
0.98958333	6.36332977e-07	
0.99116667	6.97692802e-07	
0.99275000	4.39763317e-07	
0.99433333	3.72077027e-07	
0.99591667	3.77712168e-07	
0.99750000	5.27051017e-07	
0.99908333	4.48060369e-07	
1.00066667	1.87149030e-07	
1.00225000	3.19461938e-07	
1.00383333	5.64385764e-07	
1.00541667	6.37584745e-07	
1.00700000	6.02497995e-07	
1.00858333	5.63305196e-07	
1.01016667	7.09315900e-07	
1.01175000	6.72586931e-07	
1.01333333	3.74686772e-07	
1.01491667	3.19030439e-07	
1.01650000	2.42830844e-07	
1.01808333	4.47627021e-07	
1.01966667	3.31768995e-07	
1.02125000	1.28554146e-07	
1.02283333	3.48759009e-07	
1.02441667	4.77313001e-07	
1.02600000	7.37533830e-07	
1.02758333	6.61006564e-07	
1.02916667	7.01884982e-07	
1.03075000	6.60271251e-07	
1.03233333	4.61973773e-07	
1.03391667	3.12807776e-07	
1.03550000	2.09964551e-07	
1.03708333	3.03301293e-07	
1.03866667	3.98322745e-07	
1.04025000	2.19082278e-07	
1.04183333	3.93397408e-07	
1.04341667	5.29946963e-07	
1.04500000	7.37706989e-07	
1.04658333	6.61482753e-07	
1.04816667	5.53106634e-07	
1.04975000	6.46401445e-07	
1.05133333	6.81185613e-07	
1.05291667	3.37913198e-07	
1.05450000	2.42545455e-07	
1.05608333	1.32961726e-07	
1.05766667	4.05410479e-07	
1.05925000	3.84539687e-07	
1.06083333	2.67738578e-07	
1.06241667	4.16169738e-07	
1.06400000	5.15556333e-07	
1.06558333	7.85585274e-07	
1.06716667	6.04140436e-07	
1.06875000	5.92602183e-07	
1.07033333	7.87270949e-07	
1.07191667	6.02758630e-07	
1.07350000	4.05409527e-07	
1.07508333	2.78238153e-07	
1.07666667	2.73614809e-07	
1.07825000	3.52778953e-07	
1.07983333	1.11701611e-07	
1.08141667	1.81185336e-07	
1.08300000	2.39684399e-07	
1.08458333	5.14477445e-07	
1.08616667	4.98963125e-07	
1.08775000	5.01252900e-07	
1.08933333	5.96665445e-07	
1.09091667	6.47007728e-07	
1.09250000	5.15728541e-07	
1.09408333	3.68335219e-07	
1.09566667	3.50099429e-07	
1.09725000	4.16645479e-07	
1.09883333	2.69250617e-07	
1.10041667	2.96905918e-07	
1.10200000	3.78705065e-07	
1.10358333	5.40446034e-07	
1.10516667	6.56771486e-07	
1.10675000	5.22815827e-07	
1.10833333	4.61412740e-07	
1.10991667	6.39156959e-07	
1.11150000	5.81583632e-07	
1.11308333	5.06654678e-07	
1.11466667	2.77418108e-07	
1.11625000	2.57410622e-07	
1.11783333	2.50108091e-07	
1.11941667	3.74298031e-07	
1.12100000	5.18062950e-07	
1.12258333	5.27439563e-07	
1.12416667	6.11745297e-07	
1.12575000	5.45934000e-07	
1.12733333	4.75932203e-07	
1.12891667	6.03750995e-07	
1.13050000	5.35562279e-07	
1.13208333	5.90009602e-07	
1.13366667	3.00881481e-07	
1.13525000	2.72058919e-07	
1.13683333	2.85065167e-07	
1.13841667	2.01390413e-07	
1.14000000	4.03033872e-07	
1.14158333	3.53210117e-07	
1.14316667	5.14735785e-07	
1.14475000	6.78420937e-07	
1.14633333	5.68360543e-07	
1.14791667	5.97009132e-07	
1.14950000	6.48430472e-07	
1.15108333	8.10000353e-07	
1.15266667	6.98816492e-07	
1.15425000	3.64877876e-07	
1.15583333	3.76717172e-07	
1.15741667	3.28968337e-07	
1.15900000	3.67600663e-07	
1.16058333	3.18339676e-07	
1.16216667	1.66882490e-07	
1.16375000	4.95937589e-07	
1.16533333	5.06741370e-07	
1.16691667	4.97276217e-07	
1.16850000	6.41129088e-07	
1.17008333	5.44810198e-07	
1.17166667	6.20474073e-07	
1.17325000	3.42624186e-07	
1.17483333	2.60176586e-07	
1.17641667	2.91072053e-07	
1.17800000	2.93794783e-07	
1.17958333	3.71488329e-07	
1.18116667	2.07467021e-07	
1.18275000	3.97675048e-07	
1.18433333	5.89274513e-07	
1.18591667	4.90795774e-07	
1.18750000	6.59493936e-07	
1.18908333	5.84088456e-07	
1.19066667	7.58794680e-07	
1.19225000	6.30758655e-07	
1.19383333	3.24085786e-07	
1.19541667	3.80476676e-07	
1.19700000	3.49667790e-07	
1.19858333	4.19800017e-07	
1.20016667	2.76077604e-07	
1.20175000	2.98807932e-07	
1.20333333	4.70486855e-07	
1.20491667	6.23413365e-07	
1.20650000	6.82657919e-07	
1.20808333	5.51681370e-07	
1.20966667	6.50937256e-07	
1.21125000	6.56859466e-07	
1.21283333	4.17422934e-07	
1.21441667	3.10042232e-07	
1.21600000	2.55293643e-07	
1.21758333	3.36142091e-07	
1.21916667	3.08399790e-07	
1.22075000	1.33652867e-07	
1.22233333	3.68723149e-07	
1.22391667	4.71481124e-07	
1.22550000	6.08806678e-07	
1.22708333	6.63469442e-07	
1.22866667	5.30032143e-07	
1.23025000	6.53055215e-07	
1.23183333	4.69147275e-07	
1.23341667	2.57843074e-07	
1.23500000	1.31371325e-07	
1.23658333	1.69734138e-07	
1.23816667	3.18210002e-07	
1.23975000	2.77547110e-07	
1.24133333	2.50220124e-07	
1.24291667	4.52856732e-07	
1.24450000	5.78602226e-07	
1.24608333	5.78342039e-07	
1.24766667	4.77054662e-07	
1.24925000	5.38371869e-07	
1.25083333	6.72154312e-07	
1.25241667	4.72387748e-07	
1.25400000	3.09307563e-07	
1.25558333	2.11995090e-07	
1.25716667	3.82767963e-07	
1.25875000	4.37689375e-07	
1.26033333	3.42105183e-07	
1.26191667	3.96638133e-07	
1.26350000	4.60936999e-07	
1.26508333	6.04529598e-07	
1.26666667	6.66493858e-07	
1.26825000	5.12791097e-07	
1.26983333	7.53867355e-07	
1.27141667	6.68395311e-07	
1.27300000	5.86509053e-07	
1.27458333	4.16515469e-07	
1.27616667	2.82084573e-07	
1.27775000	4.17985535e-07	
1.27933333	2.75369704e-07	
1.28091667	2.13637378e-07	
1.28250000	3.34413769e-07	
1.28408333	5.73112804e-07	
1.28566667	6.34560665e-07	
1.28725000	5.27439563e-07	
1.28883333	6.56555372e-07	
1.29041667	6.97737548e-07	
1.29200000	5.69225054e-07	
1.29358333	4.33022238e-07	
@ 
0.00000000	1.96439748e-07	
0.00158333	1.78661849e-07	
0.00316667	2.42545707e-07	
0.00475000	8.59906055e-08	
0.00633333	3.18468566e-07	
0.00791667	5.06827670e-07	
0.00950000	6.42210664e-07	
0.01108333	5.78817948e-07	
0.01266667	4.83226475e-07	
0.01425000	4.60289106e-07	
0.01583333	4.88549346e-07	
0.01741667	4.43522597e-07	
0.01900000	1.82741338e-07	
0.02058333	1.52363727e-07	
0.02216667	3.25857985e-07	
0.02375000	1.79716656e-07	
0.02533333	1.45570650e-07	
0.02691667	1.90605519e-07	
0.02850000	3.81556853e-07	
0.03008333	6.13948940e-07	
0.03166667	3.87563654e-07	
0.03325000	4.69968720e-07	
0.03483333	4.20318320e-07	
0.03641667	2.80010380e-07	
0.03800000	1.16713626e-07	
0.03958333	-1.37395641e-07	
0.04116667	2.73957065e-08	
0.04275000	-2.81310195e-08	
0.04433333	5.76441880e-08	
0.04591667	9.57565687e-08	
0.04750000	1.28597604e-07	
0.04908333	4.72733844e-07	
0.05066667	4.72128793e-07	
0.05225000	4.60936719e-07	
0.05383333	4.73857086e-07	
0.05541667	5.02981305e-07	
0.05700000	6.12221207e-07	
0.05858333	2.86405727e-07	
0.06016667	1.32183011e-07	
0.06175000	2.48223774e-07	
0.06333333	1.96739502e-07	
0.06491667	1.15115888e-07	
0.06650000	3.75939059e-08	
0.06808333	2.63373518e-07	
0.06966667	4.53591905e-07	
0.07125000	3.79181590e-07	
0.07283333	4.04934850e-07	
0.07441667	3.82119286e-07	
0.07600000	4.88116838e-07	
0.07758333	3.48285116e-07	
0.07916667	1.95661495e-07	
0.08075000	2.56546727e-07	
0.08233333	1.99161681e-07	
0.08391667	2.86664683e-07	
0.08550000	1.75914085e-07	
0.08708333	1.40351062e-07	
0.08866667	4.13707195e-07	
0.09025000	3.97934284e-07	
0.09183333	3.60858632e-07	
0.09341667	3.33679464e-07	
0.09500000	3.58136574e-07	
0.09658333	4.07138605e-07	
0.09816667	1.21683814e-07	
0.09975000	3.25379640e-08	
0.10133333	8.47364712e-08	
0.10291667	-2.06119856e-08	
0.10450000	1.32616345e-07	
0.10608333	4.88718319e-08	
0.10766667	1.44507918e-07	
0.10925000	3.56710890e-07	
0.11083333	4.16385460e-07	
0.11241667	4.89197071e-07	
0.11400000	4.06101214e-07	
0.11558333	5.42173824e-07	
0.11716667	3.10776705e-07	
0.11875000	1.48569486e-07	
0.12033333	1.07725643e-07	
0.12191667	1.15107127e-08	
0.12350000	1.01158200e-07	
0.12508333	-6.30024280e-08	
0.12666667	-5.14226055e-09	
0.12825000	2.91158997e-07	
0.12983333	4.49961766e-07	
0.13141667	5.06870008e-07	
0.13300000	4.25633014e-07	
0.13458333	4.26368131e-07	
0.13616667	5.40878094e-07	
0.13775000	3.24129440e-07	
0.13933333	1.35986814e-07	
0.14091667	7.96819224e-08	
0.14250000	4.09559677e-08	
0.14408333	3.38255983e-08	
0.14566667	-7.41424548e-08	
0.14725000	1.51801573e-07	
0.14883333	2.55509253e-07	
0.15041667	5.05012628e-07	
0.15200000	5.10156459e-07	
0.15358333	3.92792609e-07	
0.15516667	4.29997346e-07	
0.15675000	2.49158176e-07	
0.15833333	9.59553216e-08	
0.15991667	-6.41520055e-08	
0.16150000	7.18210789e-09	
0.16308333	1.87235455e-07	
0.16466667	8.92488667e-08	
0.16625000	7.53602995e-08	
0.16783333	1.91729377e-07	
0.16941667	2.61946826e-07	
0.17100000	3.59735418e-07	
0.17258333	3.83242696e-07	
0.17416667	4.52337169e-07	
0.17575000	4.95159434e-07	
0.17733333	3.21320746e-07	
0.17891667	2.11822421e-07	
0.18050000	3.85015491e-08	
0.18208333	2.02229526e-07	
0.18366667	3.04165216e-07	
0.18525000	2.19989043e-07	
0.18683333	2.83035076e-07	
0.18841667	3.93699430e-07	
0.19000000	4.27922817e-07	
0.19158333	3.71316205e-07	
0.19316667	2.57842710e-07	
0.19475000	4.18632868e-07	
0.19633333	3.03473865e-07	
0.19791667	2.68386023e-07	
0.19950000	9.42792924e-08	
0.20108333	1.92204376e-07	
0.20266667	1.58283696e-07	
0.20425000	9.54955550e-09	
0.20583333	7.13417832e-08	
0.20741667	1.27430302e-07	
0.20900000	3.46254045e-07	
0.21058333	4.95289640e-07	
0.21216667	2.66096332e-07	
0.21375000	3.29876670e-07	
0.21533333	4.66036083e-07	
0.21691667	4.57134204e-07	
0.21850000	3.13197049e-07	
0.22008333	1.70080290e-07	
0.22166667	1.87364471e-07	
0.22325000	1.57505611e-07	
0.22483333	5.98819749e-08	
0.22641667	8.69066176e-08	
0.22800000	4.40321543e-08	
0.22958333	2.39434600e-07	
0.23116667	3.16091259e-07	
0.23275000	2.91738819e-07	
0.23433333	3.44482237e-07	
0.23591667	4.17293764e-07	
0.23750000	3.96724489e-07	
0.23908333	1.26176910e-07	
0.24066667	3.99700365e-08	
0.24225000	1.00422719e-07	
0.24383333	6.16192849e-08	
0.24541667	9.54800353e-08	
0.24700000	1.82696350e-08	
0.24858333	3.76761050e-07	
0.25016667	5.23160747e-07	
0.25175000	4.36738733e-07	
0.25333333	3.59259368e-07	
0.25491667	3.81643825e-07	
0.25650000	3.64531361e-07	
0.25808333	2.45181465e-07	
0.25966667	5.77734418e-08	
0.26125000	9.17810483e-08	
0.26283333	9.56266008e-08	
0.26441667	7.19909013e-08	
0.26600000	3.10261097e-08	
0.26758333	1.13126952e-07	
0.26916667	3.75464535e-07	
0.27075000	3.14190422e-07	
0.27233333	3.91711956e-07	
0.27391667	4.56874548e-07	
0.27550000	4.90709082e-07	
0.27708333	5.18710339e-07	
0.27866667	1.63685265e-07	
0.28025000	1.01891749e-07	
0.28183333	6.76259394e-08	
0.28341667	-8.91880199e-08	
0.28500000	2.04865228e-07	
0.28658333	6.55168568e-08	
0.28816667	1.47956133e-07	
0.28975000	2.78151685e-07	
0.29133333	3.38302164e-07	
0.29291667	4.09479986e-07	
0.29450000	2.69121560e-07	
0.29608333	3.98107499e-07	
0.29766667	3.15703302e-07	
0.29925000	1.95487429e-08	
0.30083333	5.35131417e-08	
0.30241667	1.35240880e-08	
0.30400000	7.06944291e-08	
0.30558333	-5.81201569e-08	
0.30716667	-5.14387806e-08	
0.30875000	2.92844336e-07	
0.31033333	3.28839475e-07	
0.31191667	5.11365497e-07	
0.31350000	3.22789552e-07	
0.31508333	3.48975851e-07	
0.31666667	3.27629345e-07	
0.31825000	1.21553748e-07	
0.31983333	5.45763004e-08	
0.32141667	4.54584823e-08	
0.32300000	8.67248054e-08	
0.32458333	1.12306473e-07	
0.32616667	1.23585488e-08	
0.32775000	1.91383576e-07	
0.32933333	3.05288991e-07	
0.33091667	2.66700767e-07	
0.33250000	2.98547968e-07	
0.33408333	3.17475025e-07	
0.33566667	4.83406355e-07	
0.33725000	3.02220697e-07	
0.33883333	2.04519455e-07	
0.34041667	2.88479808e-07	
0.34200000	1.57937363e-07	
0.34358333	1.42900884e-07	
0.34516667	-4.16821278e-08	
0.34675000	-1.82954417e-08	
0.34833333	2.32390436e-07	
0.34991667	1.98384296e-07	
0.35150000	2.97554119e-07	
0.35308333	3.35450096e-07	
0.35466667	3.75724471e-07	
0.35625000	4.46028962e-07	
0.35783333	3.32598252e-07	
0.35941667	1.82222950e-07	
0.36100000	-1.22030946e-08	
0.36258333	1.12781098e-08	
0.36416667	9.07865487e-08	
0.36575000	-8.13241121e-08	
0.36733333	2.46131482e-08	
0.36891667	1.80364423e-07	
0.37050000	2.67997561e-07	
0.37208333	2.41811374e-07	
0.37366667	1.21942476e-07	
0.37525000	3.56364738e-07	
0.37683333	2.68299527e-07	
0.37841667	1.62734804e-07	
0.38000000	8.22835751e-08	
0.38158333	-5.44030286e-08	
0.38316667	3.50444160e-08	
0.38475000	5.42309889e-08	
0.38633333	4.32541568e-08	
0.38791667	1.15935940e-07	
0.38950000	3.30999772e-07	
0.39108333	5.45977570e-07	
0.39266667	4.19539521e-07	
0.39425000	4.50479369e-07	
0.39583333	5.82793510e-07	
0.39741667	4.06619657e-07	
0.39900000	2.99325647e-07	
0.40058333	4.50697128e-08	
0.40216667	1.34949325e-07	
0.40375000	1.28294029e-07	
0.40533333	-1.04606779e-07	
0.40691667	2.05684087e-08	
0.40850000	1.92982041e-07	
0.41008333	3.93267678e-07	
0.41166667	3.56149521e-07	
0.41325000	3.70970362e-07	
0.41483333	4.95032308e-07	
0.41641667	4.77375388e-07	
0.41800000	2.91979573e-07	
0.41958333	1.31146545e-07	
0.42116667	3.66261089e-08	
0.42275000	2.79923856e-07	
0.42433333	3.11243486e-07	
0.42591667	2.99023149e-07	
0.42750000	3.43099255e-07	
0.42908333	6.11874215e-07	
0.43066667	8.08184304e-07	
0.43225000	6.76130658e-07	
0.43383333	8.90589537e-07	
0.43541667	8.16697470e-07	
0.43700000	7.93837972e-07	
0.43858333	7.71152642e-07	
0.44016667	6.16628213e-07	
0.44175000	9.33111629e-07	
0.44333333	1.35388595e-06	
0.44491667	1.61153167e-06	
0.44650000	2.02354328e-06	
0.44808333	2.48323610e-06	
0.44966667	3.28689097e-06	
0.45125000	3.67837788e-06	
0.45283333	4.16403548e-06	
0.45441667	4.83493528e-06	
0.45600000	5.41768310e-06	
0.45758333	6.21995045e-06	
0.45916667	6.92663004e-06	
0.46075000	8.33409236e-06	
0.46233333	1.08308403e-05	
0.46391667	1.41549962e-05	
0.46550000	1.85743490e-05	
0.46708333	2.40239580e-05	
0.46866667	3.07362005e-05	
0.47025000	4.03859012e-05	
0.47183333	5.65491655e-05	
0.47341667	8.42120091e-05	
0.47500000	1.20719454e-04	
0.47658333	1.49442388e-04	
0.47816667	1.92352105e-04	
0.47975000	2.72189832e-04	
0.48133333	3.67299038e-04	
0.48291667	4.03990924e-04	
0.48450000	3.99585015e-04	
0.48608333	3.20936828e-04	
0.48766667	4.18670127e-04	
0.48925000	1.07971107e-03	
0.49083333	9.55849757e-04	
0.49241667	9.14438363e-04	
0.49400000	8.78671993e-04	
0.49558333	8.77749115e-04	
0.49716667	1.25353209e-03	
0.49875000	1.24618921e-03	
0.50033333	1.82099260e-03	
0.50191667	1.73263392e-03	
0.50350000	1.29380544e-03	
0.50508333	2.01281678e-03	
0.50666667	2.19406292e-03	
0.50825000	3.05320290e-03	
0.50983333	3.24551486e-03	
0.51141667	3.51487676e-03	
0.51300000	3.38076492e-03	
0.51458333	4.63902259e-03	
0.51616667	5.39012874e-03	
0.51775000	6.27352793e-03	
0.51933333	7.73597565e-03	
0.52091667	1.08443480e-02	
0.52250000	1.49387539e-02	
0.52408333	2.22267647e-02	
0.52566667	2.74871558e-02	
0.52725000	3.50607663e-02	
0.52883333	4.26731358e-02	
0.53041667	8.09971441e-02	
0.53200000	1.11067918e-01	
0.53358333	1.41291871e-01	
0.53516667	1.71114658e-01	
0.53675000	1.88665521e-01	
0.53833333	1.70098722e-01	
0.53991667	1.83662345e-01	
0.54150000	1.95331303e-01	
0.54308333	2.42759844e-01	
0.54466667	2.77039038e-01	
0.54625000	2.92301381e-01	
0.54783333	1.00487527e+00	
0.54941667	1.49121085e+00	
0.55100000	1.63587681e+00	
0.55258333	1.99778423e+00	
0.55416667	3.07737099e+00	
0.55575000	3.38507494e+00	
0.55733333	5.92368713e+00	
0.55891667	6.66823043e+00	
0.56050000	7.45800023e+00	
0.56208333	7.51339988e+00	
0.56366667	8.61007711e+00	
0.56525000	9.16889166e+00	
0.56683333	9.52540631e+00	
0.56841667	9.90265814e+00	
0.57000000	1.07950582e+01	
0.57158333	1.15006386e+01	
0.57316667	1.22744175e+01	
0.57475000	1.27477813e+01	
0.57633333	1.28921945e+01	
0.57791667	1.31708219e+01	
0.57950000	1.34959475e+01	
0.58108333	1.40487554e+01	
0.58266667	1.44032068e+01	
0.58425000	1.55758672e+01	
0.58583333	1.61856993e+01	
0.58741667	1.73317897e+01	
0.58900000	1.76143718e+01	
0.59058333	1.75491283e+01	
0.59216667	1.77249155e+01	
0.59375000	1.77485663e+01	
0.59533333	1.78649598e+01	
0.59691667	1.85625971e+01	
0.59850000	2.02504189e+01	
0.60008333	2.07203223e+01	
0.60166667	2.08396190e+01	
0.60325000	2.14615630e+01	
0.60483333	2.27911432e+01	
0.60641667	2.31225207e+01	
0.60800000	2.38573517e+01	
0.60958333	2.48372742e+01	
0.61116667	2.54542686e+01	
0.61275000	2.55422364e+01	
0.61433333	2.56526768e+01	
0.61591667	2.58828461e+01	
0.61750000	2.58091897e+01	
0.61908333	2.66257687e+01	
0.62066667	2.72092130e+01	
0.62225000	2.79015155e+01	
0.62383333	2.85423542e+01	
0.62541667	2.88191823e+01	
0.62700000	2.91646684e+01	
0.62858333	2.92494003e+01	
0.63016667	2.93853086e+01	
0.63175000	2.94410925e+01	
0.63333333	2.96562908e+01	
0.63491667	3.03824533e+01	
0.63650000	3.11723486e+01	
0.63808333	3.12132084e+01	
0.63966667	3.13932857e+01	
0.64125000	3.16359399e+01	
0.64283333	3.23835678e+01	
0.64441667	3.27580226e+01	
