start voltage : 0.00 V 
set voltage : 0.10 V 
High G : 30.00 G0 
Intermediate G : 20.00 G0 
Low G : 10.00 G0 
Breaking speed 1 : 300.00 V/s 
Breaking speed 2 : 300.00 V/s 
Making speed : 500.00 V/s 
Post breaking : 230.00 V/s 
@ 
0.00000000	4.17332969e+01	
0.00158333	4.21658506e+01	
0.00316667	4.23332175e+01	
0.00475000	4.23085407e+01	
0.00633333	4.21859837e+01	
0.00791667	4.22005657e+01	
0.00950000	4.20293204e+01	
0.01108333	4.22932934e+01	
0.01266667	4.23020389e+01	
0.01425000	4.21899524e+01	
0.01583333	4.22614834e+01	
0.01741667	4.22100478e+01	
0.01900000	4.24425529e+01	
0.02058333	4.22090557e+01	
0.02216667	4.23370772e+01	
0.02375000	4.23331310e+01	
0.02533333	4.23199433e+01	
0.02691667	4.22704695e+01	
0.02850000	4.22715218e+01	
0.03008333	4.21865399e+01	
0.03166667	4.22671509e+01	
0.03325000	4.21393586e+01	
0.03483333	4.22839541e+01	
0.03641667	4.21772570e+01	
0.03800000	4.21549066e+01	
0.03958333	4.22256634e+01	
0.04116667	4.20713265e+01	
0.04275000	4.22966721e+01	
0.04433333	4.19888514e+01	
0.04591667	4.23428273e+01	
0.04750000	4.20428313e+01	
0.04908333	4.20705147e+01	
0.05066667	4.22023434e+01	
0.05225000	4.21423314e+01	
0.05383333	4.24013247e+01	
0.05541667	4.22103748e+01	
0.05700000	4.20252351e+01	
0.05858333	4.22588639e+01	
0.06016667	4.19777570e+01	
0.06175000	4.21114986e+01	
0.06333333	4.20445451e+01	
0.06491667	4.20922525e+01	
0.06650000	4.20614047e+01	
0.06808333	4.18803465e+01	
0.06966667	4.20899412e+01	
0.07125000	4.20743256e+01	
0.07283333	4.21228636e+01	
0.07441667	4.21363107e+01	
0.07600000	4.20197744e+01	
0.07758333	4.21984310e+01	
0.07916667	4.20857695e+01	
0.08075000	4.21132763e+01	
0.08233333	4.21552373e+01	
0.08391667	4.19855216e+01	
0.08550000	4.21448607e+01	
0.08708333	4.20730365e+01	
0.08866667	4.20716121e+01	
0.09025000	4.21376749e+01	
0.09183333	4.19616829e+01	
0.09341667	4.21186769e+01	
0.09500000	4.20260319e+01	
0.09658333	4.21836798e+01	
0.09816667	4.21256823e+01	
0.09975000	4.19544445e+01	
0.10133333	4.20976983e+01	
0.10291667	4.19964882e+01	
0.10450000	4.21267233e+01	
0.10608333	4.20486003e+01	
0.10766667	4.20117016e+01	
0.10925000	4.21080335e+01	
0.11083333	4.19316619e+01	
0.11241667	4.18739011e+01	
0.11400000	4.18974729e+01	
0.11558333	4.16373559e+01	
0.11716667	4.15733977e+01	
0.11875000	4.16060871e+01	
0.12033333	4.17350107e+01	
0.12191667	4.16244199e+01	
0.12350000	4.15666404e+01	
0.12508333	4.16900543e+01	
0.12666667	4.15674522e+01	
0.12825000	4.17311847e+01	
0.12983333	4.17075791e+01	
0.13141667	4.16438765e+01	
0.13300000	4.17678804e+01	
0.13458333	4.15454813e+01	
0.13616667	4.17878519e+01	
0.13775000	4.16470034e+01	
0.13933333	4.15964284e+01	
0.14091667	4.16143591e+01	
0.14250000	4.15532346e+01	
0.14408333	4.16361645e+01	
0.14566667	4.15331956e+01	
0.14725000	4.12998712e+01	
0.14883333	4.13990180e+01	
0.15041667	4.11385214e+01	
0.15200000	4.09813883e+01	
0.15358333	4.10076548e+01	
0.15516667	4.08458164e+01	
0.15675000	4.10201097e+01	
0.15833333	4.08435502e+01	
0.15991667	4.10574556e+01	
0.16150000	4.09511869e+01	
0.16308333	4.08512058e+01	
0.16466667	4.09802721e+01	
0.16625000	4.08165658e+01	
0.16783333	4.11084628e+01	
0.16941667	4.08843950e+01	
0.17100000	4.08978120e+01	
0.17258333	4.08777316e+01	
0.17416667	4.07648446e+01	
0.17575000	4.05179867e+01	
0.17733333	4.06354588e+01	
0.17891667	4.06424943e+01	
0.18050000	4.05719065e+01	
0.18208333	4.04166338e+01	
0.18366667	4.04535813e+01	
0.18525000	4.02661604e+01	
0.18683333	4.03583770e+01	
0.18841667	4.02326743e+01	
0.19000000	4.00787019e+01	
0.19158333	4.02084034e+01	
0.19316667	4.00657622e+01	
0.19475000	4.00376166e+01	
0.19633333	4.01131652e+01	
0.19791667	4.00876804e+01	
0.19950000	4.01528375e+01	
0.20108333	4.00339072e+01	
0.20266667	4.01585500e+01	
0.20425000	4.00626804e+01	
0.20583333	4.00405255e+01	
0.20741667	4.00726398e+01	
0.20900000	3.99159653e+01	
0.21058333	3.99480797e+01	
0.21216667	4.00802015e+01	
0.21375000	4.00295438e+01	
0.21533333	4.01169347e+01	
0.21691667	3.98700205e+01	
0.21850000	3.98667132e+01	
0.22008333	3.98789389e+01	
0.22166667	3.98570094e+01	
0.22325000	4.00105195e+01	
0.22483333	3.99249062e+01	
0.22641667	3.98862374e+01	
0.22800000	3.99506616e+01	
0.22958333	3.98325205e+01	
0.23116667	3.98629362e+01	
0.23275000	3.97236887e+01	
0.23433333	3.96773342e+01	
0.23591667	3.95887106e+01	
0.23750000	3.95064798e+01	
0.23908333	3.94928147e+01	
0.24066667	3.95033829e+01	
0.24225000	3.95451749e+01	
0.24383333	3.94106816e+01	
0.24541667	3.93923412e+01	
0.24700000	3.95814571e+01	
0.24858333	3.93485537e+01	
0.25016667	3.93877825e+01	
0.25175000	3.92792175e+01	
0.25333333	3.93228960e+01	
0.25491667	3.94089979e+01	
0.25650000	3.92440176e+01	
0.25808333	3.91721858e+01	
0.25966667	3.91561606e+01	
0.26125000	3.92365536e+01	
0.26283333	3.92348361e+01	
0.26441667	3.89788193e+01	
0.26600000	3.90258728e+01	
0.26758333	3.90281579e+01	
0.26916667	3.90350731e+01	
0.27075000	3.90673152e+01	
0.27233333	3.90471258e+01	
0.27391667	3.91312959e+01	
0.27550000	3.88142975e+01	
0.27708333	3.86269217e+01	
0.27866667	3.87821493e+01	
0.28025000	3.83972917e+01	
0.28183333	3.84174473e+01	
0.28341667	3.82564357e+01	
0.28500000	3.83390950e+01	
0.28658333	3.84074654e+01	
0.28816667	3.82827849e+01	
0.28975000	3.82195446e+01	
0.29133333	3.79423951e+01	
0.29291667	3.77683348e+01	
0.29450000	3.79498214e+01	
0.29608333	3.78298388e+01	
0.29766667	3.79552521e+01	
0.29925000	3.78302898e+01	
0.30083333	3.79515126e+01	
0.30241667	3.80014412e+01	
0.30400000	3.77617503e+01	
0.30558333	3.78674853e+01	
0.30716667	3.78854649e+01	
0.30875000	3.79721493e+01	
0.31033333	3.78023922e+01	
0.31191667	3.77839880e+01	
0.31350000	3.77153658e+01	
0.31508333	3.71182113e+01	
0.31666667	3.68867661e+01	
0.31825000	3.68921028e+01	
0.31983333	3.67169376e+01	
0.32141667	3.68265437e+01	
0.32300000	3.66176818e+01	
0.32458333	3.68205943e+01	
0.32616667	3.68000103e+01	
0.32775000	3.64654683e+01	
0.32933333	3.66611387e+01	
0.33091667	3.64161787e+01	
0.33250000	3.64161862e+01	
0.33408333	3.62861878e+01	
0.33566667	3.64216733e+01	
0.33725000	3.65063282e+01	
0.33883333	3.63275814e+01	
0.34041667	3.63287126e+01	
0.34200000	3.62608346e+01	
0.34358333	3.61683211e+01	
0.34516667	3.62387698e+01	
0.34675000	3.58150404e+01	
0.34833333	3.59377628e+01	
0.34991667	3.59078245e+01	
0.35150000	3.60214218e+01	
0.35308333	3.59973088e+01	
0.35466667	3.58494662e+01	
0.35625000	3.56462605e+01	
0.35783333	3.59694563e+01	
0.35941667	3.59485829e+01	
0.36100000	3.58469143e+01	
0.36258333	3.56230532e+01	
0.36416667	3.56990792e+01	
0.36575000	3.53027889e+01	
0.36733333	3.52236211e+01	
0.36891667	3.49672661e+01	
0.37050000	3.48363206e+01	
0.37208333	3.49260191e+01	
0.37366667	3.49609447e+01	
0.37525000	3.51088587e+01	
0.37683333	3.50060814e+01	
0.37841667	3.50298675e+01	
0.38000000	3.50355462e+01	
0.38158333	3.48296271e+01	
0.38316667	3.48062019e+01	
0.38475000	3.47192093e+01	
0.38633333	3.44238435e+01	
0.38791667	3.44535451e+01	
0.38950000	3.44569425e+01	
0.39108333	3.41558829e+01	
0.39266667	3.40708860e+01	
0.39425000	3.40718068e+01	
0.39583333	3.40759897e+01	
0.39741667	3.37473182e+01	
0.39900000	3.38119979e+01	
0.40058333	3.37305902e+01	
0.40216667	3.36348596e+01	
0.40375000	3.38452022e+01	
0.40533333	3.38074204e+01	
0.40691667	3.35776927e+01	
0.40850000	3.33945299e+01	
0.41008333	3.34326725e+01	
0.41166667	3.33004906e+01	
0.41325000	3.31047263e+01	
0.41483333	3.31081876e+01	
0.41641667	3.28652684e+01	
0.41800000	3.23898592e+01	
0.41958333	3.28907532e+01	
0.42116667	3.26426814e+01	
0.42275000	3.25885136e+01	
0.42433333	3.24847065e+01	
0.42591667	3.23122097e+01	
0.42750000	3.23016978e+01	
0.42908333	3.22126344e+01	
0.43066667	3.24292533e+01	
0.43225000	3.22062454e+01	
0.43383333	3.21756193e+01	
0.43541667	3.23119015e+01	
0.43700000	3.21438056e+01	
0.43858333	3.23807830e+01	
0.44016667	3.19047686e+01	
0.44175000	3.15412279e+01	
0.44333333	3.16603198e+01	
0.44491667	3.16529649e+01	
0.44650000	3.17919455e+01	
0.44808333	3.14618740e+01	
0.44966667	3.11729424e+01	
0.45125000	3.12568738e+01	
0.45283333	3.10439493e+01	
0.45441667	3.09921416e+01	
0.45600000	3.09292677e+01	
0.45758333	3.08938555e+01	
0.45916667	3.07058069e+01	
0.46075000	3.07235422e+01	
0.46233333	3.08917922e+01	
0.46391667	3.08216498e+01	
0.46550000	3.07861079e+01	
0.46708333	3.07922733e+01	
0.46866667	3.06629646e+01	
0.47025000	3.06963605e+01	
0.47183333	3.05032346e+01	
0.47341667	3.04869256e+01	
0.47500000	3.04192167e+01	
0.47658333	3.02408269e+01	
0.47816667	2.98796031e+01	
0.47975000	2.97241162e+01	
0.48133333	2.97572171e+01	
0.48291667	2.97888974e+01	
0.48450000	2.98398782e+01	
0.48608333	2.99857478e+01	
0.48766667	2.96494639e+01	
0.48925000	2.96165527e+01	
0.49083333	2.95129731e+01	
0.49241667	2.89162151e+01	
0.49400000	2.85330393e+01	
0.49558333	2.84900354e+01	
0.49716667	2.84125907e+01	
0.49875000	2.82643309e+01	
0.50033333	2.82826580e+01	
0.50191667	2.83863542e+01	
0.50350000	2.81630588e+01	
0.50508333	2.82489333e+01	
0.50666667	2.80366289e+01	
0.50825000	2.78464531e+01	
0.50983333	2.80050143e+01	
0.51141667	2.78636115e+01	
0.51300000	2.78813731e+01	
0.51458333	2.78270323e+01	
0.51616667	2.74023859e+01	
0.51775000	2.75610167e+01	
0.51933333	2.73369132e+01	
0.52091667	2.72521681e+01	
0.52250000	2.72639615e+01	
0.52408333	2.72319524e+01	
0.52566667	2.70547107e+01	
0.52725000	2.67680321e+01	
0.52883333	2.66314775e+01	
0.53041667	2.63424124e+01	
0.53200000	2.62441507e+01	
0.53358333	2.63065416e+01	
0.53516667	2.61164749e+01	
0.53675000	2.62238372e+01	
0.53833333	2.64528546e+01	
0.53991667	2.62029281e+01	
0.54150000	2.61605687e+01	
0.54308333	2.60105858e+01	
0.54466667	2.57446190e+01	
0.54625000	2.55639348e+01	
0.54783333	2.55906448e+01	
0.54941667	2.51241877e+01	
0.55100000	2.48783558e+01	
0.55258333	2.50669042e+01	
0.55416667	2.50431388e+01	
0.55575000	2.50443227e+01	
0.55733333	2.49353424e+01	
0.55891667	2.47301599e+01	
0.56050000	2.50375973e+01	
0.56208333	2.49487500e+01	
0.56366667	2.49114699e+01	
0.56525000	2.47873006e+01	
0.56683333	2.46328490e+01	
0.56841667	2.48028109e+01	
0.57000000	2.44261407e+01	
0.57158333	2.40474504e+01	
0.57316667	2.38173224e+01	
0.57475000	2.36755983e+01	
0.57633333	2.39419559e+01	
0.57791667	2.36269400e+01	
0.57950000	2.33335191e+01	
0.58108333	2.32186421e+01	
0.58266667	2.30461528e+01	
0.58425000	2.28165002e+01	
0.58583333	2.26424888e+01	
0.58741667	2.24134808e+01	
0.58900000	2.23297636e+01	
0.59058333	2.22250113e+01	
0.59216667	2.24277378e+01	
0.59375000	2.23974913e+01	
0.59533333	2.24600758e+01	
0.59691667	2.24399841e+01	
0.59850000	2.23831197e+01	
0.60008333	2.23175849e+01	
0.60166667	2.12499576e+01	
0.60325000	2.12325963e+01	
0.60483333	2.11113077e+01	
0.60641667	2.13173941e+01	
0.60800000	2.08453767e+01	
0.60958333	2.06879354e+01	
0.61116667	2.07541354e+01	
0.61275000	2.07170751e+01	
0.61433333	2.06531414e+01	
0.61591667	2.04660681e+01	
0.61750000	2.01616355e+01	
0.61908333	2.00587060e+01	
0.62066667	1.98134661e+01	
0.62225000	1.95242976e+01	
0.62383333	1.94414298e+01	
0.62541667	1.91840788e+01	
0.62700000	1.92638893e+01	
0.62858333	1.91344528e+01	
0.63016667	1.91500834e+01	
0.63175000	1.90492586e+01	
0.63333333	1.90242135e+01	
0.63491667	1.83443471e+01	
0.63650000	1.79588356e+01	
0.63808333	1.76789031e+01	
0.63966667	1.78815412e+01	
0.64125000	1.76335671e+01	
0.64283333	1.76053181e+01	
0.64441667	1.76587024e+01	
0.64600000	1.76117560e+01	
0.64758333	1.74403416e+01	
0.64916667	1.70649773e+01	
0.65075000	1.72124648e+01	
0.65233333	1.72325321e+01	
0.65391667	1.72040820e+01	
0.65550000	1.66760984e+01	
0.65708333	1.64802608e+01	
0.65866667	1.64542630e+01	
0.66025000	1.66524965e+01	
0.66183333	1.66572770e+01	
0.66341667	1.66744015e+01	
0.66500000	1.64456359e+01	
0.66658333	1.51769189e+01	
0.66816667	1.49127214e+01	
0.66975000	1.47775563e+01	
0.67133333	1.49863975e+01	
0.67291667	1.48639917e+01	
0.67450000	1.49105820e+01	
0.67608333	1.49389372e+01	
0.67766667	1.49690794e+01	
0.67925000	1.48112135e+01	
0.68083333	1.48405909e+01	
0.68241667	1.48664543e+01	
0.68400000	1.48129460e+01	
0.68558333	1.46973258e+01	
0.68716667	1.41009324e+01	
0.68875000	1.34036990e+01	
0.69033333	1.33576697e+01	
0.69191667	1.32306883e+01	
0.69350000	1.32808893e+01	
0.69508333	1.30513495e+01	
0.69666667	1.25508764e+01	
0.69825000	1.24376727e+01	
0.69983333	1.23788352e+01	
0.70141667	1.25398449e+01	
0.70300000	1.23132150e+01	
0.70458333	1.22308920e+01	
0.70616667	1.22582898e+01	
0.70775000	1.20968526e+01	
0.70933333	1.21085530e+01	
0.71091667	1.20399064e+01	
0.71250000	1.17909448e+01	
0.71408333	1.14652592e+01	
0.71566667	1.09762958e+01	
0.71725000	1.08509248e+01	
0.71883333	1.05241916e+01	
0.72041667	1.05695087e+01	
0.72200000	1.03838110e+01	
0.72358333	1.02277236e+01	
0.72516667	1.01097498e+01	
0.72675000	9.60598728e+00	
0.72833333	9.63486109e+00	
0.72991667	9.20376272e+00	
0.73150000	8.71398938e+00	
0.73308333	8.76104098e+00	
0.73466667	9.00636361e+00	
0.73625000	8.71352336e+00	
0.73783333	8.41862263e+00	
0.73941667	8.01641781e+00	
0.74100000	7.82637738e+00	
0.74258333	7.72083074e+00	
0.74416667	7.64976805e+00	
0.74575000	7.27188061e+00	
0.74733333	7.14852449e+00	
0.74891667	5.74592354e+00	
0.75050000	4.96331887e+00	
0.75208333	4.09848196e+00	
0.75366667	3.24795441e+00	
0.75525000	3.13365500e+00	
0.75683333	3.18301229e+00	
0.75841667	3.12273935e+00	
0.76000000	2.88250847e+00	
0.76158333	2.81925546e+00	
0.76316667	2.60785000e+00	
0.76475000	1.68905156e+00	
0.76633333	1.66888412e+00	
0.76791667	1.69853378e+00	
0.76950000	1.68635289e+00	
0.77108333	1.64882086e+00	
0.77266667	8.00569466e-01	
0.77425000	-9.34301209e-04	
0.77583333	-4.24564724e-04	
0.77741667	-3.61786090e-05	
0.77900000	7.43747196e-06	
0.78058333	3.58455042e-05	
0.78216667	5.84285166e-05	
0.78375000	6.86283717e-05	
0.78533333	6.37139137e-05	
0.78691667	5.20666849e-05	
0.78850000	4.08467813e-05	
0.79008333	3.09753859e-05	
0.79166667	2.35652445e-05	
0.79325000	1.75403042e-05	
0.79483333	1.29659813e-05	
0.79641667	9.45666407e-06	
0.79800000	6.42982592e-06	
0.79958333	4.33994610e-06	
0.80116667	2.68166913e-06	
0.80275000	1.68809943e-06	
0.80433333	1.12133664e-06	
0.80591667	5.52372217e-07	
0.80750000	2.48215262e-07	
0.80908333	2.06161967e-07	
0.81066667	1.56511441e-07	
0.81225000	1.67142426e-07	
0.81383333	2.04130741e-07	
0.81541667	3.92273046e-07	
0.81700000	3.59468090e-07	
0.81858333	3.49365012e-07	
0.82016667	-7.38490437e-08	
0.82175000	-1.63909709e-07	
0.82333333	7.88607435e-08	
0.82491667	8.61709616e-08	
0.82650000	7.47811005e-08	
0.82808333	4.29228544e-07	
0.82966667	3.38388520e-07	
0.83125000	5.19011408e-07	
0.83283333	4.53073854e-07	
0.83441667	5.58206055e-07	
0.83600000	6.70338879e-07	
0.83758333	4.88980509e-07	
0.83916667	3.95073815e-07	
0.84075000	-1.51943200e-08	
0.84233333	1.26004520e-07	
0.84391667	7.00629728e-08	
0.84550000	1.07679917e-08	
0.84708333	1.45449880e-07	
0.84866667	3.38830632e-07	
0.85025000	4.63831432e-07	
0.85183333	5.46494754e-07	
0.85341667	4.88420540e-07	
0.85500000	6.54264925e-07	
0.85658333	6.40221679e-07	
0.85816667	2.56069306e-07	
0.85975000	2.33298586e-07	
0.86133333	1.18182845e-07	
0.86291667	1.96352832e-07	
0.86450000	1.72715670e-07	
0.86608333	1.41283882e-07	
0.86766667	1.03188529e-07	
0.86925000	3.44497582e-07	
0.87083333	5.25192350e-07	
0.87241667	3.61377495e-07	
0.87400000	4.19497407e-07	
0.87558333	3.95169160e-07	
0.87716667	3.41570191e-07	
0.87875000	7.55776522e-08	
0.88033333	1.81151048e-07	
0.88191667	2.35933351e-07	
0.88350000	8.64752512e-08	
0.88508333	1.01616245e-07	
0.88666667	3.73428956e-09	
0.88825000	3.17733841e-07	
0.88983333	3.91676283e-07	
0.89141667	3.24777557e-07	
0.89300000	2.59883077e-07	
0.89458333	3.99187004e-07	
0.89616667	4.58861993e-07	
0.89775000	5.31552835e-07	
0.89933333	1.31364858e-08	
0.90091667	-1.92559894e-07	
0.90250000	6.00039904e-08	
0.90408333	-2.34901000e-08	
0.90566667	1.49123253e-07	
0.90725000	3.04370157e-08	
0.90883333	2.53348564e-07	
0.91041667	4.68715888e-07	
0.91200000	4.92827378e-07	
0.91358333	5.59418342e-07	
0.91516667	3.61810815e-07	
0.91675000	4.02515121e-07	
0.91833333	2.84642432e-07	
0.91991667	1.92549222e-08	
0.92150000	4.64949453e-08	
0.92308333	7.70894961e-08	
0.92466667	1.61282855e-07	
0.92625000	4.62622863e-08	
0.92783333	6.10145768e-08	
0.92941667	3.35969631e-07	
0.93100000	3.36919518e-07	
0.93258333	3.54248067e-07	
0.93416667	4.07788374e-07	
0.93575000	5.06222787e-07	
0.93733333	4.64826569e-07	
0.93891667	2.00804122e-07	
0.94050000	-5.78603122e-08	
0.94208333	-1.32057198e-08	
0.94366667	-2.58837594e-08	
0.94525000	1.89096580e-08	
0.94683333	-5.60276615e-08	
0.94841667	2.24743054e-07	
0.95000000	3.62586338e-07	
0.95158333	3.81989052e-07	
0.95316667	5.23594094e-07	
0.95475000	4.33411960e-07	
0.95633333	4.74634177e-07	
0.95791667	2.32693199e-07	
0.95950000	3.50011120e-08	
0.96108333	-2.58233870e-08	
0.96266667	4.41974632e-08	
0.96425000	1.42537484e-07	
0.96583333	5.00474962e-08	
0.96741667	-2.93783801e-09	
0.96900000	1.76259425e-07	
0.97058333	2.94227738e-07	
0.97216667	3.98668757e-07	
0.97375000	4.18676494e-07	
0.97533333	4.13230978e-07	
0.97691667	3.88774541e-07	
0.97850000	3.79394064e-08	
0.98008333	2.91029631e-07	
0.98166667	1.76259019e-07	
0.98325000	1.95963433e-07	
0.98483333	1.21424172e-07	
0.98641667	5.63567638e-09	
0.98800000	2.05038528e-07	
0.98958333	2.72439373e-07	
0.99116667	3.85445807e-07	
0.99275000	4.29306863e-07	
0.99433333	3.33298703e-07	
0.99591667	5.37378777e-07	
0.99750000	5.35096954e-07	
0.99908333	3.44231262e-07	
1.00066667	1.74358336e-07	
1.00225000	2.98202181e-07	
1.00383333	3.22314286e-07	
1.00541667	1.80761411e-07	
1.00700000	2.58750034e-07	
1.00858333	4.29997430e-07	
1.01016667	4.56745603e-07	
1.01175000	5.75016049e-07	
1.01333333	4.70702465e-07	
1.01491667	5.78687518e-07	
1.01650000	7.60136276e-07	
1.01808333	4.67661500e-07	
1.01966667	2.56114024e-07	
1.02125000	1.66079106e-07	
1.02283333	3.05418552e-07	
1.02441667	3.09730270e-07	
1.02600000	1.37887427e-07	
1.02758333	2.80312766e-07	
1.02916667	3.66727695e-07	
1.03075000	5.49434214e-07	
1.03233333	4.34577932e-07	
1.03391667	3.66822956e-07	
1.03550000	6.06819092e-07	
1.03708333	6.66885876e-07	
1.03866667	5.11788932e-07	
1.04025000	2.15323054e-07	
1.04183333	9.21959569e-08	
1.04341667	2.29323710e-07	
1.04500000	1.34923158e-07	
1.04658333	8.05549946e-08	
1.04816667	5.02723638e-08	
1.04975000	4.46805829e-07	
1.05133333	7.44749865e-07	
1.05291667	7.52833100e-07	
1.05450000	8.42518604e-07	
1.05608333	6.93457164e-07	
1.05766667	5.20698428e-07	
1.05925000	3.28165653e-07	
1.06083333	1.51974579e-07	
1.06241667	2.29323220e-07	
1.06400000	3.13802325e-07	
1.06558333	1.43910959e-07	
1.06716667	3.27924058e-07	
1.06875000	3.61464523e-07	
1.07033333	6.47610203e-07	
1.07191667	5.55312293e-07	
1.07350000	6.07769455e-07	
1.07508333	6.92638127e-07	
1.07666667	5.47272517e-07	
1.07825000	4.13403858e-07	
1.07983333	2.70677681e-08	
1.08141667	1.29418321e-07	
1.08300000	1.41905803e-07	
1.08458333	9.92476673e-08	
1.08616667	5.67624775e-08	
1.08775000	7.15500075e-08	
1.08933333	2.28718393e-07	
1.09091667	4.38898750e-07	
1.09250000	4.05108038e-07	
1.09408333	5.11450733e-07	
1.09566667	5.05962375e-07	
1.09725000	4.46115458e-07	
1.09883333	4.25029083e-07	
1.10041667	1.96292056e-07	
1.10200000	3.47982142e-07	
1.10358333	3.73692112e-07	
1.10516667	2.78644871e-07	
1.10675000	1.21580391e-07	
1.10833333	2.32434594e-07	
1.10991667	5.73935201e-07	
1.11150000	5.06093029e-07	
1.11308333	4.85178554e-07	
1.11466667	5.02860116e-07	
1.11625000	6.15634224e-07	
1.11783333	5.38029806e-07	
1.11941667	3.38778157e-07	
1.12100000	2.74521826e-07	
1.12258333	3.31302662e-07	
1.12416667	3.70710230e-07	
1.12575000	3.60471263e-07	
1.12733333	3.87736198e-07	
1.12891667	5.98392562e-07	
1.13050000	6.71160715e-07	
1.13208333	5.97270328e-07	
1.13366667	6.18788790e-07	
1.13525000	4.81676997e-07	
1.13683333	6.55388728e-07	
1.13841667	4.94296939e-07	
1.14000000	2.03362107e-07	
1.14158333	3.32382306e-07	
1.14316667	2.08106654e-07	
1.14475000	3.46122523e-07	
1.14633333	2.50064493e-07	
1.14791667	1.96456885e-07	
1.14950000	6.12609976e-07	
1.15108333	4.81850661e-07	
1.15266667	4.83181785e-07	
1.15425000	6.98900440e-07	
1.15583333	5.81367686e-07	
1.15741667	4.46788888e-07	
1.15900000	2.70936349e-07	
1.16058333	2.21329197e-07	
1.16216667	2.22193022e-07	
1.16375000	3.70668452e-07	
1.16533333	4.12713011e-07	
1.16691667	3.32599932e-07	
1.16850000	4.91745577e-07	
1.17008333	3.75291096e-07	
1.17166667	4.54670317e-07	
1.17325000	5.58507797e-07	
1.17483333	5.39142520e-07	
1.17641667	6.12782464e-07	
1.17800000	4.28572586e-07	
1.17958333	3.50012485e-07	
1.18116667	3.03387509e-07	
1.18275000	2.23230048e-07	
1.18433333	2.59320700e-07	
1.18591667	9.17284129e-08	
1.18750000	1.92307491e-07	
1.18908333	3.25078515e-07	
1.19066667	5.40531382e-07	
1.19225000	5.59113184e-07	
1.19383333	3.83501624e-07	
1.19541667	5.03110727e-07	
1.19700000	6.31104078e-07	
1.19858333	2.68473471e-07	
1.20016667	2.87572232e-07	
1.20175000	1.83345857e-07	
1.20333333	2.44922454e-07	
1.20491667	2.27162433e-07	
1.20650000	4.65822287e-08	
1.20808333	1.47853102e-07	
1.20966667	4.15521621e-07	
1.21125000	4.99352006e-07	
1.21283333	3.99230574e-07	
1.21441667	5.13221533e-07	
1.21600000	6.32701606e-07	
1.21758333	5.48440169e-07	
1.21916667	1.81263823e-07	
1.22075000	2.69726107e-07	
1.22233333	2.22582477e-07	
1.22391667	4.56485835e-07	
1.22550000	1.92248240e-07	
1.22708333	1.77383619e-07	
1.22866667	3.61714490e-07	
1.23025000	4.91375568e-07	
1.23183333	6.16368809e-07	
1.23341667	5.22427170e-07	
1.23500000	5.78600882e-07	
1.23658333	7.00414748e-07	
1.23816667	5.45270147e-07	
1.23975000	2.36237136e-07	
1.24133333	1.21899564e-07	
1.24291667	1.92679278e-07	
1.24450000	6.29845912e-08	
1.24608333	7.49283608e-09	
1.24766667	2.97563724e-07	
1.24925000	5.53581032e-07	
1.25083333	5.56994385e-07	
1.25241667	6.03362617e-07	
1.25400000	6.83647820e-07	
1.25558333	6.95357497e-07	
1.25716667	7.10905531e-07	
1.25875000	4.74548885e-07	
1.26033333	1.38033762e-07	
1.26191667	2.16532638e-07	
1.26350000	3.16522983e-07	
1.26508333	6.27413443e-08	
1.26666667	1.07734512e-07	
1.26825000	4.99411089e-07	
1.26983333	6.50245905e-07	
1.27141667	6.17232536e-07	
1.27300000	4.68196436e-07	
1.27458333	5.86812587e-07	
1.27616667	5.31932924e-07	
1.27775000	5.69655545e-07	
1.27933333	2.85462645e-07	
1.28091667	1.72069051e-07	
1.28250000	3.29357723e-07	
1.28408333	2.26557018e-07	
1.28566667	8.30519996e-08	
1.28725000	1.19332535e-07	
1.28883333	3.72180380e-07	
1.29041667	6.54785525e-07	
1.29200000	5.54618758e-07	
1.29358333	4.74721485e-07	
1.29516667	4.09082872e-07	
1.29675000	4.81333926e-07	
1.29833333	3.25166186e-07	
1.29991667	2.26479874e-07	
1.30150000	2.86449157e-07	
1.30308333	2.03292258e-07	
1.30466667	9.34065352e-08	
1.30625000	1.24898638e-07	
1.30783333	2.67792088e-07	
1.30941667	6.02634081e-07	
1.31100000	5.65163303e-07	
1.31258333	4.90189659e-07	
1.31416667	4.86647836e-07	
1.31575000	4.79518772e-07	
1.31733333	6.07767775e-07	
1.31891667	4.81593105e-07	
1.32050000	1.56858418e-07	
1.32208333	2.48163515e-07	
1.32366667	1.51965787e-07	
1.32525000	1.78083455e-07	
1.32683333	5.25022613e-08	
1.32841667	1.15088699e-07	
1.33000000	5.66371165e-07	
1.33158333	5.73416898e-07	
1.33316667	6.22851044e-07	
1.33475000	5.92385341e-07	
1.33633333	5.82663585e-07	
1.33791667	5.70692375e-07	
1.33950000	4.06109530e-07	
1.34108333	2.83380415e-07	
1.34266667	3.45042654e-07	
1.34425000	3.44870839e-07	
1.34583333	1.97088117e-07	
1.34741667	1.37102678e-07	
1.34900000	5.89967376e-07	
1.35058333	4.59555025e-07	
1.35216667	5.35606185e-07	
1.35375000	5.17155709e-07	
1.35533333	4.69881748e-07	
1.35691667	5.60886839e-07	
1.35850000	2.37878794e-07	
1.36008333	2.27335887e-07	
1.36166667	2.21761411e-07	
1.36325000	1.54549729e-07	
1.36483333	2.81124914e-07	
1.36641667	6.42115642e-08	
1.36800000	2.73702173e-07	
1.36958333	3.33766184e-07	
1.37116667	5.12099354e-07	
1.37275000	6.01028937e-07	
1.37433333	5.59416885e-07	
1.37591667	6.19955434e-07	
1.37750000	5.88522735e-07	
1.37908333	1.27067294e-07	
1.38066667	1.77425845e-07	
1.38225000	2.69683209e-07	
1.38383333	2.04389487e-07	
1.38541667	1.93025541e-07	
1.38700000	1.60884985e-07	
1.38858333	3.75509925e-07	
1.39016667	5.86596025e-07	
1.39175000	4.51646742e-07	
1.39333333	5.30161509e-07	
1.39491667	5.01036786e-07	
1.39650000	6.22633418e-07	
1.39808333	3.55588068e-07	
1.39966667	4.55872425e-08	
1.40125000	2.54817314e-07	
1.40283333	1.83000195e-07	
1.40441667	2.62250359e-07	
1.40600000	2.08451167e-07	
1.40758333	1.61714410e-07	
1.40916667	2.91072221e-07	
1.41075000	4.68843545e-07	
1.41233333	5.32020456e-07	
1.41391667	4.24640482e-07	
1.41550000	6.95790117e-07	
1.41708333	5.77479432e-07	
1.41866667	2.26428576e-07	
1.42025000	2.06982977e-07	
1.42183333	1.10318818e-07	
1.42341667	1.74910968e-07	
1.42500000	1.57333180e-07	
1.42658333	1.07225015e-07	
1.42816667	3.91487498e-07	
1.42975000	5.73760809e-07	
1.43133333	7.15884714e-07	
1.43291667	6.72111526e-07	
1.43450000	6.66538156e-07	
1.43608333	5.78256691e-07	
1.43766667	4.19721781e-07	
1.43925000	3.27888021e-07	
1.44083333	-1.40955936e-08	
1.44241667	7.02613617e-08	
1.44400000	1.00639288e-07	
1.44558333	5.42475831e-08	
1.44716667	1.59320401e-07	
1.44875000	4.31639788e-07	
1.45033333	6.55735551e-07	
1.45191667	6.95663383e-07	
1.45350000	5.41656585e-07	
1.45508333	5.81022095e-07	
1.45666667	5.11840511e-07	
1.45825000	4.42312999e-07	
1.45983333	3.41957980e-07	
1.46141667	1.59000584e-07	
1.46300000	2.61299381e-07	
1.46458333	1.68566332e-07	
1.46616667	-2.35847653e-08	
1.46775000	1.71065514e-07	
1.46933333	2.69726499e-07	
1.47091667	5.40014367e-07	
1.47250000	5.09420194e-07	
1.47408333	4.46719725e-07	
1.47566667	4.24250032e-07	
1.47725000	4.40843717e-07	
1.47883333	3.88134628e-07	
1.48041667	-2.08330507e-09	
1.48200000	2.44965660e-07	
1.48358333	3.70365815e-07	
1.48516667	2.68688884e-07	
1.48675000	3.23524613e-07	
1.48833333	4.84625137e-07	
1.48991667	5.99860164e-07	
1.49150000	5.47965492e-07	
1.49308333	4.26109288e-07	
@ 
0.00000000	5.02031391e-07	
0.00158333	4.47758543e-07	
0.00316667	5.54695202e-07	
0.00475000	2.38691754e-07	
0.00633333	1.07337195e-07	
0.00791667	2.52052442e-07	
0.00950000	2.22236760e-07	
0.01108333	1.07899370e-07	
0.01266667	1.12255707e-07	
0.01425000	2.94831361e-07	
0.01583333	5.42692575e-07	
0.01741667	4.44472764e-07	
0.01900000	6.14034792e-07	
0.02058333	5.00389341e-07	
0.02216667	5.21477703e-07	
0.02375000	3.89595509e-07	
0.02533333	8.17996154e-08	
0.02691667	1.90735542e-07	
0.02850000	3.26246559e-07	
0.03008333	2.02834969e-07	
0.03166667	1.05349967e-07	
0.03325000	1.19436265e-07	
0.03483333	4.05055955e-07	
0.03641667	4.68758618e-07	
0.03800000	5.17760872e-07	
0.03958333	5.47273637e-07	
0.04116667	5.15988729e-07	
0.04275000	5.40706334e-07	
0.04433333	4.25502613e-07	
0.04591667	1.29893404e-07	
0.04750000	3.37956656e-07	
0.04908333	3.34067702e-07	
0.05066667	3.52736168e-07	
0.05225000	2.30376935e-07	
0.05383333	3.72092708e-07	
0.05541667	4.98704953e-07	
0.05700000	4.71480620e-07	
0.05858333	5.40619474e-07	
0.06016667	5.46581782e-07	
0.06175000	3.84677173e-07	
0.06333333	4.09290557e-07	
0.06491667	5.31755340e-08	
0.06650000	1.67012080e-07	
0.06808333	1.73234281e-07	
0.06966667	2.10111124e-07	
0.07125000	1.77555995e-07	
0.07283333	7.46700265e-08	
0.07441667	3.24216776e-07	
0.07600000	3.97786857e-07	
0.07758333	4.54628484e-07	
0.07916667	5.07474555e-07	
0.08075000	4.79449329e-07	
0.08233333	7.72492446e-07	
0.08391667	5.13092895e-07	
0.08550000	3.17034034e-07	
0.08708333	2.10707999e-07	
0.08866667	1.93111113e-07	
0.09025000	2.32952869e-07	
0.09183333	3.38372027e-07	
0.09341667	3.57748224e-07	
0.09500000	4.46073680e-07	
0.09658333	5.22081298e-07	
0.09816667	4.81290524e-07	
0.09975000	4.87510835e-07	
0.10133333	6.03492823e-07	
0.10291667	5.04277315e-07	
0.10450000	4.15028435e-07	
0.10608333	2.16645679e-07	
0.10766667	1.59925368e-07	
0.10925000	3.95168768e-07	
0.11083333	2.55380531e-07	
0.11241667	2.16152535e-07	
0.11400000	2.75368640e-07	
0.11558333	3.57489437e-07	
0.11716667	5.27699526e-07	
0.11875000	3.86008492e-07	
0.12033333	4.90323001e-07	
0.12191667	6.60962826e-07	
0.12350000	3.77495158e-07	
0.12508333	1.93354038e-07	
0.12666667	2.70771765e-08	
0.12825000	1.80330262e-07	
0.12983333	3.00577667e-07	
0.13141667	8.43486468e-08	
0.13300000	2.34985032e-07	
0.13458333	3.63971308e-07	
0.13616667	5.53323196e-07	
0.13775000	5.42045690e-07	
0.13933333	5.35691197e-07	
0.14091667	6.52233434e-07	
0.14250000	4.71349518e-07	
0.14408333	3.12159771e-07	
0.14566667	2.13465618e-07	
0.14725000	1.54783105e-07	
0.14883333	3.28709409e-07	
0.15041667	2.09057031e-07	
0.15200000	2.37101115e-07	
0.15358333	4.68620767e-07	
0.15516667	5.04120956e-07	
0.15675000	5.73503198e-07	
0.15833333	6.15288632e-07	
0.15991667	5.59631543e-07	
0.16150000	6.62433508e-07	
0.16308333	4.84202655e-07	
0.16466667	2.88436546e-07	
0.16625000	1.15289118e-07	
0.16783333	1.15288306e-07	
0.16941667	2.04909568e-07	
0.17100000	8.07359037e-08	
0.17258333	9.80814150e-08	
0.17416667	2.68715121e-07	
0.17575000	5.27957586e-07	
0.17733333	5.03500056e-07	
0.17891667	4.47757759e-07	
0.18050000	6.01503950e-07	
0.18208333	6.19004847e-07	
0.18366667	4.70009994e-07	
0.18525000	2.32435336e-07	
0.18683333	8.24040225e-08	
0.18841667	1.19047664e-07	
0.19000000	1.85117314e-07	
0.19158333	2.19902981e-07	
0.19316667	1.19583552e-07	
0.19475000	4.05789812e-07	
0.19633333	4.40560148e-07	
0.19791667	4.53331269e-07	
0.19950000	5.32279412e-07	
0.20108333	4.93433661e-07	
0.20266667	6.50634450e-07	
0.20425000	4.64607683e-07	
0.20583333	1.88834425e-07	
0.20741667	3.21925349e-07	
0.20900000	3.17086284e-07	
0.21058333	2.05384064e-07	
0.21216667	2.03534091e-07	
0.21375000	2.43530987e-07	
0.21533333	4.08045005e-07	
0.21691667	5.28261175e-07	
0.21850000	4.66381535e-07	
0.22008333	6.37066834e-07	
0.22166667	6.25323051e-07	
0.22325000	4.75025131e-07	
0.22483333	4.34534978e-07	
0.22641667	4.84836120e-08	
0.22800000	1.03664460e-07	
0.22958333	1.92463430e-07	
0.23116667	8.70108242e-08	
0.23275000	1.46927479e-07	
0.23433333	5.61231199e-07	
0.23591667	6.53574582e-07	
0.23750000	6.29506438e-07	
0.23908333	6.12393079e-07	
0.24066667	5.30697509e-07	
0.24225000	4.78351120e-07	
0.24383333	5.13743028e-07	
0.24541667	2.42675521e-07	
0.24700000	2.36279586e-07	
0.24858333	1.67098996e-07	
0.25016667	2.38016448e-07	
0.25175000	1.48215495e-07	
0.25333333	2.11823877e-07	
0.25491667	5.17994123e-07	
0.25650000	5.07078281e-07	
0.25808333	5.04321445e-07	
0.25966667	5.96579705e-07	
0.26125000	5.47359600e-07	
0.26283333	5.82275823e-07	
0.26441667	3.75248310e-07	
0.26600000	2.35640373e-07	
0.26758333	3.19073421e-07	
0.26916667	3.14838399e-07	
0.27075000	3.42701161e-07	
0.27233333	1.27543175e-07	
0.27391667	2.84029037e-07	
0.27550000	4.33040243e-07	
0.27708333	3.77408215e-07	
0.27866667	5.39884497e-07	
0.28025000	4.33108006e-07	
0.28183333	8.04875171e-07	
0.28341667	4.78394354e-07	
0.28500000	3.48328098e-07	
0.28658333	4.11374663e-07	
0.28816667	2.97813663e-07	
0.28975000	2.89966283e-07	
0.29133333	1.44110174e-07	
0.29291667	9.27578931e-08	
0.29450000	1.38145697e-07	
0.29608333	4.62275823e-07	
0.29766667	4.89241481e-07	
0.29925000	4.61196906e-07	
0.30083333	4.83926506e-07	
0.30241667	6.81661635e-07	
0.30400000	4.46329275e-07	
0.30558333	3.10517217e-07	
0.30716667	2.14156297e-07	
0.30875000	3.39512462e-07	
0.31033333	4.18330343e-07	
0.31191667	1.28916007e-07	
0.31350000	2.73545730e-07	
0.31508333	3.47912447e-07	
0.31666667	5.69572269e-07	
0.31825000	5.55398705e-07	
0.31983333	4.07182399e-07	
0.32141667	5.23549964e-07	
0.32300000	4.29519225e-07	
0.32458333	2.71713860e-07	
0.32616667	1.14301941e-07	
0.32775000	1.56814372e-07	
0.32933333	2.94166751e-07	
0.33091667	1.20818981e-07	
0.33250000	2.82905962e-07	
0.33408333	5.42302966e-07	
0.33566667	5.30247473e-07	
0.33725000	5.77477808e-07	
0.33883333	5.30680540e-07	
0.34041667	4.01651254e-07	
0.34200000	4.55059255e-07	
0.34358333	3.52044593e-07	
0.34516667	4.72992072e-07	
0.34675000	2.56415878e-07	
0.34833333	2.76942283e-07	
0.34991667	3.15270990e-07	
0.35150000	3.13802633e-07	
0.35308333	2.88411457e-07	
0.35466667	3.35407086e-07	
0.35625000	5.91349294e-07	
0.35783333	5.44854440e-07	
0.35941667	3.66692554e-07	
0.36100000	6.73018935e-07	
0.36258333	5.48786768e-07	
0.36416667	2.83155705e-07	
0.36575000	3.59502391e-07	
0.36733333	2.83121292e-07	
0.36891667	4.54108892e-07	
0.37050000	4.15435937e-07	
0.37208333	4.08279404e-07	
0.37366667	6.03708489e-07	
0.37525000	7.18519689e-07	
0.37683333	8.11297932e-07	
0.37841667	8.19591456e-07	
0.38000000	9.15650774e-07	
0.38158333	9.27576173e-07	
0.38316667	9.93215990e-07	
0.38475000	7.88566344e-07	
0.38633333	5.88413363e-07	
0.38791667	7.58403222e-07	
0.38950000	7.94097320e-07	
0.39108333	7.20769533e-07	
0.39266667	8.06371783e-07	
0.39425000	8.56487087e-07	
0.39583333	1.04835360e-06	
0.39741667	8.72137269e-07	
0.39900000	7.85757538e-07	
0.40058333	8.10388283e-07	
0.40216667	8.11747632e-07	
0.40375000	9.35098151e-07	
0.40533333	4.77614407e-07	
0.40691667	6.00638823e-07	
0.40850000	7.06463916e-07	
0.41008333	6.38234654e-07	
0.41166667	6.71333763e-07	
0.41325000	7.72405810e-07	
0.41483333	8.60990305e-07	
0.41641667	8.93829619e-07	
0.41800000	9.34666707e-07	
0.41958333	1.02264363e-06	
0.42116667	1.04221965e-06	
0.42275000	9.39288595e-07	
0.42433333	5.91951937e-07	
0.42591667	5.02938575e-07	
0.42750000	5.36989895e-07	
0.42908333	5.42563097e-07	
0.43066667	4.52900778e-07	
0.43225000	3.57142753e-07	
0.43383333	4.33142251e-07	
0.43541667	8.00016225e-07	
0.43700000	8.40031085e-07	
0.43858333	8.93268306e-07	
0.44016667	9.00449844e-07	
0.44175000	1.02860846e-06	
0.44333333	1.01950133e-06	
0.44491667	7.60177662e-07	
0.44650000	5.94545526e-07	
0.44808333	5.64126249e-07	
0.44966667	5.91737392e-07	
0.45125000	6.20561717e-07	
0.45283333	4.96801820e-07	
0.45441667	6.85679983e-07	
0.45600000	7.70245289e-07	
0.45758333	7.06421858e-07	
0.45916667	8.68852554e-07	
0.46075000	9.67937352e-07	
0.46233333	1.16923211e-06	
0.46391667	8.71702634e-07	
0.46550000	6.75439531e-07	
0.46708333	7.41854200e-07	
0.46866667	7.47602577e-07	
0.47025000	7.72923218e-07	
0.47183333	5.39583764e-07	
0.47341667	6.65631027e-07	
0.47500000	1.11215782e-06	
0.47658333	8.89770277e-07	
0.47816667	1.06218107e-06	
0.47975000	9.26589073e-07	
0.48133333	8.73603639e-07	
0.48291667	1.00853716e-06	
0.48450000	8.12202820e-07	
0.48608333	7.17034334e-07	
0.48766667	5.56175348e-07	
0.48925000	5.97140738e-07	
0.49083333	7.36454269e-07	
0.49241667	6.07138867e-07	
0.49400000	7.19300644e-07	
0.49558333	9.19704796e-07	
0.49716667	8.47203103e-07	
0.49875000	8.91799192e-07	
0.50033333	7.19342421e-07	
0.50191667	9.10899689e-07	
0.50350000	8.77539720e-07	
0.50508333	8.37718013e-07	
0.50666667	5.42908465e-07	
0.50825000	6.29073091e-07	
0.50983333	6.19781714e-07	
0.51141667	3.57877338e-07	
0.51300000	3.55716285e-07	
0.51458333	8.18596851e-07	
0.51616667	8.49972147e-07	
0.51775000	9.36998092e-07	
0.51933333	7.63501915e-07	
0.52091667	9.05063891e-07	
0.52250000	1.14190994e-06	
0.52408333	9.44560223e-07	
0.52566667	7.22413039e-07	
0.52725000	6.82482071e-07	
0.52883333	7.41812646e-07	
0.53041667	5.66589183e-07	
0.53200000	4.61196290e-07	
0.53358333	6.29678646e-07	
0.53516667	8.25428094e-07	
0.53675000	9.49358182e-07	
0.53833333	1.04792104e-06	
0.53991667	8.72933513e-07	
0.54150000	1.09223896e-06	
0.54308333	1.02842970e-06	
0.54466667	8.74480751e-07	
0.54625000	6.63773648e-07	
0.54783333	5.81928944e-07	
0.54941667	7.00458766e-07	
0.55100000	5.46884867e-07	
0.55258333	4.80036180e-07	
0.55416667	6.01418434e-07	
0.55575000	7.42678277e-07	
0.55733333	9.94424637e-07	
0.55891667	8.01271970e-07	
0.56050000	9.54151101e-07	
0.56208333	8.95081723e-07	
0.56366667	8.41023449e-07	
0.56525000	6.97858065e-07	
0.56683333	5.89837002e-07	
0.56841667	7.24009111e-07	
0.57000000	7.08780628e-07	
0.57158333	6.53230671e-07	
0.57316667	6.07684275e-07	
0.57475000	8.10984934e-07	
0.57633333	8.78487842e-07	
0.57791667	9.42572134e-07	
0.57950000	9.25460790e-07	
0.58108333	9.73814032e-07	
0.58266667	1.05895566e-06	
0.58425000	9.48111006e-07	
0.58583333	6.00637983e-07	
0.58741667	6.32572184e-07	
0.58900000	7.64194666e-07	
0.59058333	5.57083037e-07	
0.59216667	6.73363182e-07	
0.59375000	6.41171426e-07	
0.59533333	9.38726889e-07	
0.59691667	1.03763875e-06	
0.59850000	1.02670505e-06	
0.60008333	1.11549949e-06	
0.60166667	9.41795267e-07	
0.60325000	1.18686809e-06	
0.60483333	1.06915685e-06	
0.60641667	7.74438590e-07	
0.60800000	8.89206555e-07	
0.60958333	9.50047685e-07	
0.61116667	9.96716259e-07	
0.61275000	1.10860189e-06	
0.61433333	1.21949493e-06	
0.61591667	1.59152063e-06	
0.61750000	1.78786958e-06	
0.61908333	1.83704102e-06	
0.62066667	2.11690888e-06	
0.62225000	2.12319213e-06	
0.62383333	2.34765939e-06	
0.62541667	2.24131219e-06	
0.62700000	2.20147827e-06	
0.62858333	2.74323717e-06	
0.63016667	3.27949103e-06	
0.63175000	4.23645659e-06	
0.63333333	4.94049957e-06	
0.63491667	6.23779241e-06	
0.63650000	8.17965624e-06	
0.63808333	1.07982137e-05	
0.63966667	1.45778887e-05	
0.64125000	1.97331709e-05	
0.64283333	2.75259268e-05	
0.64441667	3.93717665e-05	
0.64600000	5.71816552e-05	
0.64758333	8.54101940e-05	
0.64916667	1.22643432e-04	
0.65075000	1.68658078e-04	
0.65233333	2.26024192e-04	
0.65391667	3.04527909e-04	
0.65550000	3.48604055e-04	
0.65708333	3.47912885e-04	
0.65866667	3.65784314e-04	
0.66025000	4.25329068e-04	
0.66183333	4.52312781e-04	
0.66341667	5.61922096e-04	
0.66500000	1.00087983e-03	
0.66658333	1.13922328e-03	
0.66816667	9.84755584e-04	
0.66975000	8.01767257e-04	
0.67133333	1.80645777e-03	
0.67291667	8.57636628e-03	
0.67450000	2.08605106e-02	
0.67608333	2.34235097e-02	
0.67766667	2.71511782e-02	
0.67925000	2.69332392e-02	
0.68083333	3.20281767e-02	
0.68241667	3.23346809e-02	
0.68400000	1.99742959e-02	
0.68558333	3.98860923e-02	
0.68716667	3.89816864e-02	
0.68875000	4.56543354e-02	
0.69033333	4.56813443e-02	
0.69191667	5.89550445e-02	
0.69350000	8.34920449e-02	
0.69508333	1.19069609e-01	
0.69666667	1.14036272e-01	
0.69825000	1.16822556e-01	
0.69983333	1.11035393e-01	
0.70141667	1.46862941e-01	
0.70300000	1.64933618e-01	
0.70458333	1.82914333e-01	
0.70616667	2.06090628e-01	
0.70775000	4.97165259e-01	
0.70933333	3.28641978e+00	
0.71091667	8.69241506e+00	
0.71250000	1.11367004e+01	
0.71408333	1.56465893e+01	
0.71566667	1.81476546e+01	
0.71725000	2.05078807e+01	
0.71883333	2.16953478e+01	
0.72041667	2.33031016e+01	
0.72200000	2.39126771e+01	
0.72358333	2.48201610e+01	
0.72516667	2.73602652e+01	
0.72675000	2.81497207e+01	
0.72833333	2.84049482e+01	
0.72991667	2.90749548e+01	
0.73150000	2.93890762e+01	
0.73308333	3.02891281e+01	
0.73466667	3.10105628e+01	
0.73625000	3.14770123e+01	
0.73783333	3.19416823e+01	
0.73941667	3.20080608e+01	
0.74100000	3.26567862e+01	
