start voltage : 0.00 V 
set voltage : 0.10 V 
High G : 30.00 G0 
Intermediate G : 20.00 G0 
Low G : 10.00 G0 
Breaking speed 1 : 300.00 V/s 
Breaking speed 2 : 300.00 V/s 
Making speed : 500.00 V/s 
Post breaking : 230.00 V/s 
@ 
0.00000000	4.50801972e+01	
0.00158333	4.55004652e+01	
0.00316667	4.54812680e+01	
0.00475000	4.55799262e+01	
0.00633333	4.54799752e+01	
0.00791667	4.56098082e+01	
0.00950000	4.56113754e+01	
0.01108333	4.54375218e+01	
0.01266667	4.55333876e+01	
0.01425000	4.54201361e+01	
0.01583333	4.56232665e+01	
0.01741667	4.54804374e+01	
0.01900000	4.55578802e+01	
0.02058333	4.56794827e+01	
0.02216667	4.55231952e+01	
0.02375000	4.55247436e+01	
0.02533333	4.53882622e+01	
0.02691667	4.53107367e+01	
0.02850000	4.54398782e+01	
0.03008333	4.54190650e+01	
0.03166667	4.56576133e+01	
0.03325000	4.54939071e+01	
0.03483333	4.53890703e+01	
0.03641667	4.56261228e+01	
0.03800000	4.53551444e+01	
0.03958333	4.53556217e+01	
0.04116667	4.53392808e+01	
0.04275000	4.54426669e+01	
0.04433333	4.54876909e+01	
0.04591667	4.53605074e+01	
0.04750000	4.53920919e+01	
0.04908333	4.53815425e+01	
0.05066667	4.53725264e+01	
0.05225000	4.53652165e+01	
0.05383333	4.53248678e+01	
0.05541667	4.53579781e+01	
0.05700000	4.52694071e+01	
0.05858333	4.53838237e+01	
0.06016667	4.51748379e+01	
0.06175000	4.50563924e+01	
0.06333333	4.51167877e+01	
0.06491667	4.50137060e+01	
0.06650000	4.50321403e+01	
0.06808333	4.51087563e+01	
0.06966667	4.50386158e+01	
0.07125000	4.51437683e+01	
0.07283333	4.51525025e+01	
0.07441667	4.51432647e+01	
0.07600000	4.52553737e+01	
0.07758333	4.52595116e+01	
0.07916667	4.52154610e+01	
0.08075000	4.50958241e+01	
0.08233333	4.51222109e+01	
0.08391667	4.50554077e+01	
0.08550000	4.51517058e+01	
0.08708333	4.51990900e+01	
0.08866667	4.51308023e+01	
0.09025000	4.51550920e+01	
0.09183333	4.51574709e+01	
0.09341667	4.50172839e+01	
0.09500000	4.52112104e+01	
0.09658333	4.48075877e+01	
0.09816667	4.48067421e+01	
0.09975000	4.48324411e+01	
0.10133333	4.46863160e+01	
0.10291667	4.46315055e+01	
0.10450000	4.46373271e+01	
0.10608333	4.47694451e+01	
0.10766667	4.47052276e+01	
0.10925000	4.47394316e+01	
0.11083333	4.46777810e+01	
0.11241667	4.44231247e+01	
0.11400000	4.46251653e+01	
0.11558333	4.44360457e+01	
0.11716667	4.44280819e+01	
0.11875000	4.45200429e+01	
0.12033333	4.44008157e+01	
0.12191667	4.45658561e+01	
0.12350000	4.44981773e+01	
0.12508333	4.44519055e+01	
0.12666667	4.40744555e+01	
0.12825000	4.36547926e+01	
0.12983333	4.33359338e+01	
0.13141667	4.31902748e+01	
0.13300000	4.29952960e+01	
0.13458333	4.27668423e+01	
0.13616667	4.25309059e+01	
0.13775000	4.26619116e+01	
0.13933333	4.26007834e+01	
0.14091667	4.24898469e+01	
0.14250000	4.25048950e+01	
0.14408333	4.24022906e+01	
0.14566667	4.25192140e+01	
0.14725000	4.23199658e+01	
0.14883333	4.24047485e+01	
0.15041667	4.23131821e+01	
0.15200000	4.21539181e+01	
0.15358333	4.20517572e+01	
0.15516667	4.19730892e+01	
0.15675000	4.17045236e+01	
0.15833333	4.18098978e+01	
0.15991667	4.16534939e+01	
0.16150000	4.13983002e+01	
0.16308333	4.14876604e+01	
0.16466667	4.15840336e+01	
0.16625000	4.13830078e+01	
0.16783333	4.12418361e+01	
0.16941667	4.13685046e+01	
0.17100000	4.13872434e+01	
0.17258333	4.13403139e+01	
0.17416667	4.14029717e+01	
0.17575000	4.10610485e+01	
0.17733333	4.06765592e+01	
0.17891667	4.04647020e+01	
0.18050000	4.04687084e+01	
0.18208333	4.05003755e+01	
0.18366667	4.03517136e+01	
0.18525000	4.03658409e+01	
0.18683333	4.02202607e+01	
0.18841667	4.02752517e+01	
0.19000000	4.02936221e+01	
0.19158333	3.96564458e+01	
0.19316667	3.95559761e+01	
0.19475000	3.91893198e+01	
0.19633333	3.90085660e+01	
0.19791667	3.89209233e+01	
0.19950000	3.87278274e+01	
0.20108333	3.87820667e+01	
0.20266667	3.88397823e+01	
0.20425000	3.88097914e+01	
0.20583333	3.86845660e+01	
0.20741667	3.87473704e+01	
0.20900000	3.88238210e+01	
0.21058333	3.87920035e+01	
0.21216667	3.89462389e+01	
0.21375000	3.89405452e+01	
0.21533333	3.87341300e+01	
0.21691667	3.87052177e+01	
0.21850000	3.87301237e+01	
0.22008333	3.87199576e+01	
0.22166667	3.83930336e+01	
0.22325000	3.83679059e+01	
0.22483333	3.81547784e+01	
0.22641667	3.78968487e+01	
0.22800000	3.79017833e+01	
0.22958333	3.78739007e+01	
0.23116667	3.75355216e+01	
0.23275000	3.71229279e+01	
0.23433333	3.68531259e+01	
0.23591667	3.69719547e+01	
0.23750000	3.68103230e+01	
0.23908333	3.69076433e+01	
0.24066667	3.67752659e+01	
0.24225000	3.66627096e+01	
0.24383333	3.67960491e+01	
0.24541667	3.66897654e+01	
0.24700000	3.64900324e+01	
0.24858333	3.63928098e+01	
0.25016667	3.61290698e+01	
0.25175000	3.61921109e+01	
0.25333333	3.56860981e+01	
0.25491667	3.58581064e+01	
0.25650000	3.59705124e+01	
0.25808333	3.59787617e+01	
0.25966667	3.58452982e+01	
0.26125000	3.57541378e+01	
0.26283333	3.52765262e+01	
0.26441667	3.48576187e+01	
0.26600000	3.45506473e+01	
0.26758333	3.40951982e+01	
0.26916667	3.33200561e+01	
0.27075000	3.26755437e+01	
0.27233333	3.26521786e+01	
0.27391667	3.22254276e+01	
0.27550000	3.21117964e+01	
0.27708333	3.20120182e+01	
0.27866667	3.21380855e+01	
0.28025000	3.20803210e+01	
0.28183333	3.19596017e+01	
0.28341667	3.20364207e+01	
0.28500000	3.16672538e+01	
0.28658333	3.12143490e+01	
0.28816667	3.06416966e+01	
0.28975000	3.02243412e+01	
0.29133333	3.03143423e+01	
0.29291667	3.00474942e+01	
0.29450000	2.96064336e+01	
0.29608333	2.94224778e+01	
0.29766667	2.88697141e+01	
0.29925000	2.87928012e+01	
0.30083333	2.85324060e+01	
0.30241667	2.84185024e+01	
0.30400000	2.83745457e+01	
0.30558333	2.84085712e+01	
0.30716667	2.82590110e+01	
0.30875000	2.80563767e+01	
0.31033333	2.80139834e+01	
0.31191667	2.78738058e+01	
0.31350000	2.78083894e+01	
0.31508333	2.79744070e+01	
0.31666667	2.76591375e+01	
0.31825000	2.78328783e+01	
0.31983333	2.75824745e+01	
0.32141667	2.72013469e+01	
0.32300000	2.67588469e+01	
0.32458333	2.63762048e+01	
0.32616667	2.61684648e+01	
0.32775000	2.59407140e+01	
0.32933333	2.60537288e+01	
0.33091667	2.61134025e+01	
0.33250000	2.61738768e+01	
0.33408333	2.61147649e+01	
0.33566667	2.58687451e+01	
0.33725000	2.58629141e+01	
0.33883333	2.59112755e+01	
0.34041667	2.58089849e+01	
0.34200000	2.57572223e+01	
0.34358333	2.56511547e+01	
0.34516667	2.55882489e+01	
0.34675000	2.46458526e+01	
0.34833333	2.44455390e+01	
0.34991667	2.43402982e+01	
0.35150000	2.43677335e+01	
0.35308333	2.41344467e+01	
0.35466667	2.41422771e+01	
0.35625000	2.41239969e+01	
0.35783333	2.39355124e+01	
0.35941667	2.36448932e+01	
0.36100000	2.35941003e+01	
0.36258333	2.28810747e+01	
0.36416667	2.28494038e+01	
0.36575000	2.28810954e+01	
0.36733333	2.26874076e+01	
0.36891667	2.27043047e+01	
0.37050000	2.25551129e+01	
0.37208333	2.22975214e+01	
0.37366667	2.22058498e+01	
0.37525000	2.15861457e+01	
0.37683333	2.15547980e+01	
0.37841667	2.15889625e+01	
0.38000000	2.15963438e+01	
0.38158333	2.17190511e+01	
0.38316667	2.13885719e+01	
0.38475000	2.08476053e+01	
0.38633333	2.06865449e+01	
0.38791667	2.04831306e+01	
0.38950000	2.04204766e+01	
0.39108333	2.04606149e+01	
0.39266667	2.04162824e+01	
0.39425000	1.93961183e+01	
0.39583333	1.95451278e+01	
0.39741667	1.95164485e+01	
0.39900000	1.94560062e+01	
0.40058333	1.94399171e+01	
0.40216667	1.94944608e+01	
0.40375000	1.92434820e+01	
0.40533333	1.87584722e+01	
0.40691667	1.79181411e+01	
0.40850000	1.79423725e+01	
0.41008333	1.79005825e+01	
0.41166667	1.80380166e+01	
0.41325000	1.82976037e+01	
0.41483333	1.79662751e+01	
0.41641667	1.79283203e+01	
0.41800000	1.79282621e+01	
0.41958333	1.79344877e+01	
0.42116667	1.79038296e+01	
0.42275000	1.78033655e+01	
0.42433333	1.78179082e+01	
0.42591667	1.77777736e+01	
0.42750000	1.77134622e+01	
0.42908333	1.75882932e+01	
0.43066667	1.67908908e+01	
0.43225000	1.59648806e+01	
0.43383333	1.60216886e+01	
0.43541667	1.59714594e+01	
0.43700000	1.57354159e+01	
0.43858333	1.56336073e+01	
0.44016667	1.53433650e+01	
0.44175000	1.50427714e+01	
0.44333333	1.50334434e+01	
0.44491667	1.50273287e+01	
0.44650000	1.50395468e+01	
0.44808333	1.50192419e+01	
0.44966667	1.48130315e+01	
0.45125000	1.42801067e+01	
0.45283333	1.39737029e+01	
0.45441667	1.36309031e+01	
0.45600000	1.25203348e+01	
0.45758333	1.18696636e+01	
0.45916667	1.18885724e+01	
0.46075000	1.17631816e+01	
0.46233333	1.15559434e+01	
0.46391667	1.18689890e+01	
0.46550000	1.17580534e+01	
0.46708333	1.19520015e+01	
0.46866667	1.19296615e+01	
0.47025000	1.18316572e+01	
0.47183333	1.18599456e+01	
0.47341667	1.17464545e+01	
0.47500000	1.16313924e+01	
0.47658333	1.12042590e+01	
0.47816667	1.09287162e+01	
0.47975000	1.08791183e+01	
0.48133333	1.09881597e+01	
0.48291667	1.07512781e+01	
0.48450000	1.03702587e+01	
0.48608333	1.03306202e+01	
0.48766667	1.04236636e+01	
0.48925000	1.02801430e+01	
0.49083333	1.01260889e+01	
0.49241667	9.62063699e+00	
0.49400000	9.51172999e+00	
0.49558333	9.43549734e+00	
0.49716667	9.42844026e+00	
0.49875000	9.45620726e+00	
0.50033333	9.45179882e+00	
0.50191667	9.43080703e+00	
0.50350000	9.07301080e+00	
0.50508333	8.26079617e+00	
0.50666667	7.99240813e+00	
0.50825000	8.00550569e+00	
0.50983333	8.21018268e+00	
0.51141667	8.23610062e+00	
0.51300000	7.99957327e+00	
0.51458333	7.80726378e+00	
0.51616667	7.46205399e+00	
0.51775000	7.43310360e+00	
0.51933333	7.52881816e+00	
0.52091667	7.26188832e+00	
0.52250000	7.27639053e+00	
0.52408333	7.18016767e+00	
0.52566667	7.17093972e+00	
0.52725000	7.15442308e+00	
0.52883333	6.77607761e+00	
0.53041667	6.49806888e+00	
0.53200000	6.42024883e+00	
0.53358333	6.33529936e+00	
0.53516667	6.33776431e+00	
0.53675000	6.15428581e+00	
0.53833333	6.17151323e+00	
0.53991667	6.05825415e+00	
0.54150000	6.01473439e+00	
0.54308333	6.00502538e+00	
0.54466667	5.87641426e+00	
0.54625000	5.84746951e+00	
0.54783333	5.81147003e+00	
0.54941667	5.96779882e+00	
0.55100000	5.98220049e+00	
0.55258333	5.86590521e+00	
0.55416667	5.55647081e+00	
0.55575000	5.41153426e+00	
0.55733333	5.25760747e+00	
0.55891667	4.69405845e+00	
0.56050000	4.53522759e+00	
0.56208333	4.53912444e+00	
0.56366667	4.48434162e+00	
0.56525000	4.47494032e+00	
0.56683333	4.44535526e+00	
0.56841667	4.39085854e+00	
0.57000000	4.36817459e+00	
0.57158333	4.13420709e+00	
0.57316667	3.53998687e+00	
0.57475000	3.54830743e+00	
0.57633333	3.48425696e+00	
0.57791667	3.47177060e+00	
0.57950000	3.44174558e+00	
0.58108333	3.44421758e+00	
0.58266667	3.11229278e+00	
0.58425000	2.81423465e+00	
0.58583333	2.46173429e+00	
0.58741667	2.01832831e+00	
0.58900000	2.18585767e+00	
0.59058333	2.42011526e+00	
0.59216667	2.40544652e+00	
0.59375000	2.39827364e+00	
0.59533333	2.36205124e+00	
0.59691667	2.35963233e+00	
0.59850000	2.34553625e+00	
0.60008333	2.31628004e+00	
0.60166667	2.22621181e+00	
0.60325000	2.07898436e+00	
0.60483333	2.11172989e+00	
0.60641667	1.46834428e+00	
0.60800000	1.25563329e+00	
0.60958333	1.21693561e+00	
0.61116667	1.21291920e+00	
0.61275000	1.17721474e+00	
0.61433333	1.16084280e+00	
0.61591667	1.16143109e+00	
0.61750000	1.16738441e+00	
0.61908333	1.14009635e+00	
0.62066667	1.14789569e+00	
0.62225000	1.14065434e+00	
0.62383333	1.13399704e+00	
0.62541667	1.09022101e+00	
0.62700000	1.06873066e+00	
0.62858333	1.04406317e+00	
0.63016667	9.96115459e-01	
0.63175000	8.90848746e-01	
0.63333333	5.53674473e-01	
0.63491667	2.84563760e-01	
0.63650000	3.51379517e-01	
0.63808333	2.74645023e-01	
0.63966667	1.80827174e-01	
0.64125000	1.48023613e-01	
0.64283333	1.25293597e-01	
0.64441667	1.42031089e-01	
0.64600000	1.62850806e-01	
0.64758333	1.29292318e-01	
0.64916667	9.57792886e-02	
0.65075000	8.10695201e-02	
0.65233333	5.98447881e-02	
0.65391667	3.96970523e-02	
0.65550000	3.83754533e-02	
0.65708333	1.78867724e-02	
0.65866667	1.72689837e-02	
0.66025000	1.07449311e-02	
0.66183333	1.53286830e-02	
0.66341667	1.38215050e-02	
0.66500000	1.34618888e-02	
0.66658333	1.07824651e-02	
0.66816667	1.41869651e-02	
0.66975000	7.89718375e-03	
0.67133333	6.61786198e-03	
0.67291667	6.01738602e-03	
0.67450000	6.18323185e-03	
0.67608333	6.09950035e-03	
0.67766667	3.27514147e-03	
0.67925000	4.68419610e-03	
0.68083333	1.58401677e-02	
0.68241667	7.49598575e-03	
0.68400000	4.95859991e-03	
0.68558333	6.42690937e-03	
0.68716667	5.82602647e-03	
0.68875000	5.15861925e-03	
0.69033333	4.55646004e-03	
0.69191667	5.22077468e-03	
0.69350000	4.31752715e-03	
0.69508333	1.15623996e-03	
0.69666667	1.63360694e-03	
0.69825000	1.31869053e-03	
0.69983333	1.35765970e-03	
0.70141667	1.38040622e-03	
0.70300000	1.22062548e-03	
0.70458333	1.39609258e-03	
0.70616667	9.69371678e-04	
0.70775000	7.58642806e-04	
0.70933333	5.40531939e-04	
0.71091667	2.15710784e-04	
0.71250000	1.67868832e-04	
0.71408333	4.37849574e-04	
0.71566667	7.78264395e-04	
0.71725000	3.73433315e-04	
0.71883333	2.32596425e-04	
0.72041667	3.18600701e-04	
0.72200000	3.81698103e-04	
0.72358333	2.92619520e-04	
0.72516667	4.56998913e-04	
0.72675000	1.03731280e-03	
0.72833333	6.53839535e-04	
0.72991667	4.53728553e-04	
0.73150000	4.13918046e-04	
0.73308333	4.11094559e-04	
0.73466667	2.72107196e-04	
0.73625000	9.47101380e-05	
0.73783333	4.04912361e-05	
0.73941667	1.95544234e-05	
0.74100000	8.64729694e-06	
0.74258333	2.59538337e-06	
0.74416667	-1.06025413e-06	
0.74575000	-2.69898488e-06	
0.74733333	-3.13538155e-06	
0.74891667	-2.98280741e-06	
0.75050000	-2.56788927e-06	
0.75208333	-2.17233546e-06	
0.75366667	-1.45245205e-06	
0.75525000	-8.39719823e-07	
0.75683333	-3.76346379e-07	
0.75841667	4.86557392e-08	
0.76000000	3.85705827e-07	
0.76158333	8.85577481e-07	
0.76316667	1.14233982e-06	
0.76475000	1.30641307e-06	
0.76633333	1.32032924e-06	
0.76791667	1.23766181e-06	
0.76950000	1.32317630e-06	
0.77108333	1.11788206e-06	
0.77266667	8.36574442e-07	
0.77425000	8.07796094e-07	
0.77583333	6.99551189e-07	
0.77741667	6.98513575e-07	
0.77900000	6.44801677e-07	
0.78058333	7.18650902e-07	
0.78216667	9.34019318e-07	
0.78375000	9.10465893e-07	
0.78533333	8.93355390e-07	
0.78691667	8.45088056e-07	
0.78850000	7.39306029e-07	
0.79008333	8.05463478e-07	
0.79166667	4.08563673e-07	
0.79325000	2.36452914e-07	
0.79483333	4.24595680e-07	
0.79641667	4.46289625e-07	
0.79800000	4.56840107e-07	
0.79958333	4.01348393e-07	
0.80116667	6.24148622e-07	
0.80275000	6.20776039e-07	
0.80433333	5.87935717e-07	
0.80591667	6.43764510e-07	
0.80750000	6.26047723e-07	
0.80908333	6.76735206e-07	
0.81066667	5.36902867e-07	
0.81225000	3.58222846e-07	
0.81383333	2.62769699e-07	
0.81541667	2.10180329e-07	
0.81700000	4.03724887e-07	
0.81858333	3.83459454e-07	
0.82016667	4.21397936e-07	
0.82175000	6.90303438e-07	
0.82333333	7.55336525e-07	
0.82491667	7.90251179e-07	
0.82650000	5.84478850e-07	
0.82808333	6.00424165e-07	
0.82966667	6.19307261e-07	
0.83125000	4.22824348e-07	
0.83283333	3.21536552e-07	
0.83441667	2.70719871e-07	
0.83600000	3.07829825e-07	
0.83758333	2.73727066e-07	
0.83916667	2.02618842e-07	
0.84075000	4.48362474e-07	
0.84233333	6.13473479e-07	
0.84391667	7.93795130e-07	
0.84550000	6.99810369e-07	
0.84708333	5.37594834e-07	
0.84866667	7.64973885e-07	
0.85025000	6.47999644e-07	
0.85183333	4.82369636e-07	
0.85341667	2.84417470e-07	
0.85500000	2.79750837e-07	
0.85658333	3.11382736e-07	
0.85816667	1.67297133e-07	
0.85975000	2.72016414e-07	
0.86133333	6.02065711e-07	
0.86291667	7.45787144e-07	
0.86450000	9.09300649e-07	
0.86608333	6.77556538e-07	
0.86766667	6.63080393e-07	
0.86925000	7.31873432e-07	
0.87083333	5.40617962e-07	
0.87241667	4.30213936e-07	
0.87400000	3.02998012e-07	
0.87558333	4.36436907e-07	
0.87716667	3.72655589e-07	
0.87875000	2.62466669e-07	
0.88033333	3.93743280e-07	
0.88191667	5.68793386e-07	
0.88350000	7.68732102e-07	
0.88508333	7.37188294e-07	
0.88666667	6.22460986e-07	
0.88825000	6.43677986e-07	
0.88983333	6.29765562e-07	
0.89141667	4.67115140e-07	
0.89300000	2.51750420e-07	
0.89458333	1.96352328e-07	
0.89616667	2.84936389e-07	
0.89775000	2.08192884e-07	
0.89933333	3.19116963e-07	
0.90091667	4.20405040e-07	
0.90250000	6.64463991e-07	
0.90408333	7.10093998e-07	
0.90566667	6.65629011e-07	
0.90725000	7.64929083e-07	
0.90883333	7.27982265e-07	
0.91041667	7.40817313e-07	
0.91200000	3.63235687e-07	
0.91358333	1.75178884e-07	
0.91516667	3.07061442e-07	
0.91675000	1.84945261e-07	
0.91833333	3.01702618e-07	
0.91991667	3.25036877e-07	
0.92150000	4.19151340e-07	
0.92308333	6.64333897e-07	
0.92466667	6.26049123e-07	
0.92625000	6.41819879e-07	
0.92783333	6.15158987e-07	
0.92941667	6.51672177e-07	
0.93100000	6.44240420e-07	
0.93258333	4.30602789e-07	
0.93416667	3.47549999e-07	
0.93575000	3.22919114e-07	
0.93733333	2.88998476e-07	
0.93891667	3.31302634e-07	
0.94050000	2.83510369e-07	
0.94208333	6.67703008e-07	
0.94366667	7.95265196e-07	
0.94525000	6.63296283e-07	
0.94683333	6.85593123e-07	
0.94841667	6.09575480e-07	
0.95000000	6.62864671e-07	
0.95158333	3.74383883e-07	
0.95316667	1.41690768e-07	
0.95475000	1.95963853e-07	
0.95633333	2.79233317e-07	
0.95791667	3.86743357e-07	
0.95950000	3.72051658e-07	
0.96108333	4.30947513e-07	
0.96266667	6.57724089e-07	
0.96425000	5.32884575e-07	
0.96583333	6.59624086e-07	
0.96741667	6.84340403e-07	
0.96900000	7.27812689e-07	
0.97058333	6.99722725e-07	
0.97216667	4.34491884e-07	
0.97375000	3.34370143e-07	
0.97533333	2.40990545e-07	
0.97691667	1.65283576e-07	
0.97850000	2.58663258e-07	
0.98008333	2.07069613e-07	
0.98166667	4.08435203e-07	
0.98325000	6.11442324e-07	
0.98483333	6.79630200e-07	
0.98641667	6.59493488e-07	
0.98800000	6.64938780e-07	
0.98958333	7.40256616e-07	
0.99116667	5.05315378e-07	
0.99275000	2.35070632e-07	
0.99433333	3.06239633e-07	
0.99591667	2.54904342e-07	
0.99750000	3.65309796e-07	
0.99908333	3.00190102e-07	
1.00066667	3.30654153e-07	
1.00225000	5.84521804e-07	
1.00383333	5.66330116e-07	
1.00541667	5.91522510e-07	
1.00700000	5.09895991e-07	
1.00858333	6.23067381e-07	
1.01016667	7.35200765e-07	
1.01175000	4.94252585e-07	
1.01333333	3.05850836e-07	
1.01491667	2.22884807e-07	
1.01650000	3.01745264e-07	
1.01808333	3.13153675e-07	
1.01966667	2.29669035e-07	
1.02125000	3.84971102e-07	
1.02283333	5.18062222e-07	
1.02441667	6.06344079e-07	
1.02600000	6.46573036e-07	
1.02758333	5.76700885e-07	
1.02916667	7.47254802e-07	
1.03075000	5.68230505e-07	
1.03233333	4.29953776e-07	
1.03391667	3.19506180e-07	
1.03550000	2.67564858e-07	
1.03708333	3.99922317e-07	
1.03866667	3.65828155e-07	
1.04025000	3.16869526e-07	
1.04183333	4.26670293e-07	
1.04341667	5.64342418e-07	
1.04500000	7.09532573e-07	
1.04658333	5.58551255e-07	
1.04816667	6.64376459e-07	
1.04975000	7.74737811e-07	
1.05133333	6.35468578e-07	
1.05291667	4.99567728e-07	
1.05450000	3.52648916e-07	
1.05608333	3.72785151e-07	
1.05766667	4.12670505e-07	
1.05925000	2.73658435e-07	
1.06083333	3.80995484e-07	
1.06241667	4.97578855e-07	
1.06400000	6.25918133e-07	
1.06558333	6.08590340e-07	
1.06716667	5.89361653e-07	
1.06875000	6.86111818e-07	
1.07033333	6.26134863e-07	
1.07191667	5.02593040e-07	
1.07350000	2.58533669e-07	
1.07508333	1.79933512e-07	
1.07666667	1.89136307e-07	
1.07825000	1.25400085e-07	
1.07983333	2.64626994e-07	
1.08141667	3.33160461e-07	
1.08300000	5.30939720e-07	
1.08458333	6.37239377e-07	
1.08616667	5.64816312e-07	
1.08775000	6.09973266e-07	
1.08933333	6.22072777e-07	
1.09091667	6.43203029e-07	
1.09250000	4.77616367e-07	
1.09408333	2.73960653e-07	
1.09566667	3.76026885e-07	
1.09725000	2.98764558e-07	
1.09883333	1.79025067e-07	
1.10041667	2.57410314e-07	
1.10200000	4.22565477e-07	
1.10358333	6.52061730e-07	
1.10516667	6.32486276e-07	
1.10675000	6.19004399e-07	
1.10833333	7.34378256e-07	
1.10991667	7.73442417e-07	
1.11150000	7.74220348e-07	
1.11308333	3.35061326e-07	
1.11466667	1.87580697e-07	
1.11625000	2.45699993e-07	
1.11783333	2.51922432e-07	
1.11941667	3.41673739e-07	
1.12100000	1.91944749e-07	
1.12258333	4.00051851e-07	
1.12416667	6.34172344e-07	
1.12575000	6.03144880e-07	
1.12733333	6.59407580e-07	
1.12891667	5.06697464e-07	
1.13050000	6.18270486e-07	
1.13208333	6.34862967e-07	
1.13366667	2.44058503e-07	
1.13525000	1.76908690e-07	
1.13683333	1.77685949e-07	
1.13841667	2.51118768e-07	
1.14000000	2.10223759e-07	
1.14158333	2.75472861e-07	
1.14316667	7.26211634e-07	
1.14475000	6.87667624e-07	
1.14633333	6.77600052e-07	
1.14791667	6.05047229e-07	
1.14950000	5.85472223e-07	
1.15108333	6.09757320e-07	
1.15266667	2.31310189e-07	
1.15425000	2.67479286e-07	
1.15583333	2.70676245e-07	
1.15741667	3.44913877e-07	
1.15900000	2.82516633e-07	
1.16058333	2.58664322e-07	
1.16216667	4.44430510e-07	
1.16375000	5.34137631e-07	
1.16533333	6.13560731e-07	
1.16691667	6.81013462e-07	
1.16850000	5.17846276e-07	
1.17008333	6.19307037e-07	
1.17166667	4.79042695e-07	
1.17325000	2.20377855e-07	
1.17483333	2.29928579e-07	
1.17641667	1.45579246e-07	
1.17800000	2.29842419e-07	
1.17958333	2.26125910e-07	
1.18116667	2.63848811e-07	
1.18275000	6.25530316e-07	
1.18433333	6.10275568e-07	
1.18591667	7.22325115e-07	
1.18750000	5.82879586e-07	
1.18908333	6.08029251e-07	
1.19066667	7.07718092e-07	
1.19225000	5.17631170e-07	
1.19383333	4.23559465e-07	
1.19541667	3.36574122e-07	
1.19700000	2.71540420e-07	
1.19858333	3.27759411e-07	
1.20016667	2.18296409e-07	
1.20175000	4.04027273e-07	
1.20333333	5.73373552e-07	
1.20491667	6.48388246e-07	
1.20650000	6.43420151e-07	
1.20808333	5.18624319e-07	
1.20966667	7.08797484e-07	
1.21125000	5.29729617e-07	
1.21283333	3.02350175e-07	
1.21441667	2.75775806e-07	
1.21600000	1.96395856e-07	
1.21758333	4.56658911e-07	
1.21916667	2.15495121e-07	
1.22075000	1.29503865e-07	
1.22233333	4.15694361e-07	
1.22391667	5.92948222e-07	
1.22550000	6.27474051e-07	
1.22708333	5.13915068e-07	
1.22866667	6.07122066e-07	
1.23025000	7.01365335e-07	
1.23183333	4.60504267e-07	
1.23341667	3.97675720e-07	
1.23500000	1.61826919e-07	
1.23658333	2.69639023e-07	
1.23816667	3.13758167e-07	
1.23975000	2.80053278e-07	
1.24133333	3.93095582e-07	
1.24291667	4.36349879e-07	
1.24450000	7.19472627e-07	
1.24608333	6.90173961e-07	
1.24766667	6.45493364e-07	
1.24925000	7.71756517e-07	
1.25083333	7.14025879e-07	
1.25241667	4.92869547e-07	
1.25400000	3.19073197e-07	
1.25558333	2.04563081e-07	
1.25716667	2.91418344e-07	
1.25875000	2.69682509e-07	
@ 
0.00000000	2.56546111e-07	
0.00158333	3.64705081e-07	
0.00316667	5.44897226e-07	
0.00475000	6.73753744e-07	
0.00633333	4.47584487e-07	
0.00791667	5.83182952e-07	
0.00950000	6.14683749e-07	
0.01108333	4.17682926e-07	
0.01266667	2.45657235e-07	
0.01425000	5.10753278e-08	
0.01583333	1.94321327e-07	
0.01741667	2.12730529e-07	
0.01900000	1.21441995e-07	
0.02058333	6.88613129e-08	
0.02216667	2.53910549e-07	
0.02375000	5.18452391e-07	
0.02533333	4.38423792e-07	
0.02691667	3.92187642e-07	
0.02850000	5.30982674e-07	
0.03008333	4.24898402e-07	
0.03166667	3.70323617e-07	
0.03325000	1.72153923e-07	
0.03483333	2.11779243e-07	
0.03641667	2.47947206e-07	
0.03800000	1.34906063e-07	
0.03958333	1.79283995e-07	
0.04116667	1.94581851e-07	
0.04275000	4.31467188e-07	
0.04433333	5.43167364e-07	
0.04591667	4.71005270e-07	
0.04750000	4.66857360e-07	
0.04908333	5.23767366e-07	
0.05066667	5.57514144e-07	
0.05225000	4.70140704e-07	
0.05383333	1.58715434e-07	
0.05541667	2.49632489e-07	
0.05700000	1.93328067e-07	
0.05858333	1.46133069e-07	
0.06016667	1.93976072e-07	
0.06175000	1.85074500e-07	
0.06333333	3.21709011e-07	
0.06491667	3.18295518e-07	
0.06650000	3.53944786e-07	
0.06808333	3.41975453e-07	
0.06966667	4.12971910e-07	
0.07125000	3.18900093e-07	
0.07283333	-1.22285836e-08	
0.07441667	-2.92544579e-08	
0.07600000	1.33393659e-07	
0.07758333	5.22076006e-08	
0.07916667	6.93365852e-08	
0.08075000	-6.18017411e-08	
0.08233333	2.03396269e-07	
0.08391667	3.60729574e-07	
0.08550000	3.60945520e-07	
0.08708333	4.78566786e-07	
0.08866667	4.23732457e-07	
0.09025000	5.20007357e-07	
0.09183333	3.51481963e-07	
0.09341667	1.19825651e-07	
0.09500000	9.44168836e-08	
0.09658333	1.21812788e-07	
0.09816667	2.29712101e-07	
0.09975000	1.33955197e-07	
0.10133333	2.05073628e-07	
0.10291667	4.37905237e-07	
0.10450000	4.68196044e-07	
0.10608333	5.50211696e-07	
0.10766667	4.89282978e-07	
0.10925000	4.05237907e-07	
0.11083333	4.15824482e-07	
0.11241667	1.95229478e-07	
0.11400000	4.61845793e-08	
0.11558333	-9.46426367e-09	
0.11716667	7.93793268e-08	
0.11875000	1.08884097e-07	
0.12033333	2.15609675e-10	
0.12191667	2.44058783e-07	
0.12350000	4.15824566e-07	
0.12508333	4.62233289e-07	
0.12666667	5.95240293e-07	
0.12825000	4.63788479e-07	
0.12983333	6.13818454e-07	
0.13141667	4.26454123e-07	
0.13300000	1.22201109e-07	
0.13458333	1.16238557e-07	
0.13616667	7.76940992e-08	
0.13775000	1.44715071e-07	
0.13933333	-4.17682282e-08	
0.14091667	-5.03417369e-08	
0.14250000	2.87356482e-07	
0.14408333	3.69371154e-07	
0.14566667	4.89240921e-07	
0.14725000	3.61594197e-07	
0.14883333	4.94080770e-07	
0.15041667	5.59848553e-07	
0.15200000	2.83165282e-07	
0.15358333	1.35424451e-07	
0.15516667	-6.72373310e-08	
0.15675000	3.40944243e-08	
0.15833333	-2.54145113e-09	
0.15991667	-2.94095306e-08	
0.16150000	5.68830439e-08	
0.16308333	2.30057189e-07	
0.16466667	4.51948819e-07	
0.16625000	3.83199826e-07	
0.16783333	1.52493064e-07	
0.16941667	5.10309514e-07	
0.17100000	6.56987152e-07	
0.17258333	4.16428833e-07	
0.17416667	1.15072276e-07	
0.17575000	7.45397507e-08	
0.17733333	2.12988967e-07	
0.17891667	2.35497129e-08	
0.18050000	-1.11304455e-07	
0.18208333	1.82265246e-07	
0.18366667	3.02047229e-07	
0.18525000	4.75455622e-07	
0.18683333	3.57402269e-07	
0.18841667	3.66822172e-07	
0.19000000	4.45510434e-07	
0.19158333	3.78748439e-07	
0.19316667	2.61731664e-07	
0.19475000	3.35749660e-08	
0.19633333	-2.11136386e-08	
0.19791667	-1.29618275e-09	
0.19950000	-5.80331885e-08	
0.20108333	-1.16672284e-08	
0.20266667	1.80451115e-07	
0.20425000	4.72560964e-07	
0.20583333	3.92213263e-07	
0.20741667	4.20188730e-07	
0.20900000	6.50505981e-07	
0.21058333	6.38968623e-07	
0.21216667	5.43212110e-07	
0.21375000	2.53175936e-07	
0.21533333	3.12672285e-08	
0.21691667	3.66684573e-08	
0.21850000	-1.32080023e-07	
0.22008333	6.67703680e-08	
0.22166667	4.97798952e-08	
0.22325000	2.28026384e-07	
0.22483333	4.24898766e-07	
0.22641667	3.89206768e-07	
0.22800000	4.27619872e-07	
0.22958333	4.27620936e-07	
0.23116667	3.95384825e-07	
0.23275000	1.82784768e-07	
0.23433333	-5.80333460e-08	
0.23591667	-1.57289743e-08	
0.23750000	-3.65485770e-08	
0.23908333	-3.01186449e-08	
0.24066667	6.12220521e-08	
0.24225000	1.34905461e-07	
0.24383333	3.71748377e-07	
0.24541667	4.39504221e-07	
0.24700000	5.33143195e-07	
0.24858333	4.91270508e-07	
0.25016667	4.51473806e-07	
0.25175000	3.80563284e-07	
0.25333333	9.05706940e-08	
0.25491667	-4.39116263e-08	
0.25650000	-2.54609737e-08	
0.25808333	-1.50418829e-07	
0.25966667	-3.58658293e-08	
0.26125000	-9.08651972e-08	
0.26283333	3.53858906e-07	
0.26441667	5.43557254e-07	
0.26600000	4.78999461e-07	
0.26758333	4.43004490e-07	
0.26916667	3.82508615e-07	
0.27075000	4.44732195e-07	
0.27233333	2.35805217e-07	
0.27391667	9.72210449e-09	
0.27550000	4.43433952e-08	
0.27708333	1.16368777e-07	
0.27866667	5.10764023e-08	
0.28025000	3.18032950e-08	
0.28183333	1.61609584e-08	
0.28341667	2.94053570e-07	
0.28500000	3.47161145e-07	
0.28658333	4.27793311e-07	
0.28816667	4.77573189e-07	
0.28975000	4.27491346e-07	
0.29133333	3.56450562e-07	
0.29291667	1.80537611e-07	
0.29450000	1.04139067e-07	
0.29608333	8.10644634e-08	
0.29766667	-2.50701002e-09	
0.29925000	1.67141922e-07	
0.30083333	3.20192617e-08	
0.30241667	2.41335885e-07	
0.30400000	4.56399647e-07	
0.30558333	4.34274846e-07	
0.30716667	4.63443223e-07	
0.30875000	4.31336870e-07	
0.31033333	4.94685709e-07	
0.31191667	3.78445577e-07	
0.31350000	2.41975640e-08	
0.31508333	4.19580907e-08	
0.31666667	-2.03963444e-08	
0.31825000	1.00425832e-08	
0.31983333	-4.93393724e-08	
0.32141667	1.61871343e-08	
0.32300000	2.63183977e-07	
0.32458333	3.16956330e-07	
0.32616667	3.27413343e-07	
0.32775000	4.35874334e-07	
0.32933333	4.99049817e-07	
0.33091667	5.79595935e-07	
0.33250000	2.54688340e-07	
0.33408333	1.09756980e-07	
0.33566667	-4.00140475e-08	
0.33725000	8.17987614e-08	
0.33883333	1.61394720e-07	
0.34041667	6.62860513e-08	
0.34200000	1.89870934e-07	
0.34358333	2.98374584e-07	
0.34516667	2.87831803e-07	
0.34675000	3.49062795e-07	
0.34833333	2.48465677e-07	
0.34991667	4.71306900e-07	
0.35150000	4.42226671e-07	
0.35308333	1.64808339e-07	
0.35466667	4.01909997e-09	
0.35625000	1.76732118e-08	
0.35783333	5.31928493e-08	
0.35941667	-8.13325685e-08	
0.36100000	6.32616916e-08	
0.36258333	3.58179948e-07	
0.36416667	4.48836872e-07	
0.36575000	5.07691452e-07	
0.36733333	2.86146100e-07	
0.36891667	2.72707233e-07	
0.37050000	3.45389198e-07	
0.37208333	3.18037039e-07	
0.37366667	2.56243866e-07	
0.37525000	6.97862434e-08	
0.37683333	9.05449398e-08	
0.37841667	8.48664810e-08	
0.38000000	4.94247692e-08	
0.38158333	1.53055372e-07	
0.38316667	3.38864625e-07	
0.38475000	4.99049481e-07	
0.38633333	5.62439789e-07	
0.38791667	4.02643731e-07	
0.38950000	4.08824252e-07	
0.39108333	2.66096388e-07	
0.39266667	1.61092082e-07	
0.39425000	-6.95772289e-09	
0.39583333	4.33402607e-08	
0.39741667	1.64938111e-07	
0.39900000	-1.55561348e-08	
0.40058333	-3.15788825e-08	
0.40216667	2.01707068e-08	
0.40375000	1.74400911e-07	
0.40533333	3.89464632e-07	
0.40691667	2.87226668e-07	
0.40850000	3.72828721e-07	
0.41008333	4.16083494e-07	
0.41166667	4.29695185e-07	
0.41325000	2.11347043e-07	
0.41483333	-2.45011064e-08	
0.41641667	7.03049806e-08	
0.41800000	9.26191749e-08	
0.41958333	-7.60525238e-09	
0.42116667	-1.12956482e-08	
0.42275000	1.96439062e-07	
0.42433333	4.77615807e-07	
0.42591667	4.80123095e-07	
0.42750000	4.19972112e-07	
0.42908333	4.78091940e-07	
0.43066667	4.48751216e-07	
0.43225000	3.71100344e-07	
0.43383333	-1.81493696e-08	
0.43541667	-1.11614716e-07	
0.43700000	-1.02377284e-07	
0.43858333	-1.21934117e-07	
0.44016667	-7.03569090e-08	
0.44175000	-2.17273089e-08	
0.44333333	2.70762405e-07	
0.44491667	4.53029304e-07	
0.44650000	4.59338351e-07	
0.44808333	6.05565308e-07	
0.44966667	6.47524071e-07	
0.45125000	5.28001100e-07	
0.45283333	3.80347338e-07	
0.45441667	3.86740683e-08	
0.45600000	2.77504474e-08	
0.45758333	1.57114070e-08	
0.45916667	1.09021954e-07	
0.46075000	-2.08887080e-08	
0.46233333	5.00563201e-08	
0.46391667	2.41595009e-07	
0.46550000	3.34413629e-07	
0.46708333	3.96508600e-07	
0.46866667	5.33834658e-07	
0.47025000	5.65032537e-07	
0.47183333	7.13510600e-07	
0.47341667	5.33057791e-07	
0.47500000	4.53288763e-07	
0.47658333	5.54101687e-07	
0.47816667	7.17355452e-07	
0.47975000	9.96932429e-07	
0.48133333	1.24919967e-06	
0.48291667	1.75092439e-06	
0.48450000	2.35736530e-06	
0.48608333	2.94055082e-06	
0.48766667	3.80179241e-06	
0.48925000	4.53289491e-06	
0.49083333	5.65171715e-06	
0.49241667	6.81202201e-06	
0.49400000	8.35114042e-06	
0.49558333	1.01348877e-05	
0.49716667	1.22746926e-05	
0.49875000	1.50417839e-05	
0.50033333	1.80640774e-05	
0.50191667	2.15611126e-05	
0.50350000	2.60047642e-05	
0.50508333	3.15226909e-05	
0.50666667	3.91033451e-05	
0.50825000	5.02439026e-05	
0.50983333	6.71393894e-05	
0.51141667	9.68134597e-05	
0.51300000	1.47214359e-04	
0.51458333	1.96671965e-04	
0.51616667	2.23625528e-04	
0.51775000	2.17832607e-04	
0.51933333	2.38734558e-04	
0.52091667	3.28532066e-04	
0.52250000	4.59819591e-04	
0.52408333	5.33031581e-04	
0.52566667	7.41564595e-04	
0.52725000	7.96022621e-04	
0.52883333	1.30808692e-03	
0.53041667	2.07718005e-03	
0.53200000	1.98618457e-03	
0.53358333	2.56349229e-03	
0.53516667	2.96576428e-03	
0.53675000	3.30782673e-03	
0.53833333	4.15930016e-03	
0.53991667	2.89995473e-03	
0.54150000	3.47782835e-03	
0.54308333	5.08846237e-03	
0.54466667	6.11085405e-03	
0.54625000	6.02782676e-03	
0.54783333	5.72551994e-03	
0.54941667	7.22434650e-03	
0.55100000	9.59349446e-03	
0.55258333	1.06555071e-02	
0.55416667	1.20213181e-02	
0.55575000	1.50896735e-02	
0.55733333	1.88780717e-02	
0.55891667	2.08677739e-02	
0.56050000	2.61525092e-02	
0.56208333	3.35226119e-02	
0.56366667	4.77009823e-02	
0.56525000	5.85598468e-02	
0.56683333	7.25626578e-02	
0.56841667	9.78673645e-02	
0.57000000	1.20509906e-01	
0.57158333	1.86233908e-01	
0.57316667	2.58302736e-01	
0.57475000	5.15621981e-01	
0.57633333	1.07584870e+00	
0.57791667	1.25243982e+00	
0.57950000	1.27410481e+00	
0.58108333	1.38671394e+00	
0.58266667	2.92371714e+00	
0.58425000	3.38569200e+00	
0.58583333	3.79406978e+00	
0.58741667	6.43923700e+00	
0.58900000	9.16162035e+00	
0.59058333	1.13734279e+01	
0.59216667	1.29279290e+01	
0.59375000	1.49500400e+01	
0.59533333	1.57082822e+01	
0.59691667	1.59116804e+01	
0.59850000	1.61624882e+01	
0.60008333	1.74990156e+01	
0.60166667	1.87659343e+01	
0.60325000	1.90122885e+01	
0.60483333	2.03004188e+01	
0.60641667	2.11434728e+01	
0.60800000	2.17778887e+01	
0.60958333	2.30727857e+01	
0.61116667	2.38278287e+01	
0.61275000	2.40395825e+01	
0.61433333	2.44538297e+01	
0.61591667	2.48466379e+01	
0.61750000	2.76556178e+01	
0.61908333	2.87577854e+01	
0.62066667	2.94223857e+01	
0.62225000	3.01496307e+01	
0.62383333	3.05650655e+01	
0.62541667	3.09513269e+01	
0.62700000	3.11499587e+01	
0.62858333	3.15350117e+01	
