start voltage : 0.00 V 
set voltage : 0.10 V 
High G : 30.00 G0 
Intermediate G : 20.00 G0 
Low G : 10.00 G0 
Breaking speed 1 : 300.00 V/s 
Breaking speed 2 : 300.00 V/s 
Making speed : 500.00 V/s 
Post breaking : 230.00 V/s 
@ 
0.00000000	4.73188266e+01	
0.00158333	4.77966487e+01	
0.00316667	4.80160637e+01	
0.00475000	4.77488210e+01	
0.00633333	4.78443749e+01	
0.00791667	4.78708706e+01	
0.00950000	4.77907294e+01	
0.01108333	4.78286052e+01	
0.01266667	4.78178866e+01	
0.01425000	4.78860878e+01	
0.01583333	4.78813825e+01	
0.01741667	4.78077694e+01	
0.01900000	4.79484976e+01	
0.02058333	4.76778086e+01	
0.02216667	4.78376551e+01	
0.02375000	4.77785676e+01	
0.02533333	4.75816909e+01	
0.02691667	4.78650716e+01	
0.02850000	4.76280529e+01	
0.03008333	4.77154138e+01	
0.03166667	4.76556686e+01	
0.03325000	4.76531205e+01	
0.03483333	4.78054806e+01	
0.03641667	4.74853516e+01	
0.03800000	4.76309167e+01	
0.03958333	4.76176500e+01	
0.04116667	4.75715286e+01	
0.04275000	4.76003620e+01	
0.04433333	4.75452395e+01	
0.04591667	4.76135309e+01	
0.04750000	4.74555560e+01	
0.04908333	4.72807140e+01	
0.05066667	4.75991067e+01	
0.05225000	4.74288874e+01	
0.05383333	4.75814316e+01	
0.05541667	4.75442285e+01	
0.05700000	4.73890423e+01	
0.05858333	4.73672594e+01	
0.06016667	4.72668160e+01	
0.06175000	4.74550524e+01	
0.06333333	4.74071458e+01	
0.06491667	4.72599571e+01	
0.06650000	4.74189656e+01	
0.06808333	4.74942361e+01	
0.06966667	4.74317286e+01	
0.07125000	4.72739717e+01	
0.07283333	4.73794249e+01	
0.07441667	4.73017115e+01	
0.07600000	4.71529330e+01	
0.07758333	4.73869602e+01	
0.07916667	4.72188304e+01	
0.08075000	4.72125842e+01	
0.08233333	4.72141401e+01	
0.08391667	4.71610358e+01	
0.08550000	4.70841756e+01	
0.08708333	4.69074995e+01	
0.08866667	4.69937404e+01	
0.09025000	4.66627275e+01	
0.09183333	4.66378215e+01	
0.09341667	4.68147305e+01	
0.09500000	4.66495059e+01	
0.09658333	4.66303763e+01	
0.09816667	4.66407529e+01	
0.09975000	4.64651141e+01	
0.10133333	4.65503817e+01	
0.10291667	4.64493182e+01	
0.10450000	4.65583229e+01	
0.10608333	4.64683688e+01	
0.10766667	4.64412116e+01	
0.10925000	4.64166062e+01	
0.11083333	4.63477849e+01	
0.11241667	4.63960635e+01	
0.11400000	4.65096496e+01	
0.11558333	4.64223113e+01	
0.11716667	4.64811131e+01	
0.11875000	4.64862206e+01	
0.12033333	4.63870362e+01	
0.12191667	4.65454846e+01	
0.12350000	4.62287757e+01	
0.12508333	4.64049594e+01	
0.12666667	4.61739538e+01	
0.12825000	4.63025955e+01	
0.12983333	4.61459660e+01	
0.13141667	4.61259495e+01	
0.13300000	4.62464433e+01	
0.13458333	4.61140584e+01	
0.13616667	4.59026785e+01	
0.13775000	4.59975071e+01	
0.13933333	4.53084141e+01	
0.14091667	4.53478383e+01	
0.14250000	4.49989323e+01	
0.14408333	4.47026194e+01	
0.14566667	4.48215046e+01	
0.14725000	4.45062726e+01	
0.14883333	4.45748497e+01	
0.15041667	4.42970274e+01	
0.15200000	4.44350159e+01	
0.15358333	4.45484929e+01	
0.15516667	4.45124587e+01	
0.15675000	4.45210614e+01	
0.15833333	4.46163484e+01	
0.15991667	4.46800698e+01	
0.16150000	4.42202536e+01	
0.16308333	4.39632935e+01	
0.16466667	4.40342157e+01	
0.16625000	4.38781500e+01	
0.16783333	4.38871360e+01	
0.16941667	4.36529435e+01	
0.17100000	4.35687922e+01	
0.17258333	4.34522221e+01	
0.17416667	4.33928565e+01	
0.17575000	4.32281543e+01	
0.17733333	4.29447699e+01	
0.17891667	4.28061538e+01	
0.18050000	4.28180787e+01	
0.18208333	4.26606074e+01	
0.18366667	4.24971793e+01	
0.18525000	4.22796096e+01	
0.18683333	4.20495774e+01	
0.18841667	4.18054894e+01	
0.19000000	4.16091050e+01	
0.19158333	4.14239729e+01	
0.19316667	4.12060311e+01	
0.19475000	4.11783928e+01	
0.19633333	4.09790807e+01	
0.19791667	4.09164831e+01	
0.19950000	4.10549639e+01	
0.20108333	4.08402279e+01	
0.20266667	4.11516302e+01	
0.20425000	4.10680652e+01	
0.20583333	4.09802195e+01	
0.20741667	4.10617363e+01	
0.20900000	4.10360936e+01	
0.21058333	4.08637960e+01	
0.21216667	4.07778858e+01	
0.21375000	4.05651266e+01	
0.21533333	4.07058887e+01	
0.21691667	4.04146044e+01	
0.21850000	4.05320464e+01	
0.22008333	4.01793107e+01	
0.22166667	4.00379586e+01	
0.22325000	4.00190169e+01	
0.22483333	3.95435738e+01	
0.22641667	3.96187805e+01	
0.22800000	3.94597871e+01	
0.22958333	3.92616250e+01	
0.23116667	3.90324874e+01	
0.23275000	3.87416503e+01	
0.23433333	3.87225019e+01	
0.23591667	3.85303456e+01	
0.23750000	3.84708673e+01	
0.23908333	3.77716797e+01	
0.24066667	3.78977920e+01	
0.24225000	3.80989043e+01	
0.24383333	3.80261142e+01	
0.24541667	3.80989118e+01	
0.24700000	3.79796433e+01	
0.24858333	3.74298767e+01	
0.25016667	3.73118334e+01	
0.25175000	3.72722401e+01	
0.25333333	3.71711089e+01	
0.25491667	3.72521935e+01	
0.25650000	3.72649603e+01	
0.25808333	3.71437149e+01	
0.25966667	3.68513257e+01	
0.26125000	3.65513259e+01	
0.26283333	3.59761911e+01	
0.26441667	3.56175361e+01	
0.26600000	3.56907433e+01	
0.26758333	3.54181113e+01	
0.26916667	3.51116887e+01	
0.27075000	3.46862455e+01	
0.27233333	3.40979531e+01	
0.27391667	3.40999186e+01	
0.27550000	3.41465587e+01	
0.27708333	3.43246554e+01	
0.27866667	3.45944499e+01	
0.28025000	3.43765457e+01	
0.28183333	3.44025116e+01	
0.28341667	3.43198485e+01	
0.28500000	3.44115652e+01	
0.28658333	3.43499522e+01	
0.28816667	3.42220322e+01	
0.28975000	3.42247419e+01	
0.29133333	3.41478778e+01	
0.29291667	3.41814016e+01	
0.29450000	3.40509108e+01	
0.29608333	3.37071687e+01	
0.29766667	3.33849801e+01	
0.29925000	3.24087858e+01	
0.30083333	3.22466543e+01	
0.30241667	3.20870896e+01	
0.30400000	3.13334071e+01	
0.30558333	3.09363088e+01	
0.30716667	3.05110348e+01	
0.30875000	3.08546305e+01	
0.31033333	3.07710185e+01	
0.31191667	3.08636315e+01	
0.31350000	3.10359273e+01	
0.31508333	3.08328889e+01	
0.31666667	3.07015732e+01	
0.31825000	3.05300498e+01	
0.31983333	3.06627654e+01	
0.32141667	3.05173074e+01	
0.32300000	2.98850582e+01	
0.32458333	2.94852051e+01	
0.32616667	2.94825048e+01	
0.32775000	2.94287823e+01	
0.32933333	2.95003453e+01	
0.33091667	2.95903088e+01	
0.33250000	2.95124582e+01	
0.33408333	2.94463503e+01	
0.33566667	2.93579879e+01	
0.33725000	2.91908409e+01	
0.33883333	2.88633682e+01	
0.34041667	2.89455878e+01	
0.34200000	2.87371657e+01	
0.34358333	2.86056433e+01	
0.34516667	2.82740629e+01	
0.34675000	2.81538304e+01	
0.34833333	2.81238732e+01	
0.34991667	2.81944215e+01	
0.35150000	2.77618997e+01	
0.35308333	2.74228967e+01	
0.35466667	2.73085909e+01	
0.35625000	2.74725415e+01	
0.35783333	2.73434977e+01	
0.35941667	2.74906413e+01	
0.36100000	2.69128682e+01	
0.36258333	2.64370530e+01	
0.36416667	2.63697481e+01	
0.36575000	2.61526144e+01	
0.36733333	2.57995723e+01	
0.36891667	2.59041874e+01	
0.37050000	2.56330887e+01	
0.37208333	2.53518164e+01	
0.37366667	2.51847277e+01	
0.37525000	2.50469253e+01	
0.37683333	2.46740509e+01	
0.37841667	2.45194528e+01	
0.38000000	2.45431374e+01	
0.38158333	2.42821334e+01	
0.38316667	2.42913731e+01	
0.38475000	2.43196691e+01	
0.38633333	2.42349859e+01	
0.38791667	2.42708210e+01	
0.38950000	2.41452686e+01	
0.39108333	2.38312581e+01	
0.39266667	2.39022592e+01	
0.39425000	2.38926606e+01	
0.39583333	2.36226706e+01	
0.39741667	2.23180190e+01	
0.39900000	2.17022949e+01	
0.40058333	2.18863635e+01	
0.40216667	2.19328513e+01	
0.40375000	2.17859915e+01	
0.40533333	2.14952634e+01	
0.40691667	2.14336823e+01	
0.40850000	2.15190457e+01	
0.41008333	2.15709041e+01	
0.41166667	2.14974826e+01	
0.41325000	2.12841428e+01	
0.41483333	2.10252961e+01	
0.41641667	2.09905359e+01	
0.41800000	2.09648312e+01	
0.41958333	2.08077452e+01	
0.42116667	2.02938456e+01	
0.42275000	2.01293238e+01	
0.42433333	1.97370925e+01	
0.42591667	1.91611290e+01	
0.42750000	1.88618471e+01	
0.42908333	1.89387656e+01	
0.43066667	1.88183996e+01	
0.43225000	1.85465568e+01	
0.43383333	1.76557973e+01	
0.43541667	1.76675400e+01	
0.43700000	1.73716987e+01	
0.43858333	1.73985140e+01	
0.44016667	1.71712930e+01	
0.44175000	1.64999711e+01	
0.44333333	1.65365878e+01	
0.44491667	1.64621460e+01	
0.44650000	1.64688902e+01	
0.44808333	1.60699748e+01	
0.44966667	1.56128392e+01	
0.45125000	1.55540035e+01	
0.45283333	1.55130516e+01	
0.45441667	1.54652070e+01	
0.45600000	1.52601213e+01	
0.45758333	1.52254786e+01	
0.45916667	1.50662512e+01	
0.46075000	1.47152452e+01	
0.46233333	1.45891385e+01	
0.46391667	1.46032236e+01	
0.46550000	1.47454410e+01	
0.46708333	1.47391224e+01	
0.46866667	1.48007993e+01	
0.47025000	1.48172135e+01	
0.47183333	1.47582886e+01	
0.47341667	1.46479826e+01	
0.47500000	1.45914029e+01	
0.47658333	1.44347424e+01	
0.47816667	1.44722734e+01	
0.47975000	1.44664669e+01	
0.48133333	1.43814248e+01	
0.48291667	1.35704664e+01	
0.48450000	1.29181631e+01	
0.48608333	1.26716595e+01	
0.48766667	1.24504668e+01	
0.48925000	1.23443766e+01	
0.49083333	1.22961036e+01	
0.49241667	1.23227168e+01	
0.49400000	1.23141968e+01	
0.49558333	1.20740690e+01	
0.49716667	1.20261906e+01	
0.49875000	1.18410557e+01	
0.50033333	1.14731995e+01	
0.50191667	1.14869726e+01	
0.50350000	1.15745646e+01	
0.50508333	1.17359567e+01	
0.50666667	1.17707113e+01	
0.50825000	1.16027948e+01	
0.50983333	1.08803266e+01	
0.51141667	1.05031208e+01	
0.51300000	1.00970318e+01	
0.51458333	1.01144993e+01	
0.51616667	9.93702465e+00	
0.51775000	9.76944456e+00	
0.51933333	9.69169639e+00	
0.52091667	8.92094482e+00	
0.52250000	8.54015177e+00	
0.52408333	8.54880987e+00	
0.52566667	8.81357401e+00	
0.52725000	8.60382994e+00	
0.52883333	8.65166701e+00	
0.53041667	8.48799175e+00	
0.53200000	8.45864064e+00	
0.53358333	8.51776191e+00	
0.53516667	8.22060999e+00	
0.53675000	8.22771687e+00	
0.53833333	8.19118559e+00	
0.53991667	8.16795481e+00	
0.54150000	8.12975675e+00	
0.54308333	8.42547677e+00	
0.54466667	8.14192601e+00	
0.54625000	7.96399471e+00	
0.54783333	7.49526625e+00	
0.54941667	7.16749339e+00	
0.55100000	7.05785775e+00	
0.55258333	7.07160831e+00	
0.55416667	6.89706837e+00	
0.55575000	6.59623053e+00	
0.55733333	6.51231599e+00	
0.55891667	6.33406336e+00	
0.56050000	6.12984722e+00	
0.56208333	5.90273198e+00	
0.56366667	5.72294457e+00	
0.56525000	5.77230233e+00	
0.56683333	5.76849944e+00	
0.56841667	5.72600145e+00	
0.57000000	5.67670006e+00	
0.57158333	5.66726540e+00	
0.57316667	5.34636923e+00	
0.57475000	5.36153806e+00	
0.57633333	5.06017312e+00	
0.57791667	4.40948544e+00	
0.57950000	4.33691945e+00	
0.58108333	4.14036360e+00	
0.58266667	4.11944040e+00	
0.58425000	4.11643284e+00	
0.58583333	4.14802200e+00	
0.58741667	4.16430140e+00	
0.58900000	4.11541999e+00	
0.59058333	4.04443952e+00	
0.59216667	3.96865974e+00	
0.59375000	3.99681385e+00	
0.59533333	3.50699964e+00	
0.59691667	3.40406921e+00	
0.59850000	3.04267092e+00	
0.60008333	2.95751921e+00	
0.60166667	2.68518828e+00	
0.60325000	2.75243421e+00	
0.60483333	2.75357954e+00	
0.60641667	2.75790883e+00	
0.60800000	2.73747209e+00	
0.60958333	2.72363087e+00	
0.61116667	2.68363776e+00	
0.61275000	2.69747005e+00	
0.61433333	2.69450173e+00	
0.61591667	2.81200835e+00	
0.61750000	2.70837302e+00	
0.61908333	3.01960175e+00	
0.62066667	2.53972346e+00	
0.62225000	2.48151709e+00	
0.62383333	2.47341756e+00	
0.62541667	2.41078725e+00	
0.62700000	2.41173339e+00	
0.62858333	2.42310825e+00	
0.63016667	2.36828761e+00	
0.63175000	2.33439699e+00	
0.63333333	2.21364581e+00	
0.63491667	2.21982299e+00	
0.63650000	2.03668086e+00	
0.63808333	1.73947245e+00	
0.63966667	1.46626936e+00	
0.64125000	1.35461519e+00	
0.64283333	1.38546972e+00	
0.64441667	1.31252473e+00	
0.64600000	1.09076290e+00	
0.64758333	9.67781312e-01	
0.64916667	9.54324081e-01	
0.65075000	9.45431204e-01	
0.65233333	9.46156960e-01	
0.65391667	8.82023166e-01	
0.65550000	3.56864558e-01	
0.65708333	7.99932968e-01	
0.65866667	6.92874620e-01	
0.66025000	7.04553840e-01	
0.66183333	7.54397301e-01	
0.66341667	7.47503410e-01	
0.66500000	7.49732589e-01	
0.66658333	7.62910711e-01	
0.66816667	7.90606951e-01	
0.66975000	7.21969111e-01	
0.67133333	6.16047286e-01	
0.67291667	1.22244455e-01	
0.67450000	8.05957273e-03	
0.67608333	-1.47625070e-03	
0.67766667	-2.21500657e-03	
0.67925000	2.79533918e-05	
0.68083333	4.69054253e-04	
0.68241667	5.77357672e-04	
0.68400000	1.09335235e-04	
0.68558333	3.09749952e-05	
0.68716667	7.79262601e-06	
0.68875000	-4.81480484e-06	
0.69033333	-1.23836170e-05	
0.69191667	-1.60045254e-05	
0.69350000	-1.66675880e-05	
0.69508333	-1.54837611e-05	
0.69666667	-1.35632809e-05	
0.69825000	-1.12318004e-05	
0.69983333	-8.78497889e-06	
0.70141667	-6.13185268e-06	
0.70300000	-4.14644397e-06	
0.70458333	-2.54049015e-06	
0.70616667	-1.20738046e-06	
0.70775000	-1.08330953e-07	
0.70933333	5.66848531e-07	
0.71091667	7.26943867e-07	
0.71250000	9.78867475e-07	
0.71408333	1.30702069e-06	
0.71566667	1.44463186e-06	
0.71725000	1.68460991e-06	
0.71883333	1.48994159e-06	
0.72041667	1.71393350e-06	
0.72200000	1.88162821e-06	
0.72358333	1.73947400e-06	
0.72516667	1.74967901e-06	
0.72675000	1.53675880e-06	
0.72833333	1.32800327e-06	
0.72991667	1.16705630e-06	
0.73150000	8.17473441e-07	
0.73308333	6.85420803e-07	
0.73466667	6.47393977e-07	
0.73625000	5.56648905e-07	
0.73783333	5.02509316e-07	
0.73941667	4.46417143e-07	
0.74100000	9.04545028e-07	
0.74258333	8.60211982e-07	
0.74416667	7.62337455e-07	
0.74575000	7.24051449e-07	
0.74733333	8.39945345e-07	
0.74891667	9.79758026e-07	
0.75050000	6.27474387e-07	
0.75208333	5.21693257e-07	
0.75366667	5.65422427e-07	
0.75525000	4.27318186e-07	
0.75683333	4.40136125e-07	
0.75841667	2.71371237e-07	
0.76000000	5.89317859e-07	
0.76158333	6.30414799e-07	
0.76316667	6.17362574e-07	
0.76475000	6.59407132e-07	
0.76633333	6.50547815e-07	
0.76791667	8.38737035e-07	
0.76950000	7.36667919e-07	
0.77108333	4.87254287e-07	
0.77266667	3.82593907e-07	
0.77425000	4.42095009e-07	
0.77583333	5.08253326e-07	
0.77741667	4.17897975e-07	
0.77900000	2.70762965e-07	
0.78058333	6.41301632e-07	
0.78216667	6.91081425e-07	
0.78375000	7.33170450e-07	
0.78533333	6.36159425e-07	
0.78691667	6.88790587e-07	
0.78850000	7.58041166e-07	
0.79008333	5.65939498e-07	
0.79166667	4.51941791e-07	
0.79325000	1.99939443e-07	
0.79483333	2.39261636e-07	
0.79641667	4.26410245e-07	
0.79800000	3.21009624e-07	
0.79958333	4.11176050e-07	
0.80116667	4.16749616e-07	
0.80275000	5.24241987e-07	
0.80433333	7.37275154e-07	
0.80591667	6.14338046e-07	
0.80750000	7.87053044e-07	
0.80908333	7.29324029e-07	
0.81066667	4.61118755e-07	
0.81225000	3.18598716e-07	
0.81383333	1.28190900e-07	
0.81541667	4.23126370e-07	
0.81700000	3.93613746e-07	
0.81858333	2.48586754e-07	
0.82016667	5.78819404e-07	
0.82175000	7.11929089e-07	
0.82333333	7.47602465e-07	
0.82491667	5.96577521e-07	
0.82650000	5.96449947e-07	
0.82808333	7.86872492e-07	
0.82966667	5.46814360e-07	
0.83125000	3.66303840e-07	
0.83283333	2.61948506e-07	
0.83441667	3.03560529e-07	
0.83600000	4.49786814e-07	
0.83758333	2.68187242e-07	
0.83916667	3.87088669e-07	
0.84075000	6.05530251e-07	
0.84233333	6.51412829e-07	
0.84391667	7.01149389e-07	
0.84550000	5.51380805e-07	
0.84708333	8.97544209e-07	
0.84866667	6.69735284e-07	
0.85025000	5.65096324e-07	
0.85183333	3.95116909e-07	
0.85341667	2.66182576e-07	
0.85500000	3.14320040e-07	
0.85658333	2.38915904e-07	
0.85816667	2.25304732e-07	
0.85975000	3.88660015e-07	
0.86133333	5.22039520e-07	
0.86291667	7.05860600e-07	
0.86450000	6.31708681e-07	
0.86608333	6.61526267e-07	
0.86766667	6.89568069e-07	
0.86925000	4.97052599e-07	
0.87083333	4.65949335e-07	
0.87241667	2.40826598e-07	
0.87400000	4.49355735e-07	
0.87558333	4.11372955e-07	
0.87716667	2.88564848e-07	
0.87875000	2.48837422e-07	
0.88033333	3.87866040e-07	
0.88191667	5.29773915e-07	
0.88350000	6.29678534e-07	
0.88508333	5.16549538e-07	
0.88666667	6.16109349e-07	
0.88825000	6.57851382e-07	
0.88983333	5.98954548e-07	
0.89141667	4.22218849e-07	
0.89300000	3.41371970e-07	
0.89458333	5.00604615e-07	
0.89616667	4.20058944e-07	
0.89775000	3.15314224e-07	
0.89933333	3.44387537e-07	
0.90091667	5.03068221e-07	
0.90250000	7.14750999e-07	
0.90408333	5.90744691e-07	
0.90566667	5.22642947e-07	
0.90725000	6.83131029e-07	
0.90883333	7.40906413e-07	
0.91041667	6.70254035e-07	
0.91200000	3.94736428e-07	
0.91358333	4.07224820e-07	
0.91516667	4.33670355e-07	
0.91675000	3.74989634e-07	
0.91833333	2.79708555e-07	
0.91991667	3.04994977e-07	
0.92150000	6.52707495e-07	
0.92308333	6.76648626e-07	
0.92466667	6.53356957e-07	
0.92625000	6.12826034e-07	
0.92783333	6.60661028e-07	
0.92941667	5.83873911e-07	
0.93100000	3.09869128e-07	
0.93258333	1.00363342e-07	
0.93416667	3.34673229e-07	
0.93575000	3.22963160e-07	
0.93733333	2.83595605e-07	
0.93891667	4.09533300e-07	
0.94050000	4.46132510e-07	
0.94208333	7.33054245e-07	
0.94366667	5.86180766e-07	
0.94525000	7.73659035e-07	
0.94683333	6.74575077e-07	
0.94841667	8.04597791e-07	
0.95000000	7.47903927e-07	
0.95158333	3.42881797e-07	
0.95316667	3.86009333e-07	
0.95475000	3.31828889e-07	
0.95633333	2.07320267e-07	
0.95791667	1.10664459e-07	
0.95950000	2.58233187e-07	
0.96108333	4.69121570e-07	
0.96266667	4.72249198e-07	
0.96425000	7.04735342e-07	
0.96583333	6.49382962e-07	
0.96741667	5.88367720e-07	
0.96900000	6.85550449e-07	
0.97058333	4.23472130e-07	
0.97216667	2.63963392e-07	
0.97375000	2.60047081e-07	
0.97533333	1.71480282e-07	
0.97691667	2.83942961e-07	
0.97850000	8.66035180e-08	
0.98008333	2.95824958e-07	
0.98166667	6.98502710e-07	
0.98325000	6.81661579e-07	
0.98483333	6.39141335e-07	
0.98641667	5.96577353e-07	
0.98800000	6.06731897e-07	
0.98958333	6.34943442e-07	
0.99116667	3.18642146e-07	
0.99275000	2.00751648e-07	
0.99433333	3.17517307e-07	
0.99591667	4.71013223e-07	
0.99750000	3.94468036e-07	
0.99908333	3.27388842e-07	
1.00066667	2.19349340e-07	
1.00225000	2.78480196e-07	
1.00383333	6.08720266e-07	
1.00541667	6.08547274e-07	
1.00700000	5.14432419e-07	
1.00858333	6.41863953e-07	
1.01016667	5.21563275e-07	
1.01175000	5.22287723e-07	
1.01333333	2.67954523e-07	
1.01491667	2.56071238e-07	
1.01650000	3.58914169e-07	
1.01808333	3.40436868e-07	
1.01966667	4.31068478e-07	
1.02125000	4.12365347e-07	
1.02283333	5.76269890e-07	
1.02441667	7.46435709e-07	
1.02600000	5.75793588e-07	
1.02758333	6.04961377e-07	
1.02916667	5.47705976e-07	
1.03075000	3.39778502e-07	
1.03233333	2.84287964e-07	
1.03391667	1.87062450e-07	
1.03550000	3.36661010e-07	
1.03708333	2.79258015e-07	
1.03866667	2.71635793e-07	
1.04025000	4.55491622e-07	
1.04183333	6.73451722e-07	
1.04341667	8.14926502e-07	
1.04500000	7.05903610e-07	
1.04658333	5.51940550e-07	
1.04816667	6.46918292e-07	
1.04975000	5.52414611e-07	
1.05133333	3.66355363e-07	
1.05291667	2.26972626e-07	
1.05450000	2.63848951e-07	
1.05608333	3.46209551e-07	
1.05766667	2.90035306e-07	
1.05925000	3.61594113e-07	
1.06083333	2.91374578e-07	
1.06241667	5.13094183e-07	
1.06400000	5.63477236e-07	
1.06558333	4.77964367e-07	
1.06716667	8.24042983e-07	
1.06875000	7.66179227e-07	
1.07033333	7.12409758e-07	
1.07191667	6.00094703e-07	
1.07350000	4.29478875e-07	
1.07508333	5.00044141e-07	
1.07666667	3.96680527e-07	
1.07825000	2.70374224e-07	
1.07983333	2.41527946e-07	
1.08141667	6.44629749e-07	
1.08300000	6.38405014e-07	
1.08458333	5.37119093e-07	
1.08616667	5.81246049e-07	
1.08775000	6.70527719e-07	
1.08933333	5.02342820e-07	
1.09091667	5.28434503e-07	
1.09250000	2.08927735e-07	
1.09408333	2.51490345e-07	
1.09566667	2.24396595e-07	
1.09725000	1.56935212e-07	
1.09883333	3.43834344e-07	
1.10041667	4.07440038e-07	
1.10200000	7.62944970e-07	
1.10358333	6.34345224e-07	
1.10516667	5.93942099e-07	
1.10675000	5.43167196e-07	
1.10833333	6.10320202e-07	
1.10991667	5.16550882e-07	
1.11150000	3.15004951e-07	
1.11308333	3.14623125e-07	
1.11466667	4.18287025e-07	
1.11625000	3.17405442e-07	
1.11783333	3.68466461e-07	
1.11941667	3.09418896e-07	
1.12100000	6.40504492e-07	
1.12258333	9.03466027e-07	
1.12416667	6.62043562e-07	
1.12575000	6.47480893e-07	
1.12733333	6.23369851e-07	
1.12891667	6.42062146e-07	
1.13050000	5.91409777e-07	
1.13208333	3.74039047e-07	
1.13366667	2.45743731e-07	
1.13525000	2.73830195e-07	
1.13683333	2.89922993e-07	
1.13841667	1.68722817e-07	
1.14000000	2.27388165e-07	
1.14158333	5.81184950e-07	
1.14316667	5.73028128e-07	
1.14475000	5.75058611e-07	
1.14633333	6.22203767e-07	
1.14791667	5.52381738e-07	
1.14950000	7.51005850e-07	
1.15108333	4.62545335e-07	
1.15266667	2.53529228e-07	
1.15425000	2.64453918e-07	
1.15583333	2.73139712e-07	
1.15741667	3.33679408e-07	
1.15900000	1.74634596e-07	
1.16058333	4.59294361e-07	
1.16216667	6.89352964e-07	
1.16375000	6.79975735e-07	
1.16533333	8.27499067e-07	
1.16691667	7.33213236e-07	
1.16850000	7.77721681e-07	
1.17008333	6.85171144e-07	
1.17166667	3.50195698e-07	
1.17325000	3.07147126e-07	
1.17483333	2.29409926e-07	
1.17641667	3.69457482e-07	
1.17800000	2.59311572e-07	
1.17958333	3.29965196e-08	
1.18116667	4.04157059e-07	
1.18275000	4.56789032e-07	
1.18433333	5.89405055e-07	
1.18591667	5.50515062e-07	
1.18750000	5.65984916e-07	
1.18908333	6.84255223e-07	
1.19066667	5.18493273e-07	
1.19225000	3.66995611e-07	
1.19383333	2.29453118e-07	
1.19541667	3.12375661e-07	
1.19700000	3.15790610e-07	
1.19858333	2.23318308e-07	
1.20016667	2.35891629e-07	
1.20175000	5.23292801e-07	
1.20333333	4.69751346e-07	
1.20491667	6.66969655e-07	
1.20650000	5.49995359e-07	
1.20808333	6.53789184e-07	
1.20966667	6.01247738e-07	
1.21125000	2.85619760e-07	
1.21283333	2.70849881e-07	
1.21441667	2.04122229e-07	
1.21600000	3.28321788e-07	
1.21758333	1.51343151e-07	
1.21916667	1.51756757e-07	
1.22075000	3.12305489e-07	
1.22233333	5.10622904e-07	
1.22391667	6.40698261e-07	
1.22550000	7.26774515e-07	
1.22708333	7.28070301e-07	
1.22866667	8.72362288e-07	
1.23025000	7.99583942e-07	
1.23183333	4.54307393e-07	
1.23341667	2.81176437e-07	
1.23500000	2.62942214e-07	
1.23658333	4.43954909e-07	
1.23816667	4.08262127e-07	
1.23975000	4.74521556e-07	
1.24133333	5.50194448e-07	
1.24291667	7.21979524e-07	
1.24450000	6.76823242e-07	
1.24608333	5.10326595e-07	
1.24766667	5.02896461e-07	
1.24925000	6.51595790e-07	
1.25083333	4.53540383e-07	
1.25241667	2.66338291e-07	
1.25400000	2.34897668e-07	
1.25558333	4.18287417e-07	
1.25716667	2.74607370e-07	
1.25875000	2.30360358e-07	
1.26033333	3.28753903e-07	
1.26191667	4.89826931e-07	
1.26350000	5.82362067e-07	
1.26508333	6.12437657e-07	
1.26666667	6.04271090e-07	
1.26825000	6.77770356e-07	
1.26983333	4.98831127e-07	
1.27141667	3.79786949e-07	
1.27300000	1.27031858e-07	
1.27458333	2.44447637e-07	
1.27616667	2.77418108e-07	
1.27775000	2.05841982e-07	
1.27933333	3.10458751e-07	
1.28091667	4.90019468e-07	
1.28250000	6.40566543e-07	
@ 
0.00000000	6.63815146e-07	
0.00158333	5.58207511e-07	
0.00316667	7.01754664e-07	
0.00475000	4.78306542e-07	
0.00633333	5.47789756e-07	
0.00791667	3.20024540e-07	
0.00950000	2.58879232e-07	
0.01108333	3.15184523e-07	
0.01266667	2.84012852e-07	
0.01425000	2.59934067e-07	
0.01583333	2.98331910e-07	
0.01741667	7.59917642e-07	
0.01900000	5.54447054e-07	
0.02058333	4.26281888e-07	
0.02216667	4.21036216e-07	
0.02375000	5.90053228e-07	
0.02533333	4.82975359e-07	
0.02691667	3.00173329e-07	
0.02850000	5.94681164e-08	
0.03008333	1.49166039e-07	
0.03166667	1.91945211e-07	
0.03325000	9.67597837e-08	
0.03483333	4.32885949e-08	
0.03641667	4.85359323e-08	
0.03800000	4.71367551e-07	
0.03958333	5.37766146e-07	
0.04116667	4.87945190e-07	
0.04275000	5.73633403e-07	
0.04433333	5.21995222e-07	
0.04591667	5.73669693e-07	
0.04750000	1.47126470e-07	
0.04908333	4.38602510e-08	
0.05066667	1.41482844e-07	
0.05225000	-4.14858346e-09	
0.05383333	2.26778291e-08	
0.05541667	-3.42231111e-08	
0.05700000	2.79543403e-07	
0.05858333	4.67219276e-07	
0.06016667	4.41794052e-07	
0.06175000	5.11061348e-07	
0.06333333	5.49718538e-07	
0.06491667	6.29808572e-07	
0.06650000	4.85998543e-07	
0.06808333	1.15054790e-07	
0.06966667	2.51274987e-07	
0.07125000	2.98202097e-07	
0.07283333	2.50436461e-07	
0.07441667	2.09497924e-07	
0.07600000	1.08754213e-07	
0.07758333	3.98841552e-07	
0.07916667	3.28061740e-07	
0.08075000	4.95592278e-07	
0.08233333	3.96334180e-07	
0.08391667	4.73121941e-07	
0.08550000	4.71738735e-07	
0.08708333	1.55821448e-07	
0.08866667	4.26228895e-08	
0.09025000	3.11555980e-08	
0.09183333	3.87607812e-08	
0.09341667	7.23016872e-08	
0.09500000	-1.82881120e-07	
0.09658333	-4.86821164e-08	
0.09816667	3.10431869e-07	
0.09975000	4.64263856e-07	
0.10133333	5.27655004e-07	
0.10291667	4.93390035e-07	
0.10450000	5.89578999e-07	
0.10608333	5.12488572e-07	
0.10766667	2.83596193e-07	
0.10925000	3.06539975e-08	
0.11083333	-1.01199857e-08	
0.11241667	9.35095518e-08	
0.11400000	2.51746766e-08	
0.11558333	1.03846048e-07	
0.11716667	2.43825001e-07	
0.11875000	3.71203192e-07	
0.12033333	4.70788821e-07	
0.12191667	4.49183219e-07	
0.12350000	4.51559658e-07	
0.12508333	6.18917539e-07	
0.12666667	4.15131227e-07	
0.12825000	1.33601135e-07	
0.12983333	7.83244915e-08	
0.13141667	1.43724998e-08	
0.13300000	3.04070684e-07	
0.13458333	7.82988493e-08	
0.13616667	2.55587768e-07	
0.13775000	4.92351132e-07	
0.13933333	5.03503081e-07	
0.14091667	5.06568154e-07	
0.14250000	4.14009329e-07	
0.14408333	4.15998230e-07	
0.14566667	2.79699286e-07	
0.14725000	1.47549611e-07	
0.14883333	7.67439396e-08	
0.15041667	-1.99209601e-08	
0.15200000	1.48214795e-07	
0.15358333	9.50219837e-08	
0.15516667	7.38577941e-08	
0.15675000	7.00032391e-08	
0.15833333	2.31700149e-07	
0.15991667	4.69319315e-07	
0.16150000	5.04623075e-07	
0.16308333	4.98746619e-07	
0.16466667	4.58256746e-07	
0.16625000	3.07215729e-07	
0.16783333	1.87398633e-07	
0.16941667	2.63588707e-08	
0.17100000	1.75004948e-08	
0.17258333	1.23757209e-07	
0.17416667	-1.06612103e-07	
0.17575000	6.42630935e-08	
0.17733333	1.82438322e-07	
0.17891667	5.83008616e-07	
0.18050000	4.50479593e-07	
0.18208333	3.40376553e-07	
0.18366667	4.69778703e-07	
0.18525000	3.92110358e-07	
0.18683333	3.56769861e-07	
0.18841667	1.59364013e-07	
0.19000000	-2.57714936e-08	
0.19158333	1.21813320e-07	
0.19316667	1.36246385e-07	
0.19475000	2.03526264e-07	
0.19633333	9.98714023e-08	
0.19791667	2.97641931e-07	
0.19950000	3.99447079e-07	
0.20108333	2.85757470e-07	
0.20266667	4.40756745e-07	
0.20425000	6.21164976e-07	
0.20583333	4.37933322e-07	
0.20741667	4.09220386e-07	
0.20900000	2.46306122e-08	
0.21058333	1.63330615e-07	
0.21216667	1.58023635e-07	
0.21375000	1.66719663e-07	
0.21533333	-7.81093158e-08	
0.21691667	-8.85911452e-08	
0.21850000	2.56469864e-07	
0.22008333	3.59475902e-07	
0.22166667	3.57099407e-07	
0.22325000	3.84538707e-07	
0.22483333	3.54489018e-07	
0.22641667	4.82773974e-07	
0.22800000	1.62544115e-07	
0.22958333	-1.88236661e-08	
0.23116667	-2.97813243e-08	
0.23275000	1.72715428e-10	
0.23433333	4.10502795e-08	
0.23591667	9.61969304e-08	
0.23750000	2.81495343e-07	
0.23908333	4.81956114e-07	
0.24066667	4.14053067e-07	
0.24225000	4.38121687e-07	
0.24383333	4.01953444e-07	
0.24541667	5.49089462e-07	
0.24700000	3.76674330e-07	
0.24858333	9.30086934e-08	
0.25016667	5.75145912e-08	
0.25175000	8.06755260e-08	
0.25333333	8.62676779e-08	
0.25491667	-2.81474370e-08	
0.25650000	1.35631394e-07	
0.25808333	5.39106174e-07	
0.25966667	6.46918348e-07	
0.26125000	4.38120707e-07	
0.26283333	4.23714480e-07	
0.26441667	5.12141356e-07	
0.26600000	5.21000954e-07	
0.26758333	1.95620068e-07	
0.26916667	-1.41732393e-08	
0.27075000	1.05997573e-07	
0.27233333	6.66568719e-08	
0.27391667	9.00698285e-08	
0.27550000	8.78332141e-08	
0.27708333	1.42468643e-07	
0.27866667	3.99490985e-07	
0.28025000	3.69778656e-07	
0.28183333	4.66251553e-07	
0.28341667	3.06758468e-07	
0.28500000	3.50442417e-07	
0.28658333	4.31339083e-07	
0.28816667	1.17664458e-07	
0.28975000	3.52004250e-08	
0.29133333	-1.15115272e-07	
0.29291667	9.22087675e-09	
0.29450000	-4.07309531e-08	
0.29608333	-1.02368337e-07	
0.29766667	3.67599794e-07	
0.29925000	3.20111064e-07	
0.30083333	4.85179002e-07	
0.30241667	3.68549317e-07	
0.30400000	2.77287790e-07	
0.30558333	4.95204516e-07	
0.30716667	2.38761729e-07	
0.30875000	1.88616505e-07	
0.31033333	1.25080310e-07	
0.31191667	7.92671258e-08	
0.31350000	2.33877288e-07	
0.31508333	8.55321269e-08	
0.31666667	1.60834019e-08	
0.31825000	1.25071420e-07	
0.31983333	3.27802449e-07	
0.32141667	3.97071117e-07	
0.32300000	3.79483444e-07	
0.32458333	4.31120421e-07	
0.32616667	3.77409979e-07	
0.32775000	2.81359089e-07	
0.32933333	8.85908161e-08	
0.33091667	-3.07238536e-08	
0.33250000	1.21683590e-07	
0.33408333	5.15507086e-08	
0.33566667	2.06634292e-08	
0.33725000	2.24441523e-07	
0.33883333	2.67434932e-07	
0.34041667	3.77581822e-07	
0.34200000	2.71324811e-07	
0.34358333	2.86016566e-07	
0.34516667	4.07232913e-07	
0.34675000	5.09548440e-07	
0.34833333	2.45743871e-07	
0.34991667	-1.45106492e-08	
0.35150000	6.26546532e-09	
0.35308333	1.97562599e-07	
0.35466667	-8.76250948e-08	
0.35625000	6.21808291e-08	
0.35783333	1.89751116e-07	
0.35941667	3.84366135e-07	
0.36100000	5.50039153e-07	
0.36258333	3.75118636e-07	
0.36416667	5.23941590e-07	
0.36575000	5.22037672e-07	
0.36733333	2.90294878e-07	
0.36891667	1.86448536e-07	
0.37050000	2.73263754e-08	
0.37208333	1.78204168e-07	
0.37366667	1.83623391e-07	
0.37525000	1.08858301e-07	
0.37683333	9.71821616e-08	
0.37841667	2.13939344e-07	
0.38000000	3.54160451e-07	
0.38158333	2.77936607e-07	
0.38316667	3.81729088e-07	
0.38475000	2.96603617e-07	
0.38633333	4.02108375e-07	
0.38791667	2.42156294e-07	
0.38950000	-1.21953172e-08	
0.39108333	-2.23841711e-08	
0.39266667	-9.01299262e-08	
0.39425000	-2.12942782e-08	
0.39583333	-1.82092696e-08	
0.39741667	1.69804869e-07	
0.39900000	2.34465329e-07	
0.40058333	3.49320742e-07	
0.40216667	2.85670470e-07	
0.40375000	4.18373857e-07	
0.40533333	3.76243138e-07	
0.40691667	1.86457748e-07	
0.40850000	5.29772046e-08	
0.41008333	1.24785429e-08	
0.41166667	1.32399811e-07	
0.41325000	4.62282543e-08	
0.41483333	1.57446739e-07	
0.41641667	1.09013771e-07	
0.41800000	2.99369973e-07	
0.41958333	4.77400757e-07	
0.42116667	3.60469835e-07	
0.42275000	3.27947579e-07	
0.42433333	3.83786929e-07	
0.42591667	3.91929330e-07	
0.42750000	4.00699996e-07	
0.42908333	1.33696031e-07	
0.43066667	1.10232210e-07	
0.43225000	1.27086166e-07	
0.43383333	2.46307119e-08	
0.43541667	-2.26956729e-08	
0.43700000	5.00216440e-08	
0.43858333	4.21268291e-07	
0.44016667	2.53046094e-07	
0.44175000	1.73493867e-07	
0.44333333	3.55931363e-07	
0.44491667	3.57574225e-07	
0.44650000	4.41500934e-07	
0.44808333	2.72241516e-07	
0.44966667	3.93655244e-08	
0.45125000	1.03240765e-07	
0.45283333	1.49270372e-07	
0.45441667	1.43081534e-07	
0.45600000	1.66752998e-07	
0.45758333	2.46556047e-07	
0.45916667	4.56875136e-07	
0.46075000	3.56970098e-07	
0.46233333	4.50998541e-07	
0.46391667	3.99524979e-07	
0.46550000	5.88196185e-07	
0.46708333	3.77028126e-07	
0.46866667	1.60289790e-07	
0.47025000	2.42761485e-07	
0.47183333	3.54550537e-07	
0.47341667	4.97883172e-07	
0.47500000	6.29635188e-07	
0.47658333	6.23966110e-07	
0.47816667	1.12015980e-06	
0.47975000	1.43638863e-06	
0.48133333	1.85690298e-06	
0.48291667	2.36046470e-06	
0.48450000	2.92675494e-06	
0.48608333	3.66464024e-06	
0.48766667	3.75002190e-06	
0.48925000	3.89448105e-06	
0.49083333	4.23040877e-06	
0.49241667	5.02065530e-06	
0.49400000	6.50004859e-06	
0.49558333	8.51878327e-06	
0.49716667	1.16236827e-05	
0.49875000	1.52470434e-05	
0.50033333	1.88590944e-05	
0.50191667	2.15676698e-05	
0.50350000	2.34318152e-05	
0.50508333	2.55178183e-05	
0.50666667	2.80557930e-05	
0.50825000	3.22285376e-05	
0.50983333	3.84289817e-05	
0.51141667	4.65678188e-05	
0.51300000	5.80733156e-05	
0.51458333	7.28243559e-05	
0.51616667	9.14768091e-05	
0.51775000	1.16181777e-04	
0.51933333	1.45315270e-04	
0.52091667	1.79105778e-04	
0.52250000	2.17911616e-04	
0.52408333	2.46323402e-04	
0.52566667	2.75518686e-04	
0.52725000	2.68227815e-04	
0.52883333	2.40032111e-04	
0.53041667	2.76561792e-04	
0.53200000	4.33944100e-04	
0.53358333	6.68328548e-04	
0.53516667	5.67981335e-04	
0.53675000	1.06546412e-03	
0.53833333	9.81816916e-04	
0.53991667	9.52401737e-04	
0.54150000	1.92088758e-03	
0.54308333	2.99100526e-03	
0.54466667	3.39439757e-03	
0.54625000	4.93064276e-03	
0.54783333	5.40325698e-03	
0.54941667	1.39610691e-02	
0.55100000	2.23726140e-02	
0.55258333	2.23004509e-02	
0.55416667	2.39475436e-02	
0.55575000	2.61921839e-02	
0.55733333	2.87579742e-02	
0.55891667	4.33285933e-02	
0.56050000	4.95676876e-02	
0.56208333	7.97171099e-02	
0.56366667	6.98385249e-02	
0.56525000	7.79389881e-02	
0.56683333	8.97532557e-02	
0.56841667	1.05806890e-01	
0.57000000	3.60960626e-01	
0.57158333	5.92922975e-01	
0.57316667	6.34189370e-01	
0.57475000	9.44200372e-01	
0.57633333	3.88300982e+00	
0.57791667	5.87297686e+00	
0.57950000	6.29280278e+00	
0.58108333	7.40861240e+00	
0.58266667	8.21992786e+00	
0.58425000	8.96713766e+00	
0.58583333	9.06580433e+00	
0.58741667	9.58850758e+00	
0.58900000	1.00995029e+01	
0.59058333	1.04685796e+01	
0.59216667	1.20515166e+01	
0.59375000	1.29386842e+01	
0.59533333	1.43857760e+01	
0.59691667	1.56611808e+01	
0.59850000	1.62365712e+01	
0.60008333	1.68962538e+01	
0.60166667	1.75775201e+01	
0.60325000	1.84857951e+01	
0.60483333	1.88567847e+01	
0.60641667	1.90510926e+01	
0.60800000	2.05011948e+01	
0.60958333	2.12130853e+01	
0.61116667	2.32368189e+01	
0.61275000	2.35072505e+01	
0.61433333	2.38277065e+01	
0.61591667	2.46605982e+01	
0.61750000	2.50046655e+01	
0.61908333	2.63022760e+01	
0.62066667	2.66260280e+01	
0.62225000	2.67184061e+01	
0.62383333	2.74386062e+01	
0.62541667	2.80903457e+01	
0.62700000	2.84144040e+01	
0.62858333	2.89992032e+01	
0.63016667	2.91298837e+01	
0.63175000	2.96861821e+01	
0.63333333	3.02226895e+01	
