start voltage : 0.00 V 
set voltage : 0.10 V 
High G : 30.00 G0 
Intermediate G : 20.00 G0 
Low G : 10.00 G0 
Breaking speed 1 : 300.00 V/s 
Breaking speed 2 : 300.00 V/s 
Making speed : 500.00 V/s 
Post breaking : 230.00 V/s 
@ 
0.00000000	5.00946511e+01	
0.00158333	5.06339471e+01	
0.00316667	5.07192221e+01	
0.00475000	5.06484126e+01	
0.00633333	5.06399641e+01	
0.00791667	5.08515506e+01	
0.00950000	5.02603718e+01	
0.01108333	5.08085673e+01	
0.01266667	5.05147913e+01	
0.01425000	5.05788020e+01	
0.01583333	5.05438840e+01	
0.01741667	5.04746229e+01	
0.01900000	5.06186697e+01	
0.02058333	5.05904790e+01	
0.02216667	5.05476723e+01	
0.02375000	5.06930308e+01	
0.02533333	5.05207331e+01	
0.02691667	5.07588192e+01	
0.02850000	5.02213347e+01	
0.03008333	5.02624952e+01	
0.03166667	5.05515885e+01	
0.03325000	5.04332482e+01	
0.03483333	5.05875814e+01	
0.03641667	5.05072409e+01	
0.03800000	5.04637503e+01	
0.03958333	5.00872135e+01	
0.04116667	5.02723381e+01	
0.04275000	5.04686661e+01	
0.04433333	5.03120366e+01	
0.04591667	5.04228265e+01	
0.04750000	5.05402385e+01	
0.04908333	5.01210228e+01	
0.05066667	5.03772350e+01	
0.05225000	5.02321735e+01	
0.05383333	5.02202711e+01	
0.05541667	5.04124913e+01	
0.05700000	4.99957636e+01	
0.05858333	5.01917308e+01	
0.06016667	5.01591166e+01	
0.06175000	5.02483002e+01	
0.06333333	5.01198314e+01	
0.06491667	4.99516641e+01	
0.06650000	5.01705831e+01	
0.06808333	5.00135665e+01	
0.06966667	5.00910168e+01	
0.07125000	5.01073503e+01	
0.07283333	5.00825795e+01	
0.07441667	5.03433505e+01	
0.07600000	4.98254879e+01	
0.07758333	5.00417723e+01	
0.07916667	4.99682155e+01	
0.08075000	5.01951471e+01	
0.08233333	5.01884762e+01	
0.08391667	5.00316701e+01	
0.08550000	4.99592182e+01	
0.08708333	4.96540772e+01	
0.08866667	4.92696818e+01	
0.09025000	4.98359096e+01	
0.09183333	4.94248117e+01	
0.09341667	4.94179980e+01	
0.09500000	4.94639015e+01	
0.09658333	4.94170584e+01	
0.09816667	4.95169569e+01	
0.09975000	4.92465046e+01	
0.10133333	4.92620338e+01	
0.10291667	4.92587829e+01	
0.10450000	4.93191519e+01	
0.10608333	4.90530667e+01	
0.10766667	4.89188365e+01	
0.10925000	4.90724481e+01	
0.11083333	4.91993609e+01	
0.11241667	4.91229968e+01	
0.11400000	4.91813100e+01	
0.11558333	4.90930359e+01	
0.11716667	4.90007705e+01	
0.11875000	4.89567123e+01	
0.12033333	4.89641837e+01	
0.12191667	4.86448327e+01	
0.12350000	4.85472681e+01	
0.12508333	4.86578213e+01	
0.12666667	4.85109671e+01	
0.12825000	4.86901085e+01	
0.12983333	4.87064307e+01	
0.13141667	4.84152440e+01	
0.13300000	4.85746960e+01	
0.13458333	4.84331822e+01	
0.13616667	4.83013573e+01	
0.13775000	4.82443858e+01	
0.13933333	4.80596520e+01	
0.14091667	4.80456525e+01	
0.14250000	4.75927778e+01	
0.14408333	4.76930483e+01	
0.14566667	4.77152860e+01	
0.14725000	4.74377005e+01	
0.14883333	4.76975056e+01	
0.15041667	4.74548157e+01	
0.15200000	4.74544849e+01	
0.15358333	4.72823075e+01	
0.15516667	4.70450182e+01	
0.15675000	4.71882833e+01	
0.15833333	4.68279107e+01	
0.15991667	4.66881221e+01	
0.16150000	4.67629491e+01	
0.16308333	4.68199620e+01	
0.16466667	4.67956460e+01	
0.16625000	4.65168880e+01	
0.16783333	4.64318836e+01	
0.16941667	4.65953643e+01	
0.17100000	4.63204510e+01	
0.17258333	4.63871038e+01	
0.17416667	4.58463121e+01	
0.17575000	4.57237250e+01	
0.17733333	4.55104622e+01	
0.17891667	4.55014461e+01	
0.18050000	4.55946323e+01	
0.18208333	4.53081698e+01	
0.18366667	4.55880065e+01	
0.18525000	4.51232820e+01	
0.18683333	4.50823282e+01	
0.18841667	4.49166526e+01	
0.19000000	4.49396043e+01	
0.19158333	4.49251651e+01	
0.19316667	4.48689752e+01	
0.19475000	4.47650367e+01	
0.19633333	4.46560207e+01	
0.19791667	4.45770031e+01	
0.19950000	4.46847564e+01	
0.20108333	4.46124135e+01	
0.20266667	4.43990117e+01	
0.20425000	4.42788525e+01	
0.20583333	4.43608653e+01	
0.20741667	4.41998086e+01	
0.20900000	4.40710730e+01	
0.21058333	4.33850957e+01	
0.21216667	4.24484872e+01	
0.21375000	4.17182525e+01	
0.21533333	4.19269227e+01	
0.21691667	4.17158548e+01	
0.21850000	4.19308801e+01	
0.22008333	4.18111118e+01	
0.22166667	4.17531518e+01	
0.22325000	4.19588341e+01	
0.22483333	4.13669750e+01	
0.22641667	4.13354056e+01	
0.22800000	4.12722592e+01	
0.22958333	4.12546142e+01	
0.23116667	4.08279233e+01	
0.23275000	4.05510595e+01	
0.23433333	4.04479552e+01	
0.23591667	4.02530553e+01	
0.23750000	4.00285404e+01	
0.23908333	3.99781270e+01	
0.24066667	4.00406608e+01	
0.24225000	3.98703700e+01	
0.24383333	3.96952988e+01	
0.24541667	3.96136918e+01	
0.24700000	3.97631354e+01	
0.24858333	3.93757372e+01	
0.25016667	3.92797962e+01	
0.25175000	3.87870990e+01	
0.25333333	3.88263728e+01	
0.25491667	3.88577581e+01	
0.25650000	3.88021396e+01	
0.25808333	3.87544058e+01	
0.25966667	3.89679617e+01	
0.26125000	3.88071456e+01	
0.26283333	3.87607648e+01	
0.26441667	3.84172556e+01	
0.26600000	3.81681278e+01	
0.26758333	3.75670910e+01	
0.26916667	3.71605970e+01	
0.27075000	3.72503256e+01	
0.27233333	3.68799975e+01	
0.27391667	3.68788925e+01	
0.27550000	3.66482027e+01	
0.27708333	3.67232553e+01	
0.27866667	3.66659417e+01	
0.28025000	3.63004617e+01	
0.28183333	3.62817794e+01	
0.28341667	3.59852485e+01	
0.28500000	3.59363009e+01	
0.28658333	3.58268076e+01	
0.28816667	3.58066482e+01	
0.28975000	3.57514017e+01	
0.29133333	3.55943326e+01	
0.29291667	3.53687202e+01	
0.29450000	3.50754177e+01	
0.29608333	3.46189613e+01	
0.29766667	3.45570251e+01	
0.29925000	3.44658834e+01	
0.30083333	3.43821418e+01	
0.30241667	3.40871180e+01	
0.30400000	3.38671542e+01	
0.30558333	3.37661884e+01	
0.30716667	3.34999041e+01	
0.30875000	3.37251933e+01	
0.31033333	3.38558231e+01	
0.31191667	3.33310152e+01	
0.31350000	3.32932597e+01	
0.31508333	3.31774111e+01	
0.31666667	3.31296361e+01	
0.31825000	3.33923012e+01	
0.31983333	3.32132312e+01	
0.32141667	3.32330109e+01	
0.32300000	3.27906594e+01	
0.32458333	3.22608379e+01	
0.32616667	3.21999240e+01	
0.32775000	3.17805542e+01	
0.32933333	3.17258038e+01	
0.33091667	3.11826688e+01	
0.33250000	3.08858898e+01	
0.33408333	3.04849920e+01	
0.33566667	3.03997658e+01	
0.33725000	3.04339265e+01	
0.33883333	3.01059239e+01	
0.34041667	3.00578125e+01	
0.34200000	2.92343334e+01	
0.34358333	2.93171581e+01	
0.34516667	2.92884581e+01	
0.34675000	2.91565411e+01	
0.34833333	2.96450592e+01	
0.34991667	2.90496899e+01	
0.35150000	2.88435904e+01	
0.35308333	2.90649127e+01	
0.35466667	2.88616845e+01	
0.35625000	2.88339636e+01	
0.35783333	2.88339128e+01	
0.35941667	2.82117753e+01	
0.36100000	2.80491833e+01	
0.36258333	2.79393255e+01	
0.36416667	2.78505929e+01	
0.36575000	2.77835135e+01	
0.36733333	2.74138524e+01	
0.36891667	2.70864568e+01	
0.37050000	2.67630975e+01	
0.37208333	2.64228581e+01	
0.37366667	2.66546885e+01	
0.37525000	2.65567556e+01	
0.37683333	2.67137703e+01	
0.37841667	2.61968567e+01	
0.38000000	2.64440490e+01	
0.38158333	2.57684953e+01	
0.38316667	2.57662967e+01	
0.38475000	2.55612326e+01	
0.38633333	2.54580983e+01	
0.38791667	2.52889350e+01	
0.38950000	2.52131646e+01	
0.39108333	2.50121782e+01	
0.39266667	2.49875428e+01	
0.39425000	2.51030174e+01	
0.39583333	2.49883208e+01	
0.39741667	2.47465234e+01	
0.39900000	2.51721488e+01	
0.40058333	2.52376591e+01	
0.40216667	2.52608608e+01	
0.40375000	2.49706175e+01	
0.40533333	2.48338016e+01	
0.40691667	2.47574299e+01	
0.40850000	2.49169588e+01	
0.41008333	2.50184339e+01	
0.41166667	2.46737671e+01	
0.41325000	2.42790892e+01	
0.41483333	2.39780597e+01	
0.41641667	2.40199587e+01	
0.41800000	2.37773439e+01	
0.41958333	2.33904568e+01	
0.42116667	2.27702942e+01	
0.42275000	2.26038520e+01	
0.42433333	2.28597522e+01	
0.42591667	2.24950182e+01	
0.42750000	2.26330443e+01	
0.42908333	2.24215836e+01	
0.43066667	2.18487395e+01	
0.43225000	2.13746719e+01	
0.43383333	2.08828597e+01	
0.43541667	2.03437347e+01	
0.43700000	2.03077907e+01	
0.43858333	2.00953378e+01	
0.44016667	2.02120714e+01	
0.44175000	2.00445881e+01	
0.44333333	2.01175435e+01	
0.44491667	1.91112474e+01	
0.44650000	1.89267373e+01	
0.44808333	1.88698822e+01	
0.44966667	1.90809802e+01	
0.45125000	1.89497999e+01	
0.45283333	1.83387229e+01	
0.45441667	1.83269144e+01	
0.45600000	1.82188117e+01	
0.45758333	1.79071613e+01	
0.45916667	1.78673030e+01	
0.46075000	1.76006410e+01	
0.46233333	1.75916042e+01	
0.46391667	1.75875152e+01	
0.46550000	1.75032718e+01	
0.46708333	1.67480767e+01	
0.46866667	1.64797967e+01	
0.47025000	1.64860035e+01	
0.47183333	1.64864432e+01	
0.47341667	1.64841300e+01	
0.47500000	1.65146490e+01	
0.47658333	1.62587224e+01	
0.47816667	1.58882025e+01	
0.47975000	1.51207949e+01	
0.48133333	1.48648749e+01	
0.48291667	1.47502835e+01	
0.48450000	1.44979959e+01	
0.48608333	1.46257224e+01	
0.48766667	1.47022886e+01	
0.48925000	1.44946867e+01	
0.49083333	1.45403440e+01	
0.49241667	1.42406694e+01	
0.49400000	1.37075698e+01	
0.49558333	1.35036595e+01	
0.49716667	1.33118630e+01	
0.49875000	1.29661872e+01	
0.50033333	1.32704394e+01	
0.50191667	1.30489949e+01	
0.50350000	1.30640684e+01	
0.50508333	1.31749410e+01	
0.50666667	1.30318563e+01	
0.50825000	1.26210103e+01	
0.50983333	1.22185367e+01	
0.51141667	1.16978169e+01	
0.51300000	1.15016825e+01	
0.51458333	1.14128117e+01	
0.51616667	1.11999981e+01	
0.51775000	1.13688701e+01	
0.51933333	1.12877489e+01	
0.52091667	1.10991929e+01	
0.52250000	1.12382751e+01	
0.52408333	1.11002650e+01	
0.52566667	1.11882122e+01	
0.52725000	1.11544780e+01	
0.52883333	1.06515244e+01	
0.53041667	1.10774288e+01	
0.53200000	1.10117165e+01	
0.53358333	1.12238753e+01	
0.53516667	1.08810275e+01	
0.53675000	1.08020279e+01	
0.53833333	1.07491791e+01	
0.53991667	1.06505444e+01	
0.54150000	9.85031021e+00	
0.54308333	9.81896064e+00	
0.54466667	1.00499192e+01	
0.54625000	1.00174628e+01	
0.54783333	9.84574767e+00	
0.54941667	9.41943733e+00	
0.55100000	9.56071146e+00	
0.55258333	9.68238998e+00	
0.55416667	9.60336683e+00	
0.55575000	9.53460655e+00	
0.55733333	9.22636305e+00	
0.55891667	9.13858219e+00	
0.56050000	8.97869244e+00	
0.56208333	9.01107177e+00	
0.56366667	8.84157590e+00	
0.56525000	8.98181274e+00	
0.56683333	8.81665391e+00	
0.56841667	8.87273474e+00	
0.57000000	8.84109202e+00	
0.57158333	8.64353600e+00	
0.57316667	8.25055772e+00	
0.57475000	8.10804807e+00	
0.57633333	7.95974129e+00	
0.57791667	7.94643892e+00	
0.57950000	7.93412966e+00	
0.58108333	7.86362038e+00	
0.58266667	7.76967268e+00	
0.58425000	7.50833092e+00	
0.58583333	7.38065091e+00	
0.58741667	6.99836442e+00	
0.58900000	6.54050486e+00	
0.59058333	7.22023547e+00	
0.59216667	7.12670776e+00	
0.59375000	7.11491479e+00	
0.59533333	7.22014152e+00	
0.59691667	7.27780646e+00	
0.59850000	7.14841550e+00	
0.60008333	6.69372650e+00	
0.60166667	5.95970164e+00	
0.60325000	5.72344818e+00	
0.60483333	5.23002744e+00	
0.60641667	5.17475182e+00	
0.60800000	4.98294219e+00	
0.60958333	5.02574648e+00	
0.61116667	4.41916438e+00	
0.61275000	4.10004399e+00	
0.61433333	3.58631641e+00	
0.61591667	3.22921758e+00	
0.61750000	3.18914296e+00	
0.61908333	3.22240384e+00	
0.62066667	3.16842764e+00	
0.62225000	3.13385912e+00	
0.62383333	3.01378396e+00	
0.62541667	2.77524500e+00	
0.62700000	2.58096830e+00	
0.62858333	2.63603323e+00	
0.63016667	2.38038523e+00	
0.63175000	2.26569450e+00	
0.63333333	1.73562433e+00	
0.63491667	1.02502298e+00	
0.63650000	9.84825455e-01	
0.63808333	9.97022728e-01	
0.63966667	9.45767803e-01	
0.64125000	9.77840720e-01	
0.64283333	9.89672854e-01	
0.64441667	8.50155427e-01	
0.64600000	-9.46122299e-03	
0.64758333	5.29362868e-03	
0.64916667	1.49542444e-04	
0.65075000	-7.66425596e-04	
0.65233333	-8.50785846e-04	
0.65391667	-5.68589087e-05	
0.65550000	9.58467999e-07	
0.65708333	2.94529097e-05	
0.65866667	5.22074206e-05	
0.66025000	6.46153875e-05	
0.66183333	6.35158172e-05	
0.66341667	5.34647550e-05	
0.66500000	4.18176337e-05	
0.66658333	3.23939824e-05	
0.66816667	2.46967928e-05	
0.66975000	1.86064541e-05	
0.67133333	1.37657116e-05	
0.67291667	9.99026049e-06	
0.67450000	7.41155490e-06	
0.67608333	5.10305560e-06	
0.67766667	3.64147917e-06	
0.67925000	2.57788258e-06	
0.68083333	1.60400247e-06	
0.68241667	1.36893349e-06	
0.68400000	9.42139683e-07	
0.68558333	7.45874284e-07	
0.68716667	7.44058794e-07	
0.68875000	7.63504939e-07	
0.69033333	5.92514875e-07	
0.69191667	4.91722495e-09	
0.69350000	2.16532736e-07	
0.69508333	3.62068426e-07	
0.69666667	3.87218763e-07	
0.69825000	3.60089409e-07	
0.69983333	4.52542782e-07	
0.70141667	6.78983819e-07	
0.70300000	8.27439928e-07	
0.70458333	6.47308237e-07	
0.70616667	8.02007675e-07	
0.70775000	7.85142182e-07	
0.70933333	7.48423294e-07	
0.71091667	3.02539379e-07	
0.71250000	3.94089459e-07	
0.71408333	5.23161083e-07	
0.71566667	4.97409111e-07	
0.71725000	6.93115549e-07	
0.71883333	4.41664630e-07	
0.72041667	3.39953426e-07	
0.72200000	8.00537329e-07	
0.72358333	7.55942192e-07	
0.72516667	8.08244115e-07	
0.72675000	6.58500115e-07	
0.72833333	6.47092292e-07	
0.72991667	5.32798667e-07	
0.73150000	3.00864540e-07	
0.73308333	3.51136792e-07	
0.73466667	2.86405279e-07	
0.73625000	4.26324085e-07	
0.73783333	4.78308502e-07	
0.73941667	3.36634605e-07	
0.74100000	4.91186280e-07	
0.74258333	7.13727049e-07	
0.74416667	7.23100134e-07	
0.74575000	8.20542378e-07	
0.74733333	7.53221758e-07	
0.74891667	8.21534911e-07	
0.75050000	5.64167467e-07	
0.75208333	3.96897061e-07	
0.75366667	4.35787838e-07	
0.75525000	2.67997253e-07	
0.75683333	4.22825048e-07	
0.75841667	1.96698326e-07	
0.76000000	4.23343856e-07	
0.76158333	5.79101321e-07	
0.76316667	6.75828245e-07	
0.76475000	7.50885893e-07	
0.76633333	7.16100156e-07	
0.76791667	7.60305851e-07	
0.76950000	5.92126889e-07	
0.77108333	3.66346654e-07	
0.77266667	3.28493716e-07	
0.77425000	3.00448749e-07	
0.77583333	3.78964804e-07	
0.77741667	3.25210288e-07	
0.77900000	2.21207896e-07	
0.78058333	5.21779445e-07	
0.78216667	6.94105729e-07	
0.78375000	6.79155634e-07	
0.78533333	6.58456825e-07	
0.78691667	7.31138007e-07	
0.78850000	8.75508733e-07	
0.79008333	6.00941405e-07	
0.79166667	4.80858016e-07	
0.79325000	3.02350035e-07	
0.79483333	2.40730834e-07	
0.79641667	4.33229867e-07	
0.79800000	4.21095187e-07	
0.79958333	5.18365923e-07	
0.80116667	4.72950966e-07	
0.80275000	6.52623548e-07	
0.80433333	7.25651441e-07	
0.80591667	7.09447281e-07	
0.80750000	7.12471865e-07	
0.80908333	7.62854414e-07	
0.81066667	5.52667295e-07	
0.81225000	3.93311192e-07	
0.81383333	2.53046262e-07	
0.81541667	4.22133277e-07	
0.81700000	3.64627517e-07	
0.81858333	1.88912059e-07	
0.82016667	3.75421749e-07	
0.82175000	5.34810781e-07	
0.82333333	6.10448167e-07	
0.82491667	5.47532368e-07	
0.82650000	5.84824105e-07	
0.82808333	7.62469509e-07	
0.82966667	6.25791736e-07	
0.83125000	3.36660142e-07	
0.83283333	2.03353119e-07	
0.83441667	3.57488177e-07	
0.83600000	5.18882771e-07	
0.83758333	3.97890658e-07	
0.83916667	3.99707743e-07	
0.84075000	4.83406355e-07	
0.84233333	7.75561496e-07	
0.84391667	8.60299682e-07	
0.84550000	7.01754944e-07	
0.84708333	8.85653476e-07	
0.84866667	6.00380428e-07	
0.85025000	5.31701186e-07	
0.85183333	3.20836968e-07	
0.85341667	1.19435677e-07	
0.85500000	1.96577557e-07	
0.85658333	1.09921144e-07	
0.85816667	8.60336994e-08	
0.85975000	3.09661863e-07	
0.86133333	3.86189801e-07	
0.86291667	7.42061913e-07	
0.86450000	6.66969599e-07	
0.86608333	6.89611919e-07	
0.86766667	7.68429856e-07	
0.86925000	6.56467560e-07	
0.87083333	5.79378589e-07	
0.87241667	2.85575994e-07	
0.87400000	1.33393547e-07	
0.87558333	1.69605178e-07	
0.87716667	1.82482816e-07	
0.87875000	1.89110196e-07	
0.88033333	2.98237070e-07	
0.88191667	4.86769530e-07	
0.88350000	7.74045956e-07	
0.88508333	5.66070712e-07	
0.88666667	5.86380247e-07	
0.88825000	7.48163835e-07	
0.88983333	7.13845831e-07	
0.89141667	3.11987143e-07	
0.89300000	3.67099468e-07	
0.89458333	3.61723563e-07	
0.89616667	3.78748775e-07	
0.89775000	5.01167776e-07	
0.89933333	3.86352740e-07	
0.90091667	3.56390500e-07	
0.90250000	8.48200227e-07	
0.90408333	6.67747754e-07	
0.90566667	6.17405639e-07	
0.90725000	5.19704104e-07	
0.90883333	5.60887623e-07	
0.91041667	4.66442690e-07	
0.91200000	1.80839772e-07	
0.91358333	2.56935749e-07	
0.91516667	2.69726023e-07	
0.91675000	3.13758447e-07	
0.91833333	3.84348466e-07	
0.91991667	2.62813633e-07	
0.92150000	5.96232041e-07	
0.92308333	5.54273895e-07	
0.92466667	5.31760604e-07	
0.92625000	6.22461770e-07	
0.92783333	5.49175594e-07	
0.92941667	7.47473828e-07	
0.93100000	3.70495880e-07	
0.93258333	2.21951777e-07	
0.93416667	3.01140828e-07	
0.93575000	2.18261324e-07	
0.93733333	3.58499806e-07	
0.93891667	7.34595182e-08	
0.94050000	3.11511262e-07	
0.94208333	6.26534161e-07	
0.94366667	5.75360409e-07	
0.94525000	7.07114217e-07	
0.94683333	7.17052087e-07	
0.94841667	7.45053119e-07	
0.95000000	6.27715310e-07	
0.95158333	4.73123397e-07	
0.95316667	3.39383124e-07	
0.95475000	1.64981373e-07	
0.95633333	3.09956240e-07	
0.95791667	4.12912016e-07	
0.95950000	4.01218467e-07	
0.96108333	4.64826093e-07	
0.96266667	6.46402005e-07	
0.96425000	6.03708041e-07	
0.96583333	5.18460680e-07	
0.96741667	3.98884646e-07	
0.96900000	5.54964798e-07	
0.97058333	4.86173943e-07	
0.97216667	2.58707332e-07	
0.97375000	2.67824373e-07	
0.97533333	3.60124635e-07	
0.97691667	4.68932505e-07	
0.97850000	2.27404630e-07	
0.98008333	3.41310591e-07	
0.98166667	6.99378366e-07	
0.98325000	5.72812071e-07	
0.98483333	6.27086234e-07	
0.98641667	4.79603672e-07	
0.98800000	6.65630579e-07	
0.98958333	6.30668771e-07	
0.99116667	1.53495173e-07	
0.99275000	3.88384875e-07	
0.99433333	2.79146514e-07	
0.99591667	4.83148127e-07	
0.99750000	5.67150104e-07	
0.99908333	1.69432817e-07	
1.00066667	3.11512326e-07	
1.00225000	4.09696995e-07	
1.00383333	6.84296553e-07	
1.00541667	5.48830058e-07	
1.00700000	5.08859105e-07	
1.00858333	6.84382125e-07	
1.01016667	4.91142318e-07	
1.01175000	4.24079169e-07	
1.01333333	2.71594015e-07	
1.01491667	2.02272662e-07	
1.01650000	3.15875818e-07	
1.01808333	1.41569592e-07	
1.01966667	1.60228916e-07	
1.02125000	4.73692999e-07	
1.02283333	5.61766303e-07	
1.02441667	6.87754316e-07	
1.02600000	6.76559974e-07	
1.02758333	8.29189278e-07	
1.02916667	7.83555463e-07	
1.03075000	4.92525356e-07	
1.03233333	2.05426808e-07	
1.03391667	2.25391185e-07	
1.03550000	2.80356000e-07	
1.03708333	2.65275895e-07	
1.03866667	3.02221005e-07	
1.04025000	2.66528027e-07	
1.04183333	3.67644176e-07	
1.04341667	6.94581470e-07	
1.04500000	5.99171109e-07	
1.04658333	5.89880964e-07	
1.04816667	7.15582693e-07	
1.04975000	6.28985447e-07	
1.05133333	8.37699700e-07	
1.05291667	2.44793340e-07	
1.05450000	2.64583508e-07	
1.05608333	3.61809611e-07	
1.05766667	2.38120081e-07	
1.05925000	3.35719020e-07	
1.06083333	4.23687851e-07	
1.06241667	6.91945040e-07	
1.06400000	7.59701808e-07	
1.06558333	5.30722822e-07	
1.06716667	5.23897348e-07	
1.06875000	5.34179129e-07	
1.07033333	5.24371409e-07	
1.07191667	2.39952231e-07	
1.07350000	3.10681052e-07	
1.07508333	3.68464025e-07	
1.07666667	3.57358531e-07	
1.07825000	2.59312748e-07	
1.07983333	3.31915693e-07	
1.08141667	4.32979984e-07	
1.08300000	7.87486447e-07	
1.08458333	5.74279840e-07	
1.08616667	6.19825900e-07	
1.08775000	6.18573572e-07	
1.08933333	5.19447500e-07	
1.09091667	4.64395434e-07	
1.09250000	3.09178309e-07	
1.09408333	3.36850467e-07	
1.09566667	3.34542827e-07	
1.09725000	1.01503421e-07	
1.09883333	1.82179507e-07	
1.10041667	4.85253094e-08	
1.10200000	3.07795243e-07	
1.10358333	4.23818281e-07	
1.10516667	4.71782921e-07	
1.10675000	5.16810286e-07	
1.10833333	4.99396304e-07	
1.10991667	6.87699546e-07	
1.11150000	2.11217621e-07	
1.11308333	3.75421833e-07	
1.11466667	3.49321778e-07	
1.11625000	4.28096173e-07	
1.11783333	5.00994392e-07	
1.11941667	3.18994906e-07	
1.12100000	3.26358508e-07	
1.12258333	7.46479951e-07	
1.12416667	5.53971593e-07	
1.12575000	5.95324969e-07	
1.12733333	6.07165636e-07	
1.12891667	6.02800464e-07	
1.13050000	7.92929387e-07	
1.13208333	4.48812147e-07	
1.13366667	2.66847774e-07	
1.13525000	2.39347824e-07	
1.13683333	5.32668573e-07	
1.13841667	4.99740272e-07	
1.14000000	3.16557340e-07	
1.14158333	4.26800135e-07	
1.14316667	6.60513294e-07	
1.14475000	4.68542196e-07	
1.14633333	5.96620139e-07	
1.14791667	6.16065443e-07	
1.14950000	6.42902688e-07	
1.15108333	4.61889153e-07	
1.15266667	1.82266520e-07	
1.15425000	3.90330206e-07	
1.15583333	3.06498841e-07	
1.15741667	3.83890309e-07	
1.15900000	2.03483086e-07	
1.16058333	2.88582069e-07	
1.16216667	4.63814520e-07	
1.16375000	7.05772677e-07	
1.16533333	6.95186690e-07	
1.16691667	5.87070254e-07	
1.16850000	7.58707148e-07	
1.17008333	7.14460794e-07	
1.17166667	5.40532222e-07	
1.17325000	2.92999127e-07	
1.17483333	2.08322320e-07	
1.17641667	3.00665675e-07	
1.17800000	3.60989174e-07	
1.17958333	1.16048218e-07	
1.18116667	3.32148832e-07	
1.18275000	5.32235842e-07	
1.18433333	6.89741509e-07	
1.18591667	6.87927868e-07	
1.18750000	5.85428597e-07	
1.18908333	6.82412124e-07	
1.19066667	4.78092836e-07	
1.19225000	3.77719197e-07	
1.19383333	1.35943006e-07	
1.19541667	1.21424074e-07	
1.19700000	3.17388305e-07	
1.19858333	2.48206945e-07	
1.20016667	2.50626394e-07	
1.20175000	4.33238660e-07	
1.20333333	5.65422875e-07	
1.20491667	6.94970632e-07	
1.20650000	6.74661769e-07	
1.20808333	7.75213608e-07	
1.20966667	7.76381653e-07	
1.21125000	4.93561458e-07	
1.21283333	3.98929420e-07	
1.21441667	2.69398520e-07	
1.21600000	3.60427189e-07	
1.21758333	3.51352849e-07	
1.21916667	3.08357788e-07	
1.22075000	3.91114158e-07	
1.22233333	4.70349817e-07	
1.22391667	7.07113881e-07	
1.22550000	4.71912007e-07	
1.22708333	4.22781283e-07	
1.22866667	5.60495382e-07	
1.23025000	4.96585706e-07	
1.23183333	3.38857345e-08	
1.23341667	1.71868534e-07	
1.23500000	1.69605542e-07	
1.23658333	2.35027398e-07	
1.23816667	-6.84520202e-09	
1.23975000	9.09609475e-08	
1.24133333	1.58914705e-07	
1.24291667	4.51215158e-07	
1.24450000	6.34430683e-07	
1.24608333	5.51032581e-07	
1.24766667	6.69819847e-07	
1.24925000	5.62701601e-07	
1.25083333	5.27051689e-07	
1.25241667	7.27417970e-08	
1.25400000	2.00613994e-07	
1.25558333	3.39728184e-07	
1.25716667	5.01900961e-07	
1.25875000	4.68255855e-07	
1.26033333	5.16551106e-07	
1.26191667	5.53064856e-07	
1.26350000	8.08650469e-07	
1.26508333	6.50289531e-07	
1.26666667	6.25141379e-07	
1.26825000	5.84174532e-07	
1.26983333	6.92421341e-07	
1.27141667	7.81263728e-07	
1.27300000	4.19757007e-07	
1.27458333	2.35588739e-07	
1.27616667	2.64021719e-07	
1.27775000	7.82040161e-08	
1.27933333	3.01313316e-07	
1.28091667	8.26635382e-08	
1.28250000	5.70911681e-07	
1.28408333	5.68363119e-07	
1.28566667	4.77358419e-07	
1.28725000	5.26833839e-07	
1.28883333	4.87037894e-07	
1.29041667	6.80497062e-07	
1.29200000	6.07069928e-07	
1.29358333	2.83336958e-07	
1.29516667	3.37308287e-07	
1.29675000	2.99066075e-07	
1.29833333	3.71749273e-07	
1.29991667	2.89300693e-07	
1.30150000	3.92921751e-07	
1.30308333	7.35763646e-07	
1.30466667	6.81229071e-07	
1.30625000	5.30335453e-07	
1.30783333	3.97805254e-07	
@ 
0.00000000	6.52105412e-07	
0.00158333	6.66367012e-07	
0.00316667	5.15598839e-07	
0.00475000	3.85834801e-07	
0.00633333	2.02254755e-07	
0.00791667	1.52709836e-07	
0.00950000	1.78272981e-07	
0.01108333	8.49418202e-09	
0.01266667	3.42192462e-07	
0.01425000	2.69682789e-07	
0.01583333	3.23049403e-07	
0.01741667	4.61023102e-07	
0.01900000	3.99135678e-07	
0.02058333	3.99057834e-07	
0.02216667	3.12505810e-07	
0.02375000	6.83168774e-08	
0.02533333	-3.57530403e-08	
0.02691667	7.96386254e-08	
0.02850000	2.09229560e-07	
0.03008333	1.41768625e-07	
0.03166667	1.38639499e-07	
0.03325000	5.05401342e-07	
0.03483333	4.39755028e-07	
0.03641667	6.40179061e-07	
0.03800000	4.88074220e-07	
0.03958333	4.13922133e-07	
0.04116667	4.55708800e-07	
0.04275000	3.60962517e-07	
0.04433333	1.77788588e-07	
0.04591667	-2.83465802e-08	
0.04750000	9.80902844e-08	
0.04908333	1.45364104e-08	
0.05066667	-1.12363147e-09	
0.05225000	2.85965659e-07	
0.05383333	7.17177308e-07	
0.05541667	4.69017909e-07	
0.05700000	4.59165947e-07	
0.05858333	4.96414843e-07	
0.06016667	5.73890623e-07	
0.06175000	3.82655454e-07	
0.06333333	1.57332774e-07	
0.06491667	-2.36630988e-08	
0.06650000	2.54108733e-09	
0.06808333	1.73925576e-07	
0.06966667	1.07907798e-07	
0.07125000	6.62775739e-08	
0.07283333	5.37725264e-07	
0.07441667	2.87486184e-07	
0.07600000	4.07786722e-07	
0.07758333	2.41231776e-07	
0.07916667	3.67297997e-07	
0.08075000	5.54967318e-07	
0.08233333	3.69328284e-07	
0.08391667	2.58075288e-07	
0.08550000	4.38162996e-08	
0.08708333	1.10361653e-07	
0.08866667	9.04851011e-08	
0.09025000	4.59596277e-08	
0.09183333	2.34984276e-07	
0.09341667	3.14666443e-07	
0.09500000	5.48311587e-07	
0.09658333	3.69847035e-07	
0.09816667	2.98158527e-07	
0.09975000	4.38854872e-07	
0.10133333	2.30222886e-07	
0.10291667	3.32641514e-07	
0.10450000	9.44764912e-08	
0.10608333	1.76292288e-08	
0.10766667	2.05755542e-07	
0.10925000	1.13905359e-07	
0.11083333	9.69750853e-08	
0.11241667	1.78014390e-07	
0.11400000	6.00120296e-07	
0.11558333	5.31457911e-07	
0.11716667	3.53513286e-07	
0.11875000	4.70184386e-07	
0.12033333	4.78048762e-07	
0.12191667	5.02359285e-07	
0.12350000	3.30802839e-07	
0.12508333	1.52971844e-08	
0.12666667	1.21856078e-07	
0.12825000	1.12479493e-07	
0.12983333	9.84345948e-08	
0.13141667	5.51379356e-08	
0.13300000	1.46797259e-07	
0.13458333	3.96075560e-07	
0.13616667	2.24586751e-07	
0.13775000	2.39218766e-07	
0.13933333	3.58240403e-07	
0.14091667	4.48707982e-07	
0.14250000	4.68628048e-07	
0.14408333	1.67393191e-07	
0.14566667	1.49813806e-07	
0.14725000	2.56845305e-08	
0.14883333	-6.21037416e-08	
0.15041667	-2.20382541e-08	
0.15200000	1.17042207e-07	
0.15358333	9.18667391e-08	
0.15516667	2.89127337e-07	
0.15675000	5.03976918e-07	
0.15833333	5.94504588e-07	
0.15991667	4.67747100e-07	
0.16150000	5.07344741e-07	
0.16308333	4.76018839e-07	
0.16466667	6.10148778e-08	
0.16625000	2.05341222e-07	
0.16783333	6.23110699e-08	
0.16941667	2.05245738e-07	
0.17100000	2.21977272e-07	
0.17258333	1.49952580e-07	
0.17416667	5.14174247e-07	
0.17575000	3.62544084e-07	
0.17733333	3.61939060e-07	
0.17891667	2.61472596e-07	
0.18050000	3.18512192e-07	
0.18208333	3.66996423e-07	
0.18366667	4.67537644e-08	
0.18525000	8.09008171e-08	
0.18683333	-9.07486595e-09	
0.18841667	6.03228337e-08	
0.19000000	9.25586572e-08	
0.19158333	1.50530960e-07	
0.19316667	4.02169502e-07	
0.19475000	4.58129173e-07	
0.19633333	4.39979654e-07	
0.19791667	3.92359653e-07	
0.19950000	3.94001927e-07	
0.20108333	4.65429464e-07	
0.20266667	3.89248518e-07	
0.20425000	2.11382339e-07	
0.20583333	1.76734463e-08	
0.20741667	-9.08043155e-08	
0.20900000	1.79552471e-07	
0.21058333	1.59676199e-07	
0.21216667	1.32875482e-07	
0.21375000	3.83371726e-07	
0.21533333	4.11200495e-07	
0.21691667	5.33057735e-07	
0.21850000	5.09332662e-07	
0.22008333	5.47921866e-07	
0.22166667	6.21857727e-07	
0.22325000	3.04191397e-07	
0.22483333	1.79586870e-07	
0.22641667	2.22793274e-08	
0.22800000	1.02713817e-07	
0.22958333	8.64314502e-08	
0.23116667	-4.09218797e-08	
0.23275000	6.09619904e-08	
0.23433333	2.20991474e-07	
0.23591667	3.41846031e-07	
0.23750000	3.60945492e-07	
0.23908333	3.98799662e-07	
0.24066667	5.50211808e-07	
0.24225000	3.92100950e-07	
0.24383333	1.42898826e-07	
0.24541667	3.39472847e-08	
0.24700000	-9.74885181e-09	
0.24858333	3.69837357e-09	
0.25016667	-5.18717395e-08	
0.25175000	-8.52814456e-08	
0.25333333	2.03768853e-07	
0.25491667	2.09081812e-07	
0.25650000	3.68982301e-07	
0.25808333	3.73303874e-07	
0.25966667	4.52813554e-07	
0.26125000	4.49276771e-07	
0.26283333	4.27378361e-07	
0.26441667	1.67748247e-07	
0.26600000	-2.98678237e-08	
0.26758333	1.30324820e-07	
0.26916667	1.50912100e-07	
0.27075000	1.22202355e-07	
0.27233333	1.35623428e-07	
0.27391667	1.60798825e-07	
0.27550000	5.67020963e-07	
0.27708333	4.00528264e-07	
0.27866667	2.55648055e-07	
0.28025000	2.11649107e-07	
0.28183333	2.24138283e-07	
0.28341667	2.04087018e-07	
0.28500000	1.47345009e-08	
0.28658333	8.96988259e-08	
0.28816667	1.54307742e-07	
0.28975000	5.70562212e-08	
0.29133333	-2.79659066e-08	
0.29291667	8.08099110e-09	
0.29450000	2.01279444e-07	
0.29608333	2.48163375e-07	
0.29766667	1.91815733e-07	
0.29925000	2.67798696e-07	
0.30083333	3.65327185e-07	
0.30241667	2.87011114e-07	
0.30400000	9.17037578e-08	
0.30558333	-1.68092837e-08	
0.30716667	1.50246398e-07	
0.30875000	1.11347157e-07	
0.31033333	-7.60697533e-08	
0.31191667	2.75253506e-08	
0.31350000	3.11114092e-07	
0.31508333	5.35009590e-07	
0.31666667	4.49226257e-07	
0.31825000	4.59899440e-07	
0.31983333	5.58657323e-07	
0.32141667	5.39971357e-07	
0.32300000	4.94423505e-07	
0.32458333	1.21899998e-07	
0.32616667	9.51514615e-08	
0.32775000	6.44282029e-08	
0.32933333	-7.23448932e-08	
0.33091667	1.66713881e-08	
0.33250000	4.55627204e-08	
0.33408333	3.49581238e-07	
0.33566667	3.65275550e-07	
0.33725000	4.51515752e-07	
0.33883333	4.86215385e-07	
0.34041667	3.27887965e-07	
0.34200000	4.14328711e-07	
0.34358333	1.78904284e-07	
0.34516667	-1.09756238e-07	
0.34675000	-1.91774165e-08	
0.34833333	-3.40079320e-08	
0.34991667	5.15767393e-08	
0.35150000	4.10160024e-08	
0.35308333	1.54221386e-07	
0.35466667	4.64566661e-07	
0.35625000	4.35830848e-07	
0.35783333	3.92273802e-07	
0.35941667	2.85067659e-07	
0.36100000	2.36349925e-07	
0.36258333	3.87323011e-07	
0.36416667	-5.85697451e-08	
0.36575000	1.22547877e-07	
0.36733333	5.29768686e-08	
0.36891667	1.08780387e-07	
0.37050000	1.18485847e-07	
0.37208333	6.53789926e-08	
0.37366667	5.44768924e-07	
0.37525000	3.68256116e-07	
0.37683333	4.58560840e-07	
0.37841667	5.06612004e-07	
0.38000000	3.13844046e-07	
0.38158333	4.88420372e-07	
0.38316667	4.17769506e-07	
0.38475000	1.36281923e-08	
0.38633333	5.91994294e-09	
0.38791667	4.00565569e-08	
0.38950000	1.01935977e-07	
0.39108333	-9.88594649e-08	
0.39266667	7.83591500e-08	
0.39425000	4.14569354e-07	
0.39583333	3.64574035e-07	
0.39741667	5.88584002e-07	
0.39900000	4.42125615e-07	
0.40058333	3.97347237e-07	
0.40216667	4.88981405e-07	
0.40375000	1.70910625e-07	
0.40533333	-1.05747011e-07	
0.40691667	-1.23618701e-07	
0.40850000	-3.58657243e-08	
0.41008333	1.34197254e-07	
0.41166667	-2.91511123e-08	
0.41325000	2.07821405e-07	
0.41483333	3.33039860e-07	
0.41641667	2.64021915e-07	
0.41800000	2.31182097e-07	
0.41958333	1.75611588e-07	
0.42116667	5.16533577e-07	
0.42275000	4.07225100e-07	
0.42433333	3.25988975e-07	
0.42591667	-4.81376145e-08	
0.42750000	5.15120170e-09	
0.42908333	1.94045039e-07	
0.43066667	9.43911364e-08	
0.43225000	8.11342076e-08	
0.43383333	3.00000561e-07	
0.43541667	3.19548658e-07	
0.43700000	4.06014914e-07	
0.43858333	3.59043983e-07	
0.44016667	2.68930563e-07	
0.44175000	3.48380180e-07	
0.44333333	1.91504555e-07	
0.44491667	8.93617397e-08	
0.44650000	-6.43843565e-09	
0.44808333	8.08908626e-08	
0.44966667	1.19691861e-08	
0.45125000	4.66337895e-08	
0.45283333	4.17425055e-09	
0.45441667	2.08408577e-07	
0.45600000	3.85126761e-07	
0.45758333	2.73312144e-07	
0.45916667	1.92394589e-07	
0.46075000	2.97476136e-07	
0.46233333	2.52095676e-07	
0.46391667	3.24560631e-07	
0.46550000	-6.13863705e-08	
0.46708333	1.27468160e-08	
0.46866667	1.90519121e-07	
0.47025000	7.61213526e-08	
0.47183333	1.73099200e-08	
0.47341667	5.85344705e-08	
0.47500000	2.32781249e-07	
0.47658333	3.07059874e-07	
0.47816667	2.66787431e-07	
0.47975000	2.92152453e-07	
0.48133333	4.33860260e-07	
0.48291667	2.86578663e-07	
0.48450000	2.12514612e-07	
0.48608333	5.97179296e-08	
0.48766667	6.83171574e-08	
0.48925000	7.66568206e-08	
0.49083333	-2.62290097e-08	
0.49241667	3.13711796e-08	
0.49400000	3.54939978e-07	
0.49558333	3.43445407e-07	
0.49716667	2.65274691e-07	
0.49875000	1.91132740e-07	
0.50033333	3.46685320e-07	
0.50191667	3.13714597e-07	
0.50350000	2.98964571e-07	
0.50508333	2.89003995e-08	
0.50666667	1.01036906e-07	
0.50825000	1.40238847e-07	
0.50983333	7.06935891e-08	
0.51141667	8.09526964e-08	
0.51300000	6.67621847e-08	
0.51458333	2.10509106e-07	
0.51616667	3.51007342e-07	
0.51775000	2.87701961e-07	
0.51933333	3.68593895e-07	
0.52091667	3.35406974e-07	
0.52250000	4.34596329e-07	
0.52408333	4.22488417e-07	
0.52566667	9.50655257e-08	
0.52725000	1.03741778e-07	
0.52883333	9.38552624e-08	
0.53041667	1.81315192e-07	
0.53200000	1.68697434e-07	
0.53358333	2.08452273e-07	
0.53516667	4.63486737e-07	
0.53675000	4.76189143e-07	
0.53833333	5.57082981e-07	
0.53991667	6.33550884e-07	
0.54150000	8.58873018e-07	
0.54308333	9.90292547e-07	
0.54466667	9.66560810e-07	
0.54625000	8.88083369e-07	
0.54783333	1.12527092e-06	
0.54941667	1.36178230e-06	
0.55100000	1.71558647e-06	
0.55258333	2.11292306e-06	
0.55416667	2.83958367e-06	
0.55575000	3.91115681e-06	
0.55733333	4.99564278e-06	
0.55891667	6.73036139e-06	
0.56050000	8.58785990e-06	
0.56208333	1.10381311e-05	
0.56366667	1.35415026e-05	
0.56525000	1.65595578e-05	
0.56683333	2.05709739e-05	
0.56841667	2.66673088e-05	
0.57000000	3.48027571e-05	
0.57158333	4.30776132e-05	
0.57316667	5.27263426e-05	
0.57475000	6.76524620e-05	
0.57633333	9.43698076e-05	
0.57791667	1.49242292e-04	
0.57950000	2.41179529e-04	
0.58108333	3.82265605e-04	
0.58266667	5.39653619e-04	
0.58425000	6.80265639e-04	
0.58583333	1.09633963e-03	
0.58741667	1.13874547e-03	
0.58900000	1.53806124e-03	
0.59058333	3.29293589e-03	
0.59216667	4.61943163e-03	
0.59375000	5.57508566e-03	
0.59533333	9.43827794e-03	
0.59691667	1.44920488e-02	
0.59850000	2.05050224e-02	
0.60008333	1.38572746e-02	
0.60166667	1.83900294e-02	
0.60325000	2.34877305e-02	
0.60483333	2.46476361e-02	
0.60641667	3.10439627e-02	
0.60800000	3.17601912e-02	
0.60958333	3.90116204e-02	
0.61116667	5.60858735e-02	
0.61275000	6.20656915e-02	
0.61433333	6.30784045e-02	
0.61591667	9.38562828e-02	
0.61750000	1.07243575e-01	
0.61908333	1.43237654e-01	
0.62066667	1.79795986e-01	
0.62225000	1.73444650e-01	
0.62383333	2.93094845e-01	
0.62541667	3.68739970e-01	
0.62700000	5.52365892e-01	
0.62858333	6.81142961e-01	
0.63016667	7.77488845e-01	
0.63175000	5.86872990e-01	
0.63333333	1.30941054e+00	
0.63491667	2.05808935e+00	
0.63650000	2.23128641e+00	
0.63808333	6.78032398e+00	
0.63966667	1.39637106e+01	
0.64125000	1.57703152e+01	
0.64283333	1.73529563e+01	
0.64441667	2.07935577e+01	
0.64600000	2.30494506e+01	
0.64758333	2.36509779e+01	
0.64916667	2.66609460e+01	
0.65075000	2.77145568e+01	
0.65233333	2.87659052e+01	
0.65391667	3.13726509e+01	
0.65550000	3.24317413e+01	
0.65708333	3.33023058e+01	
0.65866667	3.42171201e+01	
0.66025000	3.50040482e+01	
0.66183333	3.55417131e+01	
0.66341667	3.56622895e+01	
