start voltage : 0.00 V 
set voltage : 0.10 V 
High G : 30.00 G0 
Intermediate G : 20.00 G0 
Low G : 10.00 G0 
Breaking speed 1 : 300.00 V/s 
Breaking speed 2 : 300.00 V/s 
Making speed : 500.00 V/s 
Post breaking : 230.00 V/s 
@ 
0.00000000	3.15202512e+01	
0.00158333	3.20797647e+01	
0.00316667	3.20030322e+01	
0.00475000	3.18085345e+01	
0.00633333	3.20761117e+01	
0.00791667	3.16101846e+01	
0.00950000	3.17195238e+01	
0.01108333	3.17547537e+01	
0.01266667	3.16500334e+01	
0.01425000	3.16841397e+01	
0.01583333	3.15252252e+01	
0.01741667	3.17120561e+01	
0.01900000	3.15988835e+01	
0.02058333	3.14073228e+01	
0.02216667	3.15771344e+01	
0.02375000	3.14080369e+01	
0.02533333	3.13300341e+01	
0.02691667	3.14408165e+01	
0.02850000	3.13207981e+01	
0.03008333	3.12670061e+01	
0.03166667	3.12074902e+01	
0.03325000	3.12345535e+01	
0.03483333	3.12742934e+01	
0.03641667	3.11859309e+01	
0.03800000	3.13172691e+01	
0.03958333	3.12429307e+01	
0.04116667	3.13240998e+01	
0.04275000	3.10366921e+01	
0.04433333	3.08824999e+01	
0.04591667	3.10756052e+01	
0.04750000	3.10617353e+01	
0.04908333	3.09687239e+01	
0.05066667	3.09242204e+01	
0.05225000	3.08266126e+01	
0.05383333	3.06403286e+01	
0.05541667	3.07147723e+01	
0.05700000	3.05177922e+01	
0.05858333	3.05166553e+01	
0.06016667	3.05927771e+01	
0.06175000	3.06065061e+01	
0.06333333	3.04400281e+01	
0.06491667	3.04134534e+01	
0.06650000	3.04724619e+01	
0.06808333	3.03330321e+01	
0.06966667	3.04579700e+01	
0.07125000	3.04160860e+01	
0.07283333	3.04772894e+01	
0.07441667	3.03924334e+01	
0.07600000	3.02750384e+01	
0.07758333	3.02966709e+01	
0.07916667	3.00782669e+01	
0.08075000	3.01415260e+01	
0.08233333	2.96062156e+01	
0.08391667	2.94957753e+01	
0.08550000	2.95980564e+01	
0.08708333	2.95046297e+01	
0.08866667	2.94806877e+01	
0.09025000	2.91896477e+01	
0.09183333	2.90543219e+01	
0.09341667	2.91532075e+01	
0.09500000	2.89014226e+01	
0.09658333	2.87483127e+01	
0.09816667	2.84668995e+01	
0.09975000	2.83022104e+01	
0.10133333	2.78119203e+01	
0.10291667	2.75630198e+01	
0.10450000	2.75209724e+01	
0.10608333	2.71151436e+01	
0.10766667	2.74622138e+01	
0.10925000	2.73435691e+01	
0.11083333	2.72144840e+01	
0.11241667	2.72952265e+01	
0.11400000	2.70750824e+01	
0.11558333	2.68515859e+01	
0.11716667	2.68710067e+01	
0.11875000	2.67208396e+01	
0.12033333	2.62973282e+01	
0.12191667	2.59696601e+01	
0.12350000	2.58196358e+01	
0.12508333	2.57717048e+01	
0.12666667	2.57213704e+01	
0.12825000	2.56532725e+01	
0.12983333	2.55715171e+01	
0.13141667	2.53343480e+01	
0.13300000	2.52360938e+01	
0.13458333	2.42663693e+01	
0.13616667	2.36439988e+01	
0.13775000	2.35724452e+01	
0.13933333	2.36471050e+01	
0.14091667	2.35878240e+01	
0.14250000	2.34537723e+01	
0.14408333	2.32507903e+01	
0.14566667	2.31789980e+01	
0.14725000	2.33798040e+01	
0.14883333	2.31076530e+01	
0.15041667	2.31322790e+01	
0.15200000	2.30638861e+01	
0.15358333	2.31406468e+01	
0.15516667	2.31411260e+01	
0.15675000	2.30650080e+01	
0.15833333	2.30145345e+01	
0.15991667	2.30719739e+01	
0.16150000	2.30232800e+01	
0.16308333	2.29855733e+01	
0.16466667	2.27283595e+01	
0.16625000	2.26530044e+01	
0.16783333	2.27702660e+01	
0.16941667	2.24063420e+01	
0.17100000	2.27216830e+01	
0.17258333	2.22911737e+01	
0.17416667	2.07955796e+01	
0.17575000	2.06324991e+01	
0.17733333	1.95309798e+01	
0.17891667	1.88048774e+01	
0.18050000	1.89350975e+01	
0.18208333	1.87106088e+01	
0.18366667	1.85147863e+01	
0.18525000	1.83388281e+01	
0.18683333	1.84127682e+01	
0.18841667	1.83521624e+01	
0.19000000	1.84011120e+01	
0.19158333	1.82778634e+01	
0.19316667	1.81087471e+01	
0.19475000	1.80211382e+01	
0.19633333	1.74422151e+01	
0.19791667	1.75970800e+01	
0.19950000	1.76726681e+01	
0.20108333	1.72822577e+01	
0.20266667	1.72032683e+01	
0.20425000	1.71529602e+01	
0.20583333	1.65996008e+01	
0.20741667	1.62869319e+01	
0.20900000	1.72660351e+01	
0.21058333	1.73347700e+01	
0.21216667	1.63692266e+01	
0.21375000	1.57547024e+01	
0.21533333	1.60893468e+01	
0.21691667	1.59329221e+01	
0.21850000	1.57901287e+01	
0.22008333	1.56689961e+01	
0.22166667	1.57606141e+01	
0.22325000	1.55940666e+01	
0.22483333	1.56309390e+01	
0.22641667	1.55340547e+01	
0.22800000	1.51619300e+01	
0.22958333	1.42566439e+01	
0.23116667	1.40272760e+01	
0.23275000	1.38872355e+01	
0.23433333	1.37771663e+01	
0.23591667	1.35986233e+01	
0.23750000	1.35595101e+01	
0.23908333	1.34781052e+01	
0.24066667	1.32220245e+01	
0.24225000	1.22035779e+01	
0.24383333	1.21721560e+01	
0.24541667	1.19602603e+01	
0.24700000	1.20778339e+01	
0.24858333	1.20214392e+01	
0.25016667	1.19417856e+01	
0.25175000	1.19749100e+01	
0.25333333	1.19218480e+01	
0.25491667	1.17439947e+01	
0.25650000	1.18125013e+01	
0.25808333	1.16911413e+01	
0.25966667	1.17785444e+01	
0.26125000	1.18150165e+01	
0.26283333	1.10639780e+01	
0.26441667	1.00254998e+01	
0.26600000	9.95457481e+00	
0.26758333	9.80270708e+00	
0.26916667	9.78204414e+00	
0.27075000	9.64368173e+00	
0.27233333	9.49851593e+00	
0.27391667	9.56133721e+00	
0.27550000	9.41129975e+00	
0.27708333	9.26980201e+00	
0.27866667	9.30778210e+00	
0.28025000	9.19536018e+00	
0.28183333	9.35122764e+00	
0.28341667	9.44939259e+00	
0.28500000	9.42631778e+00	
0.28658333	8.96058512e+00	
0.28816667	8.15426815e+00	
0.28975000	8.13067658e+00	
0.29133333	8.13731744e+00	
0.29291667	7.95303749e+00	
0.29450000	8.06385651e+00	
0.29608333	8.23022833e+00	
0.29766667	8.02917430e+00	
0.29925000	7.99249176e+00	
0.30083333	7.88554751e+00	
0.30241667	7.90892016e+00	
0.30400000	7.66895916e+00	
0.30558333	7.41288602e+00	
0.30716667	7.35684653e+00	
0.30875000	7.35799374e+00	
0.31033333	7.30568761e+00	
0.31191667	7.28797632e+00	
0.31350000	6.69073774e+00	
0.31508333	6.54002615e+00	
0.31666667	6.38248156e+00	
0.31825000	6.24554259e+00	
0.31983333	6.18908829e+00	
0.32141667	5.96734172e+00	
0.32300000	6.04326713e+00	
0.32458333	5.88071653e+00	
0.32616667	5.73511054e+00	
0.32775000	5.50682554e+00	
0.32933333	5.62058916e+00	
0.33091667	5.66028959e+00	
0.33250000	5.59700840e+00	
0.33408333	5.36267071e+00	
0.33566667	5.26642107e+00	
0.33725000	5.26274455e+00	
0.33883333	5.25215610e+00	
0.34041667	5.17704154e+00	
0.34200000	5.20008816e+00	
0.34358333	5.03634760e+00	
0.34516667	5.07689364e+00	
0.34675000	4.96862414e+00	
0.34833333	4.79811024e+00	
0.34991667	4.30940613e+00	
0.35150000	4.20515045e+00	
0.35308333	3.99821850e+00	
0.35466667	4.08097737e+00	
0.35625000	4.35018753e+00	
0.35783333	4.30336378e+00	
0.35941667	4.34088160e+00	
0.36100000	4.32743312e+00	
0.36258333	4.30893776e+00	
0.36416667	4.32015430e+00	
0.36575000	4.31609443e+00	
0.36733333	4.32203954e+00	
0.36891667	4.27692391e+00	
0.37050000	3.94072409e+00	
0.37208333	3.54616874e+00	
0.37366667	3.45666660e+00	
0.37525000	3.43574739e+00	
0.37683333	3.38485955e+00	
0.37841667	3.57989025e+00	
0.38000000	3.61887802e+00	
0.38158333	3.33339034e+00	
0.38316667	3.32209816e+00	
0.38475000	3.20995905e+00	
0.38633333	3.21757893e+00	
0.38791667	3.17543657e+00	
0.38950000	3.08351387e+00	
0.39108333	2.89397564e+00	
0.39266667	2.82552636e+00	
0.39425000	2.28572346e+00	
0.39583333	2.27491399e+00	
0.39741667	2.32605106e+00	
0.39900000	2.34497016e+00	
0.40058333	2.02422620e+00	
0.40216667	1.91505953e+00	
0.40375000	1.92289892e+00	
0.40533333	1.89460564e+00	
0.40691667	1.83867079e+00	
0.40850000	1.82917072e+00	
0.41008333	1.89457170e+00	
0.41166667	1.88536430e+00	
0.41325000	1.77656417e+00	
0.41483333	1.59567477e+00	
0.41641667	1.06359558e+00	
0.41800000	1.01126397e+00	
0.41958333	1.02314032e+00	
0.42116667	9.88131025e-01	
0.42275000	9.80111534e-01	
0.42433333	1.06350209e+00	
0.42591667	1.04865401e+00	
0.42750000	1.04957243e+00	
0.42908333	1.04628630e+00	
0.43066667	9.45244406e-01	
0.43225000	5.85790375e-01	
0.43383333	2.08836628e-01	
0.43541667	2.28859035e-01	
0.43700000	2.27136413e-01	
0.43858333	2.06314788e-01	
0.44016667	2.18862607e-01	
0.44175000	2.01971159e-01	
0.44333333	2.00614557e-01	
0.44491667	1.99146514e-01	
0.44650000	1.96825389e-01	
0.44808333	1.91243411e-01	
0.44966667	1.97364157e-01	
0.45125000	1.95066081e-01	
0.45283333	1.96210106e-01	
0.45441667	3.22899854e-01	
0.45600000	4.27401613e-01	
0.45758333	4.14877636e-01	
0.45916667	4.25658982e-01	
0.46075000	4.25751206e-01	
0.46233333	4.16139297e-01	
0.46391667	8.81690295e-02	
0.46550000	3.07978716e-03	
0.46708333	5.06269632e-03	
0.46866667	4.97308015e-03	
0.47025000	4.90468036e-03	
0.47183333	2.58942395e-03	
0.47341667	3.66777809e-03	
0.47500000	2.96027530e-03	
0.47658333	2.35558275e-03	
0.47816667	2.90066124e-03	
0.47975000	3.31503129e-03	
0.48133333	3.10943970e-03	
0.48291667	1.82245609e-03	
0.48450000	1.23938079e-03	
0.48608333	1.55481481e-03	
0.48766667	8.05346084e-04	
0.48925000	1.02286926e-03	
0.49083333	7.70641773e-04	
0.49241667	8.01659961e-04	
0.49400000	9.94515856e-04	
0.49558333	6.79754164e-04	
0.49716667	1.69910771e-04	
0.49875000	5.79427732e-05	
0.50033333	3.55008764e-05	
0.50191667	3.30232894e-05	
0.50350000	4.91858404e-05	
0.50508333	8.83165255e-05	
0.50666667	1.61224514e-04	
0.50825000	2.17863689e-04	
0.50983333	1.63983558e-04	
0.51141667	9.36343306e-05	
0.51300000	5.56619495e-05	
0.51458333	3.64705138e-05	
0.51616667	2.54920786e-05	
0.51775000	1.84386956e-05	
0.51933333	1.33059596e-05	
0.52091667	9.63509704e-06	
0.52250000	7.22862247e-06	
0.52408333	5.44002272e-06	
0.52566667	4.03768261e-06	
0.52725000	3.29007752e-06	
0.52883333	2.55470314e-06	
0.53041667	2.33249592e-06	
0.53200000	2.03363784e-06	
0.53358333	1.90333612e-06	
0.53516667	2.00741590e-06	
0.53675000	2.01903172e-06	
0.53833333	1.98124055e-06	
0.53991667	1.93647617e-06	
0.54150000	1.87609561e-06	
0.54308333	1.89331011e-06	
0.54466667	1.65891360e-06	
0.54625000	1.39880221e-06	
0.54783333	1.08037147e-06	
0.54941667	1.04943613e-06	
0.55100000	1.09951772e-06	
0.55258333	9.73899268e-07	
0.55416667	8.01503652e-07	
0.55575000	8.24916399e-07	
0.55733333	1.17527770e-06	
0.55891667	1.00600853e-06	
0.56050000	9.65517147e-07	
0.56208333	1.07242818e-06	
0.56366667	9.78241702e-07	
0.56525000	1.00649183e-06	
0.56683333	5.13974710e-07	
0.56841667	4.32632881e-07	
0.57000000	3.76501786e-07	
0.57158333	3.35840741e-07	
0.57316667	2.96128295e-07	
0.57475000	3.08486902e-07	
0.57633333	4.80769981e-07	
0.57791667	7.59570370e-07	
0.57950000	7.13639742e-07	
0.58108333	8.12549420e-07	
0.58266667	7.58965599e-07	
0.58425000	7.66225317e-07	
0.58583333	5.47835790e-07	
0.58741667	1.04459541e-07	
0.58900000	2.32434215e-07	
0.59058333	1.95877315e-07	
0.59216667	2.58715845e-07	
0.59375000	2.07214954e-07	
0.59533333	2.82214751e-07	
0.59691667	5.80028946e-07	
0.59850000	5.62743491e-07	
0.60008333	6.08676976e-07	
0.60166667	5.71601352e-07	
0.60325000	5.91306340e-07	
0.60483333	5.89707525e-07	
0.60641667	3.14664903e-07	
0.60800000	4.95200400e-08	
0.60958333	2.61429615e-07	
0.61116667	1.65283548e-07	
0.61275000	2.41422409e-07	
0.61433333	1.93552847e-07	
0.61591667	3.89940653e-07	
0.61750000	5.30074425e-07	
0.61908333	4.42226167e-07	
0.62066667	5.35994898e-07	
0.62225000	5.09789923e-07	
0.62383333	7.51623166e-07	
0.62541667	6.23308808e-07	
0.62700000	3.77191877e-07	
0.62858333	2.03681755e-07	
0.63016667	1.64852175e-07	
0.63175000	3.61030420e-07	
0.63333333	3.94519614e-07	
0.63491667	3.03777259e-07	
0.63650000	4.97582607e-07	
0.63808333	4.79561446e-07	
0.63966667	5.45329845e-07	
0.64125000	4.29004618e-07	
0.64283333	5.80761739e-07	
0.64441667	6.67531473e-07	
0.64600000	5.35650875e-07	
0.64758333	4.44127928e-07	
0.64916667	1.38017185e-07	
0.65075000	1.75205388e-07	
0.65233333	1.59103517e-07	
0.65391667	1.68222182e-07	
0.65550000	3.30524199e-07	
0.65708333	6.74447391e-07	
0.65866667	6.62778483e-07	
0.66025000	6.66190772e-07	
0.66183333	6.33047309e-07	
0.66341667	7.87312279e-07	
0.66500000	6.65759497e-07	
0.66658333	5.38372597e-07	
0.66816667	4.43436773e-07	
0.66975000	1.80191487e-07	
0.67133333	2.69379703e-07	
0.67291667	1.85462878e-07	
0.67450000	2.78497332e-07	
0.67608333	3.32901282e-07	
0.67766667	3.01356382e-07	
0.67925000	6.29549280e-07	
0.68083333	5.45613946e-07	
0.68241667	6.97348667e-07	
0.68400000	6.14294308e-07	
0.68558333	5.56737165e-07	
0.68716667	3.57782302e-07	
0.68875000	1.06170376e-07	
0.69033333	1.99377570e-07	
0.69191667	5.59158105e-08	
0.69350000	4.95628609e-08	
0.69508333	1.68827779e-07	
0.69666667	3.26593831e-07	
0.69825000	6.56771654e-07	
0.69983333	6.48777239e-07	
0.70141667	5.36297368e-07	
0.70300000	7.15628503e-07	
0.70458333	5.57169729e-07	
0.70616667	3.02524763e-07	
0.70775000	1.77512229e-07	
0.70933333	9.27229685e-08	
0.71091667	2.31526821e-07	
0.71250000	9.21526950e-08	
0.71408333	2.50800282e-07	
0.71566667	3.61853489e-07	
0.71725000	4.55451300e-07	
0.71883333	7.00632990e-07	
0.72041667	5.97874595e-07	
0.72200000	6.87968862e-07	
0.72358333	7.39389081e-07	
0.72516667	5.94115426e-07	
0.72675000	5.50654452e-07	
0.72833333	1.27075498e-07	
0.72991667	1.35208071e-07	
0.73150000	5.39714032e-08	
0.73308333	4.19664036e-08	
0.73466667	2.74297200e-07	
0.73625000	3.11900171e-07	
0.73783333	5.56910605e-07	
0.73941667	6.07252832e-07	
0.74100000	6.71161444e-07	
0.74258333	6.66576406e-07	
0.74416667	7.29587073e-07	
0.74575000	4.27232670e-07	
0.74733333	3.88039284e-07	
0.74891667	4.97272598e-08	
0.75050000	9.86513806e-08	
0.75208333	1.54273300e-07	
0.75366667	8.02436206e-08	
0.75525000	1.41198268e-07	
0.75683333	3.56106147e-07	
0.75841667	5.23637384e-07	
0.76000000	4.33973637e-07	
0.76158333	5.34698832e-07	
0.76316667	5.16808438e-07	
0.76475000	5.79122938e-07	
0.76633333	5.02722966e-07	
0.76791667	2.20767114e-07	
0.76950000	1.84988551e-07	
0.77108333	5.30202566e-08	
0.77266667	2.22807160e-07	
0.77425000	2.17310177e-07	
0.77583333	3.10646919e-07	
0.77741667	4.58559048e-07	
0.77900000	5.23247046e-07	
0.78058333	6.57834022e-07	
0.78216667	5.22297916e-07	
0.78375000	5.09248546e-07	
0.78533333	5.40481596e-07	
0.78691667	2.51213916e-07	
0.78850000	2.42892279e-07	
0.79008333	1.90389965e-07	
0.79166667	5.39707767e-08	
0.79325000	1.85394345e-07	
0.79483333	1.39054043e-07	
0.79641667	4.35953802e-07	
0.79800000	3.27240436e-07	
0.79958333	3.51524777e-07	
0.80116667	6.26521728e-07	
0.80275000	4.45899260e-07	
0.80433333	5.93214458e-07	
0.80591667	3.82767431e-07	
0.80750000	2.91392695e-07	
0.80908333	1.91729125e-07	
0.81066667	1.90484973e-07	
0.81225000	3.43141789e-07	
0.81383333	2.56243250e-07	
0.81541667	2.46391848e-07	
0.81700000	3.16386084e-07	
0.81858333	4.51922274e-07	
0.82016667	5.57212011e-07	
0.82175000	5.34611916e-07	
0.82333333	6.39234691e-07	
0.82491667	6.02585022e-07	
0.82650000	2.90380730e-07	
0.82808333	2.18096942e-07	
0.82966667	3.55887849e-08	
0.83125000	1.30930165e-07	
0.83283333	1.94797685e-07	
0.83441667	2.25479374e-09	
0.83600000	2.17734018e-07	
0.83758333	2.41699313e-07	
0.83916667	5.17672780e-07	
0.84075000	5.66028038e-07	
0.84233333	6.19739264e-07	
0.84391667	6.67546761e-07	
0.84550000	5.51983336e-07	
0.84708333	3.56409176e-07	
0.84866667	1.51974411e-07	
0.85025000	3.34457402e-08	
0.85183333	2.00449472e-07	
0.85341667	2.35097877e-07	
0.85500000	2.73562951e-07	
0.85658333	3.71445207e-07	
0.85816667	6.32012327e-07	
0.85975000	6.09887246e-07	
0.86133333	4.74731510e-07	
0.86291667	5.53367774e-07	
0.86450000	5.21735707e-07	
0.86608333	3.36247600e-07	
0.86766667	4.29115167e-07	
0.86925000	1.20637533e-07	
0.87083333	1.85161192e-07	
0.87241667	2.71367932e-07	
0.87400000	2.56797339e-07	
0.87558333	4.09014633e-07	
0.87716667	1.49087958e-07	
0.87875000	4.87339243e-07	
0.88033333	5.41569389e-07	
0.88191667	6.22462386e-07	
0.88350000	6.30064615e-07	
0.88508333	5.03240485e-07	
0.88666667	4.85853273e-07	
0.88825000	3.67384745e-07	
0.88983333	1.59276985e-07	
0.89141667	2.23705678e-07	
0.89300000	2.04330082e-07	
0.89458333	1.43081898e-07	
0.89616667	2.46287319e-07	
0.89775000	5.10414911e-07	
0.89933333	6.01504230e-07	
0.90091667	5.33402710e-07	
0.90250000	5.70296214e-07	
0.90408333	6.53616752e-07	
0.90566667	5.23074391e-07	
0.90725000	2.76510167e-07	
0.90883333	1.28977637e-07	
0.91041667	1.26393359e-07	
0.91200000	5.12915815e-08	
0.91358333	1.27067980e-07	
0.91516667	1.07804375e-07	
0.91675000	2.76812301e-07	
0.91833333	4.97365093e-07	
0.91991667	5.00173451e-07	
0.92150000	6.02244863e-07	
0.92308333	6.03664527e-07	
0.92466667	7.65401632e-07	
0.92625000	7.34164663e-07	
0.92783333	3.09567695e-07	
0.92941667	2.84806547e-07	
0.93100000	1.66882280e-07	
0.93258333	1.43427210e-07	
0.93416667	2.74963602e-07	
0.93575000	3.33982662e-07	
0.93733333	5.31241965e-07	
0.93891667	4.21700098e-07	
0.94050000	5.63132876e-07	
0.94208333	6.62820709e-07	
0.94366667	5.97182852e-07	
0.94525000	7.39825285e-07	
0.94683333	2.20525519e-07	
0.94841667	1.25483413e-08	
0.95000000	4.27359271e-08	
0.95158333	8.15055042e-08	
0.95316667	2.94399330e-07	
0.95475000	2.42939636e-08	
0.95633333	1.87347572e-07	
0.95791667	4.03871922e-07	
0.95950000	4.18287473e-07	
0.96108333	5.98004465e-07	
0.96266667	5.05269456e-07	
0.96425000	6.03966716e-07	
0.96583333	4.98200875e-07	
0.96741667	3.88470783e-07	
0.96900000	2.18823281e-07	
0.97058333	1.45345982e-07	
0.97216667	3.12851150e-07	
0.97375000	3.01226988e-07	
0.97533333	3.36609432e-07	
0.97691667	4.12411325e-07	
0.97850000	4.84313484e-07	
0.98008333	4.74075160e-07	
0.98166667	4.50737849e-07	
0.98325000	5.68706022e-07	
0.98483333	6.63216255e-07	
0.98641667	4.77520883e-07	
0.98800000	2.31655697e-07	
0.98958333	2.45959396e-07	
0.99116667	2.86621589e-07	
0.99275000	4.50828097e-07	
0.99433333	1.74460792e-07	
0.99591667	2.21545759e-07	
0.99750000	4.65455589e-07	
0.99908333	3.74513949e-07	
1.00066667	5.14562457e-07	
1.00225000	5.87026740e-07	
1.00383333	6.03665143e-07	
1.00541667	4.89760344e-07	
1.00700000	1.77945059e-07	
1.00858333	1.64420018e-07	
1.01016667	2.22971625e-08	
1.01175000	2.71757094e-07	
1.01333333	2.08710305e-07	
1.01491667	1.17267330e-07	
1.01650000	2.39001980e-07	
1.01808333	4.46202653e-07	
1.01966667	5.70175136e-07	
1.02125000	4.65578767e-07	
1.02283333	5.48613721e-07	
1.02441667	5.93440988e-07	
1.02600000	4.64135470e-07	
1.02758333	4.46418123e-07	
1.02916667	2.39042386e-08	
1.03075000	1.48777508e-07	
1.03233333	2.15538579e-07	
@ 
0.00000000	8.72697659e-08	
0.00158333	2.88133853e-07	
0.00316667	4.12107708e-07	
0.00475000	5.51508547e-07	
0.00633333	6.28467200e-07	
0.00791667	6.84728556e-07	
0.00950000	7.82646374e-07	
0.01108333	6.48474210e-07	
0.01266667	5.18320897e-07	
0.01425000	1.12246642e-07	
0.01583333	1.11831761e-07	
0.01741667	8.72006378e-08	
0.01900000	1.31008540e-07	
0.02058333	7.98978681e-08	
0.02216667	1.79135994e-07	
0.02375000	2.67237663e-07	
0.02533333	4.43349101e-07	
0.02691667	5.29124454e-07	
0.02850000	6.91643075e-07	
0.03008333	6.93457892e-07	
0.03166667	6.96783041e-07	
0.03325000	4.70227115e-07	
0.03483333	1.83735606e-07	
0.03641667	1.66364047e-07	
0.03800000	2.23472455e-07	
0.03958333	8.24472145e-08	
0.04116667	9.61708753e-08	
0.04275000	2.18174590e-07	
0.04433333	5.45718223e-07	
0.04591667	4.10768267e-07	
0.04750000	5.47575714e-07	
0.04908333	5.77496513e-07	
0.05066667	5.87720275e-07	
0.05225000	6.73587528e-07	
0.05383333	3.08053023e-07	
0.05541667	2.47860150e-07	
0.05700000	2.29669203e-07	
0.05858333	2.23334647e-07	
0.06016667	3.09913230e-07	
0.06175000	8.91368266e-08	
0.06333333	4.03014328e-07	
0.06491667	4.05842034e-07	
0.06650000	6.24493149e-07	
0.06808333	5.73072818e-07	
0.06966667	5.34926091e-07	
0.07125000	5.25037223e-07	
0.07283333	3.02498049e-07	
0.07441667	-3.05332448e-07	
0.07600000	1.40350320e-07	
0.07758333	1.18485567e-07	
0.07916667	2.71739341e-07	
0.08075000	5.79029231e-09	
0.08233333	1.40654105e-07	
0.08391667	3.24777473e-07	
0.08550000	3.05807798e-07	
0.08708333	4.72430982e-07	
0.08866667	5.06829462e-07	
0.09025000	5.95368091e-07	
0.09183333	5.09204864e-07	
0.09341667	2.06947556e-07	
0.09500000	1.97173185e-07	
0.09658333	6.77990712e-08	
0.09816667	2.47602762e-07	
0.09975000	1.82542445e-07	
0.10133333	2.31812588e-07	
0.10291667	3.75163158e-07	
0.10450000	3.25763845e-07	
0.10608333	3.77280585e-07	
0.10766667	4.05885240e-07	
0.10925000	2.78869777e-07	
0.11083333	5.73892919e-07	
0.11241667	5.98714633e-07	
0.11400000	2.31284456e-07	
0.11558333	7.90331193e-08	
0.11716667	7.83853312e-08	
0.11875000	2.08529781e-07	
0.12033333	2.43453004e-07	
0.12191667	2.92473291e-07	
0.12350000	3.87390354e-07	
0.12508333	4.58603514e-07	
0.12666667	5.82706650e-07	
0.12825000	4.67591637e-07	
0.12983333	6.36940492e-07	
0.13141667	5.55162151e-07	
0.13300000	2.83155509e-07	
0.13458333	4.19824350e-07	
0.13616667	1.88318442e-08	
0.13775000	2.35243288e-07	
0.13933333	2.79465504e-07	
0.14091667	3.51119599e-07	
0.14250000	2.79102748e-07	
0.14408333	3.94520342e-07	
0.14566667	5.20093881e-07	
0.14725000	4.31034989e-07	
0.14883333	4.80502457e-07	
0.15041667	5.46960751e-07	
0.15200000	4.53115688e-07	
0.15358333	3.16221913e-07	
0.15516667	2.66874683e-07	
0.15675000	2.88263051e-07	
0.15833333	2.08582689e-07	
0.15991667	1.10924093e-07	
0.16150000	1.71116826e-07	
0.16308333	2.57662466e-07	
0.16466667	4.30990859e-07	
0.16625000	5.00000515e-07	
0.16783333	5.35131172e-07	
0.16941667	5.74065015e-07	
0.17100000	5.58749784e-07	
0.17258333	5.78265315e-07	
0.17416667	2.48941558e-07	
0.17575000	6.45997036e-08	
0.17733333	2.88393620e-07	
0.17891667	1.72465969e-07	
0.18050000	2.17647690e-07	
0.18208333	2.53539701e-07	
0.18366667	2.74376219e-07	
0.18525000	5.42479597e-07	
0.18683333	4.49917776e-07	
0.18841667	5.50947177e-07	
0.19000000	5.97095992e-07	
0.19158333	4.55214886e-07	
0.19316667	3.75664324e-07	
0.19475000	3.49787831e-07	
0.19633333	9.93338832e-08	
0.19791667	1.46961808e-07	
0.19950000	-4.26915416e-08	
0.20108333	1.81099414e-07	
0.20266667	2.14207232e-07	
0.20425000	3.89722495e-07	
0.20583333	5.21477927e-07	
0.20741667	3.84322621e-07	
0.20900000	4.53114848e-07	
0.21058333	7.32740911e-07	
0.21216667	7.13986173e-07	
0.21375000	3.25633331e-07	
0.21533333	1.30322345e-08	
0.21691667	2.65534515e-07	
0.21850000	2.40532473e-07	
0.22008333	3.76328990e-07	
0.22166667	2.98287668e-07	
0.22325000	3.61680665e-07	
0.22483333	6.58012838e-07	
0.22641667	5.43902733e-07	
0.22800000	4.93432821e-07	
0.22958333	4.47367114e-07	
0.23116667	6.01248522e-07	
0.23275000	4.46590919e-07	
0.23433333	-6.31923605e-08	
0.23591667	1.52708800e-07	
0.23750000	6.30462009e-08	
0.23908333	1.06560034e-07	
0.24066667	7.60110294e-10	
0.24225000	9.96454112e-08	
0.24383333	3.87908938e-07	
0.24541667	4.74030750e-07	
0.24700000	5.22444026e-07	
0.24858333	6.86674980e-07	
0.25016667	5.90433877e-07	
0.25175000	5.89751543e-07	
0.25333333	4.69925598e-07	
0.25491667	2.59743491e-07	
0.25650000	2.01754107e-07	
0.25808333	2.60780965e-07	
0.25966667	4.17464152e-07	
0.26125000	1.67376348e-07	
0.26283333	3.88167837e-07	
0.26441667	3.60910882e-07	
0.26600000	4.51127346e-07	
0.26758333	5.52494079e-07	
0.26916667	5.32823364e-07	
0.27075000	6.48563086e-07	
0.27233333	5.38026782e-07	
0.27391667	1.74962883e-07	
0.27550000	2.37144293e-07	
0.27708333	3.83634469e-08	
0.27866667	1.67055874e-07	
0.28025000	2.65059386e-08	
0.28183333	-3.55021490e-08	
0.28341667	2.44801824e-07	
0.28500000	3.96403511e-07	
0.28658333	5.09852533e-07	
0.28816667	4.39356010e-07	
0.28975000	4.81272771e-07	
0.29133333	6.44673151e-07	
0.29291667	3.56157473e-07	
0.29450000	1.34093355e-07	
0.29608333	6.14985085e-08	
0.29766667	1.11261879e-07	
0.29925000	2.77158592e-07	
0.30083333	2.11391705e-07	
0.30241667	2.83571916e-07	
0.30400000	3.99879587e-07	
0.30558333	3.61766909e-07	
0.30716667	5.63264202e-07	
0.30875000	5.37940874e-07	
0.31033333	6.58628697e-07	
0.31191667	5.82663921e-07	
0.31350000	4.59390181e-07	
0.31508333	3.22952407e-07	
0.31666667	2.26255052e-07	
0.31825000	2.35503643e-07	
0.31983333	1.97579470e-07	
0.32141667	2.46053845e-07	
0.32300000	4.08132117e-07	
0.32458333	5.80458598e-07	
0.32616667	6.39529152e-07	
0.32775000	5.18321345e-07	
0.32933333	4.60072320e-07	
0.33091667	4.53158698e-07	
0.33250000	3.28147984e-07	
0.33408333	1.81575197e-07	
0.33566667	-4.74115874e-08	
0.33725000	1.50505423e-07	
0.33883333	2.33039113e-07	
0.34041667	1.70796884e-07	
0.34200000	9.61880750e-08	
0.34358333	2.04822289e-07	
0.34516667	4.53807347e-07	
0.34675000	5.88281253e-07	
0.34833333	5.88971876e-07	
0.34991667	6.84945006e-07	
0.35150000	5.32840277e-07	
0.35308333	4.07483468e-07	
0.35466667	3.69242404e-07	
0.35625000	4.85516095e-08	
0.35783333	1.74616815e-07	
0.35941667	1.14252106e-07	
0.36100000	1.56917515e-07	
0.36258333	1.83389147e-07	
0.36416667	4.89542942e-07	
0.36575000	4.97105858e-07	
0.36733333	5.14217313e-07	
0.36891667	6.72931963e-07	
0.37050000	6.78204152e-07	
0.37208333	6.21166208e-07	
0.37366667	4.96931802e-07	
0.37525000	2.45474639e-07	
0.37683333	1.99464612e-07	
0.37841667	2.46909955e-07	
0.38000000	1.08426262e-07	
0.38158333	3.50057903e-07	
0.38316667	3.08037454e-07	
0.38475000	6.30109529e-07	
0.38633333	4.98574803e-07	
0.38791667	5.81886494e-07	
0.38950000	6.90866880e-07	
0.39108333	8.07060781e-07	
0.39266667	1.00008638e-06	
0.39425000	8.24389415e-07	
0.39583333	9.36953010e-07	
0.39741667	1.02083173e-06	
0.39900000	1.14663476e-06	
0.40058333	1.38910951e-06	
0.40216667	1.64329002e-06	
0.40375000	2.36121088e-06	
0.40533333	2.76396505e-06	
0.40691667	3.25732725e-06	
0.40850000	3.75374450e-06	
0.41008333	4.50497430e-06	
0.41166667	5.67673325e-06	
0.41325000	6.70632690e-06	
0.41483333	8.12763215e-06	
0.41641667	1.06966708e-05	
0.41800000	1.34068062e-05	
0.41958333	1.60335804e-05	
0.42116667	1.82552977e-05	
0.42275000	2.12928758e-05	
0.42433333	2.54281354e-05	
0.42591667	3.09121219e-05	
0.42750000	3.89477173e-05	
0.42908333	5.01022387e-05	
0.43066667	6.80954428e-05	
0.43225000	1.00929503e-04	
0.43383333	1.59163235e-04	
0.43541667	2.50501788e-04	
0.43700000	3.43652637e-04	
0.43858333	4.30318822e-04	
0.44016667	5.36605935e-04	
0.44175000	6.92519397e-04	
0.44333333	8.63770945e-04	
0.44491667	1.12535516e-03	
0.44650000	1.58163122e-03	
0.44808333	2.33976060e-03	
0.44966667	2.85599216e-03	
0.45125000	3.75625101e-03	
0.45283333	4.14972282e-03	
0.45441667	4.71064892e-03	
0.45600000	6.07416830e-03	
0.45758333	7.17648826e-03	
0.45916667	2.83610551e-02	
0.46075000	3.93931944e-02	
0.46233333	4.53152364e-02	
0.46391667	3.49562983e-02	
0.46550000	3.83291723e-02	
0.46708333	4.51109725e-02	
0.46866667	5.48268730e-02	
0.47025000	6.97358627e-02	
0.47183333	9.32364406e-02	
0.47341667	1.66534404e-01	
0.47500000	2.61647504e-01	
0.47658333	2.94768477e-01	
0.47816667	3.44491733e-01	
0.47975000	4.44676244e-01	
0.48133333	5.35260208e-01	
0.48291667	6.31469267e-01	
0.48450000	8.95632313e-01	
0.48608333	9.61077390e-01	
0.48766667	1.48714641e+00	
0.48925000	3.14408254e+00	
0.49083333	4.31101138e+00	
0.49241667	6.70917156e+00	
0.49400000	8.63411310e+00	
0.49558333	1.06393204e+01	
0.49716667	1.27659807e+01	
0.49875000	1.33465490e+01	
0.50033333	1.45949140e+01	
0.50191667	1.48990629e+01	
0.50350000	1.58180921e+01	
0.50508333	1.62967560e+01	
0.50666667	1.66061947e+01	
0.50825000	1.66433376e+01	
0.50983333	1.69156258e+01	
0.51141667	1.85405924e+01	
0.51300000	1.99666229e+01	
0.51458333	2.21537208e+01	
0.51616667	2.24088262e+01	
0.51775000	2.27543592e+01	
0.51933333	2.24306260e+01	
0.52091667	2.27272922e+01	
0.52250000	2.27169757e+01	
0.52408333	2.30030793e+01	
0.52566667	2.29898220e+01	
0.52725000	2.33866309e+01	
0.52883333	2.35577861e+01	
0.53041667	2.37585545e+01	
0.53200000	2.36690401e+01	
0.53358333	2.38091181e+01	
0.53516667	2.35558111e+01	
