start voltage : 0.00 V 
set voltage : 0.10 V 
High G : 30.00 G0 
Intermediate G : 20.00 G0 
Low G : 10.00 G0 
Breaking speed 1 : 300.00 V/s 
Breaking speed 2 : 300.00 V/s 
Making speed : 500.00 V/s 
Post breaking : 230.00 V/s 
@ 
0.00000000	3.99140974e+01	
0.00158333	4.03817045e+01	
0.00316667	4.02556373e+01	
0.00475000	4.04002628e+01	
0.00633333	4.02589408e+01	
0.00791667	4.03961250e+01	
0.00950000	4.02287995e+01	
0.01108333	4.03236356e+01	
0.01266667	4.07114622e+01	
0.01425000	4.01999210e+01	
0.01583333	4.03876313e+01	
0.01741667	4.04183401e+01	
0.01900000	4.03475907e+01	
0.02058333	4.03955049e+01	
0.02216667	4.04540662e+01	
0.02375000	4.03906868e+01	
0.02533333	4.02062086e+01	
0.02691667	4.01896046e+01	
0.02850000	4.01701480e+01	
0.03008333	4.03170736e+01	
0.03166667	4.03437423e+01	
0.03325000	4.01717753e+01	
0.03483333	4.02810657e+01	
0.03641667	4.01048745e+01	
0.03800000	4.01217228e+01	
0.03958333	4.01791866e+01	
0.04116667	4.00552052e+01	
0.04275000	4.01996767e+01	
0.04433333	3.99704639e+01	
0.04591667	3.99505977e+01	
0.04750000	4.00646197e+01	
0.04908333	4.00239214e+01	
0.05066667	4.00074227e+01	
0.05225000	3.99748160e+01	
0.05383333	3.99275558e+01	
0.05541667	4.00030593e+01	
0.05700000	3.99993236e+01	
0.05858333	3.98311939e+01	
0.06016667	3.97811450e+01	
0.06175000	3.97271839e+01	
0.06333333	3.97715953e+01	
0.06491667	3.96757257e+01	
0.06650000	3.97041495e+01	
0.06808333	3.95097194e+01	
0.06966667	3.96539353e+01	
0.07125000	3.96832498e+01	
0.07283333	3.93237792e+01	
0.07441667	3.94167737e+01	
0.07600000	3.93987716e+01	
0.07758333	3.93603697e+01	
0.07916667	3.93070098e+01	
0.08075000	3.91242417e+01	
0.08233333	3.93599375e+01	
0.08391667	3.92409809e+01	
0.08550000	3.92391130e+01	
0.08708333	3.94557845e+01	
0.08866667	3.91203481e+01	
0.09025000	3.93601329e+01	
0.09183333	3.88981519e+01	
0.09341667	3.91791912e+01	
0.09500000	3.90463291e+01	
0.09658333	3.90092387e+01	
0.09816667	3.90125047e+01	
0.09975000	3.88757865e+01	
0.10133333	3.90015794e+01	
0.10291667	3.90913155e+01	
0.10450000	3.88224755e+01	
0.10608333	3.88894140e+01	
0.10766667	3.88187774e+01	
0.10925000	3.89816794e+01	
0.11083333	3.88312548e+01	
0.11241667	3.89973551e+01	
0.11400000	3.88749033e+01	
0.11558333	3.87075478e+01	
0.11716667	3.87716187e+01	
0.11875000	3.86640647e+01	
0.12033333	3.86004072e+01	
0.12191667	3.83593220e+01	
0.12350000	3.85300224e+01	
0.12508333	3.86439842e+01	
0.12666667	3.86196194e+01	
0.12825000	3.87681047e+01	
0.12983333	3.83278352e+01	
0.13141667	3.82715590e+01	
0.13300000	3.83907974e+01	
0.13458333	3.83210478e+01	
0.13616667	3.82696610e+01	
0.13775000	3.84042971e+01	
0.13933333	3.79636781e+01	
0.14091667	3.83375466e+01	
0.14250000	3.81329993e+01	
0.14408333	3.80699769e+01	
0.14566667	3.82016928e+01	
0.14725000	3.81045229e+01	
0.14883333	3.83387643e+01	
0.15041667	3.79914329e+01	
0.15200000	3.80282226e+01	
0.15358333	3.81982352e+01	
0.15516667	3.81421018e+01	
0.15675000	3.81676204e+01	
0.15833333	3.80921770e+01	
0.15991667	3.77160198e+01	
0.16150000	3.78713676e+01	
0.16308333	3.75474127e+01	
0.16466667	3.76509379e+01	
0.16625000	3.72454136e+01	
0.16783333	3.73054631e+01	
0.16941667	3.72168282e+01	
0.17100000	3.71181399e+01	
0.17258333	3.72408886e+01	
0.17416667	3.70411068e+01	
0.17575000	3.69780543e+01	
0.17733333	3.70468381e+01	
0.17891667	3.69371494e+01	
0.18050000	3.71471838e+01	
0.18208333	3.70866081e+01	
0.18366667	3.70118863e+01	
0.18525000	3.68090790e+01	
0.18683333	3.64020251e+01	
0.18841667	3.64301557e+01	
0.19000000	3.64313583e+01	
0.19158333	3.64812380e+01	
0.19316667	3.65741649e+01	
0.19475000	3.62839968e+01	
0.19633333	3.64006608e+01	
0.19791667	3.57624961e+01	
0.19950000	3.52859143e+01	
0.20108333	3.53663863e+01	
0.20266667	3.54638268e+01	
0.20425000	3.52922094e+01	
0.20583333	3.52372072e+01	
0.20741667	3.51676380e+01	
0.20900000	3.49922510e+01	
0.21058333	3.52884962e+01	
0.21216667	3.53335766e+01	
0.21375000	3.53268042e+01	
0.21533333	3.53840389e+01	
0.21691667	3.51879927e+01	
0.21850000	3.54289464e+01	
0.22008333	3.53136766e+01	
0.22166667	3.52703551e+01	
0.22325000	3.55270371e+01	
0.22483333	3.50616887e+01	
0.22641667	3.31277419e+01	
0.22800000	3.24103793e+01	
0.22958333	3.20744881e+01	
0.23116667	3.21564145e+01	
0.23275000	3.23065648e+01	
0.23433333	3.19442605e+01	
0.23591667	3.21066889e+01	
0.23750000	3.21046933e+01	
0.23908333	3.20376797e+01	
0.24066667	3.18279008e+01	
0.24225000	3.18010067e+01	
0.24383333	3.18476468e+01	
0.24541667	3.18593275e+01	
0.24700000	3.18589140e+01	
0.24858333	3.16882813e+01	
0.25016667	3.17561180e+01	
0.25175000	3.16730115e+01	
0.25333333	3.15505108e+01	
0.25491667	3.13737878e+01	
0.25650000	3.14026137e+01	
0.25808333	3.10521179e+01	
0.25966667	3.10020747e+01	
0.26125000	3.09957740e+01	
0.26283333	3.11269506e+01	
0.26441667	3.08320301e+01	
0.26600000	3.09183143e+01	
0.26758333	3.07244385e+01	
0.26916667	3.07462120e+01	
0.27075000	3.10564249e+01	
0.27233333	3.08602810e+01	
0.27391667	3.07187485e+01	
0.27550000	2.97361840e+01	
0.27708333	2.96138430e+01	
0.27866667	3.01521788e+01	
0.28025000	2.98727725e+01	
0.28183333	2.98340924e+01	
0.28341667	2.96399630e+01	
0.28500000	2.92171356e+01	
0.28658333	2.92524577e+01	
0.28816667	2.90580313e+01	
0.28975000	2.92342451e+01	
0.29133333	2.91876577e+01	
0.29291667	2.93116879e+01	
0.29450000	2.95256798e+01	
0.29608333	2.93811482e+01	
0.29766667	2.93737726e+01	
0.29925000	2.92274802e+01	
0.30083333	2.94036113e+01	
0.30241667	2.92167936e+01	
0.30400000	2.87627632e+01	
0.30558333	2.85042078e+01	
0.30716667	2.85413977e+01	
0.30875000	2.85161835e+01	
0.31033333	2.85202950e+01	
0.31191667	2.85824323e+01	
0.31350000	2.86628047e+01	
0.31508333	2.83359634e+01	
0.31666667	2.84116379e+01	
0.31825000	2.86249251e+01	
0.31983333	2.85084546e+01	
0.32141667	2.82865159e+01	
0.32300000	2.74616068e+01	
0.32458333	2.61410784e+01	
0.32616667	2.60580113e+01	
0.32775000	2.60360555e+01	
0.32933333	2.59994519e+01	
0.33091667	2.57031090e+01	
0.33250000	2.57189951e+01	
0.33408333	2.57753372e+01	
0.33566667	2.57786557e+01	
0.33725000	2.58066698e+01	
0.33883333	2.56480898e+01	
0.34041667	2.55911991e+01	
0.34200000	2.55963536e+01	
0.34358333	2.54352405e+01	
0.34516667	2.55684729e+01	
0.34675000	2.53654796e+01	
0.34833333	2.52209330e+01	
0.34991667	2.52197059e+01	
0.35150000	2.51438227e+01	
0.35308333	2.49317420e+01	
0.35466667	2.48799719e+01	
0.35625000	2.49005653e+01	
0.35783333	2.48646569e+01	
0.35941667	2.48428590e+01	
0.36100000	2.49148505e+01	
0.36258333	2.48809208e+01	
0.36416667	2.47748476e+01	
0.36575000	2.48050058e+01	
0.36733333	2.48000467e+01	
0.36891667	2.42219354e+01	
0.37050000	2.38681154e+01	
0.37208333	2.41925927e+01	
0.37366667	2.40152383e+01	
0.37525000	2.40216386e+01	
0.37683333	2.40378499e+01	
0.37841667	2.22708922e+01	
0.38000000	2.16330057e+01	
0.38158333	2.15369256e+01	
0.38316667	2.11925802e+01	
0.38475000	2.11687566e+01	
0.38633333	2.10840547e+01	
0.38791667	2.10601164e+01	
0.38950000	2.08686760e+01	
0.39108333	2.05684451e+01	
0.39266667	2.04968615e+01	
0.39425000	2.06012999e+01	
0.39583333	2.04990450e+01	
0.39741667	2.04646306e+01	
0.39900000	2.04033164e+01	
0.40058333	2.07623942e+01	
0.40216667	2.02901437e+01	
0.40375000	1.98494627e+01	
0.40533333	1.94277008e+01	
0.40691667	1.94003989e+01	
0.40850000	1.94346649e+01	
0.41008333	1.93070624e+01	
0.41166667	1.94299802e+01	
0.41325000	1.93301043e+01	
0.41483333	1.93418940e+01	
0.41641667	1.92390998e+01	
0.41800000	1.89455793e+01	
0.41958333	1.89966899e+01	
0.42116667	1.71545499e+01	
0.42275000	1.61162559e+01	
0.42433333	1.54235109e+01	
0.42591667	1.55105035e+01	
0.42750000	1.56363274e+01	
0.42908333	1.54097143e+01	
0.43066667	1.54178162e+01	
0.43225000	1.56138793e+01	
0.43383333	1.53719240e+01	
0.43541667	1.55177071e+01	
0.43700000	1.54169866e+01	
0.43858333	1.54658826e+01	
0.44016667	1.54133505e+01	
0.44175000	1.54866329e+01	
0.44333333	1.52970594e+01	
0.44491667	1.51293919e+01	
0.44650000	1.51725547e+01	
0.44808333	1.51156790e+01	
0.44966667	1.52073008e+01	
0.45125000	1.49952134e+01	
0.45283333	1.47930676e+01	
0.45441667	1.48697992e+01	
0.45600000	1.45727130e+01	
0.45758333	1.43864045e+01	
0.45916667	1.43742052e+01	
0.46075000	1.42825007e+01	
0.46233333	1.42899271e+01	
0.46391667	1.25160476e+01	
0.46550000	1.17328919e+01	
0.46708333	1.17291618e+01	
0.46866667	1.16513159e+01	
0.47025000	1.16377044e+01	
0.47183333	1.16150862e+01	
0.47341667	1.15402329e+01	
0.47500000	1.14214698e+01	
0.47658333	1.13190815e+01	
0.47816667	1.13887034e+01	
0.47975000	1.15072531e+01	
0.48133333	1.14571132e+01	
0.48291667	1.14485293e+01	
0.48450000	1.13258830e+01	
0.48608333	1.14042588e+01	
0.48766667	1.12750375e+01	
0.48925000	1.12111319e+01	
0.49083333	9.92142691e+00	
0.49241667	9.42880481e+00	
0.49400000	9.26541988e+00	
0.49558333	9.46473664e+00	
0.49716667	9.47827109e+00	
0.49875000	9.39880916e+00	
0.50033333	9.44389143e+00	
0.50191667	9.48368769e+00	
0.50350000	9.47983641e+00	
0.50508333	9.19907241e+00	
0.50666667	9.07675403e+00	
0.50825000	9.04665315e+00	
0.50983333	8.93018170e+00	
0.51141667	8.89037133e+00	
0.51300000	8.94022754e+00	
0.51458333	8.84924558e+00	
0.51616667	8.75720285e+00	
0.51775000	8.73434133e+00	
0.51933333	8.77109998e+00	
0.52091667	8.90597095e+00	
0.52250000	8.42697444e+00	
0.52408333	8.39386506e+00	
0.52566667	7.19999863e+00	
0.52725000	6.75171277e+00	
0.52883333	6.75698374e+00	
0.53041667	6.79695195e+00	
0.53200000	6.87353693e+00	
0.53358333	6.79468149e+00	
0.53516667	6.75770862e+00	
0.53675000	6.80236855e+00	
0.53833333	6.70312921e+00	
0.53991667	6.67437942e+00	
0.54150000	6.71427482e+00	
0.54308333	6.61728010e+00	
0.54466667	6.10878826e+00	
0.54625000	5.88976503e+00	
0.54783333	5.72243016e+00	
0.54941667	5.69466691e+00	
0.55100000	5.59588280e+00	
0.55258333	5.75723827e+00	
0.55416667	5.59215554e+00	
0.55575000	5.58325315e+00	
0.55733333	5.47362456e+00	
0.55891667	5.50277131e+00	
0.56050000	5.51073131e+00	
0.56208333	5.49188221e+00	
0.56366667	5.59284894e+00	
0.56525000	5.54110326e+00	
0.56683333	5.36510982e+00	
0.56841667	4.93174428e+00	
0.57000000	4.90443250e+00	
0.57158333	4.80839239e+00	
0.57316667	4.79401890e+00	
0.57475000	4.56493996e+00	
0.57633333	4.37373917e+00	
0.57791667	4.07150748e+00	
0.57950000	4.03760746e+00	
0.58108333	3.86837866e+00	
0.58266667	3.93728269e+00	
0.58425000	4.11062867e+00	
0.58583333	3.91070260e+00	
0.58741667	4.02819254e+00	
0.58900000	3.90330234e+00	
0.59058333	3.90620137e+00	
0.59216667	3.88830287e+00	
0.59375000	3.89512788e+00	
0.59533333	3.93831950e+00	
0.59691667	3.84478099e+00	
0.59850000	3.63448515e+00	
0.60008333	3.22542596e+00	
0.60166667	3.32099089e+00	
0.60325000	3.35044300e+00	
0.60483333	3.18905958e+00	
0.60641667	2.88017623e+00	
0.60800000	2.30434590e+00	
0.60958333	2.22920057e+00	
0.61116667	2.10155462e+00	
0.61275000	2.05316390e+00	
0.61433333	1.79268196e+00	
0.61591667	1.61979155e+00	
0.61750000	1.58069491e+00	
0.61908333	1.60732504e+00	
0.62066667	1.51148834e+00	
0.62225000	1.49198400e+00	
0.62383333	1.49939894e+00	
0.62541667	1.51784462e+00	
0.62700000	1.50264408e+00	
0.62858333	1.42635318e+00	
0.63016667	1.55801002e+00	
0.63175000	1.53589710e+00	
0.63333333	1.07767040e+00	
0.63491667	1.07615887e+00	
0.63650000	9.76219850e-01	
0.63808333	9.74468088e-01	
0.63966667	9.71327646e-01	
0.64125000	9.70183137e-01	
0.64283333	9.78274799e-01	
0.64441667	9.67281991e-01	
0.64600000	7.87226392e-01	
0.64758333	2.43665043e-01	
0.64916667	1.15649456e-01	
0.65075000	7.86822364e-02	
0.65233333	-5.78004254e-04	
0.65391667	-1.62626750e-03	
0.65550000	4.42799594e-05	
0.65708333	2.40887584e-03	
0.65866667	2.94345480e-04	
0.66025000	4.09697861e-05	
0.66183333	2.85052970e-05	
0.66341667	4.06106675e-05	
0.66500000	8.69171329e-05	
0.66658333	2.51603416e-04	
0.66816667	3.46125393e-04	
0.66975000	1.64230220e-04	
0.67133333	7.13345278e-05	
0.67291667	4.04238002e-05	
0.67450000	2.67129549e-05	
0.67608333	1.95416136e-05	
0.67766667	1.53805194e-05	
0.67925000	1.30850212e-05	
0.68083333	1.21209993e-05	
0.68241667	1.10025825e-05	
0.68400000	9.40245991e-06	
0.68558333	8.98685854e-06	
0.68716667	7.98085808e-06	
0.68875000	7.03219746e-06	
0.69033333	6.14658223e-06	
0.69191667	5.19009023e-06	
0.69350000	4.61334275e-06	
0.69508333	3.94274760e-06	
0.69666667	3.33407466e-06	
0.69825000	2.91278657e-06	
0.69983333	2.55019136e-06	
0.70141667	2.28769011e-06	
0.70300000	1.49879962e-06	
0.70458333	1.07644132e-06	
0.70616667	8.74729626e-07	
0.70775000	7.85153326e-07	
0.70933333	5.41526547e-07	
0.71091667	4.56227131e-07	
0.71250000	6.68834707e-07	
0.71408333	6.16621044e-07	
0.71566667	7.58709332e-07	
0.71725000	6.98773706e-07	
0.71883333	5.55275052e-07	
0.72041667	6.98601723e-07	
0.72200000	6.94065575e-07	
0.72358333	3.46123839e-07	
0.72516667	4.64048050e-07	
0.72675000	3.42105799e-07	
0.72833333	4.57566599e-07	
0.72991667	2.75465412e-07	
0.73150000	2.01746000e-07	
0.73308333	3.82854599e-07	
0.73466667	3.69241900e-07	
0.73625000	5.77087862e-07	
0.73783333	4.98271550e-07	
0.73941667	4.69189613e-07	
0.74100000	5.66132819e-07	
0.74258333	4.56226935e-07	
0.74416667	3.26808628e-07	
0.74575000	2.62388518e-07	
0.74733333	2.98677754e-07	
0.74891667	4.41406206e-07	
0.75050000	1.87191717e-07	
0.75208333	3.42753636e-07	
0.75366667	4.04891280e-07	
0.75525000	5.52243132e-07	
0.75683333	4.69709512e-07	
0.75841667	4.01131831e-07	
0.76000000	6.18659648e-07	
0.76158333	4.82673506e-07	
0.76316667	3.82837798e-07	
0.76475000	8.31303191e-08	
0.76633333	1.08850467e-07	
0.76791667	9.53587828e-08	
0.76950000	2.76038976e-08	
0.77108333	5.45500982e-08	
0.77266667	4.09860215e-07	
0.77425000	4.65041619e-07	
0.77583333	5.31156113e-07	
0.77741667	4.35700978e-07	
0.77900000	4.95419678e-07	
0.78058333	5.94546142e-07	
0.78216667	5.19919265e-07	
0.78375000	2.93492005e-07	
0.78533333	2.23965347e-07	
0.78691667	3.88773197e-07	
0.78850000	3.69718146e-07	
0.79008333	3.02221733e-07	
0.79166667	3.00794621e-07	
0.79325000	1.64384722e-07	
0.79483333	4.57912443e-07	
0.79641667	4.20707481e-07	
0.79800000	4.82628760e-07	
0.79958333	6.48561349e-07	
0.80116667	5.19488438e-07	
0.80275000	3.47421053e-07	
0.80433333	2.38181375e-07	
0.80591667	1.25140415e-07	
0.80750000	3.02782066e-07	
0.80908333	1.97950780e-07	
0.81066667	1.94424554e-07	
0.81225000	5.16595348e-07	
0.81383333	5.14855798e-07	
0.81541667	6.15339035e-07	
0.81700000	4.17941405e-07	
0.81858333	4.29461458e-07	
0.82016667	5.10327659e-07	
0.82175000	4.97994897e-07	
0.82333333	3.05290139e-07	
0.82491667	7.90079111e-08	
0.82650000	1.71462768e-07	
0.82808333	2.21588545e-07	
0.82966667	2.34768092e-07	
0.83125000	3.31000024e-07	
0.83283333	4.60028834e-07	
0.83441667	7.05643703e-07	
0.83600000	6.55777385e-07	
0.83758333	6.19220849e-07	
0.83916667	5.86034824e-07	
0.84075000	5.64470720e-07	
0.84233333	5.45646820e-07	
0.84391667	1.34128258e-07	
0.84550000	1.95272824e-07	
0.84708333	2.19125190e-07	
0.84866667	2.21674901e-07	
0.85025000	2.16627996e-07	
0.85183333	5.85515338e-08	
0.85341667	3.89681389e-07	
0.85500000	4.58603038e-07	
0.85658333	5.52675079e-07	
0.85816667	5.46756117e-07	
0.85975000	4.84617073e-07	
0.86133333	5.60842653e-07	
0.86291667	2.83510453e-07	
0.86450000	1.53556622e-07	
0.86608333	1.62344523e-07	
0.86766667	1.01417002e-07	
0.86925000	2.07060905e-07	
0.87083333	1.13422316e-07	
0.87241667	2.86225035e-07	
0.87400000	4.77876779e-07	
0.87558333	4.79042359e-07	
0.87716667	5.47619116e-07	
0.87875000	4.78784019e-07	
0.88033333	4.09471613e-07	
0.88191667	4.58959662e-07	
0.88350000	2.68974049e-07	
0.88508333	5.18539762e-08	
0.88666667	8.71661892e-08	
0.88825000	1.56425603e-07	
0.88983333	2.48145594e-07	
0.89141667	-3.22534152e-08	
0.89300000	3.67735629e-07	
0.89458333	4.74160620e-07	
0.89616667	4.40497173e-07	
0.89775000	3.42493980e-07	
0.89933333	3.37092538e-07	
0.90091667	5.02030887e-07	
0.90250000	3.40247215e-07	
0.90408333	6.79886747e-08	
0.90566667	5.77992555e-08	
0.90725000	2.20343724e-09	
0.90883333	2.06222281e-07	
0.91041667	1.72408724e-08	
0.91200000	9.23431945e-08	
0.91358333	5.57643846e-07	
0.91516667	5.31674585e-07	
0.91675000	5.33619272e-07	
0.91833333	4.37819217e-07	
0.91991667	4.16170438e-07	
0.92150000	4.75109639e-07	
0.92308333	2.26687770e-07	
0.92466667	1.73623751e-07	
0.92625000	7.73043147e-08	
0.92783333	2.36013630e-07	
0.92941667	2.52702155e-07	
0.93100000	1.15116336e-07	
0.93258333	4.41535040e-07	
0.93416667	4.32805200e-07	
0.93575000	5.09161238e-07	
0.93733333	4.04329799e-07	
0.93891667	4.29013858e-07	
0.94050000	4.93304911e-07	
0.94208333	3.93309680e-07	
0.94366667	6.35380500e-08	
0.94525000	1.01546535e-07	
0.94683333	7.62243132e-08	
0.94841667	2.13785169e-07	
0.95000000	1.64791496e-07	
0.95158333	1.91643007e-07	
0.95316667	3.74254181e-07	
0.95475000	4.75196610e-07	
0.95633333	4.80469415e-07	
0.95791667	5.69527915e-07	
0.95950000	6.70342351e-07	
0.96108333	4.62017343e-07	
0.96266667	3.14579079e-07	
0.96425000	1.25538201e-07	
0.96583333	8.84946808e-09	
0.96741667	1.21553566e-07	
0.96900000	1.39833220e-07	
0.97058333	2.62156359e-07	
0.97216667	2.01245212e-07	
0.97375000	1.80554986e-07	
0.97533333	4.85914651e-07	
0.97691667	2.83467583e-07	
0.97850000	3.23523297e-07	
0.98008333	4.94426249e-07	
0.98166667	4.96501590e-07	
0.98325000	4.77746349e-07	
0.98483333	-3.75249773e-08	
0.98641667	2.23187375e-07	
0.98800000	3.08874943e-07	
0.98958333	1.17535442e-07	
0.99116667	2.61922325e-07	
0.99275000	1.48362389e-07	
0.99433333	3.46901798e-07	
0.99591667	4.34059657e-07	
0.99750000	2.83941925e-07	
0.99908333	3.66865490e-07	
1.00066667	3.81687367e-07	
1.00225000	3.28796829e-07	
1.00383333	2.50929479e-07	
1.00541667	4.82761927e-08	
1.00700000	1.38181454e-07	
1.00858333	8.30511106e-08	
1.01016667	1.60081097e-07	
1.01175000	1.46270821e-07	
1.01333333	3.44352199e-07	
1.01491667	6.57375529e-07	
1.01650000	4.77357467e-07	
1.01808333	4.45769390e-07	
1.01966667	4.70874504e-07	
1.02125000	4.85394388e-07	
1.02283333	5.04753673e-07	
1.02441667	-2.60652933e-08	
1.02600000	2.31854771e-07	
1.02758333	1.27127720e-07	
1.02916667	2.51317997e-07	
1.03075000	2.39832441e-07	
1.03233333	2.71497494e-07	
1.03391667	5.16419220e-07	
1.03550000	5.69268231e-07	
1.03708333	5.11105534e-07	
1.03866667	5.97829961e-07	
1.04025000	4.68499186e-07	
1.04183333	4.85092198e-07	
1.04341667	3.47160193e-07	
1.04500000	8.02962490e-08	
1.04658333	2.26255346e-07	
1.04816667	2.03613180e-07	
1.04975000	2.56692278e-07	
1.05133333	1.79051220e-07	
1.05291667	2.29798751e-07	
1.05450000	4.59554549e-07	
1.05608333	4.41664546e-07	
1.05766667	5.51637744e-07	
1.05925000	5.82101655e-07	
1.06083333	5.89275969e-07	
1.06241667	5.72724707e-07	
1.06400000	1.80381560e-07	
1.06558333	1.73796056e-07	
1.06716667	1.39054071e-07	
1.06875000	2.41984534e-07	
1.07033333	2.26774028e-07	
1.07191667	1.26194396e-07	
1.07350000	4.85309544e-07	
1.07508333	4.62491964e-07	
1.07666667	5.42909361e-07	
1.07825000	5.24587467e-07	
1.07983333	5.13568468e-07	
1.08141667	5.88928866e-07	
1.08300000	3.58310014e-07	
1.08458333	2.04138078e-07	
1.08616667	1.71722115e-07	
1.08775000	1.58110369e-07	
1.08933333	1.75741248e-07	
1.09091667	1.51195850e-07	
1.09250000	2.74549183e-07	
1.09408333	5.26938172e-07	
1.09566667	4.76016711e-07	
1.09725000	4.38553578e-07	
1.09883333	4.29651839e-07	
1.10041667	5.56347500e-07	
1.10200000	3.58093340e-07	
1.10358333	3.36909717e-07	
1.10516667	1.34690118e-07	
1.10675000	1.25918276e-07	
1.10833333	1.85782764e-07	
1.10991667	2.97473028e-08	
1.11150000	2.24269308e-08	
1.11308333	1.75006299e-07	
1.11466667	4.10855239e-07	
1.11625000	5.09636140e-07	
1.11783333	4.43524529e-07	
1.11941667	3.28580660e-07	
1.12100000	4.00423259e-07	
1.12258333	3.57195060e-07	
1.12416667	2.08495283e-07	
1.12575000	2.28200244e-07	
1.12733333	3.40333459e-07	
1.12891667	4.84789953e-07	
1.13050000	2.61186844e-07	
1.13208333	1.71324315e-07	
1.13366667	3.80089223e-07	
1.13525000	6.14599354e-07	
1.13683333	5.00907812e-07	
1.13841667	3.75897015e-07	
1.14000000	5.67627806e-07	
1.14158333	4.07465463e-07	
1.14316667	1.48527331e-07	
1.14475000	-1.45283933e-08	
1.14633333	-2.25742524e-08	
1.14791667	1.69432341e-07	
1.14950000	1.03784809e-07	
1.15108333	1.32684290e-07	
1.15266667	1.79510287e-07	
1.15425000	3.14951468e-07	
1.15583333	4.81245442e-07	
1.15741667	3.78705289e-07	
1.15900000	4.81384832e-07	
1.16058333	4.57048184e-07	
1.16216667	4.40671005e-07	
1.16375000	5.04960938e-07	
1.16533333	1.69864694e-07	
1.16691667	3.50660938e-07	
1.16850000	2.32347776e-07	
1.17008333	1.29903023e-07	
1.17166667	2.36506200e-07	
1.17325000	2.31956423e-08	
1.17483333	6.03319887e-07	
1.17641667	6.15288576e-07	
1.17800000	6.48907949e-07	
1.17958333	7.02557236e-07	
1.18116667	4.62147297e-07	
1.18275000	4.25244357e-07	
1.18433333	2.12686749e-07	
1.18591667	2.10871554e-07	
1.18750000	2.56183523e-07	
1.18908333	2.05314999e-07	
1.19066667	2.57325162e-07	
1.19225000	2.41767916e-07	
1.19383333	7.66572701e-07	
1.19541667	6.14079650e-07	
1.19700000	3.82784092e-07	
1.19858333	6.21597260e-07	
1.20016667	5.07241192e-07	
1.20175000	5.60495158e-07	
1.20333333	4.40498658e-07	
1.20491667	1.12202897e-07	
1.20650000	2.34533596e-07	
1.20808333	1.60098038e-07	
1.20966667	5.04712217e-08	
1.21125000	1.13776308e-07	
1.21283333	2.34033255e-07	
1.21441667	4.82802088e-07	
1.21600000	4.25849660e-07	
1.21758333	4.99913375e-07	
1.21916667	3.55803369e-07	
1.22075000	5.27663909e-07	
1.22233333	4.79265865e-07	
1.22391667	2.17924804e-07	
1.22550000	6.99593961e-08	
1.22708333	8.66823485e-08	
1.22866667	1.05349743e-07	
1.23025000	2.13724070e-07	
1.23183333	1.74791333e-07	
1.23341667	4.56918482e-07	
1.23500000	5.11891921e-07	
1.23658333	4.24033667e-07	
1.23816667	5.54233293e-07	
1.23975000	5.02894221e-07	
1.24133333	4.72561972e-07	
1.24291667	4.60634697e-07	
1.24450000	2.32590266e-07	
1.24608333	2.35070240e-07	
1.24766667	1.08270344e-07	
1.24925000	1.80346978e-07	
1.25083333	1.53107720e-07	
1.25241667	1.13387462e-07	
1.25400000	7.73053143e-07	
1.25558333	5.59071014e-07	
1.25716667	5.86942961e-07	
@ 
0.00000000	4.37653870e-07	
0.00158333	4.67548543e-07	
0.00316667	4.78264148e-07	
0.00475000	3.37956040e-07	
0.00633333	7.72358026e-08	
0.00791667	6.55168078e-08	
0.00950000	1.53651378e-07	
0.01108333	2.13335245e-07	
0.01266667	1.75594045e-07	
0.01425000	5.71386359e-07	
0.01583333	5.77997847e-07	
0.01741667	6.11917225e-07	
0.01900000	5.53279514e-07	
0.02058333	5.11537817e-07	
0.02216667	6.52062347e-07	
0.02375000	5.54922124e-07	
0.02533333	3.53088591e-07	
0.02691667	2.71325091e-07	
0.02850000	1.35813346e-07	
0.03008333	2.49027718e-07	
0.03166667	1.08417778e-07	
0.03325000	2.30126604e-07	
0.03483333	3.48284276e-07	
0.03641667	4.76062073e-07	
0.03800000	5.26445294e-07	
0.03958333	4.80166385e-07	
0.04116667	5.42865511e-07	
0.04275000	7.04043711e-07	
0.04433333	5.28694411e-07	
0.04591667	3.52293468e-07	
0.04750000	1.69302723e-07	
0.04908333	2.92463855e-07	
0.05066667	1.50306950e-07	
0.05225000	1.04165605e-07	
0.05383333	3.48881879e-07	
0.05541667	5.18192932e-07	
0.05700000	5.64255895e-07	
0.05858333	4.94339501e-07	
0.06016667	5.37853902e-07	
0.06175000	6.02933190e-07	
0.06333333	4.57437570e-07	
0.06491667	1.80899569e-07	
0.06650000	3.95818726e-08	
0.06808333	1.82179059e-07	
0.06966667	3.45908257e-07	
0.07125000	1.31587550e-07	
0.07283333	1.87866198e-07	
0.07441667	3.02696550e-07	
0.07600000	4.89844964e-07	
0.07758333	5.42045186e-07	
0.07916667	3.94651892e-07	
0.08075000	6.73060881e-07	
0.08233333	4.32297145e-07	
0.08391667	4.44109980e-07	
0.08550000	3.15296528e-07	
0.08708333	1.91124172e-07	
0.08866667	2.73053244e-07	
0.09025000	1.65629112e-07	
0.09183333	3.03716552e-07	
0.09341667	3.02652280e-07	
0.09500000	4.43306315e-07	
0.09658333	5.31717483e-07	
0.09816667	4.66338077e-07	
0.09975000	5.15426072e-07	
0.10133333	3.80175075e-07	
0.10291667	4.56528621e-07	
0.10450000	5.77996503e-07	
0.10608333	1.91858281e-07	
0.10766667	1.74496214e-07	
0.10925000	3.00320056e-07	
0.11083333	2.06377562e-07	
0.11241667	1.39029878e-07	
0.11400000	2.01589893e-07	
0.11558333	6.05610614e-07	
0.11716667	5.86293275e-07	
0.11875000	5.26315872e-07	
0.12033333	6.75049418e-07	
0.12191667	6.75137510e-07	
0.12350000	5.65602475e-07	
0.12508333	2.55240553e-07	
0.12666667	3.54327269e-08	
0.12825000	2.22651095e-07	
0.12983333	2.50366458e-07	
0.13141667	2.75514891e-07	
0.13300000	2.99499479e-07	
0.13458333	3.50964108e-07	
0.13616667	4.69561106e-07	
0.13775000	4.33670383e-07	
0.13933333	4.82543132e-07	
0.14091667	6.34474869e-07	
0.14250000	4.10379610e-07	
0.14408333	2.83122580e-07	
0.14566667	1.95878603e-07	
0.14725000	2.20983578e-07	
0.14883333	4.35139525e-07	
0.15041667	4.35468176e-07	
0.15200000	2.26721875e-07	
0.15358333	2.67270957e-07	
0.15516667	2.60675933e-07	
0.15675000	4.40454416e-07	
0.15833333	5.17933472e-07	
0.15991667	5.45458539e-07	
0.16150000	4.99092379e-07	
0.16308333	5.19100900e-07	
0.16466667	3.19521973e-07	
0.16625000	1.24102661e-07	
0.16783333	2.95393291e-07	
0.16941667	3.42407120e-07	
0.17100000	2.50851468e-07	
0.17258333	2.31838517e-07	
0.17416667	4.11978258e-07	
0.17575000	4.95118720e-07	
0.17733333	4.90580445e-07	
0.17891667	5.81756512e-07	
0.18050000	6.15893684e-07	
0.18208333	7.20076446e-07	
0.18366667	5.60322222e-07	
0.18525000	4.51723857e-07	
0.18683333	2.77374146e-07	
0.18841667	1.94028840e-07	
0.19000000	3.16602534e-07	
0.19158333	5.65292025e-08	
0.19316667	1.89247836e-07	
0.19475000	4.77970079e-07	
0.19633333	4.27362568e-07	
0.19791667	5.24631429e-07	
0.19950000	3.35364328e-07	
0.20108333	3.66303616e-07	
0.20266667	7.41319208e-07	
0.20425000	4.90382644e-07	
0.20583333	3.31604851e-07	
0.20741667	3.01555835e-07	
0.20900000	3.57185735e-07	
0.21058333	3.92834891e-07	
0.21216667	2.44611864e-07	
0.21375000	3.81687563e-07	
0.21533333	6.70728936e-07	
0.21691667	6.22894726e-07	
0.21850000	6.53142411e-07	
0.22008333	5.07993810e-07	
0.22166667	6.26203522e-07	
0.22325000	6.02885588e-07	
0.22483333	2.83726875e-07	
0.22641667	2.21026924e-07	
0.22800000	1.70642261e-07	
0.22958333	3.10863145e-07	
0.23116667	3.00103494e-07	
0.23275000	3.11164942e-07	
0.23433333	6.17835907e-07	
0.23591667	6.02929718e-07	
0.23750000	6.01374136e-07	
0.23908333	5.52544873e-07	
0.24066667	5.47619004e-07	
0.24225000	6.67184481e-07	
0.24383333	3.87753923e-07	
0.24541667	4.71006558e-07	
0.24700000	7.54212932e-08	
0.24858333	2.81134099e-07	
0.25016667	3.61420813e-07	
0.25175000	2.07484830e-07	
0.25333333	2.82059064e-07	
0.25491667	4.38164473e-07	
0.25650000	5.55440371e-07	
0.25808333	4.52121335e-07	
0.25966667	3.99273864e-07	
0.26125000	6.21336568e-07	
0.26283333	5.44206883e-07	
0.26441667	4.76874614e-07	
0.26600000	3.26782783e-07	
0.26758333	2.07225006e-07	
0.26916667	3.29746408e-07	
0.27075000	2.90554057e-07	
0.27233333	2.65966602e-07	
0.27391667	3.32944207e-07	
0.27550000	6.06689055e-07	
0.27708333	6.18397836e-07	
0.27866667	4.53115884e-07	
0.28025000	4.97277393e-07	
0.28183333	5.78472468e-07	
0.28341667	6.70813836e-07	
0.28500000	5.43341420e-07	
0.28658333	1.46615979e-07	
0.28816667	2.26989567e-07	
0.28975000	2.56114500e-07	
0.29133333	2.97120884e-07	
0.29291667	2.63978513e-07	
0.29450000	5.83881919e-07	
0.29608333	7.58966831e-07	
0.29766667	7.10699890e-07	
0.29925000	7.41595020e-07	
0.30083333	8.01228120e-07	
0.30241667	6.07293602e-07	
0.30400000	5.00559868e-07	
0.30558333	1.29219120e-07	
0.30716667	1.06144818e-07	
0.30875000	2.79015860e-07	
0.31033333	3.26029773e-07	
0.31191667	2.94659462e-07	
0.31350000	3.44661977e-07	
0.31508333	6.35944151e-07	
0.31666667	5.92903140e-07	
0.31825000	4.64955207e-07	
0.31983333	4.53979442e-07	
0.32141667	4.13014696e-07	
0.32300000	5.26110175e-07	
0.32458333	4.27966723e-07	
0.32616667	3.26159447e-07	
0.32775000	3.39686042e-07	
0.32933333	2.93016404e-07	
0.33091667	2.72188957e-07	
0.33250000	3.27975216e-07	
0.33408333	3.01013591e-07	
0.33566667	6.82327001e-07	
0.33725000	6.00293624e-07	
0.33883333	6.90346784e-07	
0.34041667	7.29021896e-07	
0.34200000	5.40144853e-07	
0.34358333	5.39062828e-07	
0.34516667	4.97233935e-07	
0.34675000	1.94823012e-07	
0.34833333	2.38225197e-07	
0.34991667	3.56235569e-07	
0.35150000	3.41240560e-07	
0.35308333	1.43669113e-07	
0.35466667	4.34646087e-07	
0.35625000	6.75872207e-07	
0.35783333	6.36029891e-07	
0.35941667	7.24528366e-07	
0.36100000	6.92679569e-07	
0.36258333	6.62732785e-07	
0.36416667	5.94633338e-07	
0.36575000	2.36158033e-07	
0.36733333	1.99429219e-07	
0.36891667	3.31604543e-07	
0.37050000	4.96119261e-07	
0.37208333	3.77677419e-07	
0.37366667	1.94063366e-07	
0.37525000	3.62163547e-07	
0.37683333	6.11830925e-07	
0.37841667	6.33264599e-07	
0.38000000	5.22686125e-07	
0.38158333	7.14980274e-07	
0.38316667	7.56760780e-07	
0.38475000	7.08149255e-07	
0.38633333	3.74081553e-07	
0.38791667	2.65879630e-07	
0.38950000	2.51680585e-07	
0.39108333	3.03301461e-07	
0.39266667	1.96741896e-07	
0.39425000	4.70002433e-07	
0.39583333	5.81109291e-07	
0.39741667	6.77384387e-07	
0.39900000	6.14036472e-07	
0.40058333	4.74331204e-07	
0.40216667	5.58378823e-07	
0.40375000	5.12832371e-07	
0.40533333	2.77287762e-07	
0.40691667	1.70417579e-07	
0.40850000	2.04649577e-07	
0.41008333	4.96715632e-07	
0.41166667	3.55717125e-07	
0.41325000	3.67815208e-07	
0.41483333	6.53820377e-07	
0.41641667	5.00993776e-07	
0.41800000	5.85688728e-07	
0.41958333	5.14045330e-07	
0.42116667	6.72198106e-07	
0.42275000	5.49433429e-07	
0.42433333	4.35441407e-07	
0.42591667	3.27414435e-07	
0.42750000	8.08008718e-09	
0.42908333	2.85930098e-07	
0.43066667	3.22876216e-07	
0.43225000	1.84037950e-07	
0.43383333	4.04156023e-07	
0.43541667	4.85870185e-07	
0.43700000	6.49727266e-07	
0.43858333	5.69268399e-07	
0.44016667	6.03749931e-07	
0.44175000	6.12263097e-07	
0.44333333	7.18520137e-07	
0.44491667	7.63167356e-07	
0.44650000	5.07951192e-07	
0.44808333	3.93743252e-07	
0.44966667	5.63089698e-07	
0.45125000	3.40280985e-07	
0.45283333	3.65050420e-07	
0.45441667	4.26066306e-07	
0.45600000	7.04434889e-07	
0.45758333	8.02265342e-07	
0.45916667	6.94451937e-07	
0.46075000	8.51007577e-07	
0.46233333	7.86450681e-07	
0.46391667	7.16274380e-07	
0.46550000	6.66837770e-07	
0.46708333	6.50245905e-07	
0.46866667	7.08884680e-07	
0.47025000	6.59882985e-07	
0.47183333	7.57022088e-07	
0.47341667	8.80606977e-07	
0.47500000	1.15439727e-06	
0.47658333	1.68995692e-06	
0.47816667	1.73335416e-06	
0.47975000	2.05058913e-06	
0.48133333	2.45085410e-06	
0.48291667	2.91120685e-06	
0.48450000	3.62617481e-06	
0.48608333	4.03975202e-06	
0.48766667	4.87814951e-06	
0.48925000	6.05370856e-06	
0.49083333	7.50309974e-06	
0.49241667	9.77531747e-06	
0.49400000	1.23021168e-05	
0.49558333	1.64661079e-05	
0.49716667	2.32888125e-05	
0.49875000	3.59650109e-05	
0.50033333	6.27231728e-05	
0.50191667	1.14804764e-04	
0.50350000	2.02226683e-04	
0.50508333	2.96981817e-04	
0.50666667	3.20396853e-04	
0.50825000	2.95704852e-04	
0.50983333	3.44900212e-04	
0.51141667	5.53932514e-04	
0.51300000	6.90930610e-04	
0.51458333	6.96321475e-04	
0.51616667	1.00558179e-03	
0.51775000	1.17783083e-03	
0.51933333	1.62211285e-03	
0.52091667	3.37389503e-03	
0.52250000	3.82467992e-03	
0.52408333	6.76938035e-03	
0.52566667	9.44665788e-03	
0.52725000	1.05096652e-02	
0.52883333	1.43904188e-02	
0.53041667	2.15514478e-02	
0.53200000	2.61990636e-02	
0.53358333	3.06824077e-02	
0.53516667	4.31348225e-02	
0.53675000	6.37025774e-02	
0.53833333	1.24534736e-01	
0.53991667	1.88603950e-01	
0.54150000	2.74744529e-01	
0.54308333	2.14274485e-01	
0.54466667	4.23809270e-01	
0.54625000	8.27126600e-01	
0.54783333	9.86772413e-01	
0.54941667	1.05186897e+00	
0.55100000	1.36524767e+00	
0.55258333	1.56912580e+00	
0.55416667	1.72359753e+00	
0.55575000	6.09446645e+00	
0.55733333	8.43555550e+00	
0.55891667	9.55683011e+00	
0.56050000	9.87025626e+00	
0.56208333	1.02012485e+01	
0.56366667	1.03469104e+01	
0.56525000	1.04048742e+01	
0.56683333	1.36373194e+01	
0.56841667	1.46595008e+01	
0.57000000	1.49857839e+01	
0.57158333	1.52055795e+01	
0.57316667	1.68810328e+01	
0.57475000	1.79170831e+01	
0.57633333	1.79956534e+01	
0.57791667	1.91085076e+01	
0.57950000	1.97179272e+01	
0.58108333	2.04471734e+01	
0.58266667	2.13524437e+01	
0.58425000	2.15818143e+01	
0.58583333	2.18658339e+01	
0.58741667	2.29805804e+01	
0.58900000	2.35630645e+01	
0.59058333	2.37666385e+01	
0.59216667	2.38706071e+01	
0.59375000	2.38638742e+01	
0.59533333	2.51309864e+01	
0.59691667	2.55447488e+01	
0.59850000	2.56206507e+01	
0.60008333	2.57456544e+01	
0.60166667	2.72258245e+01	
0.60325000	2.85872748e+01	
0.60483333	2.89744832e+01	
0.60641667	2.97184036e+01	
0.60800000	2.97160848e+01	
0.60958333	3.01345864e+01	
0.61116667	3.04744726e+01	
0.61275000	3.32972660e+01	
0.61433333	3.35212285e+01	
0.61591667	3.33284859e+01	
0.61750000	3.34497914e+01	
0.61908333	3.34318983e+01	
