start voltage : 0.00 V 
set voltage : 0.10 V 
High G : 30.00 G0 
Intermediate G : 20.00 G0 
Low G : 10.00 G0 
Breaking speed 1 : 300.00 V/s 
Breaking speed 2 : 300.00 V/s 
Making speed : 500.00 V/s 
Post breaking : 230.00 V/s 
@ 
0.00000000	4.22386708e+01	
0.00158333	4.28709237e+01	
0.00316667	4.30633807e+01	
0.00475000	4.30413385e+01	
0.00633333	4.27970663e+01	
0.00791667	4.29429621e+01	
0.00950000	4.28808455e+01	
0.01108333	4.28312515e+01	
0.01266667	4.31514857e+01	
0.01425000	4.29230170e+01	
0.01583333	4.29854305e+01	
0.01741667	4.29740505e+01	
0.01900000	4.28450105e+01	
0.02058333	4.30346300e+01	
0.02216667	4.29461153e+01	
0.02375000	4.29905756e+01	
0.02533333	4.29048909e+01	
0.02691667	4.28330968e+01	
0.02850000	4.28246068e+01	
0.03008333	4.28861747e+01	
0.03166667	4.28528540e+01	
0.03325000	4.27513207e+01	
0.03483333	4.28408952e+01	
0.03641667	4.28929208e+01	
0.03800000	4.29004336e+01	
0.03958333	4.28914326e+01	
0.04116667	4.27854833e+01	
0.04275000	4.28517340e+01	
0.04433333	4.28263732e+01	
0.04591667	4.27520686e+01	
0.04750000	4.28727014e+01	
0.04908333	4.27509185e+01	
0.05066667	4.28066874e+01	
0.05225000	4.26844649e+01	
0.05383333	4.25357955e+01	
0.05541667	4.28636815e+01	
0.05700000	4.27095739e+01	
0.05858333	4.27347242e+01	
0.06016667	4.28386214e+01	
0.06175000	4.26672784e+01	
0.06333333	4.28843407e+01	
0.06491667	4.27396212e+01	
0.06650000	4.27815710e+01	
0.06808333	4.27893769e+01	
0.06966667	4.24917824e+01	
0.07125000	4.27983892e+01	
0.07283333	4.27484418e+01	
0.07441667	4.27869378e+01	
0.07600000	4.28413462e+01	
0.07758333	4.26639373e+01	
0.07916667	4.27203977e+01	
0.08075000	4.26289854e+01	
0.08233333	4.27294927e+01	
0.08391667	4.26522942e+01	
0.08550000	4.26461080e+01	
0.08708333	4.28097767e+01	
0.08866667	4.25269335e+01	
0.09025000	4.28810485e+01	
0.09183333	4.28059170e+01	
0.09341667	4.28074466e+01	
0.09500000	4.27129939e+01	
0.09658333	4.26253286e+01	
0.09816667	4.26942852e+01	
0.09975000	4.27325932e+01	
0.10133333	4.26064471e+01	
0.10291667	4.25282902e+01	
0.10450000	4.25283503e+01	
0.10608333	4.26500354e+01	
0.10766667	4.24818907e+01	
0.10925000	4.25228182e+01	
0.11083333	4.25170718e+01	
0.11241667	4.24214728e+01	
0.11400000	4.24008098e+01	
0.11558333	4.24594200e+01	
0.11716667	4.22505093e+01	
0.11875000	4.24598221e+01	
0.12033333	4.22345104e+01	
0.12191667	4.25112089e+01	
0.12350000	4.21853335e+01	
0.12508333	4.23266931e+01	
0.12666667	4.23829280e+01	
0.12825000	4.22077515e+01	
0.12983333	4.21090031e+01	
0.13141667	4.20142685e+01	
0.13300000	4.20212664e+01	
0.13458333	4.22373253e+01	
0.13616667	4.20749119e+01	
0.13775000	4.21000209e+01	
0.13933333	4.20635695e+01	
0.14091667	4.18682148e+01	
0.14250000	4.21736378e+01	
0.14408333	4.19224353e+01	
0.14566667	4.19052525e+01	
0.14725000	4.16824288e+01	
0.14883333	4.17555759e+01	
0.15041667	4.19043844e+01	
0.15200000	4.15522049e+01	
0.15358333	4.17604165e+01	
0.15516667	4.15915426e+01	
0.15675000	4.16037570e+01	
0.15833333	4.16052678e+01	
0.15991667	4.15912984e+01	
0.16150000	4.17306849e+01	
0.16308333	4.14602439e+01	
0.16466667	4.17187599e+01	
0.16625000	4.16047642e+01	
0.16783333	4.12047420e+01	
0.16941667	4.14179972e+01	
0.17100000	4.11106801e+01	
0.17258333	4.14760887e+01	
0.17416667	4.15073876e+01	
0.17575000	4.12780770e+01	
0.17733333	4.14213609e+01	
0.17891667	4.12268068e+01	
0.18050000	4.13623298e+01	
0.18208333	4.12247811e+01	
0.18366667	4.12029606e+01	
0.18525000	4.12331019e+01	
0.18683333	4.08087186e+01	
0.18841667	4.09587260e+01	
0.19000000	4.07439712e+01	
0.19158333	4.08251046e+01	
0.19316667	4.08282202e+01	
0.19475000	4.06431708e+01	
0.19633333	4.05578394e+01	
0.19791667	4.05097298e+01	
0.19950000	4.04337001e+01	
0.20108333	4.07196815e+01	
0.20266667	4.04159987e+01	
0.20425000	4.06731918e+01	
0.20583333	4.05251124e+01	
0.20741667	4.05007588e+01	
0.20900000	4.06030851e+01	
0.21058333	4.04800320e+01	
0.21216667	4.05787203e+01	
0.21375000	4.02948736e+01	
0.21533333	4.04477222e+01	
0.21691667	4.05227033e+01	
0.21850000	4.03006350e+01	
0.22008333	4.01659388e+01	
0.22166667	4.02452720e+01	
0.22325000	4.01084523e+01	
0.22483333	4.02272173e+01	
0.22641667	4.00200392e+01	
0.22800000	4.00381615e+01	
0.22958333	4.00456217e+01	
0.23116667	3.99137479e+01	
0.23275000	3.99043710e+01	
0.23433333	3.95919239e+01	
0.23591667	3.98597867e+01	
0.23750000	3.96756881e+01	
0.23908333	3.95780822e+01	
0.24066667	3.98260262e+01	
0.24225000	3.94334492e+01	
0.24383333	3.95198254e+01	
0.24541667	3.94438032e+01	
0.24700000	3.93500382e+01	
0.24858333	3.91773422e+01	
0.25016667	3.90915673e+01	
0.25175000	3.92245272e+01	
0.25333333	3.91797963e+01	
0.25491667	3.91393048e+01	
0.25650000	3.92464943e+01	
0.25808333	3.90741477e+01	
0.25966667	3.91108397e+01	
0.26125000	3.88367344e+01	
0.26283333	3.88860842e+01	
0.26441667	3.87298418e+01	
0.26600000	3.86481634e+01	
0.26758333	3.85257755e+01	
0.26916667	3.82380578e+01	
0.27075000	3.83767190e+01	
0.27233333	3.82175489e+01	
0.27391667	3.82797896e+01	
0.27550000	3.82204428e+01	
0.27708333	3.80175829e+01	
0.27866667	3.80993177e+01	
0.28025000	3.80961607e+01	
0.28183333	3.80426994e+01	
0.28341667	3.80139863e+01	
0.28500000	3.80562818e+01	
0.28658333	3.79530460e+01	
0.28816667	3.76737919e+01	
0.28975000	3.76085559e+01	
0.29133333	3.76961686e+01	
0.29291667	3.78835820e+01	
0.29450000	3.76930868e+01	
0.29608333	3.77251411e+01	
0.29766667	3.75819850e+01	
0.29925000	3.74425646e+01	
0.30083333	3.76172789e+01	
0.30241667	3.77072329e+01	
0.30400000	3.74680344e+01	
0.30558333	3.74579059e+01	
0.30716667	3.74976082e+01	
0.30875000	3.73301662e+01	
0.31033333	3.72259345e+01	
0.31191667	3.73848001e+01	
0.31350000	3.71268516e+01	
0.31508333	3.71934180e+01	
0.31666667	3.69579551e+01	
0.31825000	3.71302603e+01	
0.31983333	3.69947410e+01	
0.32141667	3.71027461e+01	
0.32300000	3.69263782e+01	
0.32458333	3.70374049e+01	
0.32616667	3.71004610e+01	
0.32775000	3.69783437e+01	
0.32933333	3.70900882e+01	
0.33091667	3.68772126e+01	
0.33250000	3.69107138e+01	
0.33408333	3.68915203e+01	
0.33566667	3.63253677e+01	
0.33725000	3.62765704e+01	
0.33883333	3.62101694e+01	
0.34041667	3.59744848e+01	
0.34200000	3.59296074e+01	
0.34358333	3.61347936e+01	
0.34516667	3.58266572e+01	
0.34675000	3.59019842e+01	
0.34833333	3.56321445e+01	
0.34991667	3.57434680e+01	
0.35150000	3.57364363e+01	
0.35308333	3.56577946e+01	
0.35466667	3.55883532e+01	
0.35625000	3.53822274e+01	
0.35783333	3.56290026e+01	
0.35941667	3.52743501e+01	
0.36100000	3.54838246e+01	
0.36258333	3.54138983e+01	
0.36416667	3.52581107e+01	
0.36575000	3.53194155e+01	
0.36733333	3.53752671e+01	
0.36891667	3.52929084e+01	
0.37050000	3.51637820e+01	
0.37208333	3.52032701e+01	
0.37366667	3.52184497e+01	
0.37525000	3.50484671e+01	
0.37683333	3.51473133e+01	
0.37841667	3.51023456e+01	
0.38000000	3.50763873e+01	
0.38158333	3.50001208e+01	
0.38316667	3.46996813e+01	
0.38475000	3.45767560e+01	
0.38633333	3.45055068e+01	
0.38791667	3.45619898e+01	
0.38950000	3.46646280e+01	
0.39108333	3.37444243e+01	
0.39266667	3.36386592e+01	
0.39425000	3.36842282e+01	
0.39583333	3.34787037e+01	
0.39741667	3.36170379e+01	
0.39900000	3.33689624e+01	
0.40058333	3.32971908e+01	
0.40216667	3.33471043e+01	
0.40375000	3.30019077e+01	
0.40533333	3.29888778e+01	
0.40691667	3.27304595e+01	
0.40850000	3.29853300e+01	
0.41008333	3.27059969e+01	
0.41166667	3.26239390e+01	
0.41325000	3.26600559e+01	
0.41483333	3.24752319e+01	
0.41641667	3.24730070e+01	
0.41800000	3.22166107e+01	
0.41958333	3.20690612e+01	
0.42116667	3.22613491e+01	
0.42275000	3.17031264e+01	
0.42433333	3.17206400e+01	
0.42591667	3.15184810e+01	
0.42750000	3.13035026e+01	
0.42908333	3.10343883e+01	
0.43066667	3.08044839e+01	
0.43225000	3.09496469e+01	
0.43383333	3.08613033e+01	
0.43541667	3.07980817e+01	
0.43700000	3.07666157e+01	
0.43858333	3.06750155e+01	
0.44016667	3.06887444e+01	
0.44175000	3.05947183e+01	
0.44333333	3.06028925e+01	
0.44491667	3.04870966e+01	
0.44650000	3.04651070e+01	
0.44808333	3.04458703e+01	
0.44966667	3.02487549e+01	
0.45125000	2.98544923e+01	
0.45283333	3.00118489e+01	
0.45441667	2.96628001e+01	
0.45600000	2.96619169e+01	
0.45758333	2.98306893e+01	
0.45916667	3.00886453e+01	
0.46075000	3.01016452e+01	
0.46233333	2.99955719e+01	
0.46391667	3.00570646e+01	
0.46550000	2.98805051e+01	
0.46708333	2.97282183e+01	
0.46866667	2.99036147e+01	
0.47025000	2.98305690e+01	
0.47183333	2.97959084e+01	
0.47341667	2.94759598e+01	
0.47500000	2.94367611e+01	
0.47658333	2.89767232e+01	
0.47816667	2.89312763e+01	
0.47975000	2.90335650e+01	
0.48133333	2.89014883e+01	
0.48291667	2.88917093e+01	
0.48450000	2.86171455e+01	
0.48608333	2.83339640e+01	
0.48766667	2.80926684e+01	
0.48925000	2.81164337e+01	
0.49083333	2.81403607e+01	
0.49241667	2.83406913e+01	
0.49400000	2.79551215e+01	
0.49558333	2.81063315e+01	
0.49716667	2.79292928e+01	
0.49875000	2.80535862e+01	
0.50033333	2.79986178e+01	
0.50191667	2.79793604e+01	
0.50350000	2.78930425e+01	
0.50508333	2.75174621e+01	
0.50666667	2.74145195e+01	
0.50825000	2.73067663e+01	
0.50983333	2.70664384e+01	
0.51141667	2.66204319e+01	
0.51300000	2.63791908e+01	
0.51458333	2.65187370e+01	
0.51616667	2.63768663e+01	
0.51775000	2.62326447e+01	
0.51933333	2.61014550e+01	
0.52091667	2.62532382e+01	
0.52250000	2.64409222e+01	
0.52408333	2.61778436e+01	
0.52566667	2.60722495e+01	
0.52725000	2.59209925e+01	
0.52883333	2.57595412e+01	
0.53041667	2.58253428e+01	
0.53200000	2.57483791e+01	
0.53358333	2.54799601e+01	
0.53516667	2.53764011e+01	
0.53675000	2.51819842e+01	
0.53833333	2.51489265e+01	
0.53991667	2.51165547e+01	
0.54150000	2.49167615e+01	
0.54308333	2.45193288e+01	
0.54466667	2.45841382e+01	
0.54625000	2.47247179e+01	
0.54783333	2.47696706e+01	
0.54941667	2.46289442e+01	
0.55100000	2.44989721e+01	
0.55258333	2.42514284e+01	
0.55416667	2.39313369e+01	
0.55575000	2.35356442e+01	
0.55733333	2.35062809e+01	
0.55891667	2.32623921e+01	
0.56050000	2.29024517e+01	
0.56208333	2.28545057e+01	
0.56366667	2.27779461e+01	
0.56525000	2.27824278e+01	
0.56683333	2.26811106e+01	
0.56841667	2.23856978e+01	
0.57000000	2.17852661e+01	
0.57158333	2.16222852e+01	
0.57316667	2.16345992e+01	
0.57475000	2.16584547e+01	
0.57633333	2.16463118e+01	
0.57791667	2.19398210e+01	
0.57950000	2.20275107e+01	
0.58108333	2.18110910e+01	
0.58266667	2.13021036e+01	
0.58425000	2.12874219e+01	
0.58583333	2.15800799e+01	
0.58741667	2.10616554e+01	
0.58900000	2.09021828e+01	
0.59058333	2.06822116e+01	
0.59216667	2.05712958e+01	
0.59375000	2.06782729e+01	
0.59533333	2.05518731e+01	
0.59691667	2.06476525e+01	
0.59850000	2.05868776e+01	
0.60008333	2.06018430e+01	
0.60166667	2.03416451e+01	
0.60325000	1.95365797e+01	
0.60483333	1.94335337e+01	
0.60641667	1.94697727e+01	
0.60800000	1.94738824e+01	
0.60958333	1.95398794e+01	
0.61116667	1.93064705e+01	
0.61275000	1.90940665e+01	
0.61433333	1.89596653e+01	
0.61591667	1.90553921e+01	
0.61750000	1.89448841e+01	
0.61908333	1.86624880e+01	
0.62066667	1.85233007e+01	
0.62225000	1.81875899e+01	
0.62383333	1.83177499e+01	
0.62541667	1.81199280e+01	
0.62700000	1.78972075e+01	
0.62858333	1.80314415e+01	
0.63016667	1.71757578e+01	
0.63175000	1.70626153e+01	
0.63333333	1.66996984e+01	
0.63491667	1.63474926e+01	
0.63650000	1.65655377e+01	
0.63808333	1.65134444e+01	
0.63966667	1.65284136e+01	
0.64125000	1.63992458e+01	
0.64283333	1.62018410e+01	
0.64441667	1.63643653e+01	
0.64600000	1.59992724e+01	
0.64758333	1.60270517e+01	
0.64916667	1.52566590e+01	
0.65075000	1.49945520e+01	
0.65233333	1.50306022e+01	
0.65391667	1.51391954e+01	
0.65550000	1.51714450e+01	
0.65708333	1.51845473e+01	
0.65866667	1.51463004e+01	
0.66025000	1.54610926e+01	
0.66183333	1.50064450e+01	
0.66341667	1.50051869e+01	
0.66500000	1.47860829e+01	
0.66658333	1.47743947e+01	
0.66816667	1.49935504e+01	
0.66975000	1.48468493e+01	
0.67133333	1.47559801e+01	
0.67291667	1.48592525e+01	
0.67450000	1.42209093e+01	
0.67608333	1.40507727e+01	
0.67766667	1.33244090e+01	
0.67925000	1.30945132e+01	
0.68083333	1.29776123e+01	
0.68241667	1.30008703e+01	
0.68400000	1.30304385e+01	
0.68558333	1.29993717e+01	
0.68716667	1.29347493e+01	
0.68875000	1.27228724e+01	
0.69033333	1.27851525e+01	
0.69191667	1.27307479e+01	
0.69350000	1.25276343e+01	
0.69508333	1.21735090e+01	
0.69666667	1.17442775e+01	
0.69825000	1.15239051e+01	
0.69983333	1.18070002e+01	
0.70141667	1.15944552e+01	
0.70300000	1.14250261e+01	
0.70458333	1.12878785e+01	
0.70616667	1.13113883e+01	
0.70775000	1.11688665e+01	
0.70933333	1.03501914e+01	
0.71091667	1.02700351e+01	
0.71250000	1.02516948e+01	
0.71408333	9.84097467e+00	
0.71566667	9.85914777e+00	
0.71725000	9.77662660e+00	
0.71883333	9.75969186e+00	
0.72041667	9.25610877e+00	
0.72200000	8.41910181e+00	
0.72358333	8.78593479e+00	
0.72516667	8.74257850e+00	
0.72675000	8.76744882e+00	
0.72833333	8.58559107e+00	
0.72991667	8.56724886e+00	
0.73150000	8.22757311e+00	
0.73308333	7.99209056e+00	
0.73466667	7.99682410e+00	
0.73625000	7.65009972e+00	
0.73783333	7.61658116e+00	
0.73941667	7.58618760e+00	
0.74100000	7.33405782e+00	
0.74258333	7.10673446e+00	
0.74416667	6.78863303e+00	
0.74575000	6.37462960e+00	
0.74733333	6.08873885e+00	
0.74891667	5.83615479e+00	
0.75050000	6.01454882e+00	
0.75208333	5.67623732e+00	
0.75366667	5.02197271e+00	
0.75525000	4.76271678e+00	
0.75683333	4.84559498e+00	
0.75841667	4.88732347e+00	
0.76000000	4.66698156e+00	
0.76158333	4.58747781e+00	
0.76316667	4.13742181e+00	
0.76475000	3.81991161e+00	
0.76633333	3.58512293e+00	
0.76791667	3.13329256e+00	
0.76950000	2.50791961e+00	
0.77108333	1.30130760e+00	
0.77266667	3.63714876e-01	
0.77425000	6.63423475e-02	
0.77583333	-3.69764602e-03	
0.77741667	-1.28888029e-04	
0.77900000	2.10180653e-04	
0.78058333	1.01137242e-03	
0.78216667	1.98734033e-04	
0.78375000	3.82172653e-05	
0.78533333	1.06992003e-05	
0.78691667	-1.36461749e-06	
0.78850000	-7.86825181e-06	
0.79008333	-1.09851205e-05	
0.79166667	-1.16758743e-05	
0.79325000	-1.08425291e-05	
0.79483333	-9.27122317e-06	
0.79641667	-7.71681026e-06	
0.79800000	-6.08276849e-06	
0.79958333	-4.71942181e-06	
0.80116667	-3.45484318e-06	
0.80275000	-2.39879215e-06	
0.80433333	-1.70063077e-06	
0.80591667	-9.87368544e-07	
0.80750000	-3.32677187e-07	
0.80908333	4.49148869e-08	
0.81066667	2.67089228e-07	
0.81225000	7.54781260e-07	
0.81383333	8.83937335e-07	
0.81541667	9.86424678e-07	
0.81700000	1.14441561e-06	
0.81858333	9.65090296e-07	
0.82016667	1.11136259e-06	
0.82175000	6.90005169e-07	
0.82333333	6.23109607e-07	
0.82491667	5.51119665e-07	
0.82650000	3.98236865e-07	
0.82808333	3.81081979e-07	
0.82966667	2.18131342e-07	
0.83125000	1.97173297e-07	
0.83283333	6.49848119e-07	
0.83441667	5.27743208e-07	
0.83600000	6.46357651e-07	
0.83758333	6.06516959e-07	
0.83916667	5.46928829e-07	
0.84075000	5.42935178e-07	
0.84233333	1.95575532e-07	
0.84391667	6.24664279e-08	
0.84550000	1.10534449e-07	
0.84708333	1.25529325e-07	
0.84866667	9.70002305e-08	
0.85025000	5.28915313e-08	
0.85183333	4.13663457e-07	
0.85341667	5.00302145e-07	
0.85500000	5.64127033e-07	
0.85658333	5.49650663e-07	
0.85816667	4.61256353e-07	
0.85975000	6.30282297e-07	
0.86133333	5.93684767e-07	
0.86291667	3.73140795e-07	
0.86450000	1.47887334e-07	
0.86608333	1.21942630e-07	
0.86766667	9.30336075e-08	
0.86925000	9.73816706e-08	
0.87083333	8.26889213e-08	
0.87241667	2.54852875e-07	
0.87400000	3.56045384e-07	
0.87558333	3.95774267e-07	
0.87716667	3.26202625e-07	
0.87875000	3.15010943e-07	
0.88033333	3.79794174e-07	
0.88191667	4.15486731e-07	
0.88350000	2.32303450e-07	
0.88508333	1.21718060e-07	
0.88666667	1.24949797e-07	
0.88825000	1.70348654e-07	
0.88983333	-1.96532716e-08	
0.89141667	3.93136240e-08	
0.89300000	9.34059192e-08	
0.89458333	3.97804554e-07	
0.89616667	4.79518100e-07	
0.89775000	4.34016703e-07	
0.89933333	4.72474328e-07	
0.90091667	4.04674578e-07	
0.90250000	7.15582049e-08	
0.90408333	1.61568132e-07	
0.90566667	7.79533768e-08	
0.90725000	2.90337552e-07	
0.90883333	1.56443034e-07	
0.91041667	1.24578780e-07	
0.91200000	2.62621600e-07	
0.91358333	4.03086375e-07	
0.91516667	5.21520153e-07	
0.91675000	1.91642825e-07	
0.91833333	2.60823611e-07	
0.91991667	4.27275316e-07	
0.92150000	2.90355528e-07	
0.92308333	2.27465564e-08	
0.92466667	-1.15443839e-07	
0.92625000	3.16907720e-08	
0.92783333	1.11312625e-07	
0.92941667	2.57102584e-08	
0.93100000	1.35510400e-08	
0.93258333	2.65759953e-07	
0.93416667	4.05972100e-07	
0.93575000	3.97199755e-07	
0.93733333	3.53080947e-07	
0.93891667	5.02981865e-07	
0.94050000	2.79655716e-07	
0.94208333	1.88513867e-07	
0.94366667	1.02714209e-07	
0.94525000	4.05064391e-08	
0.94683333	2.07112567e-07	
0.94841667	8.30530497e-08	
0.95000000	2.60738827e-08	
0.95158333	2.38787855e-08	
0.95316667	2.83519582e-07	
0.95475000	4.84876309e-07	
0.95633333	3.72871535e-07	
0.95791667	3.14061420e-07	
0.95950000	5.34266829e-07	
0.96108333	4.16593341e-07	
0.96266667	2.55950133e-07	
0.96425000	2.37229620e-08	
0.96583333	1.86284757e-07	
0.96741667	1.25079638e-07	
0.96900000	-2.94443712e-08	
0.97058333	1.49943648e-08	
0.97216667	6.10227601e-08	
0.97375000	3.55414124e-07	
0.97533333	3.40463329e-07	
0.97691667	4.04199733e-07	
0.97850000	2.45311475e-07	
0.98008333	3.02393661e-07	
0.98166667	2.59917407e-07	
0.98325000	2.31954970e-08	
0.98483333	8.34586619e-08	
0.98641667	1.81574077e-07	
0.98800000	1.58991960e-07	
0.98958333	-3.38263508e-08	
0.99116667	3.00657576e-08	
0.99275000	1.33168963e-07	
0.99433333	4.09428071e-07	
0.99591667	3.36920218e-07	
0.99750000	3.94693194e-07	
0.99908333	4.55492462e-07	
1.00066667	5.34311463e-07	
1.00225000	4.93095630e-07	
1.00383333	1.87061946e-07	
1.00541667	1.92593314e-07	
1.00700000	1.78030882e-07	
1.00858333	1.27991461e-07	
1.01016667	1.21908202e-07	
1.01175000	8.14357811e-08	
1.01333333	3.50999054e-07	
1.01491667	4.88375514e-07	
1.01650000	5.42606947e-07	
1.01808333	5.53453122e-07	
1.01966667	5.88366992e-07	
1.02125000	6.09067537e-07	
1.02283333	1.85073926e-07	
1.02441667	3.38129816e-07	
1.02600000	3.31086828e-07	
1.02758333	1.88402268e-07	
1.02916667	4.16644415e-07	
1.03075000	3.44558961e-07	
1.03233333	4.43739775e-07	
1.03391667	5.81799130e-07	
1.03550000	4.24898738e-07	
1.03708333	4.80209339e-07	
1.03866667	4.30688529e-07	
1.04025000	7.19428441e-07	
1.04183333	6.09470979e-07	
1.04341667	1.92938247e-07	
1.04500000	2.22868118e-07	
1.04658333	2.00544341e-07	
1.04816667	2.76769095e-07	
1.04975000	1.01235799e-07	
1.05133333	2.11424439e-07	
1.05291667	4.94426865e-07	
1.05450000	5.37291245e-07	
1.05608333	6.14726311e-07	
1.05766667	4.65645914e-07	
1.05925000	5.54663224e-07	
1.06083333	6.83086395e-07	
1.06241667	2.25563953e-07	
1.06400000	1.98970922e-07	
1.06558333	8.51350621e-08	
1.06716667	2.09488922e-07	
1.06875000	2.64677956e-07	
1.07033333	1.82524454e-07	
1.07191667	3.05849044e-07	
1.07350000	3.39339638e-07	
1.07508333	5.35043752e-07	
1.07666667	4.88722057e-07	
1.07825000	4.78100789e-07	
1.07983333	6.14424010e-07	
1.08141667	2.65750964e-07	
1.08300000	2.61006264e-07	
1.08458333	2.25001758e-07	
1.08616667	1.45752700e-07	
1.08775000	3.38303592e-07	
1.08933333	2.04943520e-07	
1.09091667	1.72113097e-07	
1.09250000	3.45959779e-07	
1.09408333	6.00336970e-07	
1.09566667	7.12903365e-07	
1.09725000	5.28908957e-07	
1.09883333	6.39271933e-07	
1.10041667	6.43201797e-07	
1.10200000	4.61878065e-07	
1.10358333	3.22487894e-07	
1.10516667	2.79707715e-07	
1.10675000	4.44041208e-07	
1.10833333	3.94175927e-07	
1.10991667	1.04009449e-07	
1.11150000	2.07796232e-07	
1.11308333	2.37040856e-07	
1.11466667	4.84098938e-07	
1.11625000	4.77142138e-07	
1.11783333	4.52510356e-07	
1.11941667	6.61335411e-07	
1.12100000	6.25337331e-07	
1.12258333	2.48466041e-07	
1.12416667	1.93673280e-07	
1.12575000	1.03793902e-07	
1.12733333	3.05462570e-07	
1.12891667	1.98382504e-07	
1.13050000	3.59951755e-07	
1.13208333	4.99135445e-07	
1.13366667	5.90053060e-07	
1.13525000	5.27698798e-07	
1.13683333	4.15132879e-07	
1.13841667	5.93336263e-07	
1.14000000	7.00205131e-07	
1.14158333	8.08276260e-07	
1.14316667	1.57541075e-07	
1.14475000	2.02687053e-07	
1.14633333	3.13671951e-07	
1.14791667	1.67123791e-07	
1.14950000	-1.97038244e-08	
1.15108333	1.47774167e-07	
1.15266667	3.05460806e-07	
1.15425000	5.60625924e-07	
1.15583333	5.02808985e-07	
1.15741667	5.31457743e-07	
1.15900000	7.29368831e-07	
1.16058333	6.48534412e-07	
1.16216667	5.37854686e-07	
1.16375000	1.32711731e-07	
1.16533333	1.03698866e-07	
1.16691667	1.77857821e-07	
1.16850000	3.66434767e-08	
1.17008333	2.59363458e-07	
1.17166667	3.17120165e-07	
1.17325000	4.31162899e-07	
1.17483333	5.49822311e-07	
1.17641667	4.58127717e-07	
1.17800000	5.92860186e-07	
1.17958333	5.96793635e-07	
1.18116667	4.89800442e-07	
1.18275000	2.81178033e-07	
1.18433333	8.58010580e-08	
1.18591667	2.33515036e-07	
1.18750000	2.69682985e-07	
1.18908333	1.99162591e-07	
1.19066667	2.84158514e-07	
1.19225000	4.88720489e-07	
1.19383333	6.92247958e-07	
1.19541667	6.74446215e-07	
1.19700000	6.00467791e-07	
1.19858333	5.60928281e-07	
1.20016667	5.40445586e-07	
1.20175000	3.68808693e-07	
1.20333333	9.66296408e-08	
1.20491667	1.65847312e-08	
1.20650000	9.10031804e-08	
1.20808333	1.34231569e-07	
1.20966667	1.50747158e-07	
1.21125000	8.01495154e-08	
1.21283333	4.56668403e-07	
1.21441667	5.66675539e-07	
1.21600000	5.46323050e-07	
1.21758333	5.94202622e-07	
1.21916667	5.57383322e-07	
1.22075000	5.04596082e-07	
1.22233333	3.68828182e-07	
1.22391667	1.47860817e-07	
1.22550000	1.90380739e-07	
1.22708333	1.91902285e-07	
1.22866667	3.37343457e-07	
1.23025000	1.57973792e-07	
1.23183333	4.21442318e-07	
1.23341667	5.06654454e-07	
1.23500000	4.33843571e-07	
1.23658333	5.26143328e-07	
1.23816667	5.83787219e-07	
1.23975000	5.47058363e-07	
1.24133333	5.44811150e-07	
1.24291667	1.98600857e-07	
1.24450000	1.92939157e-07	
1.24608333	2.73615453e-07	
1.24766667	2.59484871e-07	
1.24925000	3.04944351e-07	
1.25083333	2.66786787e-07	
1.25241667	4.46937910e-07	
1.25400000	5.97701659e-07	
1.25558333	4.89586680e-07	
1.25716667	5.23465120e-07	
1.25875000	3.71056746e-07	
1.26033333	6.19497501e-07	
1.26191667	6.35166724e-07	
1.26350000	3.34630023e-07	
1.26508333	2.66917021e-07	
1.26666667	2.83295124e-07	
1.26825000	5.35813618e-07	
1.26983333	3.38302528e-07	
1.27141667	2.76259164e-07	
1.27300000	6.38407590e-07	
1.27458333	5.99473355e-07	
1.27616667	5.19444644e-07	
1.27775000	3.52648860e-07	
1.27933333	5.25970617e-07	
1.28091667	4.27103136e-07	
1.28250000	2.04665706e-07	
1.28408333	1.09955642e-07	
1.28566667	1.04398176e-07	
1.28725000	1.83562111e-07	
1.28883333	3.17647009e-07	
1.29041667	2.47677973e-07	
1.29200000	7.04303731e-07	
1.29358333	5.08753316e-07	
1.29516667	6.75957051e-07	
1.29675000	7.19298683e-07	
1.29833333	7.37535510e-07	
1.29991667	7.76641168e-07	
1.30150000	3.54109377e-07	
1.30308333	2.01807687e-07	
1.30466667	1.85376105e-08	
1.30625000	9.78739117e-08	
1.30783333	3.00449533e-07	
1.30941667	2.38959222e-07	
1.31100000	1.71161754e-07	
1.31258333	3.60815146e-07	
1.31416667	3.71247266e-07	
1.31575000	4.65129095e-07	
1.31733333	4.64307958e-07	
1.31891667	4.58948881e-07	
1.32050000	5.12401936e-07	
1.32208333	4.76967186e-07	
1.32366667	2.23922576e-07	
1.32525000	1.82525448e-07	
1.32683333	2.75602478e-07	
1.32841667	1.56347381e-07	
1.33000000	4.77917185e-08	
1.33158333	1.35900444e-07	
1.33316667	3.03818925e-07	
1.33475000	3.75333798e-07	
1.33633333	3.56858008e-07	
1.33791667	4.50298061e-07	
1.33950000	7.30967927e-07	
1.34108333	5.87331226e-07	
1.34266667	2.41819971e-07	
1.34425000	1.63588086e-07	
1.34583333	1.59666860e-07	
1.34741667	2.65145045e-07	
1.34900000	1.36764087e-07	
1.35058333	2.22469968e-07	
1.35216667	1.86907533e-07	
1.35375000	3.08469037e-07	
1.35533333	4.89023799e-07	
1.35691667	4.16902783e-07	
1.35850000	6.28337274e-07	
1.36008333	5.60929065e-07	
1.36166667	2.86361793e-07	
1.36325000	2.50505708e-07	
1.36483333	3.91492882e-08	
1.36641667	2.88349686e-07	
1.36800000	1.89438958e-07	
1.36958333	1.74306057e-07	
1.37116667	3.28408368e-07	
1.37275000	3.86484598e-07	
1.37433333	5.57211338e-07	
1.37591667	5.05013188e-07	
1.37750000	4.81029720e-07	
1.37908333	5.80416484e-07	
1.38066667	4.35832584e-07	
1.38225000	3.86474685e-07	
1.38383333	-2.15633301e-08	
1.38541667	2.73892302e-07	
1.38700000	2.95609096e-07	
1.38858333	1.95791547e-07	
1.39016667	1.92463906e-07	
1.39175000	1.41259114e-07	
1.39333333	4.83234651e-07	
1.39491667	4.16169402e-07	
1.39650000	5.76743279e-07	
1.39808333	6.24967771e-07	
1.39966667	5.87806295e-07	
1.40125000	4.75585100e-07	
1.40283333	4.47800797e-07	
1.40441667	1.00302223e-07	
1.40600000	2.12600366e-07	
1.40758333	1.49261201e-07	
1.40916667	1.00725000e-07	
1.41075000	5.44902665e-08	
1.41233333	2.56286596e-07	
1.41391667	5.07657683e-07	
1.41550000	3.30870182e-07	
1.41708333	5.25278538e-07	
1.41866667	6.07123466e-07	
1.42025000	6.56684346e-07	
1.42183333	5.23594766e-07	
1.42341667	1.71057001e-07	
1.42500000	1.46892799e-07	
1.42658333	1.92074731e-07	
1.42816667	6.04098826e-08	
1.42975000	4.48699098e-08	
1.43133333	5.07119905e-08	
1.43291667	4.09361568e-07	
1.43450000	4.75629958e-07	
1.43608333	4.82023877e-07	
1.43766667	5.60193752e-07	
1.43925000	5.99430569e-07	
1.44083333	5.07561527e-07	
1.44241667	3.59856299e-07	
1.44400000	1.44369200e-07	
1.44558333	2.39131962e-07	
1.44716667	2.69043436e-07	
1.44875000	4.15780940e-07	
1.45033333	3.28113375e-07	
1.45191667	4.95100800e-07	
1.45350000	5.79464441e-07	
1.45508333	6.41603485e-07	
1.45666667	6.11399090e-07	
1.45825000	4.70659903e-07	
1.45983333	6.09498421e-07	
1.46141667	2.39988128e-07	
1.46300000	6.14215190e-08	
1.46458333	7.96305611e-08	
1.46616667	1.27387390e-07	
1.46775000	1.72603119e-07	
1.46933333	3.49228380e-08	
1.47091667	1.36625901e-07	
1.47250000	3.23137243e-07	
1.47408333	5.01555929e-07	
1.47566667	6.25486690e-07	
1.47725000	5.64515242e-07	
1.47883333	4.58863002e-07	
1.48041667	6.25183436e-07	
@ 
0.00000000	2.77504100e-07	
0.00158333	2.11823975e-07	
0.00316667	5.82921126e-08	
0.00475000	1.34387606e-07	
0.00633333	2.08244714e-07	
0.00791667	4.90882956e-08	
0.00950000	1.02852150e-07	
0.01108333	3.94866466e-07	
0.01266667	4.87597583e-07	
0.01425000	4.63961834e-07	
0.01583333	3.13801148e-07	
0.01741667	4.80727699e-07	
0.01900000	5.73543463e-07	
0.02058333	3.40937894e-07	
0.02216667	2.27897634e-07	
0.02375000	1.58802336e-07	
0.02533333	2.58439696e-07	
0.02691667	2.13369154e-07	
0.02850000	8.40291945e-08	
0.03008333	3.48441139e-07	
0.03166667	3.36446157e-07	
0.03325000	4.09126946e-07	
0.03483333	4.03810319e-07	
0.03641667	4.75888913e-07	
0.03800000	4.75878609e-07	
0.03958333	3.92956724e-07	
0.04116667	1.49417658e-07	
0.04275000	1.15935716e-07	
0.04433333	1.97995078e-07	
0.04591667	3.49192469e-07	
0.04750000	1.17448680e-07	
0.04908333	3.06110407e-07	
0.05066667	4.94470043e-07	
0.05225000	5.26878081e-07	
0.05383333	5.91521222e-07	
0.05541667	5.30463586e-07	
0.05700000	6.82223956e-07	
0.05858333	4.38242652e-07	
0.06016667	1.61862705e-07	
0.06175000	2.22625529e-07	
0.06333333	2.79664369e-07	
0.06491667	2.26773411e-07	
0.06650000	1.52709136e-07	
0.06808333	1.98729523e-07	
0.06966667	3.17414459e-07	
0.07125000	3.50530789e-07	
0.07283333	4.70573715e-07	
0.07441667	4.98272558e-07	
0.07600000	4.78351344e-07	
0.07758333	5.22728575e-07	
0.07916667	5.70045826e-07	
0.08075000	4.54343655e-07	
0.08233333	1.55121052e-07	
0.08391667	3.05418888e-07	
0.08550000	3.60194246e-07	
0.08708333	2.94227430e-07	
0.08866667	2.17637862e-07	
0.09025000	1.79499436e-07	
0.09183333	5.15597887e-07	
0.09341667	4.26583573e-07	
0.09500000	4.41577770e-07	
0.09658333	6.52148646e-07	
0.09816667	5.66327092e-07	
0.09975000	6.02317890e-07	
0.10133333	2.81867172e-07	
0.10291667	1.21666173e-07	
0.10450000	1.82784096e-07	
0.10608333	1.15037345e-07	
0.10766667	1.84650883e-07	
0.10925000	2.89602127e-07	
0.11083333	3.33636287e-07	
0.11241667	3.93138032e-07	
0.11400000	4.01261477e-07	
0.11558333	4.77098064e-07	
0.11716667	6.04120891e-07	
0.11875000	5.18063734e-07	
0.12033333	3.61593021e-07	
0.12191667	3.02567100e-07	
0.12350000	3.75032700e-07	
0.12508333	3.09254808e-07	
0.12666667	2.75446623e-07	
0.12825000	3.15295548e-07	
0.12983333	3.36919994e-07	
0.13141667	5.62786893e-07	
0.13300000	4.65949672e-07	
0.13458333	4.53978770e-07	
0.13616667	5.74843170e-07	
0.13775000	4.86518806e-07	
0.13933333	3.32684888e-07	
0.14091667	2.09619030e-07	
0.14250000	1.08278983e-07	
0.14408333	2.87053480e-07	
0.14566667	2.36540250e-07	
0.14725000	2.60003791e-07	
0.14883333	1.96318363e-07	
0.15041667	2.42416425e-07	
0.15200000	4.83060819e-07	
0.15358333	4.78047922e-07	
0.15516667	5.55656653e-07	
0.15675000	5.89663899e-07	
0.15833333	5.92346531e-07	
0.15991667	4.78265492e-07	
0.16150000	1.72068337e-07	
0.16308333	1.45207152e-07	
0.16466667	7.61818773e-08	
0.16625000	8.45814352e-08	
0.16783333	4.52761486e-08	
0.16941667	2.52432419e-07	
0.17100000	4.10258645e-07	
0.17258333	4.87253279e-07	
0.17416667	4.93864936e-07	
0.17575000	6.86378614e-07	
0.17733333	6.92896579e-07	
0.17891667	6.57853510e-07	
0.18050000	3.56217480e-07	
0.18208333	2.65569488e-07	
0.18366667	2.81090501e-07	
0.18525000	2.08106570e-07	
0.18683333	1.98945805e-07	
0.18841667	6.50600303e-08	
0.19000000	3.73649634e-07	
0.19158333	4.25157917e-07	
0.19316667	5.58291739e-07	
0.19475000	6.07684611e-07	
0.19633333	4.93171849e-07	
0.19791667	6.61396733e-07	
0.19950000	6.01071779e-07	
0.20108333	1.44154388e-07	
0.20266667	2.91245408e-07	
0.20425000	1.59320149e-07	
0.20583333	1.68049499e-07	
0.20741667	5.52504061e-08	
0.20900000	1.87581579e-07	
0.21058333	5.43945799e-07	
0.21216667	5.15426744e-07	
0.21375000	5.56390622e-07	
0.21533333	5.55614539e-07	
0.21691667	3.77383097e-07	
0.21850000	6.41128248e-07	
0.22008333	2.44516408e-07	
0.22166667	1.47048626e-07	
0.22325000	1.22763963e-07	
0.22483333	1.92032043e-07	
0.22641667	2.60218952e-07	
0.22800000	1.19021945e-07	
0.22958333	5.05159131e-07	
0.23116667	5.10025525e-07	
0.23275000	4.27101960e-07	
0.23433333	4.46288393e-07	
0.23591667	5.38718413e-07	
0.23750000	7.00326880e-07	
0.23908333	6.01938137e-07	
0.24066667	3.70454299e-07	
0.24225000	2.19885788e-07	
0.24383333	1.23195476e-07	
0.24541667	1.98659870e-07	
0.24700000	2.10595168e-07	
0.24858333	1.85680392e-07	
0.25016667	2.62942102e-07	
0.25175000	3.98107751e-07	
0.25333333	4.89715710e-07	
0.25491667	4.78222930e-07	
0.25650000	4.63790075e-07	
0.25808333	5.95800374e-07	
0.25966667	3.38578536e-07	
0.26125000	9.53679462e-08	
0.26283333	5.35768384e-09	
0.26441667	1.71290112e-07	
0.26600000	2.13377806e-07	
0.26758333	1.32304635e-07	
0.26916667	3.00579515e-07	
0.27075000	4.20707845e-07	
0.27233333	5.75406051e-07	
0.27391667	5.26013067e-07	
0.27550000	4.25131568e-07	
0.27708333	6.46271967e-07	
0.27866667	6.07336388e-07	
0.28025000	5.35207727e-07	
0.28183333	3.61076202e-07	
0.28341667	2.72535669e-07	
0.28500000	4.20448050e-07	
0.28658333	2.86431600e-07	
0.28816667	2.15366540e-07	
0.28975000	2.14605620e-07	
0.29133333	4.24760355e-07	
0.29291667	5.33963407e-07	
0.29450000	4.16861005e-07	
0.29608333	4.23629329e-07	
0.29766667	5.38717461e-07	
0.29925000	5.12315804e-07	
0.30083333	1.65543218e-07	
0.30241667	1.48353303e-07	
0.30400000	3.52432606e-07	
0.30558333	2.43453900e-07	
0.30716667	2.93838101e-07	
0.30875000	8.37003757e-08	
0.31033333	2.96862488e-07	
0.31191667	5.92906668e-07	
0.31350000	4.70054180e-07	
0.31508333	4.61671556e-07	
0.31666667	4.86085683e-07	
0.31825000	4.95722147e-07	
0.31983333	5.12445394e-07	
0.32141667	2.59959017e-07	
0.32300000	2.18909483e-07	
0.32458333	3.20456543e-07	
0.32616667	1.24691051e-07	
0.32775000	1.41387570e-07	
0.32933333	2.97727503e-07	
0.33091667	4.24295226e-07	
0.33250000	4.37127026e-07	
0.33408333	3.92489327e-07	
0.33566667	5.89923078e-07	
0.33725000	6.69605246e-07	
0.33883333	6.11847558e-07	
0.34041667	4.88508352e-07	
0.34200000	2.29064068e-07	
0.34358333	4.23170500e-07	
0.34516667	1.38215938e-07	
0.34675000	3.20370215e-07	
0.34833333	2.07111965e-07	
0.34991667	7.49660782e-07	
0.35150000	6.94711956e-07	
0.35308333	6.09282419e-07	
0.35466667	6.13212731e-07	
0.35625000	7.71627263e-07	
0.35783333	7.70244393e-07	
0.35941667	7.58490698e-07	
0.36100000	2.88704742e-07	
0.36258333	3.86872835e-07	
0.36416667	5.01468677e-07	
0.36575000	3.79828951e-07	
0.36733333	5.40835644e-07	
0.36891667	5.20983705e-07	
0.37050000	7.34552424e-07	
0.37208333	9.56051827e-07	
0.37366667	9.21875397e-07	
0.37525000	8.97069700e-07	
0.37683333	8.67947665e-07	
0.37841667	8.86090296e-07	
0.38000000	8.25427142e-07	
0.38158333	5.14355920e-07	
0.38316667	5.83398002e-07	
0.38475000	6.39486702e-07	
0.38633333	7.69513169e-07	
0.38791667	7.27377998e-07	
0.38950000	7.49763434e-07	
0.39108333	8.38024067e-07	
0.39266667	7.36023386e-07	
0.39425000	7.87528897e-07	
0.39583333	8.48759860e-07	
0.39741667	8.59994189e-07	
0.39900000	9.38680687e-07	
0.40058333	5.55570409e-07	
0.40216667	6.63771464e-07	
0.40375000	7.20293400e-07	
0.40533333	8.46685583e-07	
0.40691667	5.88409162e-07	
0.40850000	5.80908186e-07	
0.41008333	7.48382468e-07	
0.41166667	9.89456318e-07	
0.41325000	1.03180553e-06	
0.41483333	1.04459426e-06	
0.41641667	9.33585803e-07	
0.41800000	9.85411928e-07	
0.41958333	7.33299480e-07	
0.42116667	7.80995756e-07	
0.42275000	5.52329095e-07	
0.42433333	6.37370367e-07	
0.42591667	7.21200809e-07	
0.42750000	5.75145415e-07	
0.42908333	5.90053060e-07	
0.43066667	7.59959252e-07	
0.43225000	7.59529657e-07	
0.43383333	8.07061901e-07	
0.43541667	7.18997670e-07	
0.43700000	7.99713364e-07	
0.43858333	8.32813705e-07	
0.44016667	6.26359713e-07	
0.44175000	6.87712258e-07	
0.44333333	6.83779034e-07	
0.44491667	7.66571805e-07	
0.44650000	5.53020166e-07	
0.44808333	3.98193155e-07	
0.44966667	7.35936302e-07	
0.45125000	8.37135867e-07	
0.45283333	8.88213127e-07	
0.45441667	9.34532413e-07	
0.45600000	7.58056735e-07	
0.45758333	1.06642684e-06	
0.45916667	8.23077836e-07	
0.46075000	6.68190398e-07	
0.46233333	5.65639213e-07	
0.46391667	5.69096472e-07	
0.46550000	7.33385500e-07	
0.46708333	5.07132267e-07	
0.46866667	7.02620799e-07	
0.47025000	7.96130379e-07	
0.47183333	9.98359149e-07	
0.47341667	1.04286569e-06	
0.47500000	8.72790035e-07	
0.47658333	8.90114244e-07	
0.47816667	1.03719376e-06	
0.47975000	6.98000312e-07	
0.48133333	7.05340169e-07	
0.48291667	5.54144249e-07	
0.48450000	5.50428258e-07	
0.48608333	4.99092995e-07	
0.48766667	5.69484905e-07	
0.48925000	5.97054270e-07	
0.49083333	7.77979909e-07	
0.49241667	9.31986203e-07	
0.49400000	9.64092556e-07	
0.49558333	9.63096383e-07	
0.49716667	1.14981627e-06	
0.49875000	9.17862929e-07	
0.50033333	6.83061978e-07	
0.50191667	6.33825688e-07	
0.50350000	6.20257287e-07	
0.50508333	6.50290875e-07	
0.50666667	4.78308054e-07	
0.50825000	4.46374609e-07	
0.50983333	6.17102442e-07	
0.51141667	9.45207612e-07	
0.51300000	9.06059728e-07	
0.51458333	9.01132907e-07	
0.51616667	1.10281974e-06	
0.51775000	1.03586392e-06	
0.51933333	8.98931280e-07	
0.52091667	7.43670809e-07	
0.52250000	5.25926207e-07	
0.52408333	6.47393697e-07	
0.52566667	5.38286185e-07	
0.52725000	5.15902429e-07	
0.52883333	4.12366187e-07	
0.53041667	4.53659556e-07	
0.53200000	8.51010433e-07	
0.53358333	8.69717569e-07	
0.53516667	9.20619653e-07	
0.53675000	1.00544638e-06	
0.53833333	9.73340811e-07	
0.53991667	8.04469881e-07	
0.54150000	6.98385441e-07	
0.54308333	6.95273773e-07	
0.54466667	6.75610899e-07	
0.54625000	7.32520709e-07	
0.54783333	6.32485604e-07	
0.54941667	9.05514207e-07	
0.55100000	1.09155495e-06	
0.55258333	1.14039586e-06	
0.55416667	1.08871293e-06	
0.55575000	1.02998993e-06	
0.55733333	7.81482810e-07	
0.55891667	8.79832519e-07	
0.56050000	7.30619703e-07	
0.56208333	6.06300957e-07	
0.56366667	6.79067822e-07	
0.56525000	6.77644014e-07	
0.56683333	5.32927473e-07	
0.56841667	4.82500066e-07	
0.57000000	6.57160815e-07	
0.57158333	1.04457757e-06	
0.57316667	8.98147861e-07	
0.57475000	9.32545164e-07	
0.57633333	1.01610623e-06	
0.57791667	1.04359249e-06	
0.57950000	9.73222085e-07	
0.58108333	5.94634290e-07	
0.58266667	5.61057591e-07	
0.58425000	4.19712877e-07	
0.58583333	5.07605769e-07	
0.58741667	6.49556626e-07	
0.58900000	7.18028770e-07	
0.59058333	8.06413560e-07	
0.59216667	9.03250026e-07	
0.59375000	9.92611835e-07	
0.59533333	1.02479010e-06	
0.59691667	1.01007801e-06	
0.59850000	1.21316239e-06	
0.60008333	9.55971519e-07	
0.60166667	7.73397559e-07	
0.60325000	8.43143536e-07	
0.60483333	7.19255618e-07	
0.60641667	9.01571126e-07	
0.60800000	7.96690740e-07	
0.60958333	9.36072426e-07	
0.61116667	1.23212965e-06	
0.61275000	1.19982292e-06	
0.61433333	1.38682114e-06	
0.61591667	1.32087762e-06	
0.61750000	1.61182960e-06	
0.61908333	1.60992731e-06	
0.62066667	1.46554914e-06	
0.62225000	1.58800602e-06	
0.62383333	1.78366984e-06	
0.62541667	2.04130235e-06	
0.62700000	2.32316882e-06	
0.62858333	2.54620756e-06	
0.63016667	3.23652523e-06	
0.63175000	3.64078228e-06	
0.63333333	4.25835760e-06	
0.63491667	4.88747998e-06	
0.63650000	5.64786731e-06	
0.63808333	6.76151491e-06	
0.63966667	7.89561598e-06	
0.64125000	9.86513654e-06	
0.64283333	1.23516929e-05	
0.64441667	1.57358083e-05	
0.64600000	2.00905762e-05	
0.64758333	2.55284579e-05	
0.64916667	3.26962383e-05	
0.65075000	4.10456700e-05	
0.65233333	5.14206758e-05	
0.65391667	6.73772057e-05	
0.65550000	8.83262816e-05	
0.65708333	1.07815916e-04	
0.65866667	1.17465703e-04	
0.66025000	1.20454427e-04	
0.66183333	1.24099318e-04	
0.66341667	1.59038936e-04	
0.66500000	2.56653355e-04	
0.66658333	3.59969773e-04	
0.66816667	3.27285266e-04	
0.66975000	3.09528444e-04	
0.67133333	4.73827867e-04	
0.67291667	8.54728595e-04	
0.67450000	9.43714419e-04	
0.67608333	1.21827576e-03	
0.67766667	1.73409649e-03	
0.67925000	1.23207406e-02	
0.68083333	2.79363822e-02	
0.68241667	3.01223822e-02	
0.68400000	3.24126612e-02	
0.68558333	4.58414119e-02	
0.68716667	4.95813921e-02	
0.68875000	5.05890218e-02	
0.69033333	5.52530728e-02	
0.69191667	5.29663850e-02	
0.69350000	6.27234907e-02	
0.69508333	8.63476510e-02	
0.69666667	1.39565344e-01	
0.69825000	1.66753940e-01	
0.69983333	1.74109496e-01	
0.70141667	1.74657131e-01	
0.70300000	1.83870958e-01	
0.70458333	1.94216170e-01	
0.70616667	1.98646944e-01	
0.70775000	2.43340892e-01	
0.70933333	3.64740119e-01	
0.71091667	5.71764588e-01	
0.71250000	7.79337206e-01	
0.71408333	9.17568660e-01	
0.71566667	1.02742416e+00	
0.71725000	2.15275887e+00	
0.71883333	4.73855396e+00	
0.72041667	1.63680315e+01	
0.72200000	2.04988552e+01	
0.72358333	2.16493560e+01	
0.72516667	2.32825270e+01	
0.72675000	2.53151000e+01	
0.72833333	2.61842890e+01	
0.72991667	2.70204090e+01	
0.73150000	2.79556552e+01	
0.73308333	2.84668074e+01	
0.73466667	2.94663988e+01	
0.73625000	3.00836055e+01	
0.73783333	3.10210107e+01	
0.73941667	3.18166411e+01	
0.74100000	3.25821132e+01	
0.74258333	3.32696427e+01	
