start voltage : 0.00 V 
set voltage : 0.10 V 
High G : 30.00 G0 
Intermediate G : 20.00 G0 
Low G : 10.00 G0 
Breaking speed 1 : 300.00 V/s 
Breaking speed 2 : 300.00 V/s 
Making speed : 500.00 V/s 
Post breaking : 230.00 V/s 
@ 
0.00000000	4.79531503e+01	
0.00158333	4.86489254e+01	
0.00316667	4.85062805e+01	
0.00475000	4.86828701e+01	
0.00633333	4.86116810e+01	
0.00791667	4.86795440e+01	
0.00950000	4.85567916e+01	
0.01108333	4.84438144e+01	
0.01266667	4.85525523e+01	
0.01425000	4.85137632e+01	
0.01583333	4.85050478e+01	
0.01741667	4.85502033e+01	
0.01900000	4.87004888e+01	
0.02058333	4.85864255e+01	
0.02216667	4.81941303e+01	
0.02375000	4.85998087e+01	
0.02533333	4.85497411e+01	
0.02691667	4.85072764e+01	
0.02850000	4.86117337e+01	
0.03008333	4.84517631e+01	
0.03166667	4.84762219e+01	
0.03325000	4.83790069e+01	
0.03483333	4.83275111e+01	
0.03641667	4.84562693e+01	
0.03800000	4.82743467e+01	
0.03958333	4.84605988e+01	
0.04116667	4.82650450e+01	
0.04275000	4.80515417e+01	
0.04433333	4.82536687e+01	
0.04591667	4.81004856e+01	
0.04750000	4.83000006e+01	
0.04908333	4.81782291e+01	
0.05066667	4.82261770e+01	
0.05225000	4.83295330e+01	
0.05383333	4.80818709e+01	
0.05541667	4.82937393e+01	
0.05700000	4.79938561e+01	
0.05858333	4.80612042e+01	
0.06016667	4.79490952e+01	
0.06175000	4.79040185e+01	
0.06333333	4.80904397e+01	
0.06491667	4.80103662e+01	
0.06650000	4.79116704e+01	
0.06808333	4.79078670e+01	
0.06966667	4.76381363e+01	
0.07125000	4.79661276e+01	
0.07283333	4.77886699e+01	
0.07441667	4.78360503e+01	
0.07600000	4.79267823e+01	
0.07758333	4.77668907e+01	
0.07916667	4.79360878e+01	
0.08075000	4.75407747e+01	
0.08233333	4.76530416e+01	
0.08391667	4.76394179e+01	
0.08550000	4.76104642e+01	
0.08708333	4.78679580e+01	
0.08866667	4.75543157e+01	
0.09025000	4.75918232e+01	
0.09183333	4.75887527e+01	
0.09341667	4.73224270e+01	
0.09500000	4.75646246e+01	
0.09658333	4.74019557e+01	
0.09816667	4.74799171e+01	
0.09975000	4.72301954e+01	
0.10133333	4.71556277e+01	
0.10291667	4.75054959e+01	
0.10450000	4.74949126e+01	
0.10608333	4.73394858e+01	
0.10766667	4.73056238e+01	
0.10925000	4.71395611e+01	
0.11083333	4.71127158e+01	
0.11241667	4.69447965e+01	
0.11400000	4.70844123e+01	
0.11558333	4.70995281e+01	
0.11716667	4.70414103e+01	
0.11875000	4.68357655e+01	
0.12033333	4.65575261e+01	
0.12191667	4.63920911e+01	
0.12350000	4.61052753e+01	
0.12508333	4.61728827e+01	
0.12666667	4.61965034e+01	
0.12825000	4.62239839e+01	
0.12983333	4.62099543e+01	
0.13141667	4.60324589e+01	
0.13300000	4.59473229e+01	
0.13458333	4.59879160e+01	
0.13616667	4.50334068e+01	
0.13775000	4.48945164e+01	
0.13933333	4.46456103e+01	
0.14091667	4.47282959e+01	
0.14250000	4.44443665e+01	
0.14408333	4.40894622e+01	
0.14566667	4.36575586e+01	
0.14725000	4.27367762e+01	
0.14883333	4.29401134e+01	
0.15041667	4.31099719e+01	
0.15200000	4.29844383e+01	
0.15358333	4.31376929e+01	
0.15516667	4.30017188e+01	
0.15675000	4.30548607e+01	
0.15833333	4.31188715e+01	
0.15991667	4.29792557e+01	
0.16150000	4.32654175e+01	
0.16308333	4.30149291e+01	
0.16466667	4.30493962e+01	
0.16625000	4.31385197e+01	
0.16783333	4.30993811e+01	
0.16941667	4.32425785e+01	
0.17100000	4.29367159e+01	
0.17258333	4.28859981e+01	
0.17416667	4.29818602e+01	
0.17575000	4.29367535e+01	
0.17733333	4.27637079e+01	
0.17891667	4.23380619e+01	
0.18050000	4.18715522e+01	
0.18208333	4.15430873e+01	
0.18366667	4.12744804e+01	
0.18525000	4.12522089e+01	
0.18683333	4.10672308e+01	
0.18841667	4.14143442e+01	
0.19000000	4.11665167e+01	
0.19158333	4.08488381e+01	
0.19316667	4.09581998e+01	
0.19475000	4.07456737e+01	
0.19633333	4.08118267e+01	
0.19791667	4.09358419e+01	
0.19950000	4.06138450e+01	
0.20108333	4.05908858e+01	
0.20266667	4.04604176e+01	
0.20425000	4.01326217e+01	
0.20583333	3.95379627e+01	
0.20741667	3.96611812e+01	
0.20900000	3.94758762e+01	
0.21058333	3.93030035e+01	
0.21216667	3.94607342e+01	
0.21375000	3.92273760e+01	
0.21533333	3.81774445e+01	
0.21691667	3.79874905e+01	
0.21850000	3.81004076e+01	
0.22008333	3.80848484e+01	
0.22166667	3.81334390e+01	
0.22325000	3.80819658e+01	
0.22483333	3.80143245e+01	
0.22641667	3.81863817e+01	
0.22800000	3.84119302e+01	
0.22958333	3.79740322e+01	
0.23116667	3.68898930e+01	
0.23275000	3.67045804e+01	
0.23433333	3.66640851e+01	
0.23591667	3.66559034e+01	
0.23750000	3.66079141e+01	
0.23908333	3.67266452e+01	
0.24066667	3.66433771e+01	
0.24225000	3.66841392e+01	
0.24383333	3.65087861e+01	
0.24541667	3.64640214e+01	
0.24700000	3.64736914e+01	
0.24858333	3.61567795e+01	
0.25016667	3.64214854e+01	
0.25175000	3.66961243e+01	
0.25333333	3.63541335e+01	
0.25491667	3.60002703e+01	
0.25650000	3.58975945e+01	
0.25808333	3.49000194e+01	
0.25966667	3.42077282e+01	
0.26125000	3.42261512e+01	
0.26283333	3.41918232e+01	
0.26441667	3.41422292e+01	
0.26600000	3.41798569e+01	
0.26758333	3.41319653e+01	
0.26916667	3.38564883e+01	
0.27075000	3.40740956e+01	
0.27233333	3.37261479e+01	
0.27391667	3.36842959e+01	
0.27550000	3.38351714e+01	
0.27708333	3.38784403e+01	
0.27866667	3.35188382e+01	
0.28025000	3.28119123e+01	
0.28183333	3.19855112e+01	
0.28341667	3.02513406e+01	
0.28500000	3.02494164e+01	
0.28658333	3.04748709e+01	
0.28816667	2.98510083e+01	
0.28975000	2.97682758e+01	
0.29133333	2.96533819e+01	
0.29291667	2.95244358e+01	
0.29450000	2.95356843e+01	
0.29608333	2.85841010e+01	
0.29766667	2.82269700e+01	
0.29925000	2.83743278e+01	
0.30083333	2.80290390e+01	
0.30241667	2.80180799e+01	
0.30400000	2.76679205e+01	
0.30558333	2.76504465e+01	
0.30716667	2.76814747e+01	
0.30875000	2.75860993e+01	
0.31033333	2.77122662e+01	
0.31191667	2.76604829e+01	
0.31350000	2.77083106e+01	
0.31508333	2.69034932e+01	
0.31666667	2.70044026e+01	
0.31825000	2.68845647e+01	
0.31983333	2.66338264e+01	
0.32141667	2.69997329e+01	
0.32300000	2.67912902e+01	
0.32458333	2.68261631e+01	
0.32616667	2.68125507e+01	
0.32775000	2.67171340e+01	
0.32933333	2.66036137e+01	
0.33091667	2.63862319e+01	
0.33250000	2.66029334e+01	
0.33408333	2.65947592e+01	
0.33566667	2.64082309e+01	
0.33725000	2.62580299e+01	
0.33883333	2.57196416e+01	
0.34041667	2.58058242e+01	
0.34200000	2.57142954e+01	
0.34358333	2.44216327e+01	
0.34516667	2.35886903e+01	
0.34675000	2.33956357e+01	
0.34833333	2.33691493e+01	
0.34991667	2.33112420e+01	
0.35150000	2.34695495e+01	
0.35308333	2.36572110e+01	
0.35466667	2.33766903e+01	
0.35625000	2.34344623e+01	
0.35783333	2.33452750e+01	
0.35941667	2.30598253e+01	
0.36100000	2.30648670e+01	
0.36258333	2.30810633e+01	
0.36416667	2.28245166e+01	
0.36575000	2.25889824e+01	
0.36733333	2.24071105e+01	
0.36891667	2.25291546e+01	
0.37050000	2.24900968e+01	
0.37208333	2.24246334e+01	
0.37366667	2.23053292e+01	
0.37525000	2.18851232e+01	
0.37683333	2.19842174e+01	
0.37841667	2.18627071e+01	
0.38000000	2.19675476e+01	
0.38158333	2.20446202e+01	
0.38316667	1.93905260e+01	
0.38475000	1.85827865e+01	
0.38633333	1.85550918e+01	
0.38791667	1.85167049e+01	
0.38950000	1.77061242e+01	
0.39108333	1.71644116e+01	
0.39266667	1.74208399e+01	
0.39425000	1.76375302e+01	
0.39583333	1.78623872e+01	
0.39741667	1.75237243e+01	
0.39900000	1.75018869e+01	
0.40058333	1.74023549e+01	
0.40216667	1.74357640e+01	
0.40375000	1.70867095e+01	
0.40533333	1.68088854e+01	
0.40691667	1.67779455e+01	
0.40850000	1.65276977e+01	
0.41008333	1.62313190e+01	
0.41166667	1.62526979e+01	
0.41325000	1.64491086e+01	
0.41483333	1.64185821e+01	
0.41641667	1.63493623e+01	
0.41800000	1.62220304e+01	
0.41958333	1.62462374e+01	
0.42116667	1.57151307e+01	
0.42275000	1.57907921e+01	
0.42433333	1.58465196e+01	
0.42591667	1.56188242e+01	
0.42750000	1.56980202e+01	
0.42908333	1.54916473e+01	
0.43066667	1.53050128e+01	
0.43225000	1.49014879e+01	
0.43383333	1.45164706e+01	
0.43541667	1.41714318e+01	
0.43700000	1.40940858e+01	
0.43858333	1.41202903e+01	
0.44016667	1.38948103e+01	
0.44175000	1.35580209e+01	
0.44333333	1.37414271e+01	
0.44491667	1.36999236e+01	
0.44650000	1.40385217e+01	
0.44808333	1.38060016e+01	
0.44966667	1.36099987e+01	
0.45125000	1.31179478e+01	
0.45283333	1.28576551e+01	
0.45441667	1.26386610e+01	
0.45600000	1.24582248e+01	
0.45758333	1.25887606e+01	
0.45916667	1.27189591e+01	
0.46075000	1.29319297e+01	
0.46233333	1.28540387e+01	
0.46391667	1.28759278e+01	
0.46550000	1.28393739e+01	
0.46708333	1.27732106e+01	
0.46866667	1.27827500e+01	
0.47025000	1.25789055e+01	
0.47183333	1.13740771e+01	
0.47341667	1.14051110e+01	
0.47500000	1.14848313e+01	
0.47658333	1.09268145e+01	
0.47816667	1.05763318e+01	
0.47975000	1.04445793e+01	
0.48133333	1.03254902e+01	
0.48291667	1.03440476e+01	
0.48450000	9.25691304e+00	
0.48608333	9.12444548e+00	
0.48766667	9.17028316e+00	
0.48925000	9.11528283e+00	
0.49083333	8.75198920e+00	
0.49241667	8.70761160e+00	
0.49400000	8.78137037e+00	
0.49558333	8.57126739e+00	
0.49716667	8.33215811e+00	
0.49875000	8.09134352e+00	
0.50033333	7.95334285e+00	
0.50191667	8.05397039e+00	
0.50350000	8.01188346e+00	
0.50508333	7.73845277e+00	
0.50666667	7.63640460e+00	
0.50825000	7.45081584e+00	
0.50983333	7.50527826e+00	
0.51141667	7.01834570e+00	
0.51300000	7.10853138e+00	
0.51458333	6.74608665e+00	
0.51616667	6.87378357e+00	
0.51775000	6.95529470e+00	
0.51933333	6.70280412e+00	
0.52091667	6.79272766e+00	
0.52250000	6.71642548e+00	
0.52408333	6.55355590e+00	
0.52566667	6.47506923e+00	
0.52725000	6.45106379e+00	
0.52883333	6.41527759e+00	
0.53041667	6.18736747e+00	
0.53200000	6.03637541e+00	
0.53358333	5.72869189e+00	
0.53516667	5.69952870e+00	
0.53675000	5.67100206e+00	
0.53833333	5.00426940e+00	
0.53991667	4.38185514e+00	
0.54150000	4.35236122e+00	
0.54308333	4.11379924e+00	
0.54466667	3.93798596e+00	
0.54625000	4.12463103e+00	
0.54783333	4.18000859e+00	
0.54941667	4.16556746e+00	
0.55100000	4.09757481e+00	
0.55258333	4.02206563e+00	
0.55416667	3.83129797e+00	
0.55575000	3.82899674e+00	
0.55733333	3.83102339e+00	
0.55891667	3.77430459e+00	
0.56050000	3.72477207e+00	
0.56208333	3.56750113e+00	
0.56366667	3.46731987e+00	
0.56525000	3.21600422e+00	
0.56683333	2.98572170e+00	
0.56841667	2.57447003e+00	
0.57000000	1.85431786e+00	
0.57158333	1.18063429e+00	
0.57316667	1.14665934e+00	
0.57475000	9.98244399e-01	
0.57633333	9.83684528e-01	
0.57791667	6.32837628e-01	
0.57950000	7.44526027e-02	
0.58108333	8.31327121e-03	
0.58266667	1.28244073e-03	
0.58425000	2.13899690e-03	
0.58583333	3.37734650e-05	
0.58741667	-1.48619782e-05	
0.58900000	-3.68922261e-05	
0.59058333	-4.48776146e-05	
0.59216667	-4.25497057e-05	
0.59375000	-3.44365491e-05	
0.59533333	-2.45304089e-05	
0.59691667	-1.53984043e-05	
0.59850000	-7.01741280e-06	
0.60008333	-1.32095633e-07	
0.60166667	5.61113638e-06	
0.60325000	1.00524887e-05	
0.60483333	1.28532532e-05	
0.60641667	1.48187425e-05	
0.60800000	1.51746918e-05	
0.60958333	1.49347752e-05	
0.61116667	1.46369189e-05	
0.61275000	1.36228747e-05	
0.61433333	1.24098101e-05	
0.61591667	1.09648297e-05	
0.61750000	9.79186465e-06	
0.61908333	8.67376507e-06	
0.62066667	7.48679002e-06	
0.62225000	6.41620611e-06	
0.62383333	5.17608646e-06	
0.62541667	4.47797392e-06	
0.62700000	3.77133287e-06	
0.62858333	2.99392055e-06	
0.63016667	2.57783106e-06	
0.63175000	2.31686070e-06	
0.63333333	2.24883892e-06	
0.63491667	1.99135617e-06	
0.63650000	1.57204732e-06	
0.63808333	1.67808584e-06	
0.63966667	1.48310077e-06	
0.64125000	1.30509858e-06	
0.64283333	9.88723805e-07	
0.64441667	4.39589737e-07	
0.64600000	6.78854173e-07	
0.64758333	6.80020033e-07	
0.64916667	6.13301999e-07	
0.65075000	3.81211877e-07	
0.65233333	7.33903691e-07	
0.65391667	7.95954419e-07	
0.65550000	8.70625874e-07	
0.65708333	9.10941243e-07	
0.65866667	8.24476891e-07	
0.66025000	7.60438465e-07	
0.66183333	7.23706977e-07	
0.66341667	3.20023980e-07	
0.66500000	3.50022510e-07	
0.66658333	3.63366313e-07	
0.66816667	4.65906438e-07	
0.66975000	5.59375220e-07	
0.67133333	4.68239866e-07	
0.67291667	6.48362653e-07	
0.67450000	7.64583771e-07	
0.67608333	7.89907268e-07	
0.67766667	7.89561788e-07	
0.67925000	8.09438032e-07	
0.68083333	7.41898834e-07	
0.68241667	2.87952797e-07	
0.68400000	6.99517098e-08	
0.68558333	3.06092935e-07	
0.68716667	3.32987133e-07	
0.68875000	3.66563776e-07	
0.69033333	3.11209184e-07	
0.69191667	5.67152681e-07	
0.69350000	6.58155980e-07	
0.69508333	6.80970452e-07	
0.69666667	6.69734611e-07	
0.69825000	6.55217360e-07	
0.69983333	5.88756434e-07	
0.70141667	5.11666287e-07	
0.70300000	3.23653223e-07	
0.70458333	1.28726634e-07	
0.70616667	2.37014899e-07	
0.70775000	3.57273043e-07	
0.70933333	2.19937003e-07	
0.71091667	1.62967578e-07	
0.71250000	5.65101757e-07	
0.71408333	6.96535230e-07	
0.71566667	6.98689143e-07	
0.71725000	6.36980870e-07	
0.71883333	8.25428654e-07	
0.72041667	8.43662792e-07	
0.72200000	5.71602024e-07	
0.72358333	2.38872446e-07	
0.72516667	2.50107867e-07	
0.72675000	9.05709180e-08	
0.72833333	2.20507780e-07	
0.72991667	1.13196360e-07	
0.73150000	3.80159702e-07	
0.73308333	4.96932306e-07	
0.73466667	5.38285513e-07	
0.73625000	6.48260000e-07	
0.73783333	4.91746809e-07	
0.73941667	7.11891567e-07	
0.74100000	6.63425144e-07	
0.74258333	4.25072289e-07	
0.74416667	1.83389259e-07	
0.74575000	1.71895849e-07	
0.74733333	4.13058938e-07	
0.74891667	2.03137061e-07	
0.75050000	1.96336158e-07	
0.75208333	2.92239761e-07	
0.75366667	3.97241841e-07	
0.75525000	4.87295897e-07	
0.75683333	5.73590449e-07	
0.75841667	5.94287466e-07	
0.76000000	6.44800109e-07	
0.76158333	4.74332548e-07	
0.76316667	4.44431126e-07	
0.76475000	7.62248173e-08	
0.76633333	2.70892219e-07	
0.76791667	3.47065605e-07	
0.76950000	3.03906373e-07	
0.77108333	3.38681833e-07	
0.77266667	5.08131744e-07	
0.77425000	8.38390099e-07	
0.77583333	5.44767412e-07	
0.77741667	5.93552433e-07	
0.77900000	5.82924612e-07	
0.78058333	6.19478628e-07	
0.78216667	5.89750143e-07	
0.78375000	2.52916393e-07	
0.78533333	1.36176088e-07	
0.78691667	2.88739268e-07	
0.78850000	2.25175086e-07	
0.79008333	3.00621433e-07	
0.79166667	2.95653562e-07	
0.79325000	5.26229180e-07	
0.79483333	6.10492633e-07	
0.79641667	5.15858579e-07	
0.79800000	6.37025560e-07	
0.79958333	6.01031569e-07	
0.80116667	6.45492300e-07	
0.80275000	4.16127540e-07	
0.80433333	1.27343554e-07	
0.80591667	1.26133858e-07	
0.80750000	1.21952164e-07	
0.80908333	7.33471631e-08	
0.81066667	1.68049190e-07	
0.81225000	3.06811251e-07	
0.81383333	5.85386035e-07	
0.81541667	5.81151629e-07	
0.81700000	6.13257813e-07	
0.81858333	5.71039703e-07	
0.82016667	5.50297940e-07	
0.82175000	5.57905322e-07	
0.82333333	1.50349778e-07	
0.82491667	2.97769813e-07	
0.82650000	2.16575844e-07	
0.82808333	1.37412288e-07	
0.82966667	3.37956264e-07	
0.83125000	2.84677014e-07	
0.83283333	3.53987880e-07	
0.83441667	4.44299940e-07	
0.83600000	5.12228384e-07	
0.83758333	7.76035893e-07	
0.83916667	5.78214297e-07	
0.84075000	6.19714511e-07	
0.84233333	3.93571128e-07	
0.84391667	1.85636472e-07	
0.84550000	1.62284474e-07	
0.84708333	1.41958810e-07	
0.84866667	1.14250524e-07	
0.85025000	1.82240703e-07	
0.85183333	4.15521201e-07	
0.85341667	6.11877295e-07	
0.85500000	5.33205637e-07	
0.85658333	4.71091178e-07	
0.85816667	4.38613893e-07	
0.85975000	6.97173043e-07	
0.86133333	6.46962086e-07	
0.86291667	3.87012030e-07	
0.86450000	2.75948322e-07	
0.86608333	2.42285912e-07	
0.86766667	3.05582724e-07	
0.86925000	2.64219548e-07	
0.87083333	1.28753039e-07	
0.87241667	1.31881326e-07	
0.87400000	8.23826814e-07	
0.87558333	5.51466153e-07	
0.87716667	5.43773704e-07	
0.87875000	5.79638049e-07	
0.88033333	7.70331589e-07	
0.88191667	5.69224662e-07	
0.88350000	3.94520538e-07	
0.88508333	1.93717396e-07	
0.88666667	2.37661522e-08	
0.88825000	2.46348474e-07	
0.88983333	2.55509589e-07	
0.89141667	2.57627660e-07	
0.89300000	6.22678150e-08	
0.89458333	4.36003364e-07	
0.89616667	5.68102147e-07	
0.89775000	5.11019402e-07	
0.89933333	7.39004120e-07	
0.90091667	6.12998578e-07	
0.90250000	2.82387827e-07	
0.90408333	1.58543408e-07	
0.90566667	4.35132105e-08	
0.90725000	1.96742190e-07	
0.90883333	2.89490626e-07	
0.91041667	2.61515354e-07	
0.91200000	2.87839560e-07	
0.91358333	4.58950561e-07	
0.91516667	6.86200526e-07	
0.91675000	6.10232950e-07	
0.91833333	5.63652075e-07	
0.91991667	5.56045646e-07	
0.92150000	4.26323609e-07	
0.92308333	2.71238091e-07	
0.92466667	3.61597375e-08	
0.92625000	1.89275151e-07	
0.92783333	3.61421597e-07	
0.92941667	2.64366498e-07	
0.93100000	2.79059850e-07	
0.93258333	2.43841661e-07	
0.93416667	3.35883219e-07	
0.93575000	6.28985727e-07	
0.93733333	6.09889318e-07	
0.93891667	7.82303415e-07	
0.94050000	6.73898958e-07	
0.94208333	5.82922932e-07	
0.94366667	2.54083737e-07	
0.94525000	1.56166031e-07	
0.94683333	2.52052078e-07	
0.94841667	2.41085526e-07	
0.95000000	2.58578807e-07	
0.95158333	3.94304229e-07	
0.95316667	2.01667527e-07	
0.95475000	6.45450578e-07	
0.95633333	4.57134904e-07	
0.95791667	7.00319656e-07	
0.95950000	6.43374957e-07	
0.96108333	5.41094151e-07	
0.96266667	4.01831975e-07	
0.96425000	2.84588302e-08	
0.96583333	1.36651844e-07	
0.96741667	1.38500823e-07	
0.96900000	1.10923435e-07	
0.97058333	1.48042601e-07	
0.97216667	1.21934985e-07	
0.97375000	3.74989522e-07	
0.97533333	5.54144473e-07	
0.97691667	4.90451415e-07	
0.97850000	5.95142736e-07	
0.98008333	6.40817546e-07	
0.98166667	8.26851677e-07	
0.98325000	-7.88863437e-08	
0.98483333	2.00112169e-07	
0.98641667	2.29798191e-07	
0.98800000	1.90950648e-07	
0.98958333	2.57324630e-07	
0.99116667	2.60254570e-07	
0.99275000	6.39744874e-07	
0.99433333	5.58465291e-07	
0.99591667	4.88678375e-07	
0.99750000	6.26739634e-07	
0.99908333	5.85697465e-07	
1.00066667	6.56639936e-07	
1.00225000	3.64922958e-07	
1.00383333	1.32399083e-07	
1.00541667	2.24958944e-08	
1.00700000	1.32396171e-08	
1.00858333	1.20559326e-07	
1.01016667	1.18313443e-07	
1.01175000	2.17631309e-07	
1.01333333	5.68620506e-07	
1.01491667	4.69622792e-07	
1.01650000	6.74142345e-07	
1.01808333	7.10700730e-07	
1.01966667	6.22547958e-07	
1.02125000	6.58499779e-07	
1.02283333	3.35493918e-07	
1.02441667	1.15702963e-07	
1.02600000	7.99841119e-08	
1.02758333	1.07941462e-07	
1.02916667	2.43236414e-07	
1.03075000	1.37239058e-07	
1.03233333	3.60729350e-07	
1.03391667	5.77132888e-07	
1.03550000	4.59684222e-07	
1.03708333	5.05747157e-07	
1.03866667	4.51602276e-07	
1.04025000	5.56476978e-07	
1.04183333	5.12272570e-07	
1.04341667	1.01867024e-07	
1.04500000	1.21821776e-07	
1.04658333	1.91420369e-08	
1.04816667	1.84944883e-07	
1.04975000	2.30230433e-07	
1.05133333	2.34344881e-07	
1.05291667	4.61844575e-07	
1.05450000	4.02601897e-07	
1.05608333	6.13474543e-07	
1.05766667	5.14303445e-07	
1.05925000	5.45382544e-07	
1.06083333	7.25520955e-07	
1.06241667	4.97227215e-07	
1.06400000	3.76934517e-07	
1.06558333	1.35813976e-07	
1.06716667	2.21890538e-07	
1.06875000	2.56459392e-07	
1.07033333	1.45268992e-07	
1.07191667	3.05072429e-07	
1.07350000	5.44249445e-07	
1.07508333	7.06766833e-07	
1.07666667	5.65638373e-07	
1.07825000	3.79958457e-07	
1.07983333	5.24113349e-07	
1.08141667	4.80511529e-07	
1.08300000	3.94089151e-07	
1.08458333	2.59424529e-07	
1.08616667	1.07592562e-08	
1.08775000	1.82265834e-07	
1.08933333	5.90012444e-08	
1.09091667	1.97864774e-07	
1.09250000	2.39849298e-07	
1.09408333	7.36452925e-07	
1.09566667	6.43158675e-07	
1.09725000	5.04450923e-07	
1.09883333	7.15539907e-07	
1.10041667	6.64937436e-07	
1.10200000	6.26135255e-07	
1.10358333	4.64515391e-07	
1.10516667	7.75470436e-08	
1.10675000	2.67046807e-07	
1.10833333	2.34206401e-07	
1.10991667	2.32391262e-07	
1.11150000	3.91540813e-07	
1.11308333	4.74203406e-07	
1.11466667	6.34647469e-07	
1.11625000	6.16497727e-07	
1.11783333	5.34914946e-07	
1.11941667	5.98737426e-07	
1.12100000	5.98816669e-07	
1.12258333	4.99784514e-07	
1.12416667	1.73796560e-07	
1.12575000	-2.84595162e-08	
1.12733333	2.02212802e-09	
1.12891667	2.08106206e-07	
1.13050000	2.89258047e-07	
1.13208333	2.81688244e-07	
1.13366667	3.92317288e-07	
1.13525000	5.71170245e-07	
1.13683333	5.27353431e-07	
1.13841667	5.68015175e-07	
1.14000000	6.79673993e-07	
1.14158333	6.53972872e-07	
1.14316667	4.55665118e-07	
1.14475000	2.04563025e-07	
1.14633333	2.68645034e-07	
1.14791667	6.88266963e-08	
1.14950000	2.65940477e-07	
1.15108333	2.11839963e-07	
1.15266667	3.92317260e-07	
1.15425000	5.05010892e-07	
1.15583333	4.32979032e-07	
1.15741667	4.56485947e-07	
1.15900000	4.19928963e-07	
1.16058333	4.77746909e-07	
1.16216667	4.37992937e-07	
1.16375000	6.11272188e-08	
1.16533333	1.23334026e-07	
1.16691667	1.43807117e-07	
1.16850000	8.02009187e-08	
1.17008333	1.32598354e-07	
1.17166667	2.92024036e-08	
1.17325000	-3.48284843e-08	
1.17483333	7.29974611e-07	
1.17641667	6.30066184e-07	
1.17800000	7.49804540e-07	
1.17958333	6.49252756e-07	
1.18116667	7.41854928e-07	
1.18275000	3.91281577e-07	
1.18433333	2.35346836e-07	
1.18591667	3.53817261e-08	
1.18750000	-2.36199786e-08	
1.18908333	1.61870293e-07	
1.19066667	4.29178863e-08	
1.19225000	3.91728253e-07	
1.19383333	5.59760629e-07	
1.19541667	7.72923890e-07	
1.19700000	6.93544976e-07	
1.19858333	5.85731402e-07	
1.20016667	5.57988597e-07	
1.20175000	4.78437476e-07	
1.20333333	1.71144533e-07	
1.20491667	4.46622980e-08	
1.20650000	-6.76090337e-08	
1.20808333	1.52968064e-07	
1.20966667	5.18969092e-08	
1.21125000	1.73891583e-07	
1.21283333	4.35400273e-07	
1.21441667	3.97761824e-07	
1.21600000	6.81315483e-07	
1.21758333	5.61533948e-07	
1.21916667	6.49986949e-07	
1.22075000	8.14710109e-07	
1.22233333	5.28899156e-07	
1.22391667	2.13724000e-07	
1.22550000	-6.82266473e-10	
1.22708333	1.58068549e-07	
1.22866667	3.10647423e-07	
1.23025000	1.58266560e-07	
1.23183333	2.93753313e-07	
1.23341667	5.48527813e-07	
1.23500000	3.11209660e-07	
1.23658333	4.88678151e-07	
1.23816667	4.31656757e-07	
1.23975000	4.44214004e-07	
1.24133333	3.80650564e-07	
1.24291667	3.12548596e-07	
1.24450000	1.81445370e-07	
1.24608333	1.43427784e-07	
1.24766667	2.80934562e-07	
1.24925000	2.94400786e-07	
1.25083333	3.40939490e-07	
@ 
0.00000000	4.24897785e-07	
0.00158333	5.90484559e-07	
0.00316667	7.81307186e-07	
0.00475000	5.53798041e-07	
0.00633333	5.87674689e-07	
0.00791667	5.55742225e-07	
0.00950000	3.84348718e-07	
0.01108333	3.76069391e-07	
0.01266667	-4.29357161e-08	
0.01425000	1.14086954e-07	
0.01583333	2.36236884e-07	
0.01741667	7.51443398e-08	
0.01900000	1.68747962e-07	
0.02058333	2.29487447e-07	
0.02216667	4.03422306e-07	
0.02375000	6.22417752e-07	
0.02533333	5.23939182e-07	
0.02691667	5.45328725e-07	
0.02850000	5.23810488e-07	
0.03008333	4.35486657e-07	
0.03166667	5.85945052e-08	
0.03325000	1.13035594e-08	
0.03483333	-1.98339392e-08	
0.03641667	9.25614433e-09	
0.03800000	1.73744688e-07	
0.03958333	2.57635500e-07	
0.04116667	5.93734217e-07	
0.04275000	5.56476978e-07	
0.04433333	4.85091918e-07	
0.04591667	4.47973369e-07	
0.04750000	4.29115587e-07	
0.04908333	6.18443814e-07	
0.05066667	5.84780200e-07	
0.05225000	2.83683921e-07	
0.05383333	2.23705804e-07	
0.05541667	1.77693705e-07	
0.05700000	3.62628486e-08	
0.05858333	4.52167684e-08	
0.06016667	2.42459379e-07	
0.06175000	8.22360892e-07	
0.06333333	4.99653972e-07	
0.06491667	5.89234415e-07	
0.06650000	6.53444601e-07	
0.06808333	5.42691791e-07	
0.06966667	4.16861145e-07	
0.07125000	2.10698758e-07	
0.07283333	3.15321841e-07	
0.07441667	2.75775414e-07	
0.07600000	1.03750563e-07	
0.07758333	7.71065698e-08	
0.07916667	4.28140716e-08	
0.08075000	4.23041750e-07	
0.08233333	4.92705180e-07	
0.08391667	3.54895960e-07	
0.08550000	5.34785580e-07	
0.08708333	4.43877009e-07	
0.08866667	6.06689951e-07	
0.09025000	5.71948008e-07	
0.09183333	2.87365386e-07	
0.09341667	3.65525489e-07	
0.09500000	2.02013188e-07	
0.09658333	4.62276467e-07	
0.09816667	2.09220460e-07	
0.09975000	2.74262030e-07	
0.10133333	6.15893964e-07	
0.10291667	4.99266602e-07	
0.10450000	5.14562681e-07	
0.10608333	4.61238348e-07	
0.10766667	5.31206124e-07	
0.10925000	4.83321231e-07	
0.11083333	3.04622925e-07	
0.11241667	1.13059238e-07	
0.11400000	8.68721620e-08	
0.11558333	1.18874896e-07	
0.11716667	4.84564858e-08	
0.11875000	9.95682607e-08	
0.12033333	2.44818737e-07	
0.12191667	4.19030514e-07	
0.12350000	4.80555211e-07	
0.12508333	4.97926406e-07	
0.12666667	5.91783034e-07	
0.12825000	7.21760722e-07	
0.12983333	5.26403236e-07	
0.13141667	2.47947542e-07	
0.13300000	2.26644060e-07	
0.13458333	4.32113324e-08	
0.13616667	1.97830543e-07	
0.13775000	4.03415852e-08	
0.13933333	1.32848671e-07	
0.14091667	2.12082174e-07	
0.14250000	4.90062141e-07	
0.14408333	5.82923324e-07	
0.14566667	4.77703339e-07	
0.14725000	6.90735162e-07	
0.14883333	6.75223698e-07	
0.15041667	4.43911143e-07	
0.15200000	4.32590655e-07	
0.15358333	-2.87005244e-09	
0.15516667	1.61706164e-07	
0.15675000	1.39011230e-07	
0.15833333	8.75461033e-08	
0.15991667	2.28640101e-07	
0.16150000	4.43348849e-07	
0.16308333	5.67151112e-07	
0.16466667	4.24379398e-07	
0.16625000	4.44517398e-07	
0.16783333	5.38112746e-07	
0.16941667	5.75620541e-07	
0.17100000	4.98056220e-07	
0.17258333	1.84521518e-07	
0.17416667	2.74133449e-07	
0.17575000	2.85419635e-07	
0.17733333	2.99541117e-07	
0.17891667	1.75792504e-07	
0.18050000	2.18270536e-07	
0.18208333	3.44145998e-07	
0.18366667	4.71351198e-07	
0.18525000	4.28484634e-07	
0.18683333	4.61066504e-07	
0.18841667	4.78826189e-07	
0.19000000	4.67245066e-07	
0.19158333	1.59709380e-07	
0.19316667	1.86327417e-07	
0.19475000	1.29980264e-07	
0.19633333	1.18053661e-07	
0.19791667	1.86405722e-07	
0.19950000	3.16567813e-07	
0.20108333	5.26309824e-07	
0.20266667	4.53599073e-07	
0.20425000	4.80381715e-07	
0.20583333	6.12823346e-07	
0.20741667	6.87441542e-07	
0.20900000	6.81359277e-07	
0.21058333	5.38282265e-07	
0.21216667	2.17871616e-07	
0.21375000	1.90693121e-07	
0.21533333	1.00725504e-07	
0.21691667	8.72447327e-08	
0.21850000	7.65270768e-08	
0.22008333	9.47963461e-09	
0.22166667	2.03293112e-07	
0.22325000	2.62682531e-07	
0.22483333	2.93319685e-07	
0.22641667	4.20361330e-07	
0.22800000	4.60590735e-07	
0.22958333	6.22332069e-07	
0.23116667	3.35449984e-07	
0.23275000	1.19980652e-07	
0.23433333	2.47342350e-07	
0.23591667	1.64289406e-07	
0.23750000	2.98548360e-07	
0.23908333	2.55725451e-07	
0.24066667	3.39037421e-07	
0.24225000	3.94650688e-07	
0.24383333	4.11201055e-07	
0.24541667	4.47152064e-07	
0.24700000	2.87226108e-07	
0.24858333	5.42392346e-07	
0.25016667	6.22202199e-07	
0.25175000	2.72061048e-07	
0.25333333	1.69180861e-07	
0.25491667	1.36158798e-07	
0.25650000	2.19851767e-07	
0.25808333	2.06913940e-07	
0.25966667	2.70754313e-07	
0.26125000	4.87252831e-07	
0.26283333	3.12279896e-07	
0.26441667	5.55354127e-07	
0.26600000	5.74843506e-07	
0.26758333	4.38726150e-07	
0.26916667	5.84090249e-07	
0.27075000	4.59293801e-07	
0.27233333	5.50469980e-07	
0.27391667	6.34276717e-09	
0.27550000	1.00423811e-07	
0.27708333	2.47427754e-07	
0.27866667	1.66753418e-07	
0.28025000	3.96206046e-07	
0.28183333	6.93493230e-07	
0.28341667	5.06396058e-07	
0.28500000	5.37913713e-07	
0.28658333	5.05877755e-07	
0.28816667	6.99766575e-07	
0.28975000	4.44533051e-07	
0.29133333	2.07406244e-07	
0.29291667	1.94968828e-08	
0.29450000	-1.17708252e-07	
0.29608333	1.36937218e-07	
0.29766667	1.41888695e-07	
0.29925000	3.97372340e-08	
0.30083333	2.18737065e-07	
0.30241667	2.68049476e-07	
0.30400000	5.51681370e-07	
0.30558333	4.59165863e-07	
0.30716667	5.64515466e-07	
0.30875000	5.63002614e-07	
0.31033333	4.52466955e-07	
0.31191667	3.73951851e-07	
0.31350000	-1.88652277e-07	
0.31508333	1.58239636e-07	
0.31666667	1.90131373e-07	
0.31825000	1.07250237e-07	
0.31983333	3.16687434e-07	
0.32141667	5.33317250e-07	
0.32300000	5.95824903e-07	
0.32458333	5.60928785e-07	
0.32616667	6.04398440e-07	
0.32775000	7.42413945e-07	
0.32933333	6.50118275e-07	
0.33091667	4.96372057e-07	
0.33250000	1.19729788e-07	
0.33408333	-5.66758276e-08	
0.33566667	-1.01889056e-08	
0.33725000	-3.52336800e-08	
0.33883333	4.76971267e-08	
0.34041667	2.50160089e-07	
0.34200000	2.28502447e-07	
0.34358333	4.97494011e-07	
0.34516667	5.34656382e-07	
0.34675000	6.43332115e-07	
0.34833333	4.65604136e-07	
0.34991667	5.97354444e-07	
0.35150000	2.26825970e-07	
0.35308333	1.71980091e-07	
0.35466667	1.82049707e-07	
0.35625000	2.13473333e-07	
0.35783333	1.86890424e-07	
0.35941667	2.11080023e-07	
0.36100000	2.10906850e-07	
0.36258333	5.46452640e-07	
0.36416667	4.33713841e-07	
0.36575000	5.92212853e-07	
0.36733333	5.29253484e-07	
0.36891667	6.23454639e-07	
0.37050000	5.55094556e-07	
0.37208333	4.27232390e-07	
0.37366667	7.27167079e-08	
0.37525000	2.85191344e-08	
0.37683333	2.39560777e-08	
0.37841667	1.06014598e-07	
0.38000000	7.38132861e-08	
0.38158333	1.61317268e-07	
0.38316667	5.49061909e-07	
0.38475000	5.13049605e-07	
0.38633333	6.46358659e-07	
0.38791667	4.20759816e-07	
0.38950000	4.97018326e-07	
0.39108333	2.73356862e-07	
0.39266667	6.94840608e-08	
0.39425000	3.34884807e-08	
0.39583333	6.14462721e-08	
0.39741667	1.63944920e-07	
0.39900000	2.41422185e-07	
0.40058333	3.22054183e-07	
0.40216667	4.76492509e-07	
0.40375000	4.11373291e-07	
0.40533333	5.62397395e-07	
0.40691667	5.20439697e-07	
0.40850000	5.79727205e-07	
0.41008333	4.76493405e-07	
0.41166667	2.55077194e-07	
0.41325000	1.82230637e-07	
0.41483333	8.88854034e-08	
0.41641667	1.84478788e-07	
0.41800000	2.46520542e-07	
0.41958333	1.30810488e-07	
0.42116667	4.29515081e-07	
0.42275000	4.71222560e-07	
0.42433333	5.89878948e-07	
0.42591667	4.67332598e-07	
0.42750000	3.81082903e-07	
0.42908333	6.24666533e-07	
0.43066667	4.30085186e-07	
0.43225000	3.50355991e-08	
0.43383333	1.49642033e-07	
0.43541667	-7.43191673e-09	
0.43700000	2.40946723e-07	
0.43858333	1.84460517e-07	
0.44016667	2.54997978e-07	
0.44175000	4.55406106e-07	
0.44333333	3.83631970e-07	
0.44491667	4.68974619e-07	
0.44650000	2.66398886e-07	
0.44808333	5.28044334e-07	
0.44966667	5.24198417e-07	
0.45125000	3.09999278e-07	
0.45283333	1.19194810e-07	
0.45441667	8.61203773e-08	
0.45600000	2.13594102e-07	
0.45758333	1.53132711e-07	
0.45916667	2.87408424e-07	
0.46075000	4.39719467e-07	
0.46233333	4.92266680e-07	
0.46391667	6.86328156e-07	
0.46550000	5.83009456e-07	
0.46708333	5.35780633e-07	
0.46866667	5.58551871e-07	
0.47025000	4.38163605e-07	
0.47183333	2.36452550e-07	
0.47341667	1.58067765e-07	
0.47500000	1.11096700e-07	
0.47658333	2.60998059e-07	
0.47816667	1.53054714e-07	
0.47975000	2.42857585e-07	
0.48133333	3.97555063e-07	
0.48291667	4.86863110e-07	
0.48450000	5.22642219e-07	
0.48608333	5.18269207e-07	
0.48766667	6.24190400e-07	
0.48925000	5.42995157e-07	
0.49083333	6.12610256e-07	
0.49241667	4.23818617e-07	
0.49400000	2.49978557e-07	
0.49558333	3.44248427e-07	
0.49716667	3.07967955e-07	
0.49875000	4.64351948e-07	
0.50033333	6.44195954e-07	
0.50191667	9.00395129e-07	
0.50350000	1.27510923e-06	
0.50508333	1.48756384e-06	
0.50666667	1.74799635e-06	
0.50825000	2.08509788e-06	
0.50983333	2.42034975e-06	
0.51141667	2.77685929e-06	
0.51300000	3.17215213e-06	
0.51458333	4.47070883e-06	
0.51616667	6.74876650e-06	
0.51775000	9.58089467e-06	
0.51933333	1.30863733e-05	
0.52091667	1.77936972e-05	
0.52250000	2.45867680e-05	
0.52408333	3.42688570e-05	
0.52566667	4.89084945e-05	
0.52725000	7.50595677e-05	
0.52883333	1.27518406e-04	
0.53041667	2.44274438e-04	
0.53200000	4.14666476e-04	
0.53358333	4.89096364e-04	
0.53516667	5.14841420e-04	
0.53675000	6.05811493e-04	
0.53833333	4.48199913e-04	
0.53991667	4.89559953e-04	
0.54150000	8.40035772e-04	
0.54308333	9.02501674e-04	
0.54466667	1.48485142e-03	
0.54625000	1.70072927e-03	
0.54783333	2.22552737e-03	
0.54941667	3.15023513e-03	
0.55100000	4.53003795e-03	
0.55258333	5.49512022e-03	
0.55416667	7.17325437e-03	
0.55575000	1.13666459e-02	
0.55733333	1.63690811e-02	
0.55891667	2.13198942e-02	
0.56050000	2.78910610e-02	
0.56208333	3.36350332e-02	
0.56366667	4.00249059e-02	
0.56525000	4.72324177e-02	
0.56683333	5.47953572e-02	
0.56841667	6.64702240e-02	
0.57000000	8.07529450e-02	
0.57158333	9.54175336e-02	
0.57316667	1.73671658e-01	
0.57475000	4.25763597e-01	
0.57633333	4.63039626e-01	
0.57791667	5.32021699e-01	
0.57950000	5.26420358e-01	
0.58108333	7.91146145e-01	
0.58266667	8.94187789e-01	
0.58425000	1.43692565e+00	
0.58583333	3.33123592e+00	
0.58741667	4.54933894e+00	
0.58900000	6.21135929e+00	
0.59058333	6.92488282e+00	
0.59216667	7.91129444e+00	
0.59375000	9.29024791e+00	
0.59533333	1.05312496e+01	
0.59691667	1.15617875e+01	
0.59850000	1.34744653e+01	
0.60008333	1.75660161e+01	
0.60166667	2.02021308e+01	
0.60325000	2.09066326e+01	
0.60483333	2.19949698e+01	
0.60641667	2.27149387e+01	
0.60800000	2.40446186e+01	
0.60958333	2.75889368e+01	
0.61116667	2.80334419e+01	
0.61275000	2.86498575e+01	
0.61433333	2.93329278e+01	
0.61591667	3.05227193e+01	
0.61750000	3.14610322e+01	
0.61908333	3.28226121e+01	
0.62066667	3.52723695e+01	
0.62225000	3.60069412e+01	
0.62383333	3.60867480e+01	
0.62541667	3.63460645e+01	
0.62700000	3.66263446e+01	
