start voltage : 0.00 V 
set voltage : 0.10 V 
High G : 30.00 G0 
Intermediate G : 20.00 G0 
Low G : 10.00 G0 
Breaking speed 1 : 300.00 V/s 
Breaking speed 2 : 300.00 V/s 
Making speed : 500.00 V/s 
Post breaking : 230.00 V/s 
@ 
0.00000000	4.46355607e+01	
0.00158333	4.51467937e+01	
0.00316667	4.51465344e+01	
0.00475000	4.52304076e+01	
0.00633333	4.50179228e+01	
0.00791667	4.50264315e+01	
0.00950000	4.50848913e+01	
0.01108333	4.50860301e+01	
0.01266667	4.51849589e+01	
0.01425000	4.51455760e+01	
0.01583333	4.52393259e+01	
0.01741667	4.50970192e+01	
0.01900000	4.49443134e+01	
0.02058333	4.51396643e+01	
0.02216667	4.49448245e+01	
0.02375000	4.49837263e+01	
0.02533333	4.48755973e+01	
0.02691667	4.49134355e+01	
0.02850000	4.49942946e+01	
0.03008333	4.48520893e+01	
0.03166667	4.48681146e+01	
0.03325000	4.48890857e+01	
0.03483333	4.48249284e+01	
0.03641667	4.49279537e+01	
0.03800000	4.49466698e+01	
0.03958333	4.50647282e+01	
0.04116667	4.49476695e+01	
0.04275000	4.49391045e+01	
0.04433333	4.49562196e+01	
0.04591667	4.47775141e+01	
0.04750000	4.49245976e+01	
0.04908333	4.47961363e+01	
0.05066667	4.48805544e+01	
0.05225000	4.49259092e+01	
0.05383333	4.48401756e+01	
0.05541667	4.49875898e+01	
0.05700000	4.48621878e+01	
0.05858333	4.48792466e+01	
0.06016667	4.47966737e+01	
0.06175000	4.48084972e+01	
0.06333333	4.47948735e+01	
0.06491667	4.46806711e+01	
0.06650000	4.46616881e+01	
0.06808333	4.45720685e+01	
0.06966667	4.45454112e+01	
0.07125000	4.47923254e+01	
0.07283333	4.45119927e+01	
0.07441667	4.45834974e+01	
0.07600000	4.46073173e+01	
0.07758333	4.44645709e+01	
0.07916667	4.46683816e+01	
0.08075000	4.43264960e+01	
0.08233333	4.45270107e+01	
0.08391667	4.45101662e+01	
0.08550000	4.44288636e+01	
0.08708333	4.45572835e+01	
0.08866667	4.44691860e+01	
0.09025000	4.45210238e+01	
0.09183333	4.44057127e+01	
0.09341667	4.43742147e+01	
0.09500000	4.44326858e+01	
0.09658333	4.44236471e+01	
0.09816667	4.43466328e+01	
0.09975000	4.42961217e+01	
0.10133333	4.42559797e+01	
0.10291667	4.43471928e+01	
0.10450000	4.42159128e+01	
0.10608333	4.42508384e+01	
0.10766667	4.42303558e+01	
0.10925000	4.41756693e+01	
0.11083333	4.41759399e+01	
0.11241667	4.39817240e+01	
0.11400000	4.40353094e+01	
0.11558333	4.40327124e+01	
0.11716667	4.39886167e+01	
0.11875000	4.38906838e+01	
0.12033333	4.38949457e+01	
0.12191667	4.39409619e+01	
0.12350000	4.37999142e+01	
0.12508333	4.36334870e+01	
0.12666667	4.37068220e+01	
0.12825000	4.35408608e+01	
0.12983333	4.36396618e+01	
0.13141667	4.36174843e+01	
0.13300000	4.35864034e+01	
0.13458333	4.35469830e+01	
0.13616667	4.33698371e+01	
0.13775000	4.33949611e+01	
0.13933333	4.33188112e+01	
0.14091667	4.32933978e+01	
0.14250000	4.33796500e+01	
0.14408333	4.33392599e+01	
0.14566667	4.33597800e+01	
0.14725000	4.31864188e+01	
0.14883333	4.29196195e+01	
0.15041667	4.30833671e+01	
0.15200000	4.28787071e+01	
0.15358333	4.30100998e+01	
0.15516667	4.29706831e+01	
0.15675000	4.30510498e+01	
0.15833333	4.25623589e+01	
0.15991667	4.26666394e+01	
0.16150000	4.27768468e+01	
0.16308333	4.25251708e+01	
0.16466667	4.27515123e+01	
0.16625000	4.28372835e+01	
0.16783333	4.26481187e+01	
0.16941667	4.26896100e+01	
0.17100000	4.25751971e+01	
0.17258333	4.25158428e+01	
0.17416667	4.22323456e+01	
0.17575000	4.19933012e+01	
0.17733333	4.20347473e+01	
0.17891667	4.19015732e+01	
0.18050000	4.19774676e+01	
0.18208333	4.21022833e+01	
0.18366667	4.18192259e+01	
0.18525000	4.19163281e+01	
0.18683333	4.09053736e+01	
0.18841667	4.09480412e+01	
0.19000000	4.06504919e+01	
0.19158333	4.03322533e+01	
0.19316667	4.03341023e+01	
0.19475000	4.02712115e+01	
0.19633333	4.01862372e+01	
0.19791667	4.00093093e+01	
0.19950000	3.97385075e+01	
0.20108333	3.97818779e+01	
0.20266667	3.95378425e+01	
0.20425000	3.93874179e+01	
0.20583333	3.93015979e+01	
0.20741667	3.93102194e+01	
0.20900000	3.93338739e+01	
0.21058333	3.87500274e+01	
0.21216667	3.87190142e+01	
0.21375000	3.85195067e+01	
0.21533333	3.81822776e+01	
0.21691667	3.83105021e+01	
0.21850000	3.81341718e+01	
0.22008333	3.80927407e+01	
0.22166667	3.76813685e+01	
0.22325000	3.75099278e+01	
0.22483333	3.76196841e+01	
0.22641667	3.73471536e+01	
0.22800000	3.74317897e+01	
0.22958333	3.72850144e+01	
0.23116667	3.73275993e+01	
0.23275000	3.72838305e+01	
0.23433333	3.66959477e+01	
0.23591667	3.63573543e+01	
0.23750000	3.54808367e+01	
0.23908333	3.54909202e+01	
0.24066667	3.58185732e+01	
0.24225000	3.55186411e+01	
0.24383333	3.55267176e+01	
0.24541667	3.55777060e+01	
0.24700000	3.55892439e+01	
0.24858333	3.56710801e+01	
0.25016667	3.55715161e+01	
0.25175000	3.54656947e+01	
0.25333333	3.54864253e+01	
0.25491667	3.54882931e+01	
0.25650000	3.56502781e+01	
0.25808333	3.54230346e+01	
0.25966667	3.54562502e+01	
0.26125000	3.52404468e+01	
0.26283333	3.49410446e+01	
0.26441667	3.49882447e+01	
0.26600000	3.48959643e+01	
0.26758333	3.49012409e+01	
0.26916667	3.47333291e+01	
0.27075000	3.47492491e+01	
0.27233333	3.48196001e+01	
0.27391667	3.48036500e+01	
0.27550000	3.48590769e+01	
0.27708333	3.45483097e+01	
0.27866667	3.45196492e+01	
0.28025000	3.36123589e+01	
0.28183333	3.34346456e+01	
0.28341667	3.37371032e+01	
0.28500000	3.34962323e+01	
0.28658333	3.33740511e+01	
0.28816667	3.34232205e+01	
0.28975000	3.32634829e+01	
0.29133333	3.33794592e+01	
0.29291667	3.30681321e+01	
0.29450000	3.30717137e+01	
0.29608333	3.29664372e+01	
0.29766667	3.26620854e+01	
0.29925000	3.21644422e+01	
0.30083333	3.15382814e+01	
0.30241667	3.14938587e+01	
0.30400000	3.12563364e+01	
0.30558333	3.10007913e+01	
0.30716667	3.06493747e+01	
0.30875000	3.02920840e+01	
0.31033333	3.01751305e+01	
0.31191667	3.00971728e+01	
0.31350000	3.00240689e+01	
0.31508333	2.99311552e+01	
0.31666667	2.98517938e+01	
0.31825000	2.99426743e+01	
0.31983333	2.97084348e+01	
0.32141667	2.94691498e+01	
0.32300000	2.95420226e+01	
0.32458333	2.93964406e+01	
0.32616667	2.90821444e+01	
0.32775000	2.78823615e+01	
0.32933333	2.76181554e+01	
0.33091667	2.77359038e+01	
0.33250000	2.75087843e+01	
0.33408333	2.74079839e+01	
0.33566667	2.74091997e+01	
0.33725000	2.72986766e+01	
0.33883333	2.73534026e+01	
0.34041667	2.72405983e+01	
0.34200000	2.72189187e+01	
0.34358333	2.71307968e+01	
0.34516667	2.70824279e+01	
0.34675000	2.70290361e+01	
0.34833333	2.66351681e+01	
0.34991667	2.66114628e+01	
0.35150000	2.64729031e+01	
0.35308333	2.61487565e+01	
0.35466667	2.61439666e+01	
0.35625000	2.57354112e+01	
0.35783333	2.54985710e+01	
0.35941667	2.54468798e+01	
0.36100000	2.54346617e+01	
0.36258333	2.55883992e+01	
0.36416667	2.56472781e+01	
0.36575000	2.55313450e+01	
0.36733333	2.52107631e+01	
0.36891667	2.51093689e+01	
0.37050000	2.48547859e+01	
0.37208333	2.44511444e+01	
0.37366667	2.44434870e+01	
0.37525000	2.42772664e+01	
0.37683333	2.41084189e+01	
0.37841667	2.39622223e+01	
0.38000000	2.38168320e+01	
0.38158333	2.38169823e+01	
0.38316667	2.37952144e+01	
0.38475000	2.29918421e+01	
0.38633333	2.24603915e+01	
0.38791667	2.23710030e+01	
0.38950000	2.26542616e+01	
0.39108333	2.25662994e+01	
0.39266667	2.23842377e+01	
0.39425000	2.20865662e+01	
0.39583333	2.15106008e+01	
0.39741667	2.14701450e+01	
0.39900000	2.13236986e+01	
0.40058333	2.13205210e+01	
0.40216667	2.13898647e+01	
0.40375000	2.13087783e+01	
0.40533333	2.15326224e+01	
0.40691667	2.13550331e+01	
0.40850000	2.09479397e+01	
0.41008333	2.10286804e+01	
0.41166667	2.09383618e+01	
0.41325000	2.08304075e+01	
0.41483333	2.07576851e+01	
0.41641667	2.08959291e+01	
0.41800000	2.09700439e+01	
0.41958333	2.10956790e+01	
0.42116667	2.05884372e+01	
0.42275000	1.95547095e+01	
0.42433333	1.92552622e+01	
0.42591667	1.92700924e+01	
0.42750000	1.88829704e+01	
0.42908333	1.85853853e+01	
0.43066667	1.84295752e+01	
0.43225000	1.82500955e+01	
0.43383333	1.79806335e+01	
0.43541667	1.76447856e+01	
0.43700000	1.76300701e+01	
0.43858333	1.77478898e+01	
0.44016667	1.76853297e+01	
0.44175000	1.72578609e+01	
0.44333333	1.72171138e+01	
0.44491667	1.74859725e+01	
0.44650000	1.74318498e+01	
0.44808333	1.73113805e+01	
0.44966667	1.72533585e+01	
0.45125000	1.72338550e+01	
0.45283333	1.72326824e+01	
0.45441667	1.69382562e+01	
0.45600000	1.65233681e+01	
0.45758333	1.63451474e+01	
0.45916667	1.57589304e+01	
0.46075000	1.51447397e+01	
0.46233333	1.51385038e+01	
0.46391667	1.52504560e+01	
0.46550000	1.49232220e+01	
0.46708333	1.48625297e+01	
0.46866667	1.48443303e+01	
0.47025000	1.47424832e+01	
0.47183333	1.42968404e+01	
0.47341667	1.41557655e+01	
0.47500000	1.42352979e+01	
0.47658333	1.43715848e+01	
0.47816667	1.43199641e+01	
0.47975000	1.44864627e+01	
0.48133333	1.42284541e+01	
0.48291667	1.39991858e+01	
0.48450000	1.38530137e+01	
0.48608333	1.37651859e+01	
0.48766667	1.38439911e+01	
0.48925000	1.37020658e+01	
0.49083333	1.36342667e+01	
0.49241667	1.36247903e+01	
0.49400000	1.33860803e+01	
0.49558333	1.33134255e+01	
0.49716667	1.32318712e+01	
0.49875000	1.31883862e+01	
0.50033333	1.31752520e+01	
0.50191667	1.31013137e+01	
0.50350000	1.27424248e+01	
0.50508333	1.19316984e+01	
0.50666667	1.15765264e+01	
0.50825000	1.14449082e+01	
0.50983333	1.16434019e+01	
0.51141667	1.18529712e+01	
0.51300000	1.17644510e+01	
0.51458333	1.14663877e+01	
0.51616667	1.08352528e+01	
0.51775000	1.08288816e+01	
0.51933333	1.06905136e+01	
0.52091667	1.03223492e+01	
0.52250000	1.03511610e+01	
0.52408333	1.04032374e+01	
0.52566667	1.03703705e+01	
0.52725000	1.03556653e+01	
0.52883333	9.78502444e+00	
0.53041667	9.45621384e+00	
0.53200000	9.38858668e+00	
0.53358333	9.27524680e+00	
0.53516667	9.43241274e+00	
0.53675000	9.36945899e+00	
0.53833333	9.32940528e+00	
0.53991667	9.29713869e+00	
0.54150000	9.19137736e+00	
0.54308333	8.70936296e+00	
0.54466667	8.61349149e+00	
0.54625000	8.61118016e+00	
0.54783333	8.24111602e+00	
0.54941667	7.98728186e+00	
0.55100000	7.83139138e+00	
0.55258333	7.49184247e+00	
0.55416667	7.51153014e+00	
0.55575000	7.76032446e+00	
0.55733333	7.66933875e+00	
0.55891667	7.57698502e+00	
0.56050000	7.44291080e+00	
0.56208333	7.35534416e+00	
0.56366667	7.41096695e+00	
0.56525000	7.32535555e+00	
0.56683333	7.19318395e+00	
0.56841667	7.04858705e+00	
0.57000000	7.20842606e+00	
0.57158333	7.22280472e+00	
0.57316667	7.17548910e+00	
0.57475000	6.78557380e+00	
0.57633333	6.87901930e+00	
0.57791667	6.49136084e+00	
0.57950000	6.55481351e+00	
0.58108333	6.28617038e+00	
0.58266667	6.25841700e+00	
0.58425000	6.17658266e+00	
0.58583333	6.20764613e+00	
0.58741667	6.18116868e+00	
0.58900000	6.13098222e+00	
0.59058333	6.10535414e+00	
0.59216667	6.09292415e+00	
0.59375000	6.10075543e+00	
0.59533333	6.02683694e+00	
0.59691667	5.50836690e+00	
0.59850000	4.89680369e+00	
0.60008333	4.85639013e+00	
0.60166667	4.77141153e+00	
0.60325000	4.73301897e+00	
0.60483333	4.75994083e+00	
0.60641667	4.63013882e+00	
0.60800000	4.53458681e+00	
0.60958333	4.52373951e+00	
0.61116667	4.53098075e+00	
0.61275000	4.55771329e+00	
0.61433333	4.48294496e+00	
0.61591667	3.38993485e+00	
0.61750000	2.97773468e+00	
0.61908333	3.22612218e+00	
0.62066667	3.27227625e+00	
0.62225000	3.23483830e+00	
0.62383333	3.18058281e+00	
0.62541667	3.15381926e+00	
0.62700000	3.16527704e+00	
0.62858333	3.15226099e+00	
0.63016667	2.90482129e+00	
0.63175000	2.88103781e+00	
0.63333333	2.95951391e+00	
0.63491667	2.95164293e+00	
0.63650000	2.97184055e+00	
0.63808333	2.92762010e+00	
0.63966667	2.90965794e+00	
0.64125000	2.85387847e+00	
0.64283333	2.73376949e+00	
0.64441667	2.72478653e+00	
0.64600000	2.74628757e+00	
0.64758333	2.78107759e+00	
0.64916667	2.62967683e+00	
0.65075000	2.58202672e+00	
0.65233333	2.53541461e+00	
0.65391667	2.48554173e+00	
0.65550000	2.41147384e+00	
0.65708333	2.36528547e+00	
0.65866667	2.34252353e+00	
0.66025000	2.34309103e+00	
0.66183333	2.07981940e+00	
0.66341667	1.43245754e+00	
0.66500000	1.56764786e+00	
0.66658333	1.07719545e+00	
0.66816667	1.04480108e+00	
0.66975000	1.02627542e+00	
0.67133333	9.75175699e-01	
0.67291667	6.89695832e-01	
0.67450000	6.82245366e-01	
0.67608333	6.76613782e-01	
0.67766667	6.43290596e-01	
0.67925000	6.39832816e-01	
0.68083333	6.22843814e-01	
0.68241667	6.11060596e-01	
0.68400000	6.04740428e-01	
0.68558333	5.94294389e-01	
0.68716667	5.87976276e-01	
0.68875000	5.82557856e-01	
0.69033333	5.67078208e-01	
0.69191667	5.53092588e-01	
0.69350000	5.45607534e-01	
0.69508333	5.55378905e-01	
0.69666667	5.47119707e-01	
0.69825000	5.18933952e-01	
0.69983333	5.17898609e-01	
0.70141667	4.96678388e-01	
0.70300000	4.40716706e-01	
0.70458333	3.69757110e-01	
0.70616667	3.94068210e-01	
0.70775000	7.70292163e-02	
0.70933333	3.48461245e-03	
0.71091667	2.07023609e-04	
0.71250000	1.61151362e-05	
0.71408333	3.54126057e-05	
0.71566667	3.15574895e-04	
0.71725000	1.22111511e-03	
0.71883333	3.53637880e-04	
0.72041667	1.52619403e-04	
0.72200000	2.24215008e-04	
0.72358333	4.92820909e-04	
0.72516667	5.24302457e-04	
0.72675000	2.83691060e-04	
0.72833333	2.04618394e-04	
0.72991667	2.17861682e-04	
0.73150000	2.61060726e-04	
0.73308333	2.85269611e-04	
0.73466667	2.60321758e-04	
0.73625000	1.92430441e-04	
0.73783333	1.59588531e-04	
0.73941667	1.50033847e-04	
0.74100000	1.44520045e-04	
0.74258333	1.39488772e-04	
0.74416667	1.26504777e-04	
0.74575000	1.13476732e-04	
0.74733333	1.03913138e-04	
0.74891667	9.49893154e-05	
0.75050000	8.77568015e-05	
0.75208333	8.00356732e-05	
0.75366667	7.37201596e-05	
0.75525000	6.71921554e-05	
0.75683333	6.04631229e-05	
0.75841667	5.32163475e-05	
0.76000000	4.50439304e-05	
0.76158333	3.77829474e-05	
0.76316667	3.15386189e-05	
0.76475000	2.63541876e-05	
0.76633333	2.22886095e-05	
0.76791667	1.85995223e-05	
0.76950000	1.56547937e-05	
0.77108333	1.33295694e-05	
0.77266667	1.15667223e-05	
0.77425000	1.01677544e-05	
0.77583333	8.78305061e-06	
0.77741667	7.67116776e-06	
0.77900000	6.69181329e-06	
0.78058333	5.80788396e-06	
0.78216667	5.05802600e-06	
0.78375000	4.16152478e-06	
0.78533333	3.63801194e-06	
0.78691667	3.21994938e-06	
0.78850000	2.77046044e-06	
0.79008333	2.49657231e-06	
0.79166667	2.35585009e-06	
0.79325000	2.41384405e-06	
0.79483333	2.26831279e-06	
0.79641667	2.12623285e-06	
0.79800000	2.02432664e-06	
0.79958333	1.88422739e-06	
0.80116667	1.82000237e-06	
0.80275000	1.40895232e-06	
0.80433333	1.15724634e-06	
0.80591667	1.14882323e-06	
0.80750000	9.19195285e-07	
0.80908333	9.02990342e-07	
0.81066667	8.62157790e-07	
0.81225000	9.06056535e-07	
0.81383333	1.04291083e-06	
0.81541667	8.68984888e-07	
0.81700000	8.43876721e-07	
0.81858333	7.49029410e-07	
0.82016667	8.34762872e-07	
0.82175000	8.46385242e-07	
0.82333333	5.84521524e-07	
0.82491667	6.20171996e-07	
0.82650000	5.81107611e-07	
0.82808333	4.95808783e-07	
0.82966667	4.63736284e-07	
0.83125000	4.10897521e-07	
0.83283333	6.55346502e-07	
0.83441667	6.19696478e-07	
0.83600000	6.66148827e-07	
0.83758333	7.90425739e-07	
0.83916667	6.70166951e-07	
0.84075000	7.99628744e-07	
0.84233333	4.49183247e-07	
0.84391667	3.38561988e-07	
0.84550000	5.11105814e-07	
0.84708333	4.70574555e-07	
0.84866667	4.73554673e-07	
0.85025000	3.58984284e-07	
0.85183333	5.85213043e-07	
0.85341667	7.47602353e-07	
0.85500000	6.30369941e-07	
0.85658333	6.64507337e-07	
0.85816667	6.98211945e-07	
0.85975000	8.91930686e-07	
0.86133333	7.31226659e-07	
0.86291667	3.40938986e-07	
0.86450000	3.21622711e-07	
0.86608333	2.31785748e-07	
0.86766667	2.95912294e-07	
0.86925000	2.83424601e-07	
0.87083333	1.76907836e-07	
0.87241667	4.76233889e-07	
0.87400000	5.20180125e-07	
0.87558333	5.97139842e-07	
0.87716667	5.65032481e-07	
0.87875000	6.48215590e-07	
0.88033333	7.04303899e-07	
0.88191667	5.73718191e-07	
0.88350000	4.43478775e-07	
0.88508333	4.50824933e-07	
0.88666667	3.38302584e-07	
0.88825000	3.49839914e-07	
0.88983333	2.56979235e-07	
0.89141667	4.26021756e-07	
0.89300000	5.17803322e-07	
0.89458333	5.47878688e-07	
0.89616667	6.96656756e-07	
0.89775000	7.14153453e-07	
0.89933333	7.33038396e-07	
0.90091667	6.48950511e-07	
0.90250000	4.01348869e-07	
0.90408333	4.22738861e-07	
0.90566667	3.54506575e-07	
0.90725000	4.24467462e-07	
0.90883333	2.86664095e-07	
0.91041667	1.86672700e-07	
0.91200000	5.52502311e-07	
0.91358333	6.87970262e-07	
0.91516667	7.49502575e-07	
0.91675000	6.62216442e-07	
0.91833333	5.89189165e-07	
0.91991667	6.82959605e-07	
0.92150000	5.35519885e-07	
0.92308333	4.65820782e-07	
0.92466667	3.12332567e-07	
0.92625000	2.27577020e-07	
0.92783333	2.82300323e-07	
0.92941667	7.82725631e-08	
0.93100000	1.85376186e-07	
0.93258333	4.42571647e-07	
0.93416667	6.27343733e-07	
0.93575000	7.00719010e-07	
0.93733333	5.89751431e-07	
0.93891667	6.94970352e-07	
0.94050000	6.24751993e-07	
0.94208333	5.12013334e-07	
0.94366667	4.60678239e-07	
0.94525000	3.92843823e-07	
0.94683333	4.34577848e-07	
0.94841667	2.98461276e-07	
0.95000000	2.21889978e-07	
0.95158333	5.09247426e-07	
0.95316667	5.88367048e-07	
0.95475000	6.42641156e-07	
0.95633333	5.38545085e-07	
0.95791667	5.02419208e-07	
0.95950000	6.73838532e-07	
0.96108333	5.64039613e-07	
0.96266667	4.51214206e-07	
0.96425000	3.73476922e-07	
0.96583333	4.63875814e-07	
0.96741667	5.35390183e-07	
0.96900000	3.58871299e-07	
0.97058333	3.41803077e-07	
0.97216667	4.34387215e-07	
0.97375000	6.17967793e-07	
0.97533333	6.40351101e-07	
0.97691667	4.91228954e-07	
0.97850000	4.87944854e-07	
0.98008333	5.31717707e-07	
0.98166667	4.62751536e-07	
0.98325000	2.29237382e-07	
0.98483333	3.15486096e-07	
0.98641667	4.28874216e-07	
0.98800000	4.05021402e-07	
0.98958333	3.40031801e-07	
0.99116667	5.24112005e-07	
0.99275000	6.36116359e-07	
0.99433333	8.27414111e-07	
0.99591667	6.46140697e-07	
0.99750000	5.25149396e-07	
0.99908333	5.75664222e-07	
1.00066667	5.82360891e-07	
1.00225000	3.90026589e-07	
1.00383333	3.73651034e-07	
1.00541667	3.77970480e-07	
1.00700000	3.00362505e-07	
1.00858333	1.97260213e-07	
1.01016667	3.57703450e-07	
1.01175000	4.08824420e-07	
1.01333333	7.15798750e-07	
1.01491667	7.01970778e-07	
1.01650000	6.73969746e-07	
1.01808333	6.68828435e-07	
1.01966667	5.73934641e-07	
1.02125000	4.61887025e-07	
1.02283333	4.42399047e-07	
1.02441667	3.07103556e-07	
1.02600000	4.42701292e-07	
1.02758333	2.88997888e-07	
1.02916667	2.98911172e-07	
1.03075000	2.87529586e-07	
1.03233333	3.44309357e-07	
1.03391667	5.30766896e-07	
1.03550000	4.35917288e-07	
1.03708333	6.18097663e-07	
1.03866667	5.78948378e-07	
1.04025000	5.88843126e-07	
1.04183333	4.89628850e-07	
1.04341667	3.57488793e-07	
1.04500000	4.92093185e-07	
1.04658333	4.47411776e-07	
1.04816667	3.07795635e-07	
1.04975000	3.09351133e-07	
1.05133333	3.54074376e-07	
1.05291667	6.11831653e-07	
1.05450000	6.15504970e-07	
1.05608333	4.69752438e-07	
1.05766667	5.66674811e-07	
1.05925000	6.14338830e-07	
1.06083333	6.23973894e-07	
1.06241667	3.75247834e-07	
1.06400000	2.76985517e-07	
1.06558333	3.38129620e-07	
1.06716667	2.89301393e-07	
1.06875000	3.58611671e-07	
1.07033333	2.23532490e-07	
1.07191667	3.87433672e-07	
1.07350000	6.39919602e-07	
1.07508333	5.88842846e-07	
1.07666667	6.33523891e-07	
1.07825000	5.95326145e-07	
1.07983333	6.31233276e-07	
1.08141667	5.20656090e-07	
1.08300000	2.65707338e-07	
1.08458333	3.26289429e-07	
1.08616667	2.18088220e-07	
1.08775000	2.72879300e-07	
1.08933333	1.99161681e-07	
1.09091667	1.99334112e-07	
1.09250000	6.51975767e-07	
1.09408333	7.09101914e-07	
1.09566667	6.90996246e-07	
1.09725000	5.86034600e-07	
1.09883333	5.75922730e-07	
1.10041667	6.51283968e-07	
1.10200000	3.57056845e-07	
1.10358333	1.55699320e-07	
1.10516667	1.95618598e-07	
1.10675000	2.72750859e-07	
1.10833333	2.97640195e-07	
1.10991667	1.49986742e-07	
1.11150000	3.99965047e-07	
1.11308333	5.26618510e-07	
1.11466667	4.17897863e-07	
1.11625000	5.92860970e-07	
1.11783333	6.18183738e-07	
1.11941667	7.67955683e-07	
1.12100000	6.51024116e-07	
1.12258333	3.85446115e-07	
1.12416667	4.32201829e-07	
1.12575000	4.13879543e-07	
1.12733333	5.00907476e-07	
1.12891667	2.98418266e-07	
1.13050000	3.13110077e-07	
1.13208333	5.28994640e-07	
1.13366667	5.94201446e-07	
1.13525000	5.84175652e-07	
1.13683333	4.98487944e-07	
1.13841667	5.87072046e-07	
1.14000000	7.60091138e-07	
1.14158333	4.78870431e-07	
1.14316667	3.85229722e-07	
1.14475000	2.64713518e-07	
1.14633333	3.34543499e-07	
1.14791667	4.31595686e-07	
1.14950000	3.12099372e-07	
1.15108333	4.41880211e-07	
1.15266667	5.61792848e-07	
1.15425000	6.17405583e-07	
1.15583333	5.07087353e-07	
1.15741667	4.91746193e-07	
1.15900000	6.28165570e-07	
1.16058333	5.34008545e-07	
1.16216667	2.22971583e-07	
1.16375000	2.95868472e-07	
1.16533333	2.19470544e-07	
1.16691667	2.97770149e-07	
1.16850000	2.65015259e-07	
1.17008333	2.10223843e-07	
1.17166667	5.56131162e-07	
1.17325000	5.59156138e-07	
1.17483333	6.91902310e-07	
1.17641667	5.97398686e-07	
1.17800000	6.35036687e-07	
1.17958333	7.24613938e-07	
1.18116667	5.54100343e-07	
1.18275000	3.79872521e-07	
1.18433333	2.09748564e-07	
1.18591667	2.71973376e-07	
1.18750000	3.22185229e-07	
1.18908333	2.34897724e-07	
1.19066667	2.80183148e-07	
1.19225000	4.50696099e-07	
1.19383333	6.57333303e-07	
1.19541667	6.97606558e-07	
1.19700000	5.77045412e-07	
1.19858333	6.89871659e-07	
1.20016667	6.58587479e-07	
1.20175000	4.22392373e-07	
1.20333333	3.72008032e-07	
1.20491667	2.68905614e-07	
1.20650000	2.86318979e-07	
1.20808333	1.39400265e-07	
1.20966667	1.66337908e-07	
1.21125000	3.67643308e-07	
1.21283333	4.75110311e-07	
1.21441667	7.78629538e-07	
1.21600000	6.82612389e-07	
1.21758333	6.97434406e-07	
1.21916667	6.72500240e-07	
1.22075000	6.09542327e-07	
1.22233333	4.97796593e-07	
1.22391667	3.01184118e-07	
1.22550000	4.76103627e-07	
1.22708333	3.56234252e-07	
1.22866667	3.09004841e-07	
1.23025000	3.50730074e-07	
1.23183333	4.71134580e-07	
1.23341667	6.66666066e-07	
1.23500000	6.11140358e-07	
1.23658333	5.28217382e-07	
1.23816667	6.66926253e-07	
1.23975000	6.46056917e-07	
1.24133333	5.35520221e-07	
1.24291667	3.21061258e-07	
1.24450000	2.87312744e-07	
1.24608333	3.87693272e-07	
1.24766667	3.10387823e-07	
1.24925000	3.29357751e-07	
1.25083333	3.58136742e-07	
1.25241667	6.00467735e-07	
1.25400000	6.13128448e-07	
1.25558333	4.80166217e-07	
1.25716667	6.03707761e-07	
1.25875000	5.51464921e-07	
1.26033333	6.62821829e-07	
1.26191667	5.04407801e-07	
1.26350000	1.90388943e-07	
1.26508333	2.31958754e-07	
1.26666667	2.52657101e-07	
1.26825000	1.99351809e-07	
1.26983333	3.06757712e-07	
1.27141667	3.74124395e-07	
1.27300000	7.05428429e-07	
1.27458333	6.86154828e-07	
1.27616667	6.25097753e-07	
1.27775000	4.94081162e-07	
1.27933333	4.91054730e-07	
1.28091667	5.77564668e-07	
1.28250000	3.11597758e-07	
1.28408333	2.74824520e-07	
1.28566667	3.48112040e-07	
1.28725000	3.62966791e-07	
1.28883333	2.63849595e-07	
1.29041667	1.91642895e-07	
1.29200000	5.05833065e-07	
1.29358333	5.91349014e-07	
1.29516667	5.43168764e-07	
@ 
0.00000000	6.22849924e-07	
0.00158333	6.43453080e-07	
0.00316667	7.52055393e-07	
0.00475000	5.06612620e-07	
0.00633333	9.33800040e-08	
0.00791667	1.84987991e-07	
0.00950000	1.06127023e-07	
0.01108333	1.21467658e-07	
0.01266667	1.37291588e-07	
0.01425000	3.02475557e-08	
0.01583333	4.44775121e-07	
0.01741667	4.23342876e-07	
0.01900000	4.83751666e-07	
0.02058333	4.67462019e-07	
0.02216667	3.93311024e-07	
0.02375000	4.71739743e-07	
0.02533333	2.14242695e-07	
0.02691667	9.76145360e-08	
0.02850000	1.00898502e-07	
0.03008333	1.22979236e-07	
0.03166667	1.63468927e-07	
0.03325000	1.02973094e-07	
0.03483333	3.78446053e-07	
0.03641667	3.57704598e-07	
0.03800000	2.56849505e-07	
0.03958333	4.14658118e-07	
0.04116667	3.28147620e-07	
0.04275000	3.48371192e-07	
0.04433333	2.56892711e-07	
0.04591667	1.80667019e-07	
0.04750000	1.73277599e-07	
0.04908333	1.58197158e-07	
0.05066667	1.96525054e-07	
0.05225000	-1.51243134e-08	
0.05383333	1.46876040e-07	
0.05541667	5.07950408e-07	
0.05700000	6.18227364e-07	
0.05858333	5.10544389e-07	
0.06016667	3.53729540e-07	
0.06175000	2.79146009e-07	
0.06333333	4.75283526e-07	
0.06491667	3.00276626e-07	
0.06650000	2.08322446e-07	
0.06808333	1.60132465e-07	
0.06966667	1.57765099e-07	
0.07125000	1.01158564e-07	
0.07283333	-8.98778641e-09	
0.07441667	1.69994088e-07	
0.07600000	3.43445323e-07	
0.07758333	3.34759697e-07	
0.07916667	3.56623946e-07	
0.08075000	3.55068504e-07	
0.08233333	5.26791894e-07	
0.08391667	3.78360313e-07	
0.08550000	2.29409240e-07	
0.08708333	1.68654144e-07	
0.08866667	2.31353969e-07	
0.09025000	3.43790802e-07	
0.09183333	2.43669818e-07	
0.09341667	2.92974206e-07	
0.09500000	4.13534064e-07	
0.09658333	5.75447101e-07	
0.09816667	7.05902658e-07	
0.09975000	4.39850232e-07	
0.10133333	4.84660811e-07	
0.10291667	6.17060664e-07	
0.10450000	2.72146535e-07	
0.10608333	5.57854716e-08	
0.10766667	-1.02324760e-07	
0.10925000	3.85440550e-08	
0.11083333	6.40392655e-08	
0.11241667	1.34948989e-07	
0.11400000	2.56762393e-07	
0.11558333	2.73788137e-07	
0.11716667	3.69501220e-07	
0.11875000	4.45769110e-07	
0.12033333	4.19696076e-07	
0.12191667	5.09031649e-07	
0.12350000	3.91754462e-07	
0.12508333	1.94883425e-07	
0.12666667	-8.85887125e-09	
0.12825000	-9.34669689e-08	
0.12983333	3.09658265e-08	
0.13141667	-5.99946870e-08	
0.13300000	-5.64778447e-08	
0.13458333	1.46573459e-07	
0.13616667	3.92490027e-07	
0.13775000	5.14432923e-07	
0.13933333	4.31336954e-07	
0.14091667	5.58985218e-07	
0.14250000	5.40661812e-07	
0.14408333	4.12625843e-07	
0.14566667	2.11649555e-07	
0.14725000	-2.83035930e-08	
0.14883333	1.18615016e-07	
0.15041667	9.29040947e-08	
0.15200000	7.07374320e-08	
0.15358333	1.98340880e-07	
0.15516667	2.94572742e-07	
0.15675000	4.93561122e-07	
0.15833333	4.09256032e-07	
0.15991667	3.27456129e-07	
0.16150000	3.21233326e-07	
0.16308333	3.72267184e-07	
0.16466667	2.08495213e-07	
0.16625000	6.22249101e-08	
0.16783333	2.09490350e-08	
0.16941667	8.69929384e-08	
0.17100000	8.45733359e-08	
0.17258333	2.12211610e-07	
0.17416667	2.27335117e-07	
0.17575000	3.50142887e-07	
0.17733333	3.46339869e-07	
0.17891667	2.60089670e-07	
0.18050000	4.60115666e-07	
0.18208333	4.92697452e-07	
0.18366667	4.10249852e-07	
0.18525000	2.70719647e-07	
0.18683333	6.56812872e-08	
0.18841667	1.23628263e-07	
0.19000000	-1.03279204e-08	
0.19158333	-1.97478739e-08	
0.19316667	-6.41609449e-08	
0.19475000	1.91945505e-07	
0.19633333	4.23732569e-07	
0.19791667	4.11415741e-07	
0.19950000	4.83795236e-07	
0.20108333	4.97017878e-07	
0.20266667	4.00008281e-07	
0.20425000	3.70857573e-07	
0.20583333	1.28683582e-07	
0.20741667	1.45492848e-07	
0.20900000	5.24157339e-08	
0.21058333	-3.21056701e-08	
0.21216667	2.11040150e-08	
0.21375000	6.17318570e-08	
0.21533333	2.72447241e-07	
0.21691667	3.90977595e-07	
0.21850000	4.97105521e-07	
0.22008333	6.06213817e-07	
0.22166667	4.66511881e-07	
0.22325000	3.36142511e-07	
0.22483333	1.11140088e-07	
0.22641667	-4.50265489e-08	
0.22800000	1.46434811e-07	
0.22958333	1.07294059e-07	
0.23116667	1.46797917e-07	
0.23275000	-7.26725639e-08	
0.23433333	1.12479325e-07	
0.23591667	4.05366377e-07	
0.23750000	4.14570922e-07	
0.23908333	5.73676301e-07	
0.24066667	4.71567424e-07	
0.24225000	3.94002403e-07	
0.24383333	3.85878735e-07	
0.24541667	1.38622236e-07	
0.24700000	2.57108797e-07	
0.24858333	2.49416684e-07	
0.25016667	5.23720940e-08	
0.25175000	4.58903491e-08	
0.25333333	-8.07451861e-08	
0.25491667	2.25001996e-07	
0.25650000	3.13888036e-07	
0.25808333	3.37870132e-07	
0.25966667	4.49053601e-07	
0.26125000	3.81556993e-07	
0.26283333	4.14613736e-07	
0.26441667	2.91763208e-07	
0.26600000	1.80235085e-07	
0.26758333	2.05556999e-07	
0.26916667	1.75092865e-07	
0.27075000	1.48708219e-07	
0.27233333	1.52273090e-08	
0.27391667	9.81157725e-08	
0.27550000	3.45908173e-07	
0.27708333	3.42105099e-07	
0.27866667	4.32589955e-07	
0.28025000	3.39556816e-07	
0.28183333	4.94772177e-07	
0.28341667	3.50185421e-07	
0.28500000	6.89654985e-08	
0.28658333	-1.07168054e-08	
0.28816667	1.03795740e-08	
0.28975000	1.77771171e-07	
0.29133333	1.03534793e-07	
0.29291667	6.43836871e-09	
0.29450000	2.18606383e-07	
0.29608333	3.29790650e-07	
0.29766667	4.09947075e-07	
0.29925000	4.19712457e-07	
0.30083333	3.68809953e-07	
0.30241667	5.10068703e-07	
0.30400000	3.27802085e-07	
0.30558333	1.23627899e-07	
0.30716667	1.27603966e-07	
0.30875000	1.10145847e-07	
0.31033333	2.07198951e-07	
0.31191667	6.50763970e-08	
0.31350000	8.46076514e-08	
0.31508333	2.48681763e-07	
0.31666667	3.64488995e-07	
0.31825000	3.45648714e-07	
0.31983333	2.22798367e-07	
0.32141667	4.25591657e-07	
0.32300000	4.02039716e-07	
0.32458333	2.29098314e-07	
0.32616667	1.34733282e-07	
0.32775000	2.35668830e-08	
0.32933333	1.46875858e-07	
0.33091667	1.40324866e-07	
0.33250000	4.53288434e-08	
0.33408333	2.76293662e-07	
0.33566667	3.99921981e-07	
0.33725000	4.80252461e-07	
0.33883333	3.91884724e-07	
0.34041667	2.57065115e-07	
0.34200000	3.86137746e-07	
0.34358333	2.41379371e-07	
0.34516667	1.42252095e-07	
0.34675000	9.67933782e-08	
0.34833333	8.47468667e-08	
0.34991667	1.42216939e-07	
0.35150000	2.64016829e-08	
0.35308333	1.03102509e-07	
0.35466667	2.63503892e-07	
0.35625000	3.61291251e-07	
0.35783333	4.27793367e-07	
0.35941667	3.60729518e-07	
0.36100000	3.76934153e-07	
0.36258333	3.77321999e-07	
0.36416667	1.60142014e-07	
0.36575000	7.81688885e-08	
0.36733333	3.93480726e-08	
0.36891667	1.29677739e-07	
0.37050000	4.29465114e-09	
0.37208333	-3.88987049e-08	
0.37366667	2.35761423e-07	
0.37525000	3.17992825e-07	
0.37683333	4.30818203e-07	
0.37841667	3.63451828e-07	
0.38000000	2.92627718e-07	
0.38158333	3.75205272e-07	
0.38316667	3.20845033e-07	
0.38475000	2.21285641e-07	
0.38633333	-1.81922693e-08	
0.38791667	3.22787494e-08	
0.38950000	8.70279540e-08	
0.39108333	-2.95478113e-08	
0.39266667	2.40688492e-08	
0.39425000	1.02626635e-07	
0.39583333	2.90597123e-07	
0.39741667	4.05756043e-07	
0.39900000	3.58612063e-07	
0.40058333	5.21734811e-07	
0.40216667	3.95903576e-07	
0.40375000	1.89827798e-07	
0.40533333	8.23262630e-08	
0.40691667	6.84026803e-08	
0.40850000	1.27776355e-07	
0.41008333	8.70274710e-08	
0.41166667	-6.49957114e-09	
0.41325000	1.32702434e-07	
0.41483333	2.71238483e-07	
0.41641667	4.65042935e-07	
0.41800000	3.19462611e-07	
0.41958333	2.91158885e-07	
0.42116667	3.85316749e-07	
0.42275000	4.15693604e-07	
0.42433333	3.23308499e-07	
0.42591667	-4.05753011e-08	
0.42750000	3.94091433e-08	
0.42908333	-4.27848829e-09	
0.43066667	-1.56342110e-08	
0.43225000	-6.06732887e-09	
0.43383333	1.40696569e-07	
0.43541667	4.08564989e-07	
0.43700000	4.03854281e-07	
0.43858333	4.34664988e-07	
0.44016667	5.59892067e-07	
0.44175000	4.86344415e-07	
0.44333333	5.00216461e-07	
0.44491667	1.83648690e-07	
0.44650000	5.36249367e-08	
0.44808333	2.26211832e-07	
0.44966667	1.20613018e-07	
0.45125000	2.14112867e-07	
0.45283333	3.28709493e-07	
0.45441667	5.92818128e-07	
0.45600000	8.96422311e-07	
0.45758333	9.59986115e-07	
0.45916667	1.19397794e-06	
0.46075000	1.36255962e-06	
0.46233333	1.56470707e-06	
0.46391667	1.83479263e-06	
0.46550000	1.72409168e-06	
0.46708333	1.99207748e-06	
0.46866667	2.18042625e-06	
0.47025000	2.58495010e-06	
0.47183333	2.89266218e-06	
0.47341667	3.43830049e-06	
0.47500000	4.19665762e-06	
0.47658333	4.75422088e-06	
0.47816667	5.50747708e-06	
0.47975000	6.62924818e-06	
0.48133333	7.79678006e-06	
0.48291667	9.12789079e-06	
0.48450000	1.03273060e-05	
0.48608333	1.21828539e-05	
0.48766667	1.48245013e-05	
0.48925000	1.79650811e-05	
0.49083333	2.14714387e-05	
0.49241667	2.52520026e-05	
0.49400000	2.96719772e-05	
0.49558333	3.56247844e-05	
0.49716667	4.58678896e-05	
0.49875000	6.36257792e-05	
0.50033333	9.57127209e-05	
0.50191667	1.49661338e-04	
0.50350000	2.06257703e-04	
0.50508333	2.77927730e-04	
0.50666667	3.70616508e-04	
0.50825000	4.58214661e-04	
0.50983333	4.92585501e-04	
0.51141667	5.17968299e-04	
0.51300000	7.07271860e-04	
0.51458333	1.11844031e-03	
0.51616667	9.61722964e-04	
0.51775000	1.95011335e-03	
0.51933333	2.42538316e-03	
0.52091667	3.40589671e-03	
0.52250000	4.31633985e-03	
0.52408333	3.53562957e-03	
0.52566667	5.04373755e-03	
0.52725000	4.98279236e-03	
0.52883333	6.43268898e-03	
0.53041667	7.04012270e-03	
0.53200000	7.79136510e-03	
0.53358333	8.57755267e-03	
0.53516667	1.05581180e-02	
0.53675000	1.17990611e-02	
0.53833333	1.27921175e-02	
0.53991667	1.63369028e-02	
0.54150000	1.43980895e-02	
0.54308333	1.55883621e-02	
0.54466667	2.16031203e-02	
0.54625000	2.30323015e-02	
0.54783333	3.37667046e-02	
0.54941667	3.65313343e-01	
0.55100000	6.42982008e-01	
0.55258333	6.58536057e-01	
0.55416667	6.70780954e-01	
0.55575000	6.86062765e-01	
0.55733333	1.01539771e+00	
0.55891667	1.80388605e+00	
0.56050000	2.14267004e+00	
0.56208333	2.20633387e+00	
0.56366667	2.38642899e+00	
0.56525000	2.77772616e+00	
0.56683333	2.92347614e+00	
0.56841667	3.76808325e+00	
0.57000000	5.83130521e+00	
0.57158333	6.59478172e+00	
0.57316667	7.13867408e+00	
0.57475000	7.42434168e+00	
0.57633333	8.90360419e+00	
0.57791667	9.48001023e+00	
0.57950000	9.61155984e+00	
0.58108333	9.73799821e+00	
0.58266667	1.03949476e+01	
0.58425000	1.08927928e+01	
0.58583333	1.11593036e+01	
0.58741667	1.14829954e+01	
0.58900000	1.23307830e+01	
0.59058333	1.33152342e+01	
0.59216667	1.36750336e+01	
0.59375000	1.40191723e+01	
0.59533333	1.43669330e+01	
0.59691667	1.46561211e+01	
0.59850000	1.49035474e+01	
0.60008333	1.64123433e+01	
0.60166667	1.69048358e+01	
0.60325000	1.74806678e+01	
0.60483333	1.78956911e+01	
0.60641667	1.82718446e+01	
0.60800000	1.85666955e+01	
0.60958333	1.97187240e+01	
0.61116667	2.02468805e+01	
0.61275000	2.05344441e+01	
0.61433333	2.10267430e+01	
0.61591667	2.12482270e+01	
0.61750000	2.14177454e+01	
0.61908333	2.14623785e+01	
0.62066667	2.16530372e+01	
0.62225000	2.35840826e+01	
0.62383333	2.49715082e+01	
0.62541667	2.55649382e+01	
0.62700000	2.60114088e+01	
0.62858333	2.59874630e+01	
0.63016667	2.58909358e+01	
0.63175000	2.65684457e+01	
0.63333333	2.69268696e+01	
0.63491667	2.68788709e+01	
0.63650000	2.71622967e+01	
0.63808333	2.74086265e+01	
0.63966667	2.85030991e+01	
0.64125000	2.92609175e+01	
0.64283333	2.95011233e+01	
0.64441667	2.97473949e+01	
0.64600000	2.99473139e+01	
0.64758333	3.07174068e+01	
0.64916667	3.13383849e+01	
0.65075000	3.12804757e+01	
