start voltage : 0.00 V 
set voltage : 0.10 V 
High G : 30.00 G0 
Intermediate G : 20.00 G0 
Low G : 10.00 G0 
Breaking speed 1 : 300.00 V/s 
Breaking speed 2 : 300.00 V/s 
Making speed : 500.00 V/s 
Post breaking : 230.00 V/s 
@ 
0.00000000	4.45365529e+01	
0.00158333	4.49072344e+01	
0.00316667	4.49847787e+01	
0.00475000	4.50150665e+01	
0.00633333	4.49490000e+01	
0.00791667	4.51535886e+01	
0.00950000	4.50297501e+01	
0.01108333	4.49698922e+01	
0.01266667	4.49908670e+01	
0.01425000	4.48863347e+01	
0.01583333	4.48909573e+01	
0.01741667	4.48696555e+01	
0.01900000	4.50376274e+01	
0.02058333	4.49396344e+01	
0.02216667	4.49859400e+01	
0.02375000	4.50383377e+01	
0.02533333	4.48849591e+01	
0.02691667	4.50142171e+01	
0.02850000	4.48738272e+01	
0.03008333	4.48491955e+01	
0.03166667	4.49759279e+01	
0.03325000	4.49349816e+01	
0.03483333	4.49323772e+01	
0.03641667	4.48574975e+01	
0.03800000	4.49082717e+01	
0.03958333	4.50341810e+01	
0.04116667	4.47572570e+01	
0.04275000	4.48287881e+01	
0.04433333	4.49256386e+01	
0.04591667	4.48697682e+01	
0.04750000	4.49328958e+01	
0.04908333	4.47775742e+01	
0.05066667	4.49285099e+01	
0.05225000	4.49057386e+01	
0.05383333	4.47831778e+01	
0.05541667	4.47560243e+01	
0.05700000	4.46547429e+01	
0.05858333	4.48106282e+01	
0.06016667	4.48354290e+01	
0.06175000	4.47989512e+01	
0.06333333	4.47352674e+01	
0.06491667	4.45982449e+01	
0.06650000	4.46718542e+01	
0.06808333	4.45912470e+01	
0.06966667	4.46862634e+01	
0.07125000	4.46821331e+01	
0.07283333	4.44565620e+01	
0.07441667	4.46310921e+01	
0.07600000	4.44948550e+01	
0.07758333	4.44505601e+01	
0.07916667	4.44897137e+01	
0.08075000	4.43140674e+01	
0.08233333	4.43083624e+01	
0.08391667	4.42076521e+01	
0.08550000	4.41671606e+01	
0.08708333	4.43562802e+01	
0.08866667	4.42327198e+01	
0.09025000	4.42684233e+01	
0.09183333	4.40345915e+01	
0.09341667	4.41782926e+01	
0.09500000	4.42915141e+01	
0.09658333	4.41272816e+01	
0.09816667	4.42443516e+01	
0.09975000	4.41137632e+01	
0.10133333	4.41573553e+01	
0.10291667	4.41956407e+01	
0.10450000	4.40262858e+01	
0.10608333	4.41391578e+01	
0.10766667	4.39545029e+01	
0.10925000	4.39818932e+01	
0.11083333	4.39969037e+01	
0.11241667	4.39792887e+01	
0.11400000	4.39796720e+01	
0.11558333	4.38624743e+01	
0.11716667	4.37233659e+01	
0.11875000	4.36401992e+01	
0.12033333	4.35065816e+01	
0.12191667	4.35009066e+01	
0.12350000	4.34001551e+01	
0.12508333	4.34192320e+01	
0.12666667	4.31744262e+01	
0.12825000	4.31646359e+01	
0.12983333	4.32089270e+01	
0.13141667	4.30470736e+01	
0.13300000	4.30553756e+01	
0.13458333	4.30004636e+01	
0.13616667	4.28949804e+01	
0.13775000	4.30002306e+01	
0.13933333	4.27608704e+01	
0.14091667	4.27603631e+01	
0.14250000	4.27049437e+01	
0.14408333	4.26585329e+01	
0.14566667	4.26458299e+01	
0.14725000	4.26452436e+01	
0.14883333	4.27186463e+01	
0.15041667	4.26440297e+01	
0.15200000	4.25113818e+01	
0.15358333	4.25007835e+01	
0.15516667	4.23854273e+01	
0.15675000	4.25331459e+01	
0.15833333	4.24145876e+01	
0.15991667	4.21665948e+01	
0.16150000	4.18677601e+01	
0.16308333	4.16323950e+01	
0.16466667	4.09755480e+01	
0.16625000	4.08900963e+01	
0.16783333	4.08869469e+01	
0.16941667	4.05996162e+01	
0.17100000	4.04320465e+01	
0.17258333	4.05796110e+01	
0.17416667	4.02679043e+01	
0.17575000	4.03297427e+01	
0.17733333	4.04694638e+01	
0.17891667	4.01129811e+01	
0.18050000	4.01720535e+01	
0.18208333	4.01199526e+01	
0.18366667	4.01529051e+01	
0.18525000	4.00216515e+01	
0.18683333	3.97159730e+01	
0.18841667	3.97676115e+01	
0.19000000	3.96964676e+01	
0.19158333	3.96989706e+01	
0.19316667	3.95446525e+01	
0.19475000	3.88646658e+01	
0.19633333	3.87783723e+01	
0.19791667	3.85450254e+01	
0.19950000	3.85782259e+01	
0.20108333	3.83439695e+01	
0.20266667	3.82793799e+01	
0.20425000	3.83500353e+01	
0.20583333	3.81849122e+01	
0.20741667	3.82640988e+01	
0.20900000	3.82003774e+01	
0.21058333	3.80685187e+01	
0.21216667	3.81225550e+01	
0.21375000	3.79890727e+01	
0.21533333	3.79974198e+01	
0.21691667	3.80700446e+01	
0.21850000	3.79253438e+01	
0.22008333	3.79142607e+01	
0.22166667	3.76705560e+01	
0.22325000	3.73302865e+01	
0.22483333	3.68510926e+01	
0.22641667	3.66555088e+01	
0.22800000	3.65729660e+01	
0.22958333	3.60551560e+01	
0.23116667	3.55236697e+01	
0.23275000	3.55678819e+01	
0.23433333	3.54318402e+01	
0.23591667	3.56205653e+01	
0.23750000	3.53081670e+01	
0.23908333	3.52852266e+01	
0.24066667	3.51997674e+01	
0.24225000	3.49102832e+01	
0.24383333	3.45285563e+01	
0.24541667	3.40266212e+01	
0.24700000	3.40668947e+01	
0.24858333	3.39005915e+01	
0.25016667	3.36398205e+01	
0.25175000	3.38406773e+01	
0.25333333	3.37254526e+01	
0.25491667	3.38828412e+01	
0.25650000	3.36177407e+01	
0.25808333	3.35476040e+01	
0.25966667	3.33242390e+01	
0.26125000	3.29054067e+01	
0.26283333	3.26846688e+01	
0.26441667	3.23644683e+01	
0.26600000	3.19161186e+01	
0.26758333	3.16978235e+01	
0.26916667	3.16564300e+01	
0.27075000	3.18635292e+01	
0.27233333	3.17168065e+01	
0.27391667	3.14019710e+01	
0.27550000	3.12425154e+01	
0.27708333	3.11319416e+01	
0.27866667	3.12671978e+01	
0.28025000	3.10418203e+01	
0.28183333	3.10097209e+01	
0.28341667	3.09832890e+01	
0.28500000	3.07127823e+01	
0.28658333	3.06571957e+01	
0.28816667	3.04059594e+01	
0.28975000	3.01724396e+01	
0.29133333	3.00098044e+01	
0.29291667	3.01151035e+01	
0.29450000	3.00261867e+01	
0.29608333	2.97524572e+01	
0.29766667	2.94542840e+01	
0.29925000	2.92719687e+01	
0.30083333	2.89758080e+01	
0.30241667	2.90226416e+01	
0.30400000	2.88247408e+01	
0.30558333	2.88576839e+01	
0.30716667	2.87134830e+01	
0.30875000	2.85022986e+01	
0.31033333	2.85117017e+01	
0.31191667	2.82343080e+01	
0.31350000	2.80411162e+01	
0.31508333	2.80242548e+01	
0.31666667	2.78810104e+01	
0.31825000	2.75140534e+01	
0.31983333	2.70636986e+01	
0.32141667	2.68854122e+01	
0.32300000	2.66827609e+01	
0.32458333	2.65801809e+01	
0.32616667	2.66231886e+01	
0.32775000	2.65093338e+01	
0.32933333	2.66102414e+01	
0.33091667	2.65200581e+01	
0.33250000	2.64214525e+01	
0.33408333	2.65583473e+01	
0.33566667	2.64500529e+01	
0.33725000	2.61135641e+01	
0.33883333	2.55899664e+01	
0.34041667	2.55366967e+01	
0.34200000	2.55320102e+01	
0.34358333	2.50654347e+01	
0.34516667	2.49564563e+01	
0.34675000	2.45758305e+01	
0.34833333	2.44107619e+01	
0.34991667	2.43578324e+01	
0.35150000	2.35633351e+01	
0.35308333	2.35167120e+01	
0.35466667	2.31318525e+01	
0.35625000	2.26616390e+01	
0.35783333	2.25997517e+01	
0.35941667	2.24473897e+01	
0.36100000	2.26647659e+01	
0.36258333	2.27166225e+01	
0.36416667	2.26855604e+01	
0.36575000	2.25759111e+01	
0.36733333	2.23769843e+01	
0.36891667	2.22969351e+01	
0.37050000	2.17020412e+01	
0.37208333	2.14611252e+01	
0.37366667	2.14744275e+01	
0.37525000	2.13971877e+01	
0.37683333	2.14463439e+01	
0.37841667	2.12154812e+01	
0.38000000	2.09024365e+01	
0.38158333	2.07160623e+01	
0.38316667	2.07412896e+01	
0.38475000	2.07627155e+01	
0.38633333	2.05019182e+01	
0.38791667	2.02556898e+01	
0.38950000	2.00685095e+01	
0.39108333	2.00443983e+01	
0.39266667	1.97709920e+01	
0.39425000	1.94832123e+01	
0.39583333	1.95275053e+01	
0.39741667	1.96338943e+01	
0.39900000	1.94371209e+01	
0.40058333	1.92160072e+01	
0.40216667	1.91585207e+01	
0.40375000	1.91416067e+01	
0.40533333	1.89823803e+01	
0.40691667	1.87968385e+01	
0.40850000	1.87753299e+01	
0.41008333	1.86852255e+01	
0.41166667	1.86342710e+01	
0.41325000	1.85473761e+01	
0.41483333	1.76065546e+01	
0.41641667	1.76888568e+01	
0.41800000	1.72784524e+01	
0.41958333	1.72091143e+01	
0.42116667	1.71503407e+01	
0.42275000	1.70051721e+01	
0.42433333	1.70485180e+01	
0.42591667	1.69645603e+01	
0.42750000	1.68667383e+01	
0.42908333	1.68475636e+01	
0.43066667	1.67040129e+01	
0.43225000	1.68731292e+01	
0.43383333	1.67447450e+01	
0.43541667	1.62039663e+01	
0.43700000	1.59797689e+01	
0.43858333	1.58143282e+01	
0.44016667	1.57666471e+01	
0.44175000	1.57257995e+01	
0.44333333	1.57247819e+01	
0.44491667	1.47754818e+01	
0.44650000	1.45573868e+01	
0.44808333	1.46248402e+01	
0.44966667	1.45092134e+01	
0.45125000	1.44833894e+01	
0.45283333	1.46605568e+01	
0.45441667	1.37088608e+01	
0.45600000	1.34626606e+01	
0.45758333	1.33391555e+01	
0.45916667	1.31574030e+01	
0.46075000	1.34038005e+01	
0.46233333	1.30271791e+01	
0.46391667	1.30419322e+01	
0.46550000	1.29282052e+01	
0.46708333	1.29127719e+01	
0.46866667	1.28325311e+01	
0.47025000	1.27788161e+01	
0.47183333	1.28609483e+01	
0.47341667	1.27600605e+01	
0.47500000	1.24542467e+01	
0.47658333	1.18138787e+01	
0.47816667	1.13972553e+01	
0.47975000	1.14277236e+01	
0.48133333	1.13331900e+01	
0.48291667	1.12852008e+01	
0.48450000	1.11852206e+01	
0.48608333	1.11625573e+01	
0.48766667	1.11125996e+01	
0.48925000	1.09618847e+01	
0.49083333	1.09944642e+01	
0.49241667	1.08613192e+01	
0.49400000	1.08435116e+01	
0.49558333	1.08995210e+01	
0.49716667	1.06480940e+01	
0.49875000	9.88736012e+00	
0.50033333	8.95116409e+00	
0.50191667	8.53151340e+00	
0.50350000	8.34273199e+00	
0.50508333	8.18495908e+00	
0.50666667	7.86451391e+00	
0.50825000	7.58016123e+00	
0.50983333	7.49949195e+00	
0.51141667	7.49336738e+00	
0.51300000	7.43519085e+00	
0.51458333	7.29430900e+00	
0.51616667	7.26632684e+00	
0.51775000	7.28887173e+00	
0.51933333	7.19248538e+00	
0.52091667	7.18407533e+00	
0.52250000	7.11983530e+00	
0.52408333	7.03444423e+00	
0.52566667	6.87809712e+00	
0.52725000	6.85240750e+00	
0.52883333	6.63501019e+00	
0.53041667	6.89388982e+00	
0.53200000	6.40624037e+00	
0.53358333	6.59053300e+00	
0.53516667	6.64587298e+00	
0.53675000	6.43422817e+00	
0.53833333	6.07078938e+00	
0.53991667	5.64338022e+00	
0.54150000	5.52539560e+00	
0.54308333	5.49774980e+00	
0.54466667	5.76833407e+00	
0.54625000	5.38490836e+00	
0.54783333	5.36713224e+00	
0.54941667	5.25542861e+00	
0.55100000	5.16096697e+00	
0.55258333	5.12029268e+00	
0.55416667	5.07952960e+00	
0.55575000	5.05059471e+00	
0.55733333	5.06210863e+00	
0.55891667	4.98474615e+00	
0.56050000	4.63117891e+00	
0.56208333	4.48908596e+00	
0.56366667	4.69743149e+00	
0.56525000	4.77138945e+00	
0.56683333	4.46474838e+00	
0.56841667	4.12483492e+00	
0.57000000	4.00832447e+00	
0.57158333	3.74166406e+00	
0.57316667	3.59549456e+00	
0.57475000	3.67979245e+00	
0.57633333	3.70065011e+00	
0.57791667	3.69633187e+00	
0.57950000	3.71487209e+00	
0.58108333	3.65121906e+00	
0.58266667	3.69810553e+00	
0.58425000	3.65730134e+00	
0.58583333	3.62816140e+00	
0.58741667	3.65614850e+00	
0.58900000	3.61465725e+00	
0.59058333	3.47639209e+00	
0.59216667	3.49391383e+00	
0.59375000	3.42298339e+00	
0.59533333	3.33974627e+00	
0.59691667	2.48387540e+00	
0.59850000	2.05119786e+00	
0.60008333	2.04931732e+00	
0.60166667	2.08861045e+00	
0.60325000	2.04089153e+00	
0.60483333	2.01672447e+00	
0.60641667	1.91277885e+00	
0.60800000	1.87282297e+00	
0.60958333	1.87427401e+00	
0.61116667	1.81401270e+00	
0.61275000	1.92639680e+00	
0.61433333	1.84194765e+00	
0.61591667	1.57077203e+00	
0.61750000	1.38906344e+00	
0.61908333	1.40939977e+00	
0.62066667	1.42444246e+00	
0.62225000	1.48152087e+00	
0.62383333	1.44213167e+00	
0.62541667	1.36637656e+00	
0.62700000	1.33578052e+00	
0.62858333	1.06224342e+00	
0.63016667	7.42989146e-01	
0.63175000	6.67096915e-01	
0.63333333	6.79906903e-01	
0.63491667	7.17704068e-01	
0.63650000	7.20132905e-01	
0.63808333	6.99929412e-01	
0.63966667	7.08922823e-01	
0.64125000	7.40985286e-01	
0.64283333	6.86512288e-01	
0.64441667	6.51956040e-01	
0.64600000	6.41434248e-01	
0.64758333	6.11833390e-01	
0.64916667	5.96968571e-01	
0.65075000	7.04639399e-01	
0.65233333	7.13418471e-01	
0.65391667	5.86511727e-01	
0.65550000	5.50545835e-01	
0.65708333	5.42954903e-01	
0.65866667	5.44336653e-01	
0.66025000	1.10406808e-01	
0.66183333	-5.10806644e-05	
0.66341667	9.34418001e-03	
0.66500000	1.37373819e-03	
0.66658333	7.63781862e-04	
0.66816667	1.75169724e-04	
0.66975000	2.12618327e-04	
0.67133333	5.02017292e-04	
0.67291667	5.18211047e-04	
0.67450000	2.64369365e-04	
0.67608333	1.81801081e-04	
0.67766667	1.70237073e-04	
0.67925000	2.13103723e-04	
0.68083333	2.58681732e-04	
0.68241667	2.34535026e-04	
0.68400000	1.74371646e-04	
0.68558333	1.41527056e-04	
0.68716667	1.24707148e-04	
0.68875000	1.12868801e-04	
0.69033333	1.03961172e-04	
0.69191667	9.58535641e-05	
0.69350000	8.94068559e-05	
0.69508333	8.01908673e-05	
0.69666667	6.87718887e-05	
0.69825000	5.69033559e-05	
0.69983333	4.64271011e-05	
0.70141667	3.85228867e-05	
0.70300000	3.29157646e-05	
0.70458333	2.84224222e-05	
0.70616667	2.53223184e-05	
0.70775000	2.27774442e-05	
0.70933333	2.07603914e-05	
0.71091667	1.88789758e-05	
0.71250000	1.70864509e-05	
0.71408333	1.65994674e-05	
0.71566667	1.69117499e-05	
0.71725000	1.70790622e-05	
0.71883333	1.73509064e-05	
0.72041667	1.69581362e-05	
0.72200000	1.63414078e-05	
0.72358333	1.52926770e-05	
0.72516667	1.42214690e-05	
0.72675000	1.32006104e-05	
0.72833333	1.20208480e-05	
0.72991667	1.11629907e-05	
0.73150000	1.01176093e-05	
0.73308333	9.21837562e-06	
0.73466667	8.53051960e-06	
0.73625000	7.58610935e-06	
0.73783333	6.79422665e-06	
0.73941667	5.94845251e-06	
0.74100000	5.20417553e-06	
0.74258333	4.59914096e-06	
0.74416667	3.76363275e-06	
0.74575000	3.13361456e-06	
0.74733333	2.66446269e-06	
0.74891667	2.44703607e-06	
0.75050000	2.14701448e-06	
0.75208333	1.78170315e-06	
0.75366667	1.87183874e-06	
0.75525000	1.78879318e-06	
0.75683333	1.68949669e-06	
0.75841667	1.53829774e-06	
0.76000000	1.29823009e-06	
0.76158333	1.43396394e-06	
0.76316667	1.40196209e-06	
0.76475000	1.13071795e-06	
0.76633333	9.02601684e-07	
0.76791667	7.91591319e-07	
0.76950000	8.09437472e-07	
0.77108333	5.83007776e-07	
0.77266667	4.78870319e-07	
0.77425000	7.51232156e-07	
0.77583333	8.20024131e-07	
0.77741667	8.59088740e-07	
0.77900000	7.97771589e-07	
0.78058333	7.89301041e-07	
0.78216667	8.43836176e-07	
0.78375000	7.83251313e-07	
0.78533333	6.23066709e-07	
0.78691667	4.34275406e-07	
0.78850000	4.12885610e-07	
0.79008333	3.33721662e-07	
0.79166667	3.50099597e-07	
0.79325000	6.05133809e-07	
0.79483333	6.43937950e-07	
0.79641667	7.87659271e-07	
0.79800000	7.71541916e-07	
0.79958333	6.22936896e-07	
0.80116667	7.49634237e-07	
0.80275000	8.67254298e-07	
0.80433333	6.62691063e-07	
0.80591667	3.34197460e-07	
0.80750000	4.24336864e-07	
0.80908333	5.57212123e-07	
0.81066667	5.31112767e-07	
0.81225000	3.58482081e-07	
0.81383333	4.36220570e-07	
0.81541667	5.84392494e-07	
0.81700000	6.61696571e-07	
0.81858333	6.44715993e-07	
0.82016667	6.05003883e-07	
0.82175000	6.18485256e-07	
0.82333333	5.74064679e-07	
0.82491667	4.50651913e-07	
0.82650000	2.63417676e-07	
0.82808333	2.38138449e-07	
0.82966667	1.89050133e-07	
0.83125000	2.78325013e-07	
0.83283333	3.17215258e-07	
0.83441667	4.77962015e-07	
0.83600000	6.29590498e-07	
0.83758333	6.29030305e-07	
0.83916667	5.83700135e-07	
0.84075000	6.33048597e-07	
0.84233333	5.32150158e-07	
0.84391667	5.45631251e-07	
0.84550000	2.78756988e-07	
0.84708333	1.91772429e-07	
0.84866667	3.79310396e-07	
0.85025000	3.82032790e-07	
0.85183333	3.67556505e-07	
0.85341667	2.49849247e-07	
0.85500000	3.97502672e-07	
0.85658333	6.18745164e-07	
0.85816667	5.15382894e-07	
0.85975000	6.26263277e-07	
0.86133333	6.69908219e-07	
0.86291667	6.82224684e-07	
0.86450000	4.86128917e-07	
0.86608333	2.58447453e-07	
0.86766667	1.75957151e-07	
0.86925000	3.46338664e-07	
0.87083333	3.98280435e-07	
0.87241667	3.39210245e-07	
0.87400000	2.72940203e-07	
0.87558333	6.46487744e-07	
0.87716667	7.19947641e-07	
0.87875000	7.82949740e-07	
0.88033333	6.38363124e-07	
0.88191667	5.15988785e-07	
0.88350000	6.24189728e-07	
0.88508333	4.20836567e-07	
0.88666667	3.03603847e-07	
0.88825000	3.06196063e-07	
0.88983333	2.50289875e-07	
0.89141667	3.52390464e-07	
0.89300000	2.95436636e-07	
0.89458333	4.53029444e-07	
0.89616667	7.16662365e-07	
0.89775000	7.56763077e-07	
0.89933333	7.69943212e-07	
0.90091667	4.52596544e-07	
0.90250000	4.96585314e-07	
0.90408333	4.13317782e-07	
0.90566667	2.76811993e-07	
0.90725000	2.80140166e-07	
0.90883333	2.23532182e-07	
0.91041667	3.68378033e-07	
0.91200000	3.06066809e-07	
0.91358333	2.88133769e-07	
0.91516667	5.93984885e-07	
0.91675000	6.58023758e-07	
0.91833333	6.76000509e-07	
0.91991667	4.99482100e-07	
0.92150000	5.90139248e-07	
0.92308333	6.95531833e-07	
0.92466667	4.19151284e-07	
0.92625000	2.61558980e-07	
0.92783333	1.76994640e-07	
0.92941667	2.03612452e-07	
0.93100000	2.74349674e-07	
0.93258333	2.28588845e-07	
0.93416667	3.70711742e-07	
0.93575000	5.69699843e-07	
0.93733333	6.80668710e-07	
0.93891667	6.12523396e-07	
0.94050000	5.68663684e-07	
0.94208333	7.08885352e-07	
0.94366667	6.98298413e-07	
0.94525000	4.16991127e-07	
0.94683333	4.08910552e-07	
0.94841667	2.97510242e-07	
0.95000000	4.40022524e-07	
0.95158333	2.57843186e-07	
0.95316667	2.14112349e-07	
0.95475000	4.82671322e-07	
0.95633333	6.50895422e-07	
0.95791667	7.98808139e-07	
0.95950000	6.56641112e-07	
0.96108333	5.57946819e-07	
0.96266667	7.32306611e-07	
0.96425000	6.31751467e-07	
0.96583333	4.26454291e-07	
0.96741667	1.46314097e-07	
0.96900000	2.38094599e-07	
0.97058333	3.76372392e-07	
0.97216667	2.30100955e-07	
0.97375000	3.96811069e-07	
0.97533333	5.34915506e-07	
0.97691667	7.67608523e-07	
0.97850000	7.14028119e-07	
0.98008333	6.55691589e-07	
0.98166667	7.63676083e-07	
0.98325000	7.41595692e-07	
0.98483333	6.29204361e-07	
0.98641667	3.74643287e-07	
0.98800000	1.67124477e-07	
0.98958333	2.69855249e-07	
0.99116667	1.69129675e-07	
0.99275000	1.97821694e-07	
0.99433333	3.63105285e-07	
0.99591667	5.09678982e-07	
0.99750000	6.60617794e-07	
0.99908333	5.12574760e-07	
1.00066667	5.39712009e-07	
1.00225000	6.72023434e-07	
1.00383333	5.36643688e-07	
1.00541667	3.75032420e-07	
1.00700000	1.93587148e-07	
1.00858333	2.11389633e-07	
1.01016667	2.25745345e-07	
1.01175000	2.12686959e-07	
1.01333333	2.26125294e-07	
1.01491667	2.42977655e-07	
1.01650000	5.26791782e-07	
1.01808333	5.35996747e-07	
1.01966667	4.81116972e-07	
1.02125000	5.19617020e-07	
1.02283333	7.07890188e-07	
1.02441667	6.83174543e-07	
1.02600000	3.23609849e-07	
1.02758333	2.64497544e-07	
1.02916667	3.80476984e-07	
1.03075000	3.52086678e-07	
1.03233333	3.06740912e-07	
1.03391667	2.22366084e-07	
1.03550000	4.94599073e-07	
1.03708333	6.73105571e-07	
1.03866667	6.11701448e-07	
1.04025000	6.81055799e-07	
1.04183333	6.76909261e-07	
1.04341667	5.83873183e-07	
1.04500000	4.78956451e-07	
1.04658333	2.45483571e-07	
1.04816667	2.74046869e-07	
1.04975000	2.87572148e-07	
1.05133333	1.76241784e-07	
1.05291667	2.39650657e-07	
1.05450000	2.09532562e-07	
1.05608333	5.43816825e-07	
1.05766667	6.17577847e-07	
1.05925000	5.87244758e-07	
1.06083333	5.99213503e-07	
1.06241667	5.76095442e-07	
1.06400000	6.02843866e-07	
1.06558333	3.29530602e-07	
1.06716667	3.32079977e-07	
1.06875000	4.01132167e-07	
1.07033333	3.97761572e-07	
1.07191667	3.85922137e-07	
1.07350000	3.09481087e-07	
1.07508333	3.85490021e-07	
1.07666667	5.57213411e-07	
1.07825000	5.56563557e-07	
1.07983333	6.74618759e-07	
1.08141667	6.03016578e-07	
1.08300000	7.70114580e-07	
1.08458333	7.53132098e-07	
1.08616667	3.81687227e-07	
1.08775000	3.90675434e-07	
1.08933333	3.11943909e-07	
1.09091667	2.48362016e-07	
1.09250000	1.80251592e-07	
1.09408333	2.44836182e-07	
1.09566667	5.92041037e-07	
1.09725000	6.91685748e-07	
1.09883333	7.04001709e-07	
1.10041667	5.69354587e-07	
1.10200000	5.04190903e-07	
1.10358333	7.02402949e-07	
1.10516667	4.11719190e-07	
1.10675000	3.07276464e-07	
1.10833333	2.11649527e-07	
1.10991667	2.97726607e-07	
1.11150000	3.85058046e-07	
1.11308333	2.15322760e-07	
1.11466667	2.59701237e-07	
1.11625000	5.42476909e-07	
1.11783333	5.85299287e-07	
1.11941667	6.83823108e-07	
1.12100000	5.68576376e-07	
1.12258333	6.24363224e-07	
1.12416667	6.51370603e-07	
1.12575000	3.99490089e-07	
1.12733333	3.67037977e-07	
1.12891667	2.75342991e-07	
1.13050000	3.82032370e-07	
1.13208333	2.52614091e-07	
1.13366667	2.27854330e-07	
1.13525000	4.09386153e-07	
1.13683333	5.35217304e-07	
1.13841667	6.48681587e-07	
1.14000000	4.90969494e-07	
1.14158333	5.86294003e-07	
1.14316667	7.53736925e-07	
1.14475000	5.18235214e-07	
1.14633333	3.30654265e-07	
1.14791667	2.57800260e-07	
1.14950000	3.04511200e-07	
1.15108333	3.35018401e-07	
1.15266667	3.02221173e-07	
1.15425000	4.84919487e-07	
1.15583333	6.19911808e-07	
1.15741667	6.40353509e-07	
1.15900000	6.30154275e-07	
1.16058333	5.26056357e-07	
1.16216667	6.06084115e-07	
1.16375000	5.88108093e-07	
1.16533333	3.68809673e-07	
1.16691667	1.52536312e-07	
1.16850000	1.37801715e-07	
1.17008333	3.62241138e-07	
1.17166667	2.98418518e-07	
1.17325000	7.55338583e-08	
1.17483333	3.74773380e-07	
1.17641667	5.34266493e-07	
1.17800000	6.75526671e-07	
1.17958333	6.45406280e-07	
1.18116667	7.36842199e-07	
1.18275000	7.49157431e-07	
1.18433333	5.73071026e-07	
1.18591667	4.79301875e-07	
1.18750000	2.57021713e-07	
1.18908333	3.45043634e-07	
1.19066667	3.43747204e-07	
1.19225000	2.38008664e-07	
1.19383333	2.01667877e-07	
1.19541667	2.87442558e-07	
1.19700000	6.06905616e-07	
1.19858333	6.04399280e-07	
1.20016667	5.15253696e-07	
1.20175000	5.95325753e-07	
1.20333333	6.20128370e-07	
1.20491667	4.85740316e-07	
1.20650000	2.95090933e-07	
1.20808333	1.78031400e-07	
1.20966667	3.27543045e-07	
1.21125000	2.22193232e-07	
1.21283333	2.46954029e-07	
1.21441667	2.55854900e-07	
1.21600000	4.94685037e-07	
1.21758333	8.09827250e-07	
1.21916667	6.53746454e-07	
1.22075000	6.18053757e-07	
1.22233333	6.57117805e-07	
1.22391667	6.95186970e-07	
1.22550000	5.54576532e-07	
1.22708333	2.71584046e-07	
1.22866667	2.26644620e-07	
1.23025000	2.10699444e-07	
1.23183333	1.77469765e-07	
1.23341667	2.48379769e-07	
1.23500000	2.33298572e-07	
1.23658333	6.06516847e-07	
1.23816667	7.35977240e-07	
1.23975000	5.97312778e-07	
1.24133333	6.63555910e-07	
1.24291667	4.93043827e-07	
1.24450000	5.78730864e-07	
1.24608333	3.26159447e-07	
1.24766667	2.08883997e-07	
1.24925000	4.16126084e-07	
1.25083333	2.96214455e-07	
1.25241667	4.18114621e-07	
1.25400000	2.80788171e-07	
1.25558333	5.53194166e-07	
1.25716667	7.23879129e-07	
1.25875000	5.97269544e-07	
1.26033333	7.07762614e-07	
1.26191667	5.65248651e-07	
1.26350000	6.58326956e-07	
1.26508333	6.08805726e-07	
@ 
0.00000000	3.25036877e-07	
0.00158333	3.11684730e-07	
0.00316667	2.84201776e-07	
0.00475000	2.84460284e-07	
0.00633333	1.14942162e-07	
0.00791667	2.28069726e-08	
0.00950000	4.11762508e-07	
0.01108333	4.94814739e-07	
0.01266667	5.65855214e-07	
0.01425000	6.73797258e-07	
0.01583333	5.95584596e-07	
0.01741667	6.77858448e-07	
0.01900000	3.81427515e-07	
0.02058333	1.46694438e-07	
0.02216667	7.30448616e-08	
0.02375000	1.30023456e-07	
0.02533333	2.34724410e-07	
0.02691667	3.37831904e-08	
0.02850000	2.37533454e-07	
0.03008333	4.50911093e-07	
0.03166667	4.21440946e-07	
0.03325000	4.22997508e-07	
0.03483333	2.15435353e-07	
0.03641667	3.20456151e-07	
0.03800000	2.68775184e-07	
0.03958333	1.88402534e-07	
0.04116667	1.65068023e-07	
0.04275000	4.26063093e-08	
0.04433333	1.79931916e-07	
0.04591667	8.01659381e-08	
0.04750000	-9.90064505e-08	
0.04908333	1.93544853e-07	
0.05066667	3.31518411e-07	
0.05225000	4.23948879e-07	
0.05383333	5.02679340e-07	
0.05541667	4.67573632e-07	
0.05700000	4.94296491e-07	
0.05858333	2.78022487e-07	
0.06016667	1.01962221e-07	
0.06175000	3.72824759e-08	
0.06333333	-2.84941311e-08	
0.06491667	1.30368474e-07	
0.06650000	7.57492159e-08	
0.06808333	1.74876947e-07	
0.06966667	3.74428293e-07	
0.07125000	5.59544739e-07	
0.07283333	5.19790683e-07	
0.07441667	3.67340923e-07	
0.07600000	5.72596181e-07	
0.07758333	4.54368828e-07	
0.07916667	2.72621353e-07	
0.08075000	4.04891028e-08	
0.08233333	-8.25343684e-08	
0.08391667	8.20585150e-08	
0.08550000	4.65125126e-08	
0.08708333	4.46804708e-08	
0.08866667	2.16566688e-07	
0.09025000	3.38087086e-07	
0.09183333	4.84660195e-07	
0.09341667	3.57142109e-07	
0.09500000	4.52425121e-07	
0.09658333	5.53452842e-07	
0.09816667	5.55820684e-07	
0.09975000	4.40973223e-07	
0.10133333	1.08720086e-07	
0.10291667	1.02325222e-07	
0.10450000	2.06983454e-07	
0.10608333	1.65499690e-07	
0.10766667	1.93889660e-07	
0.10925000	1.99636862e-07	
0.11083333	2.83726735e-07	
0.11241667	3.44136898e-07	
0.11400000	1.87450925e-07	
0.11558333	3.51092830e-07	
0.11716667	3.81341131e-07	
0.11875000	3.81945818e-07	
0.12033333	1.71938313e-07	
0.12191667	-3.55204548e-08	
0.12350000	1.00198352e-07	
0.12508333	8.81948994e-08	
0.12666667	9.76151311e-08	
0.12825000	5.02115275e-08	
0.12983333	2.79102300e-07	
0.13141667	4.42355757e-07	
0.13300000	3.74643539e-07	
0.13458333	4.11416581e-07	
0.13616667	6.03491871e-07	
0.13775000	4.75845008e-07	
0.13933333	3.87779348e-07	
0.14091667	1.32356843e-07	
0.14250000	1.10750401e-07	
0.14408333	1.35986282e-07	
0.14566667	1.63727869e-07	
0.14725000	1.25875210e-07	
0.14883333	1.46571474e-08	
0.15041667	1.91945365e-07	
0.15200000	2.82602709e-07	
0.15358333	2.96085258e-07	
0.15516667	4.08779954e-07	
0.15675000	4.04459388e-07	
0.15833333	5.01684735e-07	
0.15991667	1.76172691e-07	
0.16150000	-1.98806536e-09	
0.16308333	-2.11307929e-08	
0.16466667	5.84569840e-08	
0.16625000	1.88755700e-07	
0.16783333	1.44327030e-07	
0.16941667	1.95366768e-07	
0.17100000	3.50963352e-07	
0.17258333	4.01131299e-07	
0.17416667	4.48189371e-07	
0.17575000	3.72180828e-07	
0.17733333	4.26626807e-07	
0.17891667	3.29962998e-07	
0.18050000	6.69689879e-08	
0.18208333	1.38493108e-07	
0.18366667	1.08936123e-07	
0.18525000	1.06472664e-07	
0.18683333	5.48179827e-08	
0.18841667	-1.33957188e-08	
0.19000000	1.97908582e-07	
0.19158333	2.87788625e-07	
0.19316667	3.77927078e-07	
0.19475000	4.63485757e-07	
0.19633333	5.19876983e-07	
0.19791667	5.38933350e-07	
0.19950000	3.01961293e-07	
0.20108333	2.07025875e-07	
0.20266667	1.79370785e-07	
0.20425000	1.47549779e-07	
0.20583333	9.69667550e-08	
0.20741667	-6.19654014e-08	
0.20900000	1.04141949e-08	
0.21058333	2.01321697e-07	
0.21216667	3.53944926e-07	
0.21375000	4.12453299e-07	
0.21533333	2.97036208e-07	
0.21691667	4.64739793e-07	
0.21850000	3.35018765e-07	
0.22008333	9.58520530e-08	
0.22166667	1.87667109e-07	
0.22325000	7.57060730e-08	
0.22483333	1.48396649e-07	
0.22641667	-2.58439762e-09	
0.22800000	-6.37365999e-08	
0.22958333	2.14804400e-07	
0.23116667	3.44265395e-07	
0.23275000	4.82715172e-07	
0.23433333	4.54887299e-07	
0.23591667	4.06014550e-07	
0.23750000	6.12002965e-07	
0.23908333	3.26505879e-07	
0.24066667	1.60443881e-07	
0.24225000	8.72871756e-08	
0.24383333	-1.93561879e-09	
0.24541667	1.99377430e-07	
0.24700000	8.51689436e-08	
0.24858333	2.03741804e-07	
0.25016667	2.79794267e-07	
0.25175000	3.91365665e-07	
0.25333333	4.25417293e-07	
0.25491667	3.72397950e-07	
0.25650000	3.61550319e-07	
0.25808333	3.48586885e-07	
0.25966667	1.36461589e-07	
0.26125000	-5.47663729e-08	
0.26283333	-8.45651245e-08	
0.26441667	1.93325575e-08	
0.26600000	4.66336985e-08	
0.26758333	-5.53194642e-08	
0.26916667	2.17915802e-07	
0.27075000	3.14320684e-07	
0.27233333	5.85861104e-07	
0.27391667	5.31370603e-07	
0.27550000	4.48708318e-07	
0.27708333	4.94556511e-07	
0.27866667	4.50480993e-07	
0.28025000	3.95989400e-07	
0.28183333	1.73191159e-07	
0.28341667	1.72197563e-07	
0.28500000	2.42372967e-07	
0.28658333	-7.32870584e-08	
0.28816667	-8.92575821e-08	
0.28975000	1.40912235e-07	
0.29133333	4.37343168e-07	
0.29291667	5.26403236e-07	
0.29450000	3.02609494e-07	
0.29608333	4.00571106e-07	
0.29766667	4.72344178e-07	
0.29925000	4.06360590e-07	
0.30083333	1.66320561e-07	
0.30241667	-2.89541720e-09	
0.30400000	1.51715764e-07	
0.30558333	5.84821396e-08	
0.30716667	3.30738730e-08	
0.30875000	1.13732591e-07	
0.31033333	1.84081128e-07	
0.31191667	4.41405450e-07	
0.31350000	4.43782505e-07	
0.31508333	4.59122461e-07	
0.31666667	3.65353478e-07	
0.31825000	4.38423876e-07	
0.31983333	3.53297089e-07	
0.32141667	3.95120549e-08	
0.32300000	5.21123648e-08	
0.32458333	4.53722664e-08	
0.32616667	9.23429355e-08	
0.32775000	1.25183425e-07	
0.32933333	6.79108242e-08	
0.33091667	3.22271361e-07	
0.33250000	3.03646885e-07	
0.33408333	2.52484697e-07	
0.33566667	3.77841226e-07	
0.33725000	4.48493072e-07	
0.33883333	3.73304518e-07	
0.34041667	8.82803662e-08	
0.34200000	-3.82768810e-08	
0.34358333	1.17672928e-07	
0.34516667	1.06948650e-07	
0.34675000	1.57220531e-07	
0.34833333	1.11009574e-07	
0.34991667	1.89093521e-07	
0.35150000	4.65906102e-07	
0.35308333	3.81730209e-07	
0.35466667	3.85445471e-07	
0.35625000	4.32330803e-07	
0.35783333	4.09947775e-07	
0.35941667	3.18295210e-07	
0.36100000	3.61678019e-08	
0.36258333	1.28294435e-07	
0.36416667	1.72025033e-07	
0.36575000	2.41249557e-07	
0.36733333	1.43851331e-07	
0.36891667	1.34385984e-08	
0.37050000	1.79845980e-07	
0.37208333	3.25685106e-07	
0.37366667	3.07622531e-07	
0.37525000	3.28191078e-07	
0.37683333	2.91029295e-07	
0.37841667	4.41621340e-07	
0.38000000	1.58283696e-07	
0.38158333	5.10325139e-08	
0.38316667	1.51741077e-07	
0.38475000	1.12263449e-07	
0.38633333	1.63208991e-07	
0.38791667	-1.04908520e-07	
0.38950000	-4.96068194e-08	
0.39108333	1.52233983e-07	
0.39266667	2.85757946e-07	
0.39425000	4.50522743e-07	
0.39583333	3.66735452e-07	
0.39741667	3.97372746e-07	
0.39900000	4.99567672e-07	
0.40058333	3.19375975e-07	
0.40216667	1.80105201e-07	
0.40375000	2.30232946e-08	
0.40533333	1.18744872e-07	
0.40691667	6.30895740e-09	
0.40850000	-1.23585015e-08	
0.41008333	3.57013751e-07	
0.41166667	4.63874778e-07	
0.41325000	3.76587918e-07	
0.41483333	2.70969923e-07	
0.41641667	2.93880999e-07	
0.41800000	4.58516934e-07	
0.41958333	2.56070958e-07	
0.42116667	-1.11917356e-08	
0.42275000	-6.01942100e-08	
0.42433333	-1.83218679e-08	
0.42591667	2.80869578e-08	
0.42750000	-4.79564428e-08	
0.42908333	9.74419293e-08	
0.43066667	3.51655039e-07	
0.43225000	4.45942802e-07	
0.43383333	4.60894605e-07	
0.43541667	3.01010595e-07	
0.43700000	4.08261903e-07	
0.43858333	4.44698566e-07	
0.44016667	1.48085387e-07	
0.44175000	6.19659405e-08	
0.44333333	2.04646658e-08	
0.44491667	2.31267011e-07	
0.44650000	1.74037791e-07	
0.44808333	1.94798161e-08	
0.44966667	2.09055994e-07	
0.45125000	3.57047997e-07	
0.45283333	4.45381181e-07	
0.45441667	5.20569454e-07	
0.45600000	5.82922988e-07	
0.45758333	8.65743183e-07	
0.45916667	1.03673196e-06	
0.46075000	1.16667011e-06	
0.46233333	1.25927967e-06	
0.46391667	1.42352339e-06	
0.46550000	1.85826474e-06	
0.46708333	2.12386282e-06	
0.46866667	2.51240669e-06	
0.47025000	2.65330744e-06	
0.47183333	2.95722031e-06	
0.47341667	3.45627729e-06	
0.47500000	3.91906347e-06	
0.47658333	4.77849819e-06	
0.47816667	5.92049292e-06	
0.47975000	7.48548225e-06	
0.48133333	9.94393611e-06	
0.48291667	1.26091091e-05	
0.48450000	1.56892859e-05	
0.48608333	1.79971665e-05	
0.48766667	1.94125784e-05	
0.48925000	2.02335932e-05	
0.49083333	2.21180840e-05	
0.49241667	2.67719430e-05	
0.49400000	3.48980743e-05	
0.49558333	5.27036620e-05	
0.49716667	1.01470790e-04	
0.49875000	2.63045921e-04	
0.50033333	5.09032212e-04	
0.50191667	4.07995722e-04	
0.50350000	2.98550102e-04	
0.50508333	3.58483149e-04	
0.50666667	4.79439029e-04	
0.50825000	7.12541838e-04	
0.50983333	1.01368716e-03	
0.51141667	1.05876306e-03	
0.51300000	1.25813909e-03	
0.51458333	9.47817509e-04	
0.51616667	1.13911604e-03	
0.51775000	1.19127573e-03	
0.51933333	2.85751299e-03	
0.52091667	3.67397611e-03	
0.52250000	5.48990169e-03	
0.52408333	4.03971374e-03	
0.52566667	7.92811970e-03	
0.52725000	1.01012805e-02	
0.52883333	1.23616218e-02	
0.53041667	1.90940324e-02	
0.53200000	1.08021730e-02	
0.53358333	3.32984556e-02	
0.53516667	3.89295918e-02	
0.53675000	4.94099800e-02	
0.53833333	6.85888358e-02	
0.53991667	8.45671289e-02	
0.54150000	1.10607707e-01	
0.54308333	1.64197072e-01	
0.54466667	9.62321669e-01	
0.54625000	1.93575300e+00	
0.54783333	2.43756254e+00	
0.54941667	3.44182897e+00	
0.55100000	3.61071272e+00	
0.55258333	4.02277124e+00	
0.55416667	4.61235470e+00	
0.55575000	4.80112343e+00	
0.55733333	4.82998738e+00	
0.55891667	5.13844134e+00	
0.56050000	5.42956407e+00	
0.56208333	6.66242109e+00	
0.56366667	7.75659392e+00	
0.56525000	8.00791004e+00	
0.56683333	8.49350419e+00	
0.56841667	8.78647504e+00	
0.57000000	8.96760180e+00	
0.57158333	9.67989919e+00	
0.57316667	1.15920706e+01	
0.57475000	1.24076808e+01	
0.57633333	1.27867319e+01	
0.57791667	1.28803691e+01	
0.57950000	1.37725756e+01	
0.58108333	1.47325812e+01	
0.58266667	1.50051700e+01	
0.58425000	1.51481165e+01	
0.58583333	1.55257123e+01	
0.58741667	1.56392278e+01	
0.58900000	1.57534650e+01	
0.59058333	1.61130107e+01	
0.59216667	1.64674113e+01	
0.59375000	1.76465219e+01	
0.59533333	1.90494446e+01	
0.59691667	1.95040970e+01	
0.59850000	1.96835391e+01	
0.60008333	2.05193697e+01	
0.60166667	2.15793245e+01	
0.60325000	2.20869646e+01	
0.60483333	2.29452715e+01	
0.60641667	2.39864876e+01	
0.60800000	2.49820276e+01	
0.60958333	2.52686573e+01	
0.61116667	2.54097425e+01	
0.61275000	2.59281651e+01	
0.61433333	2.68349499e+01	
0.61591667	2.74248341e+01	
0.61750000	2.75988492e+01	
0.61908333	2.78754745e+01	
0.62066667	2.80210828e+01	
0.62225000	2.95238608e+01	
0.62383333	3.00286709e+01	
0.62541667	3.01142034e+01	
0.62700000	3.06239764e+01	
0.62858333	3.11237579e+01	
0.63016667	3.21548436e+01	
0.63175000	3.26413247e+01	
0.63333333	3.27957443e+01	
0.63491667	3.31248029e+01	
0.63650000	3.40089198e+01	
0.63808333	3.43394892e+01	
