start voltage : 0.00 V 
set voltage : 0.10 V 
High G : 30.00 G0 
Intermediate G : 20.00 G0 
Low G : 10.00 G0 
Breaking speed 1 : 300.00 V/s 
Breaking speed 2 : 300.00 V/s 
Making speed : 500.00 V/s 
Post breaking : 230.00 V/s 
@ 
0.00000000	4.42560323e+01	
0.00158333	4.48857672e+01	
0.00316667	4.47153148e+01	
0.00475000	4.49026117e+01	
0.00633333	4.47936183e+01	
0.00791667	4.48247254e+01	
0.00950000	4.49652545e+01	
0.01108333	4.48572645e+01	
0.01266667	4.48262212e+01	
0.01425000	4.47697458e+01	
0.01583333	4.48280703e+01	
0.01741667	4.49908746e+01	
0.01900000	4.47994849e+01	
0.02058333	4.49964105e+01	
0.02216667	4.48123908e+01	
0.02375000	4.48179154e+01	
0.02533333	4.48300058e+01	
0.02691667	4.46878569e+01	
0.02850000	4.47629771e+01	
0.03008333	4.47476885e+01	
0.03166667	4.48940842e+01	
0.03325000	4.48931108e+01	
0.03483333	4.47314039e+01	
0.03641667	4.48036603e+01	
0.03800000	4.47299082e+01	
0.03958333	4.47344895e+01	
0.04116667	4.48180921e+01	
0.04275000	4.46627179e+01	
0.04433333	4.47855455e+01	
0.04591667	4.46562386e+01	
0.04750000	4.46842715e+01	
0.04908333	4.47116317e+01	
0.05066667	4.46883417e+01	
0.05225000	4.46967377e+01	
0.05383333	4.45178969e+01	
0.05541667	4.46412394e+01	
0.05700000	4.46500751e+01	
0.05858333	4.46464145e+01	
0.06016667	4.48117331e+01	
0.06175000	4.45895971e+01	
0.06333333	4.46368460e+01	
0.06491667	4.46414348e+01	
0.06650000	4.45419460e+01	
0.06808333	4.46670925e+01	
0.06966667	4.45513379e+01	
0.07125000	4.45810997e+01	
0.07283333	4.45769844e+01	
0.07441667	4.44661381e+01	
0.07600000	4.45924609e+01	
0.07758333	4.44482337e+01	
0.07916667	4.45894505e+01	
0.08075000	4.46553893e+01	
0.08233333	4.44841740e+01	
0.08391667	4.45661493e+01	
0.08550000	4.44383871e+01	
0.08708333	4.44837155e+01	
0.08866667	4.45785515e+01	
0.09025000	4.44620002e+01	
0.09183333	4.45771986e+01	
0.09341667	4.44381465e+01	
0.09500000	4.45585726e+01	
0.09658333	4.45233840e+01	
0.09816667	4.44500302e+01	
0.09975000	4.45679232e+01	
0.10133333	4.43615305e+01	
0.10291667	4.45026421e+01	
0.10450000	4.43049386e+01	
0.10608333	4.42606437e+01	
0.10766667	4.43720123e+01	
0.10925000	4.42820132e+01	
0.11083333	4.43554421e+01	
0.11241667	4.42327799e+01	
0.11400000	4.41533790e+01	
0.11558333	4.42441299e+01	
0.11716667	4.39199607e+01	
0.11875000	4.40290556e+01	
0.12033333	4.39047397e+01	
0.12191667	4.39283642e+01	
0.12350000	4.39865759e+01	
0.12508333	4.38159169e+01	
0.12666667	4.40006093e+01	
0.12825000	4.39679801e+01	
0.12983333	4.38886280e+01	
0.13141667	4.40375982e+01	
0.13300000	4.38394699e+01	
0.13458333	4.40317465e+01	
0.13616667	4.38337311e+01	
0.13775000	4.38187544e+01	
0.13933333	4.38277742e+01	
0.14091667	4.37037402e+01	
0.14250000	4.37586672e+01	
0.14408333	4.36328067e+01	
0.14566667	4.38001134e+01	
0.14725000	4.37687319e+01	
0.14883333	4.36104638e+01	
0.15041667	4.37013950e+01	
0.15200000	4.35610088e+01	
0.15358333	4.35876850e+01	
0.15516667	4.36516469e+01	
0.15675000	4.35861629e+01	
0.15833333	4.36350316e+01	
0.15991667	4.34812735e+01	
0.16150000	4.34475130e+01	
0.16308333	4.34146845e+01	
0.16466667	4.33062661e+01	
0.16625000	4.34083105e+01	
0.16783333	4.29888092e+01	
0.16941667	4.30830214e+01	
0.17100000	4.28810222e+01	
0.17258333	4.29334687e+01	
0.17416667	4.30986107e+01	
0.17575000	4.29184131e+01	
0.17733333	4.29223105e+01	
0.17891667	4.28794963e+01	
0.18050000	4.28908538e+01	
0.18208333	4.29807590e+01	
0.18366667	4.28551803e+01	
0.18525000	4.29307816e+01	
0.18683333	4.28979644e+01	
0.18841667	4.27976751e+01	
0.19000000	4.28582020e+01	
0.19158333	4.26648468e+01	
0.19316667	4.26319431e+01	
0.19475000	4.23571989e+01	
0.19633333	4.22994870e+01	
0.19791667	4.22088302e+01	
0.19950000	4.22492653e+01	
0.20108333	4.22020578e+01	
0.20266667	4.20982207e+01	
0.20425000	4.21005207e+01	
0.20583333	4.19845031e+01	
0.20741667	4.19202405e+01	
0.20900000	4.21295834e+01	
0.21058333	4.19948909e+01	
0.21216667	4.19208005e+01	
0.21375000	4.19606794e+01	
0.21533333	4.17664373e+01	
0.21691667	4.15973304e+01	
0.21850000	4.07888223e+01	
0.22008333	4.03776531e+01	
0.22166667	3.97744478e+01	
0.22325000	3.95708626e+01	
0.22483333	3.92773195e+01	
0.22641667	3.87955438e+01	
0.22800000	3.87894253e+01	
0.22958333	3.86759746e+01	
0.23116667	3.86256777e+01	
0.23275000	3.86940443e+01	
0.23433333	3.85754636e+01	
0.23591667	3.86441120e+01	
0.23750000	3.84706192e+01	
0.23908333	3.83775721e+01	
0.24066667	3.83749037e+01	
0.24225000	3.81620469e+01	
0.24383333	3.81534593e+01	
0.24541667	3.79824995e+01	
0.24700000	3.70896711e+01	
0.24858333	3.70551401e+01	
0.25016667	3.70210715e+01	
0.25175000	3.69771336e+01	
0.25333333	3.69159528e+01	
0.25491667	3.68188693e+01	
0.25650000	3.68444104e+01	
0.25808333	3.67619616e+01	
0.25966667	3.65329818e+01	
0.26125000	3.60528372e+01	
0.26283333	3.56395671e+01	
0.26441667	3.60592713e+01	
0.26600000	3.59523299e+01	
0.26758333	3.58592113e+01	
0.26916667	3.56378646e+01	
0.27075000	3.51638985e+01	
0.27233333	3.51875492e+01	
0.27391667	3.53335654e+01	
0.27550000	3.53679272e+01	
0.27708333	3.53888945e+01	
0.27866667	3.52898643e+01	
0.28025000	3.54264809e+01	
0.28183333	3.53761916e+01	
0.28341667	3.53579678e+01	
0.28500000	3.50752485e+01	
0.28658333	3.49403606e+01	
0.28816667	3.46395717e+01	
0.28975000	3.42374711e+01	
0.29133333	3.41340474e+01	
0.29291667	3.41212994e+01	
0.29450000	3.40101600e+01	
0.29608333	3.40941083e+01	
0.29766667	3.39551052e+01	
0.29925000	3.39995316e+01	
0.30083333	3.39605546e+01	
0.30241667	3.39598406e+01	
0.30400000	3.40465400e+01	
0.30558333	3.35005430e+01	
0.30716667	3.36579429e+01	
0.30875000	3.36155008e+01	
0.31033333	3.32497953e+01	
0.31191667	3.32850328e+01	
0.31350000	3.30969504e+01	
0.31508333	3.29355593e+01	
0.31666667	3.28233224e+01	
0.31825000	3.24927868e+01	
0.31983333	3.23678508e+01	
0.32141667	3.24218007e+01	
0.32300000	3.24981010e+01	
0.32458333	3.24362775e+01	
0.32616667	3.23970412e+01	
0.32775000	3.24597779e+01	
0.32933333	3.19949783e+01	
0.33091667	3.13364607e+01	
0.33250000	3.11899372e+01	
0.33408333	3.07667848e+01	
0.33566667	3.03114879e+01	
0.33725000	3.04103227e+01	
0.33883333	2.96178663e+01	
0.34041667	2.87116828e+01	
0.34200000	2.88551640e+01	
0.34358333	2.85161553e+01	
0.34516667	2.81548902e+01	
0.34675000	2.81309989e+01	
0.34833333	2.80156671e+01	
0.34991667	2.79726219e+01	
0.35150000	2.78421330e+01	
0.35308333	2.79004105e+01	
0.35466667	2.79273310e+01	
0.35625000	2.77544940e+01	
0.35783333	2.77729264e+01	
0.35941667	2.71931408e+01	
0.36100000	2.63259963e+01	
0.36258333	2.62651650e+01	
0.36416667	2.61998652e+01	
0.36575000	2.62938500e+01	
0.36733333	2.60597777e+01	
0.36891667	2.58123016e+01	
0.37050000	2.59147406e+01	
0.37208333	2.62306397e+01	
0.37366667	2.62125606e+01	
0.37525000	2.61886411e+01	
0.37683333	2.59540709e+01	
0.37841667	2.58127507e+01	
0.38000000	2.54972143e+01	
0.38158333	2.54766509e+01	
0.38316667	2.53729491e+01	
0.38475000	2.53095848e+01	
0.38633333	2.53568450e+01	
0.38791667	2.53205364e+01	
0.38950000	2.53440706e+01	
0.39108333	2.53188151e+01	
0.39266667	2.52313997e+01	
0.39425000	2.52193714e+01	
0.39583333	2.50431651e+01	
0.39741667	2.48713185e+01	
0.39900000	2.49988608e+01	
0.40058333	2.49254093e+01	
0.40216667	2.43018079e+01	
0.40375000	2.32681253e+01	
0.40533333	2.31549076e+01	
0.40691667	2.30459780e+01	
0.40850000	2.28808737e+01	
0.41008333	2.25397416e+01	
0.41166667	2.20868894e+01	
0.41325000	2.20916474e+01	
0.41483333	2.19813611e+01	
0.41641667	2.19714074e+01	
0.41800000	2.12761039e+01	
0.41958333	2.13024569e+01	
0.42116667	2.11995593e+01	
0.42275000	2.12940628e+01	
0.42433333	2.15774641e+01	
0.42591667	2.15658455e+01	
0.42750000	2.13135851e+01	
0.42908333	2.13215244e+01	
0.43066667	2.12624125e+01	
0.43225000	2.11509819e+01	
0.43383333	2.11964851e+01	
0.43541667	2.12890568e+01	
0.43700000	2.09084366e+01	
0.43858333	2.07370785e+01	
0.44016667	2.04677330e+01	
0.44175000	2.00030273e+01	
0.44333333	2.00393153e+01	
0.44491667	2.01022361e+01	
0.44650000	2.00074264e+01	
0.44808333	1.98714617e+01	
0.44966667	1.97438630e+01	
0.45125000	1.93354899e+01	
0.45283333	1.90557153e+01	
0.45441667	1.89403798e+01	
0.45600000	1.86957054e+01	
0.45758333	1.81643901e+01	
0.45916667	1.80239419e+01	
0.46075000	1.80642775e+01	
0.46233333	1.78866525e+01	
0.46391667	1.78672673e+01	
0.46550000	1.78571933e+01	
0.46708333	1.77532077e+01	
0.46866667	1.77207063e+01	
0.47025000	1.75657154e+01	
0.47183333	1.76533356e+01	
0.47341667	1.73317427e+01	
0.47500000	1.72300309e+01	
0.47658333	1.72785746e+01	
0.47816667	1.71151239e+01	
0.47975000	1.52239987e+01	
0.48133333	1.48625805e+01	
0.48291667	1.48555319e+01	
0.48450000	1.48929106e+01	
0.48608333	1.48565259e+01	
0.48766667	1.48450125e+01	
0.48925000	1.48001397e+01	
0.49083333	1.46417148e+01	
0.49241667	1.46899530e+01	
0.49400000	1.45979244e+01	
0.49558333	1.45985746e+01	
0.49716667	1.43462710e+01	
0.49875000	1.43190151e+01	
0.50033333	1.43306375e+01	
0.50191667	1.42189720e+01	
0.50350000	1.41704077e+01	
0.50508333	1.40794370e+01	
0.50666667	1.38416779e+01	
0.50825000	1.33322525e+01	
0.50983333	1.33289537e+01	
0.51141667	1.36138631e+01	
0.51300000	1.35110407e+01	
0.51458333	1.32157670e+01	
0.51616667	1.29863202e+01	
0.51775000	1.27871350e+01	
0.51933333	1.22247022e+01	
0.52091667	1.21764602e+01	
0.52250000	1.20960840e+01	
0.52408333	1.19928097e+01	
0.52566667	1.18230508e+01	
0.52725000	1.18002578e+01	
0.52883333	1.17541881e+01	
0.53041667	1.12154483e+01	
0.53200000	1.09596091e+01	
0.53358333	1.08521152e+01	
0.53516667	1.07414766e+01	
0.53675000	1.07921220e+01	
0.53833333	1.07720388e+01	
0.53991667	1.05411000e+01	
0.54150000	1.04632381e+01	
0.54308333	1.04956193e+01	
0.54466667	1.03696968e+01	
0.54625000	1.03136103e+01	
0.54783333	1.02232588e+01	
0.54941667	9.68402295e+00	
0.55100000	9.26137504e+00	
0.55258333	9.01418832e+00	
0.55416667	8.68781870e+00	
0.55575000	8.68603259e+00	
0.55733333	8.52720455e+00	
0.55891667	8.50929548e+00	
0.56050000	8.42651029e+00	
0.56208333	8.22090407e+00	
0.56366667	7.98686375e+00	
0.56525000	7.82285636e+00	
0.56683333	7.67517157e+00	
0.56841667	7.46317207e+00	
0.57000000	7.34463874e+00	
0.57158333	7.28709407e+00	
0.57316667	7.22829413e+00	
0.57475000	7.04378164e+00	
0.57633333	6.82369107e+00	
0.57791667	6.67419433e+00	
0.57950000	6.57664762e+00	
0.58108333	6.57676319e+00	
0.58266667	6.65925476e+00	
0.58425000	6.61224074e+00	
0.58583333	6.50029565e+00	
0.58741667	6.51321750e+00	
0.58900000	6.48304192e+00	
0.59058333	6.50218840e+00	
0.59216667	6.45384255e+00	
0.59375000	6.36812123e+00	
0.59533333	6.26719349e+00	
0.59691667	5.82758970e+00	
0.59850000	5.59802970e+00	
0.60008333	5.62177442e+00	
0.60166667	5.56211290e+00	
0.60325000	5.46836486e+00	
0.60483333	4.95704069e+00	
0.60641667	4.54360100e+00	
0.60800000	4.28435964e+00	
0.60958333	4.31756344e+00	
0.61116667	4.29454548e+00	
0.61275000	4.14387194e+00	
0.61433333	4.16302875e+00	
0.61591667	4.08763655e+00	
0.61750000	4.33628242e+00	
0.61908333	4.34458772e+00	
0.62066667	4.33743010e+00	
0.62225000	3.59724145e+00	
0.62383333	3.49343911e+00	
0.62541667	3.47488080e+00	
0.62700000	3.48235411e+00	
0.62858333	3.72932943e+00	
0.63016667	3.72477653e+00	
0.63175000	3.51240167e+00	
0.63333333	3.32234856e+00	
0.63491667	3.28200311e+00	
0.63650000	3.27674342e+00	
0.63808333	3.29908208e+00	
0.63966667	3.30178216e+00	
0.64125000	3.30614762e+00	
0.64283333	3.22284191e+00	
0.64441667	2.83349435e+00	
0.64600000	2.47390261e+00	
0.64758333	2.03967173e+00	
0.64916667	2.02097883e+00	
0.65075000	1.83907340e+00	
0.65233333	1.76885057e+00	
0.65391667	1.74263467e+00	
0.65550000	1.64734445e+00	
0.65708333	1.73842424e+00	
0.65866667	1.79659878e+00	
0.66025000	1.80330176e+00	
0.66183333	1.88830643e+00	
0.66341667	2.11751621e+00	
0.66500000	1.67708067e+00	
0.66658333	1.70870330e+00	
0.66816667	1.62442549e+00	
0.66975000	1.60097733e+00	
0.67133333	1.58738920e+00	
0.67291667	1.57655107e+00	
0.67450000	1.55983654e+00	
0.67608333	1.56136239e+00	
0.67766667	1.46529586e+00	
0.67925000	1.39273010e+00	
0.68083333	1.36126696e+00	
0.68241667	1.33074186e+00	
0.68400000	1.33223988e+00	
0.68558333	5.65269426e-01	
0.68716667	5.62416080e-01	
0.68875000	4.64702394e-01	
0.69033333	1.78729798e-01	
0.69191667	9.29535504e-02	
0.69350000	1.14669180e-01	
0.69508333	1.29171554e-01	
0.69666667	-3.17483039e-03	
0.69825000	-1.02650148e-03	
0.69983333	4.90781470e-03	
0.70141667	7.91865353e-05	
0.70300000	5.52428321e-06	
0.70458333	1.08241334e-05	
0.70616667	5.34321033e-05	
0.70775000	3.05191810e-04	
0.70933333	6.80629961e-04	
0.71091667	2.54311350e-04	
0.71250000	9.46749200e-05	
0.71408333	6.57278322e-05	
0.71566667	6.04951724e-05	
0.71725000	6.39662602e-05	
0.71883333	7.19821283e-05	
0.72041667	8.36384286e-05	
0.72200000	9.15195180e-05	
0.72358333	9.12310432e-05	
0.72516667	8.20047896e-05	
0.72675000	6.98429649e-05	
0.72833333	5.95760574e-05	
0.72991667	5.19236267e-05	
0.73150000	4.66661574e-05	
0.73308333	4.18508696e-05	
0.73466667	3.80497811e-05	
0.73625000	3.56487410e-05	
0.73783333	3.36529942e-05	
0.73941667	3.17001821e-05	
0.74100000	2.92997674e-05	
0.74258333	2.68595023e-05	
0.74416667	2.48745851e-05	
0.74575000	2.28839063e-05	
0.74733333	2.10762061e-05	
0.74891667	1.92319511e-05	
0.75050000	1.77060627e-05	
0.75208333	1.61519849e-05	
0.75366667	1.45731889e-05	
0.75525000	1.32388552e-05	
0.75683333	1.24508658e-05	
0.75841667	1.21293370e-05	
0.76000000	1.21850259e-05	
0.76158333	1.23341968e-05	
0.76316667	1.22269471e-05	
0.76475000	1.18520295e-05	
0.76633333	1.15401610e-05	
0.76791667	1.07397829e-05	
0.76950000	9.77387126e-06	
0.77108333	8.89781007e-06	
0.77266667	7.93190471e-06	
0.77425000	6.90638893e-06	
0.77583333	6.03284919e-06	
0.77741667	5.46581524e-06	
0.77900000	4.87348159e-06	
0.78058333	4.24816828e-06	
0.78216667	3.80961305e-06	
0.78375000	3.46660147e-06	
0.78533333	3.35161173e-06	
0.78691667	3.13698389e-06	
0.78850000	2.69285619e-06	
0.79008333	2.50454281e-06	
0.79166667	2.29038338e-06	
0.79325000	1.74940739e-06	
0.79483333	1.42501329e-06	
0.79641667	1.19894794e-06	
0.79800000	1.26445128e-06	
0.79958333	1.01779583e-06	
0.80116667	7.70807107e-07	
0.80275000	8.60902773e-07	
0.80433333	9.26021711e-07	
0.80591667	9.79128558e-07	
0.80750000	7.57324726e-07	
0.80908333	8.95040057e-07	
0.81066667	1.10539406e-06	
0.81225000	1.04982199e-06	
0.81383333	8.55674267e-07	
0.81541667	5.73200952e-07	
0.81700000	6.31751635e-07	
0.81858333	6.31665895e-07	
0.82016667	5.47186945e-07	
0.82175000	4.24681840e-07	
0.82333333	4.45424611e-07	
0.82491667	7.78454474e-07	
0.82650000	7.94615343e-07	
0.82808333	6.36505408e-07	
0.82966667	8.12116240e-07	
0.83125000	7.13507800e-07	
0.83283333	6.11961019e-07	
0.83441667	3.74384247e-07	
0.83600000	3.15357402e-07	
0.83758333	4.56831846e-07	
0.83916667	3.84192891e-07	
0.84075000	2.93146666e-07	
0.84233333	2.33773782e-07	
0.84391667	4.64696783e-07	
0.84550000	6.28511442e-07	
0.84708333	5.55699663e-07	
0.84866667	7.42329717e-07	
0.85025000	8.17561141e-07	
0.85183333	8.08701655e-07	
0.85341667	6.73149141e-07	
0.85500000	3.88384903e-07	
0.85658333	4.14613708e-07	
0.85816667	3.82507047e-07	
0.85975000	2.90544845e-07	
0.86133333	2.46650439e-07	
0.86291667	3.15140869e-07	
0.86450000	6.00553027e-07	
0.86608333	5.39754795e-07	
0.86766667	5.64300305e-07	
0.86925000	6.68307555e-07	
0.87083333	6.12997906e-07	
0.87241667	7.45355141e-07	
0.87400000	4.37083652e-07	
0.87558333	2.20032767e-07	
0.87716667	2.95048287e-07	
0.87875000	2.35156708e-07	
0.88033333	2.69250953e-07	
0.88191667	2.52874139e-07	
0.88350000	4.70054964e-07	
0.88508333	7.65015887e-07	
0.88666667	6.28942717e-07	
0.88825000	5.88410954e-07	
0.88983333	6.27992859e-07	
0.89141667	7.32133339e-07	
0.89300000	6.53487106e-07	
0.89458333	4.55189657e-07	
0.89616667	3.31517571e-07	
0.89775000	4.24293798e-07	
0.89933333	3.74168525e-07	
0.90091667	4.58992955e-07	
0.90250000	3.12937450e-07	
0.90408333	5.53712357e-07	
0.90566667	6.70512822e-07	
0.90725000	6.55604673e-07	
0.90883333	6.48604135e-07	
0.91041667	6.94711732e-07	
0.91200000	7.63806905e-07	
0.91358333	6.16368977e-07	
0.91516667	5.37637508e-07	
0.91675000	4.29997010e-07	
0.91833333	3.42623150e-07	
0.91991667	3.91755806e-07	
0.92150000	1.94529685e-07	
0.92308333	2.82638382e-07	
0.92466667	4.34707158e-07	
0.92625000	5.19921337e-07	
0.92783333	4.31811828e-07	
0.92941667	4.39460287e-07	
0.93100000	7.25477777e-07	
0.93258333	6.44759619e-07	
0.93416667	4.22003156e-07	
0.93575000	3.11943321e-07	
0.93733333	1.68351464e-07	
0.93891667	2.37057685e-07	
0.94050000	2.44101177e-07	
0.94208333	2.17396967e-07	
0.94366667	4.70789157e-07	
0.94525000	6.94971304e-07	
0.94683333	7.82689664e-07	
0.94841667	7.59788724e-07	
0.95000000	7.33947485e-07	
0.95158333	8.65915726e-07	
0.95316667	6.31276286e-07	
0.95475000	4.32331111e-07	
0.95633333	2.11174374e-07	
0.95791667	2.19686658e-07	
0.95950000	2.26471068e-07	
0.96108333	7.57325762e-08	
0.96266667	2.82430249e-07	
0.96425000	4.94469651e-07	
0.96583333	6.03407139e-07	
0.96741667	6.73884006e-07	
0.96900000	5.92818128e-07	
0.97058333	6.30368821e-07	
0.97216667	6.96525710e-07	
0.97375000	5.81195367e-07	
0.97533333	5.25711885e-07	
0.97691667	2.86059576e-07	
0.97850000	3.15270738e-07	
0.98008333	1.98513395e-07	
0.98166667	9.60156993e-08	
0.98325000	2.68992166e-07	
0.98483333	4.32720580e-07	
0.98641667	6.60919368e-07	
0.98800000	6.27862709e-07	
0.98958333	5.58163101e-07	
0.99116667	5.19055538e-07	
0.99275000	5.70133358e-07	
0.99433333	4.78609852e-07	
0.99591667	4.07094363e-07	
0.99750000	2.61559316e-07	
0.99908333	2.71238063e-07	
1.00066667	2.60954097e-07	
1.00225000	3.32167145e-07	
1.00383333	4.25115579e-07	
1.00541667	5.85774860e-07	
1.00700000	7.05471663e-07	
1.00858333	6.81488195e-07	
1.01016667	6.56038077e-07	
1.01175000	6.50895086e-07	
1.01333333	4.84444865e-07	
1.01491667	3.76631152e-07	
1.01650000	2.26428562e-07	
1.01808333	2.43669958e-07	
1.01966667	2.56503073e-07	
1.02125000	3.32599176e-07	
1.02283333	3.91410075e-07	
1.02441667	5.20179005e-07	
1.02600000	7.19427545e-07	
1.02758333	5.19877151e-07	
1.02916667	6.15634672e-07	
1.03075000	6.79199932e-07	
1.03233333	6.71204677e-07	
1.03391667	4.82197485e-07	
1.03550000	2.85065615e-07	
1.03708333	2.95696124e-07	
1.03866667	2.58576987e-07	
1.04025000	1.69777596e-07	
1.04183333	1.30369216e-07	
1.04341667	2.98936710e-07	
1.04500000	5.58335645e-07	
1.04658333	6.30974320e-07	
1.04816667	6.26004769e-07	
1.04975000	7.15019083e-07	
1.05133333	7.50887013e-07	
1.05291667	6.72673175e-07	
1.05450000	5.13655216e-07	
1.05608333	3.56537646e-07	
1.05766667	4.11243729e-07	
1.05925000	3.39235278e-07	
1.06083333	2.97338398e-07	
1.06241667	3.01314660e-07	
1.06400000	4.74547541e-07	
1.06558333	6.01115012e-07	
1.06716667	5.05185676e-07	
1.06875000	5.70305510e-07	
1.07033333	5.12618498e-07	
1.07191667	5.84392382e-07	
1.07350000	4.71177478e-07	
1.07508333	1.64099683e-07	
1.07666667	3.15660124e-07	
1.07825000	2.87572400e-07	
1.07983333	2.91591252e-07	
1.08141667	2.83898551e-07	
1.08300000	2.41292735e-07	
1.08458333	5.71040207e-07	
1.08616667	6.27344741e-07	
1.08775000	5.22340702e-07	
1.08933333	6.26696064e-07	
1.09091667	7.51189874e-07	
1.09250000	7.91721245e-07	
1.09408333	4.98704337e-07	
1.09566667	3.45216430e-07	
1.09725000	3.12418474e-07	
1.09883333	2.91892965e-07	
1.10041667	3.29530210e-07	
1.10200000	3.57878178e-07	
1.10358333	5.52632685e-07	
1.10516667	6.87926468e-07	
1.10675000	6.16411595e-07	
1.10833333	6.17362350e-07	
1.10991667	5.56131330e-07	
1.11150000	6.29893864e-07	
1.11308333	5.30766896e-07	
1.11466667	2.16878369e-07	
1.11625000	8.07181579e-08	
1.11783333	1.40652957e-07	
1.11941667	2.43193880e-07	
1.12100000	1.25269641e-07	
1.12258333	5.50941066e-08	
1.12416667	4.18201201e-07	
1.12575000	4.72257431e-07	
1.12733333	6.16281445e-07	
1.12891667	5.66633257e-07	
1.13050000	6.13301383e-07	
1.13208333	8.36229130e-07	
1.13366667	5.08816151e-07	
1.13525000	2.97467960e-07	
1.13683333	3.80823724e-07	
1.13841667	3.30394861e-07	
1.14000000	4.56874828e-07	
1.14158333	3.37352053e-07	
1.14316667	3.15356982e-07	
1.14475000	5.12143316e-07	
1.14633333	5.63132148e-07	
1.14791667	6.53747686e-07	
1.14950000	6.13301495e-07	
1.15108333	7.48466976e-07	
1.15266667	6.35208894e-07	
1.15425000	3.27542849e-07	
1.15583333	2.99714500e-07	
1.15741667	3.04899885e-07	
1.15900000	4.97278289e-07	
1.16058333	2.94141354e-07	
1.16216667	1.19911951e-07	
1.16375000	2.44490422e-07	
1.16533333	5.33272952e-07	
1.16691667	6.51457519e-07	
1.16850000	5.99256625e-07	
1.17008333	6.19782106e-07	
1.17166667	7.92455606e-07	
1.17325000	6.01720736e-07	
1.17483333	4.09818269e-07	
1.17641667	3.29746716e-07	
1.17800000	4.05280105e-07	
1.17958333	5.93250468e-07	
1.18116667	3.21795143e-07	
1.18275000	3.47481116e-07	
1.18433333	3.94392097e-07	
1.18591667	4.86906512e-07	
1.18750000	6.08417628e-07	
1.18908333	5.12963473e-07	
1.19066667	6.92031844e-07	
1.19225000	6.80191737e-07	
1.19383333	5.61058431e-07	
1.19541667	3.97156381e-07	
1.19700000	2.54385058e-07	
1.19858333	2.01538371e-07	
1.20016667	9.56438846e-08	
1.20175000	1.87494089e-07	
1.20333333	3.99403986e-07	
1.20491667	5.33228206e-07	
1.20650000	6.68265722e-07	
1.20808333	6.19652404e-07	
1.20966667	6.22547846e-07	
1.21125000	6.83606154e-07	
1.21283333	6.61740869e-07	
1.21441667	4.96370433e-07	
1.21600000	2.71886628e-07	
1.21758333	2.59398179e-07	
1.21916667	2.79966838e-07	
1.22075000	2.08105884e-07	
1.22233333	3.25123037e-07	
1.22391667	3.72180800e-07	
1.22550000	5.46582902e-07	
1.22708333	4.94123948e-07	
1.22866667	4.49745456e-07	
1.23025000	6.40870076e-07	
1.23183333	5.79899077e-07	
1.23341667	4.91400602e-07	
1.23500000	4.05280721e-07	
1.23658333	2.89300553e-07	
1.23816667	4.56400235e-07	
1.23975000	2.51534083e-07	
1.24133333	1.68913351e-07	
1.24291667	2.50151044e-07	
1.24450000	3.89680605e-07	
1.24608333	6.83432826e-07	
1.24766667	5.83872735e-07	
1.24925000	6.75568169e-07	
1.25083333	8.49973939e-07	
1.25241667	7.97122855e-07	
1.25400000	7.37489644e-07	
1.25558333	4.00613528e-07	
1.25716667	2.90985585e-07	
1.25875000	3.31217006e-07	
1.26033333	2.93319741e-07	
1.26191667	3.22055471e-07	
1.26350000	3.10085830e-07	
1.26508333	5.25841531e-07	
1.26666667	5.47965100e-07	
1.26825000	4.98704001e-07	
1.26983333	4.62492244e-07	
1.27141667	3.65351938e-07	
1.27300000	4.58257138e-07	
1.27458333	3.29271563e-07	
1.27616667	2.86016566e-07	
1.27775000	4.17595534e-07	
1.27933333	4.01694684e-07	
1.28091667	3.44265983e-07	
1.28250000	2.95350057e-07	
1.28408333	4.33885965e-07	
1.28566667	5.61447537e-07	
1.28725000	5.28908957e-07	
1.28883333	6.22072161e-07	
1.29041667	5.80374034e-07	
1.29200000	6.91600681e-07	
1.29358333	6.34863023e-07	
1.29516667	3.27975020e-07	
1.29675000	3.83458530e-07	
1.29833333	2.65318373e-07	
1.29991667	2.01840533e-07	
1.30150000	1.46063262e-07	
1.30308333	2.25088534e-07	
1.30466667	4.81721295e-07	
1.30625000	5.83743201e-07	
1.30783333	5.88972212e-07	
1.30941667	5.81583688e-07	
1.31100000	6.55951497e-07	
1.31258333	7.74436126e-07	
1.31416667	4.85999831e-07	
1.31575000	3.38000002e-07	
@ 
0.00000000	3.45691443e-07	
0.00158333	3.65223468e-07	
0.00316667	4.49572717e-07	
0.00475000	3.01011043e-07	
0.00633333	3.90588882e-07	
0.00791667	5.26014299e-07	
0.00950000	3.73261061e-07	
0.01108333	4.35096179e-07	
0.01266667	4.28311783e-07	
0.01425000	5.04840141e-07	
0.01583333	5.21087534e-07	
0.01741667	1.23800359e-07	
0.01900000	1.47480966e-07	
0.02058333	1.79328265e-07	
0.02216667	1.68420893e-07	
0.02375000	1.16065901e-07	
0.02533333	8.59471825e-08	
0.02691667	3.64747699e-07	
0.02850000	3.56148485e-07	
0.03008333	3.80390348e-07	
0.03166667	5.40706054e-07	
0.03325000	4.45078207e-07	
0.03483333	5.16809334e-07	
0.03641667	3.04165524e-07	
0.03800000	1.08849375e-07	
0.03958333	2.24742592e-07	
0.04116667	1.63814672e-07	
0.04275000	1.69777862e-07	
0.04433333	9.33189473e-08	
0.04591667	2.42676137e-07	
0.04750000	3.11511262e-07	
0.04908333	3.02091639e-07	
0.05066667	4.19755551e-07	
0.05225000	3.41543029e-07	
0.05383333	4.40152310e-07	
0.05541667	4.28484718e-07	
0.05700000	1.96309921e-07	
0.05858333	2.01884299e-07	
0.06016667	1.55086275e-07	
0.06175000	9.88248483e-08	
0.06333333	3.97548503e-08	
0.06491667	5.79288208e-08	
0.06650000	2.12383888e-07	
0.06808333	3.40851790e-07	
0.06966667	3.81687087e-07	
0.07125000	4.33497923e-07	
0.07283333	5.09938609e-07	
0.07441667	6.40610001e-07	
0.07600000	4.76838548e-07	
0.07758333	2.16619204e-07	
0.07916667	6.95705007e-08	
0.08075000	1.53011508e-07	
0.08233333	2.61170715e-07	
0.08391667	9.85044160e-08	
0.08550000	2.04736185e-07	
0.08708333	3.57012967e-07	
0.08866667	5.25884765e-07	
0.09025000	5.35563175e-07	
0.09183333	3.91970772e-07	
0.09341667	4.14700484e-07	
0.09500000	4.05815909e-07	
0.09658333	2.74090887e-07	
0.09816667	1.36202157e-07	
0.09975000	1.37584790e-07	
0.10133333	2.01494983e-07	
0.10291667	1.99598469e-09	
0.10450000	-7.29847499e-08	
0.10608333	8.44777956e-08	
0.10766667	2.12254480e-07	
0.10925000	2.83510145e-07	
0.11083333	1.94235517e-07	
0.11241667	2.91331148e-07	
0.11400000	5.70045994e-07	
0.11558333	3.54463761e-07	
0.11716667	1.74141900e-07	
0.11875000	7.99411160e-08	
0.12033333	2.23832401e-08	
0.12191667	5.76962004e-08	
0.12350000	-1.43496961e-07	
0.12508333	5.73662861e-08	
0.12666667	2.30965494e-07	
0.12825000	3.88212051e-07	
0.12983333	4.21744060e-07	
0.13141667	4.45078543e-07	
0.13300000	4.72518290e-07	
0.13458333	6.33611087e-07	
0.13616667	5.63996323e-07	
0.13775000	2.54472086e-07	
0.13933333	1.84383401e-07	
0.14091667	1.88488134e-07	
0.14250000	4.31594916e-08	
0.14408333	2.75253908e-08	
0.14566667	7.12990602e-08	
0.14725000	3.36660450e-07	
0.14883333	4.25460023e-07	
0.15041667	4.15954044e-07	
0.15200000	4.06404748e-07	
0.15358333	4.68758898e-07	
0.15516667	3.83415996e-07	
0.15675000	1.38406010e-07	
0.15833333	-4.17440018e-09	
0.15991667	-1.01110726e-08	
0.16150000	6.09249938e-09	
0.16308333	9.92136493e-09	
0.16466667	1.62907757e-08	
0.16625000	8.59477215e-08	
0.16783333	3.87045575e-07	
0.16941667	4.51301626e-07	
0.17100000	4.28052967e-07	
0.17258333	4.21484628e-07	
0.17416667	3.87736030e-07	
0.17575000	5.37983716e-07	
0.17733333	2.79535395e-07	
0.17891667	1.76000651e-07	
0.18050000	2.23058037e-07	
0.18208333	1.29945263e-07	
0.18366667	-2.75691375e-08	
0.18525000	2.37486409e-08	
0.18683333	1.77642323e-07	
0.18841667	3.40981548e-07	
0.19000000	2.25866619e-07	
0.19158333	3.00578759e-07	
0.19316667	3.32425764e-07	
0.19475000	4.55188985e-07	
0.19633333	4.16601629e-07	
0.19791667	9.09681018e-08	
0.19950000	1.60012270e-07	
0.20108333	7.44699085e-08	
0.20266667	1.12349539e-07	
0.20425000	2.79756668e-08	
0.20583333	1.45898825e-07	
0.20741667	4.20836735e-07	
0.20900000	4.32157923e-07	
0.21058333	3.45994893e-07	
0.21216667	4.68325494e-07	
0.21375000	5.87330946e-07	
0.21533333	5.83484861e-07	
0.21691667	2.65621123e-07	
0.21850000	1.16756783e-07	
0.22008333	9.20834199e-08	
0.22166667	4.61068373e-08	
0.22325000	2.02494271e-08	
0.22483333	-4.48019823e-08	
0.22641667	2.12298218e-07	
0.22800000	4.56053523e-07	
0.22958333	4.67158486e-07	
0.23116667	4.05107365e-07	
0.23275000	2.51966114e-07	
0.23433333	3.78281658e-07	
0.23591667	2.80053026e-07	
0.23750000	1.25746039e-08	
0.23908333	2.39824461e-08	
0.24066667	1.85810934e-09	
0.24225000	1.02938387e-07	
0.24383333	1.16843818e-07	
0.24541667	1.33221214e-07	
0.24700000	4.07139025e-07	
0.24858333	4.13663457e-07	
0.25016667	4.66035075e-07	
0.25175000	4.99741056e-07	
0.25333333	5.15728709e-07	
0.25491667	5.58637498e-07	
0.25650000	2.87960973e-07	
0.25808333	1.46054708e-07	
0.25966667	-1.71896248e-08	
0.26125000	1.80276359e-08	
0.26283333	5.84736868e-08	
0.26441667	-7.84898809e-08	
0.26600000	6.24407158e-08	
0.26758333	2.85368365e-07	
0.26916667	4.21571264e-07	
0.27075000	4.24811486e-07	
0.27233333	3.45864435e-07	
0.27391667	5.28433663e-07	
0.27550000	3.73519680e-07	
0.27708333	1.15244932e-07	
0.27866667	1.18943835e-07	
0.28025000	7.63113271e-08	
0.28183333	6.77120503e-08	
0.28341667	-8.64227279e-09	
0.28500000	-4.09301891e-08	
0.28658333	1.80019392e-07	
0.28816667	3.13412687e-07	
0.28975000	4.22047006e-07	
0.29133333	3.57186351e-07	
0.29291667	4.34578380e-07	
0.29450000	5.22772873e-07	
0.29608333	2.80960799e-07	
0.29766667	1.08936158e-07	
0.29925000	-2.52353816e-08	
0.30083333	-3.03345171e-08	
0.30241667	5.30980826e-08	
0.30400000	-4.52338247e-08	
0.30558333	1.94754367e-07	
0.30716667	2.39261916e-07	
0.30875000	4.30948661e-07	
0.31033333	4.30342406e-07	
0.31191667	2.97424838e-07	
0.31350000	3.61075082e-07	
0.31508333	4.00052159e-07	
0.31666667	2.46996563e-07	
0.31825000	8.55586021e-08	
0.31983333	-9.42697510e-08	
0.32141667	-1.18917022e-08	
0.32300000	-3.38262003e-08	
0.32458333	-1.05780364e-08	
0.32616667	1.04095623e-07	
0.32775000	2.87139780e-07	
0.32933333	5.35131172e-07	
0.33091667	3.80260871e-07	
0.33250000	4.87166420e-07	
0.33408333	5.21475127e-07	
0.33566667	4.07483944e-07	
0.33725000	2.90121326e-07	
0.33883333	1.47463283e-07	
0.34041667	1.87105670e-07	
0.34200000	1.58456842e-07	
0.34358333	-2.57535562e-09	
0.34516667	1.12825071e-07	
0.34675000	1.39097235e-07	
0.34833333	3.00708545e-07	
0.34991667	3.29444106e-07	
0.35150000	2.75992284e-07	
0.35308333	3.77495158e-07	
0.35466667	3.90933745e-07	
0.35625000	3.41457205e-07	
0.35783333	-1.07165201e-08	
0.35941667	-3.61934090e-08	
0.36100000	1.10223474e-07	
0.36258333	1.05305837e-07	
0.36416667	4.97796361e-08	
0.36575000	1.44247731e-07	
0.36733333	2.60435374e-07	
0.36891667	5.07173373e-07	
0.37050000	3.52173846e-07	
0.37208333	4.80425565e-07	
0.37366667	3.84711894e-07	
0.37525000	3.15831940e-07	
0.37683333	2.70892107e-07	
0.37841667	-4.84842595e-08	
0.38000000	-4.62190524e-08	
0.38158333	4.14657096e-08	
0.38316667	1.83901927e-08	
0.38475000	-1.39139250e-08	
0.38633333	2.88220030e-08	
0.38791667	2.31743565e-07	
0.38950000	2.92152565e-07	
0.39108333	3.26289541e-07	
0.39266667	2.44706536e-07	
0.39425000	3.34033820e-07	
0.39583333	4.79647802e-07	
0.39741667	1.97260129e-07	
0.39900000	1.35770210e-07	
0.40058333	1.94148882e-07	
0.40216667	4.00310582e-08	
0.40375000	1.27903990e-08	
0.40533333	-6.00033534e-08	
0.40691667	2.33644108e-07	
0.40850000	3.44827857e-07	
0.41008333	3.63927346e-07	
0.41166667	4.48837376e-07	
0.41325000	3.91496011e-07	
0.41483333	3.39729248e-07	
0.41641667	2.58836390e-07	
0.41800000	2.95129533e-08	
0.41958333	9.12192591e-08	
0.42116667	-1.17282213e-08	
0.42275000	8.36144608e-08	
0.42433333	1.50151025e-07	
0.42591667	9.03113323e-08	
0.42750000	3.99922597e-07	
0.42908333	3.80433302e-07	
0.43066667	4.10421836e-07	
0.43225000	2.90380870e-07	
0.43383333	2.81868040e-07	
0.43541667	3.95600771e-07	
0.43700000	8.01053924e-08	
0.43858333	-2.86927195e-08	
0.44016667	6.61149523e-09	
0.44175000	-1.95307998e-09	
0.44333333	8.13237971e-08	
0.44491667	-2.70507310e-08	
0.44650000	2.18606747e-07	
0.44808333	2.41854580e-07	
0.44966667	2.58750258e-07	
0.45125000	4.55664894e-07	
0.45283333	3.82119258e-07	
0.45441667	4.74678363e-07	
0.45600000	3.67902544e-07	
0.45758333	8.77622940e-08	
0.45916667	2.22192742e-07	
0.46075000	2.72620737e-07	
0.46233333	3.05331608e-07	
0.46391667	1.92542492e-07	
0.46550000	2.47860878e-07	
0.46708333	6.34906761e-07	
0.46866667	6.91425561e-07	
0.47025000	8.27498394e-07	
0.47183333	6.78722735e-07	
0.47341667	8.13154863e-07	
0.47500000	9.47800305e-07	
0.47658333	9.13576665e-07	
0.47816667	8.72085299e-07	
0.47975000	1.07938045e-06	
0.48133333	1.22409811e-06	
0.48291667	1.33968573e-06	
0.48450000	1.50867197e-06	
0.48608333	2.16328366e-06	
0.48766667	2.95272980e-06	
0.48925000	3.59259906e-06	
0.49083333	4.47445920e-06	
0.49241667	5.81708540e-06	
0.49400000	8.03304346e-06	
0.49558333	1.05665864e-05	
0.49716667	1.34462580e-05	
0.49875000	1.66594824e-05	
0.50033333	2.08000645e-05	
0.50191667	2.67455636e-05	
0.50350000	3.41098457e-05	
0.50508333	4.36694226e-05	
0.50666667	5.65077541e-05	
0.50825000	7.42379705e-05	
0.50983333	1.03193839e-04	
0.51141667	1.91103384e-04	
0.51300000	3.77323362e-04	
0.51458333	4.25533508e-04	
0.51616667	3.96911403e-04	
0.51775000	5.36328894e-04	
0.51933333	5.76111932e-04	
0.52091667	4.53033254e-04	
0.52250000	6.03829309e-04	
0.52408333	8.37000246e-04	
0.52566667	8.80117242e-04	
0.52725000	9.45846680e-04	
0.52883333	1.17058062e-03	
0.53041667	1.38919229e-03	
0.53200000	1.63060485e-03	
0.53358333	1.96154344e-03	
0.53516667	2.36893831e-03	
0.53675000	5.20542323e-03	
0.53833333	8.96302349e-03	
0.53991667	1.37629922e-02	
0.54150000	2.19305719e-02	
0.54308333	2.35442788e-02	
0.54466667	2.81547268e-02	
0.54625000	2.53204150e-02	
0.54783333	3.79784572e-02	
0.54941667	3.57238248e-02	
0.55100000	4.07729878e-02	
0.55258333	5.01148969e-02	
0.55416667	6.22364210e-02	
0.55575000	7.90042140e-02	
0.55733333	9.71175539e-02	
0.55891667	1.97535907e-01	
0.56050000	5.02225822e-01	
0.56208333	3.06366659e-01	
0.56366667	2.96872254e-01	
0.56525000	3.50335013e-01	
0.56683333	3.85875633e-01	
0.56841667	5.83287605e-01	
0.57000000	1.13144553e+00	
0.57158333	1.26967393e+00	
0.57316667	1.41528744e+00	
0.57475000	1.99882245e+00	
0.57633333	3.13216555e+00	
0.57791667	3.60750668e+00	
0.57950000	4.65128516e+00	
0.58108333	5.16149877e+00	
0.58266667	5.54989854e+00	
0.58425000	6.74150157e+00	
0.58583333	7.73271954e+00	
0.58741667	8.33795148e+00	
0.58900000	8.80026787e+00	
0.59058333	9.70539902e+00	
0.59216667	9.94538116e+00	
0.59375000	1.05289119e+01	
0.59533333	1.13529566e+01	
0.59691667	1.16599082e+01	
0.59850000	1.23620019e+01	
0.60008333	1.31675475e+01	
0.60166667	1.34470948e+01	
0.60325000	1.46684417e+01	
0.60483333	1.51352360e+01	
0.60641667	1.60672707e+01	
0.60800000	1.62891568e+01	
0.60958333	1.71020864e+01	
0.61116667	1.74433050e+01	
0.61275000	1.78008325e+01	
0.61433333	1.81287279e+01	
0.61591667	1.86983419e+01	
0.61750000	1.85943883e+01	
0.61908333	1.98434946e+01	
0.62066667	2.07470022e+01	
0.62225000	2.12307905e+01	
0.62383333	2.17607961e+01	
0.62541667	2.18770693e+01	
0.62700000	2.26346321e+01	
0.62858333	2.38492207e+01	
0.63016667	2.40465672e+01	
0.63175000	2.42621507e+01	
0.63333333	2.47318323e+01	
0.63491667	2.50679584e+01	
0.63650000	2.53887545e+01	
0.63808333	2.67682464e+01	
0.63966667	2.80674542e+01	
0.64125000	2.82353885e+01	
0.64283333	2.96556349e+01	
0.64441667	3.05192166e+01	
0.64600000	3.04947334e+01	
0.64758333	3.08134155e+01	
0.64916667	3.11787414e+01	
0.65075000	3.19466658e+01	
0.65233333	3.28409111e+01	
0.65391667	3.30599165e+01	
0.65550000	3.34888360e+01	
0.65708333	3.33769149e+01	
0.65866667	3.34544479e+01	
0.66025000	3.34590104e+01	
