start voltage : 0.00 V 
set voltage : 0.10 V 
High G : 30.00 G0 
Intermediate G : 20.00 G0 
Low G : 10.00 G0 
Breaking speed 1 : 300.00 V/s 
Breaking speed 2 : 300.00 V/s 
Making speed : 500.00 V/s 
Post breaking : 230.00 V/s 
@ 
0.00000000	4.75014595e+01	
0.00158333	4.79265268e+01	
0.00316667	4.81070513e+01	
0.00475000	4.80539207e+01	
0.00633333	4.80370837e+01	
0.00791667	4.80476557e+01	
0.00950000	4.79532781e+01	
0.01108333	4.78643688e+01	
0.01266667	4.80516319e+01	
0.01425000	4.79368169e+01	
0.01583333	4.81909019e+01	
0.01741667	4.80482006e+01	
0.01900000	4.81852533e+01	
0.02058333	4.81046761e+01	
0.02216667	4.82624443e+01	
0.02375000	4.81073256e+01	
0.02533333	4.79982645e+01	
0.02691667	4.81590769e+01	
0.02850000	4.82601818e+01	
0.03008333	4.80840695e+01	
0.03166667	4.82557094e+01	
0.03325000	4.79765568e+01	
0.03483333	4.80450700e+01	
0.03641667	4.80777932e+01	
0.03800000	4.79272108e+01	
0.03958333	4.80961373e+01	
0.04116667	4.79951940e+01	
0.04275000	4.79768086e+01	
0.04433333	4.80272220e+01	
0.04591667	4.79228888e+01	
0.04750000	4.79933299e+01	
0.04908333	4.77299282e+01	
0.05066667	4.79974640e+01	
0.05225000	4.78900040e+01	
0.05383333	4.77529551e+01	
0.05541667	4.78865200e+01	
0.05700000	4.78681722e+01	
0.05858333	4.78503204e+01	
0.06016667	4.78278423e+01	
0.06175000	4.78168982e+01	
0.06333333	4.77490615e+01	
0.06491667	4.77526093e+01	
0.06650000	4.78702242e+01	
0.06808333	4.78024213e+01	
0.06966667	4.76510798e+01	
0.07125000	4.78469718e+01	
0.07283333	4.72989341e+01	
0.07441667	4.75936798e+01	
0.07600000	4.74965512e+01	
0.07758333	4.73736935e+01	
0.07916667	4.74068865e+01	
0.08075000	4.72769370e+01	
0.08233333	4.74677591e+01	
0.08391667	4.73522037e+01	
0.08550000	4.73902524e+01	
0.08708333	4.74180185e+01	
0.08866667	4.72327999e+01	
0.09025000	4.72564582e+01	
0.09183333	4.69807932e+01	
0.09341667	4.71769408e+01	
0.09500000	4.72007156e+01	
0.09658333	4.71136554e+01	
0.09816667	4.74271022e+01	
0.09975000	4.71414365e+01	
0.10133333	4.71020123e+01	
0.10291667	4.71773204e+01	
0.10450000	4.68672974e+01	
0.10608333	4.70585104e+01	
0.10766667	4.68793013e+01	
0.10925000	4.68909331e+01	
0.11083333	4.68339315e+01	
0.11241667	4.70686389e+01	
0.11400000	4.69725288e+01	
0.11558333	4.68805866e+01	
0.11716667	4.69507196e+01	
0.11875000	4.69036586e+01	
0.12033333	4.67093488e+01	
0.12191667	4.66966158e+01	
0.12350000	4.64582628e+01	
0.12508333	4.64974841e+01	
0.12666667	4.64441318e+01	
0.12825000	4.64308914e+01	
0.12983333	4.67339654e+01	
0.13141667	4.65095368e+01	
0.13300000	4.63901969e+01	
0.13458333	4.62742394e+01	
0.13616667	4.61341876e+01	
0.13775000	4.63822820e+01	
0.13933333	4.62884456e+01	
0.14091667	4.63560944e+01	
0.14250000	4.62262050e+01	
0.14408333	4.60767801e+01	
0.14566667	4.62213080e+01	
0.14725000	4.62466612e+01	
0.14883333	4.62736155e+01	
0.15041667	4.62044108e+01	
0.15200000	4.60260624e+01	
0.15358333	4.59762240e+01	
0.15516667	4.57473118e+01	
0.15675000	4.59395584e+01	
0.15833333	4.54418664e+01	
0.15991667	4.51468651e+01	
0.16150000	4.51583053e+01	
0.16308333	4.50038406e+01	
0.16466667	4.47567271e+01	
0.16625000	4.44008457e+01	
0.16783333	4.42383534e+01	
0.16941667	4.39715880e+01	
0.17100000	4.36874256e+01	
0.17258333	4.36260343e+01	
0.17416667	4.33019779e+01	
0.17575000	4.33501476e+01	
0.17733333	4.32547779e+01	
0.17891667	4.30698787e+01	
0.18050000	4.32242006e+01	
0.18208333	4.29546503e+01	
0.18366667	4.31226974e+01	
0.18525000	4.28870016e+01	
0.18683333	4.26398167e+01	
0.18841667	4.28385049e+01	
0.19000000	4.27932404e+01	
0.19158333	4.27215176e+01	
0.19316667	4.26799550e+01	
0.19475000	4.26728030e+01	
0.19633333	4.27053984e+01	
0.19791667	4.25193981e+01	
0.19950000	4.21185153e+01	
0.20108333	4.18930870e+01	
0.20266667	4.11812115e+01	
0.20425000	4.13741571e+01	
0.20583333	4.10784230e+01	
0.20741667	4.11177382e+01	
0.20900000	4.09823354e+01	
0.21058333	4.06583805e+01	
0.21216667	4.05434978e+01	
0.21375000	4.06538330e+01	
0.21533333	4.07432008e+01	
0.21691667	4.04982521e+01	
0.21850000	4.03678779e+01	
0.22008333	4.05208242e+01	
0.22166667	4.03815542e+01	
0.22325000	4.03314979e+01	
0.22483333	4.01585838e+01	
0.22641667	3.99228579e+01	
0.22800000	3.99426490e+01	
0.22958333	3.99204451e+01	
0.23116667	4.01056900e+01	
0.23275000	3.98424649e+01	
0.23433333	3.97270147e+01	
0.23591667	3.97206031e+01	
0.23750000	3.93890866e+01	
0.23908333	3.96148982e+01	
0.24066667	3.97320508e+01	
0.24225000	3.95330620e+01	
0.24383333	3.93161537e+01	
0.24541667	3.92905449e+01	
0.24700000	3.88576003e+01	
0.24858333	3.87346110e+01	
0.25016667	3.84611973e+01	
0.25175000	3.82855698e+01	
0.25333333	3.79749755e+01	
0.25491667	3.81010991e+01	
0.25650000	3.80227881e+01	
0.25808333	3.79167149e+01	
0.25966667	3.77332401e+01	
0.26125000	3.75685454e+01	
0.26283333	3.75060117e+01	
0.26441667	3.68395473e+01	
0.26600000	3.61742930e+01	
0.26758333	3.59342789e+01	
0.26916667	3.57940693e+01	
0.27075000	3.60525139e+01	
0.27233333	3.57983049e+01	
0.27391667	3.57150480e+01	
0.27550000	3.57949300e+01	
0.27708333	3.51278868e+01	
0.27866667	3.49506132e+01	
0.28025000	3.47816829e+01	
0.28183333	3.43609339e+01	
0.28341667	3.42513955e+01	
0.28500000	3.44181234e+01	
0.28658333	3.44611255e+01	
0.28816667	3.41329124e+01	
0.28975000	3.39714799e+01	
0.29133333	3.39877908e+01	
0.29291667	3.39258771e+01	
0.29450000	3.31417527e+01	
0.29608333	3.28741041e+01	
0.29766667	3.29106006e+01	
0.29925000	3.29265394e+01	
0.30083333	3.24315308e+01	
0.30241667	3.23415617e+01	
0.30400000	3.21104322e+01	
0.30558333	3.15358799e+01	
0.30716667	3.11145540e+01	
0.30875000	3.09326896e+01	
0.31033333	3.09769714e+01	
0.31191667	3.09008816e+01	
0.31350000	3.08178295e+01	
0.31508333	3.06909994e+01	
0.31666667	3.06485235e+01	
0.31825000	3.05055948e+01	
0.31983333	3.03407986e+01	
0.32141667	3.02611929e+01	
0.32300000	3.02725128e+01	
0.32458333	3.00612908e+01	
0.32616667	3.00111818e+01	
0.32775000	2.99034944e+01	
0.32933333	2.99112045e+01	
0.33091667	2.92040681e+01	
0.33250000	2.86228073e+01	
0.33408333	2.85522534e+01	
0.33566667	2.81550612e+01	
0.33725000	2.81195287e+01	
0.33883333	2.80726481e+01	
0.34041667	2.78475506e+01	
0.34200000	2.75854003e+01	
0.34358333	2.71638827e+01	
0.34516667	2.66835933e+01	
0.34675000	2.70048442e+01	
0.34833333	2.71367649e+01	
0.34991667	2.72087601e+01	
0.35150000	2.70505541e+01	
0.35308333	2.70604853e+01	
0.35466667	2.66797881e+01	
0.35625000	2.67318325e+01	
0.35783333	2.66277117e+01	
0.35941667	2.63866754e+01	
0.36100000	2.66233934e+01	
0.36258333	2.63987206e+01	
0.36416667	2.61286611e+01	
0.36575000	2.60527610e+01	
0.36733333	2.57666218e+01	
0.36891667	2.53709967e+01	
0.37050000	2.47128738e+01	
0.37208333	2.44129830e+01	
0.37366667	2.41838416e+01	
0.37525000	2.38226423e+01	
0.37683333	2.38335619e+01	
0.37841667	2.37638386e+01	
0.38000000	2.36645227e+01	
0.38158333	2.36450191e+01	
0.38316667	2.37851630e+01	
0.38475000	2.38243091e+01	
0.38633333	2.37004103e+01	
0.38791667	2.37370403e+01	
0.38950000	2.34652501e+01	
0.39108333	2.28314093e+01	
0.39266667	2.25600268e+01	
0.39425000	2.22699207e+01	
0.39583333	2.21059702e+01	
0.39741667	2.19109312e+01	
0.39900000	2.19785744e+01	
0.40058333	2.08466582e+01	
0.40216667	2.04298253e+01	
0.40375000	2.03774576e+01	
0.40533333	2.03213543e+01	
0.40691667	2.01561165e+01	
0.40850000	2.01307858e+01	
0.41008333	2.02645838e+01	
0.41166667	2.03209634e+01	
0.41325000	2.01981846e+01	
0.41483333	2.02071706e+01	
0.41641667	2.03039065e+01	
0.41800000	2.01278788e+01	
0.41958333	2.04185787e+01	
0.42116667	2.03744585e+01	
0.42275000	1.99222697e+01	
0.42433333	1.98345048e+01	
0.42591667	1.97255715e+01	
0.42750000	1.97184196e+01	
0.42908333	1.94832762e+01	
0.43066667	1.87912481e+01	
0.43225000	1.85563245e+01	
0.43383333	1.83758470e+01	
0.43541667	1.83490186e+01	
0.43700000	1.80516253e+01	
0.43858333	1.78521121e+01	
0.44016667	1.78518735e+01	
0.44175000	1.73948609e+01	
0.44333333	1.72068688e+01	
0.44491667	1.66779005e+01	
0.44650000	1.66392467e+01	
0.44808333	1.69678224e+01	
0.44966667	1.67399006e+01	
0.45125000	1.69496287e+01	
0.45283333	1.70727081e+01	
0.45441667	1.68809107e+01	
0.45600000	1.63547930e+01	
0.45758333	1.57049655e+01	
0.45916667	1.49732661e+01	
0.46075000	1.47805629e+01	
0.46233333	1.46717020e+01	
0.46391667	1.47778288e+01	
0.46550000	1.42104088e+01	
0.46708333	1.39238166e+01	
0.46866667	1.37492321e+01	
0.47025000	1.39298167e+01	
0.47183333	1.37029143e+01	
0.47341667	1.34229959e+01	
0.47500000	1.36618486e+01	
0.47658333	1.34480221e+01	
0.47816667	1.34237391e+01	
0.47975000	1.32120078e+01	
0.48133333	1.28994132e+01	
0.48291667	1.29679780e+01	
0.48450000	1.28440924e+01	
0.48608333	1.27564957e+01	
0.48766667	1.27072944e+01	
0.48925000	1.25841201e+01	
0.49083333	1.21415891e+01	
0.49241667	1.20128253e+01	
0.49400000	1.14256997e+01	
0.49558333	1.14805807e+01	
0.49716667	1.15021241e+01	
0.49875000	1.14533352e+01	
0.50033333	1.11857054e+01	
0.50191667	1.10425164e+01	
0.50350000	1.09377069e+01	
0.50508333	1.04987255e+01	
0.50666667	1.03312930e+01	
0.50825000	1.02614193e+01	
0.50983333	1.01519345e+01	
0.51141667	1.01461308e+01	
0.51300000	9.84538500e+00	
0.51458333	9.55770203e+00	
0.51616667	9.99847041e+00	
0.51775000	9.92085284e+00	
0.51933333	9.82723070e+00	
0.52091667	9.72858376e+00	
0.52250000	9.65368154e+00	
0.52408333	9.16397491e+00	
0.52566667	9.06059349e+00	
0.52725000	9.06659168e+00	
0.52883333	8.94556146e+00	
0.53041667	8.92238236e+00	
0.53200000	8.40446243e+00	
0.53358333	8.41339395e+00	
0.53516667	8.37305743e+00	
0.53675000	8.13928395e+00	
0.53833333	8.02601172e+00	
0.53991667	7.88545919e+00	
0.54150000	7.80349049e+00	
0.54308333	7.69916528e+00	
0.54466667	7.04179869e+00	
0.54625000	6.67640372e+00	
0.54783333	6.52633620e+00	
0.54941667	6.58373571e+00	
0.55100000	6.56859601e+00	
0.55258333	6.38228707e+00	
0.55416667	6.32456622e+00	
0.55575000	6.20106494e+00	
0.55733333	6.29436199e+00	
0.55891667	5.97116576e+00	
0.56050000	5.64784081e+00	
0.56208333	6.09227679e+00	
0.56366667	6.16888996e+00	
0.56525000	5.73655372e+00	
0.56683333	5.67908374e+00	
0.56841667	5.64244253e+00	
0.57000000	5.65033677e+00	
0.57158333	5.74398287e+00	
0.57316667	5.56215941e+00	
0.57475000	5.15039450e+00	
0.57633333	5.12450804e+00	
0.57791667	5.02206432e+00	
0.57950000	4.88450665e+00	
0.58108333	4.81912646e+00	
0.58266667	4.77307033e+00	
0.58425000	4.65790957e+00	
0.58583333	4.48687328e+00	
0.58741667	4.17704567e+00	
0.58900000	4.02961645e+00	
0.59058333	4.09243209e+00	
0.59216667	4.06842853e+00	
0.59375000	4.13295512e+00	
0.59533333	4.08631270e+00	
0.59691667	4.19155164e+00	
0.59850000	3.96199540e+00	
0.60008333	3.84121110e+00	
0.60166667	3.85751446e+00	
0.60325000	3.88992527e+00	
0.60483333	3.65200266e+00	
0.60641667	2.72572117e+00	
0.60800000	2.42569535e+00	
0.60958333	2.51015860e+00	
0.61116667	2.36257975e+00	
0.61275000	2.48023505e+00	
0.61433333	2.35349320e+00	
0.61591667	2.34075363e+00	
0.61750000	2.32504854e+00	
0.61908333	2.31048338e+00	
0.62066667	2.20669138e+00	
0.62225000	2.02417171e+00	
0.62383333	2.07348672e+00	
0.62541667	2.07725532e+00	
0.62700000	2.05226779e+00	
0.62858333	2.06886922e+00	
0.63016667	1.88467219e+00	
0.63175000	1.91961654e+00	
0.63333333	1.84855902e+00	
0.63491667	1.65042846e+00	
0.63650000	1.54812649e+00	
0.63808333	1.50076342e+00	
0.63966667	1.09850904e+00	
0.64125000	9.05601052e-01	
0.64283333	9.15457279e-01	
0.64441667	8.93647303e-01	
0.64600000	8.79216740e-01	
0.64758333	8.26385458e-01	
0.64916667	7.38493674e-01	
0.65075000	7.76410046e-01	
0.65233333	7.37820945e-01	
0.65391667	5.49089919e-01	
0.65550000	2.19958993e-01	
0.65708333	9.94068218e-02	
0.65866667	1.20088547e-01	
0.66025000	9.01710543e-02	
0.66183333	9.70071622e-02	
0.66341667	6.48897854e-02	
0.66500000	3.80462858e-02	
0.66658333	3.64641553e-02	
0.66816667	3.42129435e-02	
0.66975000	3.59607937e-02	
0.67133333	2.90866682e-02	
0.67291667	2.36415313e-02	
0.67450000	2.29813924e-02	
0.67608333	1.95412201e-02	
0.67766667	1.56562714e-02	
0.67925000	1.16730143e-02	
0.68083333	4.50682544e-03	
0.68241667	4.36770265e-03	
0.68400000	2.77728903e-03	
0.68558333	3.20909130e-03	
0.68716667	3.24780436e-03	
0.68875000	2.40234429e-03	
0.69033333	1.97402251e-03	
0.69191667	9.85675079e-04	
0.69350000	4.30802339e-04	
0.69508333	9.18432896e-05	
0.69666667	3.30742239e-05	
0.69825000	1.33395280e-05	
0.69983333	3.03714306e-06	
0.70141667	-2.39203914e-06	
0.70300000	-4.71137940e-06	
0.70458333	-5.29851154e-06	
0.70616667	-4.80166800e-06	
0.70775000	-3.97809280e-06	
0.70933333	-3.08737956e-06	
0.71091667	-1.91873166e-06	
0.71250000	-9.48431901e-07	
0.71408333	-3.66234257e-07	
0.71566667	-4.69125945e-08	
0.71725000	3.30360980e-07	
0.71883333	7.73096937e-07	
0.72041667	1.03872005e-06	
0.72200000	1.18222974e-06	
0.72358333	1.33021985e-06	
0.72516667	1.59408230e-06	
0.72675000	1.51957364e-06	
0.72833333	1.32460896e-06	
0.72991667	1.32862523e-06	
0.73150000	1.32036486e-06	
0.73308333	1.18961669e-06	
0.73466667	9.54205088e-07	
0.73625000	7.02705979e-07	
0.73783333	6.97780446e-07	
0.73941667	5.65811028e-07	
0.74100000	7.37187678e-07	
0.74258333	7.40816417e-07	
0.74416667	6.92496777e-07	
0.74575000	9.22610262e-07	
0.74733333	9.73000315e-07	
0.74891667	9.21096906e-07	
0.75050000	9.68499169e-07	
0.75208333	9.41726944e-07	
0.75366667	8.31908648e-07	
0.75525000	4.28751654e-07	
0.75683333	4.11632666e-07	
0.75841667	4.62535618e-07	
0.76000000	4.46928166e-07	
0.76158333	5.15814617e-07	
0.76316667	1.92412496e-07	
0.76475000	5.06006337e-07	
0.76633333	6.35580807e-07	
0.76791667	7.16448492e-07	
0.76950000	7.54128830e-07	
0.77108333	6.99722053e-07	
0.77266667	7.33472527e-07	
0.77425000	4.88040395e-07	
0.77583333	2.46529026e-07	
0.77741667	4.01045391e-07	
0.77900000	3.98193099e-07	
0.78058333	4.91661293e-07	
0.78216667	3.77106641e-07	
0.78375000	4.36955183e-07	
0.78533333	6.96611785e-07	
0.78691667	6.99939959e-07	
0.78850000	7.84895211e-07	
0.79008333	7.42674076e-07	
0.79166667	7.21199465e-07	
0.79325000	7.60479907e-07	
0.79483333	4.42791792e-07	
0.79641667	3.84435942e-07	
0.79800000	3.84063077e-07	
0.79958333	3.76286064e-07	
0.80116667	4.56313151e-07	
0.80275000	2.66183696e-07	
0.80433333	6.60012295e-07	
0.80591667	6.52925121e-07	
0.80750000	6.51500081e-07	
0.80908333	6.24967939e-07	
0.81066667	7.17050855e-07	
0.81225000	8.59908841e-07	
0.81383333	6.56425166e-07	
0.81541667	4.63529103e-07	
0.81700000	5.00907924e-07	
0.81858333	3.69501276e-07	
0.82016667	4.57911015e-07	
0.82175000	2.52916729e-07	
0.82333333	1.84262310e-07	
0.82491667	5.98696880e-07	
0.82650000	6.41735875e-07	
0.82808333	6.50376223e-07	
0.82966667	5.85774972e-07	
0.83125000	6.59579508e-07	
0.83283333	6.71245727e-07	
0.83441667	3.82291354e-07	
0.83600000	3.41257696e-07	
0.83758333	3.81989472e-07	
0.83916667	5.16507872e-07	
0.84075000	4.42693200e-07	
0.84233333	3.25901331e-07	
0.84391667	6.27474555e-07	
0.84550000	6.01167711e-07	
0.84708333	6.43115889e-07	
0.84866667	6.31881057e-07	
0.85025000	6.24707695e-07	
0.85183333	7.90898512e-07	
0.85341667	7.94839521e-07	
0.85500000	6.21535153e-07	
0.85658333	3.16437747e-07	
0.85816667	2.54688788e-07	
0.85975000	3.70409217e-07	
0.86133333	3.33981934e-07	
0.86291667	4.62880734e-07	
0.86450000	4.64305690e-07	
0.86608333	6.11103957e-07	
0.86766667	6.95792917e-07	
0.86925000	4.40626343e-07	
0.87083333	6.14725639e-07	
0.87241667	6.43980176e-07	
0.87400000	5.02549806e-07	
0.87558333	3.84625846e-07	
0.87716667	2.75794035e-07	
0.87875000	3.68377893e-07	
0.88033333	4.39461183e-07	
0.88191667	2.49468626e-07	
0.88350000	3.61463683e-07	
0.88508333	4.66769660e-07	
0.88666667	6.29807004e-07	
0.88825000	5.36859465e-07	
0.88983333	3.86266888e-07	
0.89141667	4.65518032e-07	
0.89300000	5.80807549e-07	
0.89458333	4.91747369e-07	
0.89616667	3.87458538e-07	
0.89775000	3.54463677e-07	
0.89933333	4.55319807e-07	
0.90091667	3.79742147e-07	
0.90250000	2.78845080e-07	
0.90408333	3.61688365e-07	
0.90566667	5.87892875e-07	
0.90725000	6.68318196e-07	
0.90883333	5.92214533e-07	
0.91041667	7.53478025e-07	
0.91200000	8.14849891e-07	
0.91358333	7.92500800e-07	
0.91516667	5.79509691e-07	
0.91675000	2.80233886e-07	
0.91833333	3.09653014e-07	
0.91991667	2.58707052e-07	
0.92150000	2.88913324e-07	
0.92308333	2.53739461e-07	
0.92466667	2.89890036e-07	
0.92625000	5.40075578e-07	
0.92783333	5.36946437e-07	
0.92941667	5.61102561e-07	
0.93100000	6.47094028e-07	
0.93258333	6.74963398e-07	
0.93416667	6.59061541e-07	
0.93575000	3.33418549e-07	
0.93733333	2.51489953e-07	
0.93891667	3.21882171e-07	
0.94050000	1.30836935e-07	
0.94208333	1.97225632e-07	
0.94366667	2.52139470e-07	
0.94525000	4.80122927e-07	
0.94683333	4.87114897e-07	
0.94841667	5.46193124e-07	
0.95000000	4.89413912e-07	
0.95158333	4.64568650e-07	
0.95316667	6.54653919e-07	
0.95475000	5.47412915e-07	
0.95633333	3.41715125e-07	
0.95791667	3.83847944e-07	
0.95950000	3.24950101e-07	
0.96108333	4.12228197e-07	
0.96266667	5.18583157e-07	
0.96425000	4.34446326e-07	
0.96583333	6.69258814e-07	
0.96741667	7.27075808e-07	
0.96900000	7.84549283e-07	
0.97058333	7.35289753e-07	
0.97216667	7.18866176e-07	
0.97375000	6.84727212e-07	
0.97533333	4.31077831e-07	
0.97691667	3.35321262e-07	
0.97850000	2.51101827e-07	
0.98008333	2.47472108e-07	
0.98166667	3.71056746e-07	
0.98325000	2.50109043e-07	
0.98483333	3.48759681e-07	
0.98641667	4.97668067e-07	
0.98800000	6.01503894e-07	
0.98958333	6.26912122e-07	
0.99116667	6.01849037e-07	
0.99275000	5.91178767e-07	
0.99433333	5.59067934e-07	
0.99591667	2.58584883e-07	
0.99750000	3.25987267e-07	
0.99908333	2.53219002e-07	
1.00066667	2.79880986e-07	
1.00225000	2.61973903e-07	
1.00383333	2.30057777e-07	
1.00541667	5.87349427e-07	
1.00700000	6.60963890e-07	
1.00858333	7.67090332e-07	
1.01016667	6.69346234e-07	
1.01175000	7.34426250e-07	
1.01333333	7.10870977e-07	
1.01491667	4.27793507e-07	
1.01650000	3.26161911e-07	
1.01808333	3.57531355e-07	
1.01966667	2.95220775e-07	
1.02125000	3.81082455e-07	
1.02283333	3.24734155e-07	
1.02441667	5.23765966e-07	
1.02600000	6.12013213e-07	
1.02758333	7.03094132e-07	
1.02916667	6.85722097e-07	
1.03075000	6.37369471e-07	
1.03233333	7.20725627e-07	
1.03391667	6.28361915e-07	
1.03550000	4.86431779e-07	
1.03708333	3.49839354e-07	
1.03866667	2.85541188e-07	
1.04025000	4.71826323e-07	
1.04183333	3.98063845e-07	
1.04341667	4.41837986e-07	
1.04500000	6.15430151e-07	
1.04658333	6.78462659e-07	
1.04816667	7.14933008e-07	
1.04975000	6.36288735e-07	
1.05133333	6.52840109e-07	
1.05291667	7.51146753e-07	
1.05450000	4.88506840e-07	
1.05608333	3.12877695e-07	
1.05766667	5.53972097e-08	
1.05925000	1.90864964e-07	
1.06083333	1.54783483e-07	
1.06241667	1.10586615e-07	
1.06400000	3.08054955e-07	
1.06558333	4.86607346e-07	
1.06716667	6.67401379e-07	
1.06875000	5.47100981e-07	
1.07033333	5.40532446e-07	
1.07191667	5.66936119e-07	
1.07350000	7.26689727e-07	
1.07508333	5.16723538e-07	
1.07666667	2.39980400e-07	
1.07825000	1.88703995e-07	
1.07983333	2.80848962e-07	
1.08141667	2.69742208e-07	
1.08300000	2.56070678e-07	
1.08458333	3.48190136e-07	
1.08616667	4.53512633e-07	
1.08775000	6.90910450e-07	
1.08933333	6.14640515e-07	
1.09091667	7.21027761e-07	
1.09250000	7.04088233e-07	
1.09408333	6.41681721e-07	
1.09566667	5.51682266e-07	
1.09725000	2.70477689e-07	
1.09883333	3.30264963e-07	
1.10041667	3.67082415e-07	
1.10200000	2.64368038e-07	
1.10358333	2.47515062e-07	
1.10516667	3.64835286e-07	
1.10675000	5.12895318e-07	
1.10833333	4.54066218e-07	
1.10991667	4.57868481e-07	
1.11150000	6.10752597e-07	
1.11308333	5.85686376e-07	
1.11466667	6.27194431e-07	
1.11625000	3.97977098e-07	
1.11783333	2.56365139e-07	
1.11941667	3.62544868e-07	
1.12100000	3.18771428e-07	
1.12258333	4.74547541e-07	
1.12416667	4.63746645e-07	
1.12575000	6.36831399e-07	
1.12733333	7.66745916e-07	
1.12891667	5.29859655e-07	
1.13050000	6.76606736e-07	
1.13208333	6.59797134e-07	
1.13366667	6.89398102e-07	
1.13525000	3.50097917e-07	
1.13683333	2.17051823e-07	
1.13841667	3.09990682e-07	
1.14000000	2.11174388e-07	
1.14158333	2.98772426e-07	
1.14316667	1.74918921e-07	
1.14475000	2.71574778e-07	
1.14633333	5.45631923e-07	
1.14791667	5.44205035e-07	
1.14950000	7.19732255e-07	
1.15108333	6.79198028e-07	
1.15266667	6.19868238e-07	
1.15425000	8.53342546e-07	
1.15583333	4.61541910e-07	
1.15741667	2.80589250e-07	
1.15900000	2.22322766e-07	
1.16058333	3.13602480e-07	
1.16216667	3.66225997e-07	
1.16375000	2.85419999e-07	
1.16533333	3.54897024e-07	
1.16691667	4.44118744e-07	
1.16850000	5.69182436e-07	
1.17008333	6.44239299e-07	
1.17166667	5.32927585e-07	
1.17325000	6.55819555e-07	
1.17483333	5.09723784e-07	
1.17641667	2.87218912e-07	
1.17800000	1.99904610e-07	
1.17958333	2.17396547e-07	
1.18116667	4.33410503e-07	
1.18275000	3.46296887e-07	
1.18433333	4.77867426e-07	
1.18591667	6.86250369e-07	
1.18750000	7.30490114e-07	
1.18908333	7.10310504e-07	
1.19066667	7.11563896e-07	
1.19225000	6.31494024e-07	
1.19383333	6.63348365e-07	
1.19541667	4.54066442e-07	
1.19700000	2.81548433e-07	
1.19858333	1.77798178e-07	
1.20016667	1.92722134e-07	
1.20175000	3.46348241e-07	
1.20333333	1.19004360e-07	
1.20491667	4.36912509e-07	
1.20650000	4.99308604e-07	
1.20808333	5.91566416e-07	
1.20966667	6.88185983e-07	
1.21125000	5.75317847e-07	
1.21283333	8.50747334e-07	
1.21441667	6.52509527e-07	
1.21600000	3.94736456e-07	
1.21758333	3.51627850e-07	
1.21916667	1.98383302e-07	
1.22075000	4.10811417e-07	
1.22233333	2.65967358e-07	
1.22391667	1.95619200e-07	
1.22550000	4.46479894e-07	
1.22708333	6.13956725e-07	
1.22866667	7.87573531e-07	
1.23025000	6.45623066e-07	
1.23183333	4.47023902e-07	
1.23341667	5.95757364e-07	
1.23500000	4.79907486e-07	
1.23658333	3.28840259e-07	
1.23816667	1.96871150e-07	
1.23975000	1.99939485e-07	
1.24133333	2.57082531e-07	
1.24291667	4.43783233e-08	
1.24450000	1.93889534e-07	
1.24608333	2.62285305e-07	
1.24766667	5.09980835e-07	
1.24925000	6.32486276e-07	
1.25083333	6.21252844e-07	
1.25241667	6.99164492e-07	
1.25400000	5.90336825e-07	
1.25558333	4.90668201e-07	
1.25716667	4.48077114e-07	
1.25875000	3.39469396e-07	
1.26033333	5.79941134e-07	
1.26191667	3.28475263e-07	
1.26350000	2.68464986e-07	
1.26508333	2.81272761e-07	
1.26666667	3.90743785e-07	
1.26825000	5.44983414e-07	
1.26983333	4.82456664e-07	
1.27141667	5.44981846e-07	
1.27300000	6.38709611e-07	
1.27458333	5.32173959e-07	
1.27616667	5.32677198e-07	
1.27775000	3.12246351e-07	
1.27933333	4.60979673e-07	
@ 
0.00000000	3.80910024e-07	
0.00158333	4.04296029e-07	
0.00316667	1.33832845e-07	
0.00475000	2.04952214e-07	
0.00633333	4.68389113e-07	
0.00791667	4.50393517e-07	
0.00950000	4.14786588e-07	
0.01108333	5.32797547e-07	
0.01266667	6.14639115e-07	
0.01425000	4.18502523e-07	
0.01583333	1.68576818e-07	
0.01741667	8.83680731e-08	
0.01900000	2.17829614e-07	
0.02058333	1.73235289e-07	
0.02216667	3.21666309e-07	
0.02375000	3.11425074e-07	
0.02533333	3.60280126e-07	
0.02691667	4.71610658e-07	
0.02850000	3.09436873e-07	
0.03008333	4.16083522e-07	
0.03166667	4.33065724e-07	
0.03325000	4.32556997e-07	
0.03483333	2.53997045e-07	
0.03641667	4.88718109e-08	
0.03800000	-1.89349641e-08	
0.03958333	-7.05208773e-08	
0.04116667	-3.34711759e-08	
0.04275000	1.83469972e-08	
0.04433333	-1.24533400e-09	
0.04591667	4.64092572e-07	
0.04750000	4.45165599e-07	
0.04908333	4.07916508e-07	
0.05066667	5.94243672e-07	
0.05225000	4.95549604e-07	
0.05383333	3.59002177e-07	
0.05541667	1.73736568e-07	
0.05700000	1.35908788e-07	
0.05858333	9.67498852e-08	
0.06016667	1.20689265e-07	
0.06175000	1.96845207e-07	
0.06333333	1.20984343e-07	
0.06491667	2.49217119e-07	
0.06650000	5.30334893e-07	
0.06808333	3.75810099e-07	
0.06966667	4.27318074e-07	
0.07125000	4.72173259e-07	
0.07283333	6.10628831e-07	
0.07441667	4.53938729e-07	
0.07600000	1.30819238e-07	
0.07758333	1.01028547e-07	
0.07916667	1.08158276e-07	
0.08075000	2.36669392e-07	
0.08233333	1.84660040e-07	
0.08391667	1.62733110e-07	
0.08550000	3.11580705e-07	
0.08708333	3.16135305e-07	
0.08866667	3.88169013e-07	
0.09025000	3.55414544e-07	
0.09183333	2.87962317e-07	
0.09341667	3.67339327e-07	
0.09500000	1.05090977e-07	
0.09658333	-2.10101285e-08	
0.09816667	2.48896501e-08	
0.09975000	1.27561040e-07	
0.10133333	2.30247597e-07	
0.10291667	4.45937466e-09	
0.10450000	2.54239788e-07	
0.10608333	4.69925430e-07	
0.10766667	5.24889544e-07	
0.10925000	4.74462137e-07	
0.11083333	3.15383247e-07	
0.11241667	5.61921486e-07	
0.11400000	5.91694158e-07	
0.11558333	3.73089413e-07	
0.11716667	2.33947249e-07	
0.11875000	2.63159851e-08	
0.12033333	2.65923004e-07	
0.12191667	5.98042085e-08	
0.12350000	2.22615029e-08	
0.12508333	3.15070361e-07	
0.12666667	4.10207430e-07	
0.12825000	5.23680450e-07	
0.12983333	4.39505173e-07	
0.13141667	2.73010542e-07	
0.13300000	4.75845232e-07	
0.13458333	2.71974692e-07	
0.13616667	1.10293673e-07	
0.13775000	3.20195417e-08	
0.13933333	1.15028314e-07	
0.14091667	7.28541240e-08	
0.14250000	3.87771550e-08	
0.14408333	7.64844029e-08	
0.14566667	2.14544465e-07	
0.14725000	3.60210095e-07	
0.14883333	3.77366437e-07	
0.15041667	2.47213377e-07	
0.15200000	3.59217562e-07	
0.15358333	5.25452593e-07	
0.15516667	2.25390569e-07	
0.15675000	6.48682217e-08	
0.15833333	4.93046298e-08	
0.15991667	2.60824336e-08	
0.16150000	-2.88224248e-08	
0.16308333	5.62186161e-08	
0.16466667	2.88454103e-07	
0.16625000	3.89206264e-07	
0.16783333	4.38855208e-07	
0.16941667	4.45554872e-07	
0.17100000	3.92230596e-07	
0.17258333	5.49608157e-07	
0.17416667	5.10630576e-07	
0.17575000	2.29426923e-07	
0.17733333	3.78099496e-08	
0.17891667	1.40004896e-07	
0.18050000	1.65682174e-07	
0.18208333	9.71221759e-08	
0.18366667	3.78444681e-08	
0.18525000	1.23359871e-07	
0.18683333	3.52519746e-07	
0.18841667	3.03448216e-07	
0.19000000	2.74652144e-07	
0.19158333	4.74721149e-07	
0.19316667	5.79987056e-07	
0.19475000	5.05293929e-07	
0.19633333	2.22400595e-07	
0.19791667	5.73237172e-08	
0.19950000	1.96006695e-07	
0.20108333	8.92313519e-08	
0.20266667	9.95587893e-08	
0.20425000	1.80447132e-08	
0.20583333	2.86093569e-07	
0.20741667	5.00777046e-07	
0.20900000	4.50349948e-07	
0.21058333	5.54644911e-07	
0.21216667	4.77158602e-07	
0.21375000	4.95419286e-07	
0.21533333	2.21856321e-07	
0.21691667	-5.57699309e-08	
0.21850000	-1.00172577e-07	
0.22008333	-1.09714180e-07	
0.22166667	-1.15444497e-07	
0.22325000	1.05179352e-08	
0.22483333	3.02919167e-08	
0.22641667	2.84348195e-07	
0.22800000	4.21182187e-07	
0.22958333	4.11502124e-07	
0.23116667	3.95040578e-07	
0.23275000	4.36092352e-07	
0.23433333	4.58584977e-07	
0.23591667	1.40480021e-07	
0.23750000	-4.90442847e-08	
0.23908333	9.37425993e-08	
0.24066667	1.50012755e-07	
0.24225000	1.27093769e-07	
0.24383333	4.63977144e-09	
0.24541667	2.35848759e-07	
0.24700000	3.48673017e-07	
0.24858333	3.01528758e-07	
0.25016667	4.90925924e-07	
0.25175000	3.41802881e-07	
0.25333333	5.40878318e-07	
0.25491667	3.29445674e-07	
0.25650000	1.31474523e-07	
0.25808333	1.15331092e-07	
0.25966667	1.50306502e-07	
0.26125000	1.59364377e-07	
0.26283333	2.35372065e-07	
0.26441667	3.34983987e-07	
0.26600000	4.11588984e-07	
0.26758333	4.03422614e-07	
0.26916667	4.33237708e-07	
0.27075000	4.46591143e-07	
0.27233333	4.18459513e-07	
0.27391667	3.90242142e-07	
0.27550000	2.76786344e-07	
0.27708333	5.05744063e-08	
0.27866667	-1.17543856e-07	
0.28025000	-5.61748186e-08	
0.28183333	1.53442503e-07	
0.28341667	-2.67394026e-08	
0.28500000	1.01546612e-07	
0.28658333	2.91875913e-07	
0.28816667	3.19548938e-07	
0.28975000	4.24640062e-07	
0.29133333	2.74772773e-07	
0.29291667	4.49399389e-07	
0.29450000	3.30696995e-07	
0.29608333	7.05394142e-08	
0.29766667	3.34540216e-08	
0.29925000	1.38277275e-08	
0.30083333	1.55448821e-07	
0.30241667	-2.54956183e-08	
0.30400000	1.90182210e-07	
0.30558333	2.76147551e-07	
0.30716667	2.55692269e-07	
0.30875000	3.79310508e-07	
0.31033333	3.20067270e-07	
0.31191667	3.54939530e-07	
0.31350000	5.13092279e-07	
0.31508333	3.20800959e-07	
0.31666667	2.18521119e-07	
0.31825000	6.31744677e-08	
0.31983333	7.25087005e-08	
0.32141667	8.37454997e-08	
0.32300000	2.80706050e-08	
0.32458333	2.18641388e-08	
0.32616667	1.67833973e-07	
0.32775000	3.86268232e-07	
0.32933333	4.70054908e-07	
0.33091667	3.85490161e-07	
0.33250000	4.26627227e-07	
0.33408333	2.98420142e-07	
0.33566667	2.25034533e-07	
0.33725000	1.09678940e-07	
0.33883333	5.61317072e-08	
0.34041667	2.44066987e-07	
0.34200000	6.40037389e-08	
0.34358333	1.48967398e-07	
0.34516667	2.68023294e-07	
0.34675000	2.85758534e-07	
0.34833333	4.41146635e-07	
0.34991667	3.49494546e-07	
0.35150000	3.16135305e-07	
0.35308333	4.41665162e-07	
0.35466667	1.64375118e-07	
0.35625000	1.55587385e-07	
0.35783333	-2.03356955e-08	
0.35941667	-3.82768460e-08	
0.36100000	6.39961856e-08	
0.36258333	3.38859725e-08	
0.36416667	1.51319294e-07	
0.36575000	2.44050691e-07	
0.36733333	4.90103639e-07	
0.36891667	5.26705594e-07	
0.37050000	3.74815802e-07	
0.37208333	4.02021403e-07	
0.37366667	2.74003523e-07	
0.37525000	1.74669150e-07	
0.37683333	-5.35735299e-08	
0.37841667	-4.51817528e-08	
0.38000000	1.31492486e-07	
0.38158333	8.81853229e-08	
0.38316667	2.67998380e-08	
0.38475000	3.38693012e-08	
0.38633333	1.70105057e-07	
0.38791667	4.50522519e-07	
0.38950000	4.07139221e-07	
0.39108333	4.08589658e-07	
0.39266667	4.37516664e-07	
0.39425000	4.22478617e-07	
0.39583333	2.76769627e-07	
0.39741667	-1.46140447e-08	
0.39900000	4.74445545e-09	
0.40058333	7.77460791e-10	
0.40216667	1.15158170e-07	
0.40375000	9.90409970e-08	
0.40533333	1.55933887e-07	
0.40691667	3.69025898e-07	
0.40850000	1.87330086e-07	
0.41008333	8.11596537e-08	
0.41166667	2.19601156e-07	
0.41325000	2.80961107e-07	
0.41483333	5.14086043e-07	
0.41641667	2.60912767e-07	
0.41800000	-5.45327059e-08	
0.41958333	8.11252191e-08	
0.42116667	5.76092915e-08	
0.42275000	5.17761922e-08	
0.42433333	-1.33091186e-09	
0.42591667	6.26992794e-08	
0.42750000	2.48570430e-07	
0.42908333	2.40592396e-07	
0.43066667	4.65517416e-07	
0.43225000	3.20499077e-07	
0.43383333	3.77799896e-07	
0.43541667	1.69257879e-07	
0.43700000	1.59147213e-07	
0.43858333	1.25961272e-07	
0.44016667	1.32184075e-07	
0.44175000	1.24060099e-07	
0.44333333	-1.76333340e-09	
0.44491667	-4.21316110e-08	
0.44650000	2.97053989e-07	
0.44808333	3.56884050e-07	
0.44966667	4.42356429e-07	
0.45125000	2.99169064e-07	
0.45283333	2.56235045e-07	
0.45441667	4.09127898e-07	
0.45600000	2.12799762e-07	
0.45758333	1.91987577e-07	
0.45916667	8.63181222e-08	
0.46075000	5.75146472e-08	
0.46233333	2.18054492e-07	
0.46391667	-5.71945544e-08	
0.46550000	1.32297018e-07	
0.46708333	4.26496797e-07	
0.46866667	3.75421497e-07	
0.47025000	4.64911777e-07	
0.47183333	3.69525441e-07	
0.47341667	5.01598659e-07	
0.47500000	3.93864749e-07	
0.47658333	1.60721780e-07	
0.47816667	1.71661689e-07	
0.47975000	1.82394990e-07	
0.48133333	2.34586812e-07	
0.48291667	2.86406035e-07	
0.48450000	1.67339275e-07	
0.48608333	3.49220302e-07	
0.48766667	4.18460073e-07	
0.48925000	5.79206157e-07	
0.49083333	5.78039569e-07	
0.49241667	7.43496697e-07	
0.49400000	1.17310480e-06	
0.49558333	1.00635362e-06	
0.49716667	8.73443416e-07	
0.49875000	1.14240444e-06	
0.50033333	1.43167030e-06	
0.50191667	1.79054258e-06	
0.50350000	2.06060596e-06	
0.50508333	2.62040529e-06	
0.50666667	3.32151285e-06	
0.50825000	4.07065465e-06	
0.50983333	4.70482621e-06	
0.51141667	5.32923452e-06	
0.51300000	6.46823827e-06	
0.51458333	7.76481113e-06	
0.51616667	8.98940867e-06	
0.51775000	1.15557977e-05	
0.51933333	1.52716505e-05	
0.52091667	2.05299047e-05	
0.52250000	2.61927785e-05	
0.52408333	3.45501634e-05	
0.52566667	4.64651147e-05	
0.52725000	6.59122946e-05	
0.52883333	9.92324887e-05	
0.53041667	1.49509742e-04	
0.53200000	2.09529511e-04	
0.53358333	2.82706678e-04	
0.53516667	3.57572170e-04	
0.53675000	4.05701916e-04	
0.53833333	4.06495879e-04	
0.53991667	5.03464777e-04	
0.54150000	8.49067915e-04	
0.54308333	9.05691348e-04	
0.54466667	8.38612545e-04	
0.54625000	2.11700334e-03	
0.54783333	1.51433914e-03	
0.54941667	3.51649554e-03	
0.55100000	5.02635098e-03	
0.55258333	6.66222942e-03	
0.55416667	8.50858355e-03	
0.55575000	1.15749516e-02	
0.55733333	2.16833339e-02	
0.55891667	3.05190260e-02	
0.56050000	4.17273485e-02	
0.56208333	4.97208149e-02	
0.56366667	5.82067461e-02	
0.56525000	6.83392635e-02	
0.56683333	8.57331379e-02	
0.56841667	1.24166074e-01	
0.57000000	2.07550846e-01	
0.57158333	3.57528684e-01	
0.57316667	4.20746225e-01	
0.57475000	4.70475647e-01	
0.57633333	4.77057984e-01	
0.57791667	5.82309282e-01	
0.57950000	8.44509045e-01	
0.58108333	1.28703524e+00	
0.58266667	1.94208920e+00	
0.58425000	2.79138557e+00	
0.58583333	3.40117793e+00	
0.58741667	6.01329450e+00	
0.58900000	6.53767206e+00	
0.59058333	6.93686793e+00	
0.59216667	7.99435210e+00	
0.59375000	1.04698921e+01	
0.59533333	1.26464434e+01	
0.59691667	1.57191041e+01	
0.59850000	1.66758936e+01	
0.60008333	1.67999313e+01	
0.60166667	1.71294429e+01	
0.60325000	1.88740464e+01	
0.60483333	1.99089786e+01	
0.60641667	2.08017808e+01	
0.60800000	2.14991494e+01	
0.60958333	2.26247667e+01	
0.61116667	2.29355207e+01	
0.61275000	2.45488800e+01	
0.61433333	2.50018975e+01	
0.61591667	2.57506736e+01	
0.61750000	2.64251055e+01	
0.61908333	2.73677610e+01	
0.62066667	2.79261528e+01	
0.62225000	2.87749363e+01	
0.62383333	2.97101016e+01	
0.62541667	2.97948354e+01	
0.62700000	3.04851348e+01	
0.62858333	3.10033507e+01	
