start voltage : 0.00 V 
set voltage : 0.10 V 
High G : 30.00 G0 
Intermediate G : 20.00 G0 
Low G : 10.00 G0 
Breaking speed 1 : 300.00 V/s 
Breaking speed 2 : 300.00 V/s 
Making speed : 500.00 V/s 
Post breaking : 230.00 V/s 
@ 
0.00000000	4.28545865e+01	
0.00158333	4.36018987e+01	
0.00316667	4.35923678e+01	
0.00475000	4.38216407e+01	
0.00633333	4.37099601e+01	
0.00791667	4.35262599e+01	
0.00950000	4.35114598e+01	
0.01108333	4.34574198e+01	
0.01266667	4.34364298e+01	
0.01425000	4.36056344e+01	
0.01583333	4.34910562e+01	
0.01741667	4.34154399e+01	
0.01900000	4.34547627e+01	
0.02058333	4.31867871e+01	
0.02216667	4.33809315e+01	
0.02375000	4.32913345e+01	
0.02533333	4.35943822e+01	
0.02691667	4.33051349e+01	
0.02850000	4.32633129e+01	
0.03008333	4.33539209e+01	
0.03166667	4.32701341e+01	
0.03325000	4.33022523e+01	
0.03483333	4.33747793e+01	
0.03641667	4.33351108e+01	
0.03800000	4.32227311e+01	
0.03958333	4.30711114e+01	
0.04116667	4.31569389e+01	
0.04275000	4.31508919e+01	
0.04433333	4.30266136e+01	
0.04591667	4.31633731e+01	
0.04750000	4.30111446e+01	
0.04908333	4.31524666e+01	
0.05066667	4.32138654e+01	
0.05225000	4.30084574e+01	
0.05383333	4.30778951e+01	
0.05541667	4.31867608e+01	
0.05700000	4.31385047e+01	
0.05858333	4.30004034e+01	
0.06016667	4.31014782e+01	
0.06175000	4.30043045e+01	
0.06333333	4.29196459e+01	
0.06491667	4.30823336e+01	
0.06650000	4.29398879e+01	
0.06808333	4.28111635e+01	
0.06966667	4.27950406e+01	
0.07125000	4.26326309e+01	
0.07283333	4.28380990e+01	
0.07441667	4.26725925e+01	
0.07600000	4.27629638e+01	
0.07758333	4.23202364e+01	
0.07916667	4.20909183e+01	
0.08075000	4.22586084e+01	
0.08233333	4.19782681e+01	
0.08391667	4.19914859e+01	
0.08550000	4.19969016e+01	
0.08708333	4.18632915e+01	
0.08866667	4.19625510e+01	
0.09025000	4.19147873e+01	
0.09183333	4.17215786e+01	
0.09341667	4.14941209e+01	
0.09500000	4.14177304e+01	
0.09658333	4.15073725e+01	
0.09816667	4.11174638e+01	
0.09975000	4.10598759e+01	
0.10133333	4.07601280e+01	
0.10291667	4.06012999e+01	
0.10450000	4.07197605e+01	
0.10608333	4.05257100e+01	
0.10766667	4.05727033e+01	
0.10925000	4.04959219e+01	
0.11083333	4.02204937e+01	
0.11241667	4.00832156e+01	
0.11400000	4.00900556e+01	
0.11558333	4.01969745e+01	
0.11716667	4.00741920e+01	
0.11875000	4.01301413e+01	
0.12033333	4.00547167e+01	
0.12191667	3.99756503e+01	
0.12350000	3.99492785e+01	
0.12508333	3.97496545e+01	
0.12666667	3.98454790e+01	
0.12825000	3.98392178e+01	
0.12983333	3.98162923e+01	
0.13141667	3.97402025e+01	
0.13300000	3.94505906e+01	
0.13458333	3.96168863e+01	
0.13616667	3.97907963e+01	
0.13775000	3.95639173e+01	
0.13933333	3.96168149e+01	
0.14091667	3.94456372e+01	
0.14250000	3.95296870e+01	
0.14408333	3.94563483e+01	
0.14566667	3.93750156e+01	
0.14725000	3.94299352e+01	
0.14883333	3.84890009e+01	
0.15041667	3.84492309e+01	
0.15200000	3.78962661e+01	
0.15358333	3.78955784e+01	
0.15516667	3.78579920e+01	
0.15675000	3.77867503e+01	
0.15833333	3.77753891e+01	
0.15991667	3.75146594e+01	
0.16150000	3.72309743e+01	
0.16308333	3.73205638e+01	
0.16466667	3.72400054e+01	
0.16625000	3.72094808e+01	
0.16783333	3.71340862e+01	
0.16941667	3.71270808e+01	
0.17100000	3.71495966e+01	
0.17258333	3.69463008e+01	
0.17416667	3.69503710e+01	
0.17575000	3.67029832e+01	
0.17733333	3.68194819e+01	
0.17891667	3.68256943e+01	
0.18050000	3.65050166e+01	
0.18208333	3.63904120e+01	
0.18366667	3.65114507e+01	
0.18525000	3.65408216e+01	
0.18683333	3.65448166e+01	
0.18841667	3.62399198e+01	
0.19000000	3.62691591e+01	
0.19158333	3.60595945e+01	
0.19316667	3.60927537e+01	
0.19475000	3.58836100e+01	
0.19633333	3.58905966e+01	
0.19791667	3.59496690e+01	
0.19950000	3.57015784e+01	
0.20108333	3.56175136e+01	
0.20266667	3.56906456e+01	
0.20425000	3.42677778e+01	
0.20583333	3.21540844e+01	
0.20741667	3.21870933e+01	
0.20900000	3.20547234e+01	
0.21058333	3.19746235e+01	
0.21216667	3.18745409e+01	
0.21375000	3.17827265e+01	
0.21533333	3.17540434e+01	
0.21691667	3.18892959e+01	
0.21850000	3.17835458e+01	
0.22008333	3.16469254e+01	
0.22166667	3.19008262e+01	
0.22325000	3.16485113e+01	
0.22483333	3.13259545e+01	
0.22641667	3.02609712e+01	
0.22800000	2.94666337e+01	
0.22958333	2.91485172e+01	
0.23116667	2.90256933e+01	
0.23275000	2.88666116e+01	
0.23433333	2.86876731e+01	
0.23591667	2.87771856e+01	
0.23750000	2.88083397e+01	
0.23908333	2.86249533e+01	
0.24066667	2.82077521e+01	
0.24225000	2.83479166e+01	
0.24383333	2.84177094e+01	
0.24541667	2.82939253e+01	
0.24700000	2.83420837e+01	
0.24858333	2.84008968e+01	
0.25016667	2.81734072e+01	
0.25175000	2.81601781e+01	
0.25333333	2.78936908e+01	
0.25491667	2.78605147e+01	
0.25650000	2.68811503e+01	
0.25808333	2.58520058e+01	
0.25966667	2.58314236e+01	
0.26125000	2.58507618e+01	
0.26283333	2.56860991e+01	
0.26441667	2.58473869e+01	
0.26600000	2.56459138e+01	
0.26758333	2.55518670e+01	
0.26916667	2.55773048e+01	
0.27075000	2.52382924e+01	
0.27233333	2.49382325e+01	
0.27391667	2.46387082e+01	
0.27550000	2.44644355e+01	
0.27708333	2.42897307e+01	
0.27866667	2.42627088e+01	
0.28025000	2.36558373e+01	
0.28183333	2.29827696e+01	
0.28341667	2.28520046e+01	
0.28500000	2.23967960e+01	
0.28658333	2.24901475e+01	
0.28816667	2.24827268e+01	
0.28975000	2.23992576e+01	
0.29133333	2.22676470e+01	
0.29291667	2.22101944e+01	
0.29450000	2.20954151e+01	
0.29608333	2.21399900e+01	
0.29766667	2.20056451e+01	
0.29925000	2.19791870e+01	
0.30083333	2.19026236e+01	
0.30241667	2.18379063e+01	
0.30400000	2.17048111e+01	
0.30558333	2.12246608e+01	
0.30716667	2.12422795e+01	
0.30875000	2.11589663e+01	
0.31033333	2.13449497e+01	
0.31191667	2.15734390e+01	
0.31350000	2.12468514e+01	
0.31508333	2.12055913e+01	
0.31666667	2.10881455e+01	
0.31825000	2.09526300e+01	
0.31983333	2.08875031e+01	
0.32141667	2.07657954e+01	
0.32300000	2.05411038e+01	
0.32458333	2.03363572e+01	
0.32616667	2.02232992e+01	
0.32775000	1.86571513e+01	
0.32933333	1.70989107e+01	
0.33091667	1.72289786e+01	
0.33250000	1.70464585e+01	
0.33408333	1.69522050e+01	
0.33566667	1.70024154e+01	
0.33725000	1.68650095e+01	
0.33883333	1.66088818e+01	
0.34041667	1.66607910e+01	
0.34200000	1.66354208e+01	
0.34358333	1.64632697e+01	
0.34516667	1.63457018e+01	
0.34675000	1.64659362e+01	
0.34833333	1.64747869e+01	
0.34991667	1.64546013e+01	
0.35150000	1.63642733e+01	
0.35308333	1.63506514e+01	
0.35466667	1.64552458e+01	
0.35625000	1.63122795e+01	
0.35783333	1.61206212e+01	
0.35941667	1.56149692e+01	
0.36100000	1.55413278e+01	
0.36258333	1.55362927e+01	
0.36416667	1.55065996e+01	
0.36575000	1.54047346e+01	
0.36733333	1.41067596e+01	
0.36891667	1.41266079e+01	
0.37050000	1.41052703e+01	
0.37208333	1.39050375e+01	
0.37366667	1.39379364e+01	
0.37525000	1.35299091e+01	
0.37683333	1.22764206e+01	
0.37841667	1.22018886e+01	
0.38000000	1.23725937e+01	
0.38158333	1.22765193e+01	
0.38316667	1.21938384e+01	
0.38475000	1.18693770e+01	
0.38633333	1.17734821e+01	
0.38791667	1.15611335e+01	
0.38950000	1.12938372e+01	
0.39108333	1.11887768e+01	
0.39266667	1.13279557e+01	
0.39425000	1.12490058e+01	
0.39583333	1.08009868e+01	
0.39741667	1.00830755e+01	
0.39900000	1.01772943e+01	
0.40058333	1.03314001e+01	
0.40216667	1.02935994e+01	
0.40375000	1.01824018e+01	
0.40533333	9.83509393e+00	
0.40691667	9.90805031e+00	
0.40850000	9.92961993e+00	
0.41008333	9.87050806e+00	
0.41166667	9.88069766e+00	
0.41325000	9.89487195e+00	
0.41483333	9.63392622e+00	
0.41641667	9.25481029e+00	
0.41800000	9.23418024e+00	
0.41958333	9.22219701e+00	
0.42116667	9.15204523e+00	
0.42275000	8.71725531e+00	
0.42433333	7.73641532e+00	
0.42591667	6.57537874e+00	
0.42750000	6.76704884e+00	
0.42908333	6.34682690e+00	
0.43066667	6.14617360e+00	
0.43225000	6.14396186e+00	
0.43383333	6.12712154e+00	
0.43541667	5.99016661e+00	
0.43700000	6.09550467e+00	
0.43858333	5.96016673e+00	
0.44016667	5.92319902e+00	
0.44175000	5.91561061e+00	
0.44333333	5.68116394e+00	
0.44491667	5.56877396e+00	
0.44650000	5.53084461e+00	
0.44808333	5.49040756e+00	
0.44966667	5.45757817e+00	
0.45125000	5.38253267e+00	
0.45283333	5.41870268e+00	
0.45441667	5.39713212e+00	
0.45600000	5.40433530e+00	
0.45758333	5.26661932e+00	
0.45916667	5.05946610e+00	
0.46075000	4.33711864e+00	
0.46233333	3.47604469e+00	
0.46391667	3.52729192e+00	
0.46550000	3.49091074e+00	
0.46708333	3.47899140e+00	
0.46866667	3.50638164e+00	
0.47025000	3.33838343e+00	
0.47183333	3.52273173e+00	
0.47341667	3.51927648e+00	
0.47500000	3.30401504e+00	
0.47658333	3.19982184e+00	
0.47816667	3.17723513e+00	
0.47975000	3.15306761e+00	
0.48133333	3.12199615e+00	
0.48291667	3.04652597e+00	
0.48450000	2.90535567e+00	
0.48608333	2.41557927e+00	
0.48766667	2.50017641e+00	
0.48925000	2.53317891e+00	
0.49083333	2.37880324e+00	
0.49241667	2.31558241e+00	
0.49400000	2.32088203e+00	
0.49558333	2.31998686e+00	
0.49716667	2.30887062e+00	
0.49875000	2.29746593e+00	
0.50033333	2.26991714e+00	
0.50191667	2.22040106e+00	
0.50350000	2.02074722e+00	
0.50508333	1.64924895e+00	
0.50666667	1.29816076e+00	
0.50825000	1.22813559e+00	
0.50983333	1.17073373e+00	
0.51141667	1.15657611e+00	
0.51300000	1.16291208e+00	
0.51458333	1.19305536e+00	
0.51616667	1.12144608e+00	
0.51775000	1.17488262e+00	
0.51933333	1.14803346e+00	
0.52091667	1.11071048e+00	
0.52250000	1.11846801e+00	
0.52408333	1.05071001e+00	
0.52566667	7.52682416e-01	
0.52725000	1.40508654e-01	
0.52883333	-5.71991179e-04	
0.53041667	-3.43654530e-04	
0.53200000	4.63201163e-03	
0.53358333	2.86711128e-05	
0.53516667	-2.11128448e-04	
0.53675000	-5.36568201e-04	
0.53833333	-1.71593133e-04	
0.53991667	-4.49323161e-05	
0.54150000	-1.21905652e-05	
0.54308333	5.80207090e-06	
0.54466667	1.84028236e-05	
0.54625000	2.71675287e-05	
0.54783333	3.22480748e-05	
0.54941667	3.35786766e-05	
0.55100000	3.16197141e-05	
0.55258333	2.86559016e-05	
0.55416667	2.51780846e-05	
0.55575000	2.13646809e-05	
0.55733333	1.84047357e-05	
0.55891667	1.55994238e-05	
0.56050000	1.33391919e-05	
0.56208333	1.12714788e-05	
0.56366667	9.42013878e-06	
0.56525000	8.30875234e-06	
0.56683333	6.82434346e-06	
0.56841667	5.92083879e-06	
0.57000000	4.98033886e-06	
0.57158333	4.17293540e-06	
0.57316667	3.50527120e-06	
0.57475000	2.67805002e-06	
0.57633333	1.83385985e-06	
0.57791667	1.31434168e-06	
0.57950000	1.20370793e-06	
0.58108333	1.13279005e-06	
0.58266667	8.45477385e-07	
0.58425000	8.14364741e-07	
0.58583333	9.62925687e-07	
0.58741667	1.11762949e-06	
0.58900000	1.04977752e-06	
0.59058333	8.99445831e-07	
0.59216667	9.29869140e-07	
0.59375000	7.44197177e-07	
0.59533333	2.81229219e-07	
0.59691667	2.68239632e-07	
0.59850000	1.99723260e-07	
0.60008333	3.39813924e-07	
0.60166667	3.93224500e-07	
0.60325000	4.27171235e-07	
0.60483333	5.59675841e-07	
0.60641667	5.11451237e-07	
0.60800000	7.37533214e-07	
0.60958333	7.64021954e-07	
0.61116667	8.45953351e-07	
0.61275000	9.73297017e-07	
0.61433333	6.65327774e-07	
0.61591667	5.13224445e-07	
0.61750000	2.15218693e-07	
0.61908333	2.73787633e-07	
0.62066667	3.54507639e-07	
0.62225000	3.82948543e-07	
0.62383333	4.96413890e-07	
0.62541667	5.93984885e-07	
0.62700000	6.99249224e-07	
0.62858333	8.40205309e-07	
0.63016667	7.24095691e-07	
0.63175000	7.54082796e-07	
0.63333333	6.95576803e-07	
0.63491667	5.52277965e-07	
0.63650000	2.20723264e-07	
0.63808333	8.60764643e-08	
0.63966667	1.61377331e-07	
0.64125000	1.62984911e-07	
0.64283333	2.56330586e-07	
0.64441667	3.17742857e-07	
0.64600000	4.97667507e-07	
0.64758333	6.53572286e-07	
0.64916667	7.78717182e-07	
0.65075000	7.46909714e-07	
0.65233333	7.89343546e-07	
0.65391667	7.47083154e-07	
0.65550000	4.78611140e-07	
0.65708333	1.40004252e-07	
0.65866667	1.84988355e-07	
0.66025000	3.18727102e-07	
0.66183333	2.89646257e-07	
0.66341667	3.87433700e-07	
0.66500000	4.24942727e-07	
0.66658333	6.32761752e-07	
0.66816667	7.34076403e-07	
0.66975000	5.97616031e-07	
0.67133333	5.35088834e-07	
0.67291667	5.78756289e-07	
0.67450000	5.92687530e-07	
0.67608333	5.11448199e-08	
0.67766667	5.08423888e-08	
0.67925000	1.76777686e-07	
0.68083333	1.76208141e-07	
0.68241667	2.79422550e-07	
0.68400000	2.84590602e-07	
0.68558333	4.53764001e-07	
0.68716667	6.84815024e-07	
0.68875000	6.69563356e-07	
0.69033333	6.77038179e-07	
0.69191667	5.57946875e-07	
0.69350000	5.99084081e-07	
0.69508333	5.04709655e-07	
0.69666667	1.37335466e-07	
0.69825000	2.53737473e-07	
0.69983333	1.82438448e-07	
0.70141667	2.55025615e-07	
0.70300000	3.08442492e-07	
0.70458333	3.55629845e-07	
0.70616667	8.80781593e-07	
0.70775000	5.81064713e-07	
0.70933333	6.24147726e-07	
0.71091667	6.10492353e-07	
0.71250000	5.48593616e-07	
0.71408333	6.49512328e-07	
0.71566667	4.91445180e-07	
0.71725000	1.05082184e-07	
0.71883333	1.28122325e-07	
0.72041667	1.26004170e-07	
0.72200000	1.50376632e-07	
0.72358333	1.26436957e-07	
0.72516667	4.49062898e-07	
0.72675000	4.32140954e-07	
0.72833333	7.22926302e-07	
0.72991667	6.84254103e-07	
0.73150000	6.07121002e-07	
0.73308333	8.20458095e-07	
0.73466667	5.91782698e-07	
0.73625000	4.15305311e-07	
0.73783333	1.73623471e-07	
0.73941667	1.98176050e-07	
0.74100000	3.94952766e-07	
0.74258333	2.11995286e-07	
0.74416667	2.30300072e-07	
0.74575000	3.96768255e-07	
0.74733333	4.37516020e-07	
0.74891667	6.00898563e-07	
0.75050000	4.88548170e-07	
0.75208333	5.99300755e-07	
0.75366667	6.72456166e-07	
0.75525000	3.06238849e-07	
0.75683333	2.06550736e-07	
0.75841667	1.60876137e-07	
0.76000000	2.87269790e-07	
0.76158333	3.61939536e-07	
0.76316667	2.95763999e-07	
0.76475000	2.89274708e-07	
0.76633333	4.20706333e-07	
0.76791667	4.90234237e-07	
0.76950000	5.27915080e-07	
0.77108333	6.10536203e-07	
0.77266667	6.56166323e-07	
0.77425000	5.06223459e-07	
0.77583333	3.34896875e-07	
0.77741667	2.79665125e-07	
0.77900000	1.52371875e-07	
0.78058333	2.49052947e-07	
0.78216667	2.39823173e-07	
0.78375000	2.54574851e-07	
0.78533333	3.23662855e-07	
0.78691667	3.59519388e-07	
0.78850000	5.32106588e-07	
0.79008333	4.97104737e-07	
0.79166667	6.31407164e-07	
0.79325000	7.39650277e-07	
0.79483333	4.07458379e-07	
0.79641667	2.46348698e-07	
0.79800000	-6.95269867e-08	
0.79958333	1.66667020e-07	
0.80116667	1.40272952e-07	
0.80275000	1.15096903e-07	
0.80433333	3.76934013e-07	
0.80591667	4.33463118e-07	
0.80750000	6.37110964e-07	
0.80908333	3.51041391e-07	
0.81066667	4.65172917e-07	
0.81225000	5.40574896e-07	
0.81383333	6.03535441e-07	
0.81541667	3.16999256e-07	
0.81700000	1.03279300e-08	
0.81858333	1.38578708e-07	
0.82016667	3.18719877e-07	
0.82175000	2.93718815e-07	
0.82333333	1.42347397e-07	
0.82491667	2.80615963e-07	
0.82650000	6.12824802e-07	
0.82808333	7.21589186e-07	
0.82966667	6.19394121e-07	
0.83125000	6.58585351e-07	
0.83283333	5.97311546e-07	
0.83441667	6.93760306e-07	
0.83600000	4.66901266e-07	
0.83758333	3.29365794e-08	
0.83916667	1.23411422e-07	
0.84075000	3.32382670e-07	
0.84233333	3.71660873e-07	
0.84391667	2.81220343e-07	
0.84550000	3.41759395e-07	
0.84708333	6.12910878e-07	
0.84866667	5.86864389e-07	
0.85025000	6.26393315e-07	
0.85183333	5.73285908e-07	
0.85341667	6.41907747e-07	
0.85500000	4.51904521e-07	
0.85658333	1.53772330e-07	
0.85816667	1.90346311e-07	
0.85975000	2.24267313e-07	
0.86133333	2.72319275e-07	
0.86291667	2.26963638e-07	
0.86450000	2.16704986e-07	
0.86608333	4.56313179e-07	
0.86766667	6.39661150e-07	
0.86925000	6.43462545e-07	
0.87083333	5.59761693e-07	
0.87241667	6.53054935e-07	
0.87400000	6.01460044e-07	
0.87558333	2.90873692e-07	
0.87716667	9.48922679e-08	
0.87875000	1.79802802e-07	
0.88033333	1.58966171e-07	
0.88191667	1.79232626e-07	
0.88350000	1.43981369e-07	
0.88508333	4.80640503e-07	
0.88666667	6.17491043e-07	
0.88825000	5.73631723e-07	
0.88983333	6.27949513e-07	
0.89141667	5.48957968e-07	
0.89300000	6.68266338e-07	
0.89458333	5.73285852e-07	
0.89616667	2.26428226e-07	
0.89775000	2.08408689e-07	
0.89933333	1.63814546e-07	
0.90091667	2.80919021e-07	
0.90250000	2.59267806e-07	
0.90408333	2.30274381e-07	
0.90566667	5.64324386e-07	
0.90725000	5.67929939e-07	
0.90883333	5.98219851e-07	
0.91041667	5.69267951e-07	
0.91200000	5.36168338e-07	
0.91358333	7.20378860e-07	
0.91516667	3.64826186e-07	
0.91675000	1.54247525e-07	
0.91833333	1.89524712e-07	
0.91991667	2.08883829e-07	
0.92150000	3.58567737e-07	
0.92308333	2.34732377e-07	
0.92466667	4.11459394e-07	
0.92625000	5.48698733e-07	
0.92783333	4.75412500e-07	
0.92941667	5.59631487e-07	
0.93100000	4.35659284e-07	
0.93258333	5.87805847e-07	
0.93416667	4.04900576e-07	
0.93575000	2.51706626e-07	
0.93733333	2.85193777e-08	
0.93891667	4.55537425e-08	
0.94050000	1.73027506e-07	
0.94208333	2.44490814e-07	
0.94366667	7.24999081e-08	
0.94525000	3.61464131e-07	
0.94683333	4.02169026e-07	
0.94841667	7.30360860e-07	
0.95000000	5.54375987e-07	
0.95158333	6.72533897e-07	
0.95316667	5.77824687e-07	
0.95475000	4.08815712e-07	
0.95633333	3.26531332e-07	
0.95791667	5.64339107e-08	
0.95950000	1.59753174e-07	
0.96108333	1.52363503e-07	
0.96266667	1.05012363e-07	
0.96425000	2.90545321e-07	
0.96583333	2.73226908e-07	
0.96741667	3.45812633e-07	
0.96900000	4.33151744e-07	
0.97058333	5.75491847e-07	
0.97216667	6.38233870e-07	
0.97375000	6.85247812e-07	
0.97533333	5.53973273e-07	
0.97691667	3.50255004e-07	
0.97850000	1.78861008e-07	
0.98008333	2.48223970e-07	
0.98166667	4.31676050e-08	
0.98325000	1.92862798e-07	
0.98483333	3.92878685e-07	
0.98641667	7.24568352e-07	
0.98800000	6.71550045e-07	
0.98958333	5.30205359e-07	
0.99116667	6.56165987e-07	
0.99275000	5.16507480e-07	
0.99433333	5.65076891e-07	
0.99591667	2.96647103e-07	
0.99750000	-1.37757963e-07	
0.99908333	-6.74877672e-08	
1.00066667	6.70556383e-14	
1.00225000	2.05971726e-07	
1.00383333	2.19653686e-07	
1.00541667	3.80002503e-07	
1.00700000	5.23852658e-07	
1.00858333	4.26842333e-07	
1.01016667	5.73588545e-07	
1.01175000	5.87070926e-07	
1.01333333	5.93209978e-07	
1.01491667	5.12402048e-07	
1.01650000	1.17276185e-07	
1.01808333	1.33221466e-07	
1.01966667	2.37403500e-07	
1.02125000	3.05333989e-07	
1.02283333	2.81134463e-07	
1.02441667	4.02575352e-07	
1.02600000	4.96758418e-07	
1.02758333	6.90736058e-07	
1.02916667	6.46142881e-07	
1.03075000	6.76734646e-07	
1.03233333	4.89266514e-07	
1.03391667	7.03830453e-07	
1.03550000	2.32288469e-07	
1.03708333	1.70935364e-07	
1.03866667	1.14968469e-07	
1.04025000	8.19285892e-08	
1.04183333	2.73356582e-07	
1.04341667	1.94857523e-07	
1.04500000	3.09359057e-07	
1.04658333	6.05713155e-07	
1.04816667	5.48612881e-07	
1.04975000	5.94979209e-07	
1.05133333	5.80244276e-07	
1.05291667	5.55680510e-07	
1.05450000	4.75457190e-07	
1.05608333	1.69889279e-07	
1.05766667	1.86802920e-07	
1.05925000	1.28467804e-07	
1.06083333	2.78930792e-07	
1.06241667	4.21787350e-07	
1.06400000	3.40524260e-07	
1.06558333	4.07915051e-07	
1.06716667	6.37843869e-07	
1.06875000	5.33403158e-07	
1.07033333	5.42996893e-07	
1.07191667	4.92568030e-07	
1.07350000	5.39321616e-07	
1.07508333	2.79837052e-07	
1.07666667	1.62993578e-07	
1.07825000	1.68662992e-07	
1.07983333	1.44628912e-07	
1.08141667	2.27119213e-07	
1.08300000	1.74513547e-07	
1.08458333	2.88136121e-07	
1.08616667	5.49001146e-07	
1.08775000	5.49693617e-07	
1.08933333	6.39098325e-07	
1.09091667	6.45537494e-07	
1.09250000	7.86014925e-07	
1.09408333	6.76515116e-07	
1.09566667	3.16005883e-07	
1.09725000	1.08650832e-07	
1.09883333	8.59045016e-08	
1.10041667	2.51101687e-07	
1.10200000	1.70771655e-07	
1.10358333	1.86527150e-07	
1.10516667	4.66336817e-07	
1.10675000	7.30404822e-07	
1.10833333	5.55440875e-07	
1.10991667	5.45243321e-07	
1.11150000	5.10491578e-07	
1.11308333	6.43635200e-07	
1.11466667	2.99671939e-07	
1.11625000	1.34862367e-07	
1.11783333	6.12314535e-08	
1.11941667	1.89136951e-07	
1.12100000	2.54429076e-07	
1.12258333	1.97001580e-07	
1.12416667	3.11485249e-07	
1.12575000	4.43263642e-07	
1.12733333	4.92654890e-07	
1.12891667	5.88455084e-07	
1.13050000	5.28734173e-07	
1.13208333	7.22798729e-07	
1.13366667	6.40133475e-07	
1.13525000	4.70703361e-07	
1.13683333	1.23149185e-08	
1.13841667	9.24289274e-08	
1.14000000	2.04303369e-07	
1.14158333	1.31354454e-07	
1.14316667	1.76993492e-07	
1.14475000	4.24942391e-07	
1.14633333	5.26143104e-07	
1.14791667	6.55518206e-07	
1.14950000	5.84953135e-07	
1.15108333	5.53150876e-07	
1.15266667	5.73805387e-07	
1.15425000	4.41017325e-07	
1.15583333	1.50203794e-07	
1.15741667	-2.71541572e-08	
1.15900000	3.27975952e-08	
1.16058333	2.53306002e-07	
1.16216667	1.44032947e-07	
1.16375000	2.26211804e-07	
1.16533333	2.45363530e-07	
1.16691667	6.14421882e-07	
1.16850000	4.57351830e-07	
1.17008333	4.60418975e-07	
1.17166667	6.32833380e-07	
@ 
0.00000000	6.49296046e-07	
0.00158333	6.42167375e-07	
0.00316667	2.12297910e-07	
0.00475000	8.42193160e-08	
0.00633333	2.05946161e-07	
0.00791667	2.04779195e-07	
0.00950000	1.90130743e-07	
0.01108333	1.97692441e-07	
0.01266667	4.73037714e-07	
0.01425000	5.79682515e-07	
0.01583333	5.23593758e-07	
0.01741667	4.87020701e-07	
0.01900000	4.35354995e-07	
0.02058333	5.79898740e-07	
0.02216667	3.14276554e-07	
0.02375000	1.78117707e-08	
0.02533333	8.45650335e-08	
0.02691667	9.18237852e-08	
0.02850000	2.28632485e-07	
0.03008333	3.21840309e-07	
0.03166667	3.45174288e-07	
0.03325000	6.05955814e-07	
0.03483333	3.74902886e-07	
0.03641667	4.56701697e-07	
0.03800000	6.32702950e-07	
0.03958333	6.15720804e-07	
0.04116667	6.71076600e-07	
0.04275000	3.98193463e-07	
0.04433333	2.14588091e-07	
0.04591667	1.69155898e-07	
0.04750000	1.63514422e-08	
0.04908333	1.69475420e-07	
0.05066667	1.30851569e-08	
0.05225000	3.36055455e-07	
0.05383333	4.67124912e-07	
0.05541667	6.05392596e-07	
0.05700000	6.18614398e-07	
0.05858333	4.89412960e-07	
0.06016667	7.08368225e-07	
0.06175000	3.77324407e-07	
0.06333333	1.94105872e-07	
0.06491667	7.68729903e-08	
0.06650000	4.94337891e-08	
0.06808333	1.08487039e-07	
0.06966667	2.51543407e-07	
0.07125000	2.04217685e-07	
0.07283333	3.36271205e-07	
0.07441667	4.94945001e-07	
0.07600000	6.34948147e-07	
0.07758333	4.37775143e-07	
0.07916667	3.92533625e-07	
0.08075000	5.60668598e-07	
0.08233333	2.70676497e-07	
0.08391667	8.51266197e-08	
0.08550000	2.30749814e-08	
0.08708333	1.10889337e-07	
0.08866667	2.71584018e-07	
0.09025000	1.75897537e-07	
0.09183333	3.54507331e-07	
0.09341667	3.61376795e-07	
0.09500000	4.17638880e-07	
0.09658333	5.43600880e-07	
0.09816667	6.38059646e-07	
0.09975000	7.39132645e-07	
0.10133333	4.54498054e-07	
0.10291667	1.37714617e-07	
0.10450000	1.22460947e-07	
0.10608333	9.75739482e-09	
0.10766667	1.96775959e-07	
0.10925000	1.32097103e-07	
0.11083333	3.10688837e-07	
0.11241667	6.62174328e-07	
0.11400000	4.99913431e-07	
0.11558333	5.09118397e-07	
0.11716667	3.80849653e-07	
0.11875000	4.69966984e-07	
0.12033333	6.31501696e-07	
0.12191667	4.69762463e-07	
0.12350000	3.09955904e-07	
0.12508333	2.00294345e-07	
0.12666667	3.85282532e-07	
0.12825000	1.95513439e-07	
0.12983333	1.00500710e-07	
0.13141667	2.26297922e-07	
0.13300000	2.87486940e-07	
0.13458333	5.38285345e-07	
0.13616667	4.88201962e-07	
0.13775000	4.61230760e-07	
0.13933333	7.17612168e-07	
0.14091667	6.92334874e-07	
0.14250000	2.97147765e-07	
0.14408333	1.09281582e-07	
0.14566667	5.58725170e-08	
0.14725000	2.37533202e-07	
0.14883333	1.84875622e-07	
0.15041667	2.60003147e-07	
0.15200000	3.32858412e-07	
0.15358333	7.41941171e-07	
0.15516667	6.61611055e-07	
0.15675000	6.60876414e-07	
0.15833333	5.97225526e-07	
0.15991667	6.05808191e-07	
0.16150000	4.78826917e-07	
0.16308333	2.29971197e-07	
0.16466667	-6.89138992e-08	
0.16625000	1.26566617e-07	
0.16783333	3.34794047e-08	
0.16941667	1.98452395e-07	
0.17100000	2.69985370e-07	
0.17258333	3.89594333e-07	
0.17416667	5.90571811e-07	
0.17575000	4.68023165e-07	
0.17733333	4.07786386e-07	
0.17891667	5.35034903e-07	
0.18050000	5.10888636e-07	
0.18208333	4.77788015e-07	
0.18366667	2.43539696e-07	
0.18525000	6.71071601e-08	
0.18683333	1.41473814e-07	
0.18841667	1.41085451e-07	
0.19000000	2.88905326e-08	
0.19158333	1.20187861e-07	
0.19316667	4.14138471e-07	
0.19475000	6.42384608e-07	
0.19633333	5.36082262e-07	
0.19791667	5.70132406e-07	
0.19950000	5.69051950e-07	
0.20108333	4.82844706e-07	
0.20266667	6.68138400e-08	
0.20425000	2.58535685e-07	
0.20583333	1.77037440e-07	
0.20741667	1.84511812e-08	
0.20900000	3.65995077e-08	
0.21058333	-3.11231750e-10	
0.21216667	2.28155722e-07	
0.21375000	4.85698874e-07	
0.21533333	4.46763239e-07	
0.21691667	5.51422415e-07	
0.21850000	5.45891439e-07	
0.22008333	6.06690119e-07	
0.22166667	4.66857024e-07	
0.22325000	2.61749557e-07	
0.22483333	1.76172313e-07	
0.22641667	1.30714205e-07	
0.22800000	3.36686127e-07	
0.22958333	2.67945619e-07	
0.23116667	3.80995316e-07	
0.23275000	3.85144570e-07	
0.23433333	4.43436157e-07	
0.23591667	5.53712694e-07	
0.23750000	5.18926397e-07	
0.23908333	3.87952760e-07	
0.24066667	5.27742760e-07	
0.24225000	1.77988306e-07	
0.24383333	5.36777541e-08	
0.24541667	1.71938215e-07	
0.24700000	1.37282152e-07	
0.24858333	3.49141401e-08	
0.25016667	2.10615878e-08	
0.25175000	1.24534972e-07	
0.25333333	2.78497976e-07	
0.25491667	4.97710125e-07	
0.25650000	5.95323009e-07	
0.25808333	5.27697902e-07	
0.25966667	6.58816586e-07	
0.26125000	5.15644033e-07	
0.26283333	1.28813844e-07	
0.26441667	1.61627928e-07	
0.26600000	-1.55996907e-08	
0.26758333	1.20464975e-07	
0.26916667	1.04425527e-07	
0.27075000	2.86232427e-07	
0.27233333	4.78541585e-07	
0.27391667	6.43334243e-07	
0.27550000	7.60782265e-07	
0.27708333	6.25141155e-07	
0.27866667	6.92464183e-07	
0.28025000	6.54694857e-07	
0.28183333	4.01694012e-07	
0.28341667	2.41146792e-07	
0.28500000	7.93365409e-08	
0.28658333	2.89863126e-07	
0.28816667	2.22842721e-07	
0.28975000	8.82373983e-08	
0.29133333	2.23335291e-07	
0.29291667	2.77719345e-07	
0.29450000	3.04727369e-07	
0.29608333	5.28216429e-07	
0.29766667	5.00475585e-07	
0.29925000	5.79467185e-07	
0.30083333	4.30430078e-07	
0.30241667	1.61169982e-07	
0.30400000	-3.83806117e-08	
0.30558333	1.86678794e-08	
0.30716667	1.95445116e-07	
0.30875000	-3.24260115e-08	
0.31033333	1.85851479e-07	
0.31191667	4.38985246e-07	
0.31350000	6.49002985e-07	
0.31508333	6.55603833e-07	
0.31666667	5.85559138e-07	
0.31825000	5.61490659e-07	
0.31983333	5.79223854e-07	
0.32141667	4.32763758e-07	
0.32300000	1.22642255e-07	
0.32458333	1.64453717e-07	
0.32616667	2.62337219e-07	
0.32775000	2.52846669e-07	
0.32933333	2.60453155e-07	
0.33091667	2.29021086e-07	
0.33250000	2.99050003e-07	
0.33408333	3.08313882e-07	
0.33566667	4.53807067e-07	
0.33725000	4.66813790e-07	
0.33883333	6.39227355e-07	
0.34041667	5.27744104e-07	
0.34200000	4.16428637e-07	
0.34358333	9.21353272e-08	
0.34516667	1.72197759e-07	
0.34675000	1.82092437e-07	
0.34833333	1.37325890e-07	
0.34991667	1.98989403e-07	
0.35150000	2.02497050e-07	
0.35308333	3.91324391e-07	
0.35466667	6.04702645e-07	
0.35625000	5.18796359e-07	
0.35783333	6.43244527e-07	
0.35941667	5.32580817e-07	
0.36100000	5.26954525e-07	
0.36258333	-1.01978630e-07	
0.36416667	-1.81142526e-08	
0.36575000	3.07664960e-08	
0.36733333	1.07168491e-08	
0.36891667	8.23697420e-08	
0.37050000	1.87261259e-07	
0.37208333	2.87658643e-07	
0.37366667	6.00336242e-07	
0.37525000	4.36781407e-07	
0.37683333	4.19021890e-07	
0.37841667	4.42366145e-07	
0.38000000	4.93129175e-07	
0.38158333	4.15650315e-07	
0.38316667	1.02075024e-07	
0.38475000	1.14829736e-07	
0.38633333	-1.31278072e-08	
0.38791667	8.55676745e-08	
0.38950000	1.67462032e-07	
0.39108333	2.36514265e-07	
0.39266667	4.20742847e-07	
0.39425000	5.93016937e-07	
0.39583333	5.18537739e-07	
0.39741667	6.08893706e-07	
0.39900000	6.00120464e-07	
0.40058333	7.18652414e-07	
0.40216667	3.55724686e-07	
0.40375000	-1.60052224e-08	
0.40533333	5.46533773e-08	
0.40691667	9.54541551e-08	
0.40850000	2.16454906e-07	
0.41008333	1.39279244e-07	
0.41166667	2.08944059e-07	
0.41325000	4.93648654e-07	
0.41483333	4.72647712e-07	
0.41641667	5.00475473e-07	
0.41800000	3.62397273e-07	
0.41958333	4.79500012e-07	
0.42116667	4.67245486e-07	
0.42275000	1.39443149e-07	
0.42433333	2.68516621e-07	
0.42591667	1.77987732e-07	
0.42750000	2.01797635e-07	
0.42908333	3.23420392e-07	
0.43066667	2.72698188e-07	
0.43225000	3.98755896e-07	
0.43383333	3.52717407e-07	
0.43541667	5.18364467e-07	
0.43700000	4.92264720e-07	
0.43858333	4.73812116e-07	
0.44016667	6.87624390e-07	
0.44175000	2.94011036e-07	
0.44333333	5.04068986e-07	
0.44491667	3.29832876e-07	
0.44650000	2.12367171e-07	
0.44808333	3.15417437e-07	
0.44966667	2.60831676e-07	
0.45125000	4.62319169e-07	
0.45283333	8.97981141e-07	
0.45441667	8.02524746e-07	
0.45600000	9.27447255e-07	
0.45758333	1.02567124e-06	
0.45916667	1.35274708e-06	
0.46075000	1.59574591e-06	
0.46233333	2.57715052e-06	
0.46391667	4.56884091e-06	
0.46550000	7.51612503e-06	
0.46708333	1.03020260e-05	
0.46866667	1.35486835e-05	
0.47025000	1.74494063e-05	
0.47183333	2.28424537e-05	
0.47341667	2.76846890e-05	
0.47500000	3.17702596e-05	
0.47658333	3.66197080e-05	
0.47816667	4.39460016e-05	
0.47975000	5.44385643e-05	
0.48133333	6.98355959e-05	
0.48291667	9.27045706e-05	
0.48450000	1.31732663e-04	
0.48608333	1.74690092e-04	
0.48766667	2.09696232e-04	
0.48925000	2.20108248e-04	
0.49083333	2.26758056e-04	
0.49241667	2.50434234e-04	
0.49400000	3.01481114e-04	
0.49558333	4.01260912e-04	
0.49716667	4.55804126e-04	
0.49875000	4.61498039e-04	
0.50033333	5.73420657e-04	
0.50191667	8.48507524e-04	
0.50350000	1.09973328e-03	
0.50508333	1.53738226e-03	
0.50666667	1.78115566e-03	
0.50825000	1.67896739e-03	
0.50983333	3.83172575e-03	
0.51141667	6.18393973e-03	
0.51300000	1.58133350e-02	
0.51458333	1.11662522e-02	
0.51616667	1.01537375e-02	
0.51775000	1.45615960e-02	
0.51933333	1.64251835e-02	
0.52091667	2.15088076e-02	
0.52250000	3.83691516e-02	
0.52408333	3.79627268e-02	
0.52566667	7.54495119e-02	
0.52725000	1.26518146e-01	
0.52883333	1.03109792e-01	
0.53041667	1.07087475e-01	
0.53200000	1.38180409e-01	
0.53358333	1.66364284e-01	
0.53516667	1.99083681e-01	
0.53675000	3.57672761e-01	
0.53833333	5.39703299e-01	
0.53991667	5.83579340e-01	
0.54150000	4.40120874e-01	
0.54308333	4.41461341e-01	
0.54466667	7.24629493e-01	
0.54625000	2.05980946e+00	
0.54783333	2.49249592e+00	
0.54941667	2.52478294e+00	
0.55100000	4.42994308e+00	
0.55258333	9.85828149e+00	
0.55416667	1.32022147e+01	
0.55575000	1.42066899e+01	
0.55733333	1.46249266e+01	
0.55891667	1.61606054e+01	
0.56050000	1.90968119e+01	
0.56208333	2.08329255e+01	
0.56366667	2.14002281e+01	
0.56525000	2.21498441e+01	
0.56683333	2.26772527e+01	
0.56841667	2.34868638e+01	
0.57000000	2.51882586e+01	
0.57158333	2.62791345e+01	
0.57316667	2.71106018e+01	
0.57475000	2.76674958e+01	
0.57633333	2.79252320e+01	
0.57791667	2.90254434e+01	
0.57950000	2.98924225e+01	
0.58108333	3.00646582e+01	
