start voltage : 0.00 V 
set voltage : 0.10 V 
High G : 30.00 G0 
Intermediate G : 20.00 G0 
Low G : 10.00 G0 
Breaking speed 1 : 300.00 V/s 
Breaking speed 2 : 300.00 V/s 
Making speed : 500.00 V/s 
Post breaking : 230.00 V/s 
@ 
0.00000000	6.31868379e+01	
0.00158333	6.45094766e+01	
0.00316667	6.47991185e+01	
0.00475000	6.48926166e+01	
0.00633333	6.49550264e+01	
0.00791667	6.50631141e+01	
0.00950000	6.49229308e+01	
0.01108333	6.50994415e+01	
0.01266667	6.52695556e+01	
0.01425000	6.52641211e+01	
0.01583333	6.52373247e+01	
0.01741667	6.50871971e+01	
0.01900000	6.52986446e+01	
0.02058333	6.49467131e+01	
0.02216667	6.49238253e+01	
0.02375000	6.51691874e+01	
0.02533333	6.48411961e+01	
0.02691667	6.49682254e+01	
0.02850000	6.47987803e+01	
0.03008333	6.49206458e+01	
0.03166667	6.44528019e+01	
0.03325000	6.44104312e+01	
0.03483333	6.47057557e+01	
0.03641667	6.46084166e+01	
0.03800000	6.45559888e+01	
0.03958333	6.44286288e+01	
0.04116667	6.42483523e+01	
0.04275000	6.42429103e+01	
0.04433333	6.40752241e+01	
0.04591667	6.43655726e+01	
0.04750000	6.40566958e+01	
0.04908333	6.40317259e+01	
0.05066667	6.40320040e+01	
0.05225000	6.39624235e+01	
0.05383333	6.38084699e+01	
0.05541667	6.39896634e+01	
0.05700000	6.38811172e+01	
0.05858333	6.39283436e+01	
0.06016667	6.38248785e+01	
0.06175000	6.40153173e+01	
0.06333333	6.36685197e+01	
0.06491667	6.39104768e+01	
0.06650000	6.37325079e+01	
0.06808333	6.38088382e+01	
0.06966667	6.40113636e+01	
0.07125000	6.36982475e+01	
0.07283333	6.37688954e+01	
0.07441667	6.35636039e+01	
0.07600000	6.32588913e+01	
0.07758333	6.34601840e+01	
0.07916667	6.30465343e+01	
0.08075000	6.31517657e+01	
0.08233333	6.25810206e+01	
0.08391667	6.24444753e+01	
0.08550000	6.24792843e+01	
0.08708333	6.19889924e+01	
0.08866667	6.21732676e+01	
0.09025000	6.24436297e+01	
0.09183333	6.22204226e+01	
0.09341667	6.19569870e+01	
0.09500000	6.20337345e+01	
0.09658333	6.21963020e+01	
0.09816667	6.17265302e+01	
0.09975000	6.17244857e+01	
0.10133333	6.17304350e+01	
0.10291667	6.18221329e+01	
0.10450000	6.19644697e+01	
0.10608333	6.14154435e+01	
0.10766667	6.16259966e+01	
0.10925000	6.16435026e+01	
0.11083333	6.14198219e+01	
0.11241667	6.17445886e+01	
0.11400000	6.11600694e+01	
0.11558333	6.14516056e+01	
0.11716667	6.14793679e+01	
0.11875000	6.13555819e+01	
0.12033333	6.11999409e+01	
0.12191667	6.08914211e+01	
0.12350000	6.10442322e+01	
0.12508333	6.10901018e+01	
0.12666667	6.07639708e+01	
0.12825000	6.11409436e+01	
0.12983333	6.05915943e+01	
0.13141667	6.04701910e+01	
0.13300000	6.03689960e+01	
0.13458333	6.05059021e+01	
0.13616667	6.05817401e+01	
0.13775000	6.02139713e+01	
0.13933333	6.05817626e+01	
0.14091667	6.03748777e+01	
0.14250000	6.00408694e+01	
0.14408333	6.02111977e+01	
0.14566667	6.00136144e+01	
0.14725000	5.99831763e+01	
0.14883333	5.99255170e+01	
0.15041667	5.95952030e+01	
0.15200000	5.91295690e+01	
0.15358333	5.86870145e+01	
0.15516667	5.86700460e+01	
0.15675000	5.85583503e+01	
0.15833333	5.86355489e+01	
0.15991667	5.85118343e+01	
0.16150000	5.82270405e+01	
0.16308333	5.84418028e+01	
0.16466667	5.82934340e+01	
0.16625000	5.82716661e+01	
0.16783333	5.79550661e+01	
0.16941667	5.77705954e+01	
0.17100000	5.78931074e+01	
0.17258333	5.75250642e+01	
0.17416667	5.79139808e+01	
0.17575000	5.79082720e+01	
0.17733333	5.78066598e+01	
0.17891667	5.79245189e+01	
0.18050000	5.76613164e+01	
0.18208333	5.75439082e+01	
0.18366667	5.77709750e+01	
0.18525000	5.75113616e+01	
0.18683333	5.76797056e+01	
0.18841667	5.74758948e+01	
0.19000000	5.76392403e+01	
0.19158333	5.75163488e+01	
0.19316667	5.75165442e+01	
0.19475000	5.70375834e+01	
0.19633333	5.58996409e+01	
0.19791667	5.61024933e+01	
0.19950000	5.59597844e+01	
0.20108333	5.57540495e+01	
0.20266667	5.60011817e+01	
0.20425000	5.61275459e+01	
0.20583333	5.57458076e+01	
0.20741667	5.53000022e+01	
0.20900000	5.49935495e+01	
0.21058333	5.46241835e+01	
0.21216667	5.46958123e+01	
0.21375000	5.47894419e+01	
0.21533333	5.43257584e+01	
0.21691667	5.40120448e+01	
0.21850000	5.41146492e+01	
0.22008333	5.40078994e+01	
0.22166667	5.42291222e+01	
0.22325000	5.39884579e+01	
0.22483333	5.37385183e+01	
0.22641667	5.34986808e+01	
0.22800000	5.26099677e+01	
0.22958333	5.29730499e+01	
0.23116667	5.29337234e+01	
0.23275000	5.28135641e+01	
0.23433333	5.26212161e+01	
0.23591667	5.26272707e+01	
0.23750000	5.23723814e+01	
0.23908333	5.20381852e+01	
0.24066667	5.20762527e+01	
0.24225000	5.20024855e+01	
0.24383333	5.16781171e+01	
0.24541667	5.19293196e+01	
0.24700000	5.17063492e+01	
0.24858333	5.18198601e+01	
0.25016667	5.13276288e+01	
0.25175000	5.12107957e+01	
0.25333333	5.11748027e+01	
0.25491667	5.09533056e+01	
0.25650000	5.11799365e+01	
0.25808333	5.11347096e+01	
0.25966667	5.10988745e+01	
0.26125000	5.06357924e+01	
0.26283333	5.01589174e+01	
0.26441667	5.01930725e+01	
0.26600000	5.01181891e+01	
0.26758333	5.01450907e+01	
0.26916667	4.99711019e+01	
0.27075000	5.00972255e+01	
0.27233333	5.01420278e+01	
0.27391667	5.01958799e+01	
0.27550000	5.00891866e+01	
0.27708333	4.99058058e+01	
0.27866667	4.95755783e+01	
0.28025000	4.96856428e+01	
0.28183333	4.96366764e+01	
0.28341667	4.94302199e+01	
0.28500000	4.82598661e+01	
0.28658333	4.83070436e+01	
0.28816667	4.83140302e+01	
0.28975000	4.80643048e+01	
0.29133333	4.80915109e+01	
0.29291667	4.78949310e+01	
0.29450000	4.80676684e+01	
0.29608333	4.76244186e+01	
0.29766667	4.76210588e+01	
0.29925000	4.69939922e+01	
0.30083333	4.63459208e+01	
0.30241667	4.61236044e+01	
0.30400000	4.59094284e+01	
0.30558333	4.57322637e+01	
0.30716667	4.57464587e+01	
0.30875000	4.42689231e+01	
0.31033333	4.41704942e+01	
0.31191667	4.41790292e+01	
0.31350000	4.39876320e+01	
0.31508333	4.48515970e+01	
0.31666667	4.44401910e+01	
0.31825000	4.44427429e+01	
0.31983333	4.45385674e+01	
0.32141667	4.41088924e+01	
0.32300000	4.39438031e+01	
0.32458333	4.34726896e+01	
0.32616667	4.26836080e+01	
0.32775000	4.19904937e+01	
0.32933333	4.15482587e+01	
0.33091667	4.13112588e+01	
0.33250000	4.10737214e+01	
0.33408333	4.13208010e+01	
0.33566667	4.09887846e+01	
0.33725000	4.10597932e+01	
0.33883333	4.12654267e+01	
0.34041667	4.03356545e+01	
0.34200000	4.04451628e+01	
0.34358333	4.02376803e+01	
0.34516667	3.98860457e+01	
0.34675000	3.95664917e+01	
0.34833333	3.95087497e+01	
0.34991667	3.97564795e+01	
0.35150000	3.95313520e+01	
0.35308333	3.91804991e+01	
0.35466667	3.89863659e+01	
0.35625000	3.87241593e+01	
0.35783333	3.88522748e+01	
0.35941667	3.88275341e+01	
0.36100000	3.88398688e+01	
0.36258333	3.88732685e+01	
0.36416667	3.85612874e+01	
0.36575000	3.85627944e+01	
0.36733333	3.83725586e+01	
0.36891667	3.82542221e+01	
0.37050000	3.79669478e+01	
0.37208333	3.77733145e+01	
0.37366667	3.76451088e+01	
0.37525000	3.75134944e+01	
0.37683333	3.76829658e+01	
0.37841667	3.74279600e+01	
0.38000000	3.70662834e+01	
0.38158333	3.62782842e+01	
0.38316667	3.53694756e+01	
0.38475000	3.51041872e+01	
0.38633333	3.53187127e+01	
0.38791667	3.51401613e+01	
0.38950000	3.48316904e+01	
0.39108333	3.43957768e+01	
0.39266667	3.45162517e+01	
0.39425000	3.42462730e+01	
0.39583333	3.36935186e+01	
0.39741667	3.28222100e+01	
0.39900000	3.23658777e+01	
0.40058333	3.24620367e+01	
0.40216667	3.22277727e+01	
0.40375000	3.18939524e+01	
0.40533333	3.17214217e+01	
0.40691667	3.14264355e+01	
0.40850000	3.13039893e+01	
0.41008333	3.11615116e+01	
0.41166667	3.10955202e+01	
0.41325000	3.07699267e+01	
0.41483333	3.06989519e+01	
0.41641667	3.06895073e+01	
0.41800000	3.07150823e+01	
0.41958333	3.04639964e+01	
0.42116667	3.00940629e+01	
0.42275000	2.94601732e+01	
0.42433333	2.92764673e+01	
0.42591667	2.90758493e+01	
0.42750000	2.91738592e+01	
0.42908333	2.81933842e+01	
0.43066667	2.83010078e+01	
0.43225000	2.85432016e+01	
0.43383333	2.83684123e+01	
0.43541667	2.83571675e+01	
0.43700000	2.82262390e+01	
0.43858333	2.82478697e+01	
0.44016667	2.82471650e+01	
0.44175000	2.80474752e+01	
0.44333333	2.81388311e+01	
0.44491667	2.74546503e+01	
0.44650000	2.71721227e+01	
0.44808333	2.67386463e+01	
0.44966667	2.73800092e+01	
0.45125000	2.77070591e+01	
0.45283333	2.74063603e+01	
0.45441667	2.73144933e+01	
0.45600000	2.68833583e+01	
0.45758333	2.64237356e+01	
0.45916667	2.58281821e+01	
0.46075000	2.58059971e+01	
0.46233333	2.61776143e+01	
0.46391667	2.61941300e+01	
0.46550000	2.59305009e+01	
0.46708333	2.44220724e+01	
0.46866667	2.43616526e+01	
0.47025000	2.36723718e+01	
0.47183333	2.37281557e+01	
0.47341667	2.36623015e+01	
0.47500000	2.33168305e+01	
0.47658333	2.29069767e+01	
0.47816667	2.23569546e+01	
0.47975000	2.21422788e+01	
0.48133333	2.18054179e+01	
0.48291667	2.19524920e+01	
0.48450000	2.12419056e+01	
0.48608333	2.16574250e+01	
0.48766667	2.13656502e+01	
0.48925000	2.05259749e+01	
0.49083333	1.96152364e+01	
0.49241667	1.98027156e+01	
0.49400000	2.02108237e+01	
0.49558333	2.00573079e+01	
0.49716667	1.96066732e+01	
0.49875000	1.92331336e+01	
0.50033333	1.91882637e+01	
0.50191667	1.82032825e+01	
0.50350000	1.75865400e+01	
0.50508333	1.79978257e+01	
0.50666667	1.76837982e+01	
0.50825000	1.75736623e+01	
0.50983333	1.78262026e+01	
0.51141667	1.77420946e+01	
0.51300000	1.74682843e+01	
0.51458333	1.78230908e+01	
0.51616667	1.76702703e+01	
0.51775000	1.76912640e+01	
0.51933333	1.74157494e+01	
0.52091667	1.76559269e+01	
0.52250000	1.74994102e+01	
0.52408333	1.73177376e+01	
0.52566667	1.74401217e+01	
0.52725000	1.72121886e+01	
0.52883333	1.73343247e+01	
0.53041667	1.71189235e+01	
0.53200000	1.69636583e+01	
0.53358333	1.70239634e+01	
0.53516667	1.58382120e+01	
0.53675000	1.59804153e+01	
0.53833333	1.53869618e+01	
0.53991667	1.49081673e+01	
0.54150000	1.50457640e+01	
0.54308333	1.51588220e+01	
0.54466667	1.49301203e+01	
0.54625000	1.48359391e+01	
0.54783333	1.36280261e+01	
0.54941667	1.30977011e+01	
0.55100000	1.32561674e+01	
0.55258333	1.28251517e+01	
0.55416667	1.29392123e+01	
0.55575000	1.30466498e+01	
0.55733333	1.29410322e+01	
0.55891667	1.27198357e+01	
0.56050000	1.20977132e+01	
0.56208333	1.18574286e+01	
0.56366667	1.19663487e+01	
0.56525000	1.17892339e+01	
0.56683333	1.16284497e+01	
0.56841667	1.18113231e+01	
0.57000000	1.16777365e+01	
0.57158333	1.18144077e+01	
0.57316667	1.17455788e+01	
0.57475000	1.15324843e+01	
0.57633333	1.15525158e+01	
0.57791667	1.06425121e+01	
0.57950000	1.01950286e+01	
0.58108333	9.69796236e+00	
0.58266667	9.43256120e+00	
0.58425000	8.61302547e+00	
0.58583333	8.20367243e+00	
0.58741667	7.48658090e+00	
0.58900000	7.46500376e+00	
0.59058333	6.37387513e+00	
0.59216667	6.07331399e+00	
0.59375000	4.11985756e+00	
0.59533333	2.77202793e+00	
0.59691667	2.58312437e+00	
0.59850000	2.60765527e+00	
0.60008333	2.47644437e+00	
0.60166667	2.54815935e+00	
0.60325000	2.63875844e+00	
0.60483333	2.53000106e+00	
0.60641667	2.53632152e+00	
0.60800000	2.16405645e+00	
0.60958333	1.97956439e+00	
0.61116667	2.01762364e+00	
0.61275000	1.82631538e+00	
0.61433333	2.26627756e-01	
0.61591667	1.53752613e-02	
0.61750000	5.04840281e-03	
0.61908333	-7.34782072e-05	
0.62066667	-7.01102344e-04	
0.62225000	-3.07188245e-04	
0.62383333	-5.40768472e-05	
0.62541667	-1.26258794e-05	
0.62700000	6.21569157e-06	
0.62858333	1.78404042e-05	
0.63016667	2.44240435e-05	
0.63175000	2.68491835e-05	
0.63333333	2.61976386e-05	
0.63491667	2.36624147e-05	
0.63650000	2.02389820e-05	
0.63808333	1.70874204e-05	
0.63966667	1.39310749e-05	
0.64125000	1.12792161e-05	
0.64283333	8.91952112e-06	
0.64441667	7.20758658e-06	
0.64600000	5.84042232e-06	
0.64758333	4.67146664e-06	
0.64916667	3.74224001e-06	
0.65075000	2.82180377e-06	
0.65233333	2.25872180e-06	
0.65391667	1.76381482e-06	
0.65550000	1.13685280e-06	
0.65708333	9.87989948e-07	
0.65866667	9.83236567e-07	
0.66025000	1.15763690e-06	
0.66183333	1.09762260e-06	
0.66341667	1.13842580e-06	
0.66500000	1.30798730e-06	
0.66658333	1.19177615e-06	
0.66816667	1.36264026e-06	
0.66975000	1.54284918e-06	
0.67133333	1.42531379e-06	
0.67291667	1.35468399e-06	
0.67450000	9.86516634e-07	
0.67608333	9.64739049e-07	
0.67766667	8.57230521e-07	
0.67925000	8.58221485e-07	
0.68083333	9.08134397e-07	
0.68241667	1.08347390e-06	
0.68400000	1.42861100e-06	
0.68558333	1.50656056e-06	
0.68716667	1.44223238e-06	
0.68875000	1.59876870e-06	
0.69033333	1.45551102e-06	
0.69191667	1.65571687e-06	
0.69350000	1.51186501e-06	
0.69508333	9.35399556e-07	
0.69666667	9.24942319e-07	
0.69825000	8.61898890e-07	
0.69983333	8.97242972e-07	
0.70141667	9.49700470e-07	
0.70300000	9.55339251e-07	
0.70458333	1.17522606e-06	
0.70616667	1.35399415e-06	
0.70775000	1.52282134e-06	
0.70933333	1.45435479e-06	
0.71091667	1.52157651e-06	
0.71250000	1.55460433e-06	
0.71408333	1.20763651e-06	
0.71566667	9.46029841e-07	
0.71725000	8.76373468e-07	
0.71883333	9.51475973e-07	
0.72041667	1.08977339e-06	
0.72200000	8.54768986e-07	
0.72358333	9.84228707e-07	
0.72516667	1.39365199e-06	
0.72675000	1.33648619e-06	
0.72833333	1.36868775e-06	
0.72991667	1.44262854e-06	
0.73150000	1.48220932e-06	
0.73308333	1.35979153e-06	
0.73466667	1.15591023e-06	
0.73625000	9.02472543e-07	
0.73783333	8.73390102e-07	
0.73941667	1.11332503e-06	
0.74100000	9.33677591e-07	
0.74258333	1.05950258e-06	
0.74416667	1.22068666e-06	
0.74575000	1.35359451e-06	
0.74733333	1.44038497e-06	
0.74891667	1.34323046e-06	
0.75050000	1.43380277e-06	
0.75208333	1.50776260e-06	
0.75366667	1.36134347e-06	
0.75525000	8.99490913e-07	
0.75683333	9.20345465e-07	
0.75841667	9.78697899e-07	
0.76000000	8.58914908e-07	
0.76158333	1.02285846e-06	
0.76316667	1.06049976e-06	
0.76475000	1.23913669e-06	
0.76633333	1.52999728e-06	
0.76791667	1.30872676e-06	
0.76950000	1.37640165e-06	
0.77108333	1.23932385e-06	
0.77266667	1.32548696e-06	
0.77425000	1.18120455e-06	
0.77583333	6.44542553e-07	
0.77741667	8.14233247e-07	
0.77900000	1.00077723e-06	
0.78058333	9.19184084e-07	
0.78216667	9.35096638e-07	
0.78375000	1.05453325e-06	
0.78533333	1.03175927e-06	
0.78691667	1.26235320e-06	
0.78850000	1.23096693e-06	
0.79008333	1.26916512e-06	
0.79166667	1.26274992e-06	
0.79325000	1.31680624e-06	
0.79483333	1.08085567e-06	
0.79641667	8.87306278e-07	
0.79800000	9.59858206e-07	
0.79958333	7.92327696e-07	
0.80116667	9.06968704e-07	
0.80275000	9.51648573e-07	
0.80433333	1.12724098e-06	
0.80591667	1.32094270e-06	
0.80750000	1.23311227e-06	
0.80908333	1.35678834e-06	
0.81066667	1.12268226e-06	
0.81225000	1.25678756e-06	
0.81383333	1.33579243e-06	
0.81541667	9.52943463e-07	
0.81700000	9.22821336e-07	
0.81858333	8.87651758e-07	
0.82016667	1.05420530e-06	
0.82175000	9.39160405e-07	
0.82333333	9.58648663e-07	
0.82491667	1.24885839e-06	
0.82650000	1.20245224e-06	
0.82808333	1.21442121e-06	
0.82966667	1.21831719e-06	
0.83125000	1.23073990e-06	
0.83283333	1.28822200e-06	
0.83441667	9.69885679e-07	
0.83600000	6.56469912e-07	
0.83758333	6.39142063e-07	
0.83916667	7.01626475e-07	
0.84075000	7.55987330e-07	
0.84233333	7.67351584e-07	
0.84391667	1.08020010e-06	
0.84550000	1.08050263e-06	
0.84708333	1.23481318e-06	
0.84866667	1.28011418e-06	
0.85025000	1.19381677e-06	
0.85183333	1.30416669e-06	
0.85341667	1.21714237e-06	
0.85500000	8.86874163e-07	
0.85658333	8.40722268e-07	
0.85816667	6.77124255e-07	
0.85975000	8.13154415e-07	
0.86133333	6.52319566e-07	
0.86291667	7.42891198e-07	
0.86450000	9.86906187e-07	
0.86608333	1.00669983e-06	
0.86766667	1.13685437e-06	
0.86925000	1.22664723e-06	
0.87083333	1.38041669e-06	
0.87241667	1.29515578e-06	
0.87400000	1.25195230e-06	
0.87558333	1.03375296e-06	
0.87716667	7.06637523e-07	
0.87875000	8.16179279e-07	
0.88033333	8.53687970e-07	
0.88191667	7.79580236e-07	
0.88350000	8.35669665e-07	
0.88508333	8.95645948e-07	
0.88666667	1.19497042e-06	
0.88825000	1.24319284e-06	
0.88983333	1.13516433e-06	
0.89141667	1.19471057e-06	
0.89300000	1.21169423e-06	
0.89458333	1.03965921e-06	
0.89616667	7.14935136e-07	
0.89775000	8.11469299e-07	
0.89933333	9.58432270e-07	
0.90091667	9.54310597e-07	
0.90250000	9.72614122e-07	
0.90408333	1.10956087e-06	
0.90566667	1.27418497e-06	
0.90725000	1.18770992e-06	
0.90883333	1.09592762e-06	
0.91041667	1.21456368e-06	
0.91200000	1.26319335e-06	
0.91358333	1.27014024e-06	
0.91516667	9.27751517e-07	
0.91675000	8.10778284e-07	
0.91833333	7.45053231e-07	
0.91991667	7.23878457e-07	
0.92150000	8.83846331e-07	
0.92308333	8.50117417e-07	
0.92466667	1.03791664e-06	
0.92625000	1.05449898e-06	
0.92783333	1.01179572e-06	
0.92941667	1.10077027e-06	
0.93100000	1.19053636e-06	
0.93258333	1.13387257e-06	
0.93416667	1.06386954e-06	
0.93575000	6.23024428e-07	
0.93733333	8.00147383e-07	
0.93891667	6.65326598e-07	
0.94050000	6.50073529e-07	
0.94208333	7.64498928e-07	
0.94366667	9.76284863e-07	
0.94525000	1.30704287e-06	
0.94683333	1.07073545e-06	
0.94841667	1.13382721e-06	
0.95000000	1.22143452e-06	
0.95158333	1.19180661e-06	
0.95316667	1.38644122e-06	
0.95475000	8.63973167e-07	
0.95633333	7.38009851e-07	
0.95791667	6.19438923e-07	
0.95950000	6.27300891e-07	
0.96108333	7.91245000e-07	
0.96266667	7.05644767e-07	
0.96425000	9.82066786e-07	
0.96583333	1.03967187e-06	
0.96741667	1.15409811e-06	
0.96900000	1.19538607e-06	
0.97058333	1.13047580e-06	
0.97216667	1.18741355e-06	
0.97375000	1.25451856e-06	
0.97533333	1.05147865e-06	
0.97691667	7.93965490e-07	
0.97850000	6.63944960e-07	
0.98008333	7.45440656e-07	
0.98166667	7.76511467e-07	
0.98325000	9.06880948e-07	
0.98483333	1.03846132e-06	
0.98641667	1.07448583e-06	
0.98800000	1.30178961e-06	
0.98958333	1.04787948e-06	
0.99116667	1.26351055e-06	
0.99275000	1.29306655e-06	
0.99433333	9.60595311e-07	
0.99591667	6.82307512e-07	
0.99750000	5.47766235e-07	
0.99908333	6.22245545e-07	
1.00066667	8.52907855e-07	
1.00225000	7.81090064e-07	
1.00383333	9.51307406e-07	
1.00541667	9.07572915e-07	
1.00700000	1.21607441e-06	
1.00858333	1.08400301e-06	
1.01016667	1.17684476e-06	
1.01175000	1.26941859e-06	
1.01333333	1.24824875e-06	
1.01491667	1.21259990e-06	
1.01650000	7.63634641e-07	
1.01808333	6.92723363e-07	
1.01966667	7.68646530e-07	
1.02125000	9.43177185e-07	
1.02283333	8.41758482e-07	
1.02441667	8.24370654e-07	
1.02600000	1.25901422e-06	
1.02758333	1.09471864e-06	
1.02916667	9.31960498e-07	
1.03075000	1.01404512e-06	
1.03233333	1.09351313e-06	
1.03391667	1.02588450e-06	
1.03550000	6.19912144e-07	
1.03708333	5.97573414e-07	
1.03866667	6.05350819e-07	
1.04025000	7.09058456e-07	
1.04183333	6.86197950e-07	
1.04341667	8.33508584e-07	
1.04500000	8.39428498e-07	
1.04658333	1.11533059e-06	
1.04816667	1.00831236e-06	
1.04975000	1.03876205e-06	
1.05133333	9.53374907e-07	
1.05291667	1.06015344e-06	
1.05450000	1.12898501e-06	
1.05608333	7.64584219e-07	
1.05766667	6.56080695e-07	
1.05925000	6.85983741e-07	
1.06083333	6.68611033e-07	
1.06241667	7.62371896e-07	
1.06400000	8.34196911e-07	
1.06558333	1.03764178e-06	
1.06716667	1.01506100e-06	
1.06875000	1.17452861e-06	
1.07033333	1.11818515e-06	
1.07191667	1.10978981e-06	
1.07350000	1.17565594e-06	
1.07508333	9.20898433e-07	
1.07666667	4.62483984e-07	
1.07825000	6.27344629e-07	
1.07983333	6.20386429e-07	
1.08141667	7.27596240e-07	
1.08300000	6.97700362e-07	
1.08458333	8.20457591e-07	
1.08616667	1.05564457e-06	
1.08775000	1.04681734e-06	
1.08933333	1.11496400e-06	
1.09091667	1.02372370e-06	
1.09250000	1.08702412e-06	
1.09408333	9.65053559e-07	
1.09566667	8.02369507e-07	
1.09725000	7.97856432e-07	
1.09883333	5.70305342e-07	
1.10041667	5.88410002e-07	
1.10200000	7.12171356e-07	
1.10358333	6.33177907e-07	
1.10516667	9.22912004e-07	
1.10675000	1.03625538e-06	
1.10833333	1.12807743e-06	
1.10991667	1.07085855e-06	
1.11150000	1.17932354e-06	
1.11308333	1.24598624e-06	
1.11466667	9.97656766e-07	
1.11625000	8.42365998e-07	
1.11783333	6.80578882e-07	
1.11941667	6.37543303e-07	
1.12100000	6.93198936e-07	
1.12258333	5.84521020e-07	
1.12416667	7.39131357e-07	
1.12575000	9.05444764e-07	
1.12733333	9.82196824e-07	
1.12891667	1.12744965e-06	
1.13050000	1.14131665e-06	
1.13208333	1.24446902e-06	
1.13366667	9.43310695e-07	
1.13525000	7.23229108e-07	
1.13683333	8.35881859e-07	
1.13841667	5.68792434e-07	
1.14000000	6.42555640e-07	
1.14158333	5.21564507e-07	
1.14316667	5.53409216e-07	
1.14475000	8.78889156e-07	
1.14633333	1.25991709e-06	
1.14791667	1.13957385e-06	
1.14950000	8.81133289e-07	
1.15108333	9.65952063e-07	
1.15266667	9.80253313e-07	
1.15425000	8.99921964e-07	
1.15583333	6.52838933e-07	
1.15741667	5.37161767e-07	
1.15900000	7.47991291e-07	
1.16058333	7.05687665e-07	
1.16216667	8.43533762e-07	
1.16375000	8.69114870e-07	
1.16533333	8.23611652e-07	
1.16691667	1.14946972e-06	
1.16850000	1.17772702e-06	
1.17008333	1.04865400e-06	
1.17166667	1.03225568e-06	
1.17325000	1.05539468e-06	
1.17483333	9.93174100e-07	
1.17641667	8.53609566e-07	
1.17800000	6.09370511e-07	
1.17958333	6.56598382e-07	
1.18116667	7.09575471e-07	
1.18275000	6.79975679e-07	
1.18433333	7.24397824e-07	
1.18591667	9.32509042e-07	
1.18750000	1.08836672e-06	
1.18908333	1.03465572e-06	
1.19066667	1.15590889e-06	
1.19225000	1.00790668e-06	
1.19383333	9.77506277e-07	
1.19541667	8.31172719e-07	
1.19700000	5.49908667e-07	
1.19858333	6.72330160e-07	
1.20016667	7.13896009e-07	
1.20175000	7.62811684e-07	
1.20333333	5.96837485e-07	
1.20491667	7.18364730e-07	
1.20650000	1.08339964e-06	
1.20808333	9.21268834e-07	
1.20966667	1.12493928e-06	
1.21125000	1.16011726e-06	
1.21283333	1.17799628e-06	
1.21441667	1.14538703e-06	
1.21600000	7.59625869e-07	
1.21758333	6.12351917e-07	
1.21916667	5.97528108e-07	
1.22075000	5.65336967e-07	
1.22233333	8.27542580e-07	
1.22391667	6.50852468e-07	
1.22550000	7.07631008e-07	
1.22708333	1.15962555e-06	
1.22866667	9.60418455e-07	
1.23025000	9.32418374e-07	
1.23183333	8.62199960e-07	
1.23341667	9.18202416e-07	
1.23500000	7.72104181e-07	
1.23658333	6.52319678e-07	
1.23816667	7.03526192e-07	
1.23975000	6.68222768e-07	
1.24133333	7.76295969e-07	
1.24291667	5.49173018e-07	
1.24450000	8.54724072e-07	
1.24608333	9.31257890e-07	
1.24766667	9.96195660e-07	
1.24925000	1.12687159e-06	
1.25083333	1.04489791e-06	
1.25241667	1.13557091e-06	
1.25400000	1.03892435e-06	
1.25558333	8.01538878e-07	
1.25716667	7.68171292e-07	
1.25875000	5.30853588e-07	
1.26033333	7.07157395e-07	
1.26191667	5.61851987e-07	
1.26350000	5.81410920e-07	
1.26508333	9.89197698e-07	
1.26666667	1.14313371e-06	
1.26825000	1.01975099e-06	
1.26983333	1.05246172e-06	
1.27141667	1.04148041e-06	
1.27300000	1.08621690e-06	
1.27458333	1.01265413e-06	
1.27616667	4.51602248e-07	
1.27775000	2.74003663e-07	
1.27933333	3.88039032e-07	
1.28091667	5.60652861e-07	
1.28250000	5.18063846e-07	
1.28408333	7.71541356e-07	
1.28566667	9.57575655e-07	
1.28725000	1.16514505e-06	
1.28883333	8.70281010e-07	
1.29041667	8.11988051e-07	
1.29200000	1.04295507e-06	
1.29358333	1.02375136e-06	
1.29516667	9.37898500e-07	
1.29675000	4.89715206e-07	
1.29833333	5.44145000e-07	
1.29991667	5.43298410e-07	
1.30150000	5.74195725e-07	
1.30308333	6.34620252e-07	
1.30466667	6.02972784e-07	
1.30625000	9.73083759e-07	
1.30783333	1.06691586e-06	
1.30941667	1.03258497e-06	
1.31100000	1.03720977e-06	
1.31258333	1.15875830e-06	
1.31416667	9.29183501e-07	
1.31575000	8.69240987e-07	
1.31733333	4.48577244e-07	
1.31891667	6.54611077e-07	
1.32050000	6.52623268e-07	
1.32208333	6.18270374e-07	
1.32366667	7.47648612e-07	
1.32525000	7.78369406e-07	
1.32683333	1.00842739e-06	
1.32841667	8.73346980e-07	
1.33000000	1.05105841e-06	
1.33158333	1.01968793e-06	
1.33316667	1.15188825e-06	
1.33475000	8.73044062e-07	
1.33633333	5.40188087e-07	
1.33791667	4.96975932e-07	
1.33950000	5.44723450e-07	
1.34108333	4.56400767e-07	
1.34266667	6.25053455e-07	
1.34425000	6.26439517e-07	
1.34583333	7.26646269e-07	
1.34741667	7.89215357e-07	
@ 
0.00000000	9.23084659e-07	
0.00158333	1.11429320e-06	
0.00316667	1.00293881e-06	
0.00475000	1.20010283e-06	
0.00633333	9.12107999e-07	
0.00791667	4.99006751e-07	
0.00950000	3.94304117e-07	
0.01108333	3.81254775e-07	
0.01266667	6.06427467e-07	
0.01425000	4.64351472e-07	
0.01583333	5.50688110e-07	
0.01741667	8.75724118e-07	
0.01900000	8.57575664e-07	
0.02058333	1.08780838e-06	
0.02216667	9.62407552e-07	
0.02375000	1.08819390e-06	
0.02533333	9.90450698e-07	
0.02691667	7.23578620e-07	
0.02850000	4.43695001e-07	
0.03008333	3.39988176e-07	
0.03166667	5.26878193e-07	
0.03325000	6.81445521e-07	
0.03483333	5.88013337e-07	
0.03641667	7.43243734e-07	
0.03800000	8.13412026e-07	
0.03958333	1.02112428e-06	
0.04116667	1.04075036e-06	
0.04275000	9.75157084e-07	
0.04433333	1.10850332e-06	
0.04591667	9.52857555e-07	
0.04750000	6.51759037e-07	
0.04908333	4.83449981e-07	
0.05066667	6.01893279e-07	
0.05225000	6.81877356e-07	
0.05383333	6.24680422e-07	
0.05541667	7.36020138e-07	
0.05700000	7.80527463e-07	
0.05858333	9.03809939e-07	
0.06016667	9.87511238e-07	
0.06175000	9.39070577e-07	
0.06333333	9.92828453e-07	
0.06491667	9.14827985e-07	
0.06650000	8.26723656e-07	
0.06808333	6.39919882e-07	
0.06966667	4.59726728e-07	
0.07125000	5.02247560e-07	
0.07283333	6.06905784e-07	
0.07441667	6.04356550e-07	
0.07600000	7.00890713e-07	
0.07758333	8.05541489e-07	
0.07916667	8.82596747e-07	
0.08075000	9.12671272e-07	
0.08233333	1.06727920e-06	
0.08391667	9.57689116e-07	
0.08550000	7.97684729e-07	
0.08708333	8.39080722e-07	
0.08866667	4.46677023e-07	
0.09025000	5.40013415e-07	
0.09183333	6.27881414e-07	
0.09341667	5.07994034e-07	
0.09500000	6.19651228e-07	
0.09658333	7.64323528e-07	
0.09816667	8.64361601e-07	
0.09975000	9.33412643e-07	
0.10133333	1.00851364e-06	
0.10291667	9.75121690e-07	
0.10450000	1.03189032e-06	
0.10608333	9.05717160e-07	
0.10766667	3.78230751e-07	
0.10925000	3.92791349e-07	
0.11083333	4.83538073e-07	
0.11241667	4.29565119e-07	
0.11400000	5.57431428e-07	
0.11558333	5.78273716e-07	
0.11716667	6.80063939e-07	
0.11875000	8.73873403e-07	
0.12033333	7.32826650e-07	
0.12191667	8.07319569e-07	
0.12350000	8.96850338e-07	
0.12508333	1.01970283e-06	
0.12666667	8.21623899e-07	
0.12825000	5.74281800e-07	
0.12983333	6.65370504e-07	
0.13141667	5.90874281e-07	
0.13300000	6.86413840e-07	
0.13458333	5.88021849e-07	
0.13616667	7.38681937e-07	
0.13775000	6.89293601e-07	
0.13933333	8.89376019e-07	
0.14091667	1.03573971e-06	
0.14250000	9.46291261e-07	
0.14408333	8.95559200e-07	
0.14566667	8.06169725e-07	
0.14725000	4.46807481e-07	
0.14883333	3.79181366e-07	
0.15041667	4.30196911e-07	
0.15200000	3.79137684e-07	
0.15358333	5.48439777e-07	
0.15516667	4.55147543e-07	
0.15675000	6.98210881e-07	
0.15833333	8.45604007e-07	
0.15991667	9.02556490e-07	
0.16150000	8.74083469e-07	
0.16308333	8.08703335e-07	
0.16466667	1.01725854e-06	
0.16625000	8.39813571e-07	
0.16783333	5.68576488e-07	
0.16941667	5.27956802e-07	
0.17100000	4.15521425e-07	
0.17258333	5.54490008e-07	
0.17416667	4.31854278e-07	
0.17575000	4.20768608e-07	
0.17733333	7.62639980e-07	
0.17891667	8.23569426e-07	
0.18050000	9.32072615e-07	
0.18208333	8.56711937e-07	
0.18366667	9.27222293e-07	
0.18525000	8.82249587e-07	
0.18683333	8.01874781e-07	
0.18841667	6.79241766e-07	
0.19000000	5.79682291e-07	
0.19158333	5.81324060e-07	
0.19316667	4.91219545e-07	
0.19475000	5.56433912e-07	
0.19633333	8.50832513e-07	
0.19791667	9.87969115e-07	
0.19950000	9.83452176e-07	
0.20108333	9.32721572e-07	
0.20266667	9.28743153e-07	
0.20425000	1.06298358e-06	
0.20583333	7.99672034e-07	
0.20741667	5.75706056e-07	
0.20900000	4.38035807e-07	
0.21058333	4.96111085e-07	
0.21216667	5.09938721e-07	
0.21375000	4.91874439e-07	
0.21533333	4.80382275e-07	
0.21691667	5.56521836e-07	
0.21850000	6.37542071e-07	
0.22008333	8.01658499e-07	
0.22166667	8.06673132e-07	
0.22325000	1.07442400e-06	
0.22483333	1.04144390e-06	
0.22641667	9.18163439e-07	
0.22800000	7.19689749e-07	
0.22958333	4.25634331e-07	
0.23116667	5.79077072e-07	
0.23275000	6.26221891e-07	
0.23433333	5.68448411e-07	
0.23591667	6.51716699e-07	
0.23750000	9.01695900e-07	
0.23908333	9.89022522e-07	
0.24066667	8.03301837e-07	
0.24225000	7.99283992e-07	
0.24383333	7.23276206e-07	
0.24541667	8.61422197e-07	
0.24700000	7.70375999e-07	
0.24858333	4.07268810e-07	
0.25016667	4.78221754e-07	
0.25175000	5.37464404e-07	
0.25333333	4.73554897e-07	
0.25491667	4.02212456e-07	
0.25650000	4.57394756e-07	
0.25808333	8.34527494e-07	
0.25966667	9.05369385e-07	
0.26125000	9.53547170e-07	
0.26283333	9.79434444e-07	
0.26441667	9.27535179e-07	
0.26600000	8.58180435e-07	
0.26758333	6.14605234e-07	
0.26916667	3.51049708e-07	
0.27075000	3.24345498e-07	
0.27233333	4.02255381e-07	
0.27391667	6.27604313e-07	
0.27550000	6.04873901e-07	
0.27708333	6.82541770e-07	
0.27866667	7.87659271e-07	
0.28025000	9.31335622e-07	
0.28183333	1.02813064e-06	
0.28341667	1.00030748e-06	
0.28500000	1.13625033e-06	
0.28658333	8.05852135e-07	
0.28816667	7.29730328e-07	
0.28975000	5.29902441e-07	
0.29133333	5.92386909e-07	
0.29291667	5.61100825e-07	
0.29450000	4.85827007e-07	
0.29608333	6.03795069e-07	
0.29766667	7.37577736e-07	
0.29925000	7.31787580e-07	
0.30083333	7.98290060e-07	
0.30241667	8.86007468e-07	
0.30400000	9.61930299e-07	
0.30558333	1.06146502e-06	
0.30716667	7.03265780e-07	
0.30875000	5.63564768e-07	
0.31033333	3.22875936e-07	
0.31191667	3.47810018e-07	
0.31350000	3.86137578e-07	
0.31508333	3.49710828e-07	
0.31666667	5.76312004e-07	
0.31825000	7.67045530e-07	
0.31983333	8.58830120e-07	
0.32141667	8.77022537e-07	
0.32300000	8.48716459e-07	
0.32458333	1.03910635e-06	
0.32616667	9.61803173e-07	
0.32775000	6.79328626e-07	
0.32933333	3.57159862e-07	
0.33091667	3.96076932e-07	
0.33250000	4.71135084e-07	
0.33408333	4.16213280e-07	
0.33566667	6.22547958e-07	
0.33725000	5.86509333e-07	
0.33883333	8.28451725e-07	
0.34041667	7.95741442e-07	
0.34200000	7.61172938e-07	
0.34358333	9.34319716e-07	
0.34516667	9.08175335e-07	
0.34675000	8.90197184e-07	
0.34833333	6.65389545e-07	
0.34991667	4.33065556e-07	
0.35150000	5.21735987e-07	
0.35308333	3.94346959e-07	
0.35466667	4.72776350e-07	
0.35625000	5.94373150e-07	
0.35783333	8.76244886e-07	
0.35941667	9.26586217e-07	
0.36100000	8.36273260e-07	
0.36258333	8.66261318e-07	
0.36416667	9.98010029e-07	
0.36575000	1.03064538e-06	
0.36733333	9.29236592e-07	
0.36891667	3.90890512e-07	
0.37050000	5.01988605e-07	
0.37208333	5.96794755e-07	
0.37366667	4.68083563e-07	
0.37525000	5.77738724e-07	
0.37683333	5.72688977e-07	
0.37841667	8.30785574e-07	
0.38000000	9.09775270e-07	
0.38158333	9.15866272e-07	
0.38316667	8.93681996e-07	
0.38475000	7.92068797e-07	
0.38633333	7.47246906e-07	
0.38791667	4.57263290e-07	
0.38950000	2.61748493e-07	
0.39108333	3.58309538e-07	
0.39266667	4.13448380e-07	
0.39425000	5.73241890e-07	
0.39583333	5.09186552e-07	
0.39741667	7.49849734e-07	
0.39900000	8.54765962e-07	
0.40058333	8.44006423e-07	
0.40216667	9.72457203e-07	
0.40375000	8.32732725e-07	
0.40533333	8.50834418e-07	
0.40691667	7.17656466e-07	
0.40850000	4.47974181e-07	
0.41008333	4.44991263e-07	
0.41166667	4.25072373e-07	
0.41325000	4.95246350e-07	
0.41483333	4.78703656e-07	
0.41641667	5.13828544e-07	
0.41800000	9.40886122e-07	
0.41958333	7.23660607e-07	
0.42116667	8.58611935e-07	
0.42275000	9.81463079e-07	
0.42433333	9.87298429e-07	
0.42591667	8.66563899e-07	
0.42750000	5.71037071e-07	
0.42908333	3.93570652e-07	
0.43066667	3.90545424e-07	
0.43225000	4.20750631e-07	
0.43383333	5.19401074e-07	
0.43541667	5.40834524e-07	
0.43700000	6.42338014e-07	
0.43858333	8.75464603e-07	
0.44016667	8.58741244e-07	
0.44175000	9.28874983e-07	
0.44333333	8.55390558e-07	
0.44491667	1.11896157e-06	
0.44650000	9.45448535e-07	
0.44808333	7.18779372e-07	
0.44966667	6.16067235e-07	
0.45125000	4.95333882e-07	
0.45283333	5.69224718e-07	
0.45441667	5.14044490e-07	
0.45600000	6.37715399e-07	
0.45758333	7.64799437e-07	
0.45916667	7.51660688e-07	
0.46075000	9.46031969e-07	
0.46233333	7.43582157e-07	
0.46391667	7.46092750e-07	
0.46550000	9.76664448e-07	
0.46708333	8.63356411e-07	
0.46866667	6.61610383e-07	
0.47025000	4.75758316e-07	
0.47183333	5.65768018e-07	
0.47341667	4.70528185e-07	
0.47500000	4.56312899e-07	
0.47658333	4.43177678e-07	
0.47816667	5.24890216e-07	
0.47975000	9.25721090e-07	
0.48133333	8.61759388e-07	
0.48291667	8.55196901e-07	
0.48450000	8.85060689e-07	
0.48608333	8.84929139e-07	
0.48766667	8.91065111e-07	
0.48925000	5.83613387e-07	
0.49083333	3.61637711e-07	
0.49241667	4.57998351e-07	
0.49400000	4.95816232e-07	
0.49558333	5.52071932e-07	
0.49716667	7.01151573e-07	
0.49875000	9.98275145e-07	
0.50033333	1.08166770e-06	
0.50191667	9.62014190e-07	
0.50350000	1.04948821e-06	
0.50508333	1.04109758e-06	
0.50666667	1.10655746e-06	
0.50825000	9.76103190e-07	
0.50983333	6.23758397e-07	
0.51141667	5.39409036e-07	
0.51300000	5.28519291e-07	
0.51458333	4.94252809e-07	
0.51616667	5.42822837e-07	
0.51775000	6.82787005e-07	
0.51933333	8.23611932e-07	
0.52091667	7.21328887e-07	
0.52250000	9.46469909e-07	
0.52408333	8.86959455e-07	
0.52566667	9.44475995e-07	
0.52725000	7.66097967e-07	
0.52883333	2.44463877e-07	
0.53041667	4.06835127e-07	
0.53200000	3.52519158e-07	
0.53358333	5.42693695e-07	
0.53516667	6.22591752e-07	
0.53675000	6.09368999e-07	
0.53833333	7.80617851e-07	
0.53991667	9.76192458e-07	
0.54150000	1.00765243e-06	
0.54308333	9.59856525e-07	
0.54466667	9.49057225e-07	
0.54625000	1.01685936e-06	
0.54783333	7.26906121e-07	
0.54941667	4.53939429e-07	
0.55100000	4.13879739e-07	
0.55258333	4.56270001e-07	
0.55416667	6.09369391e-07	
0.55575000	4.63054902e-07	
0.55733333	6.91124155e-07	
0.55891667	9.03352846e-07	
0.56050000	9.78955286e-07	
0.56208333	9.63701658e-07	
0.56366667	7.96431952e-07	
0.56525000	1.07402202e-06	
0.56683333	9.03639971e-07	
0.56841667	7.31570906e-07	
0.57000000	3.46382794e-07	
0.57158333	4.91788811e-07	
0.57316667	5.95929180e-07	
0.57475000	4.24206462e-07	
0.57633333	4.20879745e-07	
0.57791667	7.55727310e-07	
0.57950000	9.10551241e-07	
0.58108333	9.50613535e-07	
0.58266667	9.54195791e-07	
0.58425000	9.81986030e-07	
0.58583333	9.29261513e-07	
0.58741667	6.92028820e-07	
0.58900000	4.79562006e-07	
0.59058333	5.24371633e-07	
0.59216667	5.42866631e-07	
0.59375000	6.89093336e-07	
0.59533333	5.26401892e-07	
0.59691667	7.43327290e-07	
0.59850000	1.15798502e-06	
0.60008333	9.40975390e-07	
0.60166667	9.73210213e-07	
0.60325000	8.22140018e-07	
0.60483333	9.50478569e-07	
0.60641667	9.32632024e-07	
0.60800000	8.07278575e-07	
0.60958333	3.92532197e-07	
0.61116667	5.28001380e-07	
0.61275000	6.69432478e-07	
0.61433333	8.34670692e-07	
0.61591667	8.94265654e-07	
0.61750000	1.10394718e-06	
0.61908333	1.47091709e-06	
0.62066667	1.76724195e-06	
0.62225000	2.21047384e-06	
0.62383333	2.96002536e-06	
0.62541667	3.85900637e-06	
0.62700000	5.37201103e-06	
0.62858333	7.45890211e-06	
0.63016667	1.04267512e-05	
0.63175000	1.47789198e-05	
0.63333333	1.94008797e-05	
0.63491667	2.47682197e-05	
0.63650000	3.24374762e-05	
0.63808333	4.64825050e-05	
0.63966667	7.78982015e-05	
0.64125000	1.65443158e-04	
0.64283333	3.54085011e-04	
0.64441667	4.49659871e-04	
0.64600000	5.57259877e-04	
0.64758333	1.22456634e-03	
0.64916667	1.05911620e-03	
0.65075000	2.83947703e-03	
0.65233333	4.55763588e-03	
0.65391667	1.47283241e-02	
0.65550000	2.02119640e-02	
0.65708333	2.55197040e-02	
0.65866667	2.88464145e-02	
0.66025000	3.43094620e-02	
0.66183333	5.44407370e-02	
0.66341667	7.81882961e-02	
0.66500000	9.84949507e-02	
0.66658333	1.10072227e-01	
0.66816667	1.15619551e-01	
0.66975000	1.20309521e-01	
0.67133333	1.39146459e-01	
0.67291667	1.53580091e-01	
0.67450000	1.68698314e-01	
0.67608333	2.77449335e-01	
0.67766667	3.37823513e-01	
0.67925000	3.56921401e-01	
0.68083333	4.78762768e-01	
