start voltage : 0.00 V 
set voltage : 0.10 V 
High G : 30.00 G0 
Intermediate G : 20.00 G0 
Low G : 10.00 G0 
Breaking speed 1 : 300.00 V/s 
Breaking speed 2 : 300.00 V/s 
Making speed : 500.00 V/s 
Post breaking : 230.00 V/s 
@ 
0.00000000	4.29377381e+01	
0.00158333	4.36286050e+01	
0.00316667	4.34620349e+01	
0.00475000	4.30980770e+01	
0.00633333	4.36156916e+01	
0.00791667	4.35630834e+01	
0.00950000	4.35664357e+01	
0.01108333	4.36013350e+01	
0.01266667	4.35747490e+01	
0.01425000	4.35928789e+01	
0.01583333	4.35353098e+01	
0.01741667	4.36125384e+01	
0.01900000	4.35080924e+01	
0.02058333	4.34716110e+01	
0.02216667	4.35825700e+01	
0.02375000	4.34460585e+01	
0.02533333	4.35330248e+01	
0.02691667	4.35555368e+01	
0.02850000	4.34874145e+01	
0.03008333	4.36094341e+01	
0.03166667	4.34078783e+01	
0.03325000	4.35525565e+01	
0.03483333	4.36128240e+01	
0.03641667	4.36379405e+01	
0.03800000	4.37611665e+01	
0.03958333	4.35091899e+01	
0.04116667	4.34991365e+01	
0.04275000	4.36024399e+01	
0.04433333	4.34249333e+01	
0.04591667	4.36970355e+01	
0.04750000	4.33563750e+01	
0.04908333	4.35333104e+01	
0.05066667	4.34987757e+01	
0.05225000	4.34230241e+01	
0.05383333	4.36540409e+01	
0.05541667	4.33149176e+01	
0.05700000	4.35898084e+01	
0.05858333	4.35584231e+01	
0.06016667	4.34115125e+01	
0.06175000	4.34586863e+01	
0.06333333	4.33385346e+01	
0.06491667	4.33482384e+01	
0.06650000	4.35807284e+01	
0.06808333	4.34071041e+01	
0.06966667	4.33944200e+01	
0.07125000	4.32554205e+01	
0.07283333	4.34141884e+01	
0.07441667	4.34607684e+01	
0.07600000	4.33120087e+01	
0.07758333	4.33462315e+01	
0.07916667	4.31490917e+01	
0.08075000	4.33506099e+01	
0.08233333	4.32568186e+01	
0.08391667	4.33592088e+01	
0.08550000	4.33175183e+01	
0.08708333	4.32659850e+01	
0.08866667	4.31753244e+01	
0.09025000	4.32511662e+01	
0.09183333	4.32558151e+01	
0.09341667	4.32838067e+01	
0.09500000	4.31680296e+01	
0.09658333	4.32908422e+01	
0.09816667	4.32167292e+01	
0.09975000	4.31796877e+01	
0.10133333	4.32014556e+01	
0.10291667	4.30947209e+01	
0.10450000	4.31380386e+01	
0.10608333	4.31680634e+01	
0.10766667	4.32048230e+01	
0.10925000	4.32625875e+01	
0.11083333	4.30677854e+01	
0.11241667	4.33038270e+01	
0.11400000	4.31010047e+01	
0.11558333	4.31794510e+01	
0.11716667	4.32164811e+01	
0.11875000	4.28980734e+01	
0.12033333	4.31405980e+01	
0.12191667	4.29108515e+01	
0.12350000	4.28225849e+01	
0.12508333	4.28611146e+01	
0.12666667	4.27157600e+01	
0.12825000	4.29344384e+01	
0.12983333	4.27526361e+01	
0.13141667	4.27640048e+01	
0.13300000	4.29424209e+01	
0.13458333	4.29745767e+01	
0.13616667	4.29713709e+01	
0.13775000	4.28450405e+01	
0.13933333	4.28994264e+01	
0.14091667	4.28140123e+01	
0.14250000	4.26675452e+01	
0.14408333	4.28716979e+01	
0.14566667	4.26616184e+01	
0.14725000	4.27331607e+01	
0.14883333	4.28191498e+01	
0.15041667	4.26955593e+01	
0.15200000	4.27927631e+01	
0.15358333	4.27155909e+01	
0.15516667	4.27658163e+01	
0.15675000	4.27276737e+01	
0.15833333	4.25264750e+01	
0.15991667	4.27984606e+01	
0.16150000	4.25854384e+01	
0.16308333	4.27546129e+01	
0.16466667	4.25498100e+01	
0.16625000	4.25186202e+01	
0.16783333	4.25623701e+01	
0.16941667	4.24238856e+01	
0.17100000	4.24863254e+01	
0.17258333	4.22875658e+01	
0.17416667	4.23632422e+01	
0.17575000	4.23325861e+01	
0.17733333	4.20570752e+01	
0.17891667	4.21945826e+01	
0.18050000	4.21350479e+01	
0.18208333	4.21803312e+01	
0.18366667	4.21906740e+01	
0.18525000	4.21529448e+01	
0.18683333	4.22570525e+01	
0.18841667	4.21127877e+01	
0.19000000	4.21660310e+01	
0.19158333	4.21859837e+01	
0.19316667	4.21140317e+01	
0.19475000	4.22735475e+01	
0.19633333	4.21388437e+01	
0.19791667	4.20860251e+01	
0.19950000	4.22101568e+01	
0.20108333	4.19373181e+01	
0.20266667	4.19254231e+01	
0.20425000	4.15656707e+01	
0.20583333	4.15980520e+01	
0.20741667	4.15928392e+01	
0.20900000	4.14532310e+01	
0.21058333	4.14993148e+01	
0.21216667	4.13141338e+01	
0.21375000	4.12656935e+01	
0.21533333	4.12076622e+01	
0.21691667	4.08193357e+01	
0.21850000	4.11799224e+01	
0.22008333	4.09051482e+01	
0.22166667	4.10305690e+01	
0.22325000	4.10245708e+01	
0.22483333	4.09107780e+01	
0.22641667	4.11199180e+01	
0.22800000	4.09376384e+01	
0.22958333	4.10160170e+01	
0.23116667	4.10949142e+01	
0.23275000	4.12040655e+01	
0.23433333	4.11636792e+01	
0.23591667	4.10232253e+01	
0.23750000	4.11839663e+01	
0.23908333	4.11009199e+01	
0.24066667	4.10501683e+01	
0.24225000	4.10645813e+01	
0.24383333	4.09825759e+01	
0.24541667	4.08865259e+01	
0.24700000	4.06436030e+01	
0.24858333	4.08469176e+01	
0.25016667	4.08859848e+01	
0.25175000	4.08243981e+01	
0.25333333	4.10019385e+01	
0.25491667	4.08152580e+01	
0.25650000	4.07607744e+01	
0.25808333	4.10006795e+01	
0.25966667	4.07662690e+01	
0.26125000	4.07349589e+01	
0.26283333	4.04326215e+01	
0.26441667	4.00609704e+01	
0.26600000	4.00009359e+01	
0.26758333	3.95299201e+01	
0.26916667	4.02143678e+01	
0.27075000	3.99800212e+01	
0.27233333	3.99910930e+01	
0.27391667	4.00231510e+01	
0.27550000	3.97389623e+01	
0.27708333	3.99629098e+01	
0.27866667	3.99205128e+01	
0.28025000	3.97654355e+01	
0.28183333	3.98396011e+01	
0.28341667	3.96274583e+01	
0.28500000	3.98767440e+01	
0.28658333	4.00276684e+01	
0.28816667	3.97771387e+01	
0.28975000	3.97119441e+01	
0.29133333	3.95320735e+01	
0.29291667	3.96768344e+01	
0.29450000	3.95350388e+01	
0.29608333	3.95253312e+01	
0.29766667	3.94117452e+01	
0.29925000	3.91653871e+01	
0.30083333	3.92862154e+01	
0.30241667	3.90934840e+01	
0.30400000	3.90565816e+01	
0.30558333	3.91037103e+01	
0.30716667	3.90117643e+01	
0.30875000	3.90822694e+01	
0.31033333	3.89776881e+01	
0.31191667	3.90591861e+01	
0.31350000	3.89882225e+01	
0.31508333	3.88674319e+01	
0.31666667	3.88631963e+01	
0.31825000	3.88461188e+01	
0.31983333	3.88984526e+01	
0.32141667	3.88406392e+01	
0.32300000	3.86541466e+01	
0.32458333	3.86972990e+01	
0.32616667	3.83738214e+01	
0.32775000	3.85273390e+01	
0.32933333	3.83055149e+01	
0.33091667	3.82952623e+01	
0.33250000	3.82460855e+01	
0.33408333	3.81689283e+01	
0.33566667	3.82994303e+01	
0.33725000	3.80974235e+01	
0.33883333	3.82212283e+01	
0.34041667	3.81395687e+01	
0.34200000	3.80248665e+01	
0.34358333	3.81216455e+01	
0.34516667	3.79865209e+01	
0.34675000	3.77514903e+01	
0.34833333	3.77321765e+01	
0.34991667	3.74415912e+01	
0.35150000	3.75988333e+01	
0.35308333	3.74348414e+01	
0.35466667	3.73670160e+01	
0.35625000	3.75723526e+01	
0.35783333	3.74198346e+01	
0.35941667	3.75298879e+01	
0.36100000	3.74664334e+01	
0.36258333	3.73605969e+01	
0.36416667	3.73486456e+01	
0.36575000	3.71176326e+01	
0.36733333	3.74145129e+01	
0.36891667	3.73685418e+01	
0.37050000	3.72849017e+01	
0.37208333	3.74756937e+01	
0.37366667	3.72219470e+01	
0.37525000	3.72283586e+01	
0.37683333	3.70406520e+01	
0.37841667	3.70406558e+01	
0.38000000	3.68390361e+01	
0.38158333	3.67496608e+01	
0.38316667	3.68542383e+01	
0.38475000	3.67815986e+01	
0.38633333	3.67836092e+01	
0.38791667	3.66082072e+01	
0.38950000	3.56526759e+01	
0.39108333	3.54180662e+01	
0.39266667	3.51604973e+01	
0.39425000	3.50562956e+01	
0.39583333	3.50786949e+01	
0.39741667	3.50237114e+01	
0.39900000	3.50435476e+01	
0.40058333	3.49428636e+01	
0.40216667	3.49414505e+01	
0.40375000	3.49770601e+01	
0.40533333	3.48078592e+01	
0.40691667	3.49332199e+01	
0.40850000	3.46146093e+01	
0.41008333	3.47532554e+01	
0.41166667	3.45886509e+01	
0.41325000	3.41763429e+01	
0.41483333	3.39310072e+01	
0.41641667	3.41694766e+01	
0.41800000	3.37230360e+01	
0.41958333	3.38533125e+01	
0.42116667	3.37067778e+01	
0.42275000	3.36273093e+01	
0.42433333	3.34847207e+01	
0.42591667	3.36647641e+01	
0.42750000	3.36210405e+01	
0.42908333	3.34113631e+01	
0.43066667	3.32443120e+01	
0.43225000	3.30286440e+01	
0.43383333	3.30209696e+01	
0.43541667	3.28649790e+01	
0.43700000	3.27446469e+01	
0.43858333	3.28640432e+01	
0.44016667	3.27314141e+01	
0.44175000	3.27163622e+01	
0.44333333	3.25254799e+01	
0.44491667	3.25586579e+01	
0.44650000	3.24290353e+01	
0.44808333	3.23979319e+01	
0.44966667	3.24922080e+01	
0.45125000	3.23621908e+01	
0.45283333	3.24479469e+01	
0.45441667	3.24597930e+01	
0.45600000	3.22250781e+01	
0.45758333	3.19562569e+01	
0.45916667	3.18734811e+01	
0.46075000	3.19414869e+01	
0.46233333	3.21343798e+01	
0.46391667	3.19233533e+01	
0.46550000	3.21464326e+01	
0.46708333	3.15810730e+01	
0.46866667	3.11818964e+01	
0.47025000	3.10950580e+01	
0.47183333	3.11763925e+01	
0.47341667	3.12496974e+01	
0.47500000	3.09698157e+01	
0.47658333	3.09395316e+01	
0.47816667	3.11889939e+01	
0.47975000	3.10479725e+01	
0.48133333	3.11480946e+01	
0.48291667	3.06777985e+01	
0.48450000	3.04553843e+01	
0.48608333	3.03951732e+01	
0.48766667	3.01139441e+01	
0.48925000	2.99381362e+01	
0.49083333	2.98520945e+01	
0.49241667	2.98726202e+01	
0.49400000	2.98841412e+01	
0.49558333	2.96793815e+01	
0.49716667	2.95550619e+01	
0.49875000	2.94819768e+01	
0.50033333	2.95337976e+01	
0.50191667	2.93872591e+01	
0.50350000	2.91583413e+01	
0.50508333	2.92216587e+01	
0.50666667	2.93001012e+01	
0.50825000	2.92073773e+01	
0.50983333	2.92332229e+01	
0.51141667	2.90873026e+01	
0.51300000	2.92204147e+01	
0.51458333	2.90132366e+01	
0.51616667	2.91508530e+01	
0.51775000	2.90564641e+01	
0.51933333	2.89551488e+01	
0.52091667	2.89588808e+01	
0.52250000	2.83521390e+01	
0.52408333	2.83023344e+01	
0.52566667	2.82874329e+01	
0.52725000	2.80439331e+01	
0.52883333	2.78995142e+01	
0.53041667	2.78114148e+01	
0.53200000	2.75726767e+01	
0.53358333	2.73929602e+01	
0.53516667	2.72538687e+01	
0.53675000	2.69106076e+01	
0.53833333	2.63776612e+01	
0.53991667	2.63573947e+01	
0.54150000	2.62934065e+01	
0.54308333	2.61291478e+01	
0.54466667	2.62599147e+01	
0.54625000	2.60206279e+01	
0.54783333	2.61412024e+01	
0.54941667	2.60249142e+01	
0.55100000	2.60630549e+01	
0.55258333	2.63069287e+01	
0.55416667	2.60822427e+01	
0.55575000	2.61485705e+01	
0.55733333	2.60966350e+01	
0.55891667	2.60180835e+01	
0.56050000	2.59358546e+01	
0.56208333	2.59767558e+01	
0.56366667	2.60786667e+01	
0.56525000	2.59692148e+01	
0.56683333	2.60644154e+01	
0.56841667	2.60965110e+01	
0.57000000	2.59688935e+01	
0.57158333	2.59558917e+01	
0.57316667	2.58002037e+01	
0.57475000	2.54357328e+01	
0.57633333	2.47968635e+01	
0.57791667	2.39621378e+01	
0.57950000	2.37053525e+01	
0.58108333	2.34197487e+01	
0.58266667	2.34025735e+01	
0.58425000	2.33586318e+01	
0.58583333	2.32154288e+01	
0.58741667	2.33839851e+01	
0.58900000	2.31039267e+01	
0.59058333	2.33369128e+01	
0.59216667	2.32961244e+01	
0.59375000	2.29865918e+01	
0.59533333	2.31784587e+01	
0.59691667	2.30755499e+01	
0.59850000	2.26629939e+01	
0.60008333	2.25134751e+01	
0.60166667	2.25775798e+01	
0.60325000	2.25879113e+01	
0.60483333	2.25482184e+01	
0.60641667	2.24795586e+01	
0.60800000	2.22153826e+01	
0.60958333	2.15380775e+01	
0.61116667	2.15701543e+01	
0.61275000	2.12992003e+01	
0.61433333	2.13025921e+01	
0.61591667	2.12157311e+01	
0.61750000	2.12866909e+01	
0.61908333	2.13461598e+01	
0.62066667	2.11464964e+01	
0.62225000	2.10876908e+01	
0.62383333	2.10430727e+01	
0.62541667	2.10669809e+01	
0.62700000	2.04675470e+01	
0.62858333	1.98090088e+01	
0.63016667	1.96503574e+01	
0.63175000	1.96001282e+01	
0.63333333	1.97565021e+01	
0.63491667	1.96527176e+01	
0.63650000	1.94948498e+01	
0.63808333	1.95049651e+01	
0.63966667	1.94310513e+01	
0.64125000	1.92781294e+01	
0.64283333	1.93886243e+01	
0.64441667	1.92641825e+01	
0.64600000	1.90669957e+01	
0.64758333	1.86424734e+01	
0.64916667	1.82733046e+01	
0.65075000	1.81853462e+01	
0.65233333	1.80782995e+01	
0.65391667	1.79010109e+01	
0.65550000	1.75534221e+01	
0.65708333	1.73564270e+01	
0.65866667	1.73541025e+01	
0.66025000	1.72505398e+01	
0.66183333	1.65866216e+01	
0.66341667	1.64343273e+01	
0.66500000	1.62510649e+01	
0.66658333	1.53628535e+01	
0.66816667	1.45607655e+01	
0.66975000	1.42314212e+01	
0.67133333	1.41488662e+01	
0.67291667	1.39481824e+01	
0.67450000	1.41691026e+01	
0.67608333	1.40078054e+01	
0.67766667	1.40709076e+01	
0.67925000	1.38270197e+01	
0.68083333	1.38345484e+01	
0.68241667	1.34479977e+01	
0.68400000	1.29599598e+01	
0.68558333	1.24565007e+01	
0.68716667	1.20396997e+01	
0.68875000	1.20210211e+01	
0.69033333	1.17914099e+01	
0.69191667	1.17358722e+01	
0.69350000	1.23397671e+01	
0.69508333	1.24641553e+01	
0.69666667	1.23098306e+01	
0.69825000	1.20806451e+01	
0.69983333	1.18810333e+01	
0.70141667	1.19386522e+01	
0.70300000	1.19679338e+01	
0.70458333	1.20389124e+01	
0.70616667	1.12373167e+01	
0.70775000	1.08271613e+01	
0.70933333	1.04019483e+01	
0.71091667	1.04668207e+01	
0.71250000	1.02812066e+01	
0.71408333	1.00000620e+01	
0.71566667	9.95728264e+00	
0.71725000	9.57046791e+00	
0.71883333	9.33603580e+00	
0.72041667	9.20353159e+00	
0.72200000	9.08592984e+00	
0.72358333	9.17781660e+00	
0.72516667	9.32202123e+00	
0.72675000	9.20616801e+00	
0.72833333	9.30352774e+00	
0.72991667	9.29608638e+00	
0.73150000	9.24620293e+00	
0.73308333	8.71227467e+00	
0.73466667	8.27329522e+00	
0.73625000	7.52296513e+00	
0.73783333	7.50688351e+00	
0.73941667	7.51394201e+00	
0.74100000	7.40115741e+00	
0.74258333	7.34279203e+00	
0.74416667	7.35445392e+00	
0.74575000	7.22256325e+00	
0.74733333	7.16939366e+00	
0.74891667	7.08265854e+00	
0.75050000	6.35388210e+00	
0.75208333	6.05786095e+00	
0.75366667	5.60532919e+00	
0.75525000	6.16914082e+00	
0.75683333	6.09711461e+00	
0.75841667	5.91627442e+00	
0.76000000	5.64197134e+00	
0.76158333	5.10705043e+00	
0.76316667	4.90912234e+00	
0.76475000	4.85258723e+00	
0.76633333	4.51946308e+00	
0.76791667	4.23287846e+00	
0.76950000	4.19192229e+00	
0.77108333	4.16014382e+00	
0.77266667	3.14234763e+00	
0.77425000	2.49235616e+00	
0.77583333	1.67449850e+00	
0.77741667	1.19236349e+00	
0.77900000	3.87356099e-03	
0.78058333	-2.87704919e-04	
0.78216667	6.02181856e-04	
0.78375000	1.29177572e-03	
0.78533333	7.06079826e-05	
0.78691667	5.31595610e-06	
0.78850000	-1.79308541e-05	
0.79008333	-3.05353513e-05	
0.79166667	-3.51923483e-05	
0.79325000	-3.42876416e-05	
0.79483333	-2.93740133e-05	
0.79641667	-2.36235570e-05	
0.79800000	-1.79501333e-05	
0.79958333	-1.29170226e-05	
0.80116667	-8.99411109e-06	
0.80275000	-5.67211819e-06	
0.80433333	-3.11100791e-06	
0.80591667	-1.39756477e-06	
0.80750000	-1.15573898e-07	
0.80908333	5.18624655e-07	
0.81066667	1.18569887e-06	
0.81225000	1.57521863e-06	
0.81383333	1.52060420e-06	
0.81541667	1.73776637e-06	
0.81700000	1.74279428e-06	
0.81858333	1.65599554e-06	
0.82016667	1.48331661e-06	
0.82175000	1.23144430e-06	
0.82333333	1.34155509e-06	
0.82491667	1.14882121e-06	
0.82650000	1.05842095e-06	
0.82808333	4.56270561e-07	
0.82966667	4.16904295e-07	
0.83125000	5.52848687e-07	
0.83283333	3.24769325e-07	
0.83441667	2.59657695e-07	
0.83600000	3.72569149e-07	
0.83758333	5.56346716e-07	
0.83916667	5.82318553e-07	
0.84075000	4.36954202e-07	
0.84233333	5.77219244e-07	
0.84391667	5.48785928e-07	
0.84550000	3.49986808e-07	
0.84708333	8.40978255e-08	
0.84866667	3.05676521e-08	
0.85025000	5.85516353e-08	
0.85183333	6.02021133e-08	
0.85341667	1.62989258e-08	
0.85500000	1.30844131e-07	
0.85658333	4.13707895e-07	
0.85816667	5.65637253e-07	
0.85975000	5.76527557e-07	
0.86133333	4.59943850e-07	
0.86291667	4.67808115e-07	
0.86450000	4.32071147e-07	
0.86608333	4.86344807e-07	
0.86766667	-3.57621792e-08	
0.86925000	1.04269665e-07	
0.87083333	2.37663324e-07	
0.87241667	1.68886932e-07	
0.87400000	2.08928449e-07	
0.87558333	1.85481555e-07	
0.87716667	3.91323299e-07	
0.87875000	5.27309693e-07	
0.88033333	4.70573267e-07	
0.88191667	4.57004502e-07	
0.88350000	4.40748401e-07	
0.88508333	4.21357447e-07	
0.88666667	1.62906676e-07	
0.88825000	4.34706206e-08	
0.88983333	-3.23736981e-08	
0.89141667	-3.31777647e-08	
0.89300000	4.60891441e-08	
0.89458333	-8.36152659e-08	
0.89616667	2.49978557e-07	
0.89775000	4.40843437e-07	
0.89933333	3.37006518e-07	
0.90091667	3.43315313e-07	
0.90250000	4.21269383e-07	
0.90408333	4.19367145e-07	
0.90566667	2.99491498e-07	
0.90725000	3.27615785e-08	
0.90883333	4.31766774e-08	
0.91041667	1.44931073e-07	
0.91200000	1.66839830e-07	
0.91358333	2.22236508e-07	
0.91516667	1.86466443e-07	
0.91675000	4.61827551e-07	
0.91833333	5.33662394e-07	
0.91991667	5.02333916e-07	
0.92150000	6.10061302e-07	
0.92308333	3.59865511e-07	
0.92466667	4.37991145e-07	
0.92625000	2.25383891e-07	
0.92783333	1.03594946e-07	
0.92941667	5.42775830e-09	
0.93100000	-1.10059827e-07	
0.93258333	2.38095104e-08	
0.93416667	1.31804420e-07	
0.93575000	1.51915497e-07	
0.93733333	4.11788493e-07	
0.93891667	3.73217239e-07	
0.94050000	5.39582139e-07	
0.94208333	5.50600802e-07	
0.94366667	4.33316503e-07	
0.94525000	2.60392308e-07	
0.94683333	8.18081768e-08	
0.94841667	1.03327114e-07	
0.95000000	1.09627537e-07	
0.95158333	2.51315232e-08	
0.95316667	-8.71665392e-08	
0.95475000	-1.21588512e-07	
0.95633333	2.45968637e-07	
0.95791667	2.72750971e-07	
0.95950000	2.58058655e-07	
0.96108333	2.75430803e-07	
0.96266667	3.14423868e-07	
0.96425000	4.02559503e-07	
0.96583333	-2.41142708e-09	
0.96741667	2.08019566e-08	
0.96900000	1.71119196e-08	
0.97058333	6.33045685e-08	
0.97216667	7.25004892e-08	
0.97375000	3.44653500e-08	
0.97533333	5.88022535e-08	
0.97691667	2.77893009e-07	
0.97850000	3.38475548e-07	
0.98008333	4.83320671e-07	
0.98166667	3.24415585e-07	
0.98325000	4.96198113e-07	
0.98483333	5.47446964e-07	
0.98641667	2.74678129e-07	
0.98800000	3.01443326e-07	
0.98958333	2.83294144e-07	
0.99116667	3.75559740e-07	
0.99275000	2.67877576e-07	
0.99433333	5.33067234e-08	
0.99591667	2.92515545e-07	
0.99750000	2.72017506e-07	
0.99908333	5.11063196e-07	
1.00066667	5.90744131e-07	
1.00225000	5.98002841e-07	
1.00383333	7.36193802e-07	
1.00541667	5.29159680e-07	
1.00700000	2.47765449e-07	
1.00858333	2.23109181e-07	
1.01016667	3.14190534e-07	
1.01175000	2.65361775e-07	
1.01333333	1.14657214e-07	
1.01491667	1.57859995e-07	
1.01650000	3.71143689e-07	
1.01808333	6.50764824e-07	
1.01966667	5.68619890e-07	
1.02125000	4.85264910e-07	
1.02283333	6.74918876e-07	
1.02441667	5.31208644e-07	
1.02600000	3.49235562e-07	
1.02758333	3.14526353e-07	
1.02916667	1.85031519e-07	
1.03075000	4.12107988e-07	
1.03233333	4.13751101e-07	
1.03391667	2.64625538e-07	
1.03550000	1.42908710e-07	
1.03708333	4.14873224e-07	
1.03866667	5.04104884e-07	
1.04025000	5.25148556e-07	
1.04183333	5.39538906e-07	
1.04341667	7.46478831e-07	
1.04500000	5.94072248e-07	
1.04658333	3.41889153e-07	
1.04816667	1.45277281e-07	
1.04975000	2.33082837e-07	
1.05133333	2.05219822e-07	
1.05291667	1.00838146e-07	
1.05450000	2.13231178e-07	
1.05608333	1.98738316e-07	
1.05766667	5.24371241e-07	
1.05925000	5.49175090e-07	
1.06083333	4.61369114e-07	
1.06241667	6.67964596e-07	
1.06400000	7.04226055e-07	
1.06558333	7.32304819e-07	
1.06716667	3.32772084e-07	
1.06875000	2.53089692e-07	
1.07033333	4.12367195e-07	
1.07191667	3.85731476e-07	
1.07350000	2.43626024e-07	
1.07508333	3.21277232e-07	
1.07666667	3.89700206e-07	
1.07825000	4.66036867e-07	
1.07983333	4.89586456e-07	
1.08141667	5.71386023e-07	
1.08300000	3.73389698e-07	
1.08458333	4.75326984e-07	
1.08616667	3.16999900e-07	
1.08775000	6.78764317e-08	
1.08933333	2.18779515e-07	
1.09091667	2.65621319e-07	
1.09250000	1.47074905e-07	
1.09408333	2.09834513e-07	
1.09566667	3.41326804e-07	
1.09725000	5.94183245e-07	
1.09883333	4.86086187e-07	
1.10041667	4.31164411e-07	
1.10200000	5.83804412e-07	
1.10358333	6.31668527e-07	
1.10516667	4.93606372e-07	
1.10675000	2.95782648e-07	
1.10833333	2.17613052e-07	
1.10991667	2.67781700e-07	
1.11150000	6.56379762e-08	
1.11308333	2.05012249e-07	
1.11466667	2.17093699e-07	
1.11625000	4.41681655e-07	
1.11783333	6.68914231e-07	
1.11941667	5.23852994e-07	
1.12100000	6.14554160e-07	
1.12258333	6.08590788e-07	
1.12416667	6.62388594e-07	
1.12575000	6.42511174e-07	
1.12733333	8.24043585e-08	
1.12891667	1.59364671e-07	
1.13050000	2.76207474e-07	
1.13208333	3.67514111e-07	
1.13366667	2.53045002e-07	
1.13525000	4.00614900e-07	
1.13683333	5.54792982e-07	
1.13841667	3.94737184e-07	
1.14000000	4.99827580e-07	
1.14158333	6.02195805e-07	
1.14316667	5.57039131e-07	
1.14475000	5.49763284e-07	
1.14633333	4.58256606e-07	
1.14791667	1.79413948e-07	
1.14950000	1.97130875e-07	
1.15108333	2.79275879e-07	
1.15266667	2.53176244e-07	
1.15425000	1.46272207e-07	
1.15583333	3.89292760e-07	
1.15741667	5.57472310e-07	
1.15900000	5.29383690e-07	
1.16058333	5.54403484e-07	
1.16216667	5.39227476e-07	
1.16375000	5.64515746e-07	
1.16533333	3.11729168e-07	
1.16691667	1.77616226e-07	
1.16850000	1.65274350e-07	
1.17008333	1.23722866e-07	
1.17166667	2.90727525e-07	
1.17325000	2.03794012e-07	
1.17483333	2.33705823e-07	
1.17641667	6.52709904e-07	
1.17800000	5.41526211e-07	
1.17958333	5.45372799e-07	
1.18116667	4.49053713e-07	
1.18275000	4.72086623e-07	
1.18433333	4.29955456e-07	
1.18591667	2.23930234e-07	
1.18750000	1.01546647e-07	
1.18908333	1.20041428e-07	
1.19066667	1.24146763e-07	
1.19225000	4.14483243e-08	
1.19383333	1.20559746e-07	
1.19541667	5.54618030e-07	
1.19700000	4.45485065e-07	
1.19858333	5.48656899e-07	
1.20016667	5.31544659e-07	
1.20175000	4.34794354e-07	
1.20333333	5.48310411e-07	
1.20491667	5.69961767e-07	
1.20650000	4.03423062e-07	
1.20808333	3.81685967e-07	
1.20966667	2.15538481e-07	
1.21125000	2.19029790e-07	
1.21283333	2.25261274e-07	
1.21441667	1.96983855e-07	
1.21600000	2.01149518e-07	
1.21758333	3.90069375e-07	
1.21916667	5.17673396e-07	
1.22075000	4.26514326e-07	
1.22233333	5.29254436e-07	
1.22391667	3.78783160e-07	
1.22550000	3.43720239e-07	
1.22708333	2.21588405e-07	
1.22866667	2.28717959e-07	
1.23025000	2.81522840e-07	
1.23183333	2.79578125e-07	
1.23341667	2.28951741e-07	
1.23500000	4.28968692e-07	
1.23658333	4.54792179e-07	
1.23816667	6.65759385e-07	
1.23975000	6.37066386e-07	
1.24133333	4.36393645e-07	
1.24291667	6.61263615e-07	
1.24450000	4.63124093e-07	
1.24608333	2.75343299e-07	
1.24766667	1.86155251e-07	
1.24925000	1.17448862e-07	
1.25083333	2.11519979e-07	
1.25241667	1.96767629e-07	
1.25400000	2.65715991e-07	
1.25558333	4.98089542e-07	
1.25716667	6.98687799e-07	
1.25875000	7.09575807e-07	
1.26033333	6.31752643e-07	
1.26191667	6.71814433e-07	
1.26350000	5.47532368e-07	
1.26508333	4.44914904e-07	
1.26666667	1.81038637e-07	
1.26825000	-3.50881189e-08	
1.26983333	1.16540921e-07	
1.27141667	9.60758040e-08	
1.27300000	1.90907848e-07	
1.27458333	2.99066551e-07	
1.27616667	4.54846081e-07	
1.27775000	7.40473458e-07	
1.27933333	5.03327177e-07	
1.28091667	3.36271877e-07	
1.28250000	5.67281262e-07	
1.28408333	5.04191687e-07	
1.28566667	3.43228285e-07	
1.28725000	1.93890262e-07	
1.28883333	1.96913908e-07	
1.29041667	2.27534584e-07	
1.29200000	9.77960122e-08	
1.29358333	2.02272536e-07	
1.29516667	3.21518883e-07	
1.29675000	5.40578200e-07	
1.29833333	5.36427462e-07	
1.29991667	4.80814615e-07	
1.30150000	5.42865119e-07	
1.30308333	5.94157260e-07	
1.30466667	4.87037334e-07	
1.30625000	4.14321207e-07	
1.30783333	2.09014091e-07	
1.30941667	3.34413517e-07	
1.31100000	2.32434524e-07	
1.31258333	2.26125392e-07	
1.31416667	1.85964562e-07	
1.31575000	2.83252674e-07	
1.31733333	6.64895546e-07	
1.31891667	4.56745210e-07	
1.32050000	4.23039818e-07	
1.32208333	4.31422386e-07	
1.32366667	4.16385880e-07	
1.32525000	6.00639159e-07	
1.32683333	1.74963219e-07	
1.32841667	1.90346787e-07	
1.33000000	3.13413555e-07	
1.33158333	2.06931287e-07	
1.33316667	2.38657005e-07	
1.33475000	1.16671568e-07	
1.33633333	4.76882006e-07	
1.33791667	4.54887635e-07	
1.33950000	4.54282612e-07	
1.34108333	6.18011083e-07	
1.34266667	5.08599757e-07	
1.34425000	5.54013819e-07	
1.34583333	2.15365854e-07	
1.34741667	1.32097481e-07	
1.34900000	3.08054927e-07	
1.35058333	1.57756489e-07	
1.35216667	1.69216479e-07	
1.35375000	1.76804595e-07	
1.35533333	3.16074346e-07	
1.35691667	5.10716428e-07	
1.35850000	6.03664807e-07	
1.36008333	6.71508155e-07	
1.36166667	5.35433641e-07	
1.36325000	6.59753452e-07	
1.36483333	4.85775821e-07	
1.36641667	2.43279620e-07	
1.36800000	1.23325934e-07	
1.36958333	6.06255203e-08	
1.37116667	1.40065239e-07	
1.37275000	1.30412212e-07	
1.37433333	1.26782787e-07	
1.37591667	5.07951920e-07	
1.37750000	6.42985627e-07	
1.37908333	5.74842834e-07	
1.38066667	5.59285000e-07	
1.38225000	3.83286126e-07	
1.38383333	5.57125823e-07	
1.38541667	5.46151290e-07	
1.38700000	2.34854420e-07	
1.38858333	1.65283604e-07	
1.39016667	1.31968046e-07	
1.39175000	2.86534701e-07	
1.39333333	2.36461846e-07	
1.39491667	4.58819740e-07	
1.39650000	5.56276097e-07	
1.39808333	4.92784032e-07	
1.39966667	4.93734730e-07	
1.40125000	3.48967478e-07	
1.40283333	4.29134040e-07	
1.40441667	5.73848285e-07	
1.40600000	1.71566568e-07	
1.40758333	3.58179948e-07	
1.40916667	2.57496866e-07	
1.41075000	2.50003758e-07	
1.41233333	8.35442687e-08	
1.41391667	7.51093032e-08	
1.41550000	4.77443319e-07	
1.41708333	3.93906807e-07	
1.41866667	5.92083711e-07	
1.42025000	5.73979163e-07	
1.42183333	5.07129915e-07	
1.42341667	6.37283675e-07	
1.42500000	2.62329239e-07	
1.42658333	1.05790056e-07	
1.42816667	8.97506632e-08	
1.42975000	1.91901711e-07	
1.43133333	1.85808903e-07	
1.43291667	1.15979531e-07	
1.43450000	2.15919158e-07	
1.43608333	3.38276627e-07	
1.43766667	5.10241975e-07	
1.43925000	4.97580423e-07	
1.44083333	5.36470248e-07	
1.44241667	7.01969994e-07	
1.44400000	4.84487651e-07	
1.44558333	4.93043603e-07	
1.44716667	3.10734339e-07	
1.44875000	1.99593614e-07	
1.45033333	2.60877486e-07	
1.45191667	1.01158081e-07	
1.45350000	1.05047064e-07	
1.45508333	4.59252191e-07	
1.45666667	4.37992153e-07	
1.45825000	6.51931525e-07	
1.45983333	5.01642733e-07	
1.46141667	5.90053900e-07	
1.46300000	6.23670697e-07	
1.46458333	4.61222695e-07	
1.46616667	3.22020917e-07	
1.46775000	3.27969546e-08	
1.46933333	1.06602561e-07	
1.47091667	1.59268753e-07	
1.47250000	6.27348900e-08	
1.47408333	2.92160853e-07	
1.47566667	3.94392937e-07	
1.47725000	5.56520491e-07	
1.47883333	5.17284179e-07	
1.48041667	4.36479161e-07	
1.48200000	4.43610549e-07	
@ 
0.00000000	4.92005709e-07	
0.00158333	4.35744772e-07	
0.00316667	2.44317123e-07	
0.00475000	2.37447154e-07	
0.00633333	3.63840430e-07	
0.00791667	1.40981454e-07	
0.00950000	-5.83322787e-09	
0.01108333	2.18399314e-07	
0.01266667	1.52580862e-07	
0.01425000	4.87338627e-07	
0.01583333	4.70227003e-07	
0.01741667	5.01080748e-07	
0.01900000	5.82102215e-07	
0.02058333	4.74765223e-07	
0.02216667	1.31992603e-07	
0.02375000	1.36902021e-07	
0.02533333	2.18909609e-07	
0.02691667	2.39132410e-07	
0.02850000	1.50160266e-07	
0.03008333	1.84253112e-07	
0.03166667	3.38994327e-07	
0.03325000	6.72040683e-07	
0.03483333	6.70728656e-07	
0.03641667	6.39054811e-07	
0.03800000	7.32045471e-07	
0.03958333	5.85601868e-07	
0.04116667	5.18625103e-07	
0.04275000	2.27698335e-07	
0.04433333	2.47256471e-07	
0.04591667	3.31648701e-07	
0.04750000	2.67046891e-07	
0.04908333	4.10517180e-07	
0.05066667	2.18666964e-07	
0.05225000	3.86803784e-07	
0.05383333	7.05126072e-07	
0.05541667	5.31543483e-07	
0.05700000	5.43945631e-07	
0.05858333	4.84141724e-07	
0.06016667	4.85265974e-07	
0.06175000	1.54179202e-07	
0.06333333	1.95013700e-07	
0.06491667	3.00060036e-07	
0.06650000	3.17734093e-07	
0.06808333	2.73736923e-07	
0.06966667	2.16946427e-07	
0.07125000	2.73355798e-07	
0.07283333	4.81134837e-07	
0.07441667	5.24888928e-07	
0.07600000	5.43730078e-07	
0.07758333	5.32969923e-07	
0.07916667	4.50955867e-07	
0.08075000	3.96593135e-07	
0.08233333	1.73218250e-07	
0.08391667	1.25572657e-07	
0.08550000	2.32477799e-07	
0.08708333	1.66320925e-07	
0.08866667	2.64842520e-07	
0.09025000	1.88705045e-07	
0.09183333	4.46071916e-07	
0.09341667	5.27787562e-07	
0.09500000	5.53927855e-07	
0.09658333	6.03274805e-07	
0.09816667	4.88158672e-07	
0.09975000	5.44043300e-07	
0.10133333	4.49424002e-07	
0.10291667	6.15341191e-08	
0.10450000	2.59614321e-07	
0.10608333	1.84573530e-07	
0.10766667	1.53875991e-07	
0.10925000	1.50678639e-07	
0.11083333	4.15519969e-07	
0.11241667	6.14208792e-07	
0.11400000	4.70226387e-07	
0.11558333	5.17457955e-07	
0.11716667	5.48397999e-07	
0.11875000	5.26877129e-07	
0.12033333	5.50037193e-07	
0.12191667	3.92145304e-07	
0.12350000	2.69294075e-07	
0.12508333	2.71843394e-07	
0.12666667	2.25866479e-07	
0.12825000	3.07708495e-07	
0.12983333	3.25809004e-08	
0.13141667	1.26178590e-07	
0.13300000	3.23567371e-07	
0.13458333	2.95133775e-07	
0.13616667	4.42788488e-07	
0.13775000	4.82889956e-07	
0.13933333	5.19185576e-07	
0.14091667	4.43046240e-07	
0.14250000	3.70797706e-07	
0.14408333	3.35364328e-07	
0.14566667	3.63676370e-07	
0.14725000	3.51828339e-07	
0.14883333	3.30783014e-07	
0.15041667	3.21045970e-07	
0.15200000	6.18874977e-07	
0.15358333	4.89672532e-07	
0.15516667	5.83615011e-07	
0.15675000	4.63443167e-07	
0.15833333	4.34413172e-07	
0.15991667	6.72369418e-07	
0.16150000	2.97683709e-07	
0.16308333	1.37282376e-07	
0.16466667	9.39675754e-08	
0.16625000	1.86543768e-07	
0.16783333	2.95695872e-07	
0.16941667	2.37135752e-07	
0.17100000	4.31570317e-07	
0.17258333	3.55545394e-07	
0.17416667	5.08470055e-07	
0.17575000	4.74331876e-07	
0.17733333	4.18157239e-07	
0.17891667	6.51673745e-07	
0.18050000	4.97804657e-07	
0.18208333	4.69925486e-07	
0.18366667	1.43332103e-07	
0.18525000	1.43245692e-07	
0.18683333	2.80675074e-07	
0.18841667	1.01850734e-07	
0.19000000	3.18900205e-07	
0.19158333	4.86302301e-07	
0.19316667	5.32192552e-07	
0.19475000	6.02496874e-07	
0.19633333	4.13620643e-07	
0.19791667	4.73468261e-07	
0.19950000	4.40669213e-07	
0.20108333	2.39071003e-07	
0.20266667	8.28373280e-08	
0.20425000	1.45665462e-07	
0.20583333	2.11433945e-07	
0.20741667	3.18555426e-07	
0.20900000	2.53961903e-07	
0.21058333	1.90563531e-07	
0.21216667	3.65759916e-07	
0.21375000	6.35942247e-07	
0.21533333	6.00638935e-07	
0.21691667	4.79293306e-07	
0.21850000	6.43506395e-07	
0.22008333	5.75835926e-07	
0.22166667	4.58713671e-07	
0.22325000	9.66639424e-08	
0.22483333	1.37585266e-07	
0.22641667	2.62509399e-07	
0.22800000	2.89491130e-07	
0.22958333	2.79949226e-07	
0.23116667	3.34371600e-07	
0.23275000	2.91202566e-07	
0.23433333	4.90925588e-07	
0.23591667	4.47411776e-07	
0.23750000	5.62182122e-07	
0.23908333	5.51920725e-07	
0.24066667	5.01510567e-07	
0.24225000	1.61990811e-07	
0.24383333	-1.31535566e-07	
0.24541667	2.06637036e-07	
0.24700000	2.16255762e-07	
0.24858333	3.00968397e-07	
0.25016667	2.58966400e-07	
0.25175000	4.79353509e-07	
0.25333333	5.84910629e-07	
0.25491667	6.58975521e-07	
0.25650000	5.18970191e-07	
0.25808333	5.51475449e-07	
0.25966667	5.39669951e-07	
0.26125000	4.64436260e-07	
0.26283333	1.39323276e-07	
0.26441667	6.56382842e-08	
0.26600000	2.10655706e-07	
0.26758333	9.18674672e-08	
0.26916667	2.22712095e-07	
0.27075000	3.27680979e-07	
0.27233333	5.11399491e-07	
0.27391667	6.21035778e-07	
0.27550000	6.62734073e-07	
0.27708333	8.04882452e-07	
0.27866667	7.08322975e-07	
0.28025000	5.50774186e-07	
0.28183333	5.95972414e-07	
0.28341667	1.18701652e-07	
0.28500000	2.61905328e-07	
0.28658333	2.22452216e-07	
0.28816667	3.17952335e-07	
0.28975000	2.43193404e-07	
0.29133333	3.96941667e-07	
0.29291667	7.02928365e-07	
0.29450000	4.27966863e-07	
0.29608333	4.73338559e-07	
0.29766667	5.22427002e-07	
0.29925000	4.65690688e-07	
0.30083333	4.96672510e-07	
0.30241667	3.95558664e-08	
0.30400000	2.31353829e-07	
0.30558333	2.76432268e-07	
0.30716667	3.52327769e-07	
0.30875000	1.49382111e-07	
0.31033333	2.25736861e-07	
0.31191667	5.02635938e-07	
0.31350000	4.77961230e-07	
0.31508333	5.09679990e-07	
0.31666667	5.17587601e-07	
0.31825000	4.40367780e-07	
0.31983333	6.72588388e-07	
0.32141667	2.90355360e-07	
0.32300000	1.62786382e-07	
0.32458333	3.22227791e-07	
0.32616667	9.78738067e-08	
0.32775000	2.75776058e-07	
0.32933333	1.73088703e-07	
0.33091667	3.15296472e-07	
0.33250000	5.20568054e-07	
0.33408333	4.42140343e-07	
0.33566667	5.76094938e-07	
0.33725000	5.71039535e-07	
0.33883333	6.16237427e-07	
0.34041667	5.87288160e-07	
0.34200000	2.68850592e-07	
0.34358333	2.53953643e-07	
0.34516667	1.58758948e-07	
0.34675000	1.27818679e-07	
0.34833333	2.28044053e-07	
0.34991667	2.60763073e-07	
0.35150000	7.30580558e-07	
0.35308333	5.16636622e-07	
0.35466667	4.25935820e-07	
0.35625000	4.45640080e-07	
0.35783333	3.56096430e-07	
0.35941667	6.29462364e-07	
0.36100000	5.16203554e-07	
0.36258333	2.43307257e-07	
0.36416667	3.51266270e-07	
0.36575000	4.39244957e-07	
0.36733333	4.59292989e-07	
0.36891667	4.13326994e-07	
0.37050000	5.68406241e-07	
0.37208333	7.19515637e-07	
0.37366667	9.40713635e-07	
0.37525000	1.07709129e-06	
0.37683333	9.32721460e-07	
0.37841667	9.92829125e-07	
0.38000000	9.39005614e-07	
0.38158333	7.76045582e-07	
0.38316667	5.54445206e-07	
0.38475000	5.85342577e-07	
0.38633333	6.04312364e-07	
0.38791667	6.80062091e-07	
0.38950000	6.30499867e-07	
0.39108333	1.11109490e-06	
0.39266667	7.86710924e-07	
0.39425000	9.14527140e-07	
0.39583333	8.49796803e-07	
0.39741667	8.58957358e-07	
0.39900000	1.12427498e-06	
0.40058333	8.19583615e-07	
0.40216667	6.94540029e-07	
0.40375000	5.66244040e-07	
0.40533333	6.30714749e-07	
0.40691667	7.10827967e-07	
0.40850000	5.78691046e-07	
0.41008333	6.49733370e-07	
0.41166667	7.56156457e-07	
0.41325000	8.75810250e-07	
0.41483333	8.58915636e-07	
0.41641667	8.27715236e-07	
0.41800000	8.86224254e-07	
0.41958333	8.71965790e-07	
0.42116667	7.14629530e-07	
0.42275000	5.53150092e-07	
0.42433333	4.79907318e-07	
0.42591667	6.20533380e-07	
0.42750000	7.15148617e-07	
0.42908333	5.52157896e-07	
0.43066667	7.98936609e-07	
0.43225000	9.73469168e-07	
0.43383333	1.00855642e-06	
0.43541667	9.62015870e-07	
0.43700000	9.66070228e-07	
0.43858333	9.91784790e-07	
0.44016667	8.68929222e-07	
0.44175000	8.08964979e-07	
0.44333333	5.68913568e-07	
0.44491667	6.44542497e-07	
0.44650000	7.36755675e-07	
0.44808333	4.89803018e-07	
0.44966667	5.00128929e-07	
0.45125000	5.74350572e-07	
0.45283333	8.44266051e-07	
0.45441667	9.32289065e-07	
0.45600000	7.58577782e-07	
0.45758333	9.10509351e-07	
0.45916667	9.08784754e-07	
0.46075000	7.38528994e-07	
0.46233333	7.48396693e-07	
0.46391667	6.79586238e-07	
0.46550000	8.63754365e-07	
0.46708333	6.60618466e-07	
0.46866667	5.50774354e-07	
0.47025000	7.26862327e-07	
0.47183333	7.49329471e-07	
0.47341667	1.00133949e-06	
0.47500000	9.22695498e-07	
0.47658333	9.78914629e-07	
0.47816667	9.57049008e-07	
0.47975000	8.93178702e-07	
0.48133333	7.18156680e-07	
0.48291667	5.55527175e-07	
0.48450000	5.84652794e-07	
0.48608333	6.05092087e-07	
0.48766667	6.07944351e-07	
0.48925000	6.74145089e-07	
0.49083333	6.98814252e-07	
0.49241667	1.00246458e-06	
0.49400000	9.79519680e-07	
0.49558333	9.34189734e-07	
0.49716667	9.40023572e-07	
0.49875000	9.13402273e-07	
0.50033333	9.12321817e-07	
0.50191667	7.13074620e-07	
0.50350000	5.43383982e-07	
0.50508333	6.35987721e-07	
0.50666667	6.34561953e-07	
0.50825000	6.53660266e-07	
0.50983333	6.99420816e-07	
0.51141667	9.83018941e-07	
0.51300000	1.15556448e-06	
0.51458333	1.03763752e-06	
0.51616667	1.08979400e-06	
0.51775000	9.86994559e-07	
0.51933333	1.02663314e-06	
0.52091667	6.98254171e-07	
0.52250000	3.80140633e-07	
0.52408333	5.23550804e-07	
0.52566667	6.08763052e-07	
0.52725000	5.90703529e-07	
0.52883333	6.00207324e-07	
0.53041667	6.26090677e-07	
0.53200000	1.00172804e-06	
0.53358333	9.65689747e-07	
0.53516667	9.55960431e-07	
0.53675000	1.05227803e-06	
0.53833333	1.04087122e-06	
0.53991667	9.81464087e-07	
0.54150000	5.72206067e-07	
0.54308333	5.45976002e-07	
0.54466667	5.91262938e-07	
0.54625000	6.17319228e-07	
0.54783333	6.40610337e-07	
0.54941667	5.75231939e-07	
0.55100000	7.40039158e-07	
0.55258333	8.79312367e-07	
0.55416667	1.03564988e-06	
0.55575000	1.07233656e-06	
0.55733333	8.82897816e-07	
0.55891667	8.94823495e-07	
0.56050000	7.22149099e-07	
0.56208333	4.97925622e-07	
0.56366667	4.59943178e-07	
0.56525000	5.25192350e-07	
0.56683333	6.48258936e-07	
0.56841667	6.58066824e-07	
0.57000000	6.08208851e-07	
0.57158333	7.87919291e-07	
0.57316667	9.11720518e-07	
0.57475000	9.99567795e-07	
0.57633333	9.10803924e-07	
0.57791667	8.25946397e-07	
0.57950000	8.30336490e-07	
0.58108333	8.28236844e-07	
0.58266667	7.19212048e-07	
0.58425000	7.28545874e-07	
0.58583333	6.60443963e-07	
0.58741667	8.33376642e-07	
0.58900000	6.42987251e-07	
0.59058333	6.39052851e-07	
0.59216667	1.09705395e-06	
0.59375000	1.02458860e-06	
0.59533333	1.15072373e-06	
0.59691667	1.11399258e-06	
0.59850000	1.11815032e-06	
0.60008333	1.17777552e-06	
0.60166667	1.18337241e-06	
0.60325000	9.96243150e-07	
0.60483333	9.88898085e-07	
0.60641667	1.14977438e-06	
0.60800000	1.18966933e-06	
0.60958333	1.34879801e-06	
0.61116667	1.84059225e-06	
0.61275000	2.13832804e-06	
0.61433333	2.60201653e-06	
0.61591667	2.99425992e-06	
0.61750000	3.57177688e-06	
0.61908333	4.77296559e-06	
0.62066667	6.27340149e-06	
0.62225000	8.48792364e-06	
0.62383333	1.24608772e-05	
0.62541667	1.91431499e-05	
0.62700000	2.70834227e-05	
0.62858333	3.69113046e-05	
0.63016667	5.14757213e-05	
0.63175000	6.69554861e-05	
0.63333333	8.83993841e-05	
0.63491667	1.37517828e-04	
0.63650000	2.17559250e-04	
0.63808333	2.76303044e-04	
0.63966667	2.73513850e-04	
0.64125000	2.82988364e-04	
0.64283333	4.41255042e-04	
0.64441667	1.11918880e-03	
0.64600000	1.20952055e-03	
0.64758333	1.99654939e-03	
0.64916667	4.62406385e-03	
0.65075000	2.53160599e-03	
0.65233333	6.43513195e-03	
0.65391667	7.65668140e-03	
0.65550000	1.28735129e-02	
0.65708333	1.80617446e-02	
0.65866667	2.35135576e-02	
0.66025000	3.41162196e-02	
0.66183333	2.87922261e-02	
0.66341667	3.40768863e-02	
0.66500000	5.60426901e-02	
0.66658333	6.61198759e-02	
0.66816667	7.77631350e-02	
0.66975000	9.01240980e-02	
0.67133333	9.80299755e-02	
0.67291667	1.13378223e-01	
0.67450000	1.18549934e-01	
0.67608333	1.27402865e-01	
0.67766667	1.27771777e-01	
0.67925000	1.04927214e-01	
0.68083333	1.73714335e-01	
0.68241667	1.42356047e-01	
0.68400000	1.47547415e-01	
0.68558333	1.68263030e-01	
0.68716667	1.99017045e-01	
0.68875000	2.06825354e-01	
0.69033333	2.31010113e-01	
0.69191667	4.57244381e-01	
0.69350000	6.88133921e-01	
0.69508333	9.31075747e-01	
0.69666667	1.28856509e+00	
0.69825000	1.50335099e+00	
0.69983333	1.53979900e+00	
0.70141667	1.57278188e+00	
0.70300000	3.95350548e+00	
0.70458333	1.93988787e+01	
0.70616667	2.32314841e+01	
0.70775000	2.44886313e+01	
0.70933333	2.56094079e+01	
0.71091667	2.66397381e+01	
0.71250000	2.79628879e+01	
0.71408333	2.84336557e+01	
0.71566667	2.90975006e+01	
0.71725000	3.00133466e+01	
0.71883333	3.07903341e+01	
0.72041667	3.18429038e+01	
0.72200000	3.22569331e+01	
