start voltage : 0.00 V 
set voltage : 0.10 V 
High G : 30.00 G0 
Intermediate G : 20.00 G0 
Low G : 10.00 G0 
Breaking speed 1 : 300.00 V/s 
Breaking speed 2 : 300.00 V/s 
Making speed : 500.00 V/s 
Post breaking : 230.00 V/s 
@ 
0.00000000	5.01324442e+01	
0.00158333	5.09960334e+01	
0.00316667	5.08391972e+01	
0.00475000	5.07752165e+01	
0.00633333	5.08235515e+01	
0.00791667	5.08523699e+01	
0.00950000	5.05920424e+01	
0.01108333	5.07645393e+01	
0.01266667	5.08148136e+01	
0.01425000	5.06982284e+01	
0.01583333	5.07343566e+01	
0.01741667	5.07509794e+01	
0.01900000	5.05230294e+01	
0.02058333	5.08663018e+01	
0.02216667	5.04353040e+01	
0.02375000	5.04526709e+01	
0.02533333	5.05857511e+01	
0.02691667	5.05078047e+01	
0.02850000	5.06481721e+01	
0.03008333	5.02414790e+01	
0.03166667	5.06645393e+01	
0.03325000	5.05632691e+01	
0.03483333	5.04753558e+01	
0.03641667	5.06440079e+01	
0.03800000	5.05486119e+01	
0.03958333	5.08890994e+01	
0.04116667	5.05171139e+01	
0.04275000	5.02400245e+01	
0.04433333	5.03054522e+01	
0.04591667	5.03228680e+01	
0.04750000	5.02599959e+01	
0.04908333	5.02581957e+01	
0.05066667	5.03757054e+01	
0.05225000	5.03982061e+01	
0.05383333	5.02324591e+01	
0.05541667	5.04664036e+01	
0.05700000	5.02995141e+01	
0.05858333	5.04282497e+01	
0.06016667	5.04958985e+01	
0.06175000	5.00295955e+01	
0.06333333	5.02324403e+01	
0.06491667	5.00500818e+01	
0.06650000	5.02213422e+01	
0.06808333	5.02479770e+01	
0.06966667	4.99917310e+01	
0.07125000	5.02166331e+01	
0.07283333	5.01792383e+01	
0.07441667	5.00738942e+01	
0.07600000	4.98066627e+01	
0.07758333	4.94921711e+01	
0.07916667	4.91515032e+01	
0.08075000	4.94636497e+01	
0.08233333	4.91437762e+01	
0.08391667	4.92732484e+01	
0.08550000	4.91102825e+01	
0.08708333	4.89043371e+01	
0.08866667	4.87442614e+01	
0.09025000	4.91025368e+01	
0.09183333	4.92880560e+01	
0.09341667	4.90279540e+01	
0.09500000	4.91789009e+01	
0.09658333	4.88896649e+01	
0.09816667	4.90039011e+01	
0.09975000	4.90241243e+01	
0.10133333	4.88950843e+01	
0.10291667	4.89937688e+01	
0.10450000	4.88324303e+01	
0.10608333	4.90387928e+01	
0.10766667	4.89559607e+01	
0.10925000	4.89126767e+01	
0.11083333	4.90326067e+01	
0.11241667	4.87785067e+01	
0.11400000	4.88269657e+01	
0.11558333	4.86833211e+01	
0.11716667	4.86432467e+01	
0.11875000	4.88176189e+01	
0.12033333	4.84331334e+01	
0.12191667	4.87580467e+01	
0.12350000	4.85878311e+01	
0.12508333	4.87840990e+01	
0.12666667	4.84640526e+01	
0.12825000	4.81332990e+01	
0.12983333	4.82044166e+01	
0.13141667	4.79531390e+01	
0.13300000	4.78633165e+01	
0.13458333	4.78081076e+01	
0.13616667	4.75156920e+01	
0.13775000	4.72177706e+01	
0.13933333	4.72090777e+01	
0.14091667	4.71535531e+01	
0.14250000	4.71946723e+01	
0.14408333	4.72157637e+01	
0.14566667	4.76856671e+01	
0.14725000	4.72853780e+01	
0.14883333	4.67145164e+01	
0.15041667	4.68890389e+01	
0.15200000	4.68039180e+01	
0.15358333	4.65577817e+01	
0.15516667	4.63759418e+01	
0.15675000	4.65479275e+01	
0.15833333	4.66147420e+01	
0.15991667	4.65360777e+01	
0.16150000	4.64418430e+01	
0.16308333	4.63166401e+01	
0.16466667	4.56801667e+01	
0.16625000	4.56566024e+01	
0.16783333	4.56776336e+01	
0.16941667	4.57172307e+01	
0.17100000	4.55952524e+01	
0.17258333	4.56167309e+01	
0.17416667	4.55794489e+01	
0.17575000	4.55993903e+01	
0.17733333	4.56499916e+01	
0.17891667	4.34288306e+01	
0.18050000	4.28416919e+01	
0.18208333	4.29669774e+01	
0.18366667	4.30173081e+01	
0.18525000	4.28933944e+01	
0.18683333	4.25756857e+01	
0.18841667	4.26772866e+01	
0.19000000	4.27230247e+01	
0.19158333	4.26419289e+01	
0.19316667	4.24622537e+01	
0.19475000	4.23327364e+01	
0.19633333	4.19663544e+01	
0.19791667	4.22288204e+01	
0.19950000	4.19962063e+01	
0.20108333	4.23149485e+01	
0.20266667	4.15118298e+01	
0.20425000	4.14555761e+01	
0.20583333	4.11988678e+01	
0.20741667	4.11862062e+01	
0.20900000	4.07826738e+01	
0.21058333	4.01342791e+01	
0.21216667	3.84952622e+01	
0.21375000	3.82516176e+01	
0.21533333	3.83235508e+01	
0.21691667	3.80786472e+01	
0.21850000	3.80470891e+01	
0.22008333	3.81094237e+01	
0.22166667	3.79100289e+01	
0.22325000	3.78579168e+01	
0.22483333	3.78098448e+01	
0.22641667	3.82354984e+01	
0.22800000	3.85035679e+01	
0.22958333	3.82988026e+01	
0.23116667	3.82831833e+01	
0.23275000	3.81587095e+01	
0.23433333	3.81295905e+01	
0.23591667	3.77374794e+01	
0.23750000	3.74252954e+01	
0.23908333	3.76782868e+01	
0.24066667	3.77839880e+01	
0.24225000	3.76458191e+01	
0.24383333	3.74766183e+01	
0.24541667	3.67256455e+01	
0.24700000	3.68628898e+01	
0.24858333	3.66117363e+01	
0.25016667	3.65583351e+01	
0.25175000	3.66263371e+01	
0.25333333	3.64927646e+01	
0.25491667	3.66861010e+01	
0.25650000	3.65479360e+01	
0.25808333	3.66446925e+01	
0.25966667	3.65393784e+01	
0.26125000	3.64971430e+01	
0.26283333	3.65497136e+01	
0.26441667	3.63513862e+01	
0.26600000	3.63528444e+01	
0.26758333	3.60725493e+01	
0.26916667	3.61452604e+01	
0.27075000	3.60974440e+01	
0.27233333	3.46376023e+01	
0.27391667	3.32989534e+01	
0.27550000	3.28290989e+01	
0.27708333	3.28995588e+01	
0.27866667	3.32062821e+01	
0.28025000	3.30625398e+01	
0.28183333	3.30654036e+01	
0.28341667	3.27959209e+01	
0.28500000	3.24455191e+01	
0.28658333	3.21957899e+01	
0.28816667	3.22118903e+01	
0.28975000	3.20499316e+01	
0.29133333	3.19638674e+01	
0.29291667	3.20480299e+01	
0.29450000	3.20538966e+01	
0.29608333	3.18688171e+01	
0.29766667	3.20463162e+01	
0.29925000	3.17712187e+01	
0.30083333	3.17591922e+01	
0.30241667	3.18103573e+01	
0.30400000	3.10934062e+01	
0.30558333	3.10948682e+01	
0.30716667	3.07518043e+01	
0.30875000	2.98404345e+01	
0.31033333	2.98031111e+01	
0.31191667	2.95562533e+01	
0.31350000	2.92930093e+01	
0.31508333	2.84696449e+01	
0.31666667	2.84939270e+01	
0.31825000	2.82425780e+01	
0.31983333	2.81989389e+01	
0.32141667	2.73755444e+01	
0.32300000	2.68428009e+01	
0.32458333	2.67576575e+01	
0.32616667	2.68503081e+01	
0.32775000	2.66343507e+01	
0.32933333	2.67091307e+01	
0.33091667	2.64816674e+01	
0.33250000	2.65330541e+01	
0.33408333	2.65327065e+01	
0.33566667	2.65294969e+01	
0.33725000	2.65444379e+01	
0.33883333	2.65088716e+01	
0.34041667	2.62484163e+01	
0.34200000	2.62456314e+01	
0.34358333	2.62700771e+01	
0.34516667	2.62588774e+01	
0.34675000	2.61414335e+01	
0.34833333	2.62227417e+01	
0.34991667	2.61777346e+01	
0.35150000	2.61892311e+01	
0.35308333	2.43421153e+01	
0.35466667	2.32663871e+01	
0.35625000	2.30750501e+01	
0.35783333	2.26946328e+01	
0.35941667	2.27209351e+01	
0.36100000	2.27961022e+01	
0.36258333	2.24805076e+01	
0.36416667	2.24938006e+01	
0.36575000	2.24723164e+01	
0.36733333	2.24244606e+01	
0.36891667	2.25746709e+01	
0.37050000	2.23753194e+01	
0.37208333	2.23942328e+01	
0.37366667	2.24938306e+01	
0.37525000	2.23260936e+01	
0.37683333	2.22229574e+01	
0.37841667	2.21764000e+01	
0.38000000	2.22196990e+01	
0.38158333	2.19280539e+01	
0.38316667	2.17063050e+01	
0.38475000	2.18136091e+01	
0.38633333	2.15226160e+01	
0.38791667	2.14474601e+01	
0.38950000	2.16949851e+01	
0.39108333	2.19195489e+01	
0.39266667	2.18527871e+01	
0.39425000	2.17899358e+01	
0.39583333	1.92458816e+01	
0.39741667	1.89367794e+01	
0.39900000	1.88683000e+01	
0.40058333	1.84370485e+01	
0.40216667	1.82084539e+01	
0.40375000	1.84291505e+01	
0.40533333	1.84304584e+01	
0.40691667	1.81300866e+01	
0.40850000	1.80696010e+01	
0.41008333	1.78667430e+01	
0.41166667	1.77550080e+01	
0.41325000	1.75506880e+01	
0.41483333	1.75536307e+01	
0.41641667	1.73228545e+01	
0.41800000	1.75278171e+01	
0.41958333	1.71731797e+01	
0.42116667	1.64827582e+01	
0.42275000	1.64522054e+01	
0.42433333	1.64330439e+01	
0.42591667	1.63963876e+01	
0.42750000	1.64466131e+01	
0.42908333	1.61767978e+01	
0.43066667	1.51836312e+01	
0.43225000	1.44101728e+01	
0.43383333	1.38402544e+01	
0.43541667	1.34650245e+01	
0.43700000	1.32450401e+01	
0.43858333	1.31204471e+01	
0.44016667	1.30792142e+01	
0.44175000	1.40288395e+01	
0.44333333	1.36940466e+01	
0.44491667	1.35645547e+01	
0.44650000	1.36229356e+01	
0.44808333	1.35270735e+01	
0.44966667	1.36368101e+01	
0.45125000	1.36637165e+01	
0.45283333	1.36272012e+01	
0.45441667	1.33528150e+01	
0.45600000	1.33344859e+01	
0.45758333	1.32482177e+01	
0.45916667	1.24265473e+01	
0.46075000	1.24147849e+01	
0.46233333	1.20118857e+01	
0.46391667	1.17672255e+01	
0.46550000	1.17536910e+01	
0.46708333	1.12755852e+01	
0.46866667	1.16683239e+01	
0.47025000	1.08869938e+01	
0.47183333	1.05832217e+01	
0.47341667	1.05300422e+01	
0.47500000	9.96750888e+00	
0.47658333	9.73242189e+00	
0.47816667	9.59024390e+00	
0.47975000	8.89628215e+00	
0.48133333	8.94053102e+00	
0.48291667	9.19223424e+00	
0.48450000	9.09904242e+00	
0.48608333	9.28683071e+00	
0.48766667	8.70872687e+00	
0.48925000	8.65618539e+00	
0.49083333	8.15672888e+00	
0.49241667	7.89049996e+00	
0.49400000	7.69982344e+00	
0.49558333	7.58518978e+00	
0.49716667	7.20729389e+00	
0.49875000	7.12435649e+00	
0.50033333	7.12249521e+00	
0.50191667	7.19449793e+00	
0.50350000	7.39210751e+00	
0.50508333	7.60628915e+00	
0.50666667	7.25140934e+00	
0.50825000	7.08048674e+00	
0.50983333	7.26255354e+00	
0.51141667	7.31303643e+00	
0.51300000	7.39283238e+00	
0.51458333	7.37682781e+00	
0.51616667	6.24213197e+00	
0.51775000	5.40196806e+00	
0.51933333	5.44724811e+00	
0.52091667	5.51039495e+00	
0.52250000	5.35124323e+00	
0.52408333	5.53363653e+00	
0.52566667	5.46468129e+00	
0.52725000	5.08022582e+00	
0.52883333	5.22360128e+00	
0.53041667	5.28123239e+00	
0.53200000	5.25255119e+00	
0.53358333	5.23352685e+00	
0.53516667	5.23405959e+00	
0.53675000	5.10103862e+00	
0.53833333	4.35782856e+00	
0.53991667	4.46640812e+00	
0.54150000	4.15167128e+00	
0.54308333	3.75892131e+00	
0.54466667	3.78499427e+00	
0.54625000	3.71996900e+00	
0.54783333	3.45930255e+00	
0.54941667	3.48199261e+00	
0.55100000	3.47394029e+00	
0.55258333	3.61122666e+00	
0.55416667	3.49362420e+00	
0.55575000	3.22867639e+00	
0.55733333	2.76399158e+00	
0.55891667	2.91858170e+00	
0.56050000	2.78518796e+00	
0.56208333	2.56757995e+00	
0.56366667	2.23565421e+00	
0.56525000	2.21311496e+00	
0.56683333	1.77792008e+00	
0.56841667	1.44961555e+00	
0.57000000	1.47770811e+00	
0.57158333	1.52744452e+00	
0.57316667	1.45727454e+00	
0.57475000	1.40254751e+00	
0.57633333	1.37786604e+00	
0.57791667	1.25081179e+00	
0.57950000	1.46994119e+00	
0.58108333	8.54442316e-01	
0.58266667	8.10222276e-01	
0.58425000	7.50490937e-01	
0.58583333	7.38141689e-01	
0.58741667	7.43476311e-01	
0.58900000	7.19041364e-01	
0.59058333	7.12921323e-01	
0.59216667	7.28832408e-01	
0.59375000	7.60144040e-01	
0.59533333	6.06867723e-01	
0.59691667	-1.26399628e-02	
0.59850000	4.88321348e-03	
0.60008333	-4.02334428e-03	
0.60166667	-6.30147846e-06	
0.60325000	4.23891389e-04	
0.60483333	7.41594243e-04	
0.60641667	1.17358629e-04	
0.60800000	2.78325733e-05	
0.60958333	2.94940729e-06	
0.61116667	-1.02232686e-05	
0.61275000	-1.80093454e-05	
0.61433333	-2.15209360e-05	
0.61591667	-2.21570492e-05	
0.61750000	-2.04434530e-05	
0.61908333	-1.79922060e-05	
0.62066667	-1.52907738e-05	
0.62225000	-1.25653385e-05	
0.62383333	-1.00486716e-05	
0.62541667	-7.65693596e-06	
0.62700000	-5.67782238e-06	
0.62858333	-4.20094159e-06	
0.63016667	-2.73424854e-06	
0.63175000	-1.49085622e-06	
0.63333333	-7.12963231e-07	
0.63491667	-1.21328954e-07	
0.63650000	4.43004406e-07	
0.63808333	7.38933557e-07	
0.63966667	5.31249526e-07	
0.64125000	6.26653614e-07	
0.64283333	3.91063811e-07	
0.64441667	6.49123055e-07	
0.64600000	7.73441297e-07	
0.64758333	7.04604072e-07	
0.64916667	8.55108697e-07	
0.65075000	5.06169976e-07	
0.65233333	7.89689922e-07	
0.65391667	8.09395358e-07	
0.65550000	8.63670810e-07	
0.65708333	9.34666315e-07	
0.65866667	9.24941535e-07	
0.66025000	7.78628642e-07	
0.66183333	5.48224839e-07	
0.66341667	2.54221139e-07	
0.66500000	3.90285992e-07	
0.66658333	2.53953503e-07	
0.66816667	3.60617233e-07	
0.66975000	5.78642996e-07	
0.67133333	7.23491592e-07	
0.67291667	8.94908283e-07	
0.67450000	7.18391107e-07	
0.67608333	7.42070985e-07	
0.67766667	7.81350924e-07	
0.67925000	6.26913410e-07	
0.68083333	5.23766134e-07	
0.68241667	1.70555289e-07	
0.68400000	2.82343753e-07	
0.68558333	4.27951771e-07	
0.68716667	5.58032503e-07	
0.68875000	3.60728790e-07	
0.69033333	3.45517780e-07	
0.69191667	6.97692858e-07	
0.69350000	7.73918382e-07	
0.69508333	7.09707693e-07	
0.69666667	7.59442069e-07	
0.69825000	6.53317139e-07	
0.69983333	6.28208972e-07	
0.70141667	3.58110785e-07	
0.70300000	4.39031350e-08	
0.70458333	7.13414681e-08	
0.70616667	7.99845110e-08	
0.70775000	3.31518691e-07	
0.70933333	2.89440699e-07	
0.71091667	4.91487965e-07	
0.71250000	5.40057993e-07	
0.71408333	6.43115945e-07	
0.71566667	7.20641064e-07	
0.71725000	5.82231245e-07	
0.71883333	6.80794212e-07	
0.72041667	4.26324758e-07	
0.72200000	1.72889418e-07	
0.72358333	2.51404045e-07	
0.72516667	1.11182818e-07	
0.72675000	1.70305070e-07	
0.72833333	2.11969609e-07	
0.72991667	3.27585327e-07	
0.73150000	7.36644062e-07	
0.73308333	5.62787173e-07	
0.73466667	6.74791470e-07	
0.73625000	6.41908923e-07	
0.73783333	6.97735700e-07	
0.73941667	7.75041625e-07	
0.74100000	2.11452496e-07	
0.74258333	4.01131971e-07	
0.74416667	3.25253466e-07	
0.74575000	2.29841621e-07	
0.74733333	2.44125874e-07	
0.74891667	1.80346684e-07	
0.75050000	5.21977078e-07	
0.75208333	5.02074176e-07	
0.75366667	5.39063556e-07	
0.75525000	5.04969786e-07	
0.75683333	6.19006135e-07	
0.75841667	7.91593447e-07	
0.76000000	4.87251431e-07	
0.76158333	1.32270081e-07	
0.76316667	3.80079898e-07	
0.76475000	4.40713595e-07	
0.76633333	4.57436590e-07	
0.76791667	4.28538201e-07	
0.76950000	3.75551591e-07	
0.77108333	5.81627090e-07	
0.77266667	4.84573111e-07	
0.77425000	5.46582286e-07	
0.77583333	5.55525887e-07	
0.77741667	5.76353389e-07	
0.77900000	5.47532704e-07	
0.78058333	4.49011207e-07	
0.78216667	2.22746845e-07	
0.78375000	1.68264982e-07	
0.78533333	3.03388377e-07	
0.78691667	1.81186190e-07	
0.78850000	2.50193690e-07	
0.79008333	2.36678156e-07	
0.79166667	5.47231691e-07	
0.79325000	5.24243051e-07	
0.79483333	5.62570947e-07	
0.79641667	7.04391711e-07	
0.79800000	8.38862816e-07	
0.79958333	6.29507110e-07	
0.80116667	3.60833319e-07	
0.80275000	1.31682405e-07	
0.80433333	2.42157302e-07	
0.80591667	2.78886830e-07	
0.80750000	3.27109110e-07	
0.80908333	2.69078102e-07	
0.81066667	3.55068504e-07	
0.81225000	5.51292545e-07	
0.81383333	6.29807284e-07	
0.81541667	4.63011668e-07	
0.81700000	5.78445643e-07	
0.81858333	6.30336732e-07	
0.82016667	4.38252313e-07	
0.82175000	2.66312726e-07	
0.82333333	8.90999192e-09	
0.82491667	2.68558678e-07	
0.82650000	2.20379297e-07	
0.82808333	1.53573395e-07	
0.82966667	2.63753943e-07	
0.83125000	4.98018978e-07	
0.83283333	6.16843150e-07	
0.83441667	6.75396130e-07	
0.83600000	6.05825496e-07	
0.83758333	6.60487421e-07	
0.83916667	5.66718381e-07	
0.84075000	2.40731394e-07	
0.84233333	9.14097376e-08	
0.84391667	1.68438128e-07	
0.84550000	2.42502613e-07	
0.84708333	3.08037818e-07	
0.84866667	4.51861623e-07	
0.85025000	4.20628070e-07	
0.85183333	5.80339592e-07	
0.85341667	5.30464314e-07	
0.85500000	4.43307156e-07	
0.85658333	4.66944948e-07	
0.85816667	5.43211494e-07	
0.85975000	4.88937891e-07	
0.86133333	2.82818598e-07	
0.86291667	5.08596481e-08	
0.86450000	9.05799834e-08	
0.86608333	1.31881102e-07	
0.86766667	2.63528505e-07	
0.86925000	1.49123365e-07	
0.87083333	4.92134682e-07	
0.87241667	5.69138642e-07	
0.87400000	5.90053676e-07	
0.87558333	7.37056352e-07	
0.87716667	7.54170608e-07	
0.87875000	8.21150510e-07	
0.88033333	5.70631893e-07	
0.88191667	5.42408250e-07	
0.88350000	2.65836228e-07	
0.88508333	1.56806238e-07	
0.88666667	3.04207806e-07	
0.88825000	8.72867136e-08	
0.88983333	1.77634427e-07	
0.89141667	5.22901679e-07	
0.89300000	3.78049051e-07	
0.89458333	4.80380259e-07	
0.89616667	4.41405590e-07	
0.89775000	5.47923434e-07	
0.89933333	6.35534101e-07	
0.90091667	1.67883913e-07	
0.90250000	2.56374828e-07	
0.90408333	1.53486493e-07	
0.90566667	1.01667340e-07	
0.90725000	1.94796859e-07	
0.90883333	1.27733850e-07	
0.91041667	4.18804796e-07	
0.91200000	6.23152169e-07	
0.91358333	5.99127259e-07	
0.91516667	6.47826596e-07	
0.91675000	5.22342102e-07	
0.91833333	7.82301678e-07	
0.91991667	5.47186329e-07	
0.92150000	3.27352133e-07	
0.92308333	1.63857640e-07	
0.92466667	2.33428372e-07	
0.92625000	3.90545144e-07	
0.92783333	2.33903917e-07	
0.92941667	3.62673449e-07	
0.93100000	4.12322897e-07	
0.93258333	5.50471268e-07	
0.93416667	5.96145686e-07	
0.93575000	5.27828892e-07	
0.93733333	5.82101879e-07	
0.93891667	6.78982194e-07	
0.94050000	2.51576168e-07	
0.94208333	3.06107215e-08	
0.94366667	-3.45672054e-09	
0.94525000	7.11248434e-08	
0.94683333	2.17120608e-07	
0.94841667	1.97649851e-07	
0.95000000	3.08832130e-07	
0.95158333	4.62284251e-07	
0.95316667	3.39124057e-07	
0.95475000	5.84392494e-07	
0.95633333	6.18746396e-07	
0.95791667	7.28414885e-07	
0.95950000	5.92775118e-07	
0.96108333	3.86198929e-07	
0.96266667	1.03430166e-07	
0.96425000	2.05643845e-07	
0.96583333	3.28668024e-07	
0.96741667	1.63476627e-07	
0.96900000	1.86976444e-07	
0.97058333	4.91531927e-07	
0.97216667	5.34913994e-07	
0.97375000	6.13128504e-07	
0.97533333	5.21302975e-07	
0.97691667	5.45848205e-07	
0.97850000	6.58543181e-07	
0.98008333	5.04408641e-07	
0.98166667	3.44179712e-07	
0.98325000	2.37400515e-08	
0.98483333	1.08633695e-07	
0.98641667	1.46183975e-07	
0.98800000	3.00233952e-07	
0.98958333	2.29729742e-07	
0.99116667	3.10345149e-07	
0.99275000	7.26083444e-07	
0.99433333	6.55735215e-07	
0.99591667	6.22461770e-07	
0.99750000	7.38441686e-07	
0.99908333	5.97313618e-07	
1.00066667	5.10154331e-07	
1.00225000	2.20550986e-07	
1.00383333	9.12714324e-08	
1.00541667	1.19652169e-07	
1.00700000	2.27412946e-07	
1.00858333	1.70563913e-07	
1.01016667	2.03785486e-07	
1.01175000	5.29081444e-07	
1.01333333	4.82801584e-07	
1.01491667	5.70780131e-07	
1.01650000	5.79509859e-07	
1.01808333	4.92005933e-07	
1.01966667	8.29030175e-07	
1.02125000	4.19454397e-07	
1.02283333	1.40566447e-07	
1.02441667	2.25996265e-07	
1.02600000	2.42286668e-07	
1.02758333	2.35762011e-07	
1.02916667	1.57229603e-07	
1.03075000	3.63200965e-07	
1.03233333	6.20319338e-07	
1.03391667	4.88809309e-07	
1.03550000	5.82534051e-07	
1.03708333	4.08175547e-07	
1.03866667	5.07302851e-07	
1.04025000	4.29434241e-07	
1.04183333	1.08763614e-07	
1.04341667	1.23670979e-07	
1.04500000	1.29262438e-07	
1.04658333	2.70504374e-07	
1.04816667	1.23360207e-07	
1.04975000	1.70080570e-07	
1.05133333	4.88462934e-07	
1.05291667	5.16162617e-07	
1.05450000	5.51421799e-07	
1.05608333	5.71125891e-07	
1.05766667	6.48301274e-07	
1.05925000	5.45588073e-07	
1.06083333	1.78031848e-07	
1.06241667	2.11304537e-07	
1.06400000	1.26090694e-07	
1.06558333	2.22322738e-07	
1.06716667	2.77374734e-07	
1.06875000	1.61870377e-07	
1.07033333	4.00087888e-07	
1.07191667	5.38717517e-07	
1.07350000	4.31422386e-07	
1.07508333	5.81929616e-07	
1.07666667	4.12324885e-07	
1.07825000	5.59364299e-07	
1.07983333	5.54662608e-07	
1.08141667	2.11407652e-07	
1.08300000	2.36194070e-07	
1.08458333	3.48716937e-08	
1.08616667	1.81358216e-07	
1.08775000	1.63426085e-07	
1.08933333	2.45328976e-07	
1.09091667	2.75360436e-07	
1.09250000	2.61549880e-07	
1.09408333	3.42363830e-07	
1.09566667	3.22227959e-07	
1.09725000	4.89500660e-07	
1.09883333	5.95559059e-07	
1.10041667	5.42737153e-07	
1.10200000	2.38562696e-07	
1.10358333	2.65231485e-07	
1.10516667	3.16610795e-07	
1.10675000	3.66779554e-07	
1.10833333	2.56045169e-07	
1.10991667	3.77538756e-07	
1.11150000	5.25235136e-07	
1.11308333	6.52151223e-07	
1.11466667	6.03016970e-07	
1.11625000	4.48837964e-07	
1.11783333	5.16419444e-07	
1.11941667	5.24889432e-07	
1.12100000	4.95029452e-07	
1.12258333	1.97097470e-07	
1.12416667	-4.38595930e-08	
1.12575000	2.01234782e-07	
1.12733333	9.19101831e-08	
1.12891667	1.64021896e-07	
1.13050000	4.53857861e-07	
1.13208333	5.46918749e-07	
1.13366667	5.04347430e-07	
1.13525000	3.82897217e-07	
1.13683333	6.09325093e-07	
1.13841667	8.01400831e-07	
1.14000000	6.39445372e-07	
1.14158333	3.99187480e-07	
1.14316667	2.02186446e-07	
1.14475000	1.70253351e-07	
1.14633333	2.17786366e-07	
1.14791667	1.69380328e-07	
1.14950000	5.64777572e-08	
1.15108333	1.58110397e-07	
1.15266667	5.24285221e-07	
1.15425000	4.04632324e-07	
1.15583333	3.87434568e-07	
1.15741667	5.29515968e-07	
1.15900000	6.10188204e-07	
1.16058333	6.00760629e-07	
1.16216667	2.10181183e-07	
1.16375000	1.24864001e-07	
1.16533333	3.17431427e-07	
1.16691667	2.01296510e-07	
1.16850000	4.06895526e-07	
1.17008333	1.61040784e-07	
1.17166667	1.90907904e-07	
1.17325000	5.30576823e-07	
1.17483333	5.33877948e-07	
1.17641667	5.23421830e-07	
1.17800000	4.57747739e-07	
1.17958333	4.98789685e-07	
1.18116667	4.50910813e-07	
1.18275000	-5.09897061e-09	
1.18433333	1.35614453e-07	
1.18591667	1.41967056e-07	
1.18750000	2.36694817e-07	
1.18908333	3.05522073e-07	
1.19066667	3.21770362e-07	
1.19225000	7.75388280e-07	
1.19383333	4.42615524e-07	
1.19541667	5.36771821e-07	
1.19700000	6.56037797e-07	
1.19858333	6.59321896e-07	
1.20016667	7.16447428e-07	
1.20175000	2.51318641e-07	
1.20333333	1.69734194e-07	
1.20491667	1.06040534e-07	
1.20650000	1.61878946e-07	
1.20808333	3.30006232e-07	
1.20966667	2.91340977e-07	
1.21125000	4.49071522e-07	
1.21283333	7.25260487e-07	
1.21441667	6.71116754e-07	
1.21600000	7.16923561e-07	
1.21758333	6.92420277e-07	
1.21916667	7.56589861e-07	
1.22075000	4.33974113e-07	
1.22233333	2.26817961e-07	
1.22391667	2.44663274e-07	
1.22550000	5.19054915e-08	
1.22708333	3.57573889e-07	
1.22866667	2.64539770e-07	
1.23025000	2.96041408e-07	
1.23183333	5.15167340e-07	
1.23341667	3.97762328e-07	
1.23500000	4.66554275e-07	
1.23658333	3.83631522e-07	
1.23816667	5.99431129e-07	
1.23975000	6.06342175e-07	
1.24133333	3.35140738e-07	
@ 
0.00000000	6.85247728e-08	
0.00158333	6.12704943e-09	
0.00316667	1.73796588e-07	
0.00475000	2.94442312e-07	
0.00633333	1.49943900e-07	
0.00791667	2.63762175e-07	
0.00950000	3.98324733e-07	
0.01108333	5.99731862e-07	
0.01266667	5.07172421e-07	
0.01425000	5.43643890e-07	
0.01583333	4.96285365e-07	
0.01741667	3.97849104e-07	
0.01900000	2.98807848e-07	
0.02058333	8.30268895e-08	
0.02216667	6.86203060e-08	
0.02375000	7.15146419e-08	
0.02533333	7.86015989e-08	
0.02691667	2.36055828e-07	
0.02850000	4.06205155e-07	
0.03008333	6.71809953e-07	
0.03166667	6.48346356e-07	
0.03325000	5.55440595e-07	
0.03483333	5.18278056e-07	
0.03641667	5.43774208e-07	
0.03800000	4.01477423e-07	
0.03958333	2.80918545e-07	
0.04116667	2.26426140e-08	
0.04275000	1.96353211e-07	
0.04433333	2.48733509e-07	
0.04591667	1.37671523e-07	
0.04750000	2.86362353e-07	
0.04908333	3.53253631e-07	
0.05066667	5.69484905e-07	
0.05225000	5.56606007e-07	
0.05383333	5.69054750e-07	
0.05541667	5.22471916e-07	
0.05700000	5.18969015e-07	
0.05858333	1.58474049e-07	
0.06016667	4.42920444e-08	
0.06175000	1.04787737e-07	
0.06333333	1.45363287e-07	
0.06491667	1.75870109e-07	
0.06650000	2.03785220e-07	
0.06808333	2.76276077e-07	
0.06966667	4.79119754e-07	
0.07125000	5.63866845e-07	
0.07283333	6.38060486e-07	
0.07441667	5.69873675e-07	
0.07600000	4.47800937e-07	
0.07758333	5.77261694e-07	
0.07916667	4.26626947e-07	
0.08075000	1.54645059e-07	
0.08233333	1.78635850e-07	
0.08391667	2.10440251e-07	
0.08550000	3.05998150e-07	
0.08708333	1.55275773e-07	
0.08866667	4.78826133e-07	
0.09025000	4.82717300e-07	
0.09183333	4.81505798e-07	
0.09341667	5.72500305e-07	
0.09500000	5.36212692e-07	
0.09658333	6.87375011e-07	
0.09816667	2.89101772e-07	
0.09975000	4.10073920e-08	
0.10133333	-2.64375070e-08	
0.10291667	7.75557310e-08	
0.10450000	2.32901290e-07	
0.10608333	1.55656520e-07	
0.10766667	3.13713232e-08	
0.10925000	3.48759373e-07	
0.11083333	5.48006821e-07	
0.11241667	5.61619464e-07	
0.11400000	5.72855864e-07	
0.11558333	4.98081197e-07	
0.11716667	5.62112566e-07	
0.11875000	2.05721325e-07	
0.12033333	1.91996831e-07	
0.12191667	1.66796666e-07	
0.12350000	2.57454248e-07	
0.12508333	3.06714114e-07	
0.12666667	2.46566072e-07	
0.12825000	4.20707957e-07	
0.12983333	4.34102190e-07	
0.13141667	4.34317912e-07	
0.13300000	5.40315548e-07	
0.13458333	4.25071813e-07	
0.13616667	5.69225054e-07	
0.13775000	2.70115016e-07	
0.13933333	7.27328366e-08	
0.14091667	1.70900670e-07	
0.14250000	1.28380399e-07	
0.14408333	2.04605993e-07	
0.14566667	9.62753759e-08	
0.14725000	2.50367578e-07	
0.14883333	2.94346156e-07	
0.15041667	2.93449695e-07	
0.15200000	6.12955288e-07	
0.15358333	4.59985684e-07	
0.15516667	5.37853846e-07	
0.15675000	5.11190546e-07	
0.15833333	4.66252309e-07	
0.15991667	1.37463950e-07	
0.16150000	1.02931674e-08	
0.16308333	2.03090890e-08	
0.16466667	1.32875916e-07	
0.16625000	3.05247192e-08	
0.16783333	2.02903684e-07	
0.16941667	3.21709879e-07	
0.17100000	4.53462371e-07	
0.17258333	6.00424165e-07	
0.17416667	5.57687080e-07	
0.17575000	6.29504982e-07	
0.17733333	5.46451912e-07	
0.17891667	3.27344684e-07	
0.18050000	2.38095020e-07	
0.18208333	1.78506526e-07	
0.18366667	2.38484293e-07	
0.18525000	2.15973089e-07	
0.18683333	2.79794071e-07	
0.18841667	3.42216516e-07	
0.19000000	5.01901409e-07	
0.19158333	5.82317881e-07	
0.19316667	4.34794634e-07	
0.19475000	4.13317726e-07	
0.19633333	5.39626325e-07	
0.19791667	4.75325696e-07	
0.19950000	2.10206412e-07	
0.20108333	9.85217557e-08	
0.20266667	1.85809141e-07	
0.20425000	1.09272376e-07	
0.20583333	6.95275748e-08	
0.20741667	1.55128865e-07	
0.20900000	3.62174299e-07	
0.21058333	6.03967444e-07	
0.21216667	4.95333602e-07	
0.21375000	4.31717547e-07	
0.21533333	4.98055716e-07	
0.21691667	5.13696098e-07	
0.21850000	3.64012946e-07	
0.22008333	-8.96293127e-08	
0.22166667	-2.33220250e-10	
0.22325000	8.68116023e-08	
0.22483333	-9.49791908e-08	
0.22641667	1.22002398e-07	
0.22800000	2.66096388e-07	
0.22958333	6.24010128e-07	
0.23116667	6.35425904e-07	
0.23275000	5.77953045e-07	
0.23433333	5.74323018e-07	
0.23591667	6.74749525e-07	
0.23750000	7.41067588e-07	
0.23908333	4.07009603e-07	
0.24066667	1.55708827e-07	
0.24225000	7.90159475e-08	
0.24383333	1.14450319e-07	
0.24541667	1.58689379e-07	
0.24700000	2.31967155e-07	
0.24858333	4.69060303e-07	
0.25016667	5.25192966e-07	
0.25175000	4.57697197e-07	
0.25333333	6.35380486e-07	
0.25491667	6.67617492e-07	
0.25650000	6.14811883e-07	
0.25808333	5.12010870e-07	
0.25966667	-4.07028757e-09	
0.26125000	2.56374492e-07	
0.26283333	6.34340533e-08	
0.26441667	6.10847969e-08	
0.26600000	1.68118018e-07	
0.26758333	2.11563605e-07	
0.26916667	2.30187073e-07	
0.27075000	3.86395694e-07	
0.27233333	4.79344997e-07	
0.27391667	6.36248245e-07	
0.27550000	4.91184824e-07	
0.27708333	5.74712964e-07	
0.27866667	4.08563113e-07	
0.28025000	1.38458597e-07	
0.28183333	1.31319410e-07	
0.28341667	8.21022040e-08	
0.28500000	3.11856461e-07	
0.28658333	8.73388520e-08	
0.28816667	2.53953251e-07	
0.28975000	2.84798651e-07	
0.29133333	4.49614859e-07	
0.29291667	5.01989053e-07	
0.29450000	5.30766280e-07	
0.29608333	6.65941953e-07	
0.29766667	4.38424688e-07	
0.29925000	1.57029212e-07	
0.30083333	6.11092910e-08	
0.30241667	1.07535486e-07	
0.30400000	1.90087985e-07	
0.30558333	5.60878852e-08	
0.30716667	1.17837715e-07	
0.30875000	3.20508121e-07	
0.31033333	3.29133208e-07	
0.31191667	5.97917213e-07	
0.31350000	5.82750668e-07	
0.31508333	8.46471934e-07	
0.31666667	6.88660157e-07	
0.31825000	3.96681283e-07	
0.31983333	1.37931893e-07	
0.32141667	-4.88728400e-08	
0.32300000	6.70993828e-08	
0.32458333	8.31389575e-08	
0.32616667	6.49991416e-08	
0.32775000	1.37042195e-07	
0.32933333	4.58647896e-07	
0.33091667	5.00561941e-07	
0.33250000	6.06126789e-07	
0.33408333	6.13041700e-07	
0.33566667	6.31795149e-07	
0.33725000	5.91653276e-07	
0.33883333	3.40938342e-07	
0.34041667	1.19384477e-07	
0.34200000	-1.61661163e-09	
0.34358333	2.08841127e-07	
0.34516667	1.28918107e-07	
0.34675000	2.32348490e-07	
0.34833333	3.85013944e-07	
0.34991667	6.34561449e-07	
0.35150000	6.48302226e-07	
0.35308333	6.69648648e-07	
0.35466667	6.26696176e-07	
0.35625000	5.29122998e-07	
0.35783333	4.26367823e-07	
0.35941667	2.34724284e-07	
0.36100000	-6.82824779e-08	
0.36258333	1.84979716e-07	
0.36416667	1.26954673e-07	
0.36575000	1.28829567e-07	
0.36733333	1.86950109e-07	
0.36891667	3.65136384e-07	
0.37050000	6.00944317e-07	
0.37208333	4.54368604e-07	
0.37366667	4.93389083e-07	
0.37525000	6.35113186e-07	
0.37683333	6.28639688e-07	
0.37841667	5.03456542e-07	
0.38000000	1.95233825e-08	
0.38158333	-4.54677437e-08	
0.38316667	1.26004716e-07	
0.38475000	1.80640963e-07	
0.38633333	2.31138401e-07	
0.38791667	2.17180125e-07	
0.38950000	5.66304242e-07	
0.39108333	6.67228051e-07	
0.39266667	5.15080200e-07	
0.39425000	4.83924938e-07	
0.39583333	4.55915309e-07	
0.39741667	6.47092348e-07	
0.39900000	4.48017751e-07	
0.40058333	-7.39956022e-08	
0.40216667	1.31354629e-08	
0.40375000	4.81717725e-08	
0.40533333	1.66320799e-07	
0.40691667	1.18658656e-07	
0.40850000	1.45104387e-07	
0.41008333	5.53028735e-07	
0.41166667	4.86198416e-07	
0.41325000	6.82051916e-07	
0.41483333	5.29169200e-07	
0.41641667	6.53313667e-07	
0.41800000	6.21726457e-07	
0.41958333	4.23377821e-07	
0.42116667	2.43972007e-07	
0.42275000	1.61740311e-07	
0.42433333	7.10568984e-08	
0.42591667	8.36150139e-08	
0.42750000	-7.81697145e-08	
0.42908333	3.63252459e-07	
0.43066667	6.25270968e-07	
0.43225000	4.16645059e-07	
0.43383333	5.30334837e-07	
0.43541667	4.76926640e-07	
0.43700000	5.47231131e-07	
0.43858333	4.85956597e-07	
0.44016667	2.52961881e-08	
0.44175000	5.27612344e-08	
0.44333333	4.96155978e-08	
0.44491667	2.94745257e-07	
0.44650000	2.40601048e-07	
0.44808333	2.50496972e-07	
0.44966667	4.45812400e-07	
0.45125000	4.09212406e-07	
0.45283333	6.16023665e-07	
0.45441667	5.33142018e-07	
0.45600000	6.11053890e-07	
0.45758333	5.44419693e-07	
0.45916667	3.18079572e-07	
0.46075000	1.65932772e-07	
0.46233333	-3.09572091e-08	
0.46391667	1.37758159e-07	
0.46550000	1.83121637e-07	
0.46708333	3.32639701e-08	
0.46866667	1.66735778e-07	
0.47025000	3.74816306e-07	
0.47183333	4.82283280e-07	
0.47341667	4.22824824e-07	
0.47500000	4.14251652e-07	
0.47658333	5.09506326e-07	
0.47816667	5.43330668e-07	
0.47975000	2.43884307e-07	
0.48133333	1.50033480e-08	
0.48291667	1.26350195e-07	
0.48450000	2.13897244e-07	
0.48608333	1.25770709e-07	
0.48766667	2.67885304e-07	
0.48925000	3.38821335e-07	
0.49083333	4.55838250e-07	
0.49241667	5.09506774e-07	
0.49400000	5.14864702e-07	
0.49558333	5.71385518e-07	
0.49716667	6.33308225e-07	
0.49875000	5.16593332e-07	
0.50033333	1.97269230e-07	
0.50191667	9.29029186e-09	
0.50350000	2.92411633e-07	
0.50508333	2.79725019e-07	
0.50666667	3.81506170e-07	
0.50825000	3.53643128e-07	
0.50983333	5.24197689e-07	
0.51141667	6.66837377e-07	
0.51300000	7.25779910e-07	
0.51458333	8.38347033e-07	
0.51616667	9.50824328e-07	
0.51775000	1.13706875e-06	
0.51933333	1.28360817e-06	
0.52091667	1.27324155e-06	
0.52250000	1.49494004e-06	
0.52408333	1.88558714e-06	
0.52566667	2.31290602e-06	
0.52725000	2.81238616e-06	
0.52883333	3.51478155e-06	
0.53041667	4.44460583e-06	
0.53200000	5.83441751e-06	
0.53358333	7.83099893e-06	
0.53516667	1.08908965e-05	
0.53675000	1.55174630e-05	
0.53833333	2.18939235e-05	
0.53991667	2.89634513e-05	
0.54150000	3.84364439e-05	
0.54308333	5.15025452e-05	
0.54466667	7.18908756e-05	
0.54625000	1.07446281e-04	
0.54783333	1.87156362e-04	
0.54941667	3.03671438e-04	
0.55100000	3.79866339e-04	
0.55258333	9.27065218e-04	
0.55416667	1.48816904e-03	
0.55575000	2.18112622e-03	
0.55733333	4.72415335e-03	
0.55891667	8.46066292e-03	
0.56050000	1.26529598e-02	
0.56208333	1.15321307e-02	
0.56366667	1.57821641e-02	
0.56525000	1.74658650e-02	
0.56683333	2.05599485e-02	
0.56841667	2.10351066e-02	
0.57000000	3.74637804e-02	
0.57158333	4.82338155e-02	
0.57316667	4.29175881e-02	
0.57475000	5.43273908e-02	
0.57633333	6.58978960e-02	
0.57791667	8.19070920e-02	
0.57950000	1.29711350e-01	
0.58108333	1.71784950e-01	
0.58266667	1.78747254e-01	
0.58425000	2.02973441e-01	
0.58583333	4.21132827e-01	
0.58741667	7.19594240e-01	
0.58900000	6.68003984e+00	
0.59058333	9.81098842e+00	
0.59216667	1.07616960e+01	
0.59375000	1.37297003e+01	
0.59533333	1.80269842e+01	
0.59691667	2.05254544e+01	
0.59850000	2.15757447e+01	
0.60008333	2.29528614e+01	
0.60166667	2.37273158e+01	
0.60325000	2.45525800e+01	
0.60483333	2.51969552e+01	
0.60641667	2.54422365e+01	
0.60800000	2.85966498e+01	
0.60958333	3.09045534e+01	
0.61116667	3.09703061e+01	
0.61275000	3.12372782e+01	
0.61433333	3.15780965e+01	
0.61591667	3.25600597e+01	
0.61750000	3.40502719e+01	
0.61908333	3.46592236e+01	
0.62066667	3.50665820e+01	
