start voltage : 0.00 V 
set voltage : 0.10 V 
High G : 30.00 G0 
Intermediate G : 20.00 G0 
Low G : 10.00 G0 
Breaking speed 1 : 300.00 V/s 
Breaking speed 2 : 300.00 V/s 
Making speed : 500.00 V/s 
Post breaking : 230.00 V/s 
@ 
0.00000000	4.09792574e+01	
0.00158333	4.15197748e+01	
0.00316667	4.14754235e+01	
0.00475000	4.16094245e+01	
0.00633333	4.13665165e+01	
0.00791667	4.13860971e+01	
0.00950000	4.15472628e+01	
0.01108333	4.14303544e+01	
0.01266667	4.15728753e+01	
0.01425000	4.12050051e+01	
0.01583333	4.12745255e+01	
0.01741667	4.13762166e+01	
0.01900000	4.12726238e+01	
0.02058333	4.13001343e+01	
0.02216667	4.12843383e+01	
0.02375000	4.14081017e+01	
0.02533333	4.14926514e+01	
0.02691667	4.12327298e+01	
0.02850000	4.12988189e+01	
0.03008333	4.10647128e+01	
0.03166667	4.13060498e+01	
0.03325000	4.12711355e+01	
0.03483333	4.11213348e+01	
0.03641667	4.12705680e+01	
0.03800000	4.11250029e+01	
0.03958333	4.13524118e+01	
0.04116667	4.11501870e+01	
0.04275000	4.10680802e+01	
0.04433333	4.11156411e+01	
0.04591667	4.10918024e+01	
0.04750000	4.10589664e+01	
0.04908333	4.11032914e+01	
0.05066667	4.09698805e+01	
0.05225000	4.10412688e+01	
0.05383333	4.09221656e+01	
0.05541667	4.09497212e+01	
0.05700000	4.07337750e+01	
0.05858333	4.07613720e+01	
0.06016667	4.08151903e+01	
0.06175000	4.07004129e+01	
0.06333333	4.08711020e+01	
0.06491667	4.08901226e+01	
0.06650000	4.08732593e+01	
0.06808333	4.07834217e+01	
0.06966667	4.05869283e+01	
0.07125000	4.07862329e+01	
0.07283333	4.05755784e+01	
0.07441667	4.07297499e+01	
0.07600000	4.09101203e+01	
0.07758333	4.06743982e+01	
0.07916667	4.09366011e+01	
0.08075000	4.06447192e+01	
0.08233333	4.06756309e+01	
0.08391667	4.07380594e+01	
0.08550000	4.06115901e+01	
0.08708333	4.07589441e+01	
0.08866667	4.06002025e+01	
0.09025000	4.07239284e+01	
0.09183333	4.06049417e+01	
0.09341667	4.06852596e+01	
0.09500000	4.06446816e+01	
0.09658333	4.04295547e+01	
0.09816667	4.06677987e+01	
0.09975000	4.04619360e+01	
0.10133333	4.04988609e+01	
0.10291667	4.05997854e+01	
0.10450000	4.03228050e+01	
0.10608333	4.03214445e+01	
0.10766667	4.01613725e+01	
0.10925000	3.94283567e+01	
0.11083333	3.94678260e+01	
0.11241667	3.93048488e+01	
0.11400000	3.93536649e+01	
0.11558333	3.94782026e+01	
0.11716667	3.92552924e+01	
0.11875000	3.92915483e+01	
0.12033333	3.91571490e+01	
0.12191667	3.92403533e+01	
0.12350000	3.90994108e+01	
0.12508333	3.91583178e+01	
0.12666667	3.91425707e+01	
0.12825000	3.89022184e+01	
0.12983333	3.89474641e+01	
0.13141667	3.88326191e+01	
0.13300000	3.89046500e+01	
0.13458333	3.89512149e+01	
0.13616667	3.86602726e+01	
0.13775000	3.86642864e+01	
0.13933333	3.78222885e+01	
0.14091667	3.75278134e+01	
0.14250000	3.75407982e+01	
0.14408333	3.74866491e+01	
0.14566667	3.75518437e+01	
0.14725000	3.72383480e+01	
0.14883333	3.74356795e+01	
0.15041667	3.73709246e+01	
0.15200000	3.71322672e+01	
0.15358333	3.73871866e+01	
0.15516667	3.73910726e+01	
0.15675000	3.74466950e+01	
0.15833333	3.73628180e+01	
0.15991667	3.72084022e+01	
0.16150000	3.73104804e+01	
0.16308333	3.71956579e+01	
0.16466667	3.70570831e+01	
0.16625000	3.70185948e+01	
0.16783333	3.68670314e+01	
0.16941667	3.71158323e+01	
0.17100000	3.67766038e+01	
0.17258333	3.69489240e+01	
0.17416667	3.68573614e+01	
0.17575000	3.68036558e+01	
0.17733333	3.68252132e+01	
0.17891667	3.65206246e+01	
0.18050000	3.65472595e+01	
0.18208333	3.51893044e+01	
0.18366667	3.47955960e+01	
0.18525000	3.49127111e+01	
0.18683333	3.47787477e+01	
0.18841667	3.50109033e+01	
0.19000000	3.44101070e+01	
0.19158333	3.42432138e+01	
0.19316667	3.44201115e+01	
0.19475000	3.41948599e+01	
0.19633333	3.43720959e+01	
0.19791667	3.41094346e+01	
0.19950000	3.41260348e+01	
0.20108333	3.42400982e+01	
0.20266667	3.41841413e+01	
0.20425000	3.41321721e+01	
0.20583333	3.30964168e+01	
0.20741667	3.19517507e+01	
0.20900000	3.18857518e+01	
0.21058333	3.17987630e+01	
0.21216667	3.19196213e+01	
0.21375000	3.18629617e+01	
0.21533333	3.17659684e+01	
0.21691667	3.16949635e+01	
0.21850000	3.17735188e+01	
0.22008333	3.13695504e+01	
0.22166667	3.09690433e+01	
0.22325000	3.08602265e+01	
0.22483333	3.05938952e+01	
0.22641667	3.04655974e+01	
0.22800000	3.00980786e+01	
0.22958333	3.00847104e+01	
0.23116667	3.00990275e+01	
0.23275000	2.98537782e+01	
0.23433333	2.98466131e+01	
0.23591667	2.99790731e+01	
0.23750000	2.95990824e+01	
0.23908333	2.94902882e+01	
0.24066667	2.93512174e+01	
0.24225000	2.92117801e+01	
0.24383333	2.89592416e+01	
0.24541667	2.87978072e+01	
0.24700000	2.89663579e+01	
0.24858333	2.89541792e+01	
0.25016667	2.89376936e+01	
0.25175000	2.89919310e+01	
0.25333333	2.84059254e+01	
0.25491667	2.76104303e+01	
0.25650000	2.72716735e+01	
0.25808333	2.72037504e+01	
0.25966667	2.72366859e+01	
0.26125000	2.68836815e+01	
0.26283333	2.66299140e+01	
0.26441667	2.65283601e+01	
0.26600000	2.64540742e+01	
0.26758333	2.63872673e+01	
0.26916667	2.55212164e+01	
0.27075000	2.51710965e+01	
0.27233333	2.52757153e+01	
0.27391667	2.52824050e+01	
0.27550000	2.52931424e+01	
0.27708333	2.51209894e+01	
0.27866667	2.49075632e+01	
0.28025000	2.49195765e+01	
0.28183333	2.48132946e+01	
0.28341667	2.47128794e+01	
0.28500000	2.44562444e+01	
0.28658333	2.44551357e+01	
0.28816667	2.42722736e+01	
0.28975000	2.44511407e+01	
0.29133333	2.45699958e+01	
0.29291667	2.44681543e+01	
0.29450000	2.44907021e+01	
0.29608333	2.39992638e+01	
0.29766667	2.41181020e+01	
0.29925000	2.41174725e+01	
0.30083333	2.40824211e+01	
0.30241667	2.41087383e+01	
0.30400000	2.40680645e+01	
0.30558333	2.38452050e+01	
0.30716667	2.33705643e+01	
0.30875000	2.15755812e+01	
0.31033333	2.16818406e+01	
0.31191667	2.16154903e+01	
0.31350000	2.15821845e+01	
0.31508333	2.14952803e+01	
0.31666667	2.11247116e+01	
0.31825000	2.06105246e+01	
0.31983333	2.06228629e+01	
0.32141667	2.06861014e+01	
0.32300000	2.07128133e+01	
0.32458333	2.05539270e+01	
0.32616667	2.06485225e+01	
0.32775000	2.02600476e+01	
0.32933333	2.06218106e+01	
0.33091667	2.05365675e+01	
0.33250000	2.04567119e+01	
0.33408333	1.99983333e+01	
0.33566667	1.97238540e+01	
0.33725000	1.98733991e+01	
0.33883333	1.98232601e+01	
0.34041667	1.97169463e+01	
0.34200000	1.97412416e+01	
0.34358333	1.95798937e+01	
0.34516667	1.94208195e+01	
0.34675000	1.90206338e+01	
0.34833333	1.90760024e+01	
0.34991667	1.91962443e+01	
0.35150000	1.90960208e+01	
0.35308333	1.91573858e+01	
0.35466667	1.91192976e+01	
0.35625000	1.90725392e+01	
0.35783333	1.89062641e+01	
0.35941667	1.88753355e+01	
0.36100000	1.89199085e+01	
0.36258333	1.87670411e+01	
0.36416667	1.85576569e+01	
0.36575000	1.84578655e+01	
0.36733333	1.72342571e+01	
0.36891667	1.66316362e+01	
0.37050000	1.65780941e+01	
0.37208333	1.66780038e+01	
0.37366667	1.67352084e+01	
0.37525000	1.66257207e+01	
0.37683333	1.65180107e+01	
0.37841667	1.64711358e+01	
0.38000000	1.65176725e+01	
0.38158333	1.63847370e+01	
0.38316667	1.60303514e+01	
0.38475000	1.61824164e+01	
0.38633333	1.61498342e+01	
0.38791667	1.60752570e+01	
0.38950000	1.60464405e+01	
0.39108333	1.60047238e+01	
0.39266667	1.60435974e+01	
0.39425000	1.59627740e+01	
0.39583333	1.58997705e+01	
0.39741667	1.58867199e+01	
0.39900000	1.57220271e+01	
0.40058333	1.51127954e+01	
0.40216667	1.46157151e+01	
0.40375000	1.40238767e+01	
0.40533333	1.38263892e+01	
0.40691667	1.36828508e+01	
0.40850000	1.36529444e+01	
0.41008333	1.35569921e+01	
0.41166667	1.33891837e+01	
0.41325000	1.30104652e+01	
0.41483333	1.29869460e+01	
0.41641667	1.29425590e+01	
0.41800000	1.28422096e+01	
0.41958333	1.24755551e+01	
0.42116667	1.26800329e+01	
0.42275000	1.25929821e+01	
0.42433333	1.25861514e+01	
0.42591667	1.25537712e+01	
0.42750000	1.26888629e+01	
0.42908333	1.25520696e+01	
0.43066667	1.24128043e+01	
0.43225000	1.24326395e+01	
0.43383333	1.23995780e+01	
0.43541667	1.23431918e+01	
0.43700000	1.23263905e+01	
0.43858333	1.23631181e+01	
0.44016667	1.22967350e+01	
0.44175000	1.22975815e+01	
0.44333333	1.23035036e+01	
0.44491667	1.05455225e+01	
0.44650000	9.89704517e+00	
0.44808333	9.70613940e+00	
0.44966667	9.54710748e+00	
0.45125000	9.69734788e+00	
0.45283333	9.27112210e+00	
0.45441667	9.22792461e+00	
0.45600000	9.09674518e+00	
0.45758333	8.99595791e+00	
0.45916667	9.13816408e+00	
0.46075000	9.20584292e+00	
0.46233333	9.10837607e+00	
0.46391667	9.05709361e+00	
0.46550000	8.84564234e+00	
0.46708333	8.78990258e+00	
0.46866667	8.81325737e+00	
0.47025000	8.68690450e+00	
0.47183333	8.72431709e+00	
0.47341667	8.56377998e+00	
0.47500000	8.21848657e+00	
0.47658333	8.10034175e+00	
0.47816667	8.01063384e+00	
0.47975000	7.33452337e+00	
0.48133333	7.10825844e+00	
0.48291667	7.12665890e+00	
0.48450000	7.02985210e+00	
0.48608333	6.97281573e+00	
0.48766667	7.01012779e+00	
0.48925000	6.90338836e+00	
0.49083333	6.90838028e+00	
0.49241667	6.71415455e+00	
0.49400000	6.60431221e+00	
0.49558333	6.28556577e+00	
0.49716667	6.26343100e+00	
0.49875000	6.17721546e+00	
0.50033333	6.12823728e+00	
0.50191667	5.97887067e+00	
0.50350000	5.91132243e+00	
0.50508333	5.82853396e+00	
0.50666667	5.88422910e+00	
0.50825000	5.79403309e+00	
0.50983333	5.68979855e+00	
0.51141667	5.26300199e+00	
0.51300000	4.90121542e+00	
0.51458333	4.89295288e+00	
0.51616667	4.85075602e+00	
0.51775000	4.76358212e+00	
0.51933333	4.68242568e+00	
0.52091667	4.72790585e+00	
0.52250000	4.63315482e+00	
0.52408333	4.59793471e+00	
0.52566667	4.64835794e+00	
0.52725000	4.63914785e+00	
0.52883333	4.55560537e+00	
0.53041667	4.54144000e+00	
0.53200000	4.49228753e+00	
0.53358333	4.48101274e+00	
0.53516667	3.42636160e+00	
0.53675000	3.09876984e+00	
0.53833333	3.64300091e+00	
0.53991667	2.85939655e+00	
0.54150000	2.82320211e+00	
0.54308333	2.79129937e+00	
0.54466667	2.73428813e+00	
0.54625000	2.71290807e+00	
0.54783333	2.62592114e+00	
0.54941667	2.61857139e+00	
0.55100000	2.60506371e+00	
0.55258333	2.60163641e+00	
0.55416667	2.56755623e+00	
0.55575000	2.66898898e+00	
0.55733333	2.61536676e+00	
0.55891667	2.59295411e+00	
0.56050000	2.57297353e+00	
0.56208333	2.57364133e+00	
0.56366667	2.54079386e+00	
0.56525000	2.43824560e+00	
0.56683333	2.01714728e+00	
0.56841667	2.05634551e+00	
0.57000000	2.09328644e+00	
0.57158333	2.01692483e+00	
0.57316667	1.96896350e+00	
0.57475000	1.73397728e+00	
0.57633333	1.77611882e+00	
0.57791667	1.72851652e+00	
0.57950000	1.74202959e+00	
0.58108333	1.74239638e+00	
0.58266667	1.72524189e+00	
0.58425000	1.74115627e+00	
0.58583333	1.69906934e+00	
0.58741667	1.31669641e+00	
0.58900000	1.24649753e+00	
0.59058333	1.07817565e+00	
0.59216667	1.10858436e+00	
0.59375000	1.09353873e+00	
0.59533333	1.10940859e+00	
0.59691667	1.11701462e+00	
0.59850000	1.07915021e+00	
0.60008333	7.65125092e-01	
0.60166667	4.18861103e-01	
0.60325000	4.54456835e-01	
0.60483333	4.82408813e-01	
0.60641667	4.34478133e-01	
0.60800000	4.34808772e-01	
0.60958333	4.90268109e-01	
0.61116667	4.62059012e-01	
0.61275000	4.33931951e-01	
0.61433333	4.19311155e-01	
0.61591667	4.13009660e-01	
0.61750000	4.07067051e-01	
0.61908333	3.92265858e-01	
0.62066667	4.07885090e-01	
0.62225000	2.87200124e-01	
0.62383333	2.73749910e-01	
0.62541667	2.81465364e-01	
0.62700000	2.30787025e-01	
0.62858333	1.82781604e-01	
0.63016667	1.76293885e-01	
0.63175000	1.77450006e-01	
0.63333333	1.67679237e-01	
0.63491667	1.60240632e-01	
0.63650000	1.44798332e-01	
0.63808333	1.07213883e-01	
0.63966667	1.73560760e-01	
0.64125000	2.34996428e-01	
0.64283333	2.37892025e-01	
0.64441667	2.39307877e-01	
0.64600000	2.32855700e-01	
0.64758333	8.96100746e-02	
0.64916667	-1.56423479e-03	
0.65075000	3.94766154e-04	
0.65233333	5.94810585e-03	
0.65391667	1.26756939e-03	
0.65550000	2.40458884e-03	
0.65708333	2.21159353e-05	
0.65866667	-2.02662431e-05	
0.66025000	-2.85215709e-05	
0.66183333	-1.55611396e-05	
0.66341667	7.98680689e-06	
0.66500000	3.82004771e-05	
0.66658333	9.19304922e-05	
0.66816667	1.69686044e-04	
0.66975000	1.94897877e-04	
0.67133333	1.46641725e-04	
0.67291667	9.90031813e-05	
0.67450000	7.75929457e-05	
0.67608333	6.45224646e-05	
0.67766667	5.59380517e-05	
0.67925000	4.94754764e-05	
0.68083333	4.55690100e-05	
0.68241667	4.39324750e-05	
0.68400000	4.16375619e-05	
0.68558333	4.05688619e-05	
0.68716667	3.83488614e-05	
0.68875000	3.49332134e-05	
0.69033333	3.18086711e-05	
0.69191667	2.89653796e-05	
0.69350000	2.65068298e-05	
0.69508333	2.37901184e-05	
0.69666667	2.11144384e-05	
0.69825000	1.91352665e-05	
0.69983333	1.76481642e-05	
0.70141667	1.65582442e-05	
0.70300000	1.57355699e-05	
0.70458333	1.51570577e-05	
0.70616667	1.48969363e-05	
0.70775000	1.42933977e-05	
0.70933333	1.35705433e-05	
0.71091667	1.28347697e-05	
0.71250000	1.16207553e-05	
0.71408333	1.09159354e-05	
0.71566667	1.00013463e-05	
0.71725000	9.47322110e-06	
0.71883333	8.89841041e-06	
0.72041667	8.07542795e-06	
0.72200000	7.43526323e-06	
0.72358333	6.51114963e-06	
0.72516667	6.01974237e-06	
0.72675000	5.32970584e-06	
0.72833333	4.54783862e-06	
0.72991667	4.14714109e-06	
0.73150000	3.73368977e-06	
0.73308333	3.28277703e-06	
0.73466667	2.90833011e-06	
0.73625000	2.67255035e-06	
0.73783333	2.53655430e-06	
0.73941667	2.40891023e-06	
0.74100000	2.28673157e-06	
0.74258333	2.16365081e-06	
0.74416667	2.03183613e-06	
0.74575000	1.94888946e-06	
0.74733333	1.31985782e-06	
0.74891667	1.35770767e-06	
0.75050000	1.31224909e-06	
0.75208333	1.19713772e-06	
0.75366667	1.10420782e-06	
0.75525000	9.65226270e-07	
0.75683333	1.07432533e-06	
0.75841667	1.08288329e-06	
0.76000000	9.84617365e-07	
0.76158333	9.97685215e-07	
0.76316667	8.27239887e-07	
0.76475000	7.90164151e-07	
0.76633333	5.34473646e-07	
0.76791667	2.47713227e-07	
0.76950000	3.26461749e-07	
0.77108333	2.97380988e-07	
0.77266667	3.81082203e-07	
0.77425000	3.63407390e-07	
0.77583333	4.38813374e-07	
0.77741667	5.54490120e-07	
0.77900000	5.47748930e-07	
0.78058333	5.66891597e-07	
0.78216667	5.90224708e-07	
0.78375000	6.16800868e-07	
0.78533333	7.22290394e-07	
0.78691667	2.87849360e-07	
0.78850000	1.53538995e-07	
0.79008333	1.42943194e-07	
0.79166667	6.97432054e-08	
0.79325000	2.82863092e-07	
0.79483333	1.04183246e-07	
0.79641667	1.45969206e-07	
0.79800000	4.99049761e-07	
0.79958333	5.15080480e-07	
0.80116667	4.56356917e-07	
0.80275000	4.94080714e-07	
0.80433333	4.98099510e-07	
0.80591667	3.79656211e-07	
0.80750000	1.31838330e-07	
0.80908333	9.56268878e-08	
0.81066667	1.34214572e-07	
0.81225000	3.07104116e-07	
0.81383333	3.60945856e-07	
0.81541667	3.02306269e-07	
0.81700000	3.78965784e-07	
0.81858333	5.25928503e-07	
0.82016667	5.67798726e-07	
0.82175000	5.33964191e-07	
0.82333333	6.04787881e-07	
0.82491667	5.79681787e-07	
0.82650000	4.17268003e-07	
0.82808333	2.59053652e-07	
0.82966667	8.80394014e-08	
0.83125000	1.79414032e-07	
0.83283333	7.65793272e-08	
0.83441667	-2.92539504e-08	
0.83600000	1.33229936e-07	
0.83758333	2.46175454e-07	
0.83916667	4.68153426e-07	
0.84075000	5.21389331e-07	
0.84233333	4.97329812e-07	
0.84391667	5.41674337e-07	
0.84550000	4.16833620e-07	
0.84708333	1.49183806e-07	
0.84866667	-7.13044907e-09	
0.85025000	-6.40832835e-08	
0.85183333	2.27638734e-07	
0.85341667	4.20009116e-08	
0.85500000	8.79611309e-08	
0.85658333	1.70573322e-07	
0.85816667	3.41120238e-07	
0.85975000	4.79906310e-07	
0.86133333	3.28190490e-07	
0.86291667	4.73554953e-07	
0.86450000	4.95291936e-07	
0.86608333	1.27698176e-07	
0.86766667	3.47852888e-07	
0.86925000	5.65636756e-08	
0.87083333	2.49079240e-07	
0.87241667	2.07069025e-07	
0.87400000	1.40791997e-07	
0.87558333	3.22531660e-07	
0.87716667	4.29954000e-07	
0.87875000	5.53065136e-07	
0.88033333	4.31985408e-07	
0.88191667	3.55975997e-07	
0.88350000	5.70996133e-07	
0.88508333	5.66503331e-07	
0.88666667	6.68777473e-07	
0.88825000	1.16541474e-07	
0.88983333	1.43505025e-07	
0.89141667	2.66226034e-07	
0.89300000	1.29020605e-07	
0.89458333	8.04680507e-08	
0.89616667	2.50418540e-07	
0.89775000	4.85396068e-07	
0.89933333	5.13179083e-07	
0.90091667	4.36608499e-07	
0.90250000	6.06343687e-07	
0.90408333	5.83701703e-07	
0.90566667	4.94349694e-07	
0.90725000	2.81091509e-07	
0.90883333	-8.15052942e-08	
0.91041667	1.25235213e-07	
0.91200000	1.90043673e-07	
0.91358333	2.43089016e-07	
0.91516667	3.20757725e-07	
0.91675000	3.42243537e-07	
0.91833333	6.07725997e-07	
0.91991667	4.56616489e-07	
0.92150000	4.91747257e-07	
0.92308333	4.48354130e-07	
0.92466667	4.59812608e-07	
0.92625000	4.36954902e-07	
0.92783333	3.96678784e-08	
0.92941667	2.12298022e-07	
0.93100000	2.97856505e-07	
0.93258333	7.98979451e-08	
0.93416667	1.21174317e-07	
0.93575000	7.61285349e-08	
0.93733333	2.65317953e-07	
0.93891667	4.55085240e-07	
0.94050000	4.04200825e-07	
0.94208333	4.06144840e-07	
0.94366667	3.36919462e-07	
0.94525000	4.12636427e-07	
0.94683333	1.86984676e-07	
0.94841667	2.58055834e-08	
0.95000000	1.54912695e-07	
0.95158333	2.28069296e-07	
0.95316667	2.77460558e-07	
0.95475000	-3.71647770e-09	
0.95633333	2.37292139e-07	
0.95791667	5.17932632e-07	
0.95950000	3.88082406e-07	
0.96108333	3.28364378e-07	
0.96266667	4.63270651e-07	
0.96425000	6.24710103e-07	
0.96583333	6.14464219e-07	
0.96741667	4.04131214e-07	
0.96900000	1.36332475e-07	
0.97058333	1.95522721e-07	
0.97216667	2.93198972e-07	
0.97375000	2.93968027e-07	
0.97533333	2.70547048e-07	
0.97691667	4.86648284e-07	
0.97850000	4.64608439e-07	
0.98008333	5.26316208e-07	
0.98166667	5.22211224e-07	
0.98325000	3.88169657e-07	
0.98483333	3.41543645e-07	
0.98641667	1.44273520e-07	
0.98800000	1.09801131e-07	
0.98958333	7.46433133e-08	
0.99116667	2.92020956e-08	
0.99275000	1.88921229e-07	
0.99433333	2.30766531e-07	
0.99591667	3.69328984e-07	
0.99750000	4.83968396e-07	
0.99908333	5.08253326e-07	
1.00066667	4.72085055e-07	
1.00225000	4.27317626e-07	
1.00383333	5.04926888e-07	
1.00541667	5.73382456e-07	
1.00700000	2.76726113e-07	
1.00858333	-2.04387104e-08	
1.01016667	8.88430375e-08	
1.01175000	1.25788546e-07	
1.01333333	1.16471478e-07	
1.01491667	7.75242348e-09	
1.01650000	5.11883633e-07	
1.01808333	4.85696746e-07	
1.01966667	4.82067671e-07	
1.02125000	4.56140579e-07	
1.02283333	4.31769154e-07	
1.02441667	5.88885576e-07	
1.02600000	2.09014707e-07	
1.02758333	8.59300317e-08	
1.02916667	-1.26002880e-08	
1.03075000	3.41968984e-08	
1.03233333	2.51923468e-07	
1.03391667	4.60623994e-09	
1.03550000	1.72975592e-07	
1.03708333	1.89698068e-07	
1.03866667	2.75257167e-07	
1.04025000	1.88877351e-07	
1.04183333	1.53832813e-07	
1.04341667	3.66174139e-07	
1.04500000	3.39384300e-07	
1.04658333	1.82662472e-07	
1.04816667	2.15798221e-07	
1.04975000	2.52139582e-07	
1.05133333	3.75723575e-07	
1.05291667	2.13871217e-07	
1.05450000	2.30403396e-07	
1.05608333	4.11979042e-07	
1.05766667	4.87425991e-07	
1.05925000	5.64731356e-07	
1.06083333	4.58949581e-07	
1.06241667	4.23297822e-07	
1.06400000	6.01590810e-07	
1.06558333	3.10345793e-07	
1.06716667	1.51802315e-07	
1.06875000	1.71679483e-07	
1.07033333	2.11995090e-07	
1.07191667	3.19808090e-07	
1.07350000	1.23800597e-07	
1.07508333	2.54516048e-07	
1.07666667	4.47931059e-07	
1.07825000	5.00570789e-07	
1.07983333	6.10491737e-07	
1.08141667	5.48050895e-07	
1.08300000	6.14892863e-07	
1.08458333	6.05782430e-07	
1.08616667	3.23308107e-07	
1.08775000	2.11407876e-07	
1.08933333	1.13343990e-07	
1.09091667	2.46608073e-07	
1.09250000	1.79068651e-07	
1.09408333	7.02269481e-08	
1.09566667	9.33810331e-08	
1.09725000	4.90493025e-07	
1.09883333	5.62742595e-07	
1.10041667	4.39677605e-07	
1.10200000	4.98271326e-07	
1.10358333	6.45449682e-07	
1.10516667	5.29687167e-07	
1.10675000	2.97311993e-07	
1.10833333	-9.68083392e-10	
1.10991667	1.41733176e-07	
1.11150000	2.09929984e-07	
1.11308333	1.86198121e-07	
1.11466667	2.23618524e-07	
1.11625000	4.29350825e-07	
1.11783333	5.38984761e-07	
1.11941667	5.12575152e-07	
1.12100000	5.15296986e-07	
1.12258333	6.21553074e-07	
1.12416667	6.54177449e-07	
1.12575000	4.17121725e-07	
1.12733333	1.85204482e-07	
1.12891667	7.88610026e-08	
1.13050000	2.41249669e-07	
1.13208333	1.72499668e-07	
1.13366667	1.08253459e-07	
1.13525000	2.31985229e-07	
1.13683333	5.07605657e-07	
1.13841667	5.87866218e-07	
1.14000000	4.85005507e-07	
1.14158333	5.61662306e-07	
1.14316667	5.47015241e-07	
1.14475000	4.05202010e-07	
1.14633333	2.87502928e-07	
1.14791667	9.28959673e-08	
1.14950000	2.14328855e-07	
1.15108333	1.97657831e-07	
1.15266667	1.37922149e-07	
1.15425000	1.66372965e-07	
1.15583333	1.20422007e-07	
1.15741667	3.99057862e-07	
1.15900000	4.33325884e-07	
1.16058333	4.24077489e-07	
1.16216667	4.60721109e-07	
1.16375000	3.91798872e-07	
1.16533333	4.53243065e-07	
1.16691667	2.29953346e-07	
1.16850000	1.54480538e-07	
1.17008333	2.86665355e-07	
1.17166667	1.70685467e-07	
1.17325000	2.65362111e-07	
1.17483333	2.11762428e-07	
1.17641667	4.17681750e-07	
1.17800000	7.11044753e-07	
1.17958333	6.34257412e-07	
1.18116667	5.56737725e-07	
1.18275000	6.02108721e-07	
1.18433333	6.40438017e-07	
1.18591667	4.16724863e-07	
1.18750000	1.44749513e-07	
1.18908333	1.43245286e-07	
1.19066667	1.01676251e-07	
1.19225000	6.26559894e-08	
1.19383333	7.20157594e-08	
1.19541667	2.25131614e-07	
1.19700000	4.62726727e-07	
1.19858333	4.57349758e-07	
1.20016667	5.02851939e-07	
1.20175000	6.27260402e-07	
1.20333333	5.08514241e-07	
1.20491667	4.97624721e-07	
1.20650000	2.81307594e-07	
1.20808333	2.52293925e-07	
1.20966667	2.01970221e-07	
1.21125000	2.77936999e-07	
1.21283333	2.95263869e-07	
@ 
0.00000000	9.41147360e-08	
0.00158333	8.54282702e-08	
0.00316667	3.96248468e-07	
0.00475000	3.10344533e-07	
0.00633333	4.11977306e-07	
0.00791667	3.38864737e-07	
0.00950000	4.87079840e-07	
0.01108333	3.59995381e-07	
0.01266667	1.76865932e-07	
0.01425000	2.13334894e-07	
0.01583333	2.15322970e-07	
0.01741667	3.54635941e-07	
0.01900000	2.08035629e-07	
0.02058333	1.72248735e-07	
0.02216667	4.24043579e-07	
0.02375000	5.72292815e-07	
0.02533333	6.45752879e-07	
0.02691667	5.55137397e-07	
0.02850000	5.27915304e-07	
0.03008333	6.98035929e-07	
0.03166667	3.78964916e-07	
0.03325000	2.37317285e-07	
0.03483333	9.50910348e-08	
0.03641667	1.20602868e-07	
0.03800000	1.94918468e-07	
0.03958333	2.13119019e-07	
0.04116667	1.74488051e-07	
0.04275000	5.00777606e-07	
0.04433333	4.73900152e-07	
0.04591667	6.14510758e-07	
0.04750000	5.68188335e-07	
0.04908333	7.87661231e-07	
0.05066667	5.80848655e-07	
0.05225000	1.86327711e-07	
0.05383333	2.32866555e-07	
0.05541667	7.85584560e-08	
0.05700000	1.57850867e-07	
0.05858333	3.17690705e-08	
0.06016667	1.65897476e-07	
0.06175000	4.09472789e-07	
0.06333333	5.13482728e-07	
0.06491667	6.11097068e-07	
0.06650000	4.25157917e-07	
0.06808333	4.33669795e-07	
0.06966667	4.93301439e-07	
0.07125000	3.67617407e-07	
0.07283333	1.66623563e-07	
0.07441667	1.56347493e-07	
0.07600000	2.51974486e-07	
0.07758333	3.81729873e-07	
0.07916667	1.05565927e-07	
0.08075000	3.41500467e-07	
0.08233333	3.90847166e-07	
0.08391667	6.00208500e-07	
0.08550000	7.17051863e-07	
0.08708333	5.63781777e-07	
0.08866667	5.59070118e-07	
0.09025000	4.74376342e-07	
0.09183333	4.44430762e-07	
0.09341667	1.94839659e-07	
0.09500000	1.00682347e-07	
0.09658333	2.87054460e-07	
0.09816667	1.79845462e-07	
0.09975000	2.97207548e-07	
0.10133333	2.61438575e-07	
0.10291667	4.98150416e-07	
0.10450000	5.65768018e-07	
0.10608333	3.83415044e-07	
0.10766667	5.30334669e-07	
0.10925000	6.79719692e-07	
0.11083333	4.29201803e-07	
0.11241667	1.63513267e-07	
0.11400000	1.79326879e-07	
0.11558333	3.98884478e-07	
0.11716667	3.37568503e-07	
0.11875000	3.50738446e-07	
0.12033333	3.47999391e-07	
0.12191667	5.35605905e-07	
0.12350000	6.08200730e-07	
0.12508333	4.65128479e-07	
0.12666667	4.60781452e-07	
0.12825000	6.57117917e-07	
0.12983333	5.38545085e-07	
0.13141667	4.09818997e-07	
0.13300000	1.11883143e-07	
0.13458333	1.50030004e-07	
0.13616667	2.42157022e-07	
0.13775000	9.75632517e-08	
0.13933333	1.23170079e-07	
0.14091667	2.75300093e-07	
0.14250000	4.35883238e-07	
0.14408333	6.33266391e-07	
0.14566667	5.82664257e-07	
0.14725000	7.79466719e-07	
0.14883333	5.82101991e-07	
0.15041667	6.34517879e-07	
0.15200000	4.52639246e-07	
0.15358333	2.41276186e-07	
0.15516667	3.83631410e-07	
0.15675000	2.59588532e-07	
0.15833333	3.07838421e-07	
0.15991667	2.71999249e-07	
0.16150000	2.76198793e-07	
0.16308333	5.55181135e-07	
0.16466667	5.84522308e-07	
0.16625000	7.51967077e-07	
0.16783333	6.70815572e-07	
0.16941667	5.40704486e-07	
0.17100000	3.99101068e-07	
0.17258333	2.16057289e-07	
0.17416667	3.23308135e-07	
0.17575000	4.38294007e-07	
0.17733333	2.90770171e-07	
0.17891667	4.07008707e-07	
0.18050000	2.17051683e-07	
0.18208333	4.06143384e-07	
0.18366667	6.96268266e-07	
0.18525000	6.99248384e-07	
0.18683333	8.43878849e-07	
0.18841667	7.57626411e-07	
0.19000000	7.53911933e-07	
0.19158333	2.93735336e-07	
0.19316667	3.44825953e-08	
0.19475000	2.72793868e-07	
0.19633333	1.87814171e-07	
0.19791667	3.68120422e-07	
0.19950000	3.84926804e-07	
0.20108333	3.56624170e-07	
0.20266667	6.37412929e-07	
0.20425000	4.28052407e-07	
0.20583333	5.52415787e-07	
0.20741667	7.35501050e-07	
0.20900000	7.33301832e-07	
0.21058333	6.31018954e-07	
0.21216667	2.54793149e-07	
0.21375000	2.51317269e-07	
0.21533333	2.30092022e-07	
0.21691667	2.73701193e-07	
0.21850000	7.84720651e-08	
0.22008333	9.51776217e-08	
0.22166667	4.00439108e-07	
0.22325000	7.43064022e-07	
0.22483333	5.47965660e-07	
0.22641667	6.22763232e-07	
0.22800000	5.28564205e-07	
0.22958333	7.58404734e-07	
0.23116667	4.33758251e-07	
0.23275000	2.20265359e-07	
0.23433333	2.71195025e-07	
0.23591667	2.75300625e-07	
0.23750000	3.42147380e-07	
0.23908333	3.10240313e-07	
0.24066667	3.66391316e-07	
0.24225000	6.28900099e-07	
0.24383333	6.13731707e-07	
0.24541667	6.93673558e-07	
0.24700000	5.30160893e-07	
0.24858333	8.77496206e-07	
0.25016667	7.76770534e-07	
0.25175000	6.09324253e-07	
0.25333333	3.95533568e-07	
0.25491667	2.15893131e-07	
0.25650000	3.02911768e-07	
0.25808333	2.72768023e-07	
0.25966667	2.67911513e-07	
0.26125000	4.31329618e-07	
0.26283333	5.25952248e-07	
0.26441667	5.56694547e-07	
0.26600000	6.21423148e-07	
0.26758333	5.77218852e-07	
0.26916667	6.69215412e-07	
0.27075000	5.60150966e-07	
0.27233333	2.14329163e-07	
0.27391667	2.92065565e-07	
0.27550000	3.86959275e-07	
0.27708333	4.67202168e-07	
0.27866667	3.27111714e-07	
0.28025000	4.57271802e-07	
0.28183333	7.70346934e-07	
0.28341667	6.58413592e-07	
0.28500000	8.06152925e-07	
0.28658333	6.24664853e-07	
0.28816667	7.11476364e-07	
0.28975000	6.45840971e-07	
0.29133333	3.68247352e-07	
0.29291667	1.28683666e-07	
0.29450000	7.32517139e-08	
0.29608333	2.26384936e-07	
0.29766667	2.12341018e-07	
0.29925000	8.76495679e-08	
0.30083333	2.43954674e-07	
0.30241667	5.36773053e-07	
0.30400000	6.16974476e-07	
0.30558333	5.95326089e-07	
0.30716667	7.20764997e-07	
0.30875000	6.87711026e-07	
0.31033333	4.44663200e-07	
0.31191667	5.11624901e-07	
0.31350000	2.81522336e-07	
0.31508333	3.04424928e-07	
0.31666667	4.44386044e-07	
0.31825000	3.29375559e-07	
0.31983333	4.34360110e-07	
0.32141667	4.51604824e-07	
0.32300000	6.32728767e-07	
0.32458333	7.38484640e-07	
0.32616667	5.95196275e-07	
0.32775000	6.60359959e-07	
0.32933333	5.85342857e-07	
0.33091667	5.00736220e-07	
0.33250000	3.53790807e-07	
0.33408333	2.91980161e-07	
0.33566667	4.81549143e-07	
0.33725000	3.71359635e-07	
0.33883333	3.93562027e-07	
0.34041667	4.30456679e-07	
0.34200000	6.37671549e-07	
0.34358333	5.79639505e-07	
0.34516667	5.35261378e-07	
0.34675000	6.50593681e-07	
0.34833333	7.22106425e-07	
0.34991667	6.59495000e-07	
0.35150000	4.54543332e-07	
0.35308333	2.74834236e-07	
0.35466667	3.16955798e-07	
0.35625000	2.75948798e-07	
0.35783333	1.48059234e-07	
0.35941667	2.28510693e-07	
0.36100000	2.96127343e-07	
0.36258333	6.50288859e-07	
0.36416667	6.60660748e-07	
0.36575000	6.49036251e-07	
0.36733333	6.90305959e-07	
0.36891667	7.10442950e-07	
0.37050000	4.44250546e-07	
0.37208333	4.95722819e-07	
0.37366667	1.49546226e-07	
0.37525000	2.70762517e-07	
0.37683333	3.25770426e-07	
0.37841667	3.27672971e-07	
0.38000000	3.75550947e-07	
0.38158333	4.14182377e-07	
0.38316667	7.56330401e-07	
0.38475000	6.24492421e-07	
0.38633333	6.21165648e-07	
0.38791667	5.51120449e-07	
0.38950000	6.31496712e-07	
0.39108333	5.91219256e-07	
0.39266667	3.91971416e-07	
0.39425000	4.39719887e-07	
0.39583333	6.08417124e-07	
0.39741667	6.22420496e-07	
0.39900000	5.57125151e-07	
0.40058333	6.22981082e-07	
0.40216667	8.27501027e-07	
0.40375000	8.39166910e-07	
0.40533333	9.43523505e-07	
0.40691667	1.12838310e-06	
0.40850000	1.28567399e-06	
0.41008333	1.29246755e-06	
0.41166667	1.13578920e-06	
0.41325000	1.10193804e-06	
0.41483333	1.36245803e-06	
0.41641667	1.58603384e-06	
0.41800000	2.00568542e-06	
0.41958333	2.16222521e-06	
0.42116667	2.93985191e-06	
0.42275000	3.67504909e-06	
0.42433333	3.82015317e-06	
0.42591667	4.35403319e-06	
0.42750000	4.74073592e-06	
0.42908333	5.29747751e-06	
0.43066667	5.81439818e-06	
0.43225000	6.42273914e-06	
0.43383333	7.89735430e-06	
0.43541667	9.60175628e-06	
0.43700000	1.21603964e-05	
0.43858333	1.53255222e-05	
0.44016667	1.95519127e-05	
0.44175000	2.35017153e-05	
0.44333333	2.77969163e-05	
0.44491667	3.53746458e-05	
0.44650000	4.77444128e-05	
0.44808333	6.63295053e-05	
0.44966667	1.27408803e-04	
0.45125000	4.06199283e-04	
0.45283333	8.08647240e-04	
0.45441667	5.65673938e-04	
0.45600000	6.69418190e-04	
0.45758333	1.84887841e-03	
0.45916667	2.28036836e-03	
0.46075000	2.96039550e-03	
0.46233333	2.99751662e-03	
0.46391667	3.78793981e-03	
0.46550000	4.39946164e-03	
0.46708333	4.38111303e-03	
0.46866667	5.14327285e-03	
0.47025000	5.57490536e-03	
0.47183333	5.81342949e-03	
0.47341667	1.26901617e-02	
0.47500000	1.55576041e-02	
0.47658333	9.29562352e-03	
0.47816667	1.79238192e-02	
0.47975000	2.23686576e-02	
0.48133333	2.90253101e-02	
0.48291667	3.26364358e-02	
0.48450000	3.47477953e-02	
0.48608333	3.90727325e-02	
0.48766667	4.83531037e-02	
0.48925000	5.48381625e-02	
0.49083333	6.56267284e-02	
0.49241667	7.84707532e-02	
0.49400000	9.34787606e-02	
0.49558333	1.09479655e-01	
0.49716667	1.29143705e-01	
0.49875000	1.80815239e-01	
0.50033333	2.80978140e-01	
0.50191667	3.38006934e-01	
0.50350000	4.37650666e-01	
0.50508333	4.99797748e-01	
0.50666667	5.83493722e-01	
0.50825000	6.22683912e-01	
0.50983333	6.97249945e-01	
0.51141667	2.28312862e+00	
0.51300000	2.91224457e+00	
0.51458333	3.13308445e+00	
0.51616667	3.19818511e+00	
0.51775000	3.21314113e+00	
0.51933333	3.96131421e+00	
0.52091667	7.39492668e+00	
0.52250000	7.55949359e+00	
0.52408333	7.86417848e+00	
0.52566667	8.26450182e+00	
0.52725000	8.48608161e+00	
0.52883333	8.52828787e+00	
0.53041667	9.05030054e+00	
0.53200000	9.77820977e+00	
0.53358333	1.01035769e+01	
0.53516667	1.13614776e+01	
0.53675000	1.15748484e+01	
0.53833333	1.16658322e+01	
0.53991667	1.18732584e+01	
0.54150000	1.20811910e+01	
0.54308333	1.27168808e+01	
0.54466667	1.30576793e+01	
0.54625000	1.32769215e+01	
0.54783333	1.32779710e+01	
0.54941667	1.35712782e+01	
0.55100000	1.36140707e+01	
0.55258333	1.41402485e+01	
0.55416667	1.45970778e+01	
0.55575000	1.70714378e+01	
0.55733333	1.67439313e+01	
0.55891667	1.70721688e+01	
0.56050000	1.77482450e+01	
0.56208333	1.78902905e+01	
0.56366667	1.81726639e+01	
0.56525000	1.82707547e+01	
0.56683333	2.01431035e+01	
0.56841667	2.13375252e+01	
0.57000000	2.30968687e+01	
0.57158333	2.33619222e+01	
0.57316667	2.33536841e+01	
0.57475000	2.40384926e+01	
0.57633333	2.42849521e+01	
0.57791667	2.52807326e+01	
0.57950000	2.55983905e+01	
0.58108333	2.63822688e+01	
0.58266667	2.78642222e+01	
0.58425000	2.78595995e+01	
0.58583333	2.84026463e+01	
0.58741667	2.94728461e+01	
0.58900000	3.00405132e+01	
0.59058333	3.12385466e+01	
0.59216667	3.24615105e+01	
0.59375000	3.29657118e+01	
