start voltage : 0.00 V 
set voltage : 0.10 V 
High G : 30.00 G0 
Intermediate G : 20.00 G0 
Low G : 10.00 G0 
Breaking speed 1 : 300.00 V/s 
Breaking speed 2 : 300.00 V/s 
Making speed : 500.00 V/s 
Post breaking : 230.00 V/s 
@ 
0.00000000	3.05510641e+01	
0.00158333	3.11403357e+01	
0.00316667	3.10487355e+01	
0.00475000	3.11993273e+01	
0.00633333	3.11353090e+01	
0.00791667	3.09996037e+01	
0.00950000	3.09150014e+01	
0.01108333	3.09692312e+01	
0.01266667	3.11189117e+01	
0.01425000	3.08821278e+01	
0.01583333	3.09575149e+01	
0.01741667	3.10088640e+01	
0.01900000	3.07955487e+01	
0.02058333	3.09375810e+01	
0.02216667	3.07473959e+01	
0.02375000	3.08059328e+01	
0.02533333	3.06814684e+01	
0.02691667	3.06177677e+01	
0.02850000	3.06589959e+01	
0.03008333	3.05263723e+01	
0.03166667	3.05775317e+01	
0.03325000	3.05426870e+01	
0.03483333	3.05850839e+01	
0.03641667	3.06971235e+01	
0.03800000	3.04141599e+01	
0.03958333	3.03855182e+01	
0.04116667	3.02130383e+01	
0.04275000	3.02181890e+01	
0.04433333	3.01751869e+01	
0.04591667	2.99922402e+01	
0.04750000	2.99850055e+01	
0.04908333	2.98694558e+01	
0.05066667	2.98852706e+01	
0.05225000	3.00169959e+01	
0.05383333	2.98391999e+01	
0.05541667	2.98334591e+01	
0.05700000	2.96871799e+01	
0.05858333	2.96530812e+01	
0.06016667	2.99862420e+01	
0.06175000	2.98003545e+01	
0.06333333	3.00123056e+01	
0.06491667	2.97926763e+01	
0.06650000	2.97792574e+01	
0.06808333	2.98223892e+01	
0.06966667	2.96324145e+01	
0.07125000	2.98071719e+01	
0.07283333	2.96484773e+01	
0.07441667	2.96074220e+01	
0.07600000	2.95957019e+01	
0.07758333	2.95125897e+01	
0.07916667	2.94908707e+01	
0.08075000	2.93029593e+01	
0.08233333	2.89667412e+01	
0.08391667	2.90811184e+01	
0.08550000	2.96437457e+01	
0.08708333	2.94324654e+01	
0.08866667	2.92100588e+01	
0.09025000	2.88404898e+01	
0.09183333	2.87730722e+01	
0.09341667	2.90320317e+01	
0.09500000	2.90790645e+01	
0.09658333	2.90077364e+01	
0.09816667	2.85981963e+01	
0.09975000	2.85822820e+01	
0.10133333	2.85094543e+01	
0.10291667	2.86597718e+01	
0.10450000	2.84558351e+01	
0.10608333	2.77461676e+01	
0.10766667	2.75632416e+01	
0.10925000	2.75896095e+01	
0.11083333	2.73137416e+01	
0.11241667	2.73103441e+01	
0.11400000	2.75670994e+01	
0.11558333	2.76153555e+01	
0.11716667	2.75269010e+01	
0.11875000	2.75288967e+01	
0.12033333	2.74360468e+01	
0.12191667	2.74956153e+01	
0.12350000	2.73989077e+01	
0.12508333	2.71068416e+01	
0.12666667	2.53010873e+01	
0.12825000	2.47701723e+01	
0.12983333	2.46945616e+01	
0.13141667	2.44853315e+01	
0.13300000	2.45977769e+01	
0.13458333	2.46102205e+01	
0.13616667	2.44449208e+01	
0.13775000	2.43805436e+01	
0.13933333	2.40584302e+01	
0.14091667	2.39431435e+01	
0.14250000	2.38166272e+01	
0.14408333	2.33698446e+01	
0.14566667	2.32422139e+01	
0.14725000	2.34169902e+01	
0.14883333	2.33123657e+01	
0.15041667	2.32075984e+01	
0.15200000	2.31584103e+01	
0.15358333	2.31867156e+01	
0.15516667	2.31469551e+01	
0.15675000	2.30233288e+01	
0.15833333	2.30802120e+01	
0.15991667	2.28800375e+01	
0.16150000	2.25197946e+01	
0.16308333	2.20728241e+01	
0.16466667	2.20137123e+01	
0.16625000	2.23111113e+01	
0.16783333	2.20364122e+01	
0.16941667	2.21265824e+01	
0.17100000	2.19955993e+01	
0.17258333	2.19479708e+01	
0.17416667	2.17416345e+01	
0.17575000	2.11542121e+01	
0.17733333	2.05355622e+01	
0.17891667	2.02692403e+01	
0.18050000	2.04482615e+01	
0.18208333	2.01255843e+01	
0.18366667	1.97213623e+01	
0.18525000	1.98669255e+01	
0.18683333	1.93550836e+01	
0.18841667	1.85400174e+01	
0.19000000	1.85782615e+01	
0.19158333	1.84582733e+01	
0.19316667	1.83466415e+01	
0.19475000	1.81393112e+01	
0.19633333	1.80316050e+01	
0.19791667	1.81268394e+01	
0.19950000	1.80705350e+01	
0.20108333	1.80147172e+01	
0.20266667	1.77520164e+01	
0.20425000	1.72438275e+01	
0.20583333	1.68297175e+01	
0.20741667	1.67164170e+01	
0.20900000	1.66626100e+01	
0.21058333	1.67266997e+01	
0.21216667	1.67940497e+01	
0.21375000	1.67978568e+01	
0.21533333	1.67911671e+01	
0.21691667	1.68073088e+01	
0.21850000	1.66679279e+01	
0.22008333	1.67235747e+01	
0.22166667	1.63782916e+01	
0.22325000	1.59392586e+01	
0.22483333	1.58623081e+01	
0.22641667	1.60769577e+01	
0.22800000	1.64683697e+01	
0.22958333	1.63304789e+01	
0.23116667	1.60757155e+01	
0.23275000	1.56731424e+01	
0.23433333	1.49718332e+01	
0.23591667	1.39709509e+01	
0.23750000	1.34851707e+01	
0.23908333	1.35449497e+01	
0.24066667	1.35245244e+01	
0.24225000	1.34410055e+01	
0.24383333	1.34634977e+01	
0.24541667	1.29768729e+01	
0.24700000	1.29508121e+01	
0.24858333	1.29372937e+01	
0.25016667	1.28606955e+01	
0.25175000	1.27375748e+01	
0.25333333	1.26924878e+01	
0.25491667	1.27743033e+01	
0.25650000	1.27227888e+01	
0.25808333	1.26106037e+01	
0.25966667	1.26270338e+01	
0.26125000	1.24805404e+01	
0.26283333	1.24743121e+01	
0.26441667	1.24151682e+01	
0.26600000	1.22108549e+01	
0.26758333	1.21682474e+01	
0.26916667	1.20740634e+01	
0.27075000	1.19917997e+01	
0.27233333	1.15386300e+01	
0.27391667	1.14690786e+01	
0.27550000	1.14012616e+01	
0.27708333	1.13766948e+01	
0.27866667	1.12649005e+01	
0.28025000	1.11087925e+01	
0.28183333	1.11960218e+01	
0.28341667	1.12200230e+01	
0.28500000	1.11362025e+01	
0.28658333	1.10734648e+01	
0.28816667	1.12283119e+01	
0.28975000	1.10522062e+01	
0.29133333	1.09437295e+01	
0.29291667	1.08317285e+01	
0.29450000	1.08232564e+01	
0.29608333	1.08031507e+01	
0.29766667	1.03181400e+01	
0.29925000	9.30850745e+00	
0.30083333	9.10348939e+00	
0.30241667	9.18016927e+00	
0.30400000	9.15346022e+00	
0.30558333	9.33167621e+00	
0.30716667	9.19730790e+00	
0.30875000	9.05893610e+00	
0.31033333	9.08447163e+00	
0.31191667	9.10452479e+00	
0.31350000	9.03120010e+00	
0.31508333	8.87978430e+00	
0.31666667	8.86005999e+00	
0.31825000	8.89228617e+00	
0.31983333	7.94196282e+00	
0.32141667	7.38665239e+00	
0.32300000	7.34618245e+00	
0.32458333	7.39625851e+00	
0.32616667	7.09138383e+00	
0.32775000	7.07526322e+00	
0.32933333	7.48210668e+00	
0.33091667	7.33662330e+00	
0.33250000	7.02017316e+00	
0.33408333	6.79644740e+00	
0.33566667	6.61267247e+00	
0.33725000	6.61095682e+00	
0.33883333	6.49651108e+00	
0.34041667	6.50492489e+00	
0.34200000	6.66068055e+00	
0.34358333	6.38508603e+00	
0.34516667	6.28542718e+00	
0.34675000	6.31611905e+00	
0.34833333	6.33867475e+00	
0.34991667	6.30682862e+00	
0.35150000	6.14464586e+00	
0.35308333	6.11939643e+00	
0.35466667	6.07947003e+00	
0.35625000	5.97501845e+00	
0.35783333	5.88777127e+00	
0.35941667	5.17568105e+00	
0.36100000	5.00728306e+00	
0.36258333	5.05088410e+00	
0.36416667	4.99450590e+00	
0.36575000	4.99577807e+00	
0.36733333	4.98750566e+00	
0.36891667	4.82981027e+00	
0.37050000	4.88583801e+00	
0.37208333	5.08401509e+00	
0.37366667	4.81509619e+00	
0.37525000	4.82328404e+00	
0.37683333	4.83490741e+00	
0.37841667	4.78221466e+00	
0.38000000	4.72391504e+00	
0.38158333	4.34435283e+00	
0.38316667	3.85227497e+00	
0.38475000	3.82508744e+00	
0.38633333	3.95548890e+00	
0.38791667	4.00282660e+00	
0.38950000	3.97678370e+00	
0.39108333	3.90761049e+00	
0.39266667	3.89139498e+00	
0.39425000	3.70708215e+00	
0.39583333	3.38362848e+00	
0.39741667	3.36403500e+00	
0.39900000	2.96132492e+00	
0.40058333	2.79829068e+00	
0.40216667	2.72909351e+00	
0.40375000	2.73125827e+00	
0.40533333	2.68070584e+00	
0.40691667	2.65916840e+00	
0.40850000	2.71189193e+00	
0.41008333	2.69208164e+00	
0.41166667	2.29402265e+00	
0.41325000	2.20576473e+00	
0.41483333	2.11915364e+00	
0.41641667	1.93668282e+00	
0.41800000	1.89121275e+00	
0.41958333	1.92343670e+00	
0.42116667	1.91414192e+00	
0.42275000	1.88215392e+00	
0.42433333	1.72253665e+00	
0.42591667	1.74629405e+00	
0.42750000	1.92887350e+00	
0.42908333	1.93509566e+00	
0.43066667	1.91973880e+00	
0.43225000	1.64803773e+00	
0.43383333	1.39243789e+00	
0.43541667	1.13759770e+00	
0.43700000	1.12413970e+00	
0.43858333	1.12852372e+00	
0.44016667	1.14320315e+00	
0.44175000	1.16359690e+00	
0.44333333	1.13293897e+00	
0.44491667	1.12340649e+00	
0.44650000	1.13100276e+00	
0.44808333	1.12794095e+00	
0.44966667	1.13877779e+00	
0.45125000	9.97399377e-01	
0.45283333	7.71020636e-01	
0.45441667	7.31667549e-01	
0.45600000	8.58627672e-01	
0.45758333	5.90215908e-01	
0.45916667	1.63969183e-01	
0.46075000	1.13721796e-01	
0.46233333	6.09431044e-02	
0.46391667	4.41668406e-02	
0.46550000	3.66752568e-02	
0.46708333	7.71687786e-02	
0.46866667	2.94864794e-02	
0.47025000	2.77796233e-02	
0.47183333	2.31496408e-02	
0.47341667	1.59912690e-02	
0.47500000	1.26217578e-02	
0.47658333	1.41012205e-02	
0.47816667	7.80700924e-03	
0.47975000	7.04512102e-03	
0.48133333	7.05191132e-03	
0.48291667	4.91918033e-03	
0.48450000	4.37731898e-03	
0.48608333	3.74007905e-03	
0.48766667	3.84432640e-03	
0.48925000	5.21737930e-03	
0.49083333	4.51791535e-03	
0.49241667	4.37292991e-03	
0.49400000	4.06633586e-03	
0.49558333	3.68580785e-03	
0.49716667	3.86217609e-03	
0.49875000	3.23511586e-03	
0.50033333	2.76223693e-03	
0.50191667	2.79332933e-03	
0.50350000	1.40382714e-03	
0.50508333	8.11596517e-04	
0.50666667	1.16813134e-03	
0.50825000	4.62572685e-04	
0.50983333	2.36933905e-04	
0.51141667	3.41750279e-04	
0.51300000	4.49415804e-04	
0.51458333	2.79438898e-04	
0.51616667	1.63000495e-04	
0.51775000	1.49008103e-04	
0.51933333	1.80299576e-04	
0.52091667	2.12171654e-04	
0.52250000	1.85215267e-04	
0.52408333	1.40952873e-04	
0.52566667	1.08515989e-04	
0.52725000	9.05682889e-05	
0.52883333	7.64365807e-05	
0.53041667	6.75074111e-05	
0.53200000	6.16793433e-05	
0.53358333	5.65982721e-05	
0.53516667	5.02891132e-05	
0.53675000	4.40294193e-05	
0.53833333	3.64748900e-05	
0.53991667	2.96550635e-05	
0.54150000	2.42952252e-05	
0.54308333	1.99106782e-05	
0.54466667	1.66303288e-05	
0.54625000	1.34792592e-05	
0.54783333	1.11538924e-05	
0.54941667	9.45507808e-06	
0.55100000	8.14607714e-06	
0.55258333	7.05437983e-06	
0.55416667	6.10924200e-06	
0.55575000	5.48311106e-06	
0.55733333	5.01102197e-06	
0.55891667	4.34452710e-06	
0.56050000	4.04257186e-06	
0.56208333	3.54770834e-06	
0.56366667	3.32810569e-06	
0.56525000	2.80721377e-06	
0.56683333	1.99755027e-06	
0.56841667	1.94288577e-06	
0.57000000	1.77841546e-06	
0.57158333	1.79077410e-06	
0.57316667	1.64171557e-06	
0.57475000	1.35407412e-06	
0.57633333	1.70518187e-06	
0.57791667	1.45412070e-06	
0.57950000	1.38611842e-06	
0.58108333	1.33049213e-06	
0.58266667	1.30662017e-06	
0.58425000	1.31665358e-06	
0.58583333	8.17670625e-07	
0.58741667	2.93794867e-07	
0.58900000	4.73469045e-07	
0.59058333	4.65560174e-07	
0.59216667	5.64281208e-07	
0.59375000	4.63485477e-07	
0.59533333	6.37109900e-07	
0.59691667	9.23775002e-07	
0.59850000	8.23956684e-07	
0.60008333	8.69631157e-07	
0.60166667	7.17697572e-07	
0.60325000	9.34923535e-07	
0.60483333	8.89150385e-07	
0.60641667	3.67004040e-07	
0.60800000	2.46695017e-07	
0.60958333	1.41992831e-07	
0.61116667	1.61826681e-07	
0.61275000	1.67150742e-07	
0.61433333	2.12946223e-07	
0.61591667	4.99265090e-07	
0.61750000	6.72284070e-07	
0.61908333	7.14503636e-07	
0.62066667	6.69476552e-07	
0.62225000	7.40514059e-07	
0.62383333	8.74818950e-07	
0.62541667	6.82611269e-07	
0.62700000	7.57456276e-07	
0.62858333	1.98816579e-07	
0.63016667	1.62864128e-07	
0.63175000	2.86621029e-07	
0.63333333	2.57305253e-07	
0.63491667	3.38085602e-07	
0.63650000	3.58999405e-07	
0.63808333	4.81807539e-07	
0.63966667	5.64428438e-07	
0.64125000	5.38674395e-07	
0.64283333	5.71040879e-07	
0.64441667	6.29980220e-07	
0.64600000	3.24240577e-07	
0.64758333	1.75179402e-07	
0.64916667	1.35122387e-07	
0.65075000	2.54644630e-07	
0.65233333	1.59242655e-07	
0.65391667	3.27629765e-07	
0.65550000	4.88679383e-07	
0.65708333	8.70193982e-07	
0.65866667	6.11139350e-07	
0.66025000	5.73589385e-07	
0.66183333	6.50505813e-07	
0.66341667	7.70547031e-07	
0.66500000	6.71204061e-07	
0.66658333	4.61843735e-07	
0.66816667	8.23273901e-08	
0.66975000	1.50851813e-07	
0.67133333	1.24360692e-07	
0.67291667	1.44171763e-07	
0.67450000	2.44533376e-07	
0.67608333	3.77754506e-07	
0.67766667	5.30940000e-07	
0.67925000	5.50860430e-07	
0.68083333	6.27517957e-07	
0.68241667	6.80883424e-07	
0.68400000	6.87754372e-07	
0.68558333	5.98348936e-07	
0.68716667	3.76986292e-07	
0.68875000	2.36280650e-07	
0.69033333	2.97251706e-07	
0.69191667	1.69233728e-07	
0.69350000	2.17707893e-07	
0.69508333	3.00232944e-07	
0.69666667	4.49441419e-07	
0.69825000	7.56373467e-07	
0.69983333	6.60271587e-07	
0.70141667	8.09910581e-07	
0.70300000	6.92764021e-07	
0.70458333	7.18348041e-07	
0.70616667	5.69224214e-07	
0.70775000	1.85722954e-07	
0.70933333	2.23013655e-07	
0.71091667	1.45553681e-07	
0.71250000	2.62405598e-07	
0.71408333	1.32606670e-07	
0.71566667	2.49589787e-07	
0.71725000	5.89059576e-07	
0.71883333	5.36426286e-07	
0.72041667	5.67583060e-07	
0.72200000	5.32279188e-07	
0.72358333	5.14692775e-07	
0.72516667	4.80382555e-07	
0.72675000	1.87718813e-07	
0.72833333	1.38017549e-07	
0.72991667	8.66822155e-08	
0.73150000	1.95401966e-07	
0.73308333	2.78973522e-07	
0.73466667	3.49087940e-07	
0.73625000	4.10119618e-07	
0.73783333	4.25329677e-07	
0.73941667	6.61653169e-07	
0.74100000	5.63434114e-07	
0.74258333	5.00690018e-07	
0.74416667	7.47444650e-07	
0.74575000	4.96628940e-07	
0.74733333	3.60644002e-07	
0.74891667	1.72413774e-07	
0.75050000	9.13057060e-08	
0.75208333	2.95367613e-07	
0.75366667	1.93026269e-07	
0.75525000	3.04174345e-07	
0.75683333	4.81547295e-07	
0.75841667	7.58538300e-07	
0.76000000	6.97087751e-07	
0.76158333	6.97779886e-07	
0.76316667	6.72674855e-07	
0.76475000	6.38598110e-07	
0.76633333	3.49607587e-07	
0.76791667	-5.82495122e-08	
0.76950000	1.33925077e-09	
0.77108333	5.92863322e-08	
0.77266667	1.06610955e-07	
0.77425000	1.24750722e-07	
0.77583333	4.93216539e-07	
0.77741667	4.16749532e-07	
0.77900000	5.11798453e-07	
0.78058333	2.74730323e-07	
0.78216667	5.68058297e-07	
0.78375000	8.33508472e-07	
0.78533333	6.88403665e-07	
0.78691667	5.78213177e-07	
0.78850000	4.03768821e-07	
0.79008333	2.73268882e-07	
0.79166667	4.05608812e-07	
0.79325000	1.16134413e-07	
0.79483333	9.49009763e-08	
0.79641667	3.98452671e-07	
0.79800000	4.00830146e-07	
0.79958333	4.50911989e-07	
0.80116667	3.49235786e-07	
0.80275000	5.80935123e-07	
0.80433333	6.18055101e-07	
0.80591667	4.55052563e-07	
0.80750000	2.85196045e-07	
0.80908333	8.41758370e-08	
0.81066667	1.54307658e-07	
0.81225000	1.75783866e-07	
0.81383333	4.21743780e-07	
0.81541667	3.68550969e-07	
0.81700000	5.25452369e-07	
0.81858333	7.01799130e-07	
0.82016667	5.60366576e-07	
0.82175000	5.61490883e-07	
0.82333333	5.40964673e-07	
0.82491667	4.28614504e-07	
0.82650000	4.11244765e-07	
0.82808333	2.76104261e-07	
0.82966667	2.26989357e-07	
0.83125000	1.47784023e-07	
0.83283333	2.83726875e-07	
0.83441667	2.94106409e-07	
0.83600000	3.68515800e-07	
0.83758333	4.32763282e-07	
0.83916667	6.00640111e-07	
0.84075000	4.16557975e-07	
0.84233333	6.11485782e-07	
0.84391667	5.70115326e-07	
0.84550000	6.13557987e-07	
0.84708333	3.42020115e-07	
0.84866667	-1.51212013e-09	
0.85025000	-3.00755895e-08	
0.85183333	-1.31364534e-08	
0.85341667	1.27516868e-07	
0.85500000	1.31017571e-07	
0.85658333	3.06360067e-07	
0.85816667	5.24284437e-07	
0.85975000	5.26921595e-07	
0.86133333	5.65896880e-07	
0.86291667	7.34811828e-07	
0.86450000	7.48551988e-07	
0.86608333	7.41638758e-07	
0.86766667	1.89369809e-07	
0.86925000	2.94875379e-07	
0.87083333	7.25519765e-08	
0.87241667	1.47540692e-07	
0.87400000	2.19385042e-07	
0.87558333	3.51569131e-07	
0.87716667	3.53642876e-07	
0.87875000	3.78661887e-07	
0.88033333	5.08858377e-07	
0.88191667	6.70685982e-07	
0.88350000	6.52278292e-07	
0.88508333	7.71540684e-07	
0.88666667	4.59035685e-07	
0.88825000	1.43592095e-07	
0.88983333	1.23178185e-07	
0.89141667	1.05885295e-07	
0.89300000	1.56520863e-07	
0.89458333	1.18347142e-07	
0.89616667	1.66537305e-07	
0.89775000	5.92472705e-07	
0.89933333	4.47334212e-07	
0.90091667	5.58249345e-07	
0.90250000	5.48810178e-07	
0.90408333	6.71979920e-07	
0.90566667	6.12479210e-07	
0.90725000	3.79994691e-07	
0.90883333	3.42891962e-07	
0.91041667	1.66882994e-07	
0.91200000	3.17293185e-07	
0.91358333	3.30914312e-07	
0.91516667	1.69587146e-07	
0.91675000	4.20664276e-07	
0.91833333	4.64394426e-07	
0.91991667	6.39833078e-07	
0.92150000	5.50428314e-07	
0.92308333	5.28173980e-07	
0.92466667	7.27422968e-07	
0.92625000	5.38502243e-07	
0.92783333	1.04166326e-07	
0.92941667	1.23066180e-07	
0.93100000	1.34214768e-07	
0.93258333	2.11390263e-07	
0.93416667	-2.32736888e-08	
0.93575000	7.07888633e-08	
0.93733333	3.46676108e-07	
0.93891667	5.37420554e-07	
0.94050000	6.53529892e-07	
0.94208333	5.90701681e-07	
0.94366667	6.29721936e-07	
0.94525000	6.63037327e-07	
0.94683333	5.35044872e-07	
0.94841667	-2.67514036e-07	
0.95000000	1.01935347e-07	
0.95158333	2.94615920e-07	
0.95316667	1.21260281e-07	
0.95475000	3.00492431e-07	
0.95633333	3.88773841e-07	
0.95791667	3.01011967e-07	
0.95950000	6.12093409e-07	
0.96108333	4.39935608e-07	
0.96266667	5.14995020e-07	
0.96425000	6.59406460e-07	
0.96583333	4.84512964e-07	
0.96741667	3.12566713e-07	
0.96900000	6.07555861e-08	
0.97058333	2.06811767e-08	
0.97216667	3.83720713e-08	
0.97375000	3.83111966e-08	
0.97533333	2.90710640e-07	
0.97691667	4.18072171e-07	
0.97850000	4.26756649e-07	
0.98008333	6.67314911e-07	
0.98166667	5.60193584e-07	
0.98325000	6.34561505e-07	
0.98483333	4.60954863e-07	
0.98641667	4.20932108e-07	
0.98800000	1.90648193e-07	
0.98958333	1.48430754e-07	
0.99116667	1.22158421e-07	
0.99275000	1.96551109e-07	
0.99433333	1.51369990e-07	
0.99591667	2.90994965e-07	
0.99750000	3.42667252e-07	
0.99908333	4.70270293e-07	
1.00066667	4.21269383e-07	
1.00225000	6.22461882e-07	
1.00383333	6.27690277e-07	
1.00541667	6.37067226e-07	
1.00700000	4.12367195e-07	
1.00858333	-2.78892549e-08	
1.01016667	1.65585654e-07	
1.01175000	2.39866687e-07	
1.01333333	2.94564985e-07	
1.01491667	2.72794148e-07	
1.01650000	2.70632311e-07	
1.01808333	7.18531169e-07	
1.01966667	6.52494686e-07	
1.02125000	5.69916237e-07	
1.02283333	5.06397122e-07	
1.02441667	6.02108273e-07	
1.02600000	6.39840246e-07	
1.02758333	2.27594702e-07	
1.02916667	5.03414884e-08	
1.03075000	1.17275968e-07	
1.03233333	7.60950174e-08	
1.03391667	1.08677566e-07	
1.03550000	5.68317386e-08	
1.03708333	3.75377843e-07	
1.03866667	5.86595353e-07	
1.04025000	4.61973941e-07	
1.04183333	5.99343597e-07	
1.04341667	4.87080736e-07	
1.04500000	5.82509858e-07	
1.04658333	4.67935857e-07	
1.04816667	1.50893479e-07	
1.04975000	1.14958990e-07	
1.05133333	6.68650963e-08	
1.05291667	2.20827597e-07	
1.05450000	1.96783744e-07	
1.05608333	2.08935239e-07	
1.05766667	4.75843775e-07	
1.05925000	3.97330689e-07	
1.06083333	5.85688168e-07	
1.06241667	5.61402175e-07	
1.06400000	5.83830621e-07	
1.06558333	6.43463217e-07	
@ 
0.00000000	4.46762875e-07	
0.00158333	2.05601311e-07	
0.00316667	2.28585737e-08	
0.00475000	8.67510706e-08	
0.00633333	1.14051617e-07	
0.00791667	2.65496241e-08	
0.00950000	1.75922038e-07	
0.01108333	3.77400850e-07	
0.01266667	5.94978649e-07	
0.01425000	5.69268736e-07	
0.01583333	4.14787568e-07	
0.01741667	5.67884409e-07	
0.01900000	4.45295525e-07	
0.02058333	4.75481719e-07	
0.02216667	3.16696870e-07	
0.02375000	-1.46061659e-08	
0.02533333	1.93155201e-07	
0.02691667	1.45536292e-07	
0.02850000	1.83648508e-07	
0.03008333	3.97640858e-07	
0.03166667	4.97882276e-07	
0.03325000	5.19315614e-07	
0.03483333	3.76112260e-07	
0.03641667	5.72508369e-07	
0.03800000	6.81921542e-07	
0.03958333	5.79379093e-07	
0.04116667	4.12798555e-07	
0.04275000	1.32849147e-07	
0.04433333	1.97692189e-07	
0.04591667	2.84071066e-07	
0.04750000	7.06511112e-08	
0.04908333	1.21139218e-07	
0.05066667	3.12850870e-07	
0.05225000	5.63132988e-07	
0.05383333	5.27699470e-07	
0.05541667	4.75066629e-07	
0.05700000	7.07546556e-07	
0.05858333	6.18224508e-07	
0.06016667	5.63736135e-07	
0.06175000	8.92755379e-08	
0.06333333	1.56295957e-07	
0.06491667	1.06732186e-07	
0.06650000	7.89907114e-08	
0.06808333	7.34172223e-08	
0.06966667	9.73980233e-08	
0.07125000	5.99817938e-07	
0.07283333	5.44594420e-07	
0.07441667	4.62882358e-07	
0.07600000	6.09930424e-07	
0.07758333	6.12824858e-07	
0.07916667	4.64488090e-07	
0.08075000	2.71151959e-07	
0.08233333	-1.22546790e-08	
0.08391667	1.11269048e-07	
0.08550000	6.53186079e-08	
0.08708333	1.63123559e-07	
0.08866667	1.16022667e-07	
0.09025000	3.07622391e-07	
0.09183333	5.63911927e-07	
0.09341667	5.68231961e-07	
0.09500000	5.25193190e-07	
0.09658333	6.61395613e-07	
0.09816667	6.40869740e-07	
0.09975000	6.81920366e-07	
0.10133333	2.21242897e-07	
0.10291667	2.01797313e-07	
0.10450000	1.95056794e-07	
0.10608333	1.27543217e-07	
0.10766667	2.56218469e-07	
0.10925000	2.78368555e-07	
0.11083333	3.77105885e-07	
0.11241667	3.93873205e-07	
0.11400000	5.92514987e-07	
0.11558333	6.35771216e-07	
0.11716667	5.23161307e-07	
0.11875000	6.22591584e-07	
0.12033333	5.63348430e-07	
0.12191667	7.57404305e-08	
0.12350000	7.87310907e-08	
0.12508333	-3.38350837e-08	
0.12666667	1.48037970e-08	
0.12825000	1.00856564e-07	
0.12983333	2.16231246e-07	
0.13141667	4.03551476e-07	
0.13300000	4.75239732e-07	
0.13458333	5.84738086e-07	
0.13616667	6.68050448e-07	
0.13775000	7.24268234e-07	
0.13933333	6.79588590e-07	
0.14091667	4.47627721e-07	
0.14250000	4.95549268e-07	
0.14408333	2.71498166e-07	
0.14566667	3.13110582e-07	
0.14725000	2.47990412e-07	
0.14883333	1.70814399e-07	
0.15041667	3.01486840e-07	
0.15200000	2.08703543e-07	
0.15358333	2.55336401e-07	
0.15516667	3.51585484e-07	
0.15675000	5.21010138e-07	
0.15833333	7.19298851e-07	
0.15991667	5.13912436e-07	
0.16150000	3.19851380e-07	
0.16308333	1.16808837e-07	
0.16466667	5.84648839e-08	
0.16625000	2.60651068e-07	
0.16783333	1.07810942e-07	
0.16941667	6.76597859e-08	
0.17100000	3.24562339e-07	
0.17258333	4.04503630e-07	
0.17416667	6.60012015e-07	
0.17575000	3.44007084e-07	
0.17733333	2.78877225e-07	
0.17891667	4.25980202e-07	
0.18050000	4.05410759e-07	
0.18208333	2.75690234e-07	
0.18366667	7.15150199e-08	
0.18525000	1.70771263e-07	
0.18683333	2.41665320e-07	
0.18841667	3.04554322e-07	
0.19000000	3.50314563e-07	
0.19158333	3.56314028e-07	
0.19316667	5.15210350e-07	
0.19475000	4.67677573e-07	
0.19633333	4.75673136e-07	
0.19791667	5.90189426e-07	
0.19950000	5.07520197e-07	
0.20108333	3.99794323e-07	
0.20266667	-4.07055385e-08	
0.20425000	4.36867168e-08	
0.20583333	1.22072205e-07	
0.20741667	1.17578536e-07	
0.20900000	2.07889840e-07	
0.21058333	3.11209324e-07	
0.21216667	5.48312147e-07	
0.21375000	6.43463441e-07	
0.21533333	5.10931646e-07	
0.21691667	5.94374886e-07	
0.21850000	5.42864503e-07	
0.22008333	2.88143121e-07	
0.22166667	-4.69712676e-08	
0.22325000	-5.64350308e-08	
0.22483333	1.09238313e-07	
0.22641667	1.16238935e-07	
0.22800000	1.44110314e-07	
0.22958333	2.07077608e-07	
0.23116667	4.44819783e-07	
0.23275000	6.49339168e-07	
0.23433333	5.05790167e-07	
0.23591667	5.63435962e-07	
0.23750000	6.53483858e-07	
0.23908333	5.61230975e-07	
0.24066667	4.48449726e-07	
0.24225000	8.32262794e-08	
0.24383333	6.74961466e-08	
0.24541667	-6.56760107e-09	
0.24700000	1.81222399e-08	
0.24858333	1.60703509e-07	
0.25016667	2.15850541e-07	
0.25175000	4.37732721e-07	
0.25333333	4.03552680e-07	
0.25491667	5.07690612e-07	
0.25650000	5.68792882e-07	
0.25808333	5.46106208e-07	
0.25966667	6.52235842e-07	
0.26125000	2.53954147e-07	
0.26283333	1.89049811e-07	
0.26441667	1.53184163e-07	
0.26600000	1.60626141e-07	
0.26758333	2.15096622e-07	
0.26916667	1.90087285e-07	
0.27075000	4.17068746e-07	
0.27233333	5.02679172e-07	
0.27391667	3.97502812e-07	
0.27550000	5.63218448e-07	
0.27708333	4.64176520e-07	
0.27866667	5.60669830e-07	
0.28025000	4.04625352e-07	
0.28183333	4.88374954e-07	
0.28341667	-7.19297045e-08	
0.28500000	-4.50349283e-08	
0.28658333	7.41248770e-08	
0.28816667	2.27266430e-07	
0.28975000	3.44777174e-07	
0.29133333	4.83018313e-07	
0.29291667	5.77393188e-07	
0.29450000	5.23420262e-07	
0.29608333	6.95315047e-07	
0.29766667	5.30549606e-07	
0.29925000	5.94762255e-07	
0.30083333	3.60781573e-07	
0.30241667	1.97563145e-07	
0.30400000	1.97216587e-07	
0.30558333	1.68135266e-07	
0.30716667	1.90994820e-07	
0.30875000	4.30399227e-08	
0.31033333	2.90743766e-07	
0.31191667	4.11675620e-07	
0.31350000	5.13395364e-07	
0.31508333	6.80756466e-07	
0.31666667	6.24257603e-07	
0.31825000	7.26125726e-07	
0.31983333	5.92627104e-07	
0.32141667	2.83354542e-07	
0.32300000	9.48491810e-08	
0.32458333	5.44892830e-08	
0.32616667	2.84157730e-07	
0.32775000	1.36573832e-07	
0.32933333	1.03983625e-07	
0.33091667	3.56278606e-07	
0.33250000	2.62639521e-07	
0.33408333	4.79258025e-07	
0.33566667	4.99610962e-07	
0.33725000	4.06983814e-07	
0.33883333	5.40402128e-07	
0.34041667	3.62932685e-07	
0.34200000	3.01901707e-07	
0.34358333	7.92492750e-08	
0.34516667	1.80537289e-07	
0.34675000	3.20457551e-07	
0.34833333	1.71722437e-07	
0.34991667	2.35735746e-07	
0.35150000	4.07353794e-07	
0.35308333	3.88557615e-07	
0.35466667	5.73071026e-07	
0.35625000	4.39288527e-07	
0.35783333	6.06855550e-07	
0.35941667	6.19609562e-07	
0.36100000	4.18977872e-07	
0.36258333	1.22547443e-07	
0.36416667	9.58165474e-08	
0.36575000	1.72586416e-07	
0.36733333	1.01833345e-07	
0.36891667	1.66684059e-07	
0.37050000	2.01971355e-07	
0.37208333	5.35469427e-07	
0.37366667	5.41872698e-07	
0.37525000	7.32174165e-07	
0.37683333	7.76597263e-07	
0.37841667	8.58011812e-07	
0.38000000	6.96009254e-07	
0.38158333	5.46234622e-07	
0.38316667	2.19998437e-07	
0.38475000	3.25252766e-07	
0.38633333	4.73477501e-07	
0.38791667	4.02514281e-07	
0.38950000	6.12227199e-07	
0.39108333	8.09050159e-07	
0.39266667	1.21428345e-06	
0.39425000	1.43294246e-06	
0.39583333	1.65959661e-06	
0.39741667	2.05137675e-06	
0.39900000	2.28428000e-06	
0.40058333	2.32953854e-06	
0.40216667	2.34691008e-06	
0.40375000	2.48534650e-06	
0.40533333	2.98479348e-06	
0.40691667	3.71368590e-06	
0.40850000	5.45026536e-06	
0.41008333	8.46026288e-06	
0.41166667	1.34558860e-05	
0.41325000	2.03947944e-05	
0.41483333	2.94862764e-05	
0.41641667	4.27838374e-05	
0.41800000	6.39685325e-05	
0.41958333	9.28199662e-05	
0.42116667	1.16249955e-04	
0.42275000	1.24100049e-04	
0.42433333	1.28369659e-04	
0.42591667	1.39160162e-04	
0.42750000	1.73415263e-04	
0.42908333	2.53940346e-04	
0.43066667	4.43930662e-04	
0.43225000	6.62835320e-04	
0.43383333	6.85247909e-04	
0.43541667	7.53302980e-04	
0.43700000	1.02955243e-03	
0.43858333	1.28888270e-03	
0.44016667	1.72599021e-03	
0.44175000	2.26091136e-03	
0.44333333	2.65539752e-03	
0.44491667	3.52163333e-03	
0.44650000	4.78557795e-03	
0.44808333	3.83703742e-03	
0.44966667	5.87400215e-03	
0.45125000	8.19744949e-03	
0.45283333	1.10940414e-02	
0.45441667	1.69389170e-02	
0.45600000	2.24889055e-02	
0.45758333	3.20978441e-02	
0.45916667	5.57403480e-02	
0.46075000	6.37822644e-02	
0.46233333	7.85201538e-02	
0.46391667	1.01835813e-01	
0.46550000	1.20411941e-01	
0.46708333	1.56917503e-01	
0.46866667	1.82099465e-01	
0.47025000	2.25228345e-01	
0.47183333	2.48059732e-01	
0.47341667	2.66011085e-01	
0.47500000	5.55056751e-01	
0.47658333	9.25745999e-01	
0.47816667	1.07769588e+00	
0.47975000	1.09845360e+00	
0.48133333	1.46509714e+00	
0.48291667	3.56635110e+00	
0.48450000	4.97088896e+00	
0.48608333	5.26919937e+00	
0.48766667	5.60942335e+00	
0.48925000	5.55762460e+00	
0.49083333	5.58085678e+00	
0.49241667	5.71258162e+00	
0.49400000	6.18645938e+00	
0.49558333	7.15228839e+00	
0.49716667	7.92697298e+00	
0.49875000	7.99106549e+00	
0.50033333	8.01843412e+00	
0.50191667	8.56302551e+00	
0.50350000	9.03116346e+00	
0.50508333	9.86080798e+00	
0.50666667	1.11554598e+01	
0.50825000	1.21774476e+01	
0.50983333	1.22528187e+01	
0.51141667	1.24216043e+01	
0.51300000	1.25550556e+01	
0.51458333	1.36941650e+01	
0.51616667	1.49622515e+01	
0.51775000	1.52334442e+01	
0.51933333	1.66877546e+01	
0.52091667	1.69343645e+01	
0.52250000	1.68385024e+01	
0.52408333	1.77650801e+01	
0.52566667	1.99545664e+01	
0.52725000	2.04426015e+01	
0.52883333	2.04603950e+01	
0.53041667	2.06597296e+01	
