start voltage : 0.00 V 
set voltage : 0.10 V 
High G : 30.00 G0 
Intermediate G : 20.00 G0 
Low G : 10.00 G0 
Breaking speed 1 : 300.00 V/s 
Breaking speed 2 : 300.00 V/s 
Making speed : 500.00 V/s 
Post breaking : 230.00 V/s 
@ 
0.00000000	4.26514673e+01	
0.00158333	4.33695966e+01	
0.00316667	4.32030303e+01	
0.00475000	4.33237195e+01	
0.00633333	4.34132940e+01	
0.00791667	4.32313413e+01	
0.00950000	4.32856031e+01	
0.01108333	4.31084761e+01	
0.01266667	4.32963292e+01	
0.01425000	4.33022147e+01	
0.01583333	4.32115315e+01	
0.01741667	4.33936533e+01	
0.01900000	4.31716300e+01	
0.02058333	4.32292367e+01	
0.02216667	4.34531917e+01	
0.02375000	4.31947621e+01	
0.02533333	4.33423680e+01	
0.02691667	4.32043758e+01	
0.02850000	4.31499223e+01	
0.03008333	4.33155227e+01	
0.03166667	4.31444314e+01	
0.03325000	4.33027033e+01	
0.03483333	4.31261099e+01	
0.03641667	4.33436007e+01	
0.03800000	4.32159287e+01	
0.03958333	4.32771170e+01	
0.04116667	4.33204122e+01	
0.04275000	4.32060707e+01	
0.04433333	4.33851107e+01	
0.04591667	4.32545035e+01	
0.04750000	4.31533122e+01	
0.04908333	4.32563977e+01	
0.05066667	4.33638502e+01	
0.05225000	4.34037405e+01	
0.05383333	4.32561271e+01	
0.05541667	4.32008956e+01	
0.05700000	4.33687773e+01	
0.05858333	4.31843856e+01	
0.06016667	4.33348515e+01	
0.06175000	4.31180672e+01	
0.06333333	4.32556385e+01	
0.06491667	4.32623883e+01	
0.06650000	4.31786617e+01	
0.06808333	4.33475995e+01	
0.06966667	4.32602574e+01	
0.07125000	4.33648875e+01	
0.07283333	4.32773763e+01	
0.07441667	4.31359791e+01	
0.07600000	4.33175672e+01	
0.07758333	4.30162896e+01	
0.07916667	4.30543797e+01	
0.08075000	4.33535225e+01	
0.08233333	4.31016774e+01	
0.08391667	4.31620690e+01	
0.08550000	4.31372419e+01	
0.08708333	4.32128694e+01	
0.08866667	4.32514668e+01	
0.09025000	4.31843668e+01	
0.09183333	4.33567321e+01	
0.09341667	4.31205627e+01	
0.09500000	4.31429169e+01	
0.09658333	4.31416654e+01	
0.09816667	4.32758129e+01	
0.09975000	4.32556611e+01	
0.10133333	4.33486330e+01	
0.10291667	4.31586527e+01	
0.10450000	4.31923493e+01	
0.10608333	4.31271021e+01	
0.10766667	4.31227237e+01	
0.10925000	4.32646771e+01	
0.11083333	4.33685781e+01	
0.11241667	4.31706303e+01	
0.11400000	4.29274292e+01	
0.11558333	4.30180335e+01	
0.11716667	4.28359418e+01	
0.11875000	4.27732539e+01	
0.12033333	4.28865355e+01	
0.12191667	4.29459913e+01	
0.12350000	4.28753998e+01	
0.12508333	4.27256968e+01	
0.12666667	4.27468108e+01	
0.12825000	4.27222730e+01	
0.12983333	4.26308006e+01	
0.13141667	4.27191161e+01	
0.13300000	4.26230398e+01	
0.13458333	4.27160306e+01	
0.13616667	4.26981638e+01	
0.13775000	4.27967769e+01	
0.13933333	4.27784666e+01	
0.14091667	4.25544628e+01	
0.14250000	4.27108817e+01	
0.14408333	4.26438005e+01	
0.14566667	4.26254489e+01	
0.14725000	4.24896778e+01	
0.14883333	4.22955559e+01	
0.15041667	4.27153127e+01	
0.15200000	4.29763543e+01	
0.15358333	4.26312930e+01	
0.15516667	4.26849647e+01	
0.15675000	4.26222243e+01	
0.15833333	4.26139448e+01	
0.15991667	4.25978482e+01	
0.16150000	4.26119266e+01	
0.16308333	4.25184398e+01	
0.16466667	4.24349988e+01	
0.16625000	4.25894297e+01	
0.16783333	4.22381559e+01	
0.16941667	4.20318948e+01	
0.17100000	4.20476908e+01	
0.17258333	4.17839846e+01	
0.17416667	4.19091198e+01	
0.17575000	4.18172189e+01	
0.17733333	4.16189141e+01	
0.17891667	4.16964659e+01	
0.18050000	4.14791367e+01	
0.18208333	4.16581504e+01	
0.18366667	4.13897313e+01	
0.18525000	4.15371493e+01	
0.18683333	4.15883556e+01	
0.18841667	4.13781183e+01	
0.19000000	4.14405694e+01	
0.19158333	4.16016787e+01	
0.19316667	4.14257393e+01	
0.19475000	4.14366457e+01	
0.19633333	4.13353004e+01	
0.19791667	4.12797006e+01	
0.19950000	4.13682829e+01	
0.20108333	4.13651823e+01	
0.20266667	4.14263519e+01	
0.20425000	4.12996532e+01	
0.20583333	4.13919374e+01	
0.20741667	4.11615520e+01	
0.20900000	4.11796781e+01	
0.21058333	4.11908928e+01	
0.21216667	4.12833762e+01	
0.21375000	4.12757281e+01	
0.21533333	4.09551293e+01	
0.21691667	4.11609507e+01	
0.21850000	4.09750819e+01	
0.22008333	4.10074519e+01	
0.22166667	4.10276676e+01	
0.22325000	4.08769461e+01	
0.22483333	4.10577149e+01	
0.22641667	4.10657313e+01	
0.22800000	4.10654006e+01	
0.22958333	4.14136640e+01	
0.23116667	4.10540544e+01	
0.23275000	4.10043851e+01	
0.23433333	4.09558509e+01	
0.23591667	4.09836245e+01	
0.23750000	4.10411297e+01	
0.23908333	4.08641605e+01	
0.24066667	4.09433659e+01	
0.24225000	4.04029425e+01	
0.24383333	4.03558101e+01	
0.24541667	4.03534085e+01	
0.24700000	4.01577645e+01	
0.24858333	4.02748082e+01	
0.25016667	4.01590574e+01	
0.25175000	3.98859443e+01	
0.25333333	4.00446032e+01	
0.25491667	3.98117110e+01	
0.25650000	4.00823362e+01	
0.25808333	3.98347341e+01	
0.25966667	3.96186903e+01	
0.26125000	3.98701182e+01	
0.26283333	3.96156310e+01	
0.26441667	3.97181001e+01	
0.26600000	3.96506092e+01	
0.26758333	3.95281386e+01	
0.26916667	3.95051907e+01	
0.27075000	3.94217271e+01	
0.27233333	3.93358169e+01	
0.27391667	3.92077653e+01	
0.27550000	3.92034170e+01	
0.27708333	3.91827015e+01	
0.27866667	3.88806196e+01	
0.28025000	3.89952054e+01	
0.28183333	3.89982571e+01	
0.28341667	3.88652032e+01	
0.28500000	3.89885345e+01	
0.28658333	3.87917216e+01	
0.28816667	3.87952694e+01	
0.28975000	3.89034361e+01	
0.29133333	3.89317997e+01	
0.29291667	3.87301124e+01	
0.29450000	3.87354642e+01	
0.29608333	3.87354867e+01	
0.29766667	3.86233063e+01	
0.29925000	3.87444164e+01	
0.30083333	3.87674432e+01	
0.30241667	3.84463408e+01	
0.30400000	3.85473780e+01	
0.30558333	3.82982351e+01	
0.30716667	3.83594949e+01	
0.30875000	3.83932328e+01	
0.31033333	3.82529819e+01	
0.31191667	3.79993554e+01	
0.31350000	3.80470816e+01	
0.31508333	3.80247236e+01	
0.31666667	3.80983030e+01	
0.31825000	3.78821614e+01	
0.31983333	3.81456270e+01	
0.32141667	3.80537562e+01	
0.32300000	3.79106002e+01	
0.32458333	3.80067366e+01	
0.32616667	3.79549778e+01	
0.32775000	3.79666772e+01	
0.32933333	3.78488368e+01	
0.33091667	3.78060791e+01	
0.33250000	3.74161854e+01	
0.33408333	3.75185567e+01	
0.33566667	3.77606304e+01	
0.33725000	3.76211198e+01	
0.33883333	3.77899486e+01	
0.34041667	3.77610776e+01	
0.34200000	3.77663542e+01	
0.34358333	3.78163466e+01	
0.34516667	3.74657531e+01	
0.34675000	3.75000962e+01	
0.34833333	3.72792567e+01	
0.34991667	3.68739091e+01	
0.35150000	3.69266300e+01	
0.35308333	3.65785583e+01	
0.35466667	3.68587821e+01	
0.35625000	3.66093610e+01	
0.35783333	3.67092144e+01	
0.35941667	3.65982441e+01	
0.36100000	3.59318360e+01	
0.36258333	3.62488307e+01	
0.36416667	3.60478011e+01	
0.36575000	3.60687722e+01	
0.36733333	3.61417878e+01	
0.36891667	3.60640105e+01	
0.37050000	3.60752890e+01	
0.37208333	3.58844969e+01	
0.37366667	3.60124771e+01	
0.37525000	3.60034235e+01	
0.37683333	3.58200878e+01	
0.37841667	3.54754699e+01	
0.38000000	3.54371619e+01	
0.38158333	3.56373647e+01	
0.38316667	3.54148416e+01	
0.38475000	3.53586180e+01	
0.38633333	3.51731964e+01	
0.38791667	3.49226479e+01	
0.38950000	3.46431495e+01	
0.39108333	3.47260982e+01	
0.39266667	3.46733434e+01	
0.39425000	3.47900939e+01	
0.39583333	3.44793080e+01	
0.39741667	3.45640418e+01	
0.39900000	3.44154889e+01	
0.40058333	3.44866028e+01	
0.40216667	3.43056761e+01	
0.40375000	3.43238962e+01	
0.40533333	3.44240878e+01	
0.40691667	3.43779513e+01	
0.40850000	3.42115654e+01	
0.41008333	3.42211114e+01	
0.41166667	3.42924696e+01	
0.41325000	3.43650717e+01	
0.41483333	3.40787633e+01	
0.41641667	3.40026284e+01	
0.41800000	3.40146849e+01	
0.41958333	3.37856187e+01	
0.42116667	3.36939809e+01	
0.42275000	3.36870544e+01	
0.42433333	3.32791737e+01	
0.42591667	3.32028847e+01	
0.42750000	3.30925796e+01	
0.42908333	3.31358710e+01	
0.43066667	3.31072331e+01	
0.43225000	3.31613972e+01	
0.43383333	3.30534523e+01	
0.43541667	3.29136674e+01	
0.43700000	3.28737245e+01	
0.43858333	3.27911028e+01	
0.44016667	3.26953272e+01	
0.44175000	3.26551889e+01	
0.44333333	3.21967483e+01	
0.44491667	3.23054598e+01	
0.44650000	3.20939033e+01	
0.44808333	3.19980112e+01	
0.44966667	3.19471506e+01	
0.45125000	3.14147848e+01	
0.45283333	3.15107690e+01	
0.45441667	3.15968803e+01	
0.45600000	3.16073659e+01	
0.45758333	3.16901341e+01	
0.45916667	3.13722338e+01	
0.46075000	3.13716061e+01	
0.46233333	3.08901818e+01	
0.46391667	3.09444492e+01	
0.46550000	3.09367974e+01	
0.46708333	3.08122560e+01	
0.46866667	3.06941657e+01	
0.47025000	3.04966726e+01	
0.47183333	3.01317395e+01	
0.47341667	3.02672757e+01	
0.47500000	2.99989111e+01	
0.47658333	3.00063450e+01	
0.47816667	2.99508842e+01	
0.47975000	2.98550522e+01	
0.48133333	2.97356202e+01	
0.48291667	2.94558794e+01	
0.48450000	2.93250128e+01	
0.48608333	2.91263791e+01	
0.48766667	2.90354817e+01	
0.48925000	2.90706535e+01	
0.49083333	2.90611902e+01	
0.49241667	2.90468467e+01	
0.49400000	2.89144731e+01	
0.49558333	2.87697442e+01	
0.49716667	2.87398115e+01	
0.49875000	2.87040272e+01	
0.50033333	2.86226683e+01	
0.50191667	2.86940640e+01	
0.50350000	2.88666624e+01	
0.50508333	2.84813538e+01	
0.50666667	2.83020244e+01	
0.50825000	2.83450001e+01	
0.50983333	2.79644232e+01	
0.51141667	2.80666067e+01	
0.51300000	2.78455812e+01	
0.51458333	2.78160544e+01	
0.51616667	2.80059257e+01	
0.51775000	2.78454722e+01	
0.51933333	2.79399682e+01	
0.52091667	2.77156712e+01	
0.52250000	2.73321947e+01	
0.52408333	2.74669172e+01	
0.52566667	2.73513994e+01	
0.52725000	2.73340475e+01	
0.52883333	2.67001936e+01	
0.53041667	2.64979275e+01	
0.53200000	2.63849841e+01	
0.53358333	2.62705187e+01	
0.53516667	2.63936187e+01	
0.53675000	2.64120042e+01	
0.53833333	2.63262161e+01	
0.53991667	2.63126225e+01	
0.54150000	2.61396126e+01	
0.54308333	2.57545916e+01	
0.54466667	2.57337783e+01	
0.54625000	2.57867116e+01	
0.54783333	2.58662120e+01	
0.54941667	2.56604602e+01	
0.55100000	2.53098441e+01	
0.55258333	2.53882772e+01	
0.55416667	2.55006418e+01	
0.55575000	2.54237421e+01	
0.55733333	2.52251103e+01	
0.55891667	2.51741576e+01	
0.56050000	2.48383453e+01	
0.56208333	2.48233235e+01	
0.56366667	2.47919063e+01	
0.56525000	2.46758906e+01	
0.56683333	2.46767531e+01	
0.56841667	2.45760015e+01	
0.57000000	2.45998834e+01	
0.57158333	2.47077250e+01	
0.57316667	2.43794236e+01	
0.57475000	2.43183255e+01	
0.57633333	2.41726345e+01	
0.57791667	2.36745290e+01	
0.57950000	2.31667630e+01	
0.58108333	2.33215923e+01	
0.58266667	2.33106425e+01	
0.58425000	2.30096506e+01	
0.58583333	2.26783727e+01	
0.58741667	2.25246033e+01	
0.58900000	2.23467378e+01	
0.59058333	2.26363403e+01	
0.59216667	2.25429192e+01	
0.59375000	2.23648150e+01	
0.59533333	2.20186506e+01	
0.59691667	2.16846423e+01	
0.59850000	2.14009967e+01	
0.60008333	2.12498919e+01	
0.60166667	2.10679468e+01	
0.60325000	2.10577337e+01	
0.60483333	2.09237402e+01	
0.60641667	2.06441554e+01	
0.60800000	2.03954353e+01	
0.60958333	2.04268168e+01	
0.61116667	2.03377704e+01	
0.61275000	2.00848410e+01	
0.61433333	1.99794423e+01	
0.61591667	1.97316768e+01	
0.61750000	1.97133083e+01	
0.61908333	1.94308841e+01	
0.62066667	1.94882935e+01	
0.62225000	1.95648362e+01	
0.62383333	1.93140678e+01	
0.62541667	1.92978039e+01	
0.62700000	1.91466597e+01	
0.62858333	1.92324890e+01	
0.63016667	1.90183375e+01	
0.63175000	1.86989545e+01	
0.63333333	1.86068300e+01	
0.63491667	1.84053175e+01	
0.63650000	1.84183605e+01	
0.63808333	1.81539591e+01	
0.63966667	1.80341850e+01	
0.64125000	1.79582737e+01	
0.64283333	1.76422919e+01	
0.64441667	1.78165176e+01	
0.64600000	1.75871507e+01	
0.64758333	1.72965504e+01	
0.64916667	1.72254083e+01	
0.65075000	1.72601215e+01	
0.65233333	1.71333496e+01	
0.65391667	1.68595712e+01	
0.65550000	1.67994052e+01	
0.65708333	1.68461298e+01	
0.65866667	1.67744240e+01	
0.66025000	1.63251309e+01	
0.66183333	1.59972486e+01	
0.66341667	1.59048723e+01	
0.66500000	1.55346165e+01	
0.66658333	1.47376924e+01	
0.66816667	1.40532033e+01	
0.66975000	1.38070699e+01	
0.67133333	1.38033511e+01	
0.67291667	1.35015079e+01	
0.67450000	1.36316200e+01	
0.67608333	1.37648298e+01	
0.67766667	1.35803234e+01	
0.67925000	1.33347941e+01	
0.68083333	1.33702251e+01	
0.68241667	1.30239235e+01	
0.68400000	1.30973948e+01	
0.68558333	1.28897619e+01	
0.68716667	1.24239936e+01	
0.68875000	1.23900489e+01	
0.69033333	1.21745904e+01	
0.69191667	1.15005644e+01	
0.69350000	1.10268849e+01	
0.69508333	1.13364184e+01	
0.69666667	1.11936090e+01	
0.69825000	1.09043269e+01	
0.69983333	1.07640168e+01	
0.70141667	1.05210252e+01	
0.70300000	1.03685768e+01	
0.70458333	1.01280084e+01	
0.70616667	1.00639676e+01	
0.70775000	1.00056600e+01	
0.70933333	9.44518239e+00	
0.71091667	9.40308418e+00	
0.71250000	9.64736483e+00	
0.71408333	9.34601775e+00	
0.71566667	9.27915727e+00	
0.71725000	9.05434256e+00	
0.71883333	9.09557354e+00	
0.72041667	8.94514053e+00	
0.72200000	8.78531843e+00	
0.72358333	8.65832948e+00	
0.72516667	8.27826553e+00	
0.72675000	7.79538062e+00	
0.72833333	7.42465361e+00	
0.72991667	6.82739484e+00	
0.73150000	6.09270993e+00	
0.73308333	5.89298445e+00	
0.73466667	6.38525844e+00	
0.73625000	6.26212124e+00	
0.73783333	6.30250803e+00	
0.73941667	6.22881550e+00	
0.74100000	6.15590375e+00	
0.74258333	6.13510786e+00	
0.74416667	5.77797778e+00	
0.74575000	4.71590242e+00	
0.74733333	4.42694587e+00	
0.74891667	3.54193247e+00	
0.75050000	3.38324443e+00	
0.75208333	3.33167352e+00	
0.75366667	2.99345738e+00	
0.75525000	2.97517202e+00	
0.75683333	2.61026727e+00	
0.75841667	2.22949160e+00	
0.76000000	2.74074436e+00	
0.76158333	1.99356228e+00	
0.76316667	1.01971384e+00	
0.76475000	6.14765189e-01	
0.76633333	-1.15888423e-02	
0.76791667	7.31304284e-03	
0.76950000	-2.88485951e-03	
0.77108333	-2.94055507e-04	
0.77266667	4.09132245e-05	
0.77425000	3.76878238e-04	
0.77583333	5.09373195e-04	
0.77741667	1.39335987e-04	
0.77900000	4.80168879e-05	
0.78058333	2.27665035e-05	
0.78216667	1.16303510e-05	
0.78375000	5.56698176e-06	
0.78533333	2.48587426e-06	
0.78691667	1.35792362e-06	
0.78850000	1.15202243e-06	
0.79008333	1.77564871e-06	
0.79166667	2.55531783e-06	
0.79325000	3.16502749e-06	
0.79483333	3.54208882e-06	
0.79641667	3.90675591e-06	
0.79800000	4.09714563e-06	
0.79958333	3.91020521e-06	
0.80116667	3.62453998e-06	
0.80275000	3.47290175e-06	
0.80433333	3.04231030e-06	
0.80591667	2.89157999e-06	
0.80750000	2.54537469e-06	
0.80908333	2.27327013e-06	
0.81066667	1.97973139e-06	
0.81225000	1.41218333e-06	
0.81383333	9.63746460e-07	
0.81541667	7.96561654e-07	
0.81700000	7.34250570e-07	
0.81858333	5.86508101e-07	
0.82016667	3.03387089e-07	
0.82175000	3.36185409e-07	
0.82333333	4.12235757e-07	
0.82491667	5.15988337e-07	
0.82650000	4.35960970e-07	
0.82808333	3.75682105e-07	
0.82966667	4.56271653e-07	
0.83125000	3.83415520e-07	
0.83283333	2.05598805e-07	
0.83441667	4.49218557e-08	
0.83600000	1.70678683e-08	
0.83758333	1.07596375e-07	
0.83916667	6.16885880e-08	
0.84075000	-9.42528802e-08	
0.84233333	1.55914790e-07	
0.84391667	3.02869430e-07	
0.84550000	3.34413125e-07	
0.84708333	3.21710775e-07	
0.84866667	3.50963856e-07	
0.85025000	4.66296019e-07	
0.85183333	2.79967650e-07	
0.85341667	1.74755799e-07	
0.85500000	-6.85771841e-08	
0.85658333	1.16627298e-07	
0.85816667	2.20421382e-07	
0.85975000	1.95505108e-07	
0.86133333	4.92783752e-07	
0.86291667	5.02463338e-07	
0.86450000	6.25615832e-07	
0.86608333	6.02843026e-07	
0.86766667	3.08495918e-07	
0.86925000	4.42035450e-07	
0.87083333	4.17896351e-07	
0.87241667	1.71378417e-08	
0.87400000	1.41250658e-07	
0.87558333	1.48300758e-07	
0.87716667	1.72759268e-07	
0.87875000	-7.73659105e-08	
0.88033333	-3.69923724e-09	
0.88191667	-1.03033563e-07	
0.88350000	7.24120052e-08	
0.88508333	2.87321620e-07	
0.88666667	2.73960793e-07	
0.88825000	4.11027307e-07	
0.88983333	3.46642282e-07	
0.89141667	4.10336432e-07	
0.89300000	2.60608758e-07	
0.89458333	5.66070915e-08	
0.89616667	1.21640426e-07	
0.89775000	1.25468338e-07	
0.89933333	2.12299366e-07	
0.90091667	2.36927311e-07	
0.90250000	2.33039183e-07	
0.90408333	4.07527822e-07	
0.90566667	4.57869377e-07	
0.90725000	4.95896483e-07	
0.90883333	4.64956719e-07	
0.91041667	3.35356096e-07	
0.91200000	4.07190379e-07	
0.91358333	9.06749757e-10	
0.91516667	-5.72643510e-08	
0.91675000	7.28461717e-08	
0.91833333	3.61506651e-08	
0.91991667	5.32801887e-08	
0.92150000	6.45397949e-08	
0.92308333	2.90856835e-07	
0.92466667	5.25150068e-07	
0.92625000	3.98064433e-07	
0.92783333	4.76666620e-07	
0.92941667	3.31562345e-07	
0.93100000	4.29004058e-07	
0.93258333	3.32166893e-07	
0.93416667	6.17068238e-09	
0.93575000	1.78160780e-07	
0.93733333	7.64495553e-08	
0.93891667	8.95327399e-09	
0.94050000	1.54264914e-07	
0.94208333	1.84452439e-07	
0.94366667	4.96550369e-07	
0.94525000	3.25728172e-07	
0.94683333	4.29090974e-07	
0.94841667	4.31552480e-07	
0.95000000	3.95453372e-07	
0.95158333	3.54982736e-07	
0.95316667	-1.05168155e-07	
0.95475000	-1.33316124e-07	
0.95633333	-8.66305392e-08	
0.95791667	3.35493904e-08	
0.95950000	1.63217784e-07	
0.96108333	-1.46929803e-08	
0.96266667	1.93673574e-07	
0.96425000	2.69251794e-07	
0.96583333	2.74608322e-07	
0.96741667	3.12894076e-07	
0.96900000	3.12427687e-07	
0.97058333	3.41481371e-07	
0.97216667	2.42071114e-07	
0.97375000	1.93587050e-07	
0.97533333	8.56449580e-08	
0.97691667	3.47078689e-08	
0.97850000	-1.52974032e-08	
0.98008333	-1.51543010e-07	
0.98166667	2.24431330e-07	
0.98325000	5.05704035e-07	
0.98483333	4.42312943e-07	
0.98641667	6.02454201e-07	
0.98800000	5.07120171e-07	
0.98958333	5.28994304e-07	
0.99116667	5.18020556e-07	
0.99275000	1.93673070e-07	
0.99433333	1.59276929e-07	
0.99591667	3.64617871e-08	
0.99750000	1.30420878e-07	
0.99908333	1.62328170e-07	
1.00066667	1.83778882e-07	
1.00225000	4.18174264e-07	
1.00383333	6.39009393e-07	
1.00541667	6.18659816e-07	
1.00700000	5.75835926e-07	
1.00858333	4.31813200e-07	
1.01016667	6.12627449e-07	
1.01175000	5.52743346e-07	
1.01333333	3.04684471e-07	
1.01491667	1.10362052e-07	
1.01650000	1.58888495e-07	
1.01808333	2.68213535e-07	
1.01966667	1.71904515e-07	
1.02125000	1.75568396e-07	
1.02283333	5.94027894e-07	
1.02441667	5.79853938e-07	
1.02600000	6.69259150e-07	
1.02758333	5.70823757e-07	
1.02916667	6.76260528e-07	
1.03075000	6.75483101e-07	
1.03233333	6.06732793e-07	
1.03391667	3.57729800e-07	
1.03550000	2.85843938e-07	
1.03708333	2.97597633e-07	
1.03866667	2.47393873e-07	
1.04025000	2.35458813e-07	
1.04183333	3.73950955e-07	
1.04341667	4.72734068e-07	
1.04500000	6.66146306e-07	
1.04658333	6.39659974e-07	
1.04816667	4.40930493e-07	
1.04975000	5.07087577e-07	
1.05133333	5.41888603e-07	
1.05291667	5.12921023e-07	
1.05450000	2.09016954e-09	
1.05608333	1.50116486e-07	
1.05766667	3.70841164e-07	
1.05925000	3.26747557e-07	
1.06083333	2.35243764e-07	
1.06241667	1.04010534e-07	
1.06400000	5.74582310e-07	
1.06558333	6.42424538e-07	
1.06716667	4.94770945e-07	
1.06875000	5.32581769e-07	
1.07033333	5.04450699e-07	
1.07191667	5.23896620e-07	
1.07350000	2.13845791e-07	
1.07508333	5.43167322e-08	
1.07666667	1.25943855e-07	
1.07825000	7.39691341e-08	
1.07983333	1.68533416e-07	
1.08141667	2.58965252e-07	
1.08300000	3.48717511e-07	
1.08458333	6.45883701e-07	
1.08616667	6.08417964e-07	
1.08775000	5.70305510e-07	
1.08933333	5.70522408e-07	
1.09091667	4.91193280e-07	
1.09250000	4.97278849e-07	
1.09408333	1.20758023e-07	
1.09566667	5.74367477e-08	
1.09725000	2.54946904e-07	
1.09883333	1.61394790e-07	
1.10041667	1.83217037e-07	
1.10200000	1.51766740e-07	
1.10358333	5.41830864e-07	
1.10516667	5.24889096e-07	
1.10675000	3.88298127e-07	
1.10833333	5.89707861e-07	
1.10991667	5.54016059e-07	
1.11150000	5.33368269e-07	
1.11308333	4.96888680e-07	
1.11466667	2.78411481e-07	
1.11625000	4.10767763e-07	
1.11783333	3.81471029e-07	
1.11941667	4.40670501e-07	
1.12100000	3.34369723e-07	
1.12258333	6.94755862e-07	
1.12416667	7.12512915e-07	
1.12575000	5.98306598e-07	
1.12733333	5.69916965e-07	
1.12891667	5.47706200e-07	
1.13050000	5.03543346e-07	
1.13208333	6.28856417e-07	
1.13366667	1.77426223e-07	
1.13525000	3.17474381e-07	
1.13683333	3.11727067e-07	
1.13841667	1.38795998e-07	
1.14000000	1.16022870e-07	
1.14158333	-7.36271775e-09	
1.14316667	4.70356145e-07	
1.14475000	4.72733340e-07	
1.14633333	4.54800999e-07	
1.14791667	4.92091785e-07	
1.14950000	5.21129311e-07	
1.15108333	7.41466550e-07	
1.15266667	4.59555501e-07	
1.15425000	2.23497937e-07	
1.15583333	2.20075959e-07	
1.15741667	2.48940914e-07	
1.15900000	3.22357828e-07	
1.16058333	2.55509365e-07	
1.16216667	3.28053676e-07	
1.16375000	7.01860061e-07	
1.16533333	6.54180250e-07	
1.16691667	6.34042754e-07	
1.16850000	4.81160318e-07	
1.17008333	4.87857099e-07	
1.17166667	4.79370254e-07	
1.17325000	2.63330844e-07	
1.17483333	1.52303328e-07	
1.17641667	2.70632255e-07	
1.17800000	2.46736767e-07	
1.17958333	3.23395163e-07	
1.18116667	2.25823007e-07	
1.18275000	4.36304853e-07	
1.18433333	5.50513550e-07	
1.18591667	5.54186979e-07	
1.18750000	4.47541422e-07	
1.18908333	3.74038403e-07	
1.19066667	6.08763780e-07	
1.19225000	3.79915223e-07	
1.19383333	2.00975644e-07	
1.19541667	2.52312405e-07	
1.19700000	2.47601894e-07	
1.19858333	3.58309286e-07	
1.20016667	1.06715420e-07	
1.20175000	2.19298490e-07	
1.20333333	1.96602744e-07	
1.20491667	4.57610281e-07	
1.20650000	5.64127537e-07	
1.20808333	4.37929934e-07	
1.20966667	5.33531740e-07	
1.21125000	4.70011786e-07	
1.21283333	4.03076518e-07	
1.21441667	1.95963601e-07	
1.21600000	2.86147080e-07	
1.21758333	4.13361548e-07	
1.21916667	2.69120832e-07	
1.22075000	2.63978597e-07	
1.22233333	3.11867886e-07	
1.22391667	5.88453572e-07	
1.22550000	6.06515279e-07	
1.22708333	6.07035598e-07	
1.22866667	4.52813442e-07	
1.23025000	4.77011932e-07	
1.23183333	4.28250208e-07	
1.23341667	1.23412332e-07	
1.23500000	1.94580311e-07	
1.23658333	9.03804744e-08	
1.23816667	1.97857046e-07	
1.23975000	1.02419104e-07	
1.24133333	1.69993822e-07	
1.24291667	2.08953930e-07	
1.24450000	5.69095912e-07	
1.24608333	6.41128584e-07	
1.24766667	5.19617916e-07	
1.24925000	5.57341936e-07	
1.25083333	5.78386113e-07	
1.25241667	3.69890409e-07	
1.25400000	1.88661447e-07	
1.25558333	2.19687106e-07	
1.25716667	2.55856132e-07	
1.25875000	2.18650037e-07	
1.26033333	1.65171837e-07	
1.26191667	2.53141635e-07	
1.26350000	4.98143248e-07	
1.26508333	5.83959427e-07	
1.26666667	5.09506662e-07	
1.26825000	4.25762800e-07	
1.26983333	4.35920676e-07	
1.27141667	3.39952866e-07	
1.27300000	3.50876352e-07	
1.27458333	6.83086521e-08	
1.27616667	2.19211644e-07	
1.27775000	3.18986673e-07	
1.27933333	2.45804353e-07	
1.28091667	2.76813085e-07	
1.28250000	2.21847388e-07	
1.28408333	4.61004482e-07	
1.28566667	5.28173644e-07	
1.28725000	4.25243937e-07	
1.28883333	5.51508435e-07	
1.29041667	4.75802222e-07	
1.29200000	4.52968037e-07	
1.29358333	3.08487602e-07	
1.29516667	1.31492458e-07	
1.29675000	2.46261978e-07	
1.29833333	1.33635772e-07	
1.29991667	1.18442599e-07	
1.30150000	2.90467702e-07	
1.30308333	5.30358302e-07	
1.30466667	7.31181577e-07	
1.30625000	5.39926443e-07	
1.30783333	5.85471551e-07	
1.30941667	5.89188941e-07	
1.31100000	4.84143684e-07	
1.31258333	5.40015095e-07	
1.31416667	1.08260943e-07	
1.31575000	1.61567866e-07	
1.31733333	1.34214824e-07	
1.31891667	1.22600211e-07	
1.32050000	1.89266541e-07	
1.32208333	1.94046187e-07	
1.32366667	4.49831000e-07	
1.32525000	5.70263732e-07	
1.32683333	5.48396711e-07	
1.32841667	7.25388117e-07	
1.33000000	6.48561741e-07	
1.33158333	6.33351403e-07	
1.33316667	3.10163981e-07	
1.33475000	3.05073017e-07	
1.33633333	2.88133741e-07	
1.33791667	1.79024745e-07	
1.33950000	1.58111167e-07	
1.34108333	-5.94428102e-08	
1.34266667	2.74739004e-07	
1.34425000	5.91043745e-07	
1.34583333	4.55491986e-07	
1.34741667	5.99256681e-07	
1.34900000	6.65189728e-07	
1.35058333	4.69096341e-07	
1.35216667	6.05219829e-07	
1.35375000	2.02368412e-07	
1.35533333	1.73795776e-07	
1.35691667	7.18772652e-08	
1.35850000	1.61264584e-07	
1.36008333	4.42571339e-08	
1.36166667	-4.49424897e-10	
1.36325000	3.82568482e-07	
1.36483333	5.54707354e-07	
1.36641667	5.24977076e-07	
1.36800000	6.63511332e-07	
1.36958333	3.65741575e-07	
1.37116667	5.39321672e-07	
1.37275000	3.44162351e-07	
1.37433333	1.98962242e-07	
1.37591667	2.79707239e-07	
1.37750000	2.79275767e-07	
1.37908333	2.24181671e-07	
1.38066667	1.46789265e-07	
1.38225000	1.78748457e-07	
1.38383333	4.09247547e-07	
1.38541667	5.12487956e-07	
1.38700000	5.85472727e-07	
1.38858333	4.77962911e-07	
1.39016667	6.24017800e-07	
1.39175000	5.69829265e-07	
1.39333333	2.35719057e-07	
1.39491667	1.02411312e-07	
1.39650000	7.91196222e-08	
1.39808333	2.01710271e-07	
1.39966667	2.31950452e-07	
1.40125000	8.89294703e-08	
1.40283333	2.65793414e-07	
1.40441667	4.27576946e-07	
1.40600000	5.92645192e-07	
1.40758333	5.63045568e-07	
1.40916667	4.30913239e-07	
1.41075000	5.33532300e-07	
1.41233333	4.42312383e-07	
1.41391667	1.90604525e-07	
1.41550000	2.63977897e-07	
1.41708333	1.63944486e-07	
1.41866667	3.15745696e-07	
1.42025000	7.08244459e-08	
1.42183333	3.05487099e-07	
1.42341667	3.86225530e-07	
1.42500000	4.66598461e-07	
1.42658333	6.49390971e-07	
1.42816667	5.60280332e-07	
1.42975000	5.68403609e-07	
1.43133333	6.94708652e-07	
1.43291667	4.57437066e-07	
1.43450000	3.31993173e-07	
1.43608333	1.26350489e-07	
1.43766667	3.52389260e-07	
1.43925000	3.10370547e-07	
1.44083333	2.87010330e-07	
1.44241667	2.61213445e-07	
1.44400000	3.45907221e-07	
1.44558333	5.59330362e-07	
1.44716667	5.03544410e-07	
1.44875000	5.44725074e-07	
1.45033333	4.80642071e-07	
1.45191667	5.03932004e-07	
1.45350000	2.17007329e-07	
1.45508333	2.29625703e-07	
1.45666667	8.75465793e-08	
1.45825000	8.37436096e-08	
1.45983333	1.56426583e-07	
1.46141667	2.53166892e-07	
1.46300000	4.27924749e-07	
1.46458333	5.47922146e-07	
1.46616667	6.24492253e-07	
1.46775000	5.09289764e-07	
1.46933333	6.35295138e-07	
1.47091667	4.72474440e-07	
1.47250000	4.32891360e-07	
1.47408333	3.87676779e-07	
1.47566667	1.73908523e-07	
@ 
0.00000000	2.00414583e-07	
0.00158333	7.57499370e-08	
0.00316667	3.79133932e-08	
0.00475000	8.37707429e-08	
0.00633333	3.45165888e-07	
0.00791667	5.86379967e-07	
0.00950000	5.43341028e-07	
0.01108333	4.46115122e-07	
0.01266667	4.02687497e-07	
0.01425000	4.45249687e-07	
0.01583333	4.69302094e-07	
0.01741667	2.49347856e-07	
0.01900000	2.46046228e-07	
0.02058333	2.58404303e-07	
0.02216667	1.51325818e-07	
0.02375000	4.06965109e-07	
0.02533333	2.55034534e-08	
0.02691667	2.58274685e-07	
0.02850000	4.36332519e-07	
0.03008333	5.19877431e-07	
0.03166667	4.51301262e-07	
0.03325000	3.39987475e-07	
0.03483333	4.85093543e-07	
0.03641667	2.48309486e-07	
0.03800000	8.77533406e-08	
0.03958333	2.74436730e-07	
0.04116667	3.00492515e-07	
0.04275000	2.61774254e-07	
0.04433333	1.78532861e-07	
0.04591667	3.60902706e-07	
0.04750000	5.04148398e-07	
0.04908333	3.73390230e-07	
0.05066667	5.28736021e-07	
0.05225000	5.89491187e-07	
0.05383333	6.91037687e-07	
0.05541667	6.32494060e-07	
0.05700000	1.24370591e-07	
0.05858333	3.05150776e-07	
0.06016667	1.91166832e-07	
0.06175000	3.08184432e-07	
0.06333333	2.82525369e-07	
0.06491667	2.12816535e-07	
0.06650000	5.28519907e-07	
0.06808333	5.17846052e-07	
0.06966667	5.71601856e-07	
0.07125000	4.98824239e-07	
0.07283333	5.07907622e-07	
0.07441667	6.64464439e-07	
0.07600000	3.34492537e-07	
0.07758333	6.23544859e-08	
0.07916667	1.75135328e-07	
0.08075000	1.90778650e-07	
0.08233333	1.80883566e-07	
0.08391667	3.06711307e-08	
0.08550000	2.18287225e-07	
0.08708333	4.21960090e-07	
0.08866667	3.56494888e-07	
0.09025000	5.61359557e-07	
0.09183333	4.39762420e-07	
0.09341667	6.38580078e-07	
0.09500000	5.56798992e-07	
0.09658333	2.31716445e-07	
0.09816667	1.62423374e-07	
0.09975000	1.07026248e-07	
0.10133333	2.54688760e-07	
0.10291667	1.83181433e-07	
0.10450000	2.15210937e-07	
0.10608333	4.90191619e-07	
0.10766667	6.70340223e-07	
0.10925000	7.76036117e-07	
0.11083333	6.56684290e-07	
0.11241667	6.04139596e-07	
0.11400000	6.39185241e-07	
0.11558333	4.79991938e-07	
0.11716667	2.04026563e-07	
0.11875000	1.81488380e-07	
0.12033333	2.00890002e-07	
0.12191667	1.91512801e-07	
0.12350000	-8.74549767e-09	
0.12508333	1.43418963e-07	
0.12666667	2.62682475e-07	
0.12825000	4.09644017e-07	
0.12983333	5.18884339e-07	
0.13141667	4.83061435e-07	
0.13300000	7.09793825e-07	
0.13458333	6.02194013e-07	
0.13616667	3.75594601e-07	
0.13775000	2.16704706e-07	
0.13933333	2.63028346e-07	
0.14091667	2.89430031e-07	
0.14250000	1.38889746e-07	
0.14408333	2.00889526e-07	
0.14566667	2.61904124e-07	
0.14725000	3.29557091e-07	
0.14883333	5.04235145e-07	
0.15041667	4.85999439e-07	
0.15200000	5.32710799e-07	
0.15358333	6.07467434e-07	
0.15516667	5.30808058e-07	
0.15675000	1.63415669e-07	
0.15833333	1.37326268e-07	
0.15991667	1.86803270e-07	
0.16150000	3.16696534e-07	
0.16308333	9.15651166e-08	
0.16466667	1.83086999e-07	
0.16625000	3.47715318e-07	
0.16783333	5.01124374e-07	
0.16941667	5.81324228e-07	
0.17100000	4.72691338e-07	
0.17258333	6.21641110e-07	
0.17416667	5.32194288e-07	
0.17575000	4.06445910e-07	
0.17733333	1.10985059e-07	
0.17891667	7.82560564e-08	
0.18050000	2.47083367e-07	
0.18208333	1.70123272e-07	
0.18366667	2.73140272e-07	
0.18525000	3.46356501e-07	
0.18683333	6.01201312e-07	
0.18841667	6.20603327e-07	
0.19000000	5.13612262e-07	
0.19158333	5.34785524e-07	
0.19316667	6.01936009e-07	
0.19475000	5.00950486e-07	
0.19633333	1.81168395e-07	
0.19791667	1.62778206e-07	
0.19950000	2.94788743e-07	
0.20108333	3.03733745e-07	
0.20266667	1.69042941e-07	
0.20425000	1.77762994e-07	
0.20583333	1.88704555e-07	
0.20741667	5.38070464e-07	
0.20900000	5.96922888e-07	
0.21058333	4.71610490e-07	
0.21216667	5.75793028e-07	
0.21375000	5.33229494e-07	
0.21533333	5.27872966e-07	
0.21691667	5.05557253e-07	
0.21850000	1.46771722e-07	
0.22008333	2.37619922e-07	
0.22166667	6.68043616e-08	
0.22325000	8.08056758e-08	
0.22483333	2.92307356e-07	
0.22641667	5.06223459e-07	
0.22800000	5.87625295e-07	
0.22958333	5.65940506e-07	
0.23116667	6.70772226e-07	
0.23275000	5.20611176e-07	
0.23433333	5.58160861e-07	
0.23591667	2.33375982e-07	
0.23750000	8.27076402e-08	
0.23908333	1.24526026e-07	
0.24066667	5.26310776e-08	
0.24225000	1.22024365e-08	
0.24383333	7.99073255e-08	
0.24541667	8.11075574e-08	
0.24700000	3.83285706e-07	
0.24858333	5.35130556e-07	
0.25016667	4.13144286e-07	
0.25175000	4.76017047e-07	
0.25333333	5.72639919e-07	
0.25491667	7.60782601e-07	
0.25650000	3.37499732e-07	
0.25808333	1.68438450e-07	
0.25966667	2.38873258e-07	
0.26125000	1.83657301e-07	
0.26283333	3.81169679e-07	
0.26441667	2.70114568e-07	
0.26600000	4.21614750e-07	
0.26758333	7.36583467e-07	
0.26916667	5.69700459e-07	
0.27075000	6.62346200e-07	
0.27233333	4.41395958e-07	
0.27391667	5.99273874e-07	
0.27550000	5.00007460e-07	
0.27708333	1.45354522e-07	
0.27866667	1.40004462e-07	
0.28025000	7.34851883e-08	
0.28183333	1.93656480e-07	
0.28341667	1.84746270e-07	
0.28500000	1.67124435e-07	
0.28658333	5.13179363e-07	
0.28816667	4.27275064e-07	
0.28975000	4.87771471e-07	
0.29133333	4.69189949e-07	
0.29291667	4.26497497e-07	
0.29450000	6.17839603e-07	
0.29608333	5.77703554e-07	
0.29766667	2.77245564e-07	
0.29925000	2.57021713e-07	
0.30083333	2.02213523e-07	
0.30241667	2.98850578e-07	
0.30400000	8.02865045e-08	
0.30558333	1.43936553e-07	
0.30716667	5.74410774e-07	
0.30875000	6.54524049e-07	
0.31033333	6.21986365e-07	
0.31191667	4.58172239e-07	
0.31350000	7.03610756e-07	
0.31508333	7.29107636e-07	
0.31666667	3.45891120e-07	
0.31825000	2.89300861e-07	
0.31983333	1.44110566e-07	
0.32141667	2.23100921e-07	
0.32300000	1.65577324e-07	
0.32458333	1.64990347e-07	
0.32616667	4.89231904e-07	
0.32775000	7.25521179e-07	
0.32933333	6.80710544e-07	
0.33091667	4.34837755e-07	
0.33250000	4.58430158e-07	
0.33408333	5.64169483e-07	
0.33566667	5.19167431e-07	
0.33725000	3.50660826e-07	
0.33883333	9.08302306e-08	
0.34041667	1.29202585e-07	
0.34200000	2.40341840e-07	
0.34358333	2.50626170e-07	
0.34516667	3.10041028e-07	
0.34675000	4.02341345e-07	
0.34833333	5.12573976e-07	
0.34991667	5.36902419e-07	
0.35150000	4.12713011e-07	
0.35308333	5.88367216e-07	
0.35466667	6.33826024e-07	
0.35625000	5.76692821e-07	
0.35783333	3.39069650e-07	
0.35941667	2.90251980e-07	
0.36100000	4.86129533e-07	
0.36258333	3.91289081e-07	
0.36416667	4.75541586e-07	
0.36575000	5.25374582e-07	
0.36733333	7.69077805e-07	
0.36891667	8.90112396e-07	
0.37050000	9.30905858e-07	
0.37208333	1.03608356e-06	
0.37366667	1.00661224e-06	
0.37525000	8.63178435e-07	
0.37683333	1.04552928e-06	
0.37841667	5.89620721e-07	
0.38000000	6.79415262e-07	
0.38158333	6.37887718e-07	
0.38316667	5.88759570e-07	
0.38475000	5.67280198e-07	
0.38633333	5.81973914e-07	
0.38791667	8.56710761e-07	
0.38950000	8.90891951e-07	
0.39108333	8.03432379e-07	
0.39266667	9.42487122e-07	
0.39425000	9.72456867e-07	
0.39583333	8.53646360e-07	
0.39741667	4.67849893e-07	
0.39900000	6.25702412e-07	
0.40058333	6.59365690e-07	
0.40216667	5.73764001e-07	
0.40375000	5.25235584e-07	
0.40533333	3.86915117e-07	
0.40691667	8.20413013e-07	
0.40850000	9.07615533e-07	
0.41008333	8.72482357e-07	
0.41166667	1.02233102e-06	
0.41325000	1.02858012e-06	
0.41483333	9.32158747e-07	
0.41641667	6.34948651e-07	
0.41800000	5.19746553e-07	
0.41958333	6.37628707e-07	
0.42116667	5.01685407e-07	
0.42275000	4.23584751e-07	
0.42433333	5.69874067e-07	
0.42591667	7.69813958e-07	
0.42750000	1.02903173e-06	
0.42908333	9.94124239e-07	
0.43066667	8.78100137e-07	
0.43225000	9.47455777e-07	
0.43383333	1.00185875e-06	
0.43541667	1.03288604e-06	
0.43700000	7.95136726e-07	
0.43858333	7.29063898e-07	
0.44016667	7.02058254e-07	
0.44175000	5.57557490e-07	
0.44333333	6.56684290e-07	
0.44491667	5.09205032e-07	
0.44650000	7.13509648e-07	
0.44808333	9.30256005e-07	
0.44966667	8.64920170e-07	
0.45125000	9.14139938e-07	
0.45283333	9.03986851e-07	
0.45441667	1.03310244e-06	
0.45600000	9.82415794e-07	
0.45758333	6.52494294e-07	
0.45916667	5.65162967e-07	
0.46075000	4.93259101e-07	
0.46233333	6.62909137e-07	
0.46391667	6.23630263e-07	
0.46550000	5.75059171e-07	
0.46708333	9.67459539e-07	
0.46866667	8.95945898e-07	
0.47025000	9.08610418e-07	
0.47183333	1.02074235e-06	
0.47341667	1.09072510e-06	
0.47500000	1.23341066e-06	
0.47658333	9.03377431e-07	
0.47816667	6.16842478e-07	
0.47975000	6.34000136e-07	
0.48133333	6.13949668e-07	
0.48291667	6.04356830e-07	
0.48450000	3.55646870e-07	
0.48608333	3.73064632e-07	
0.48766667	7.28727939e-07	
0.48925000	9.85915167e-07	
0.49083333	9.82676205e-07	
0.49241667	9.24682299e-07	
0.49400000	1.10932790e-06	
0.49558333	1.03880304e-06	
0.49716667	8.24736351e-07	
0.49875000	6.57940650e-07	
0.50033333	5.24025929e-07	
0.50191667	6.00292952e-07	
0.50350000	5.57410371e-07	
0.50508333	4.66105218e-07	
0.50666667	7.71282512e-07	
0.50825000	9.18348863e-07	
0.50983333	1.00535834e-06	
0.51141667	1.00846872e-06	
0.51300000	8.65057600e-07	
0.51458333	9.17302176e-07	
0.51616667	5.83614451e-07	
0.51775000	4.59424903e-07	
0.51933333	4.54930897e-07	
0.52091667	5.59977807e-07	
0.52250000	7.17957927e-07	
0.52408333	6.12523396e-07	
0.52566667	7.96996178e-07	
0.52725000	8.93098282e-07	
0.52883333	9.80400935e-07	
0.53041667	9.58343674e-07	
0.53200000	9.12283623e-07	
0.53358333	1.06447482e-06	
0.53516667	9.75059752e-07	
0.53675000	8.75855836e-07	
0.53833333	9.30302823e-07	
0.53991667	6.42296404e-07	
0.54150000	6.84341579e-07	
0.54308333	5.55094500e-07	
0.54466667	4.56184765e-07	
0.54625000	6.33212405e-07	
0.54783333	7.17140011e-07	
0.54941667	9.96760501e-07	
0.55100000	8.60641914e-07	
0.55258333	9.83875555e-07	
0.55416667	9.84531569e-07	
0.55575000	9.17873682e-07	
0.55733333	8.32728917e-07	
0.55891667	4.48880778e-07	
0.56050000	5.43557478e-07	
0.56208333	5.70997757e-07	
0.56366667	3.72786775e-07	
0.56525000	4.92137707e-07	
0.56683333	6.16198057e-07	
0.56841667	9.13275203e-07	
0.57000000	9.38119598e-07	
0.57158333	8.96681771e-07	
0.57316667	9.68930165e-07	
0.57475000	9.69276932e-07	
0.57633333	9.76929564e-07	
0.57791667	7.29697006e-07	
0.57950000	6.96352886e-07	
0.58108333	7.90987108e-07	
0.58266667	6.31752531e-07	
0.58425000	5.54921956e-07	
0.58583333	6.39314383e-07	
0.58741667	7.56849488e-07	
0.58900000	8.93138660e-07	
0.59058333	8.52952657e-07	
0.59216667	8.67901239e-07	
0.59375000	1.19268585e-06	
0.59533333	1.11961758e-06	
0.59691667	1.01210015e-06	
0.59850000	8.99662113e-07	
0.60008333	9.45078022e-07	
0.60166667	9.63315241e-07	
0.60325000	1.03906928e-06	
0.60483333	1.14467277e-06	
0.60641667	1.35887331e-06	
0.60800000	1.71242434e-06	
0.60958333	1.76843761e-06	
0.61116667	1.82732078e-06	
0.61275000	1.99937125e-06	
0.61433333	2.02918699e-06	
0.61591667	2.30561696e-06	
0.61750000	2.21945888e-06	
0.61908333	1.99596786e-06	
0.62066667	2.18056402e-06	
0.62225000	2.23478162e-06	
0.62383333	2.74827852e-06	
0.62541667	3.57169578e-06	
0.62700000	5.14557764e-06	
0.62858333	7.53532359e-06	
0.63016667	1.03465467e-05	
0.63175000	1.42288532e-05	
0.63333333	2.02972121e-05	
0.63491667	3.06578364e-05	
0.63650000	4.30184172e-05	
0.63808333	5.72652271e-05	
0.63966667	7.70496084e-05	
0.64125000	9.04989856e-05	
0.64283333	9.58858287e-05	
0.64441667	1.07094704e-04	
0.64600000	1.41649864e-04	
0.64758333	2.17812192e-04	
0.64916667	2.75669078e-04	
0.65075000	2.45834752e-04	
0.65233333	1.95120138e-04	
0.65391667	2.00180285e-04	
0.65550000	2.34657762e-04	
0.65708333	2.65876892e-04	
0.65866667	2.87815541e-04	
0.66025000	3.39744526e-04	
0.66183333	7.40836936e-03	
0.66341667	7.63813047e-03	
0.66500000	6.52328648e-03	
0.66658333	9.37529488e-03	
0.66816667	1.41250326e-02	
0.66975000	1.34391382e-02	
0.67133333	1.65562823e-02	
0.67291667	1.41329831e-02	
0.67450000	1.78912298e-02	
0.67608333	2.10267569e-02	
0.67766667	2.52892222e-02	
0.67925000	4.07682312e-02	
0.68083333	5.63179610e-02	
0.68241667	6.59444559e-02	
0.68400000	7.27360445e-02	
0.68558333	7.18439777e-02	
0.68716667	7.86995229e-02	
0.68875000	8.16864921e-02	
0.69033333	8.91987427e-02	
0.69191667	8.64276536e-02	
0.69350000	1.00853680e-01	
0.69508333	1.32224777e-01	
0.69666667	1.47660192e-01	
0.69825000	1.85346297e-01	
0.69983333	2.03102264e-01	
0.70141667	2.30582317e-01	
0.70300000	1.85794999e-01	
0.70458333	2.20179556e-01	
0.70616667	2.32524503e-01	
0.70775000	2.79107229e-01	
0.70933333	6.70785241e-01	
0.71091667	9.74073176e-01	
0.71250000	1.67502337e+00	
0.71408333	5.23211844e+00	
0.71566667	1.23640248e+01	
0.71725000	1.76347961e+01	
0.71883333	2.07122495e+01	
0.72041667	2.19425307e+01	
0.72200000	2.48972693e+01	
0.72358333	2.59827070e+01	
0.72516667	2.69182895e+01	
0.72675000	2.81136996e+01	
0.72833333	2.83896108e+01	
0.72991667	2.93952849e+01	
0.73150000	2.97372720e+01	
0.73308333	3.06748764e+01	
0.73466667	3.13451611e+01	
