start voltage : 0.00 V 
set voltage : 0.10 V 
High G : 30.00 G0 
Intermediate G : 20.00 G0 
Low G : 10.00 G0 
Breaking speed 1 : 300.00 V/s 
Breaking speed 2 : 300.00 V/s 
Making speed : 500.00 V/s 
Post breaking : 230.00 V/s 
@ 
0.00000000	4.19088943e+01	
0.00158333	4.26900873e+01	
0.00316667	4.25835029e+01	
0.00475000	4.24010353e+01	
0.00633333	4.25015915e+01	
0.00791667	4.25940523e+01	
0.00950000	4.25504978e+01	
0.01108333	4.26375918e+01	
0.01266667	4.25148018e+01	
0.01425000	4.25621672e+01	
0.01583333	4.25896326e+01	
0.01741667	4.24613104e+01	
0.01900000	4.25758886e+01	
0.02058333	4.25261442e+01	
0.02216667	4.25898769e+01	
0.02375000	4.24499604e+01	
0.02533333	4.24186203e+01	
0.02691667	4.27149369e+01	
0.02850000	4.25572364e+01	
0.03008333	4.24709804e+01	
0.03166667	4.20266821e+01	
0.03325000	4.23941615e+01	
0.03483333	4.25407150e+01	
0.03641667	4.24756294e+01	
0.03800000	4.25411660e+01	
0.03958333	4.24082738e+01	
0.04116667	4.22114609e+01	
0.04275000	4.24075334e+01	
0.04433333	4.23171058e+01	
0.04591667	4.25815937e+01	
0.04750000	4.22644713e+01	
0.04908333	4.24543839e+01	
0.05066667	4.23473861e+01	
0.05225000	4.21499908e+01	
0.05383333	4.24164029e+01	
0.05541667	4.22476981e+01	
0.05700000	4.22319548e+01	
0.05858333	4.22373178e+01	
0.06016667	4.20211913e+01	
0.06175000	4.22398847e+01	
0.06333333	4.21057222e+01	
0.06491667	4.22407153e+01	
0.06650000	4.22202102e+01	
0.06808333	4.21732770e+01	
0.06966667	4.22223261e+01	
0.07125000	4.22751222e+01	
0.07283333	4.21317256e+01	
0.07441667	4.21494533e+01	
0.07600000	4.20980027e+01	
0.07758333	4.22346870e+01	
0.07916667	4.19951765e+01	
0.08075000	4.20736566e+01	
0.08233333	4.20614160e+01	
0.08391667	4.21425268e+01	
0.08550000	4.21987167e+01	
0.08708333	4.19828757e+01	
0.08866667	4.21933386e+01	
0.09025000	4.21362581e+01	
0.09183333	4.20886408e+01	
0.09341667	4.21658732e+01	
0.09500000	4.19963378e+01	
0.09658333	4.21487580e+01	
0.09816667	4.22156289e+01	
0.09975000	4.19603863e+01	
0.10133333	4.20611980e+01	
0.10291667	4.19466987e+01	
0.10450000	4.21606454e+01	
0.10608333	4.19441506e+01	
0.10766667	4.18658509e+01	
0.10925000	4.18858148e+01	
0.11083333	4.15765434e+01	
0.11241667	4.19238635e+01	
0.11400000	4.18391747e+01	
0.11558333	4.17614500e+01	
0.11716667	4.17577895e+01	
0.11875000	4.16793620e+01	
0.12033333	4.15873710e+01	
0.12191667	4.15905354e+01	
0.12350000	4.18141071e+01	
0.12508333	4.17603940e+01	
0.12666667	4.16977437e+01	
0.12825000	4.18202180e+01	
0.12983333	4.17433953e+01	
0.13141667	4.17063313e+01	
0.13300000	4.16252843e+01	
0.13458333	4.14759610e+01	
0.13616667	4.14622734e+01	
0.13775000	4.12037461e+01	
0.13933333	4.12415843e+01	
0.14091667	4.14045051e+01	
0.14250000	4.12301253e+01	
0.14408333	4.13369014e+01	
0.14566667	4.11825119e+01	
0.14725000	4.12032161e+01	
0.14883333	4.13973230e+01	
0.15041667	4.14324365e+01	
0.15200000	4.15314254e+01	
0.15358333	4.11475187e+01	
0.15516667	4.11957560e+01	
0.15675000	4.11794113e+01	
0.15833333	4.09620708e+01	
0.15991667	4.10845752e+01	
0.16150000	4.08035660e+01	
0.16308333	4.08504241e+01	
0.16466667	4.09697076e+01	
0.16625000	4.09294829e+01	
0.16783333	4.09910959e+01	
0.16941667	4.06053814e+01	
0.17100000	4.08152730e+01	
0.17258333	4.06595530e+01	
0.17416667	4.06385368e+01	
0.17575000	4.07344139e+01	
0.17733333	4.04468954e+01	
0.17891667	4.06222861e+01	
0.18050000	4.05840533e+01	
0.18208333	4.01765032e+01	
0.18366667	4.03783709e+01	
0.18525000	4.01641536e+01	
0.18683333	4.02722977e+01	
0.18841667	4.01485342e+01	
0.19000000	4.02051901e+01	
0.19158333	4.02527284e+01	
0.19316667	3.99923671e+01	
0.19475000	4.01571519e+01	
0.19633333	4.00731622e+01	
0.19791667	3.99550249e+01	
0.19950000	4.00961515e+01	
0.20108333	3.96352530e+01	
0.20266667	4.02502442e+01	
0.20425000	3.99914576e+01	
0.20583333	4.00258945e+01	
0.20741667	4.00405067e+01	
0.20900000	3.98849634e+01	
0.21058333	4.00471889e+01	
0.21216667	3.98911870e+01	
0.21375000	3.98201483e+01	
0.21533333	3.99201294e+01	
0.21691667	3.98421981e+01	
0.21850000	3.99250077e+01	
0.22008333	3.97683068e+01	
0.22166667	3.99367259e+01	
0.22325000	3.99252369e+01	
0.22483333	3.93750307e+01	
0.22641667	3.94913076e+01	
0.22800000	3.93444685e+01	
0.22958333	3.94190512e+01	
0.23116667	3.95529282e+01	
0.23275000	3.95035107e+01	
0.23433333	3.94906725e+01	
0.23591667	3.92859786e+01	
0.23750000	3.93598398e+01	
0.23908333	3.94363317e+01	
0.24066667	3.93794955e+01	
0.24225000	3.94208026e+01	
0.24383333	3.92783418e+01	
0.24541667	3.94117452e+01	
0.24700000	3.94150337e+01	
0.24858333	3.92069573e+01	
0.25016667	3.95277064e+01	
0.25175000	3.92531990e+01	
0.25333333	3.89722198e+01	
0.25491667	3.86088445e+01	
0.25650000	3.84154592e+01	
0.25808333	3.88446343e+01	
0.25966667	3.84512830e+01	
0.26125000	3.88315931e+01	
0.26283333	3.85538122e+01	
0.26441667	3.85329989e+01	
0.26600000	3.85634183e+01	
0.26758333	3.83869565e+01	
0.26916667	3.81983029e+01	
0.27075000	3.77220555e+01	
0.27233333	3.78850064e+01	
0.27391667	3.80199619e+01	
0.27550000	3.78579694e+01	
0.27708333	3.79510917e+01	
0.27866667	3.79209918e+01	
0.28025000	3.80402603e+01	
0.28183333	3.79713939e+01	
0.28341667	3.78272606e+01	
0.28500000	3.80334541e+01	
0.28658333	3.77514903e+01	
0.28816667	3.75442558e+01	
0.28975000	3.75470369e+01	
0.29133333	3.74985139e+01	
0.29291667	3.77584468e+01	
0.29450000	3.74291476e+01	
0.29608333	3.75465972e+01	
0.29766667	3.74979615e+01	
0.29925000	3.75069851e+01	
0.30083333	3.76177336e+01	
0.30241667	3.74215935e+01	
0.30400000	3.73220972e+01	
0.30558333	3.67189069e+01	
0.30716667	3.64272318e+01	
0.30875000	3.62942606e+01	
0.31033333	3.61498154e+01	
0.31191667	3.63796521e+01	
0.31350000	3.63936366e+01	
0.31508333	3.62336022e+01	
0.31666667	3.63144462e+01	
0.31825000	3.60283934e+01	
0.31983333	3.60715984e+01	
0.32141667	3.60852559e+01	
0.32300000	3.61139954e+01	
0.32458333	3.62729211e+01	
0.32616667	3.62340043e+01	
0.32775000	3.62118644e+01	
0.32933333	3.62404122e+01	
0.33091667	3.63448731e+01	
0.33250000	3.64332299e+01	
0.33408333	3.61030776e+01	
0.33566667	3.60467976e+01	
0.33725000	3.57229817e+01	
0.33883333	3.54386765e+01	
0.34041667	3.50738918e+01	
0.34200000	3.47952803e+01	
0.34358333	3.49239295e+01	
0.34516667	3.49501096e+01	
0.34675000	3.48630982e+01	
0.34833333	3.51542924e+01	
0.34991667	3.45104828e+01	
0.35150000	3.46521017e+01	
0.35308333	3.44275942e+01	
0.35466667	3.42746629e+01	
0.35625000	3.41192850e+01	
0.35783333	3.41072059e+01	
0.35941667	3.40932327e+01	
0.36100000	3.39941498e+01	
0.36258333	3.37163463e+01	
0.36416667	3.37976902e+01	
0.36575000	3.36533390e+01	
0.36733333	3.35074582e+01	
0.36891667	3.36227016e+01	
0.37050000	3.34999793e+01	
0.37208333	3.35427671e+01	
0.37366667	3.32611566e+01	
0.37525000	3.31800682e+01	
0.37683333	3.29005623e+01	
0.37841667	3.26239051e+01	
0.38000000	3.26648740e+01	
0.38158333	3.21762394e+01	
0.38316667	3.26423094e+01	
0.38475000	3.24242097e+01	
0.38633333	3.24175689e+01	
0.38791667	3.23760588e+01	
0.38950000	3.22480636e+01	
0.39108333	3.23953350e+01	
0.39266667	3.23632807e+01	
0.39425000	3.22003863e+01	
0.39583333	3.22354020e+01	
0.39741667	3.21523707e+01	
0.39900000	3.21926931e+01	
0.40058333	3.16218352e+01	
0.40216667	3.15325538e+01	
0.40375000	3.16569411e+01	
0.40533333	3.13485360e+01	
0.40691667	3.13674457e+01	
0.40850000	3.14836832e+01	
0.41008333	3.14554605e+01	
0.41166667	3.06223471e+01	
0.41325000	3.04354373e+01	
0.41483333	3.05853564e+01	
0.41641667	3.02841691e+01	
0.41800000	3.03907986e+01	
0.41958333	3.01515136e+01	
0.42116667	3.01004087e+01	
0.42275000	3.02905186e+01	
0.42433333	3.02292307e+01	
0.42591667	3.02184107e+01	
0.42750000	3.01458705e+01	
0.42908333	2.99636605e+01	
0.43066667	3.01415297e+01	
0.43225000	2.97817698e+01	
0.43383333	3.00100544e+01	
0.43541667	3.00022691e+01	
0.43700000	2.98568844e+01	
0.43858333	2.98781411e+01	
0.44016667	2.97998452e+01	
0.44175000	2.97705740e+01	
0.44333333	2.98290056e+01	
0.44491667	2.95892771e+01	
0.44650000	2.92234551e+01	
0.44808333	2.87865813e+01	
0.44966667	2.86573608e+01	
0.45125000	2.86363427e+01	
0.45283333	2.83449682e+01	
0.45441667	2.83486701e+01	
0.45600000	2.82746454e+01	
0.45758333	2.83416027e+01	
0.45916667	2.79433919e+01	
0.46075000	2.76997681e+01	
0.46233333	2.78804279e+01	
0.46391667	2.72691742e+01	
0.46550000	2.72752589e+01	
0.46708333	2.71023411e+01	
0.46866667	2.71182667e+01	
0.47025000	2.72677179e+01	
0.47183333	2.71233968e+01	
0.47341667	2.71116973e+01	
0.47500000	2.73699803e+01	
0.47658333	2.71643243e+01	
0.47816667	2.72828073e+01	
0.47975000	2.63389867e+01	
0.48133333	2.60206279e+01	
0.48291667	2.59637634e+01	
0.48450000	2.59357738e+01	
0.48608333	2.59285165e+01	
0.48766667	2.59232493e+01	
0.48925000	2.59203780e+01	
0.49083333	2.58830453e+01	
0.49241667	2.59998127e+01	
0.49400000	2.57783325e+01	
0.49558333	2.56438261e+01	
0.49716667	2.56780188e+01	
0.49875000	2.55296650e+01	
0.50033333	2.47941669e+01	
0.50191667	2.46823266e+01	
0.50350000	2.42961179e+01	
0.50508333	2.42031534e+01	
0.50666667	2.39405259e+01	
0.50825000	2.39210919e+01	
0.50983333	2.39755999e+01	
0.51141667	2.36568915e+01	
0.51300000	2.37129592e+01	
0.51458333	2.36823500e+01	
0.51616667	2.38886336e+01	
0.51775000	2.39738335e+01	
0.51933333	2.40030860e+01	
0.52091667	2.39226704e+01	
0.52250000	2.36018743e+01	
0.52408333	2.35170220e+01	
0.52566667	2.30520908e+01	
0.52725000	2.25316219e+01	
0.52883333	2.21390542e+01	
0.53041667	2.19609594e+01	
0.53200000	2.16438013e+01	
0.53358333	2.14914506e+01	
0.53516667	2.13958234e+01	
0.53675000	2.13980821e+01	
0.53833333	2.11998825e+01	
0.53991667	2.11869691e+01	
0.54150000	2.08952131e+01	
0.54308333	2.09660508e+01	
0.54466667	2.09671914e+01	
0.54625000	2.06748924e+01	
0.54783333	2.06841659e+01	
0.54941667	2.03078828e+01	
0.55100000	2.01447966e+01	
0.55258333	2.00774579e+01	
0.55416667	1.98472021e+01	
0.55575000	1.99412997e+01	
0.55733333	1.95897366e+01	
0.55891667	1.94036968e+01	
0.56050000	1.95517180e+01	
0.56208333	1.92116100e+01	
0.56366667	1.90397972e+01	
0.56525000	1.88460436e+01	
0.56683333	1.86417198e+01	
0.56841667	1.86387377e+01	
0.57000000	1.85128001e+01	
0.57158333	1.86040714e+01	
0.57316667	1.83580310e+01	
0.57475000	1.80996446e+01	
0.57633333	1.78536380e+01	
0.57791667	1.77250846e+01	
0.57950000	1.77138907e+01	
0.58108333	1.76027362e+01	
0.58266667	1.70785165e+01	
0.58425000	1.69115650e+01	
0.58583333	1.69772200e+01	
0.58741667	1.62917914e+01	
0.58900000	1.56870264e+01	
0.59058333	1.51515666e+01	
0.59216667	1.52496611e+01	
0.59375000	1.49515114e+01	
0.59533333	1.50265799e+01	
0.59691667	1.50338878e+01	
0.59850000	1.50733186e+01	
0.60008333	1.48514184e+01	
0.60166667	1.46035834e+01	
0.60325000	1.45272737e+01	
0.60483333	1.42993932e+01	
0.60641667	1.44302926e+01	
0.60800000	1.41672648e+01	
0.60958333	1.39810447e+01	
0.61116667	1.37966210e+01	
0.61275000	1.39924482e+01	
0.61433333	1.39742835e+01	
0.61591667	1.31835784e+01	
0.61750000	1.30481869e+01	
0.61908333	1.30453137e+01	
0.62066667	1.29726993e+01	
0.62225000	1.28629777e+01	
0.62383333	1.27227437e+01	
0.62541667	1.23944865e+01	
0.62700000	1.24688814e+01	
0.62858333	1.22967152e+01	
0.63016667	1.23558393e+01	
0.63175000	1.23704120e+01	
0.63333333	1.21199105e+01	
0.63491667	1.21771789e+01	
0.63650000	1.20970095e+01	
0.63808333	1.21184297e+01	
0.63966667	1.21105082e+01	
0.64125000	1.18682016e+01	
0.64283333	1.17118700e+01	
0.64441667	1.11645905e+01	
0.64600000	1.07261410e+01	
0.64758333	1.00536521e+01	
0.64916667	9.50173018e+00	
0.65075000	9.09373669e+00	
0.65233333	8.93982916e+00	
0.65391667	8.87994873e+00	
0.65550000	8.80538193e+00	
0.65708333	8.76934205e+00	
0.65866667	8.42266841e+00	
0.66025000	8.10428511e+00	
0.66183333	7.94110876e+00	
0.66341667	7.45258175e+00	
0.66500000	6.94408755e+00	
0.66658333	6.74509588e+00	
0.66816667	6.54086941e+00	
0.66975000	6.47554606e+00	
0.67133333	6.48230718e+00	
0.67291667	6.43756363e+00	
0.67450000	6.38255578e+00	
0.67608333	6.24688429e+00	
0.67766667	6.04501895e+00	
0.67925000	5.46530986e+00	
0.68083333	5.43895879e+00	
0.68241667	5.41502804e+00	
0.68400000	5.34816286e+00	
0.68558333	5.29367037e+00	
0.68716667	4.28721733e+00	
0.68875000	3.75966122e+00	
0.69033333	3.60349403e+00	
0.69191667	3.32563681e+00	
0.69350000	2.43862777e+00	
0.69508333	1.61121977e+00	
0.69666667	1.53967075e-01	
0.69825000	3.52386341e-05	
0.69983333	-6.58034508e-05	
0.70141667	-1.89767581e-04	
0.70300000	-1.77456663e-04	
0.70458333	-7.69751152e-05	
0.70616667	-3.29890284e-05	
0.70775000	-1.06330932e-05	
0.70933333	5.97170072e-06	
0.71091667	1.97379844e-05	
0.71250000	3.10768858e-05	
0.71408333	3.98073783e-05	
0.71566667	4.55252689e-05	
0.71725000	4.67431237e-05	
0.71883333	4.42567447e-05	
0.72041667	4.05791664e-05	
0.72200000	3.63849133e-05	
0.72358333	3.20718632e-05	
0.72516667	2.81896794e-05	
0.72675000	2.48892389e-05	
0.72833333	2.26495524e-05	
0.72991667	2.10043688e-05	
0.73150000	1.97886519e-05	
0.73308333	1.92082813e-05	
0.73466667	1.93429149e-05	
0.73625000	2.03825742e-05	
0.73783333	2.03421521e-05	
0.73941667	1.93224261e-05	
0.74100000	1.82902666e-05	
0.74258333	1.71959488e-05	
0.74416667	1.62627857e-05	
0.74575000	1.53257767e-05	
0.74733333	1.48693750e-05	
0.74891667	1.47136854e-05	
0.75050000	1.45875462e-05	
0.75208333	1.41497777e-05	
0.75366667	1.29283503e-05	
0.75525000	1.15392954e-05	
0.75683333	9.99194505e-06	
0.75841667	8.21497277e-06	
0.76000000	6.91430187e-06	
0.76158333	5.33259691e-06	
0.76316667	4.64605673e-06	
0.76475000	3.65638278e-06	
0.76633333	2.71328255e-06	
0.76791667	2.14204168e-06	
0.76950000	1.61075749e-06	
0.77108333	1.19516923e-06	
0.77266667	5.92992632e-07	
0.77425000	2.69078158e-07	
0.77583333	1.74617025e-07	
0.77741667	-8.11773785e-08	
0.77900000	-1.15946084e-07	
0.78058333	-1.28847837e-07	
0.78216667	1.65033679e-07	
0.78375000	2.97467400e-07	
0.78533333	1.73666971e-07	
0.78691667	3.90397045e-07	
0.78850000	2.96128099e-07	
0.79008333	4.13880271e-07	
0.79166667	5.32436219e-07	
0.79325000	6.57586896e-08	
0.79483333	-8.98850482e-09	
0.79641667	2.65313935e-08	
0.79800000	5.28304955e-08	
0.79958333	9.04230433e-08	
0.80116667	1.41318659e-07	
0.80275000	3.54939502e-07	
0.80433333	3.80001719e-07	
0.80591667	3.14492556e-07	
0.80750000	4.32158735e-07	
0.80908333	4.27188344e-07	
0.81066667	4.50660649e-07	
0.81225000	1.57894647e-07	
0.81383333	-1.56945957e-08	
0.81541667	-1.98343855e-08	
0.81700000	-1.11051373e-08	
0.81858333	9.83934750e-08	
0.82016667	2.59568694e-10	
0.82175000	1.97038651e-09	
0.82333333	4.66512161e-07	
0.82491667	3.97459298e-07	
0.82650000	4.13577634e-07	
0.82808333	2.82300603e-07	
0.82966667	4.93778020e-07	
0.83125000	1.55259141e-07	
0.83283333	-1.18555066e-07	
0.83441667	4.66946397e-08	
0.83600000	4.01859717e-08	
0.83758333	-2.63658759e-09	
0.83916667	5.85252301e-08	
0.84075000	6.28125234e-08	
0.84233333	2.76390042e-07	
0.84391667	3.79871849e-07	
0.84550000	4.23386026e-07	
0.84708333	5.25366126e-07	
0.84866667	3.58829801e-07	
0.85025000	4.93036155e-07	
0.85183333	1.94537455e-07	
0.85341667	1.50842656e-07	
0.85500000	1.32053883e-07	
0.85658333	1.36894027e-07	
0.85816667	1.14639587e-07	
0.85975000	7.08736258e-09	
0.86133333	2.75732460e-07	
0.86291667	2.43763370e-07	
0.86450000	2.91547654e-07	
0.86608333	3.39643312e-07	
0.86766667	3.46166457e-07	
0.86925000	3.72051154e-07	
0.87083333	4.48751552e-07	
0.87241667	3.91261360e-07	
0.87400000	2.17872246e-07	
0.87558333	1.00916136e-07	
0.87716667	2.59052840e-07	
0.87875000	1.20775817e-07	
0.88033333	4.98663000e-08	
0.88191667	3.40766554e-07	
0.88350000	3.07147546e-07	
0.88508333	2.62855383e-07	
0.88666667	3.03214881e-07	
0.88825000	2.29150466e-07	
0.88983333	4.69752382e-07	
0.89141667	1.93587134e-07	
0.89300000	6.96130346e-08	
0.89458333	-1.10016937e-07	
0.89616667	2.82172879e-08	
0.89775000	1.13144705e-07	
0.89933333	6.16275033e-08	
0.90091667	1.70045988e-07	
0.90250000	1.29755050e-07	
0.90408333	4.77270551e-07	
0.90566667	4.31941502e-07	
0.90725000	3.47723243e-07	
0.90883333	3.98799494e-07	
0.91041667	4.38122023e-07	
0.91200000	1.26073389e-07	
0.91358333	9.96802167e-08	
0.91516667	1.60481116e-08	
0.91675000	2.49243524e-07	
0.91833333	2.51836384e-07	
0.91991667	2.66743469e-07	
0.92150000	3.98608386e-07	
0.92308333	4.67764125e-07	
0.92466667	7.00976453e-07	
0.92625000	6.49727938e-07	
0.92783333	6.69432534e-07	
0.92941667	7.81004996e-07	
0.93100000	4.69361849e-07	
0.93258333	4.60463553e-07	
0.93416667	2.42415081e-07	
0.93575000	2.55465907e-07	
0.93733333	2.64411580e-07	
0.93891667	1.48906132e-07	
0.94050000	1.72854962e-07	
0.94208333	1.99681454e-07	
0.94366667	5.72164009e-07	
0.94525000	7.36800533e-07	
0.94683333	5.89923526e-07	
0.94841667	6.32268706e-07	
0.95000000	6.13939700e-07	
0.95158333	5.66980361e-07	
0.95316667	2.29902104e-07	
0.95475000	1.95662014e-07	
0.95633333	3.28104750e-07	
0.95791667	3.18122582e-07	
0.95950000	3.51732799e-07	
0.96108333	4.00224758e-07	
0.96266667	3.19462331e-07	
0.96425000	5.78171959e-07	
0.96583333	4.99870646e-07	
0.96741667	6.54868464e-07	
0.96900000	7.01020079e-07	
0.97058333	6.15209557e-07	
0.97216667	4.06093766e-07	
0.97375000	1.27473536e-07	
0.97533333	1.86457300e-07	
0.97691667	2.78887642e-07	
0.97850000	3.89770979e-08	
0.98008333	-4.16304830e-08	
0.98166667	2.65042505e-07	
0.98325000	4.26117632e-07	
0.98483333	5.52328479e-07	
0.98641667	5.05964167e-07	
0.98800000	4.93215979e-07	
0.98958333	6.38019324e-07	
0.99116667	5.75428508e-07	
0.99275000	2.27119801e-07	
0.99433333	2.19254150e-07	
0.99591667	2.05989339e-07	
0.99750000	2.21285949e-07	
0.99908333	1.96309501e-07	
1.00066667	2.09513801e-07	
1.00225000	4.29997766e-07	
1.00383333	5.09162134e-07	
1.00541667	4.98185978e-07	
1.00700000	5.47619004e-07	
1.00858333	4.81114900e-07	
1.01016667	5.12815234e-07	
1.01175000	3.06369951e-07	
1.01333333	1.72171731e-07	
1.01491667	2.64929044e-07	
1.01650000	3.13153143e-07	
1.01808333	3.45735321e-07	
1.01966667	3.16800475e-07	
1.02125000	2.60469843e-07	
1.02283333	7.00647439e-07	
1.02441667	5.93810941e-07	
1.02600000	5.66201366e-07	
1.02758333	6.81962144e-07	
1.02916667	6.69690426e-07	
1.03075000	6.20085304e-07	
1.03233333	3.64142703e-07	
1.03391667	2.02921535e-07	
1.03550000	2.00025533e-07	
1.03708333	1.25529059e-07	
1.03866667	2.39348524e-07	
1.04025000	1.30671265e-07	
1.04183333	4.69708196e-07	
1.04341667	3.34360511e-07	
1.04500000	4.79215519e-07	
1.04658333	5.13222261e-07	
1.04816667	4.37647738e-07	
1.04975000	6.36333481e-07	
1.05133333	5.22729639e-07	
1.05291667	3.96590440e-08	
1.05450000	2.04951556e-07	
1.05608333	2.78670660e-07	
1.05766667	4.31077831e-07	
1.05925000	2.20248783e-07	
1.06083333	1.74445125e-07	
1.06241667	4.12065510e-07	
1.06400000	5.13697890e-07	
1.06558333	5.33273176e-07	
1.06716667	4.88202410e-07	
1.06875000	4.96153423e-07	
1.07033333	5.51439103e-07	
1.07191667	4.55749822e-07	
1.07350000	1.19824839e-07	
1.07508333	1.07406113e-07	
1.07666667	1.00837663e-07	
1.07825000	1.71203896e-07	
1.07983333	1.37680134e-07	
1.08141667	3.13111226e-07	
1.08300000	6.12952936e-07	
1.08458333	5.74324250e-07	
1.08616667	6.88834661e-07	
1.08775000	5.96621427e-07	
1.08933333	7.56279047e-07	
1.09091667	6.26306791e-07	
1.09250000	2.19903149e-07	
1.09408333	2.00198399e-07	
1.09566667	1.83182456e-07	
1.09725000	1.94157506e-07	
1.09883333	8.36565467e-08	
1.10041667	2.94007102e-08	
1.10200000	2.29755909e-07	
1.10358333	3.74166957e-07	
1.10516667	6.00338258e-07	
1.10675000	5.39883153e-07	
1.10833333	6.43936830e-07	
1.10991667	6.93632228e-07	
1.11150000	3.52613886e-07	
1.11308333	2.54644546e-07	
1.11466667	3.59952966e-08	
1.11625000	1.65975347e-07	
1.11783333	3.30092195e-07	
1.11941667	1.00716802e-07	
1.12100000	2.35702452e-07	
1.12258333	1.52061411e-07	
1.12416667	6.25632409e-07	
1.12575000	6.64073149e-07	
1.12733333	5.71040207e-07	
1.12891667	7.01149725e-07	
1.13050000	5.17414721e-07	
1.13208333	4.83726745e-07	
1.13366667	3.17043414e-07	
1.13525000	8.44352477e-08	
1.13683333	2.42113564e-07	
1.13841667	2.71367764e-07	
1.14000000	2.68991130e-07	
1.14158333	3.57679677e-07	
1.14316667	6.33480881e-07	
1.14475000	5.37898312e-07	
1.14633333	4.79561222e-07	
1.14791667	5.81970665e-07	
1.14950000	5.84090641e-07	
1.15108333	5.00138954e-07	
1.15266667	4.60893373e-07	
1.15425000	5.03233505e-08	
1.15583333	9.18675862e-08	
1.15741667	9.61451491e-08	
1.15900000	8.55412203e-08	
1.16058333	2.22668987e-07	
1.16216667	3.80217889e-07	
1.16375000	6.20862731e-07	
1.16533333	6.32530574e-07	
1.16691667	6.78550359e-07	
1.16850000	8.31737169e-07	
1.17008333	7.04994634e-07	
1.17166667	5.24734641e-07	
1.17325000	2.85117949e-07	
1.17483333	1.41733554e-07	
1.17641667	2.29928061e-07	
1.17800000	6.52926997e-08	
1.17958333	2.04433267e-07	
1.18116667	2.50350357e-07	
1.18275000	5.21172377e-07	
1.18433333	7.06206416e-07	
1.18591667	5.49951229e-07	
1.18750000	4.55016301e-07	
1.18908333	4.67937369e-07	
1.19066667	6.00570556e-07	
1.19225000	4.72690386e-07	
1.19383333	2.07242115e-07	
1.19541667	7.78235840e-08	
1.19700000	6.50328551e-08	
1.19858333	8.70449228e-08	
1.20016667	1.93933160e-07	
1.20175000	1.41776578e-07	
1.20333333	4.18761282e-07	
1.20491667	4.67504441e-07	
1.20650000	5.59977975e-07	
1.20808333	5.75491231e-07	
1.20966667	5.13309793e-07	
1.21125000	5.65595363e-07	
1.21283333	2.18952913e-07	
1.21441667	1.51629534e-07	
1.21600000	2.27292037e-07	
1.21758333	1.40739621e-07	
1.21916667	2.01149588e-07	
1.22075000	1.10370025e-07	
1.22233333	4.82412646e-07	
1.22391667	5.78905760e-07	
1.22550000	5.80546634e-07	
1.22708333	5.63347366e-07	
1.22866667	4.01521749e-07	
1.23025000	5.94677692e-07	
1.23183333	3.82507887e-07	
1.23341667	2.85835370e-07	
1.23500000	2.31829528e-07	
1.23658333	1.47351236e-07	
1.23816667	1.78722947e-07	
1.23975000	-1.11670945e-08	
1.24133333	-5.32283654e-08	
1.24291667	5.64558420e-07	
1.24450000	4.55492854e-07	
1.24608333	4.41317862e-07	
1.24766667	3.96120418e-07	
1.24925000	5.60151078e-07	
1.25083333	7.20723611e-07	
1.25241667	4.40248970e-07	
1.25400000	2.68949016e-07	
1.25558333	9.66634944e-08	
1.25716667	5.03586811e-08	
1.25875000	2.67003629e-07	
1.26033333	2.26895987e-07	
1.26191667	2.67790492e-07	
1.26350000	3.32062756e-07	
1.26508333	5.87849137e-07	
1.26666667	6.79069054e-07	
1.26825000	4.51429900e-07	
1.26983333	6.52882167e-07	
1.27141667	6.79111448e-07	
1.27300000	2.70806787e-07	
1.27458333	2.52181780e-07	
1.27616667	6.56383612e-08	
1.27775000	1.28942916e-07	
1.27933333	1.60270945e-07	
1.28091667	1.57272683e-07	
1.28250000	3.04123522e-07	
1.28408333	3.94521182e-07	
1.28566667	6.65847365e-07	
1.28725000	6.80149119e-07	
1.28883333	7.32823346e-07	
1.29041667	7.64282198e-07	
1.29200000	5.23159291e-07	
1.29358333	2.53790536e-07	
1.29516667	1.78161634e-07	
1.29675000	2.45398223e-07	
1.29833333	2.28537295e-07	
1.29991667	1.69172741e-07	
1.30150000	3.78057844e-07	
1.30308333	5.00907980e-07	
1.30466667	5.63046296e-07	
1.30625000	5.02765919e-07	
1.30783333	4.44412225e-07	
1.30941667	5.24891728e-07	
1.31100000	5.50686430e-07	
1.31258333	4.21994559e-07	
1.31416667	9.14259153e-08	
1.31575000	7.16877667e-08	
1.31733333	2.60607974e-07	
1.31891667	1.55518138e-07	
1.32050000	3.16525531e-07	
1.32208333	1.10086772e-07	
1.32366667	3.56408980e-07	
1.32525000	5.92213077e-07	
1.32683333	4.06663227e-07	
1.32841667	6.28686338e-07	
1.33000000	5.19707296e-07	
1.33158333	3.75612830e-07	
1.33316667	3.57574141e-07	
1.33475000	1.25744864e-07	
1.33633333	2.07155059e-07	
1.33791667	1.82412253e-07	
1.33950000	1.56943626e-07	
1.34108333	2.20109854e-07	
1.34266667	2.89137334e-07	
1.34425000	6.49553714e-07	
1.34583333	6.08893762e-07	
1.34741667	4.35355695e-07	
1.34900000	5.63217944e-07	
1.35058333	5.81557535e-07	
1.35216667	4.12323877e-07	
1.35375000	3.84022055e-07	
1.35533333	2.63616177e-07	
1.35691667	2.66709671e-07	
1.35850000	1.65837329e-07	
1.36008333	1.37369278e-07	
1.36166667	3.07709615e-07	
1.36325000	4.72002339e-07	
1.36483333	5.42088868e-07	
1.36641667	4.89499204e-07	
1.36800000	6.11446020e-07	
1.36958333	5.43427440e-07	
1.37116667	5.90251477e-07	
1.37275000	4.75785589e-07	
1.37433333	3.52429659e-08	
1.37591667	9.79602465e-08	
1.37750000	6.18789896e-08	
1.37908333	7.50602240e-08	
1.38066667	1.02928845e-07	
1.38225000	1.94883775e-07	
1.38383333	4.39504557e-07	
1.38541667	5.68663404e-07	
1.38700000	5.23766190e-07	
1.38858333	6.06169351e-07	
1.39016667	5.79509075e-07	
1.39175000	5.55008928e-07	
1.39333333	2.82118623e-07	
1.39491667	1.72768718e-07	
1.39650000	2.03137005e-07	
1.39808333	1.62164628e-07	
1.39966667	3.99662325e-07	
1.40125000	1.81937716e-07	
1.40283333	4.02644431e-07	
1.40441667	4.69753474e-07	
1.40600000	5.26359554e-07	
1.40758333	5.07000437e-07	
1.40916667	4.67072242e-07	
1.41075000	6.63641538e-07	
1.41233333	3.64504760e-07	
1.41391667	8.05372558e-08	
1.41550000	1.13386615e-07	
@ 
0.00000000	1.00665294e-07	
0.00158333	4.88718949e-08	
0.00316667	2.30341892e-07	
0.00475000	1.12522783e-07	
0.00633333	3.55543490e-07	
0.00791667	4.81030392e-07	
0.00950000	5.71992250e-07	
0.01108333	5.83138654e-07	
0.01266667	5.96188415e-07	
0.01425000	6.22980130e-07	
0.01583333	3.79136648e-07	
0.01741667	2.10007897e-07	
0.01900000	2.77460502e-07	
0.02058333	2.08711201e-07	
0.02216667	3.00879549e-07	
0.02375000	9.23682136e-08	
0.02533333	4.02177874e-07	
0.02691667	4.95764541e-07	
0.02850000	6.07035150e-07	
0.03008333	6.29763490e-07	
0.03166667	5.33877835e-07	
0.03325000	5.41699146e-07	
0.03483333	5.49045836e-07	
0.03641667	2.58396966e-07	
0.03800000	1.60737852e-07	
0.03958333	7.93789628e-08	
0.04116667	1.90130029e-07	
0.04275000	1.42061182e-07	
0.04433333	1.72171479e-07	
0.04591667	4.60161504e-07	
0.04750000	5.02202870e-07	
0.04908333	5.02939079e-07	
0.05066667	3.79397620e-07	
0.05225000	4.06274430e-07	
0.05383333	5.49305576e-07	
0.05541667	4.23687571e-07	
0.05700000	2.53841190e-07	
0.05858333	2.24526241e-07	
0.06016667	2.45172925e-07	
0.06175000	3.01607357e-07	
0.06333333	3.55631392e-08	
0.06491667	3.01788413e-07	
0.06650000	3.83544998e-07	
0.06808333	5.14345671e-07	
0.06966667	3.70883642e-07	
0.07125000	3.47549943e-07	
0.07283333	4.80164873e-07	
0.07441667	3.76520127e-07	
0.07600000	2.64731943e-07	
0.07758333	4.35132490e-08	
0.07916667	4.05328827e-08	
0.08075000	2.38829772e-07	
0.08233333	1.59493253e-07	
0.08391667	1.98080328e-07	
0.08550000	4.44119304e-07	
0.08708333	5.00085135e-07	
0.08866667	6.24449131e-07	
0.09025000	5.47965156e-07	
0.09183333	5.74366196e-07	
0.09341667	5.44940908e-07	
0.09500000	5.61127090e-07	
0.09658333	4.61324928e-07	
0.09816667	1.06256137e-07	
0.09975000	1.66796750e-07	
0.10133333	1.92186918e-07	
0.10291667	1.51161829e-07	
0.10450000	2.28071284e-07	
0.10608333	2.31700009e-07	
0.10766667	6.13561011e-07	
0.10925000	6.17578855e-07	
0.11083333	5.48786544e-07	
0.11241667	5.38501515e-07	
0.11400000	4.90233565e-07	
0.11558333	3.42535898e-07	
0.11716667	3.77797320e-07	
0.11875000	2.15193436e-07	
0.12033333	3.71185607e-07	
0.12191667	2.96733347e-07	
0.12350000	1.21381050e-07	
0.12508333	1.18952375e-07	
0.12666667	4.55408487e-07	
0.12825000	6.04528758e-07	
0.12983333	5.79898908e-07	
0.13141667	6.35874484e-07	
0.13300000	6.81100097e-07	
0.13458333	5.62268197e-07	
0.13616667	3.24518377e-07	
0.13775000	2.59172153e-07	
0.13933333	2.98894064e-07	
0.14091667	3.05202859e-07	
0.14250000	2.78869665e-07	
0.14408333	2.21545773e-07	
0.14566667	3.19055276e-07	
0.14725000	6.06636692e-07	
0.14883333	4.93821758e-07	
0.15041667	5.41354451e-07	
0.15200000	6.89569245e-07	
0.15358333	6.72258925e-07	
0.15516667	6.85121470e-07	
0.15675000	4.68818652e-07	
0.15833333	1.96482450e-07	
0.15991667	1.99550744e-07	
0.16150000	1.45796158e-07	
0.16308333	1.92800929e-07	
0.16466667	7.20335052e-08	
0.16625000	1.96740706e-07	
0.16783333	5.20698092e-07	
0.16941667	4.87598647e-07	
0.17100000	5.92386685e-07	
0.17258333	5.28607831e-07	
0.17416667	5.38502019e-07	
0.17575000	3.61143433e-07	
0.17733333	2.14294176e-07	
0.17891667	1.76000693e-07	
0.18050000	1.65076507e-07	
0.18208333	1.85247450e-07	
0.18366667	3.26935180e-08	
0.18525000	1.03932446e-07	
0.18683333	4.19193062e-07	
0.18841667	5.61144731e-07	
0.19000000	5.09636252e-07	
0.19158333	5.60780659e-07	
0.19316667	5.06653838e-07	
0.19475000	6.69519842e-07	
0.19633333	1.65076045e-07	
0.19791667	2.48577570e-07	
0.19950000	2.04131260e-07	
0.20108333	1.82957717e-07	
0.20266667	1.46539115e-07	
0.20425000	1.34171380e-07	
0.20583333	5.82706874e-07	
0.20741667	4.73167303e-07	
0.20900000	5.41655744e-07	
0.21058333	5.58594601e-07	
0.21216667	5.14821580e-07	
0.21375000	5.21086526e-07	
0.21533333	4.49831000e-07	
0.21691667	1.56960525e-07	
0.21850000	2.20551000e-07	
0.22008333	1.13473104e-07	
0.22166667	3.07760913e-07	
0.22325000	2.74046505e-07	
0.22483333	7.65356662e-08	
0.22641667	3.86916125e-07	
0.22800000	5.47274869e-07	
0.22958333	5.79509523e-07	
0.23116667	4.35866690e-07	
0.23275000	5.27741248e-07	
0.23433333	6.92593381e-07	
0.23591667	3.86914333e-07	
0.23750000	4.08781326e-07	
0.23908333	3.27326735e-07	
0.24066667	2.94831221e-07	
0.24225000	3.18596588e-07	
0.24383333	2.12721569e-07	
0.24541667	3.85697231e-07	
0.24700000	3.80908736e-07	
0.24858333	4.17985059e-07	
0.25016667	4.81938025e-07	
0.25175000	3.78040343e-07	
0.25333333	6.57461101e-07	
0.25491667	5.87331002e-07	
0.25650000	3.78921598e-07	
0.25808333	2.88955942e-07	
0.25966667	1.91712240e-07	
0.26125000	1.58844925e-07	
0.26283333	9.35096796e-09	
0.26441667	1.24811960e-07	
0.26600000	3.66215748e-07	
0.26758333	5.20085873e-07	
0.26916667	7.09619265e-07	
0.27075000	5.46365724e-07	
0.27233333	4.71265010e-07	
0.27391667	5.91953113e-07	
0.27550000	3.51362146e-07	
0.27708333	2.70373776e-07	
0.27866667	2.52233918e-07	
0.28025000	2.60910079e-07	
0.28183333	1.82050925e-07	
0.28341667	7.30706087e-08	
0.28500000	2.58793184e-07	
0.28658333	2.96871925e-07	
0.28816667	5.33722429e-07	
0.28975000	5.37334535e-07	
0.29133333	5.12228888e-07	
0.29291667	7.15452711e-07	
0.29450000	6.80753554e-07	
0.29608333	4.56745407e-07	
0.29766667	1.97450188e-07	
0.29925000	1.34862283e-07	
0.30083333	3.03862859e-07	
0.30241667	1.19133810e-07	
0.30400000	1.23791455e-07	
0.30558333	1.79689397e-07	
0.30716667	5.16293158e-07	
0.30875000	4.94901879e-07	
0.31033333	4.68023669e-07	
0.31191667	6.44283541e-07	
0.31350000	6.19351279e-07	
0.31508333	6.22508252e-07	
0.31666667	3.99878271e-07	
0.31825000	2.36150696e-07	
0.31983333	2.64929632e-07	
0.32141667	2.92455539e-07	
0.32300000	2.15322984e-07	
0.32458333	1.23506444e-07	
0.32616667	3.85662789e-07	
0.32775000	5.19532904e-07	
0.32933333	3.65136916e-07	
0.33091667	4.54887579e-07	
0.33250000	5.23032501e-07	
0.33408333	5.84867059e-07	
0.33566667	4.71396112e-07	
0.33725000	1.09713487e-07	
0.33883333	1.67487499e-07	
0.34041667	3.17517783e-07	
0.34200000	2.22625263e-07	
0.34358333	2.58232095e-07	
0.34516667	3.99100732e-07	
0.34675000	5.25114058e-07	
0.34833333	5.91652436e-07	
0.34991667	6.98340191e-07	
0.35150000	6.62215994e-07	
0.35308333	6.94971304e-07	
0.35466667	8.34328125e-07	
0.35625000	7.09315003e-07	
0.35783333	4.99213904e-07	
0.35941667	4.41932826e-07	
0.36100000	4.16819003e-07	
0.36258333	4.29132668e-07	
0.36416667	3.31129642e-07	
0.36575000	5.28346915e-07	
0.36733333	6.60262962e-07	
0.36891667	7.78889557e-07	
0.37050000	9.12194467e-07	
0.37208333	9.75326884e-07	
0.37366667	9.49575360e-07	
0.37525000	1.15352890e-06	
0.37683333	4.78178184e-07	
0.37841667	5.56347724e-07	
0.38000000	5.91652492e-07	
0.38158333	5.89405895e-07	
0.38316667	5.95800150e-07	
0.38475000	3.83934047e-07	
0.38633333	5.92942062e-07	
0.38791667	8.12203100e-07	
0.38950000	8.48673561e-07	
0.39108333	1.01737010e-06	
0.39266667	1.06097578e-06	
0.39425000	1.15384856e-06	
0.39583333	9.22495345e-07	
0.39741667	6.40955928e-07	
0.39900000	5.96491333e-07	
0.40058333	6.11141702e-07	
0.40216667	6.55950937e-07	
0.40375000	5.24371857e-07	
0.40533333	5.25626929e-07	
0.40691667	6.81961080e-07	
0.40850000	9.30559259e-07	
0.41008333	9.06576295e-07	
0.41166667	8.90846869e-07	
0.41325000	9.23820477e-07	
0.41483333	9.93694140e-07	
0.41641667	6.35985929e-07	
0.41800000	5.73502637e-07	
0.41958333	5.39324024e-07	
0.42116667	6.31189762e-07	
0.42275000	6.95056764e-07	
0.42433333	5.79768311e-07	
0.42591667	7.33473592e-07	
0.42750000	7.03009793e-07	
0.42908333	9.78221766e-07	
0.43066667	9.86519098e-07	
0.43225000	9.20942787e-07	
0.43383333	1.30170404e-06	
0.43541667	1.07903435e-06	
0.43700000	8.50600103e-07	
0.43858333	7.27896637e-07	
0.44016667	6.52407882e-07	
0.44175000	7.01970890e-07	
0.44333333	5.52969932e-07	
0.44491667	6.72371770e-07	
0.44650000	7.39647253e-07	
0.44808333	8.13673446e-07	
0.44966667	9.25199426e-07	
0.45125000	9.01782424e-07	
0.45283333	8.93353429e-07	
0.45441667	9.38208922e-07	
0.45600000	7.42373399e-07	
0.45758333	7.36755507e-07	
0.45916667	5.89924030e-07	
0.46075000	6.48129178e-07	
0.46233333	6.36634662e-07	
0.46391667	5.77134176e-07	
0.46550000	7.83836651e-07	
0.46708333	1.13473165e-06	
0.46866667	1.01813050e-06	
0.47025000	9.38684271e-07	
0.47183333	9.38434892e-07	
0.47341667	1.01154281e-06	
0.47500000	8.53781886e-07	
0.47658333	7.92418980e-07	
0.47816667	5.11407499e-07	
0.47975000	5.88369233e-07	
0.48133333	5.94719077e-07	
0.48291667	4.59052290e-07	
0.48450000	5.91391184e-07	
0.48608333	7.64281526e-07	
0.48766667	1.07776567e-06	
0.48925000	1.01419834e-06	
0.49083333	8.56228580e-07	
0.49241667	9.72738111e-07	
0.49400000	1.06870626e-06	
0.49558333	8.26588522e-07	
0.49716667	7.62379905e-07	
0.49875000	4.37776011e-07	
0.50033333	5.90398652e-07	
0.50191667	5.72335825e-07	
0.50350000	5.79078808e-07	
0.50508333	7.35073583e-07	
0.50666667	8.52907295e-07	
0.50825000	1.10021260e-06	
0.50983333	9.57124499e-07	
0.51141667	9.92739409e-07	
0.51300000	1.10007987e-06	
0.51458333	1.06818924e-06	
0.51616667	1.00490752e-06	
0.51775000	6.20819833e-07	
0.51933333	5.42804860e-07	
0.52091667	5.95583252e-07	
0.52250000	5.39539018e-07	
0.52408333	5.93250692e-07	
0.52566667	6.60617738e-07	
0.52725000	8.71705154e-07	
0.52883333	9.80770664e-07	
0.53041667	9.08220249e-07	
0.53200000	8.80995411e-07	
0.53358333	9.95980274e-07	
0.53516667	8.82681367e-07	
0.53675000	7.30017284e-07	
0.53833333	4.54974355e-07	
0.53991667	5.62587916e-07	
0.54150000	4.02775309e-07	
0.54308333	4.75619709e-07	
0.54466667	5.70892472e-07	
0.54625000	3.42538026e-07	
0.54783333	1.17483337e-06	
0.54941667	1.05003726e-06	
0.55100000	1.06097108e-06	
0.55258333	1.12509642e-06	
0.55416667	9.91014196e-07	
0.55575000	9.50786919e-07	
0.55733333	6.87409789e-07	
0.55891667	6.99981681e-07	
0.56050000	5.88194393e-07	
0.56208333	5.57384498e-07	
0.56366667	5.34957340e-07	
0.56525000	4.51206562e-07	
0.56683333	6.77902466e-07	
0.56841667	9.68326458e-07	
0.57000000	1.09847809e-06	
0.57158333	1.18773321e-06	
0.57316667	1.07981301e-06	
0.57475000	1.16294493e-06	
0.57633333	1.02877680e-06	
0.57791667	5.72895402e-07	
0.57950000	6.72068292e-07	
0.58108333	5.48094185e-07	
0.58266667	7.53782455e-07	
0.58425000	7.23834327e-07	
0.58583333	9.21596337e-07	
0.58741667	1.20254476e-06	
0.58900000	1.22507558e-06	
0.59058333	1.45185921e-06	
0.59216667	1.72775738e-06	
0.59375000	2.03110563e-06	
0.59533333	2.15442675e-06	
0.59691667	2.00784891e-06	
0.59850000	2.09997797e-06	
0.60008333	2.44676300e-06	
0.60166667	2.91436024e-06	
0.60325000	3.55755963e-06	
0.60483333	3.89559752e-06	
0.60641667	4.77651346e-06	
0.60800000	5.95168453e-06	
0.60958333	7.50381120e-06	
0.61116667	9.98766646e-06	
0.61275000	1.37635700e-05	
0.61433333	1.95975946e-05	
0.61591667	2.59518297e-05	
0.61750000	3.41834428e-05	
0.61908333	4.55219141e-05	
0.62066667	5.95361621e-05	
0.62225000	7.98187024e-05	
0.62383333	1.20284681e-04	
0.62541667	2.01805989e-04	
0.62700000	3.19119773e-04	
0.62858333	3.97606874e-04	
0.63016667	4.35520586e-04	
0.63175000	6.02207318e-04	
0.63333333	1.30934051e-03	
0.63491667	3.16849956e-03	
0.63650000	4.81070814e-03	
0.63808333	1.04773960e-02	
0.63966667	1.76982150e-02	
0.64125000	1.58529344e-02	
0.64283333	1.64245761e-02	
0.64441667	2.13261849e-02	
0.64600000	3.06346165e-02	
0.64758333	4.22675661e-02	
0.64916667	5.36621522e-02	
0.65075000	8.44969110e-02	
0.65233333	9.15110960e-02	
0.65391667	1.03053917e-01	
0.65550000	1.26349303e-01	
0.65708333	1.47383666e-01	
0.65866667	1.40475388e-01	
0.66025000	1.38142547e-01	
0.66183333	1.51197130e-01	
0.66341667	1.76437653e-01	
0.66500000	2.06838127e-01	
0.66658333	1.86628321e-01	
0.66816667	1.86881945e-01	
0.66975000	2.30530068e-01	
0.67133333	2.57180336e-01	
0.67291667	3.01677313e-01	
0.67450000	2.85835228e-01	
0.67608333	5.19158509e-01	
0.67766667	3.15557555e+00	
0.67925000	1.39481655e+01	
0.68083333	2.21746186e+01	
0.68241667	2.50514127e+01	
0.68400000	2.62157194e+01	
0.68558333	2.75299039e+01	
0.68716667	2.82175536e+01	
0.68875000	2.89248892e+01	
0.69033333	2.93530852e+01	
0.69191667	2.99721278e+01	
0.69350000	3.11972583e+01	
0.69508333	3.14340272e+01	
0.69666667	3.16808099e+01	
0.69825000	3.16661000e+01	
0.69983333	3.20658028e+01	
0.70141667	3.33360926e+01	
