start voltage : 0.00 V 
set voltage : 0.10 V 
High G : 30.00 G0 
Intermediate G : 20.00 G0 
Low G : 10.00 G0 
Breaking speed 1 : 300.00 V/s 
Breaking speed 2 : 300.00 V/s 
Making speed : 500.00 V/s 
Post breaking : 230.00 V/s 
@ 
0.00000000	4.80966973e+01	
0.00158333	4.88790590e+01	
0.00316667	4.89916304e+01	
0.00475000	4.89484329e+01	
0.00633333	4.88113727e+01	
0.00791667	4.87266764e+01	
0.00950000	4.89225760e+01	
0.01108333	4.89772174e+01	
0.01266667	4.89903976e+01	
0.01425000	4.90926488e+01	
0.01583333	4.88401572e+01	
0.01741667	4.88575355e+01	
0.01900000	4.86733241e+01	
0.02058333	4.87345312e+01	
0.02216667	4.88829789e+01	
0.02375000	4.86373086e+01	
0.02533333	4.88595236e+01	
0.02691667	4.87251694e+01	
0.02850000	4.87764171e+01	
0.03008333	4.87494628e+01	
0.03166667	4.86226213e+01	
0.03325000	4.87856624e+01	
0.03483333	4.88582721e+01	
0.03641667	4.88360645e+01	
0.03800000	4.88503008e+01	
0.03958333	4.86816599e+01	
0.04116667	4.87808706e+01	
0.04275000	4.84888121e+01	
0.04433333	4.88427204e+01	
0.04591667	4.87921567e+01	
0.04750000	4.85510001e+01	
0.04908333	4.86435436e+01	
0.05066667	4.86740945e+01	
0.05225000	4.86754325e+01	
0.05383333	4.85000080e+01	
0.05541667	4.84765338e+01	
0.05700000	4.85971741e+01	
0.05858333	4.84152967e+01	
0.06016667	4.85134776e+01	
0.06175000	4.84629702e+01	
0.06333333	4.84875531e+01	
0.06491667	4.85735610e+01	
0.06650000	4.82983131e+01	
0.06808333	4.84028343e+01	
0.06966667	4.84183672e+01	
0.07125000	4.84183747e+01	
0.07283333	4.84655259e+01	
0.07441667	4.84153117e+01	
0.07600000	4.83539204e+01	
0.07758333	4.83984371e+01	
0.07916667	4.81632900e+01	
0.08075000	4.82977156e+01	
0.08233333	4.81888762e+01	
0.08391667	4.82523082e+01	
0.08550000	4.81925480e+01	
0.08708333	4.81634854e+01	
0.08866667	4.82355088e+01	
0.09025000	4.79321604e+01	
0.09183333	4.81700060e+01	
0.09341667	4.80430668e+01	
0.09500000	4.81060065e+01	
0.09658333	4.79790034e+01	
0.09816667	4.78726032e+01	
0.09975000	4.81210621e+01	
0.10133333	4.79362081e+01	
0.10291667	4.78249146e+01	
0.10450000	4.76457844e+01	
0.10608333	4.75273464e+01	
0.10766667	4.74258056e+01	
0.10925000	4.71727504e+01	
0.11083333	4.72374639e+01	
0.11241667	4.72079841e+01	
0.11400000	4.70396890e+01	
0.11558333	4.69254001e+01	
0.11716667	4.69079919e+01	
0.11875000	4.68751146e+01	
0.12033333	4.68209392e+01	
0.12191667	4.66957739e+01	
0.12350000	4.66855176e+01	
0.12508333	4.65422751e+01	
0.12666667	4.66688610e+01	
0.12825000	4.67333678e+01	
0.12983333	4.65889152e+01	
0.13141667	4.67121862e+01	
0.13300000	4.65863633e+01	
0.13458333	4.65730666e+01	
0.13616667	4.64450488e+01	
0.13775000	4.63819099e+01	
0.13933333	4.64994572e+01	
0.14091667	4.63518851e+01	
0.14250000	4.63912041e+01	
0.14408333	4.62755623e+01	
0.14566667	4.62249385e+01	
0.14725000	4.62209284e+01	
0.14883333	4.59439668e+01	
0.15041667	4.58237249e+01	
0.15200000	4.57294450e+01	
0.15358333	4.56062604e+01	
0.15516667	4.55990859e+01	
0.15675000	4.55471316e+01	
0.15833333	4.52965568e+01	
0.15991667	4.49170735e+01	
0.16150000	4.47665324e+01	
0.16308333	4.47515370e+01	
0.16466667	4.45823662e+01	
0.16625000	4.47487145e+01	
0.16783333	4.47847488e+01	
0.16941667	4.46184831e+01	
0.17100000	4.45865792e+01	
0.17258333	4.45212793e+01	
0.17416667	4.46106171e+01	
0.17575000	4.44529052e+01	
0.17733333	4.43171868e+01	
0.17891667	4.44661155e+01	
0.18050000	4.43011427e+01	
0.18208333	4.44158863e+01	
0.18366667	4.42391238e+01	
0.18525000	4.42853355e+01	
0.18683333	4.45036644e+01	
0.18841667	4.43031121e+01	
0.19000000	4.41959940e+01	
0.19158333	4.39772254e+01	
0.19316667	4.37907741e+01	
0.19475000	4.31524854e+01	
0.19633333	4.30733852e+01	
0.19791667	4.28491972e+01	
0.19950000	4.24300642e+01	
0.20108333	4.19772045e+01	
0.20266667	4.21562032e+01	
0.20425000	4.20607094e+01	
0.20583333	4.19399376e+01	
0.20741667	4.19626713e+01	
0.20900000	4.18839845e+01	
0.21058333	4.18738673e+01	
0.21216667	4.17454286e+01	
0.21375000	4.18256976e+01	
0.21533333	4.17703083e+01	
0.21691667	4.15796101e+01	
0.21850000	4.15832106e+01	
0.22008333	4.13677643e+01	
0.22166667	4.10339928e+01	
0.22325000	4.04616052e+01	
0.22483333	4.03054719e+01	
0.22641667	4.02156907e+01	
0.22800000	4.00074001e+01	
0.22958333	3.94274096e+01	
0.23116667	3.90308864e+01	
0.23275000	3.90429015e+01	
0.23433333	3.91337876e+01	
0.23591667	3.89263728e+01	
0.23750000	3.86348780e+01	
0.23908333	3.84904366e+01	
0.24066667	3.84940671e+01	
0.24225000	3.86284964e+01	
0.24383333	3.85900757e+01	
0.24541667	3.87047892e+01	
0.24700000	3.83867160e+01	
0.24858333	3.84551277e+01	
0.25016667	3.82749790e+01	
0.25175000	3.79990960e+01	
0.25333333	3.77645126e+01	
0.25491667	3.71226498e+01	
0.25650000	3.70567036e+01	
0.25808333	3.68154831e+01	
0.25966667	3.56745678e+01	
0.26125000	3.56360343e+01	
0.26283333	3.54677016e+01	
0.26441667	3.53499476e+01	
0.26600000	3.53010827e+01	
0.26758333	3.49739934e+01	
0.26916667	3.49700547e+01	
0.27075000	3.47123129e+01	
0.27233333	3.47375571e+01	
0.27391667	3.46019740e+01	
0.27550000	3.45438937e+01	
0.27708333	3.45744747e+01	
0.27866667	3.44846221e+01	
0.28025000	3.44009256e+01	
0.28183333	3.37899858e+01	
0.28341667	3.35125694e+01	
0.28500000	3.31315453e+01	
0.28658333	3.28735967e+01	
0.28816667	3.30757012e+01	
0.28975000	3.27267914e+01	
0.29133333	3.24366270e+01	
0.29291667	3.25908512e+01	
0.29450000	3.26345636e+01	
0.29608333	3.25398891e+01	
0.29766667	3.20571625e+01	
0.29925000	3.16883602e+01	
0.30083333	3.18962449e+01	
0.30241667	3.18460533e+01	
0.30400000	3.19292876e+01	
0.30558333	3.18005181e+01	
0.30716667	3.16892697e+01	
0.30875000	3.16846508e+01	
0.31033333	3.15037768e+01	
0.31191667	3.14494079e+01	
0.31350000	3.14990564e+01	
0.31508333	3.13822495e+01	
0.31666667	3.14822213e+01	
0.31825000	3.09924818e+01	
0.31983333	3.09429459e+01	
0.32141667	2.97610242e+01	
0.32300000	2.95368456e+01	
0.32458333	2.95775232e+01	
0.32616667	2.91342884e+01	
0.32775000	2.92499772e+01	
0.32933333	2.92540718e+01	
0.33091667	2.92588392e+01	
0.33250000	2.91986468e+01	
0.33408333	2.92577249e+01	
0.33566667	2.90176920e+01	
0.33725000	2.90049007e+01	
0.33883333	2.90661962e+01	
0.34041667	2.89521479e+01	
0.34200000	2.86643813e+01	
0.34358333	2.81194310e+01	
0.34516667	2.77897541e+01	
0.34675000	2.72293498e+01	
0.34833333	2.65092437e+01	
0.34991667	2.62687542e+01	
0.35150000	2.66283036e+01	
0.35308333	2.64248556e+01	
0.35466667	2.64095031e+01	
0.35625000	2.61526181e+01	
0.35783333	2.59583572e+01	
0.35941667	2.59485725e+01	
0.36100000	2.57508145e+01	
0.36258333	2.55625367e+01	
0.36416667	2.53226034e+01	
0.36575000	2.48713504e+01	
0.36733333	2.48074186e+01	
0.36891667	2.47379433e+01	
0.37050000	2.46576893e+01	
0.37208333	2.44630732e+01	
0.37366667	2.36007017e+01	
0.37525000	2.34305970e+01	
0.37683333	2.27452529e+01	
0.37841667	2.25004865e+01	
0.38000000	2.11983041e+01	
0.38158333	2.09964307e+01	
0.38316667	2.07671052e+01	
0.38475000	2.06980846e+01	
0.38633333	2.06510368e+01	
0.38791667	2.03313644e+01	
0.38950000	2.02170323e+01	
0.39108333	1.97800476e+01	
0.39266667	1.96307167e+01	
0.39425000	2.01184455e+01	
0.39583333	1.96683989e+01	
0.39741667	1.94537832e+01	
0.39900000	1.93501584e+01	
0.40058333	1.90558017e+01	
0.40216667	1.90093834e+01	
0.40375000	1.87573184e+01	
0.40533333	1.85882397e+01	
0.40691667	1.86607047e+01	
0.40850000	1.82073490e+01	
0.41008333	1.72879214e+01	
0.41166667	1.71818256e+01	
0.41325000	1.70488675e+01	
0.41483333	1.74165950e+01	
0.41641667	1.71909863e+01	
0.41800000	1.66793286e+01	
0.41958333	1.67500422e+01	
0.42116667	1.66961318e+01	
0.42275000	1.64962466e+01	
0.42433333	1.62040002e+01	
0.42591667	1.61162729e+01	
0.42750000	1.57680208e+01	
0.42908333	1.54429834e+01	
0.43066667	1.54378196e+01	
0.43225000	1.47005861e+01	
0.43383333	1.42756203e+01	
0.43541667	1.41703428e+01	
0.43700000	1.41601326e+01	
0.43858333	1.41229520e+01	
0.44016667	1.39398531e+01	
0.44175000	1.38231787e+01	
0.44333333	1.38253181e+01	
0.44491667	1.38161780e+01	
0.44650000	1.36156502e+01	
0.44808333	1.32836554e+01	
0.44966667	1.33362466e+01	
0.45125000	1.33670823e+01	
0.45283333	1.33427334e+01	
0.45441667	1.32332721e+01	
0.45600000	1.31689728e+01	
0.45758333	1.31005010e+01	
0.45916667	1.30040198e+01	
0.46075000	1.20474897e+01	
0.46233333	1.11670822e+01	
0.46391667	1.12213149e+01	
0.46550000	1.11071952e+01	
0.46708333	1.10501288e+01	
0.46866667	1.12196388e+01	
0.47025000	1.12110107e+01	
0.47183333	1.12014403e+01	
0.47341667	1.10429646e+01	
0.47500000	1.07937822e+01	
0.47658333	1.07116143e+01	
0.47816667	1.07458193e+01	
0.47975000	1.04405363e+01	
0.48133333	9.70859825e+00	
0.48291667	9.53760188e+00	
0.48450000	9.86013055e+00	
0.48608333	9.86315314e+00	
0.48766667	9.45810049e+00	
0.48925000	9.17765781e+00	
0.49083333	8.68639150e+00	
0.49241667	8.41811809e+00	
0.49400000	8.28056559e+00	
0.49558333	8.19061809e+00	
0.49716667	8.20058031e+00	
0.49875000	7.67583303e+00	
0.50033333	7.43439880e+00	
0.50191667	7.26259629e+00	
0.50350000	7.27531567e+00	
0.50508333	7.24863527e+00	
0.50666667	7.13038146e+00	
0.50825000	7.13108097e+00	
0.50983333	6.94867828e+00	
0.51141667	6.56322310e+00	
0.51300000	6.52997561e+00	
0.51458333	6.52163602e+00	
0.51616667	6.51551991e+00	
0.51775000	6.47694649e+00	
0.51933333	6.39951260e+00	
0.52091667	6.45007912e+00	
0.52250000	6.47344097e+00	
0.52408333	6.40214668e+00	
0.52566667	6.21574519e+00	
0.52725000	6.27455029e+00	
0.52883333	6.21362506e+00	
0.53041667	5.69053094e+00	
0.53200000	5.18856861e+00	
0.53358333	4.91493450e+00	
0.53516667	5.21589308e+00	
0.53675000	5.15040578e+00	
0.53833333	5.03283926e+00	
0.53991667	5.00663382e+00	
0.54150000	4.79392870e+00	
0.54308333	4.70047381e+00	
0.54466667	4.67083754e+00	
0.54625000	4.57883098e+00	
0.54783333	4.54677251e+00	
0.54941667	4.51404648e+00	
0.55100000	4.54263372e+00	
0.55258333	4.39780052e+00	
0.55416667	4.35447618e+00	
0.55575000	4.38343878e+00	
0.55733333	4.34024880e+00	
0.55891667	3.56813792e+00	
0.56050000	3.40697012e+00	
0.56208333	3.31835399e+00	
0.56366667	3.13674946e+00	
0.56525000	3.18414048e+00	
0.56683333	3.18624792e+00	
0.56841667	3.17295400e+00	
0.57000000	3.24456798e+00	
0.57158333	3.33180717e+00	
0.57316667	3.09760126e+00	
0.57475000	2.33394835e+00	
0.57633333	1.96558306e+00	
0.57791667	1.94319531e+00	
0.57950000	1.84038879e+00	
0.58108333	1.81593952e+00	
0.58266667	1.77902137e+00	
0.58425000	1.74440658e+00	
0.58583333	1.73544194e+00	
0.58741667	1.72989780e+00	
0.58900000	1.62399529e+00	
0.59058333	1.37481469e+00	
0.59216667	1.28806395e+00	
0.59375000	1.38396195e+00	
0.59533333	9.50037251e-01	
0.59691667	8.32511665e-01	
0.59850000	7.64032612e-01	
0.60008333	7.21177409e-01	
0.60166667	7.03312673e-01	
0.60325000	7.08383335e-01	
0.60483333	7.14016916e-01	
0.60641667	8.10718308e-01	
0.60800000	7.20139717e-01	
0.60958333	6.95576695e-01	
0.61116667	8.82757907e-01	
0.61275000	8.74238977e-01	
0.61433333	8.86353274e-01	
0.61591667	5.33154229e-01	
0.61750000	2.17241445e-02	
0.61908333	3.89784245e-03	
0.62066667	2.11247732e-03	
0.62225000	1.35273432e-03	
0.62383333	4.92746416e-04	
0.62541667	5.05740977e-04	
0.62700000	6.76237730e-04	
0.62858333	5.26966091e-04	
0.63016667	2.91803048e-04	
0.63175000	2.20133524e-04	
0.63333333	2.02991299e-04	
0.63491667	2.15212442e-04	
0.63650000	2.22778692e-04	
0.63808333	2.42955237e-04	
0.63966667	2.76445522e-04	
0.64125000	3.17084056e-04	
0.64283333	2.79265080e-04	
0.64441667	2.01568445e-04	
0.64600000	1.64843499e-04	
0.64758333	1.53910231e-04	
0.64916667	1.41813516e-04	
0.65075000	1.26798793e-04	
0.65233333	1.13784562e-04	
0.65391667	1.04398999e-04	
0.65550000	9.96673980e-05	
0.65708333	9.96509682e-05	
0.65866667	9.61636442e-05	
0.66025000	8.98168337e-05	
0.66183333	8.21837611e-05	
0.66341667	7.60257499e-05	
0.66500000	8.25656391e-05	
0.66658333	9.74994323e-05	
0.66816667	1.03182177e-04	
0.66975000	9.12094236e-05	
0.67133333	7.24522627e-05	
0.67291667	5.66714893e-05	
0.67450000	4.44134156e-05	
0.67608333	3.66906063e-05	
0.67766667	3.23140377e-05	
0.67925000	2.96259709e-05	
0.68083333	2.77529458e-05	
0.68241667	2.54366460e-05	
0.68400000	2.32994163e-05	
0.68558333	2.13629175e-05	
0.68716667	1.94810933e-05	
0.68875000	1.80110139e-05	
0.69033333	1.62124622e-05	
0.69191667	1.47119220e-05	
0.69350000	1.37346898e-05	
0.69508333	1.28861836e-05	
0.69666667	1.22324300e-05	
0.69825000	1.15494448e-05	
0.69983333	1.11916139e-05	
0.70141667	1.07015829e-05	
0.70300000	9.93610741e-06	
0.70458333	9.37751863e-06	
0.70616667	8.96355702e-06	
0.70775000	8.51145724e-06	
0.70933333	7.73217287e-06	
0.71091667	6.74847215e-06	
0.71250000	6.12669417e-06	
0.71408333	5.46573012e-06	
0.71566667	4.96373793e-06	
0.71725000	4.31475124e-06	
0.71883333	3.77037904e-06	
0.72041667	3.62411436e-06	
0.72200000	3.20594405e-06	
0.72358333	2.87568356e-06	
0.72516667	2.58049588e-06	
0.72675000	2.40362001e-06	
0.72833333	2.32078490e-06	
0.72991667	1.91055350e-06	
0.73150000	1.76294555e-06	
0.73308333	1.59149509e-06	
0.73466667	1.33277502e-06	
0.73625000	1.14508013e-06	
0.73783333	1.12146858e-06	
0.73941667	1.23429214e-06	
0.74100000	1.35057654e-06	
0.74258333	1.35416910e-06	
0.74416667	1.34173464e-06	
0.74575000	1.07132606e-06	
0.74733333	1.22506673e-06	
0.74891667	1.10612445e-06	
0.75050000	8.46814949e-07	
0.75208333	7.41768516e-07	
0.75366667	6.42770802e-07	
0.75525000	7.48426822e-07	
0.75683333	5.63804346e-07	
0.75841667	3.61247121e-07	
0.76000000	5.74150363e-07	
0.76158333	7.63288209e-07	
0.76316667	8.22012500e-07	
0.76475000	7.35892732e-07	
0.76633333	7.27207582e-07	
0.76791667	8.46772163e-07	
0.76950000	7.07112257e-07	
0.77108333	5.06308918e-07	
0.77266667	3.24648779e-07	
0.77425000	4.47584011e-07	
0.77583333	4.73513063e-07	
0.77741667	2.47333754e-07	
0.77900000	3.49062571e-07	
0.78058333	5.61230303e-07	
0.78216667	6.86026247e-07	
0.78375000	6.62258668e-07	
0.78533333	4.81159142e-07	
0.78691667	7.15364899e-07	
0.78850000	7.38096487e-07	
0.79008333	6.89440664e-07	
0.79166667	5.08512841e-07	
0.79325000	4.04199789e-07	
0.79483333	4.70744747e-07	
0.79641667	5.02463450e-07	
0.79800000	4.37213242e-07	
0.79958333	4.98185642e-07	
0.80116667	5.49607373e-07	
0.80275000	6.41301240e-07	
0.80433333	6.34344664e-07	
0.80591667	5.80461398e-07	
0.80750000	6.54222251e-07	
0.80908333	5.26445182e-07	
0.81066667	3.28926419e-07	
0.81225000	8.24907004e-08	
0.81383333	1.85869764e-07	
0.81541667	2.01823606e-07	
0.81700000	1.77382905e-07	
0.81858333	3.47635879e-07	
0.82016667	5.32841173e-07	
0.82175000	8.38952364e-07	
0.82333333	7.13768043e-07	
0.82491667	6.03275029e-07	
0.82650000	7.96861548e-07	
0.82808333	6.65844565e-07	
0.82966667	6.46486512e-07	
0.83125000	3.83329276e-07	
0.83283333	3.24042804e-07	
0.83441667	3.21882115e-07	
0.83600000	2.51706570e-07	
0.83758333	2.61186620e-07	
0.83916667	3.34413601e-07	
0.84075000	4.58646608e-07	
0.84233333	6.77513137e-07	
0.84391667	5.88757106e-07	
0.84550000	5.58983482e-07	
0.84708333	4.26955934e-07	
0.84866667	5.57990949e-07	
0.85025000	5.04191519e-07	
0.85183333	3.02506646e-07	
0.85341667	3.18771119e-07	
0.85500000	2.91348845e-07	
0.85658333	3.35926005e-07	
0.85816667	3.46124231e-07	
0.85975000	3.61835596e-07	
0.86133333	7.15539347e-07	
0.86291667	6.61999712e-07	
0.86450000	5.22382312e-07	
0.86608333	4.92092625e-07	
0.86766667	4.77790423e-07	
0.86925000	6.36677616e-07	
0.87083333	2.90597039e-07	
0.87241667	2.47083311e-07	
0.87400000	2.89602827e-07	
0.87558333	2.92567544e-07	
0.87716667	4.11659547e-07	
0.87875000	3.23177733e-07	
0.88033333	5.04493597e-07	
0.88191667	6.88790139e-07	
0.88350000	5.65508895e-07	
0.88508333	6.52581882e-07	
0.88666667	6.25572094e-07	
0.88825000	5.64730068e-07	
0.88983333	5.46539276e-07	
0.89141667	2.98029469e-07	
0.89300000	3.45562162e-07	
0.89458333	2.14545109e-07	
0.89616667	3.53556324e-07	
0.89775000	2.69034812e-07	
0.89933333	3.70321853e-07	
0.90091667	6.65933441e-07	
0.90250000	7.45140091e-07	
0.90408333	7.02967455e-07	
0.90566667	6.57583690e-07	
0.90725000	5.46885595e-07	
0.90883333	6.77513473e-07	
0.91041667	4.40109636e-07	
0.91200000	2.89948978e-07	
0.91358333	3.08487126e-07	
0.91516667	3.41543729e-07	
0.91675000	3.31777927e-07	
0.91833333	2.23230917e-07	
0.91991667	4.27966723e-07	
0.92150000	6.76087369e-07	
0.92308333	6.47826540e-07	
0.92466667	5.85948076e-07	
0.92625000	5.24111613e-07	
0.92783333	6.10103024e-07	
0.92941667	5.29340624e-07	
0.93100000	3.66649292e-07	
0.93258333	4.04502034e-07	
0.93416667	3.73130771e-07	
0.93575000	3.21882283e-07	
0.93733333	1.04692239e-07	
0.93891667	2.54610441e-07	
0.94050000	4.06619265e-07	
0.94208333	4.83060819e-07	
0.94366667	6.33739500e-07	
0.94525000	6.57808932e-07	
0.94683333	5.35046048e-07	
0.94841667	8.53944797e-07	
0.95000000	5.70693943e-07	
0.95158333	3.72309970e-07	
0.95316667	2.38700043e-07	
0.95475000	2.38570369e-07	
0.95633333	4.95722875e-07	
0.95791667	3.21277568e-07	
0.95950000	4.66682968e-07	
0.96108333	5.12445618e-07	
0.96266667	6.39054587e-07	
0.96425000	7.59961380e-07	
0.96583333	5.74280736e-07	
0.96741667	7.27854243e-07	
0.96900000	6.80839910e-07	
0.97058333	5.10587846e-07	
0.97216667	3.69415340e-07	
0.97375000	1.44455822e-07	
0.97533333	2.65837460e-07	
0.97691667	2.72664671e-07	
0.97850000	2.02877727e-07	
0.98008333	4.19064368e-07	
0.98166667	6.55474916e-07	
0.98325000	8.21926088e-07	
0.98483333	7.74998111e-07	
0.98641667	6.83896527e-07	
0.98800000	8.07147753e-07	
0.98958333	6.08720546e-07	
0.99116667	4.00916221e-07	
0.99275000	1.89698390e-07	
0.99433333	2.25218222e-07	
0.99591667	5.26055797e-07	
0.99750000	4.09256424e-07	
0.99908333	3.86137914e-07	
1.00066667	4.66295879e-07	
1.00225000	6.48390318e-07	
1.00383333	5.25797737e-07	
1.00541667	4.44819531e-07	
1.00700000	5.11668415e-07	
1.00858333	5.79466961e-07	
1.01016667	6.10146538e-07	
1.01175000	3.89249442e-07	
1.01333333	2.47600970e-07	
1.01491667	3.25295944e-07	
1.01650000	3.37006126e-07	
1.01808333	1.37248102e-07	
1.01966667	2.93587798e-07	
1.02125000	4.44645476e-07	
1.02283333	6.71289633e-07	
1.02441667	6.77167321e-07	
1.02600000	6.65284092e-07	
1.02758333	6.81403687e-07	
1.02916667	6.59017859e-07	
1.03075000	5.00647680e-07	
1.03233333	2.65620311e-07	
1.03391667	2.89689379e-07	
1.03550000	3.66891587e-07	
1.03708333	2.82863204e-07	
1.03866667	3.05893566e-07	
1.04025000	2.87701793e-07	
1.04183333	5.00778222e-07	
1.04341667	5.19358344e-07	
1.04500000	5.92645808e-07	
1.04658333	6.67531137e-07	
1.04816667	5.75351560e-07	
1.04975000	6.35209454e-07	
1.05133333	3.92317232e-07	
1.05291667	3.84237973e-07	
1.05450000	4.33583915e-07	
1.05608333	3.16912928e-07	
1.05766667	2.37870001e-07	
1.05925000	2.91591028e-07	
1.06083333	5.31717651e-07	
1.06241667	8.38216547e-07	
1.06400000	6.86284474e-07	
1.06558333	7.28070189e-07	
1.06716667	5.74238287e-07	
1.06875000	6.11140246e-07	
1.07033333	4.92221822e-07	
1.07191667	2.95177233e-07	
1.07350000	4.01174981e-07	
1.07508333	3.00060512e-07	
1.07666667	3.83804234e-07	
1.07825000	3.73778972e-07	
1.07983333	3.74600193e-07	
1.08141667	6.26048059e-07	
1.08300000	6.11183144e-07	
1.08458333	6.18486432e-07	
1.08616667	6.62648446e-07	
1.08775000	5.52891977e-07	
1.08933333	6.88877390e-07	
1.09091667	3.33419613e-07	
1.09250000	1.91037382e-07	
1.09408333	1.41257812e-07	
1.09566667	1.87019986e-07	
1.09725000	2.27681604e-07	
1.09883333	2.06162415e-07	
1.10041667	4.04977076e-07	
1.10200000	6.14812107e-07	
1.10358333	6.35856283e-07	
1.10516667	7.82602972e-07	
1.10675000	6.78031104e-07	
1.10833333	6.12609920e-07	
1.10991667	5.45285603e-07	
1.11150000	3.80778642e-07	
1.11308333	3.88341221e-07	
1.11466667	2.20767772e-07	
1.11625000	2.66356016e-07	
1.11783333	1.86587128e-07	
1.11941667	1.07682304e-07	
1.12100000	4.01780788e-07	
1.12258333	5.51853914e-07	
1.12416667	5.72682089e-07	
1.12575000	6.02497154e-07	
1.12733333	5.60192856e-07	
1.12891667	6.67100309e-07	
1.13050000	5.06612284e-07	
1.13208333	3.79915139e-07	
1.13366667	2.49934763e-07	
1.13525000	1.75671763e-07	
1.13683333	3.12635512e-07	
1.13841667	2.58534621e-07	
1.14000000	4.37646170e-07	
1.14158333	5.83226186e-07	
1.14316667	7.04780536e-07	
1.14475000	7.54981581e-07	
1.14633333	4.79431856e-07	
1.14791667	5.31805238e-07	
1.14950000	4.77876891e-07	
1.15108333	4.44258106e-07	
1.15266667	3.83285762e-07	
1.15425000	2.70071334e-07	
1.15583333	3.20024316e-07	
1.15741667	2.62026013e-07	
1.15900000	2.36021414e-07	
1.16058333	4.65128255e-07	
1.16216667	5.95325641e-07	
1.16375000	7.56763805e-07	
1.16533333	6.19134661e-07	
1.16691667	7.05382899e-07	
1.16850000	6.91558343e-07	
1.17008333	5.15037862e-07	
1.17166667	4.96673518e-07	
1.17325000	2.60305952e-07	
1.17483333	3.77063323e-07	
1.17641667	4.35052693e-07	
1.17800000	2.05210848e-07	
1.17958333	2.38570733e-07	
1.18116667	4.07700898e-07	
1.18275000	6.61438511e-07	
1.18433333	6.83605818e-07	
1.18591667	5.31329385e-07	
1.18750000	7.29367263e-07	
1.18908333	7.32132331e-07	
1.19066667	6.53400023e-07	
1.19225000	4.75283862e-07	
1.19383333	2.19643312e-07	
1.19541667	2.77331752e-07	
1.19700000	1.77322633e-07	
1.19858333	1.87106062e-07	
1.20016667	3.81298989e-07	
1.20175000	5.22211280e-07	
1.20333333	7.36799021e-07	
1.20491667	7.28935820e-07	
1.20650000	6.92981031e-07	
1.20808333	6.97521042e-07	
1.20966667	4.88461814e-07	
1.21125000	3.34586705e-07	
1.21283333	1.27733163e-07	
1.21441667	1.28769924e-07	
1.21600000	3.27388422e-07	
1.21758333	2.14803406e-07	
1.21916667	3.70149953e-07	
1.22075000	4.72941613e-07	
1.22233333	6.63686060e-07	
1.22391667	6.64464159e-07	
1.22550000	5.58940360e-07	
1.22708333	8.25165386e-07	
1.22866667	7.61118896e-07	
1.23025000	6.62259284e-07	
1.23183333	3.64142899e-07	
1.23341667	2.10396471e-07	
1.23500000	2.15712313e-07	
1.23658333	2.55007414e-07	
1.23816667	4.52260221e-07	
1.23975000	2.06343541e-07	
1.24133333	3.03820409e-07	
1.24291667	5.12747527e-07	
1.24450000	5.13957462e-07	
1.24608333	5.66936007e-07	
1.24766667	5.83312766e-07	
@ 
0.00000000	6.69348418e-07	
0.00158333	6.32314796e-07	
0.00316667	2.61601514e-07	
0.00475000	2.68516145e-07	
0.00633333	2.63762875e-07	
0.00791667	2.41551747e-07	
0.00950000	2.25261540e-07	
0.01108333	1.26869535e-07	
0.01266667	4.25114487e-07	
0.01425000	4.41016877e-07	
0.01583333	4.58517746e-07	
0.01741667	5.35692765e-07	
0.01900000	3.32365141e-07	
0.02058333	4.81981091e-07	
0.02216667	2.67824737e-07	
0.02375000	9.24720773e-08	
0.02533333	3.20625692e-08	
0.02691667	4.88898052e-08	
0.02850000	2.33731304e-07	
0.03008333	1.26652791e-07	
0.03166667	1.62863708e-07	
0.03325000	4.02471019e-07	
0.03483333	3.33980870e-07	
0.03641667	5.19187144e-07	
0.03800000	5.37707567e-07	
0.03958333	5.86380751e-07	
0.04116667	4.75456126e-07	
0.04275000	1.20948851e-07	
0.04433333	9.54537981e-08	
0.04591667	8.47579219e-10	
0.04750000	4.95029732e-08	
0.04908333	5.34175559e-08	
0.05066667	-6.87125326e-09	
0.05225000	1.99982383e-07	
0.05383333	4.05366853e-07	
0.05541667	6.09282587e-07	
0.05700000	5.43083193e-07	
0.05858333	4.09324943e-07	
0.06016667	6.33957518e-07	
0.06175000	3.84625342e-07	
0.06333333	2.37317061e-07	
0.06491667	1.87883922e-07	
0.06650000	1.80191543e-07	
0.06808333	2.42157330e-07	
0.06966667	-1.00406219e-07	
0.07125000	2.18087954e-07	
0.07283333	3.60081289e-07	
0.07441667	3.92446205e-07	
0.07600000	4.48923928e-07	
0.07758333	2.95134055e-07	
0.07916667	3.39174823e-07	
0.08075000	4.12800067e-07	
0.08233333	1.82309460e-07	
0.08391667	1.06922476e-07	
0.08550000	6.61566505e-08	
0.08708333	2.18044832e-07	
0.08866667	1.37023238e-07	
0.09025000	3.36527745e-08	
0.09183333	1.69216339e-07	
0.09341667	2.67824653e-07	
0.09500000	4.65431256e-07	
0.09658333	5.13957742e-07	
0.09816667	4.93606316e-07	
0.09975000	5.14088004e-07	
0.10133333	3.53513314e-07	
0.10291667	2.48552201e-07	
0.10450000	2.66263737e-08	
0.10608333	-2.94531636e-08	
0.10766667	2.28761417e-07	
0.10925000	-4.79733976e-08	
0.11083333	6.37719655e-08	
0.11241667	2.14890742e-07	
0.11400000	4.63615599e-07	
0.11558333	5.42736369e-07	
0.11716667	3.73562942e-07	
0.11875000	4.29107718e-07	
0.12033333	4.08175351e-07	
0.12191667	1.82482214e-07	
0.12350000	6.11867915e-08	
0.12508333	1.09579216e-08	
0.12666667	2.11995566e-07	
0.12825000	1.93138526e-07	
0.12983333	1.11795765e-07	
0.13141667	1.76303261e-07	
0.13300000	3.60815314e-07	
0.13458333	6.22635378e-07	
0.13616667	5.18235998e-07	
0.13775000	5.80718617e-07	
0.13933333	6.39401690e-07	
0.14091667	5.58941536e-07	
0.14250000	3.54161403e-07	
0.14408333	7.95102841e-10	
0.14566667	-4.10946719e-08	
0.14725000	1.67314662e-07	
0.14883333	-3.73259828e-08	
0.15041667	5.42821402e-08	
0.15200000	1.13171537e-07	
0.15358333	4.09731745e-07	
0.15516667	4.77443319e-07	
0.15675000	4.94339053e-07	
0.15833333	5.48741294e-07	
0.15991667	3.94043789e-07	
0.16150000	4.08607831e-07	
0.16308333	1.76734620e-07	
0.16466667	1.21795777e-07	
0.16625000	1.38060153e-07	
0.16783333	-7.45749692e-08	
0.16941667	1.27905889e-07	
0.17100000	1.32183445e-07	
0.17258333	1.51023937e-07	
0.17416667	4.32115053e-07	
0.17575000	2.92238949e-07	
0.17733333	3.83458390e-07	
0.17891667	4.79647074e-07	
0.18050000	5.15469698e-07	
0.18208333	4.05798632e-07	
0.18366667	6.26994264e-08	
0.18525000	9.17112482e-08	
0.18683333	1.81842441e-07	
0.18841667	1.76779268e-07	
0.19000000	-1.90152814e-09	
0.19158333	6.59838617e-08	
0.19316667	3.46945032e-07	
0.19475000	4.41837370e-07	
0.19633333	4.43349605e-07	
0.19791667	5.14259035e-07	
0.19950000	4.59769934e-07	
0.20108333	4.41326767e-07	
0.20266667	2.53132618e-07	
0.20425000	1.20171130e-07	
0.20583333	7.12129984e-08	
0.20741667	-2.47088495e-08	
0.20900000	5.41522914e-08	
0.21058333	-3.64802469e-08	
0.21216667	6.63299363e-08	
0.21375000	3.35018429e-07	
0.21533333	3.88514325e-07	
0.21691667	4.66036027e-07	
0.21850000	4.15910838e-07	
0.22008333	4.66745075e-07	
0.22166667	5.91478716e-07	
0.22325000	2.08589466e-07	
0.22483333	1.08114349e-07	
0.22641667	9.03551613e-08	
0.22800000	1.42364254e-07	
0.22958333	7.98284460e-08	
0.23116667	1.38017409e-07	
0.23275000	1.82524776e-07	
0.23433333	2.71194857e-07	
0.23591667	3.89076058e-07	
0.23750000	4.13619859e-07	
0.23908333	4.39591333e-07	
0.24066667	4.51110126e-07	
0.24225000	2.27586876e-07	
0.24383333	5.53976927e-08	
0.24541667	4.74459169e-08	
0.24700000	-4.11375104e-08	
0.24858333	1.52138359e-07	
0.25016667	-4.86817664e-08	
0.25175000	1.14553567e-07	
0.25333333	2.54256729e-07	
0.25491667	3.65136524e-07	
0.25650000	5.39625373e-07	
0.25808333	4.31985043e-07	
0.25966667	5.05920037e-07	
0.26125000	5.13655776e-07	
0.26283333	1.90735486e-07	
0.26441667	7.76941342e-08	
0.26600000	-1.40786380e-08	
0.26758333	1.48128957e-07	
0.26916667	2.42417745e-08	
0.27075000	-2.27384938e-08	
0.27233333	1.13775622e-07	
0.27391667	2.62596287e-07	
0.27550000	3.05418328e-07	
0.27708333	1.74945564e-07	
0.27866667	1.43245118e-07	
0.28025000	3.88989954e-07	
0.28183333	3.14277058e-07	
0.28341667	2.45268661e-07	
0.28500000	1.70296375e-07	
0.28658333	1.95964035e-07	
0.28816667	3.51783677e-07	
0.28975000	1.62743890e-07	
0.29133333	1.25746698e-07	
0.29291667	2.35027678e-07	
0.29450000	4.20965765e-07	
0.29608333	4.56788612e-07	
0.29766667	3.29271703e-07	
0.29925000	5.24439396e-07	
0.30083333	5.08677713e-07	
0.30241667	3.69804221e-07	
0.30400000	1.15893147e-07	
0.30558333	-4.69279637e-08	
0.30716667	3.57011259e-08	
0.30875000	-2.80962717e-08	
0.31033333	-8.24385901e-08	
0.31191667	4.79650427e-08	
0.31350000	2.70849853e-07	
0.31508333	4.73338895e-07	
0.31666667	3.30049466e-07	
0.31825000	3.43832356e-07	
0.31983333	4.08521139e-07	
0.32141667	3.34283928e-07	
0.32300000	1.70901034e-07	
0.32458333	-2.58146856e-08	
0.32616667	1.03758546e-09	
0.32775000	6.50935688e-08	
0.32933333	2.18215261e-08	
0.33091667	4.63479667e-08	
0.33250000	1.12392395e-07	
0.33408333	3.88039004e-07	
0.33566667	4.26843285e-07	
0.33725000	2.88782334e-07	
0.33883333	4.21182803e-07	
0.34041667	5.18625271e-07	
0.34200000	4.40669885e-07	
0.34358333	2.18433951e-07	
0.34516667	3.98405622e-08	
0.34675000	1.88962979e-07	
0.34833333	-1.34130262e-08	
0.34991667	9.06574454e-09	
0.35150000	1.34570230e-07	
0.35308333	2.85843714e-07	
0.35466667	4.57047904e-07	
0.35625000	2.87183770e-07	
0.35783333	2.79232645e-07	
0.35941667	4.61888537e-07	
0.36100000	3.74081693e-07	
0.36258333	4.39547147e-07	
0.36416667	8.38818168e-08	
0.36575000	-2.47948466e-08	
0.36733333	2.52787503e-08	
0.36891667	3.26234728e-08	
0.37050000	-2.81739507e-08	
0.37208333	-7.59225507e-08	
0.37366667	9.77876188e-08	
0.37525000	2.82991478e-07	
0.37683333	3.62673673e-07	
0.37841667	4.97623153e-07	
0.38000000	4.56096729e-07	
0.38158333	4.92524180e-07	
0.38316667	2.23748856e-07	
0.38475000	6.16193549e-08	
0.38633333	1.30904866e-07	
0.38791667	1.48344734e-07	
0.38950000	2.17543819e-07	
0.39108333	1.35294637e-07	
0.39266667	2.00717066e-07	
0.39425000	4.57566319e-07	
0.39583333	4.34448398e-07	
0.39741667	3.65870829e-07	
0.39900000	2.30783555e-07	
0.40058333	3.86698639e-07	
0.40216667	2.49762835e-07	
0.40375000	-9.96493838e-09	
0.40533333	4.78863172e-08	
0.40691667	-1.94519281e-09	
0.40850000	1.29634239e-07	
0.41008333	1.53384246e-07	
0.41166667	-2.56674217e-08	
0.41325000	1.90302867e-07	
0.41483333	3.39494933e-07	
0.41641667	3.47722655e-07	
0.41800000	3.59649538e-07	
0.41958333	3.63416855e-07	
0.42116667	5.74237838e-07	
0.42275000	3.87710661e-07	
0.42433333	1.20404339e-07	
0.42591667	1.01632891e-07	
0.42750000	3.97113644e-08	
0.42908333	1.51171405e-07	
0.43066667	-6.82051384e-08	
0.43225000	-3.26598220e-08	
0.43383333	3.17733869e-07	
0.43541667	3.46556430e-07	
0.43700000	4.28010069e-07	
0.43858333	3.43313997e-07	
0.44016667	4.37299682e-07	
0.44175000	4.88851031e-07	
0.44333333	2.37792354e-07	
0.44491667	4.32977408e-08	
0.44650000	5.09469770e-08	
0.44808333	2.48293301e-07	
0.44966667	3.29048309e-07	
0.45125000	1.11097232e-07	
0.45283333	3.96724265e-07	
0.45441667	6.31666119e-07	
0.45600000	9.57352653e-07	
0.45758333	1.03912461e-06	
0.45916667	1.12112282e-06	
0.46075000	1.40057267e-06	
0.46233333	1.41923819e-06	
0.46391667	1.49415332e-06	
0.46550000	1.66677154e-06	
0.46708333	1.88828780e-06	
0.46866667	2.30172658e-06	
0.47025000	2.41975366e-06	
0.47183333	2.92023334e-06	
0.47341667	3.59709964e-06	
0.47500000	4.49589831e-06	
0.47658333	5.53189014e-06	
0.47816667	7.10235786e-06	
0.47975000	9.39275848e-06	
0.48133333	1.20804329e-05	
0.48291667	1.52729354e-05	
0.48450000	1.85726877e-05	
0.48608333	2.18815814e-05	
0.48766667	2.62277814e-05	
0.48925000	3.08254067e-05	
0.49083333	3.62796751e-05	
0.49241667	4.31945321e-05	
0.49400000	5.31908534e-05	
0.49558333	6.78697554e-05	
0.49716667	8.81951157e-05	
0.49875000	1.12437648e-04	
0.50033333	1.39802573e-04	
0.50191667	1.64853262e-04	
0.50350000	2.04898890e-04	
0.50508333	2.93749477e-04	
0.50666667	4.03202150e-04	
0.50825000	4.39519018e-04	
0.50983333	4.54087026e-04	
0.51141667	7.62334893e-04	
0.51300000	1.30816858e-03	
0.51458333	1.00074278e-03	
0.51616667	1.84887221e-03	
0.51775000	1.99142467e-03	
0.51933333	2.57169905e-03	
0.52091667	3.03068863e-03	
0.52250000	2.72627283e-03	
0.52408333	4.44451495e-03	
0.52566667	5.34781982e-03	
0.52725000	4.80507533e-03	
0.52883333	9.65666837e-03	
0.53041667	1.32909932e-02	
0.53200000	1.98962862e-02	
0.53358333	2.35031104e-02	
0.53516667	3.54761977e-02	
0.53675000	4.12643809e-02	
0.53833333	5.51274535e-02	
0.53991667	6.11955247e-02	
0.54150000	6.53042296e-02	
0.54308333	7.00953715e-02	
0.54466667	7.66908991e-02	
0.54625000	8.48998161e-02	
0.54783333	9.96586109e-02	
0.54941667	1.24523725e-01	
0.55100000	1.72879193e-01	
0.55258333	2.02015847e-01	
0.55416667	2.37861489e-01	
0.55575000	2.63100073e-01	
0.55733333	2.88145181e-01	
0.55891667	4.17685324e-01	
0.56050000	1.87363851e+00	
0.56208333	4.16080198e+00	
0.56366667	4.78512779e+00	
0.56525000	7.16367264e+00	
0.56683333	7.74528107e+00	
0.56841667	8.12871759e+00	
0.57000000	9.00699124e+00	
0.57158333	1.00668229e+01	
0.57316667	1.09059007e+01	
0.57475000	1.11798040e+01	
0.57633333	1.14627412e+01	
0.57791667	1.33166933e+01	
0.57950000	1.49384486e+01	
0.58108333	1.67955135e+01	
0.58266667	1.75298710e+01	
0.58425000	1.76701050e+01	
0.58583333	1.82232145e+01	
0.58741667	1.90937226e+01	
0.58900000	1.95704942e+01	
0.59058333	2.18544408e+01	
0.59216667	2.26232578e+01	
0.59375000	2.31897542e+01	
0.59533333	2.31731370e+01	
0.59691667	2.38617714e+01	
0.59850000	2.48405533e+01	
0.60008333	2.55691024e+01	
0.60166667	2.63543731e+01	
0.60325000	2.69497217e+01	
0.60483333	2.79465977e+01	
0.60641667	2.83716444e+01	
0.60800000	2.85459489e+01	
0.60958333	2.89788879e+01	
0.61116667	2.90647004e+01	
0.61275000	2.95061180e+01	
0.61433333	3.03693069e+01	
0.61591667	3.17055129e+01	
0.61750000	3.21511943e+01	
0.61908333	3.22332372e+01	
