start voltage : 0.00 V 
set voltage : 0.10 V 
High G : 30.00 G0 
Intermediate G : 20.00 G0 
Low G : 10.00 G0 
Breaking speed 1 : 300.00 V/s 
Breaking speed 2 : 300.00 V/s 
Making speed : 500.00 V/s 
Post breaking : 230.00 V/s 
@ 
0.00000000	5.30895974e+01	
0.00158333	5.44770061e+01	
0.00316667	5.47588421e+01	
0.00475000	5.47410167e+01	
0.00633333	5.47003034e+01	
0.00791667	5.47129763e+01	
0.00950000	5.46143481e+01	
0.01108333	5.49127994e+01	
0.01266667	5.45206057e+01	
0.01425000	5.45365746e+01	
0.01583333	5.44428622e+01	
0.01741667	5.45321736e+01	
0.01900000	5.44962784e+01	
0.02058333	5.40345606e+01	
0.02216667	5.45555388e+01	
0.02375000	5.42996160e+01	
0.02533333	5.40978310e+01	
0.02691667	5.41700911e+01	
0.02850000	5.42954894e+01	
0.03008333	5.47600748e+01	
0.03166667	5.42630443e+01	
0.03325000	5.42970152e+01	
0.03483333	5.40354776e+01	
0.03641667	5.39074072e+01	
0.03800000	5.38540361e+01	
0.03958333	5.35561334e+01	
0.04116667	5.35543370e+01	
0.04275000	5.34797392e+01	
0.04433333	5.33326783e+01	
0.04591667	5.34023302e+01	
0.04750000	5.29479559e+01	
0.04908333	5.29236663e+01	
0.05066667	5.30911534e+01	
0.05225000	5.29264098e+01	
0.05383333	5.32514997e+01	
0.05541667	5.30305739e+01	
0.05700000	5.28883574e+01	
0.05858333	5.28218060e+01	
0.06016667	5.27997262e+01	
0.06175000	5.29121322e+01	
0.06333333	5.26663416e+01	
0.06491667	5.25102008e+01	
0.06650000	5.25626849e+01	
0.06808333	5.26189612e+01	
0.06966667	5.26856065e+01	
0.07125000	5.21544847e+01	
0.07283333	5.20919923e+01	
0.07441667	5.18276021e+01	
0.07600000	5.18146774e+01	
0.07758333	5.16633847e+01	
0.07916667	5.15345439e+01	
0.08075000	5.16822362e+01	
0.08233333	5.10831161e+01	
0.08391667	5.08178766e+01	
0.08550000	5.07627654e+01	
0.08708333	5.05246943e+01	
0.08866667	5.06510547e+01	
0.09025000	5.04075717e+01	
0.09183333	5.05815493e+01	
0.09341667	5.05565118e+01	
0.09500000	5.03798884e+01	
0.09658333	5.03961278e+01	
0.09816667	5.04906181e+01	
0.09975000	5.05863223e+01	
0.10133333	5.01526186e+01	
0.10291667	5.00304486e+01	
0.10450000	5.02156033e+01	
0.10608333	4.96262735e+01	
0.10766667	4.95977709e+01	
0.10925000	4.91170474e+01	
0.11083333	4.85059836e+01	
0.11241667	4.77809278e+01	
0.11400000	4.75788497e+01	
0.11558333	4.77488172e+01	
0.11716667	4.75104305e+01	
0.11875000	4.73836116e+01	
0.12033333	4.72180412e+01	
0.12191667	4.70906285e+01	
0.12350000	4.71265989e+01	
0.12508333	4.68295193e+01	
0.12666667	4.69230587e+01	
0.12825000	4.70004715e+01	
0.12983333	4.68888360e+01	
0.13141667	4.67818833e+01	
0.13300000	4.67126786e+01	
0.13458333	4.64359989e+01	
0.13616667	4.62869235e+01	
0.13775000	4.62790988e+01	
0.13933333	4.59337744e+01	
0.14091667	4.57328425e+01	
0.14250000	4.57422006e+01	
0.14408333	4.57314745e+01	
0.14566667	4.54704066e+01	
0.14725000	4.57208950e+01	
0.14883333	4.53320536e+01	
0.15041667	4.53662952e+01	
0.15200000	4.49103575e+01	
0.15358333	4.50036113e+01	
0.15516667	4.50144652e+01	
0.15675000	4.47199675e+01	
0.15833333	4.46718091e+01	
0.15991667	4.47168106e+01	
0.16150000	4.44656157e+01	
0.16308333	4.42746019e+01	
0.16466667	4.42132820e+01	
0.16625000	4.44026046e+01	
0.16783333	4.41878837e+01	
0.16941667	4.41710654e+01	
0.17100000	4.33333820e+01	
0.17258333	4.26989568e+01	
0.17416667	4.25532639e+01	
0.17575000	4.25082399e+01	
0.17733333	4.23958038e+01	
0.17891667	4.22257236e+01	
0.18050000	4.19223489e+01	
0.18208333	4.15793771e+01	
0.18366667	4.13431702e+01	
0.18525000	4.16050123e+01	
0.18683333	4.16008443e+01	
0.18841667	4.14513518e+01	
0.19000000	4.13138332e+01	
0.19158333	4.13303996e+01	
0.19316667	4.13605183e+01	
0.19475000	4.11842031e+01	
0.19633333	4.11745744e+01	
0.19791667	4.12633972e+01	
0.19950000	4.13194931e+01	
0.20108333	4.13327974e+01	
0.20266667	4.13177944e+01	
0.20425000	4.12820307e+01	
0.20583333	4.14589548e+01	
0.20741667	4.01272737e+01	
0.20900000	3.93194309e+01	
0.21058333	3.91135005e+01	
0.21216667	3.92026503e+01	
0.21375000	3.85156357e+01	
0.21533333	3.80737652e+01	
0.21691667	3.80875731e+01	
0.21850000	3.76806432e+01	
0.22008333	3.77377463e+01	
0.22166667	3.78245772e+01	
0.22325000	3.75091686e+01	
0.22483333	3.76739911e+01	
0.22641667	3.72505210e+01	
0.22800000	3.66557831e+01	
0.22958333	3.63490899e+01	
0.23116667	3.59715008e+01	
0.23275000	3.60018413e+01	
0.23433333	3.59225193e+01	
0.23591667	3.60382551e+01	
0.23750000	3.55614929e+01	
0.23908333	3.54331782e+01	
0.24066667	3.52736436e+01	
0.24225000	3.52487451e+01	
0.24383333	3.51870907e+01	
0.24541667	3.50143571e+01	
0.24700000	3.48447842e+01	
0.24858333	3.46493394e+01	
0.25016667	3.44847650e+01	
0.25175000	3.41832168e+01	
0.25333333	3.41823186e+01	
0.25491667	3.41221600e+01	
0.25650000	3.41838031e+01	
0.25808333	3.40280756e+01	
0.25966667	3.41056763e+01	
0.26125000	3.39670151e+01	
0.26283333	3.38219310e+01	
0.26441667	3.37094349e+01	
0.26600000	3.37539966e+01	
0.26758333	3.40070369e+01	
0.26916667	3.38216905e+01	
0.27075000	3.34838300e+01	
0.27233333	3.14705556e+01	
0.27391667	3.17393787e+01	
0.27550000	3.16622666e+01	
0.27708333	3.08243652e+01	
0.27866667	3.09793128e+01	
0.28025000	3.09753516e+01	
0.28183333	3.06935907e+01	
0.28341667	3.03098230e+01	
0.28500000	3.02893592e+01	
0.28658333	3.05258349e+01	
0.28816667	3.03674804e+01	
0.28975000	3.03686962e+01	
0.29133333	3.05548694e+01	
0.29291667	3.05237228e+01	
0.29450000	3.08972116e+01	
0.29608333	3.05943406e+01	
0.29766667	3.03274229e+01	
0.29925000	3.04423037e+01	
0.30083333	2.96715982e+01	
0.30241667	2.96772074e+01	
0.30400000	2.93521250e+01	
0.30558333	2.92792203e+01	
0.30716667	2.94126312e+01	
0.30875000	2.91940260e+01	
0.31033333	2.94097993e+01	
0.31191667	2.90689190e+01	
0.31350000	2.81680873e+01	
0.31508333	2.80559783e+01	
0.31666667	2.78567451e+01	
0.31825000	2.79362043e+01	
0.31983333	2.76281430e+01	
0.32141667	2.75906525e+01	
0.32300000	2.74816308e+01	
0.32458333	2.76653367e+01	
0.32616667	2.76113737e+01	
0.32775000	2.65478147e+01	
0.32933333	2.64637743e+01	
0.33091667	2.61239520e+01	
0.33250000	2.63639886e+01	
0.33408333	2.61446187e+01	
0.33566667	2.60510266e+01	
0.33725000	2.60997732e+01	
0.33883333	2.55554279e+01	
0.34041667	2.57460640e+01	
0.34200000	2.56734882e+01	
0.34358333	2.53608043e+01	
0.34516667	2.52832224e+01	
0.34675000	2.46860135e+01	
0.34833333	2.40813819e+01	
0.34991667	2.39480819e+01	
0.35150000	2.35381097e+01	
0.35308333	2.37182320e+01	
0.35466667	2.39663339e+01	
0.35625000	2.43102508e+01	
0.35783333	2.41753479e+01	
0.35941667	2.34850430e+01	
0.36100000	2.32372624e+01	
0.36258333	2.31175091e+01	
0.36416667	2.33104791e+01	
0.36575000	2.37759815e+01	
0.36733333	2.36009291e+01	
0.36891667	2.35408626e+01	
0.37050000	2.33867869e+01	
0.37208333	2.32380272e+01	
0.37366667	2.13632054e+01	
0.37525000	1.98205429e+01	
0.37683333	1.97228919e+01	
0.37841667	1.96419802e+01	
0.38000000	1.96603111e+01	
0.38158333	1.92591314e+01	
0.38316667	1.95272554e+01	
0.38475000	1.94105613e+01	
0.38633333	1.91918678e+01	
0.38791667	1.89973513e+01	
0.38950000	1.86597370e+01	
0.39108333	1.87971993e+01	
0.39266667	1.81763903e+01	
0.39425000	1.77914575e+01	
0.39583333	1.76727358e+01	
0.39741667	1.73241323e+01	
0.39900000	1.74585447e+01	
0.40058333	1.75659278e+01	
0.40216667	1.74908508e+01	
0.40375000	1.75028772e+01	
0.40533333	1.72947182e+01	
0.40691667	1.64983569e+01	
0.40850000	1.66960153e+01	
0.41008333	1.65025022e+01	
0.41166667	1.62959236e+01	
0.41325000	1.63657221e+01	
0.41483333	1.60466416e+01	
0.41641667	1.53986162e+01	
0.41800000	1.56568165e+01	
0.41958333	1.48550715e+01	
0.42116667	1.49329277e+01	
0.42275000	1.50086736e+01	
0.42433333	1.50865618e+01	
0.42591667	1.48838231e+01	
0.42750000	1.46955566e+01	
0.42908333	1.45262355e+01	
0.43066667	1.40856240e+01	
0.43225000	1.37169965e+01	
0.43383333	1.39790875e+01	
0.43541667	1.41734021e+01	
0.43700000	1.31910348e+01	
0.43858333	1.30397440e+01	
0.44016667	1.34501531e+01	
0.44175000	1.33141480e+01	
0.44333333	1.25358724e+01	
0.44491667	1.17909176e+01	
0.44650000	1.16569364e+01	
0.44808333	1.15533849e+01	
0.44966667	1.14715299e+01	
0.45125000	1.17967128e+01	
0.45283333	1.16681323e+01	
0.45441667	1.15346528e+01	
0.45600000	1.07118615e+01	
0.45758333	1.03579766e+01	
0.45916667	1.01242718e+01	
0.46075000	9.60486825e+00	
0.46233333	9.15186108e+00	
0.46391667	8.95054398e+00	
0.46550000	8.90790176e+00	
0.46708333	7.95512615e+00	
0.46866667	7.64298016e+00	
0.47025000	7.14183666e+00	
0.47183333	5.65783638e+00	
0.47341667	5.41050684e+00	
0.47500000	5.28072691e+00	
0.47658333	5.18429593e+00	
0.47816667	4.88210371e+00	
0.47975000	4.75083738e+00	
0.48133333	4.59182612e+00	
0.48291667	4.57572008e+00	
0.48450000	4.47949722e+00	
0.48608333	4.75603647e+00	
0.48766667	4.69289245e+00	
0.48925000	4.22423398e+00	
0.49083333	4.20343574e+00	
0.49241667	3.45490468e+00	
0.49400000	3.49387577e+00	
0.49558333	3.19287539e+00	
0.49716667	3.08075319e+00	
0.49875000	2.96976998e+00	
0.50033333	2.88273420e+00	
0.50191667	2.52379217e+00	
0.50350000	1.76678869e+00	
0.50508333	1.46287612e+00	
0.50666667	1.29745068e+00	
0.50825000	5.97606771e-01	
0.50983333	8.68803795e-03	
0.51141667	1.65516377e-02	
0.51300000	2.05032515e-02	
0.51458333	6.00311544e-03	
0.51616667	1.05873828e-03	
0.51775000	8.05415488e-05	
0.51933333	3.09676692e-05	
0.52091667	1.87765010e-05	
0.52250000	1.49888244e-05	
0.52408333	1.46543039e-05	
0.52566667	1.58037030e-05	
0.52725000	1.69134865e-05	
0.52883333	1.77560618e-05	
0.53041667	1.82329505e-05	
0.53200000	1.83051140e-05	
0.53358333	1.79637997e-05	
0.53516667	1.68978900e-05	
0.53675000	1.53633280e-05	
0.53833333	1.33807064e-05	
0.53991667	1.14864200e-05	
0.54150000	9.28450607e-06	
0.54308333	7.74505972e-06	
0.54466667	6.34193737e-06	
0.54625000	5.28342222e-06	
0.54783333	4.62250073e-06	
0.54941667	3.77620240e-06	
0.55100000	3.30766656e-06	
0.55258333	2.89671878e-06	
0.55416667	2.53549271e-06	
0.55575000	2.28496995e-06	
0.55733333	2.01246150e-06	
0.55891667	1.89558470e-06	
0.56050000	1.69871795e-06	
0.56208333	1.11926925e-06	
0.56366667	8.55371573e-07	
0.56525000	7.63934870e-07	
0.56683333	8.31434475e-07	
0.56841667	7.27812353e-07	
0.57000000	7.34899583e-07	
0.57158333	8.94432878e-07	
0.57316667	1.01685488e-06	
0.57475000	1.03219508e-06	
0.57633333	1.13386675e-06	
0.57791667	8.87090108e-07	
0.57950000	8.31048786e-07	
0.58108333	5.56348508e-07	
0.58266667	4.11069897e-07	
0.58425000	2.92671456e-07	
0.58583333	3.44092656e-07	
0.58741667	2.80701031e-07	
0.58900000	3.15996559e-07	
0.59058333	7.03833478e-07	
0.59216667	7.73014390e-07	
0.59375000	6.47740801e-07	
0.59533333	7.14709950e-07	
0.59691667	8.24777176e-07	
0.59850000	9.70183053e-07	
0.60008333	6.57767547e-07	
0.60166667	1.83379066e-07	
0.60325000	2.78238573e-07	
0.60483333	2.06680396e-07	
0.60641667	3.03777651e-07	
0.60800000	1.83034763e-07	
0.60958333	2.82473511e-07	
0.61116667	5.01125550e-07	
0.61275000	6.53806265e-07	
0.61433333	6.48992793e-07	
0.61591667	6.54654087e-07	
0.61750000	7.76944646e-07	
0.61908333	6.81490099e-07	
0.62066667	4.74790480e-07	
0.62225000	2.47904336e-07	
0.62383333	1.62733964e-07	
0.62541667	3.68300218e-07	
0.62700000	3.04986941e-07	
0.62858333	3.58958019e-07	
0.63016667	2.57324154e-07	
0.63175000	2.87227144e-07	
0.63333333	5.51648385e-07	
0.63491667	5.51594510e-07	
0.63650000	6.10275344e-07	
0.63808333	7.08711800e-07	
0.63966667	6.00120520e-07	
0.64125000	3.08875363e-07	
0.64283333	8.23611876e-08	
0.64441667	1.64160054e-07	
0.64600000	3.04917330e-07	
0.64758333	3.31519420e-07	
0.64916667	5.03397068e-07	
0.65075000	5.12746911e-07	
0.65233333	7.81221558e-07	
0.65391667	8.11685581e-07	
0.65550000	7.58793616e-07	
0.65708333	6.94713244e-07	
0.65866667	7.60486124e-07	
0.66025000	7.01537487e-07	
0.66183333	3.88246045e-07	
0.66341667	8.68117563e-08	
0.66500000	2.63269969e-07	
0.66658333	1.25157972e-07	
0.66816667	2.82775700e-07	
0.66975000	3.44119565e-07	
0.67133333	4.47974825e-07	
0.67291667	7.42161261e-07	
0.67450000	6.15332930e-07	
0.67608333	7.13767539e-07	
0.67766667	6.63781040e-07	
0.67925000	6.80194593e-07	
0.68083333	5.10026533e-07	
0.68241667	1.29669520e-07	
0.68400000	3.09481115e-07	
0.68558333	2.74306076e-07	
0.68716667	3.51067965e-07	
0.68875000	3.17128958e-07	
0.69033333	3.45821089e-07	
0.69191667	4.80122983e-07	
0.69350000	5.72553115e-07	
0.69508333	6.65543439e-07	
0.69666667	6.67271845e-07	
0.69825000	6.01332134e-07	
0.69983333	6.21036338e-07	
0.70141667	3.87295878e-07	
0.70300000	1.49917677e-07	
0.70458333	2.92022919e-07	
0.70616667	2.98419078e-07	
0.70775000	3.94866578e-07	
0.70933333	3.49753558e-07	
0.71091667	5.08789718e-07	
0.71250000	5.15348732e-07	
0.71408333	6.62562090e-07	
0.71566667	7.31267597e-07	
0.71725000	5.46972847e-07	
0.71883333	6.81963544e-07	
0.72041667	5.01729481e-07	
0.72200000	1.44542038e-07	
0.72358333	1.79581788e-08	
0.72516667	6.67532523e-08	
0.72675000	2.23792104e-07	
0.72833333	1.57851343e-07	
0.72991667	3.17604447e-07	
0.73150000	4.89067425e-07	
0.73308333	6.53832250e-07	
0.73466667	6.06559633e-07	
0.73625000	4.72268239e-07	
0.73783333	7.48164115e-07	
0.73941667	7.62440275e-07	
0.74100000	4.86907296e-07	
0.74258333	4.48922976e-07	
0.74416667	7.28562329e-09	
0.74575000	1.73735994e-07	
0.74733333	9.75372526e-08	
0.74891667	1.27767619e-07	
0.75050000	3.07181371e-07	
0.75208333	4.98488728e-07	
0.75366667	6.35640618e-07	
0.75525000	6.82008458e-07	
0.75683333	6.42165526e-07	
0.75841667	7.90691303e-07	
0.76000000	7.87830247e-07	
0.76158333	3.10258038e-07	
0.76316667	1.17059722e-07	
0.76475000	1.59190909e-07	
0.76633333	2.33255422e-07	
0.76791667	2.79145953e-07	
0.76950000	4.84659635e-07	
0.77108333	4.79952120e-07	
0.77266667	5.26401052e-07	
0.77425000	8.33205835e-07	
0.77583333	6.84383469e-07	
0.77741667	6.89266160e-07	
0.77900000	5.95022387e-07	
0.78058333	6.39834366e-07	
0.78216667	4.57608713e-07	
0.78375000	1.21250929e-07	
0.78533333	2.33126225e-07	
0.78691667	1.65500096e-07	
0.78850000	1.96577921e-07	
0.79008333	2.91736326e-07	
0.79166667	4.41751742e-07	
0.79325000	6.76952271e-07	
0.79483333	5.50384800e-07	
0.79641667	5.90875681e-07	
0.79800000	6.65586001e-07	
0.79958333	6.94321283e-07	
0.80116667	5.87503378e-07	
0.80275000	2.24309707e-07	
0.80433333	2.45553518e-07	
0.80591667	3.21882199e-07	
0.80750000	3.09609416e-07	
0.80908333	3.05858032e-07	
0.81066667	1.69052013e-07	
0.81225000	5.01856999e-07	
0.81383333	4.96412826e-07	
0.81541667	5.76138788e-07	
0.81700000	6.91840819e-07	
0.81858333	6.41776701e-07	
0.82016667	6.22462498e-07	
0.82175000	4.98919499e-07	
0.82333333	2.90840230e-07	
0.82491667	2.48759578e-07	
0.82650000	3.05029783e-07	
0.82808333	2.16904635e-07	
0.82966667	1.48993341e-07	
0.83125000	3.60816014e-07	
0.83283333	4.41966231e-07	
0.83441667	5.82578237e-07	
0.83600000	5.89490851e-07	
0.83758333	6.22849196e-07	
0.83916667	6.85938547e-07	
0.84075000	5.85427813e-07	
0.84233333	3.39771418e-07	
0.84391667	2.08149034e-07	
0.84550000	3.13283713e-07	
0.84708333	3.72915385e-07	
0.84866667	2.53479022e-07	
0.85025000	3.21130813e-07	
0.85183333	4.15780996e-07	
0.85341667	4.73856470e-07	
0.85500000	5.82577173e-07	
0.85658333	4.93259325e-07	
0.85816667	5.16376994e-07	
0.85975000	7.29126004e-07	
0.86133333	4.93000481e-07	
0.86291667	4.05816805e-07	
0.86450000	1.83623461e-07	
0.86608333	2.60695254e-07	
0.86766667	2.38527639e-07	
0.86925000	3.00059672e-07	
0.87083333	4.25546239e-07	
0.87241667	5.92043277e-07	
0.87400000	6.62820821e-07	
0.87558333	6.22332125e-07	
0.87716667	7.22324891e-07	
0.87875000	7.30361140e-07	
0.88033333	5.30679364e-07	
0.88191667	2.44793088e-07	
0.88350000	-3.46559580e-08	
0.88508333	3.37014306e-09	
0.88666667	2.11502702e-07	
0.88825000	1.04995282e-07	
0.88983333	2.48448568e-07	
0.89141667	5.16032523e-07	
0.89300000	4.64566745e-07	
0.89458333	6.17968745e-07	
0.89616667	4.26239214e-07	
0.89775000	5.16853016e-07	
0.89933333	6.28796271e-07	
0.90091667	6.36592324e-07	
0.90250000	3.67608923e-07	
0.90408333	2.95307439e-07	
0.90566667	2.97295752e-07	
0.90725000	1.19185780e-07	
0.90883333	8.33205737e-08	
0.91041667	2.50565799e-07	
0.91200000	5.03977142e-07	
0.91358333	7.58968399e-07	
0.91516667	4.30256666e-07	
0.91675000	5.28908621e-07	
0.91833333	5.94677636e-07	
0.91991667	6.47655845e-07	
0.92150000	6.24666925e-07	
0.92308333	2.12124736e-07	
0.92466667	1.66104755e-07	
0.92625000	2.46201607e-07	
0.92783333	1.97242796e-07	
0.92941667	2.36209415e-07	
0.93100000	2.35933855e-07	
0.93258333	7.21744929e-07	
0.93416667	3.56149717e-07	
0.93575000	3.77409251e-07	
0.93733333	4.20534686e-07	
0.93891667	5.13991791e-07	
0.94050000	5.20913086e-07	
0.94208333	3.64194730e-07	
0.94366667	2.29539922e-07	
0.94525000	3.56321756e-07	
0.94683333	3.20637991e-07	
0.94841667	5.53971593e-07	
0.95000000	4.68283156e-07	
0.95158333	5.61231143e-07	
0.95316667	6.57984108e-07	
0.95475000	4.42226447e-07	
0.95633333	4.24553090e-07	
0.95791667	5.63243089e-07	
0.95950000	5.92957462e-07	
0.96108333	5.07302627e-07	
0.96266667	2.64150553e-07	
0.96425000	1.56598609e-07	
0.96583333	1.62215773e-07	
0.96741667	1.64419514e-07	
0.96900000	9.18156508e-08	
0.97058333	2.81496183e-07	
0.97216667	3.28157057e-07	
0.97375000	5.30117043e-07	
0.97533333	5.38977648e-07	
0.97691667	5.86318253e-07	
0.97850000	5.41872306e-07	
0.98008333	7.23317144e-07	
0.98166667	4.34274146e-07	
0.98325000	1.10362031e-07	
0.98483333	4.26501277e-08	
0.98641667	1.73623835e-07	
0.98800000	3.31431972e-07	
0.98958333	3.37031719e-07	
0.99116667	5.12963753e-07	
0.99275000	5.08643047e-07	
0.99433333	5.62621461e-07	
0.99591667	6.32140069e-07	
0.99750000	4.98833087e-07	
0.99908333	6.88348279e-07	
1.00066667	5.51552061e-07	
1.00225000	4.55795324e-07	
1.00383333	2.53081488e-07	
1.00541667	1.96075802e-07	
1.00700000	3.56468959e-07	
1.00858333	2.07665760e-07	
1.01016667	9.21620824e-08	
1.01175000	2.71350936e-07	
1.01333333	4.44214620e-07	
1.01491667	6.03751331e-07	
1.01650000	6.44282925e-07	
1.01808333	8.10681064e-07	
1.01966667	8.28742938e-07	
1.02125000	6.48647817e-07	
1.02283333	2.49762163e-07	
1.02441667	1.35882831e-07	
1.02600000	2.12341130e-07	
1.02758333	1.87710413e-07	
1.02916667	1.80407223e-07	
1.03075000	3.27758487e-07	
1.03233333	4.64807556e-07	
1.03391667	5.37205729e-07	
1.03550000	5.45630971e-07	
1.03708333	4.87469169e-07	
1.03866667	7.75171831e-07	
1.04025000	7.11088827e-07	
1.04183333	4.25849464e-07	
1.04341667	1.77589961e-07	
1.04500000	2.70071446e-07	
1.04658333	2.81047463e-07	
1.04816667	6.98723052e-08	
1.04975000	2.26549499e-07	
1.05133333	3.87969280e-07	
1.05291667	4.72949286e-07	
1.05450000	6.47093020e-07	
1.05608333	5.45027040e-07	
1.05766667	7.57885367e-07	
1.05925000	8.53468664e-07	
1.06083333	5.67108495e-07	
1.06241667	3.79181338e-07	
1.06400000	5.85088668e-08	
1.06558333	8.49537189e-08	
1.06716667	1.28769588e-07	
1.06875000	3.16342851e-07	
1.07033333	2.04287129e-07	
1.07191667	4.33627569e-07	
1.07350000	5.76831483e-07	
1.07508333	6.52191712e-07	
1.07666667	6.40438241e-07	
1.07825000	6.05996920e-07	
1.07983333	7.15449687e-07	
1.08141667	6.51110584e-07	
1.08300000	2.84116681e-07	
1.08458333	2.40341644e-07	
1.08616667	1.12660787e-07	
1.08775000	1.43954487e-07	
1.08933333	1.89007403e-07	
1.09091667	2.13879841e-07	
1.09250000	4.59727428e-07	
1.09408333	4.71220824e-07	
1.09566667	5.70003432e-07	
1.09725000	6.21597932e-07	
1.09883333	6.74011467e-07	
1.10041667	6.84428607e-07	
1.10200000	2.26073254e-07	
1.10358333	1.10940929e-07	
1.10516667	1.89524597e-08	
1.10675000	9.39851462e-08	
1.10833333	1.05454097e-07	
1.10991667	1.00908968e-07	
1.11150000	2.95739190e-07	
1.11308333	3.07622335e-07	
1.11466667	5.38760415e-07	
1.11625000	6.59494104e-07	
1.11783333	5.73718191e-07	
1.11941667	7.81201845e-07	
1.12100000	8.35754229e-07	
1.12258333	4.14207494e-07	
1.12416667	2.92325277e-07	
1.12575000	1.25356123e-07	
1.12733333	2.41854216e-07	
1.12891667	3.07994864e-07	
1.13050000	2.07371817e-07	
1.13208333	4.82670706e-07	
1.13366667	5.91696174e-07	
1.13525000	6.84081895e-07	
1.13683333	6.51112376e-07	
1.13841667	6.65801611e-07	
1.14000000	6.54180306e-07	
1.14158333	3.67687298e-07	
1.14316667	1.73450423e-07	
1.14475000	1.33949050e-08	
1.14633333	1.68308356e-07	
1.14791667	2.07087268e-07	
1.14950000	1.30265093e-07	
1.15108333	1.65749951e-07	
1.15266667	1.16887304e-07	
1.15425000	3.41595476e-07	
1.15583333	5.78558208e-07	
1.15741667	4.83147511e-07	
1.15900000	7.04556582e-07	
1.16058333	5.56176524e-07	
1.16216667	4.62708218e-07	
1.16375000	3.97674852e-07	
1.16533333	1.84167344e-07	
1.16691667	3.14337541e-07	
1.16850000	1.38881864e-07	
1.17008333	2.79707827e-07	
1.17166667	2.60478216e-07	
1.17325000	2.90036762e-07	
1.17483333	5.88498038e-07	
1.17641667	4.09817429e-07	
1.17800000	6.05783942e-07	
1.17958333	6.15073471e-07	
1.18116667	6.27854644e-07	
1.18275000	4.00008533e-07	
1.18433333	2.06127091e-07	
1.18591667	2.72534241e-07	
1.18750000	2.55942124e-07	
1.18908333	3.46902498e-07	
1.19066667	3.92102630e-07	
1.19225000	4.54456136e-07	
1.19383333	7.78843635e-07	
1.19541667	5.87712211e-07	
1.19700000	6.45191118e-07	
1.19858333	6.55388616e-07	
1.20016667	7.13336880e-07	
1.20175000	6.44066980e-07	
1.20333333	3.43876682e-07	
1.20491667	2.84607879e-07	
1.20650000	1.62258951e-07	
1.20808333	2.02358990e-07	
1.20966667	2.95826414e-07	
1.21125000	1.78075026e-07	
1.21283333	6.76978761e-07	
1.21441667	3.08660426e-07	
1.21600000	5.32840893e-07	
1.21758333	5.12315636e-07	
1.21916667	4.20767936e-07	
1.22075000	6.42351063e-07	
1.22233333	2.88133853e-07	
1.22391667	-3.82934228e-08	
1.22550000	2.40739654e-07	
1.22708333	1.36504417e-07	
@ 
0.00000000	2.55267910e-07	
0.00158333	1.31707802e-07	
0.00316667	3.94045245e-07	
0.00475000	6.25832282e-07	
0.00633333	6.20215790e-07	
0.00791667	6.16844886e-07	
0.00950000	4.95852577e-07	
0.01108333	6.07338572e-07	
0.01266667	5.80562594e-07	
0.01425000	3.34931457e-07	
0.01583333	1.26263406e-07	
0.01741667	6.80660702e-08	
0.01900000	1.42261419e-07	
0.02058333	1.64981737e-07	
0.02216667	1.68092998e-07	
0.02375000	2.66268932e-07	
0.02533333	2.77356925e-07	
0.02691667	6.88013608e-07	
0.02850000	7.79838072e-07	
0.03008333	6.92721963e-07	
0.03166667	9.54801403e-07	
0.03325000	7.79405901e-07	
0.03483333	4.98921403e-07	
0.03641667	3.29297548e-07	
0.03800000	1.33523697e-07	
0.03958333	1.80476946e-07	
0.04116667	-5.27189062e-09	
0.04275000	1.67781148e-07	
0.04433333	4.64005880e-07	
0.04591667	5.88497422e-07	
0.04750000	6.29462084e-07	
0.04908333	5.22167542e-07	
0.05066667	6.53962456e-07	
0.05225000	7.58622360e-07	
0.05383333	5.43038615e-07	
0.05541667	2.09074069e-07	
0.05700000	1.63944346e-07	
0.05858333	2.58793912e-07	
0.06016667	3.11200784e-07	
0.06175000	3.07189324e-07	
0.06333333	3.75422814e-07	
0.06491667	3.34145125e-07	
0.06650000	4.27749937e-07	
0.06808333	4.24958772e-07	
0.06966667	5.09204528e-07	
0.07125000	5.44335129e-07	
0.07283333	4.31552620e-07	
0.07441667	1.71765881e-07	
0.07600000	-4.08784567e-08	
0.07758333	8.02002256e-08	
0.07916667	6.35296496e-08	
0.08075000	8.86694612e-09	
0.08233333	1.94063002e-07	
0.08391667	3.77841758e-07	
0.08550000	8.48109111e-07	
0.08708333	6.36117423e-07	
0.08866667	6.05175363e-07	
0.09025000	6.90261885e-07	
0.09183333	7.39260723e-07	
0.09341667	5.93378433e-07	
0.09500000	1.12513893e-07	
0.09658333	-4.14818444e-09	
0.09816667	6.66063927e-08	
0.09975000	2.03595329e-07	
0.10133333	2.87745979e-07	
0.10291667	2.55388035e-07	
0.10450000	3.70365451e-07	
0.10608333	5.21813326e-07	
0.10766667	4.12972106e-07	
0.10925000	5.28909573e-07	
0.11083333	5.13223213e-07	
0.11241667	7.06424546e-07	
0.11400000	5.95455567e-07	
0.11558333	3.76372896e-07	
0.11716667	2.62423155e-07	
0.11875000	1.30014440e-07	
0.12033333	2.01391043e-07	
0.12191667	2.64065205e-07	
0.12350000	3.69889569e-07	
0.12508333	3.64704129e-07	
0.12666667	5.45892279e-07	
0.12825000	6.16238827e-07	
0.12983333	7.15997671e-07	
0.13141667	5.23638840e-07	
0.13300000	7.13121662e-07	
0.13458333	3.37835803e-07	
0.13616667	1.74919733e-07	
0.13775000	6.58541529e-08	
0.13933333	1.50807977e-07	
0.14091667	1.17560825e-07	
0.14250000	2.28233989e-08	
0.14408333	3.84495081e-07	
0.14566667	4.84184902e-07	
0.14725000	5.43083361e-07	
0.14883333	6.56080919e-07	
0.15041667	3.91367317e-07	
0.15200000	6.00249270e-07	
0.15358333	4.27950062e-07	
0.15516667	-8.53175043e-08	
0.15675000	2.61386269e-07	
0.15833333	1.79630300e-07	
0.15991667	3.22797560e-07	
0.16150000	1.38933078e-07	
0.16308333	2.26211930e-07	
0.16466667	4.49140153e-07	
0.16625000	3.93570232e-07	
0.16783333	6.60531775e-07	
0.16941667	6.41001066e-07	
0.17100000	7.50280394e-07	
0.17258333	8.20413293e-07	
0.17416667	4.65991645e-07	
0.17575000	1.47308352e-07	
0.17733333	9.07405763e-10	
0.17891667	8.88000625e-08	
0.18050000	1.02454308e-07	
0.18208333	2.99344856e-07	
0.18366667	4.46287385e-07	
0.18525000	3.37524765e-07	
0.18683333	6.64636199e-07	
0.18841667	5.45804803e-07	
0.19000000	5.95448286e-07	
0.19158333	7.93881262e-07	
0.19316667	6.54127215e-07	
0.19475000	4.82457784e-07	
0.19633333	1.24232502e-07	
0.19791667	1.33825943e-07	
0.19950000	1.69474622e-07	
0.20108333	1.15434809e-07	
0.20266667	2.77114574e-07	
0.20425000	1.88402044e-07	
0.20583333	4.19064480e-07	
0.20741667	5.38802360e-07	
0.20900000	5.53280466e-07	
0.21058333	6.93135318e-07	
0.21216667	6.49253540e-07	
0.21375000	5.73286412e-07	
0.21533333	2.61948254e-07	
0.21691667	-2.26859897e-08	
0.21850000	2.46210120e-07	
0.22008333	3.02740512e-07	
0.22166667	2.18018959e-07	
0.22325000	1.90848037e-07	
0.22483333	3.33549063e-07	
0.22641667	6.12135075e-07	
0.22800000	4.61248541e-07	
0.22958333	6.08029027e-07	
0.23116667	6.74791022e-07	
0.23275000	6.44844127e-07	
0.23433333	5.26187290e-07	
0.23591667	2.18286707e-07	
0.23750000	1.90432135e-07	
0.23908333	2.64584208e-07	
0.24066667	2.54256589e-07	
0.24225000	3.04527524e-07	
0.24383333	1.89871788e-07	
0.24541667	6.84860946e-07	
0.24700000	5.61230695e-07	
0.24858333	6.43548565e-07	
0.25016667	7.10743404e-07	
0.25175000	6.23972830e-07	
0.25333333	5.82575997e-07	
0.25491667	3.52993303e-07	
0.25650000	8.40463102e-08	
0.25808333	2.34162943e-07	
0.25966667	2.58517372e-07	
0.26125000	2.03872206e-07	
0.26283333	5.22679223e-08	
0.26441667	1.27049975e-07	
0.26600000	3.20620882e-07	
0.26758333	4.84314548e-07	
0.26916667	5.21952884e-07	
0.27075000	5.72768781e-07	
0.27233333	8.44179359e-07	
0.27391667	5.25556310e-07	
0.27550000	2.63849987e-07	
0.27708333	-2.13427020e-09	
0.27866667	1.67487961e-07	
0.28025000	2.95005137e-07	
0.28183333	9.77100413e-08	
0.28341667	2.18952381e-07	
0.28500000	4.60538765e-07	
0.28658333	5.63364839e-07	
0.28816667	6.33954998e-07	
0.28975000	5.05704203e-07	
0.29133333	5.20570630e-07	
0.29291667	7.08409051e-07	
0.29450000	4.84530101e-07	
0.29608333	1.78852257e-07	
0.29766667	-9.29479936e-08	
0.29925000	2.34681708e-07	
0.30083333	3.38266742e-07	
0.30241667	1.89525608e-07	
0.30400000	3.30136073e-07	
0.30558333	3.73389194e-07	
0.30716667	5.97355116e-07	
0.30875000	7.06724439e-07	
0.31033333	3.46175921e-07	
0.31191667	6.24017408e-07	
0.31350000	4.57824351e-07	
0.31508333	2.64402200e-07	
0.31666667	9.74504837e-08	
0.31825000	1.39063298e-07	
0.31983333	2.56200296e-07	
0.32141667	1.12609300e-07	
0.32300000	2.01762409e-07	
0.32458333	4.18029161e-07	
0.32616667	5.70262332e-07	
0.32775000	5.64602438e-07	
0.32933333	5.58852548e-07	
0.33091667	6.75524935e-07	
0.33250000	6.26998646e-07	
0.33408333	4.75931531e-07	
0.33566667	3.56711002e-07	
0.33725000	-8.36397250e-08	
0.33883333	9.96015402e-08	
0.34041667	1.53574165e-07	
0.34200000	2.54256645e-07	
0.34358333	1.89206142e-07	
0.34516667	3.45665514e-07	
0.34675000	4.51299890e-07	
0.34833333	4.88073828e-07	
0.34991667	5.51767726e-07	
0.35150000	6.40913814e-07	
0.35308333	6.67858415e-07	
0.35466667	5.30249937e-07	
0.35625000	2.64453414e-07	
0.35783333	9.39852512e-08	
0.35941667	1.88575106e-07	
0.36100000	9.85223228e-08	
0.36258333	1.39962334e-07	
0.36416667	1.95186636e-07	
0.36575000	6.77424765e-07	
0.36733333	7.14243841e-07	
0.36891667	7.31397914e-07	
0.37050000	7.02878635e-07	
0.37208333	5.92474161e-07	
0.37366667	6.04657507e-07	
0.37525000	2.83622626e-07	
0.37683333	1.73563044e-07	
0.37841667	1.74747217e-07	
0.38000000	1.32037587e-07	
0.38158333	2.13757825e-07	
0.38316667	2.40757743e-07	
0.38475000	2.14924176e-07	
0.38633333	6.37369695e-07	
0.38791667	3.78488895e-07	
0.38950000	6.14769993e-07	
0.39108333	5.88193497e-07	
0.39266667	7.01062921e-07	
0.39425000	5.43643274e-07	
0.39583333	2.38354031e-07	
0.39741667	9.33797660e-08	
0.39900000	1.06991373e-07	
0.40058333	1.83873779e-07	
0.40216667	1.49882941e-07	
0.40375000	2.48880599e-07	
0.40533333	5.75404707e-07	
0.40691667	6.26437333e-07	
0.40850000	7.13724305e-07	
0.41008333	6.60010671e-07	
0.41166667	6.50290819e-07	
0.41325000	7.46608813e-07	
0.41483333	3.56581804e-07	
0.41641667	3.79698493e-07	
0.41800000	1.80321259e-07	
0.41958333	1.67704341e-07	
0.42116667	3.18381986e-07	
0.42275000	2.35804881e-07	
0.42433333	3.76501142e-07	
0.42591667	7.27637122e-07	
0.42750000	4.92223390e-07	
0.42908333	6.49555058e-07	
0.43066667	6.68829163e-07	
0.43225000	9.23732833e-07	
0.43383333	7.61293008e-07	
0.43541667	5.19576250e-07	
0.43700000	4.10810381e-07	
0.43858333	1.78419568e-07	
0.44016667	2.08754309e-07	
0.44175000	1.61870041e-07	
0.44333333	2.07285181e-07	
0.44491667	5.78902624e-07	
0.44650000	6.04873733e-07	
0.44808333	6.47999084e-07	
0.44966667	4.66097574e-07	
0.45125000	7.04304459e-07	
0.45283333	7.27595064e-07	
0.45441667	5.94158828e-07	
0.45600000	4.72690722e-07	
0.45758333	1.07812419e-07	
0.45916667	2.08581541e-07	
0.46075000	2.54990586e-07	
0.46233333	1.93501563e-07	
0.46391667	4.22736873e-07	
0.46550000	5.28475833e-07	
0.46708333	7.84202908e-07	
0.46866667	6.86069480e-07	
0.47025000	7.18650062e-07	
0.47183333	9.59631283e-07	
0.47341667	7.92542298e-07	
0.47500000	5.92992408e-07	
0.47658333	3.65266618e-07	
0.47816667	1.86457468e-07	
0.47975000	1.99300119e-07	
0.48133333	8.69498165e-08	
0.48291667	1.38371485e-07	
0.48450000	3.49607139e-07	
0.48608333	6.53184749e-07	
0.48766667	7.42115283e-07	
0.48925000	6.79069558e-07	
0.49083333	7.09878277e-07	
0.49241667	7.69726482e-07	
0.49400000	7.77938299e-07	
0.49558333	9.78831591e-08	
0.49716667	2.03923868e-07	
0.49875000	3.36660758e-07	
0.50033333	1.71721863e-07	
0.50191667	1.62214961e-07	
0.50350000	2.07156543e-07	
0.50508333	4.38943832e-07	
0.50666667	8.35494601e-07	
0.50825000	7.32303923e-07	
0.50983333	8.69720201e-07	
0.51141667	7.59528593e-07	
0.51300000	7.95840734e-07	
0.51458333	7.13335312e-07	
0.51616667	2.10915208e-07	
0.51775000	4.54411194e-07	
0.51933333	4.87554853e-07	
0.52091667	5.11453701e-07	
0.52250000	6.29073203e-07	
0.52408333	8.36100940e-07	
0.52566667	1.51447786e-06	
0.52725000	1.88836419e-06	
0.52883333	2.77374152e-06	
0.53041667	3.90446384e-06	
0.53200000	5.02991229e-06	
0.53358333	6.69925401e-06	
0.53516667	8.22113036e-06	
0.53675000	9.97148397e-06	
0.53833333	1.22664652e-05	
0.53991667	1.50613767e-05	
0.54150000	1.87715746e-05	
0.54308333	2.49297220e-05	
0.54466667	3.37841852e-05	
0.54625000	4.70492325e-05	
0.54783333	7.21494800e-05	
0.54941667	1.25975554e-04	
0.55100000	2.42648749e-04	
0.55258333	3.53497725e-04	
0.55416667	3.36988879e-04	
0.55575000	3.15220980e-04	
0.55733333	3.34989663e-04	
0.55891667	4.23339113e-04	
0.56050000	5.73366809e-04	
0.56208333	1.50734894e-03	
0.56366667	1.27238409e-03	
0.56525000	6.15054442e-04	
0.56683333	2.56566756e-03	
0.56841667	7.69661617e-03	
0.57000000	1.20370163e-02	
0.57158333	2.24019259e-02	
0.57316667	3.06005755e-02	
0.57475000	4.85801117e-02	
0.57633333	5.70487637e-02	
0.57791667	5.87442661e-02	
0.57950000	6.24297000e-02	
0.58108333	7.76291221e-02	
0.58266667	9.14205380e-02	
0.58425000	1.00270136e-01	
0.58583333	1.03143066e-01	
0.58741667	1.18447448e-01	
0.58900000	1.36946333e-01	
0.59058333	1.41919853e-01	
0.59216667	1.66230381e-01	
0.59375000	2.76350160e-01	
0.59533333	2.81657740e-01	
0.59691667	5.20534562e-01	
0.59850000	4.57993497e+00	
0.60008333	1.46924730e+01	
0.60166667	2.06627607e+01	
0.60325000	2.29698186e+01	
0.60483333	2.60511506e+01	
0.60641667	2.81116551e+01	
0.60800000	2.90328961e+01	
0.60958333	2.96476637e+01	
0.61116667	3.16765480e+01	
0.61275000	3.52994441e+01	
0.61433333	3.70627469e+01	
0.61591667	3.77679064e+01	
0.61750000	3.84468181e+01	
0.61908333	3.87143765e+01	
0.62066667	4.05463954e+01	
0.62225000	4.15993072e+01	
0.62383333	4.21580071e+01	
0.62541667	4.23832437e+01	
0.62700000	4.29573074e+01	
0.62858333	4.37239521e+01	
0.63016667	4.62673805e+01	
0.63175000	4.65841760e+01	
0.63333333	4.67592736e+01	
0.63491667	4.82829005e+01	
