start voltage : 0.00 V 
set voltage : 0.10 V 
High G : 30.00 G0 
Intermediate G : 20.00 G0 
Low G : 10.00 G0 
Breaking speed 1 : 300.00 V/s 
Breaking speed 2 : 300.00 V/s 
Making speed : 500.00 V/s 
Post breaking : 230.00 V/s 
@ 
0.00000000	3.80158955e+01	
0.00158333	3.83255953e+01	
0.00316667	3.83669362e+01	
0.00475000	3.82553721e+01	
0.00633333	3.82909854e+01	
0.00791667	3.82115583e+01	
0.00950000	3.83157524e+01	
0.01108333	3.81867688e+01	
0.01266667	3.82847542e+01	
0.01425000	3.83285192e+01	
0.01583333	3.81921694e+01	
0.01741667	3.83044062e+01	
0.01900000	3.82563981e+01	
0.02058333	3.79594726e+01	
0.02216667	3.83282186e+01	
0.02375000	3.82281397e+01	
0.02533333	3.82250392e+01	
0.02691667	3.82006480e+01	
0.02850000	3.80769485e+01	
0.03008333	3.82773768e+01	
0.03166667	3.80596642e+01	
0.03325000	3.81277602e+01	
0.03483333	3.81589012e+01	
0.03641667	3.82064132e+01	
0.03800000	3.83047595e+01	
0.03958333	3.80262044e+01	
0.04116667	3.78787677e+01	
0.04275000	3.79749642e+01	
0.04433333	3.79182595e+01	
0.04591667	3.80778505e+01	
0.04750000	3.79227957e+01	
0.04908333	3.79617088e+01	
0.05066667	3.78047900e+01	
0.05225000	3.79509639e+01	
0.05383333	3.80039141e+01	
0.05541667	3.79322929e+01	
0.05700000	3.80801205e+01	
0.05858333	3.79524973e+01	
0.06016667	3.78409031e+01	
0.06175000	3.77507236e+01	
0.06333333	3.77122352e+01	
0.06491667	3.78984196e+01	
0.06650000	3.79499267e+01	
0.06808333	3.75997954e+01	
0.06966667	3.75653960e+01	
0.07125000	3.75807147e+01	
0.07283333	3.75361266e+01	
0.07441667	3.73695754e+01	
0.07600000	3.73876564e+01	
0.07758333	3.73509381e+01	
0.07916667	3.73663207e+01	
0.08075000	3.76885544e+01	
0.08233333	3.73394679e+01	
0.08391667	3.73594356e+01	
0.08550000	3.74128255e+01	
0.08708333	3.72325415e+01	
0.08866667	3.73245626e+01	
0.09025000	3.69092856e+01	
0.09183333	3.73136862e+01	
0.09341667	3.72480744e+01	
0.09500000	3.71081730e+01	
0.09658333	3.72241531e+01	
0.09816667	3.68803658e+01	
0.09975000	3.65019235e+01	
0.10133333	3.63870108e+01	
0.10291667	3.62655925e+01	
0.10450000	3.63081286e+01	
0.10608333	3.63663065e+01	
0.10766667	3.62265630e+01	
0.10925000	3.62493192e+01	
0.11083333	3.61716660e+01	
0.11241667	3.63034082e+01	
0.11400000	3.61860902e+01	
0.11558333	3.60413932e+01	
0.11716667	3.60124659e+01	
0.11875000	3.56755036e+01	
0.12033333	3.56765747e+01	
0.12191667	3.57176375e+01	
0.12350000	3.56240905e+01	
0.12508333	3.56023941e+01	
0.12666667	3.55872445e+01	
0.12825000	3.55888831e+01	
0.12983333	3.53682805e+01	
0.13141667	3.56939416e+01	
0.13300000	3.54583698e+01	
0.13458333	3.53557278e+01	
0.13616667	3.54097153e+01	
0.13775000	3.53218283e+01	
0.13933333	3.55554458e+01	
0.14091667	3.58366693e+01	
0.14250000	3.55218582e+01	
0.14408333	3.56183742e+01	
0.14566667	3.54475648e+01	
0.14725000	3.55678781e+01	
0.14883333	3.55597039e+01	
0.15041667	3.54755451e+01	
0.15200000	3.44653535e+01	
0.15358333	3.42687737e+01	
0.15516667	3.44362307e+01	
0.15675000	3.32051922e+01	
0.15833333	3.26513480e+01	
0.15991667	3.25029303e+01	
0.16150000	3.24821847e+01	
0.16308333	3.24843946e+01	
0.16466667	3.23461055e+01	
0.16625000	3.24318277e+01	
0.16783333	3.24867736e+01	
0.16941667	3.22267054e+01	
0.17100000	3.25778965e+01	
0.17258333	3.21254915e+01	
0.17416667	3.22924186e+01	
0.17575000	3.23755966e+01	
0.17733333	3.23433131e+01	
0.17891667	3.23404906e+01	
0.18050000	3.20963725e+01	
0.18208333	3.21261305e+01	
0.18366667	3.22127509e+01	
0.18525000	3.20930277e+01	
0.18683333	3.19940951e+01	
0.18841667	3.16471997e+01	
0.19000000	3.15956889e+01	
0.19158333	3.14530609e+01	
0.19316667	3.12872613e+01	
0.19475000	3.14002930e+01	
0.19633333	3.13606057e+01	
0.19791667	3.13005336e+01	
0.19950000	3.13990584e+01	
0.20108333	3.12197159e+01	
0.20266667	3.13930358e+01	
0.20425000	3.12415006e+01	
0.20583333	3.13544628e+01	
0.20741667	3.11811485e+01	
0.20900000	3.10251561e+01	
0.21058333	3.10252050e+01	
0.21216667	3.08946973e+01	
0.21375000	3.09400089e+01	
0.21533333	3.08177638e+01	
0.21691667	3.05624761e+01	
0.21850000	2.98373113e+01	
0.22008333	2.84447558e+01	
0.22166667	2.86795947e+01	
0.22325000	2.88071690e+01	
0.22483333	2.87544237e+01	
0.22641667	2.86385394e+01	
0.22800000	2.83604090e+01	
0.22958333	2.86032644e+01	
0.23116667	2.83807882e+01	
0.23275000	2.82989295e+01	
0.23433333	2.79382055e+01	
0.23591667	2.75226504e+01	
0.23750000	2.75384859e+01	
0.23908333	2.74564655e+01	
0.24066667	2.72815483e+01	
0.24225000	2.71486617e+01	
0.24383333	2.68633718e+01	
0.24541667	2.69222225e+01	
0.24700000	2.68793801e+01	
0.24858333	2.68171602e+01	
0.25016667	2.65144939e+01	
0.25175000	2.66090162e+01	
0.25333333	2.63115232e+01	
0.25491667	2.63013947e+01	
0.25650000	2.63149000e+01	
0.25808333	2.65779560e+01	
0.25966667	2.63408452e+01	
0.26125000	2.64739404e+01	
0.26283333	2.64035312e+01	
0.26441667	2.62885621e+01	
0.26600000	2.61315831e+01	
0.26758333	2.60274266e+01	
0.26916667	2.59963100e+01	
0.27075000	2.41952367e+01	
0.27233333	2.43501956e+01	
0.27391667	2.40521764e+01	
0.27550000	2.39093811e+01	
0.27708333	2.35897313e+01	
0.27866667	2.36241457e+01	
0.28025000	2.37336729e+01	
0.28183333	2.37696958e+01	
0.28341667	2.36960056e+01	
0.28500000	2.36949383e+01	
0.28658333	2.35255683e+01	
0.28816667	2.35153590e+01	
0.28975000	2.35357833e+01	
0.29133333	2.37341708e+01	
0.29291667	2.37044956e+01	
0.29450000	2.36058655e+01	
0.29608333	2.35730070e+01	
0.29766667	2.34210904e+01	
0.29925000	2.24737784e+01	
0.30083333	2.23530780e+01	
0.30241667	2.21632762e+01	
0.30400000	2.20492373e+01	
0.30558333	2.20443309e+01	
0.30716667	2.21551320e+01	
0.30875000	2.20795007e+01	
0.31033333	2.19185755e+01	
0.31191667	2.19891576e+01	
0.31350000	2.19638758e+01	
0.31508333	2.16900317e+01	
0.31666667	2.15762540e+01	
0.31825000	2.15705001e+01	
0.31983333	2.15923769e+01	
0.32141667	2.07371818e+01	
0.32300000	2.01095422e+01	
0.32458333	1.97999307e+01	
0.32616667	1.89784754e+01	
0.32775000	1.89749239e+01	
0.32933333	1.93518234e+01	
0.33091667	1.92604223e+01	
0.33250000	1.91797925e+01	
0.33408333	1.88068261e+01	
0.33566667	1.87915544e+01	
0.33725000	1.87826191e+01	
0.33883333	1.89068241e+01	
0.34041667	1.87662049e+01	
0.34200000	1.89292835e+01	
0.34358333	1.89112175e+01	
0.34516667	1.88007809e+01	
0.34675000	1.88842407e+01	
0.34833333	1.87211959e+01	
0.34991667	1.87372982e+01	
0.35150000	1.87256551e+01	
0.35308333	1.83958955e+01	
0.35466667	1.85341715e+01	
0.35625000	1.85159382e+01	
0.35783333	1.84546221e+01	
0.35941667	1.81811313e+01	
0.36100000	1.81485866e+01	
0.36258333	1.79693512e+01	
0.36416667	1.81300696e+01	
0.36575000	1.80920980e+01	
0.36733333	1.80796243e+01	
0.36891667	1.78297542e+01	
0.37050000	1.76895578e+01	
0.37208333	1.69438766e+01	
0.37366667	1.63796032e+01	
0.37525000	1.64186967e+01	
0.37683333	1.63504278e+01	
0.37841667	1.64255800e+01	
0.38000000	1.62827715e+01	
0.38158333	1.58786847e+01	
0.38316667	1.59977766e+01	
0.38475000	1.57943079e+01	
0.38633333	1.54694050e+01	
0.38791667	1.53543044e+01	
0.38950000	1.53074416e+01	
0.39108333	1.54064005e+01	
0.39266667	1.51988494e+01	
0.39425000	1.51987874e+01	
0.39583333	1.51106842e+01	
0.39741667	1.50689910e+01	
0.39900000	1.50935766e+01	
0.40058333	1.47346679e+01	
0.40216667	1.42817218e+01	
0.40375000	1.43801668e+01	
0.40533333	1.44100187e+01	
0.40691667	1.42189391e+01	
0.40850000	1.37856102e+01	
0.41008333	1.37472796e+01	
0.41166667	1.37390218e+01	
0.41325000	1.36982418e+01	
0.41483333	1.37141120e+01	
0.41641667	1.36855821e+01	
0.41800000	1.36908690e+01	
0.41958333	1.35724555e+01	
0.42116667	1.36289403e+01	
0.42275000	1.36314499e+01	
0.42433333	1.35179653e+01	
0.42591667	1.19211791e+01	
0.42750000	1.16427254e+01	
0.42908333	1.12428883e+01	
0.43066667	1.12322393e+01	
0.43225000	1.10718666e+01	
0.43383333	1.08164277e+01	
0.43541667	1.06844891e+01	
0.43700000	1.09608954e+01	
0.43858333	1.09089580e+01	
0.44016667	1.08351579e+01	
0.44175000	1.08051012e+01	
0.44333333	1.07509051e+01	
0.44491667	1.06833700e+01	
0.44650000	1.04526041e+01	
0.44808333	9.73837686e+00	
0.44966667	8.66009022e+00	
0.45125000	8.57496928e+00	
0.45283333	8.37377808e+00	
0.45441667	8.36535956e+00	
0.45600000	8.40434874e+00	
0.45758333	8.47903862e+00	
0.45916667	8.42091800e+00	
0.46075000	8.43093001e+00	
0.46233333	8.37525414e+00	
0.46391667	8.42004420e+00	
0.46550000	8.41379326e+00	
0.46708333	8.37416518e+00	
0.46866667	8.17056587e+00	
0.47025000	7.85246021e+00	
0.47183333	8.07235019e+00	
0.47341667	7.87576004e+00	
0.47500000	6.63874966e+00	
0.47658333	6.63955111e+00	
0.47816667	6.56288908e+00	
0.47975000	6.50702764e+00	
0.48133333	6.15252741e+00	
0.48291667	6.32563968e+00	
0.48450000	6.24197083e+00	
0.48608333	6.09267845e+00	
0.48766667	6.19266991e+00	
0.48925000	6.09274798e+00	
0.49083333	6.15205246e+00	
0.49241667	5.90208697e+00	
0.49400000	5.82590224e+00	
0.49558333	5.80564566e+00	
0.49716667	5.14402565e+00	
0.49875000	4.89128797e+00	
0.50033333	4.77135140e+00	
0.50191667	4.58994558e+00	
0.50350000	5.17773447e+00	
0.50508333	4.90655404e+00	
0.50666667	4.87307213e+00	
0.50825000	4.83082171e+00	
0.50983333	4.70122875e+00	
0.51141667	4.86813940e+00	
0.51300000	4.58237596e+00	
0.51458333	4.55914002e+00	
0.51616667	4.37746878e+00	
0.51775000	4.15598060e+00	
0.51933333	3.77276558e+00	
0.52091667	3.68965695e+00	
0.52250000	3.53854980e+00	
0.52408333	3.58442624e+00	
0.52566667	3.59625209e+00	
0.52725000	3.58251234e+00	
0.52883333	3.43445572e+00	
0.53041667	3.37257049e+00	
0.53200000	3.35746062e+00	
0.53358333	3.30726899e+00	
0.53516667	3.36076554e+00	
0.53675000	3.33395385e+00	
0.53833333	3.36604778e+00	
0.53991667	3.21752021e+00	
0.54150000	2.86728397e+00	
0.54308333	2.55318040e+00	
0.54466667	2.50988847e+00	
0.54625000	2.53233541e+00	
0.54783333	2.34823985e+00	
0.54941667	2.30581538e+00	
0.55100000	2.31515749e+00	
0.55258333	2.28846089e+00	
0.55416667	2.44937641e+00	
0.55575000	2.51152989e+00	
0.55733333	2.33417055e+00	
0.55891667	2.41486873e+00	
0.56050000	2.41992876e+00	
0.56208333	2.42182997e+00	
0.56366667	2.38064643e+00	
0.56525000	2.29485088e+00	
0.56683333	2.34113532e+00	
0.56841667	2.38881784e+00	
0.57000000	2.35704101e+00	
0.57158333	2.30812319e+00	
0.57316667	2.30535594e+00	
0.57475000	2.29253861e+00	
0.57633333	2.23854315e+00	
0.57791667	2.20876900e+00	
0.57950000	2.20040263e+00	
0.58108333	2.15741160e+00	
0.58266667	1.76828941e+00	
0.58425000	1.67684989e+00	
0.58583333	1.48117687e+00	
0.58741667	1.33586156e+00	
0.58900000	1.23035297e+00	
0.59058333	1.23573574e+00	
0.59216667	1.12683003e+00	
0.59375000	5.23534597e-01	
0.59533333	3.88787554e-01	
0.59691667	4.21315749e-01	
0.59850000	3.92739693e-01	
0.60008333	3.43691075e-01	
0.60166667	3.09639932e-01	
0.60325000	2.67536881e-01	
0.60483333	2.44341075e-01	
0.60641667	2.39607071e-01	
0.60800000	1.84386486e-01	
0.60958333	1.79994675e-01	
0.61116667	1.94607147e-01	
0.61275000	1.33287955e-01	
0.61433333	9.10863901e-02	
0.61591667	8.58995439e-02	
0.61750000	1.14926790e-01	
0.61908333	7.82852549e-02	
0.62066667	7.41013444e-02	
0.62225000	1.07341488e-01	
0.62383333	2.47596280e-02	
0.62541667	-5.71608437e-03	
0.62700000	2.72485156e-03	
0.62858333	4.67323963e-04	
0.63016667	-6.47220459e-06	
0.63175000	-5.45933642e-05	
0.63333333	-7.67596713e-05	
0.63491667	-5.79944640e-05	
0.63650000	-3.09687767e-05	
0.63808333	-1.10299539e-05	
0.63966667	3.53284348e-06	
0.64125000	1.48767799e-05	
0.64283333	2.33265161e-05	
0.64441667	2.80714218e-05	
0.64600000	2.89987911e-05	
0.64758333	2.77649957e-05	
0.64916667	2.50872961e-05	
0.65075000	2.14374537e-05	
0.65233333	1.80819731e-05	
0.65391667	1.48732818e-05	
0.65550000	1.21586859e-05	
0.65708333	1.01045666e-05	
0.65866667	8.05099293e-06	
0.66025000	6.63836404e-06	
0.66183333	5.63513010e-06	
0.66341667	4.79409332e-06	
0.66500000	3.98073523e-06	
0.66658333	3.10003052e-06	
0.66816667	2.82330374e-06	
0.66975000	2.32940817e-06	
0.67133333	1.74302568e-06	
0.67291667	1.51222309e-06	
0.67450000	1.33981241e-06	
0.67608333	1.30274143e-06	
0.67766667	1.05690574e-06	
0.67925000	8.43360770e-07	
0.68083333	9.70686403e-07	
0.68241667	1.12073696e-06	
0.68400000	1.18270217e-06	
0.68558333	1.12531248e-06	
0.68716667	1.09497715e-06	
0.68875000	1.11787915e-06	
0.69033333	1.01464815e-06	
0.69191667	8.28876336e-07	
0.69350000	6.37456723e-07	
0.69508333	6.33610023e-07	
0.69666667	6.45925815e-07	
0.69825000	5.12834723e-07	
0.69983333	5.47186217e-07	
0.70141667	5.93770563e-07	
0.70300000	5.71255033e-07	
0.70458333	7.23187554e-07	
0.70616667	5.95368203e-07	
0.70775000	7.25606919e-07	
0.70933333	7.15495105e-07	
0.71091667	6.84254383e-07	
0.71250000	6.35813497e-07	
0.71408333	4.64134910e-07	
0.71566667	4.84054864e-07	
0.71725000	3.08719816e-07	
0.71883333	4.01651058e-07	
0.72041667	3.75810939e-07	
0.72200000	4.93862752e-07	
0.72358333	7.48119033e-07	
0.72516667	5.99344829e-07	
0.72675000	5.64342642e-07	
0.72833333	6.33956062e-07	
0.72991667	5.90055692e-07	
0.73150000	3.51913127e-07	
0.73308333	1.07700827e-07	
0.73466667	2.77936075e-07	
0.73625000	3.02057114e-07	
0.73783333	2.23412323e-07	
0.73941667	2.05953455e-07	
0.74100000	3.69146836e-07	
0.74258333	7.16706831e-07	
0.74416667	6.37846053e-07	
0.74575000	5.07345861e-07	
0.74733333	5.38933686e-07	
0.74891667	4.70745587e-07	
0.75050000	5.87373172e-07	
0.75208333	3.58464385e-07	
0.75366667	3.43446156e-08	
0.75525000	1.89828134e-07	
0.75683333	2.37715014e-07	
0.75841667	1.69560964e-07	
0.76000000	1.80785439e-08	
0.76158333	3.19160001e-07	
0.76316667	4.82145346e-07	
0.76475000	4.79474866e-07	
0.76633333	4.88635533e-07	
0.76791667	5.00872363e-07	
0.76950000	5.23076855e-07	
0.77108333	4.84279266e-07	
0.77266667	1.01071578e-07	
0.77425000	2.44144943e-07	
0.77583333	1.68178514e-07	
0.77741667	2.36323100e-07	
0.77900000	1.73234547e-07	
0.78058333	1.28692403e-07	
0.78216667	6.85939835e-07	
0.78375000	6.19523766e-07	
0.78533333	5.40100835e-07	
0.78691667	4.64523932e-07	
0.78850000	4.57092090e-07	
0.79008333	5.98004185e-07	
0.79166667	2.29409478e-07	
0.79325000	1.70477585e-07	
0.79483333	2.93362471e-07	
0.79641667	2.93362807e-07	
0.79800000	1.97476187e-07	
0.79958333	5.71948134e-08	
0.80116667	3.56251837e-07	
0.80275000	4.34017403e-07	
0.80433333	5.91651316e-07	
0.80591667	4.58214492e-07	
0.80750000	4.51907069e-07	
0.80908333	6.41267918e-07	
0.81066667	6.05867890e-07	
0.81225000	2.84331254e-07	
0.81383333	1.21389913e-07	
0.81541667	1.21467728e-07	
0.81700000	2.73485331e-07	
0.81858333	3.05418944e-07	
0.82016667	2.25883112e-07	
0.82175000	3.31431944e-07	
0.82333333	3.87822890e-07	
0.82491667	4.08693514e-07	
0.82650000	3.30049718e-07	
0.82808333	5.28953199e-07	
0.82966667	6.83372455e-07	
0.83125000	3.47730719e-07	
0.83283333	3.91063027e-07	
0.83441667	3.49576121e-08	
0.83600000	6.77554312e-08	
0.83758333	1.87140867e-07	
0.83916667	1.05184487e-07	
0.84075000	2.46097611e-07	
0.84233333	3.26418347e-07	
0.84391667	4.61367322e-07	
0.84550000	4.67418617e-07	
0.84708333	4.70098254e-07	
0.84866667	6.43418583e-07	
0.85025000	5.42866687e-07	
0.85183333	3.13621072e-07	
0.85341667	1.35857056e-07	
0.85500000	1.57661032e-07	
0.85658333	2.45873265e-07	
0.85816667	7.68818107e-08	
0.85975000	6.91384833e-08	
0.86133333	3.40636097e-07	
0.86291667	4.25892530e-07	
0.86450000	4.10034551e-07	
0.86608333	3.23351425e-07	
0.86766667	3.56728615e-07	
0.86925000	6.34735337e-07	
0.87083333	3.64410983e-07	
0.87241667	2.85022101e-07	
0.87400000	8.11509593e-08	
0.87558333	2.01235356e-07	
0.87716667	2.98203301e-07	
0.87875000	7.41591016e-08	
0.88033333	1.01402042e-07	
0.88191667	2.13109610e-07	
0.88350000	5.67973061e-07	
0.88508333	5.46625575e-07	
0.88666667	6.08849912e-07	
0.88825000	7.71885155e-07	
0.88983333	6.68101578e-07	
0.89141667	4.96672006e-07	
0.89300000	5.28261287e-07	
0.89458333	1.58170725e-07	
0.89616667	3.00363010e-07	
0.89775000	1.93638881e-07	
0.89933333	9.51508245e-08	
0.90091667	1.80476750e-07	
0.90250000	3.54230175e-07	
0.90408333	5.17025783e-07	
0.90566667	3.82853759e-07	
0.90725000	3.95212617e-07	
0.90883333	3.81298653e-07	
0.91041667	3.21494326e-07	
0.91200000	1.67676018e-07	
0.91358333	5.64163259e-08	
0.91516667	2.24742746e-07	
0.91675000	2.78022991e-07	
0.91833333	5.64255559e-08	
0.91991667	1.78895589e-07	
0.92150000	1.74141410e-07	
0.92308333	5.60367192e-07	
0.92466667	5.39193650e-07	
0.92625000	3.81038465e-07	
0.92783333	4.74687940e-07	
0.92941667	4.98297983e-07	
0.93100000	4.66588548e-07	
0.93258333	1.28718038e-07	
0.93416667	3.85613878e-08	
0.93575000	1.52881904e-07	
0.93733333	1.06688749e-07	
0.93891667	4.21749569e-08	
0.94050000	-1.43457980e-08	
0.94208333	3.92144296e-07	
0.94366667	6.15762358e-07	
0.94525000	5.53669124e-07	
0.94683333	7.27292594e-07	
0.94841667	5.36420294e-07	
0.95000000	6.48907109e-07	
0.95158333	4.00313046e-07	
0.95316667	8.81947944e-08	
0.95475000	1.36721147e-07	
0.95633333	7.42371691e-08	
0.95791667	8.17123915e-08	
0.95950000	-3.90632893e-08	
0.96108333	1.08581774e-07	
0.96266667	5.01208658e-07	
0.96425000	4.28959872e-07	
0.96583333	4.33409747e-07	
0.96741667	4.13161787e-07	
0.96900000	3.13284021e-07	
0.97058333	5.39278998e-07	
0.97216667	-7.31663310e-08	
0.97375000	-5.63476074e-08	
0.97533333	7.22062589e-08	
0.97691667	2.07095389e-07	
0.97850000	3.05090266e-07	
0.98008333	1.16549763e-07	
0.98166667	3.17499974e-07	
0.98325000	4.26497917e-07	
0.98483333	3.81211261e-07	
0.98641667	4.11459675e-07	
0.98800000	3.06715095e-07	
0.98958333	4.64032397e-07	
0.99116667	2.45095754e-07	
0.99275000	1.92231062e-07	
0.99433333	2.40255708e-07	
0.99591667	6.69774933e-08	
0.99750000	9.32943132e-08	
0.99908333	9.71387247e-08	
1.00066667	1.84383891e-07	
1.00225000	6.38106408e-07	
1.00383333	4.76190767e-07	
1.00541667	4.82456552e-07	
1.00700000	2.68905418e-07	
1.00858333	3.70400172e-07	
1.01016667	6.98730529e-07	
1.01175000	3.58569501e-07	
1.01333333	1.01460306e-07	
1.01491667	3.94086463e-08	
1.01650000	8.42192880e-08	
1.01808333	1.91426963e-07	
1.01966667	8.42355987e-08	
1.02125000	1.12168987e-07	
1.02283333	3.67143290e-07	
1.02441667	4.22867218e-07	
1.02600000	4.25719678e-07	
1.02758333	4.02599909e-07	
1.02916667	5.50256274e-07	
1.03075000	3.54645797e-07	
1.03233333	4.18674506e-07	
1.03391667	1.67098240e-07	
1.03550000	2.42156686e-07	
1.03708333	3.28235376e-07	
1.03866667	2.00769275e-07	
1.04025000	1.13655483e-07	
1.04183333	4.09688875e-07	
1.04341667	4.51775744e-07	
1.04500000	4.99653972e-07	
1.04658333	3.55457274e-07	
1.04816667	4.63875618e-07	
1.04975000	4.93907330e-07	
1.05133333	4.31492305e-07	
1.05291667	2.16575984e-07	
1.05450000	2.48289801e-08	
1.05608333	2.79751145e-07	
1.05766667	2.07726313e-07	
1.05925000	1.53633822e-07	
1.06083333	2.86398055e-07	
1.06241667	3.39581877e-07	
1.06400000	5.58854564e-07	
1.06558333	5.24458325e-07	
1.06716667	4.05929090e-07	
1.06875000	5.04192303e-07	
1.07033333	3.82636637e-07	
1.07191667	3.16653720e-07	
1.07350000	1.31310464e-07	
1.07508333	1.19479513e-07	
1.07666667	2.36495868e-07	
1.07825000	1.81487679e-07	
1.07983333	3.29487536e-07	
1.08141667	5.11812341e-07	
1.08300000	4.57481028e-07	
1.08458333	6.11270004e-07	
1.08616667	4.88808413e-07	
1.08775000	4.81203832e-07	
1.08933333	5.23680338e-07	
1.09091667	3.64444753e-07	
1.09250000	2.90596787e-07	
1.09408333	7.07368090e-08	
1.09566667	1.71851593e-07	
1.09725000	1.15331386e-07	
1.09883333	1.78757081e-07	
1.10041667	1.06913690e-07	
1.10200000	1.13733039e-07	
1.10358333	5.21735371e-07	
1.10516667	5.26705034e-07	
1.10675000	4.29936276e-07	
1.10833333	5.56262208e-07	
1.10991667	4.37860883e-07	
1.11150000	5.19790403e-07	
1.11308333	4.31256871e-08	
1.11466667	1.37844669e-07	
1.11625000	2.55855544e-07	
1.11783333	1.62561280e-07	
1.11941667	1.47411564e-07	
1.12100000	2.41508597e-07	
1.12258333	4.57409652e-07	
1.12416667	4.04761774e-07	
1.12575000	3.82465438e-07	
1.12733333	5.59847041e-07	
1.12891667	4.85697754e-07	
1.13050000	5.96622715e-07	
1.13208333	6.40498780e-08	
1.13366667	-3.08873354e-08	
1.13525000	1.46607648e-07	
1.13683333	9.04326618e-08	
1.13841667	3.07803503e-07	
1.14000000	2.36669532e-07	
1.14158333	3.58655381e-07	
1.14316667	4.14658258e-07	
1.14475000	5.33662002e-07	
1.14633333	5.57644742e-07	
1.14791667	5.84694684e-07	
1.14950000	6.23496977e-07	
1.15108333	7.16922105e-07	
1.15266667	9.04769388e-08	
1.15425000	1.72310436e-07	
1.15583333	1.44585272e-07	
1.15741667	1.49294873e-07	
1.15900000	2.79966698e-07	
1.16058333	1.36194485e-07	
1.16216667	3.68637297e-07	
1.16375000	5.58509477e-07	
1.16533333	4.49356659e-07	
1.16691667	5.32063354e-07	
1.16850000	3.06974834e-07	
1.17008333	4.12929656e-07	
1.17166667	5.43818618e-07	
1.17325000	2.78532222e-07	
1.17483333	1.57937895e-07	
1.17641667	1.89663668e-07	
1.17800000	2.44698500e-07	
1.17958333	1.47523359e-07	
1.18116667	2.43841269e-07	
1.18275000	3.39772062e-07	
1.18433333	4.10120570e-07	
1.18591667	4.73771010e-07	
1.18750000	4.58041053e-07	
1.18908333	5.55269955e-07	
1.19066667	6.07941943e-07	
1.19225000	2.68792601e-07	
1.19383333	2.87572316e-07	
1.19541667	4.83104977e-08	
1.19700000	1.36851269e-07	
1.19858333	9.82889183e-08	
1.20016667	3.27634581e-08	
1.20175000	2.87910067e-07	
1.20333333	3.71922040e-07	
1.20491667	5.14778234e-07	
1.20650000	5.07347149e-07	
1.20808333	4.82716740e-07	
1.20966667	7.26987884e-07	
1.21125000	5.26273198e-07	
1.21283333	2.49926054e-07	
1.21441667	8.51265077e-08	
@ 
0.00000000	2.77241123e-08	
0.00158333	9.60763570e-08	
0.00316667	1.85371100e-08	
0.00475000	2.30074452e-07	
0.00633333	4.78695815e-07	
0.00791667	4.86865070e-07	
0.00950000	5.42131822e-07	
0.01108333	3.25200796e-07	
0.01266667	5.79984480e-07	
0.01425000	5.02205278e-07	
0.01583333	1.97787687e-07	
0.01741667	4.19627221e-07	
0.01900000	1.39685234e-07	
0.02058333	3.09566574e-07	
0.02216667	3.31286001e-07	
0.02375000	1.51896764e-07	
0.02533333	3.64411347e-07	
0.02691667	6.28770173e-07	
0.02850000	6.39962332e-07	
0.03008333	5.05099096e-07	
0.03166667	5.84132642e-07	
0.03325000	5.71688212e-07	
0.03483333	5.01124598e-07	
0.03641667	3.27111490e-07	
0.03800000	7.25684832e-08	
0.03958333	2.50282983e-08	
0.04116667	2.70072510e-07	
0.04275000	2.14735139e-07	
0.04433333	2.85022801e-07	
0.04591667	3.33377975e-07	
0.04750000	6.62889928e-07	
0.04908333	5.14563185e-07	
0.05066667	3.72568673e-07	
0.05225000	4.20966325e-07	
0.05383333	4.87175324e-07	
0.05541667	4.98271382e-07	
0.05700000	2.90467561e-07	
0.05858333	1.47117607e-07	
0.06016667	2.25347574e-07	
0.06175000	1.63209271e-07	
0.06333333	1.20974430e-07	
0.06491667	1.08028658e-07	
0.06650000	1.99721944e-07	
0.06808333	4.01001961e-07	
0.06966667	3.56572452e-07	
0.07125000	3.64531753e-07	
0.07283333	4.92307394e-07	
0.07441667	5.47757274e-07	
0.07600000	6.15419286e-07	
0.07758333	3.38562408e-07	
0.07916667	2.75818004e-07	
0.08075000	2.62293733e-07	
0.08233333	1.94018942e-07	
0.08391667	3.55456658e-07	
0.08550000	2.04026563e-07	
0.08708333	5.37630284e-07	
0.08866667	6.75612915e-07	
0.09025000	6.35814001e-07	
0.09183333	6.79241934e-07	
0.09341667	4.95073974e-07	
0.09500000	5.83761906e-07	
0.09658333	3.43357763e-07	
0.09816667	1.54834432e-07	
0.09975000	1.57807773e-07	
0.10133333	6.32959651e-08	
0.10291667	1.13645759e-07	
0.10450000	-2.08299072e-09	
0.10608333	4.01953171e-08	
0.10766667	3.61550655e-07	
0.10925000	4.25633967e-07	
0.11083333	6.42511174e-07	
0.11241667	4.65128115e-07	
0.11400000	5.70090292e-07	
0.11558333	4.84962497e-07	
0.11716667	2.25803742e-07	
0.11875000	2.20265597e-07	
0.12033333	1.64549201e-07	
0.12191667	2.74566040e-07	
0.12350000	3.72613363e-07	
0.12508333	2.81350996e-07	
0.12666667	4.75205235e-07	
0.12825000	3.27326819e-07	
0.12983333	6.55691589e-07	
0.13141667	7.10310056e-07	
0.13300000	6.09412065e-07	
0.13458333	7.72492222e-07	
0.13616667	2.73492836e-07	
0.13775000	4.18541745e-08	
0.13933333	1.20472942e-07	
0.14091667	1.56814190e-07	
0.14250000	2.08494569e-07	
0.14408333	-1.51247562e-08	
0.14566667	1.76199754e-07	
0.14725000	3.05936688e-07	
0.14883333	4.59295341e-07	
0.15041667	6.05306969e-07	
0.15200000	3.70063037e-07	
0.15358333	4.17726552e-07	
0.15516667	5.51549652e-07	
0.15675000	2.83339926e-07	
0.15833333	2.87140732e-07	
0.15991667	2.22754741e-07	
0.16150000	2.80408306e-07	
0.16308333	3.61982378e-07	
0.16466667	3.12900908e-07	
0.16625000	4.78351512e-07	
0.16783333	4.14613792e-07	
0.16941667	5.64211933e-07	
0.17100000	5.25192406e-07	
0.17258333	4.43306848e-07	
0.17416667	6.04615282e-07	
0.17575000	4.17043517e-07	
0.17733333	3.09697256e-07	
0.17891667	1.17319440e-07	
0.18050000	2.66908648e-07	
0.18208333	2.68723522e-07	
0.18366667	2.59959661e-07	
0.18525000	2.40929979e-07	
0.18683333	5.32190088e-07	
0.18841667	5.91176919e-07	
0.19000000	5.30463698e-07	
0.19158333	5.55267659e-07	
0.19316667	7.96518252e-07	
0.19475000	6.71940830e-07	
0.19633333	5.10890820e-07	
0.19791667	2.35545365e-07	
0.19950000	2.22452734e-07	
0.20108333	4.17596010e-07	
0.20266667	3.53557080e-07	
0.20425000	3.15358046e-07	
0.20583333	4.75137024e-07	
0.20741667	6.05521682e-07	
0.20900000	7.38613558e-07	
0.21058333	5.09766010e-07	
0.21216667	5.76486003e-07	
0.21375000	6.50766392e-07	
0.21533333	6.16066563e-07	
0.21691667	5.85860152e-07	
0.21850000	2.58578975e-07	
0.22008333	3.16221409e-07	
0.22166667	3.80691866e-07	
0.22325000	2.32002800e-07	
0.22483333	2.53478714e-07	
0.22641667	3.83113163e-07	
0.22800000	6.67834110e-07	
0.22958333	7.69293975e-07	
0.23116667	4.93691160e-07	
0.23275000	6.87278967e-07	
0.23433333	6.64740811e-07	
0.23591667	4.82144842e-07	
0.23750000	3.26722412e-07	
0.23908333	2.56805627e-07	
0.24066667	3.66044465e-07	
0.24225000	2.93146946e-07	
0.24383333	2.85369681e-07	
0.24541667	2.76787268e-07	
0.24700000	5.13221141e-07	
0.24858333	6.14121596e-07	
0.25016667	4.07225549e-07	
0.25175000	5.13611702e-07	
0.25333333	7.22196029e-07	
0.25491667	6.81097745e-07	
0.25650000	7.50326484e-07	
0.25808333	2.71584634e-07	
0.25966667	2.87183462e-07	
0.26125000	3.33376043e-07	
0.26283333	3.49337291e-07	
0.26441667	2.88351339e-07	
0.26600000	9.21699927e-08	
0.26758333	5.49130848e-07	
0.26916667	5.78213009e-07	
0.27075000	4.93345961e-07	
0.27233333	6.81563742e-07	
0.27391667	7.05168745e-07	
0.27550000	7.35424551e-07	
0.27708333	3.70157149e-07	
0.27866667	3.43228173e-07	
0.28025000	3.97458206e-07	
0.28183333	4.08046237e-07	
0.28341667	4.11658791e-07	
0.28500000	2.93449751e-07	
0.28658333	6.57701352e-07	
0.28816667	7.24957289e-07	
0.28975000	5.84522420e-07	
0.29133333	6.17447361e-07	
0.29291667	5.38434312e-07	
0.29450000	5.79942814e-07	
0.29608333	4.72430478e-07	
0.29766667	1.75697510e-07	
0.29925000	2.40402407e-07	
0.30083333	2.57411518e-07	
0.30241667	3.02005115e-07	
0.30400000	3.16222081e-07	
0.30558333	1.57229141e-07	
0.30716667	4.52854520e-07	
0.30875000	4.80555323e-07	
0.31033333	5.53237288e-07	
0.31191667	6.03405739e-07	
0.31350000	4.60547725e-07	
0.31508333	5.24457933e-07	
0.31666667	2.68239016e-07	
0.31825000	3.56969621e-07	
0.31983333	2.97943589e-07	
0.32141667	3.44784091e-07	
0.32300000	3.68031742e-07	
0.32458333	1.95920857e-07	
0.32616667	3.96942647e-07	
0.32775000	6.13516825e-07	
0.32933333	6.62519024e-07	
0.33091667	6.59882313e-07	
0.33250000	5.84695468e-07	
0.33408333	6.96181294e-07	
0.33566667	8.12288000e-07	
0.33725000	5.73848733e-07	
0.33883333	3.96750390e-07	
0.34041667	2.83726623e-07	
0.34200000	4.03767449e-07	
0.34358333	4.16680425e-07	
0.34516667	3.99248075e-07	
0.34675000	3.58017120e-07	
0.34833333	6.80192521e-07	
0.34991667	6.92810279e-07	
0.35150000	6.57938298e-07	
0.35308333	5.81497276e-07	
0.35466667	7.72276277e-07	
0.35625000	4.32807748e-07	
0.35783333	4.12798975e-07	
0.35941667	7.80490291e-08	
0.36100000	1.87581271e-07	
0.36258333	2.22798675e-07	
0.36416667	1.93717270e-07	
0.36575000	3.61801406e-07	
0.36733333	4.29997094e-07	
0.36891667	6.59797134e-07	
0.37050000	7.05255493e-07	
0.37208333	5.39365802e-07	
0.37366667	6.48908229e-07	
0.37525000	7.29538127e-07	
0.37683333	6.05211092e-07	
0.37841667	1.97943836e-07	
0.38000000	1.63174900e-07	
0.38158333	2.67694868e-07	
0.38316667	2.80874639e-07	
0.38475000	2.43065075e-07	
0.38633333	4.91445628e-07	
0.38791667	6.19651396e-07	
0.38950000	7.11219257e-07	
0.39108333	6.21501439e-07	
0.39266667	7.73311539e-07	
0.39425000	7.25563573e-07	
0.39583333	5.32536855e-07	
0.39741667	6.14813899e-07	
0.39900000	8.18861323e-08	
0.40058333	2.84374740e-07	
0.40216667	3.91799264e-07	
0.40375000	3.21146550e-07	
0.40533333	4.31941474e-07	
0.40691667	4.42745114e-07	
0.40850000	7.00889705e-07	
0.41008333	7.16880271e-07	
0.41166667	5.86232849e-07	
0.41325000	7.03655838e-07	
0.41483333	5.91953057e-07	
0.41641667	3.90798107e-07	
0.41800000	2.11864409e-07	
0.41958333	3.14147692e-07	
0.42116667	4.79172117e-07	
0.42275000	3.03215386e-07	
0.42433333	3.48586997e-07	
0.42591667	3.81469881e-07	
0.42750000	6.39617524e-07	
0.42908333	8.40161179e-07	
0.43066667	6.91903262e-07	
0.43225000	8.11857677e-07	
0.43383333	8.48285575e-07	
0.43541667	8.51571411e-07	
0.43700000	7.52658708e-07	
0.43858333	4.67089071e-07	
0.44016667	8.41025017e-07	
0.44175000	1.07332837e-06	
0.44333333	1.17751836e-06	
0.44491667	1.42252610e-06	
0.44650000	1.98267914e-06	
0.44808333	2.78311186e-06	
0.44966667	3.24367764e-06	
0.45125000	3.62452990e-06	
0.45283333	4.06996829e-06	
0.45441667	4.66407430e-06	
0.45600000	5.51132512e-06	
0.45758333	5.98275786e-06	
0.45916667	6.96746886e-06	
0.46075000	8.24670066e-06	
0.46233333	9.69595609e-06	
0.46391667	1.17291296e-05	
0.46550000	1.40234342e-05	
0.46708333	1.79252270e-05	
0.46866667	2.28353338e-05	
0.47025000	2.97859822e-05	
0.47183333	4.13555386e-05	
0.47341667	6.42002772e-05	
0.47500000	1.18077777e-04	
0.47658333	2.21901131e-04	
0.47816667	3.24929010e-04	
0.47975000	3.64395954e-04	
0.48133333	3.75103218e-04	
0.48291667	3.94263139e-04	
0.48450000	6.47314126e-04	
0.48608333	1.29898097e-03	
0.48766667	7.82449031e-04	
0.48925000	1.56870496e-03	
0.49083333	1.71814313e-03	
0.49241667	1.65184957e-03	
0.49400000	1.66006092e-03	
0.49558333	2.63021687e-03	
0.49716667	2.85616879e-03	
0.49875000	4.22293192e-03	
0.50033333	5.03078548e-03	
0.50191667	6.46492877e-03	
0.50350000	7.80718725e-03	
0.50508333	9.71577846e-03	
0.50666667	1.27733427e-02	
0.50825000	1.39235562e-02	
0.50983333	2.20562573e-02	
0.51141667	4.68538019e-02	
0.51300000	7.08604647e-02	
0.51458333	9.73727269e-02	
0.51616667	1.42864939e-01	
0.51775000	1.85271044e-01	
0.51933333	2.83940358e-01	
0.52091667	3.85464543e-01	
0.52250000	5.38312095e-01	
0.52408333	1.10899601e+00	
0.52566667	1.66950119e+00	
0.52725000	3.27317894e+00	
0.52883333	4.77476813e+00	
0.53041667	5.00312407e+00	
0.53200000	5.74097672e+00	
0.53358333	6.26067196e+00	
0.53516667	7.21790958e+00	
0.53675000	8.03763979e+00	
0.53833333	8.57307605e+00	
0.53991667	9.20696852e+00	
0.54150000	9.81290231e+00	
0.54308333	9.92240876e+00	
0.54466667	9.99573063e+00	
0.54625000	1.03209333e+01	
0.54783333	1.13752234e+01	
0.54941667	1.25134187e+01	
0.55100000	1.39537230e+01	
0.55258333	1.41765947e+01	
0.55416667	1.44641367e+01	
0.55575000	1.49292878e+01	
0.55733333	1.51850096e+01	
0.55891667	1.52616340e+01	
0.56050000	1.54366771e+01	
0.56208333	1.56298002e+01	
0.56366667	1.55752584e+01	
0.56525000	1.68608096e+01	
0.56683333	1.86375989e+01	
0.56841667	1.93391618e+01	
0.57000000	1.92307772e+01	
0.57158333	1.92099639e+01	
0.57316667	1.94744424e+01	
0.57475000	1.98137423e+01	
0.57633333	2.15566546e+01	
0.57791667	2.24676656e+01	
0.57950000	2.25034800e+01	
0.58108333	2.27213297e+01	
0.58266667	2.32413758e+01	
0.58425000	2.44398133e+01	
0.58583333	2.46806824e+01	
0.58741667	2.51566685e+01	
0.58900000	2.56233924e+01	
0.59058333	2.59653269e+01	
0.59216667	2.64584225e+01	
0.59375000	2.79098344e+01	
0.59533333	2.85811695e+01	
0.59691667	2.88002538e+01	
0.59850000	2.88551076e+01	
0.60008333	2.89126165e+01	
0.60166667	2.91445334e+01	
0.60325000	2.94877532e+01	
0.60483333	3.15369322e+01	
