start voltage : 0.00 V 
set voltage : 0.10 V 
High G : 30.00 G0 
Intermediate G : 20.00 G0 
Low G : 10.00 G0 
Breaking speed 1 : 300.00 V/s 
Breaking speed 2 : 300.00 V/s 
Making speed : 500.00 V/s 
Post breaking : 230.00 V/s 
@ 
0.00000000	4.42736811e+01	
0.00158333	4.46990115e+01	
0.00316667	4.47847412e+01	
0.00475000	4.47858349e+01	
0.00633333	4.46907696e+01	
0.00791667	4.49105792e+01	
0.00950000	4.48077381e+01	
0.01108333	4.48043932e+01	
0.01266667	4.49214895e+01	
0.01425000	4.46456591e+01	
0.01583333	4.47039912e+01	
0.01741667	4.47123345e+01	
0.01900000	4.48683814e+01	
0.02058333	4.48212716e+01	
0.02216667	4.45482449e+01	
0.02375000	4.48629695e+01	
0.02533333	4.48067308e+01	
0.02691667	4.47396684e+01	
0.02850000	4.47018489e+01	
0.03008333	4.46132854e+01	
0.03166667	4.48411641e+01	
0.03325000	4.46305622e+01	
0.03483333	4.46218355e+01	
0.03641667	4.46981546e+01	
0.03800000	4.45608614e+01	
0.03958333	4.46817385e+01	
0.04116667	4.46353051e+01	
0.04275000	4.47482786e+01	
0.04433333	4.47505222e+01	
0.04591667	4.45767062e+01	
0.04750000	4.46767212e+01	
0.04908333	4.45114402e+01	
0.05066667	4.44938403e+01	
0.05225000	4.45725721e+01	
0.05383333	4.45756840e+01	
0.05541667	4.45817348e+01	
0.05700000	4.44192612e+01	
0.05858333	4.46239063e+01	
0.06016667	4.44862824e+01	
0.06175000	4.44995678e+01	
0.06333333	4.46155404e+01	
0.06491667	4.44741394e+01	
0.06650000	4.44894356e+01	
0.06808333	4.44723918e+01	
0.06966667	4.43677054e+01	
0.07125000	4.45039011e+01	
0.07283333	4.44849858e+01	
0.07441667	4.45225872e+01	
0.07600000	4.43586179e+01	
0.07758333	4.44441071e+01	
0.07916667	4.43897062e+01	
0.08075000	4.43036570e+01	
0.08233333	4.44900933e+01	
0.08391667	4.44265297e+01	
0.08550000	4.43635450e+01	
0.08708333	4.43829376e+01	
0.08866667	4.43557390e+01	
0.09025000	4.45269731e+01	
0.09183333	4.44368837e+01	
0.09341667	4.43278903e+01	
0.09500000	4.43330091e+01	
0.09658333	4.39648194e+01	
0.09816667	4.40720840e+01	
0.09975000	4.40580807e+01	
0.10133333	4.39655973e+01	
0.10291667	4.41065059e+01	
0.10450000	4.40677094e+01	
0.10608333	4.41301154e+01	
0.10766667	4.40381168e+01	
0.10925000	4.39734446e+01	
0.11083333	4.41708362e+01	
0.11241667	4.39304387e+01	
0.11400000	4.40733881e+01	
0.11558333	4.38752110e+01	
0.11716667	4.39137520e+01	
0.11875000	4.39034431e+01	
0.12033333	4.38343098e+01	
0.12191667	4.38418301e+01	
0.12350000	4.38443519e+01	
0.12508333	4.39713024e+01	
0.12666667	4.38746360e+01	
0.12825000	4.37104262e+01	
0.12983333	4.38731590e+01	
0.13141667	4.37760192e+01	
0.13300000	4.37239935e+01	
0.13458333	4.36301346e+01	
0.13616667	4.33053904e+01	
0.13775000	4.33126213e+01	
0.13933333	4.32009144e+01	
0.14091667	4.33009030e+01	
0.14250000	4.27229984e+01	
0.14408333	4.23901927e+01	
0.14566667	4.23769900e+01	
0.14725000	4.22227658e+01	
0.14883333	4.21966383e+01	
0.15041667	4.22002312e+01	
0.15200000	4.21274675e+01	
0.15358333	4.23035497e+01	
0.15516667	4.21305605e+01	
0.15675000	4.21730928e+01	
0.15833333	4.22205296e+01	
0.15991667	4.20201991e+01	
0.16150000	4.22334393e+01	
0.16308333	4.19402157e+01	
0.16466667	4.19971421e+01	
0.16625000	4.18955900e+01	
0.16783333	4.17756864e+01	
0.16941667	4.18862846e+01	
0.17100000	4.18342401e+01	
0.17258333	4.19166025e+01	
0.17416667	4.17334886e+01	
0.17575000	4.12485634e+01	
0.17733333	4.08344514e+01	
0.17891667	4.07701588e+01	
0.18050000	4.11654193e+01	
0.18208333	4.10838386e+01	
0.18366667	4.08945160e+01	
0.18525000	4.09426782e+01	
0.18683333	4.08430353e+01	
0.18841667	4.08621498e+01	
0.19000000	4.07057121e+01	
0.19158333	4.06006385e+01	
0.19316667	4.07365148e+01	
0.19475000	4.06380934e+01	
0.19633333	4.08209217e+01	
0.19791667	4.06884203e+01	
0.19950000	4.06918967e+01	
0.20108333	4.07605301e+01	
0.20266667	4.08182871e+01	
0.20425000	4.06900439e+01	
0.20583333	4.02728013e+01	
0.20741667	3.99718620e+01	
0.20900000	4.00096325e+01	
0.21058333	3.99374287e+01	
0.21216667	3.97535180e+01	
0.21375000	3.94605049e+01	
0.21533333	3.94798524e+01	
0.21691667	3.94333627e+01	
0.21850000	3.92647895e+01	
0.22008333	3.94357567e+01	
0.22166667	3.85951869e+01	
0.22325000	3.84093708e+01	
0.22483333	3.84307591e+01	
0.22641667	3.84191009e+01	
0.22800000	3.85856973e+01	
0.22958333	3.84499262e+01	
0.23116667	3.84489265e+01	
0.23275000	3.83293611e+01	
0.23433333	3.81005504e+01	
0.23591667	3.79145539e+01	
0.23750000	3.77136520e+01	
0.23908333	3.76569173e+01	
0.24066667	3.74205450e+01	
0.24225000	3.74705750e+01	
0.24383333	3.74988146e+01	
0.24541667	3.70666141e+01	
0.24700000	3.71928279e+01	
0.24858333	3.70589472e+01	
0.25016667	3.69324365e+01	
0.25175000	3.69222892e+01	
0.25333333	3.68959325e+01	
0.25491667	3.68634611e+01	
0.25650000	3.67921518e+01	
0.25808333	3.66093460e+01	
0.25966667	3.65699406e+01	
0.26125000	3.62535811e+01	
0.26283333	3.62469140e+01	
0.26441667	3.61715232e+01	
0.26600000	3.60217864e+01	
0.26758333	3.59218691e+01	
0.26916667	3.58145895e+01	
0.27075000	3.56481284e+01	
0.27233333	3.55766311e+01	
0.27391667	3.54542207e+01	
0.27550000	3.55648227e+01	
0.27708333	3.53817576e+01	
0.27866667	3.49913490e+01	
0.28025000	3.48031614e+01	
0.28183333	3.41549020e+01	
0.28341667	3.38632682e+01	
0.28500000	3.36777865e+01	
0.28658333	3.35002048e+01	
0.28816667	3.33683498e+01	
0.28975000	3.31362018e+01	
0.29133333	3.31158282e+01	
0.29291667	3.30539972e+01	
0.29450000	3.31360214e+01	
0.29608333	3.29945377e+01	
0.29766667	3.31415610e+01	
0.29925000	3.30343979e+01	
0.30083333	3.27241268e+01	
0.30241667	3.27235443e+01	
0.30400000	3.24877921e+01	
0.30558333	3.18659984e+01	
0.30716667	3.18748867e+01	
0.30875000	3.19480000e+01	
0.31033333	3.20122513e+01	
0.31191667	3.19460870e+01	
0.31350000	3.19742176e+01	
0.31508333	3.20981314e+01	
0.31666667	3.19716319e+01	
0.31825000	3.19098912e+01	
0.31983333	3.10666286e+01	
0.32141667	3.06962403e+01	
0.32300000	3.05794033e+01	
0.32458333	3.05000945e+01	
0.32616667	3.02903289e+01	
0.32775000	3.00861310e+01	
0.32933333	3.00824385e+01	
0.33091667	2.97679018e+01	
0.33250000	2.93262719e+01	
0.33408333	2.94094254e+01	
0.33566667	2.94093239e+01	
0.33725000	2.94077924e+01	
0.33883333	2.95402355e+01	
0.34041667	2.91503794e+01	
0.34200000	2.91526738e+01	
0.34358333	2.90930151e+01	
0.34516667	2.91407263e+01	
0.34675000	2.90775818e+01	
0.34833333	2.87354087e+01	
0.34991667	2.85287643e+01	
0.35150000	2.84705487e+01	
0.35308333	2.84852248e+01	
0.35466667	2.84075940e+01	
0.35625000	2.84645806e+01	
0.35783333	2.84049614e+01	
0.35941667	2.83330075e+01	
0.36100000	2.82298244e+01	
0.36258333	2.78316475e+01	
0.36416667	2.76294697e+01	
0.36575000	2.76969644e+01	
0.36733333	2.72823338e+01	
0.36891667	2.64645579e+01	
0.37050000	2.61515846e+01	
0.37208333	2.59317505e+01	
0.37366667	2.59700980e+01	
0.37525000	2.57129011e+01	
0.37683333	2.57211862e+01	
0.37841667	2.57075456e+01	
0.38000000	2.56327148e+01	
0.38158333	2.55948954e+01	
0.38316667	2.55373206e+01	
0.38475000	2.55701547e+01	
0.38633333	2.54927269e+01	
0.38791667	2.53953428e+01	
0.38950000	2.53214703e+01	
0.39108333	2.53364376e+01	
0.39266667	2.49333580e+01	
0.39425000	2.48301805e+01	
0.39583333	2.44988706e+01	
0.39741667	2.45536680e+01	
0.39900000	2.43064230e+01	
0.40058333	2.43877538e+01	
0.40216667	2.43757085e+01	
0.40375000	2.43536193e+01	
0.40533333	2.44784182e+01	
0.40691667	2.42457233e+01	
0.40850000	2.37326375e+01	
0.41008333	2.35651523e+01	
0.41166667	2.33800051e+01	
0.41325000	2.32511736e+01	
0.41483333	2.31149610e+01	
0.41641667	2.29477501e+01	
0.41800000	2.26393788e+01	
0.41958333	2.24830256e+01	
0.42116667	2.19942576e+01	
0.42275000	2.18139943e+01	
0.42433333	2.19180043e+01	
0.42591667	2.18378179e+01	
0.42750000	2.07831210e+01	
0.42908333	2.08294566e+01	
0.43066667	2.03326554e+01	
0.43225000	2.06744977e+01	
0.43383333	1.98455015e+01	
0.43541667	1.96723188e+01	
0.43700000	1.96888721e+01	
0.43858333	1.94840635e+01	
0.44016667	1.95725650e+01	
0.44175000	1.91156126e+01	
0.44333333	1.89986366e+01	
0.44491667	1.91546779e+01	
0.44650000	1.90141583e+01	
0.44808333	1.89193955e+01	
0.44966667	1.89272164e+01	
0.45125000	1.90468665e+01	
0.45283333	1.89110202e+01	
0.45441667	1.90085359e+01	
0.45600000	1.89092350e+01	
0.45758333	1.82932404e+01	
0.45916667	1.79540438e+01	
0.46075000	1.79481828e+01	
0.46233333	1.76778000e+01	
0.46391667	1.75920590e+01	
0.46550000	1.75650258e+01	
0.46708333	1.78519919e+01	
0.46866667	1.77765691e+01	
0.47025000	1.74927318e+01	
0.47183333	1.75067313e+01	
0.47341667	1.72834547e+01	
0.47500000	1.67372998e+01	
0.47658333	1.70300461e+01	
0.47816667	1.70695831e+01	
0.47975000	1.70418152e+01	
0.48133333	1.69511677e+01	
0.48291667	1.69153364e+01	
0.48450000	1.68492529e+01	
0.48608333	1.69127751e+01	
0.48766667	1.68546103e+01	
0.48925000	1.67078914e+01	
0.49083333	1.65725695e+01	
0.49241667	1.56363415e+01	
0.49400000	1.54804966e+01	
0.49558333	1.51404384e+01	
0.49716667	1.47534640e+01	
0.49875000	1.45708235e+01	
0.50033333	1.41992129e+01	
0.50191667	1.41875754e+01	
0.50350000	1.40939495e+01	
0.50508333	1.39813820e+01	
0.50666667	1.37760952e+01	
0.50825000	1.37445070e+01	
0.50983333	1.34339822e+01	
0.51141667	1.30890205e+01	
0.51300000	1.28221122e+01	
0.51458333	1.28274311e+01	
0.51616667	1.28116060e+01	
0.51775000	1.28135227e+01	
0.51933333	1.26529414e+01	
0.52091667	1.26246558e+01	
0.52250000	1.27070576e+01	
0.52408333	1.26575885e+01	
0.52566667	1.21616629e+01	
0.52725000	1.14767219e+01	
0.52883333	1.13338205e+01	
0.53041667	1.12977224e+01	
0.53200000	1.12727891e+01	
0.53358333	1.11096447e+01	
0.53516667	1.08305813e+01	
0.53675000	1.04721368e+01	
0.53833333	1.04741221e+01	
0.53991667	1.02809670e+01	
0.54150000	9.84750748e+00	
0.54308333	1.00117249e+01	
0.54466667	9.97882502e+00	
0.54625000	9.75948797e+00	
0.54783333	9.79527229e+00	
0.54941667	1.01061250e+01	
0.55100000	1.02893996e+01	
0.55258333	1.01253438e+01	
0.55416667	1.00627621e+01	
0.55575000	9.83890763e+00	
0.55733333	9.63058230e+00	
0.55891667	9.43372814e+00	
0.56050000	9.10504061e+00	
0.56208333	7.91209871e+00	
0.56366667	7.73912221e+00	
0.56525000	7.69697750e+00	
0.56683333	7.69707145e+00	
0.56841667	7.68241845e+00	
0.57000000	7.53456079e+00	
0.57158333	7.38694600e+00	
0.57316667	7.37741739e+00	
0.57475000	7.32119281e+00	
0.57633333	7.29712347e+00	
0.57791667	7.29558822e+00	
0.57950000	7.20630875e+00	
0.58108333	7.05666732e+00	
0.58266667	6.46157143e+00	
0.58425000	6.41952349e+00	
0.58583333	6.28761214e+00	
0.58741667	6.34423228e+00	
0.58900000	6.32839261e+00	
0.59058333	6.27400957e+00	
0.59216667	6.26489108e+00	
0.59375000	6.19954096e+00	
0.59533333	6.03067037e+00	
0.59691667	6.35313233e+00	
0.59850000	6.56518961e+00	
0.60008333	5.80291199e+00	
0.60166667	5.79031147e+00	
0.60325000	5.90956920e+00	
0.60483333	5.82491616e+00	
0.60641667	5.66970546e+00	
0.60800000	5.72504591e+00	
0.60958333	5.56683047e+00	
0.61116667	5.50039374e+00	
0.61275000	4.73668469e+00	
0.61433333	4.55889432e+00	
0.61591667	4.28117592e+00	
0.61750000	4.19253536e+00	
0.61908333	4.06884193e+00	
0.62066667	4.04908004e+00	
0.62225000	3.96521482e+00	
0.62383333	3.87259450e+00	
0.62541667	3.80169436e+00	
0.62700000	3.59620816e+00	
0.62858333	3.59891905e+00	
0.63016667	3.43539999e+00	
0.63175000	3.37050978e+00	
0.63333333	3.34970567e+00	
0.63491667	3.31485552e+00	
0.63650000	3.31255100e+00	
0.63808333	3.42011207e+00	
0.63966667	3.30113386e+00	
0.64125000	3.33930562e+00	
0.64283333	2.90837026e+00	
0.64441667	3.29990819e+00	
0.64600000	3.26135027e+00	
0.64758333	3.13003649e+00	
0.64916667	2.21130465e+00	
0.65075000	2.20158836e+00	
0.65233333	2.05735014e+00	
0.65391667	2.03361083e+00	
0.65550000	2.00379393e+00	
0.65708333	2.01254129e+00	
0.65866667	2.02596393e+00	
0.66025000	1.87551095e+00	
0.66183333	1.89400737e+00	
0.66341667	1.74972816e+00	
0.66500000	1.73329104e+00	
0.66658333	1.96072303e+00	
0.66816667	1.95333546e+00	
0.66975000	1.98508528e+00	
0.67133333	1.91148248e+00	
0.67291667	1.86603648e+00	
0.67450000	1.78452289e+00	
0.67608333	1.78641693e+00	
0.67766667	1.85116256e+00	
0.67925000	1.78471009e+00	
0.68083333	2.04998112e+00	
0.68241667	1.77243689e+00	
0.68400000	1.66892488e+00	
0.68558333	1.60513162e+00	
0.68716667	1.61580380e+00	
0.68875000	1.57127141e+00	
0.69033333	1.55733377e+00	
0.69191667	1.55845831e+00	
0.69350000	1.22479567e+00	
0.69508333	8.87105514e-01	
0.69666667	9.38057429e-01	
0.69825000	9.44539732e-01	
0.69983333	9.22875624e-01	
0.70141667	6.84075641e-01	
0.70300000	5.33595531e-01	
0.70458333	5.19514193e-01	
0.70616667	5.02517146e-01	
0.70775000	7.90658392e-01	
0.70933333	6.89936714e-01	
0.71091667	3.38095870e-01	
0.71250000	3.25989265e-01	
0.71408333	3.23714840e-01	
0.71566667	3.17635406e-01	
0.71725000	2.28114649e-01	
0.71883333	1.90661967e-01	
0.72041667	2.05107387e-01	
0.72200000	1.92690211e-01	
0.72358333	1.64597665e-01	
0.72516667	1.59719877e-01	
0.72675000	1.54614362e-01	
0.72833333	1.54588172e-01	
0.72991667	1.61003046e-01	
0.73150000	1.67932185e-01	
0.73308333	1.61636460e-01	
0.73466667	1.52697045e-01	
0.73625000	1.61482841e-01	
0.73783333	1.56198779e-01	
0.73941667	1.60501787e-01	
0.74100000	1.67300136e-01	
0.74258333	1.34140098e-01	
0.74416667	6.53424802e-02	
0.74575000	7.70806062e-02	
0.74733333	6.89521249e-02	
0.74891667	8.84960646e-02	
0.75050000	6.38152373e-02	
0.75208333	4.62981842e-02	
0.75366667	3.66755614e-02	
0.75525000	3.60102604e-02	
0.75683333	3.63593643e-02	
0.75841667	3.17696088e-02	
0.76000000	2.47090474e-02	
0.76158333	7.22158515e-03	
0.76316667	6.96773526e-03	
0.76475000	9.20581420e-03	
0.76633333	7.05140621e-03	
0.76791667	6.79130234e-03	
0.76950000	6.74933933e-03	
0.77108333	6.18934683e-03	
0.77266667	6.84587058e-03	
0.77425000	6.31103993e-03	
0.77583333	6.04746636e-03	
0.77741667	5.36562340e-03	
0.77900000	5.36331532e-03	
0.78058333	5.21787340e-03	
0.78216667	5.46038105e-03	
0.78375000	5.25343837e-03	
0.78533333	5.09185040e-03	
0.78691667	4.57249873e-03	
0.78850000	4.12387374e-03	
0.79008333	3.31685285e-03	
0.79166667	1.21541153e-03	
0.79325000	3.89248683e-05	
0.79483333	-9.14489136e-06	
0.79641667	-3.08717499e-05	
0.79800000	-4.35498981e-05	
0.79958333	-4.72056561e-05	
0.80116667	-4.37261527e-05	
0.80275000	-3.72726060e-05	
0.80433333	-3.01324701e-05	
0.80591667	-2.37938423e-05	
0.80750000	-1.81769641e-05	
0.80908333	-1.35161814e-05	
0.81066667	-9.93814232e-06	
0.81225000	-7.00561374e-06	
0.81383333	-4.57191299e-06	
0.81541667	-2.85476416e-06	
0.81700000	-1.60372526e-06	
0.81858333	-8.01434041e-07	
0.82016667	-8.28628231e-08	
0.82175000	3.79267078e-07	
0.82333333	6.97779942e-07	
0.82491667	8.98194119e-07	
0.82650000	8.74687456e-07	
0.82808333	1.20132334e-06	
0.82966667	1.25832281e-06	
0.83125000	1.24583213e-06	
0.83283333	1.25080492e-06	
0.83441667	1.15465802e-06	
0.83600000	1.18472969e-06	
0.83758333	8.87477646e-07	
0.83916667	4.69320071e-07	
0.84075000	4.44170798e-07	
0.84233333	3.52518206e-07	
0.84391667	4.29175817e-07	
0.84550000	3.45648490e-07	
0.84708333	5.37681078e-07	
0.84866667	7.42718710e-07	
0.85025000	7.32391847e-07	
0.85183333	7.30577198e-07	
0.85341667	7.07803944e-07	
0.85500000	6.80756410e-07	
0.85658333	6.39270981e-07	
0.85816667	3.65612069e-07	
0.85975000	2.91807030e-07	
0.86133333	3.39167039e-07	
0.86291667	3.56883490e-07	
0.86450000	4.94210416e-07	
0.86608333	2.68342789e-07	
0.86766667	4.43436101e-07	
0.86925000	6.19956442e-07	
0.87083333	6.50376615e-07	
0.87241667	7.53134170e-07	
0.87400000	6.85206762e-07	
0.87558333	7.37100426e-07	
0.87716667	5.75491399e-07	
0.87875000	3.98712103e-07	
0.88033333	3.86223738e-07	
0.88191667	3.04726977e-07	
0.88350000	4.09731689e-07	
0.88508333	2.96559823e-07	
0.88666667	4.24337060e-07	
0.88825000	6.66234566e-07	
0.88983333	6.67660334e-07	
0.89141667	7.58449760e-07	
0.89300000	6.20647177e-07	
0.89458333	7.84765621e-07	
0.89616667	7.85455348e-07	
0.89775000	3.66304008e-07	
0.89933333	3.26462757e-07	
0.90091667	1.65404710e-07	
0.90250000	2.64798894e-07	
0.90408333	2.40929895e-07	
0.90566667	1.56165877e-07	
0.90725000	4.99438194e-07	
0.90883333	6.07898709e-07	
0.91041667	6.64678761e-07	
0.91200000	7.91115522e-07	
0.91358333	6.51328658e-07	
0.91516667	7.24268626e-07	
0.91675000	6.24924425e-07	
0.91833333	5.36210900e-07	
0.91991667	4.94166454e-07	
0.92150000	4.07657440e-07	
0.92308333	4.56788696e-07	
0.92466667	2.11952654e-07	
0.92625000	2.12039430e-07	
0.92783333	4.23818113e-07	
0.92941667	6.05046781e-07	
0.93100000	5.94892573e-07	
0.93258333	5.45286555e-07	
0.93416667	6.80104317e-07	
0.93575000	7.74220908e-07	
0.93733333	4.77530347e-07	
0.93891667	3.65957969e-07	
0.94050000	2.76077968e-07	
0.94208333	3.65439442e-07	
0.94366667	4.09385873e-07	
0.94525000	2.10224025e-07	
0.94683333	4.19108554e-07	
0.94841667	5.73632731e-07	
0.95000000	7.56719395e-07	
0.95158333	6.95229475e-07	
0.95316667	5.78429907e-07	
0.95475000	8.85663108e-07	
0.95633333	7.65102691e-07	
0.95791667	5.43859443e-07	
0.95950000	2.94096972e-07	
0.96108333	2.50798882e-07	
0.96266667	3.07752093e-07	
0.96425000	1.93803612e-07	
0.96583333	2.01581955e-07	
0.96741667	4.43911563e-07	
0.96900000	6.43289553e-07	
0.97058333	6.53661386e-07	
0.97216667	6.19393673e-07	
0.97375000	7.13552042e-07	
0.97533333	6.42943513e-07	
0.97691667	6.41517689e-07	
0.97850000	4.59078079e-07	
0.98008333	3.26765534e-07	
0.98166667	4.31336954e-07	
0.98325000	3.47290175e-07	
0.98483333	2.38743529e-07	
0.98641667	2.03784674e-07	
0.98800000	3.39858026e-07	
0.98958333	5.89967320e-07	
0.99116667	5.65335847e-07	
0.99275000	5.03241269e-07	
0.99433333	6.13905706e-07	
0.99591667	5.81279986e-07	
0.99750000	6.54697545e-07	
0.99908333	4.06880069e-07	
1.00066667	3.13369397e-07	
1.00225000	2.75040941e-07	
1.00383333	2.98288676e-07	
1.00541667	3.25858125e-07	
1.00700000	3.11986975e-07	
1.00858333	5.06049907e-07	
1.01016667	7.38096823e-07	
1.01175000	6.20084072e-07	
1.01333333	8.20112223e-07	
1.01491667	6.51239726e-07	
1.01650000	5.74713020e-07	
1.01808333	3.05202803e-07	
1.01966667	2.08063224e-07	
1.02125000	2.53564594e-07	
1.02283333	2.20335293e-07	
1.02441667	2.36928487e-07	
1.02600000	2.80442300e-07	
1.02758333	3.26030753e-07	
1.02916667	7.55466282e-07	
1.03075000	5.90745083e-07	
1.03233333	5.59070902e-07	
1.03391667	6.04917191e-07	
1.03550000	5.00345603e-07	
1.03708333	5.63952641e-07	
1.03866667	2.51577400e-07	
1.04025000	2.21156023e-07	
1.04183333	3.41284018e-07	
1.04341667	2.11909295e-07	
1.04500000	2.78627902e-07	
1.04658333	3.02877438e-07	
1.04816667	5.62354385e-07	
1.04975000	7.50194318e-07	
1.05133333	6.55777161e-07	
1.05291667	6.95360521e-07	
1.05450000	6.01722192e-07	
1.05608333	7.01754384e-07	
1.05766667	5.39668383e-07	
1.05925000	3.51482243e-07	
1.06083333	3.20801855e-07	
1.06241667	2.23273912e-07	
1.06400000	4.20707285e-07	
1.06558333	3.38604913e-07	
1.06716667	3.07060798e-07	
1.06875000	5.16982549e-07	
1.07033333	5.57515264e-07	
1.07191667	6.07079056e-07	
1.07350000	5.55397081e-07	
1.07508333	5.57946371e-07	
1.07666667	5.77046869e-07	
1.07825000	3.25685302e-07	
1.07983333	2.91504588e-07	
1.08141667	2.36237304e-07	
1.08300000	2.88436966e-07	
1.08458333	3.32512092e-07	
1.08616667	1.37757557e-07	
1.08775000	5.10975664e-07	
1.08933333	7.28286527e-07	
1.09091667	7.29150870e-07	
1.09250000	7.37448314e-07	
1.09408333	7.04865100e-07	
1.09566667	8.28363913e-07	
1.09725000	5.57126943e-07	
1.09883333	3.81860106e-07	
1.10041667	2.80225934e-07	
1.10200000	2.64064897e-07	
1.10358333	4.76103067e-07	
1.10516667	3.66130933e-07	
1.10675000	3.49191656e-07	
1.10833333	4.94945001e-07	
1.10991667	5.66416696e-07	
1.11150000	6.36072733e-07	
1.11308333	5.91133125e-07	
1.11466667	7.28243461e-07	
1.11625000	7.44145262e-07	
1.11783333	3.74254237e-07	
1.11941667	1.86284281e-07	
1.12100000	4.57524989e-08	
1.12258333	2.54429076e-07	
1.12416667	2.94140766e-07	
1.12575000	1.74228270e-07	
1.12733333	3.45994053e-07	
1.12891667	5.18408429e-07	
1.13050000	7.02835457e-07	
1.13208333	6.36289071e-07	
1.13366667	5.35388671e-07	
1.13525000	6.32875438e-07	
1.13683333	5.69831561e-07	
1.13841667	4.38812954e-07	
1.14000000	3.18036731e-07	
1.14158333	1.56296083e-07	
1.14316667	1.62216025e-07	
1.14475000	-1.72850914e-09	
1.14633333	1.74142586e-07	
1.14791667	4.93432317e-07	
1.14950000	5.93595891e-07	
1.15108333	7.02359491e-07	
1.15266667	5.88107589e-07	
1.15425000	6.51456007e-07	
1.15583333	7.03524904e-07	
1.15741667	6.24449860e-07	
1.15900000	3.64531501e-07	
1.16058333	1.93155117e-07	
1.16216667	2.99066327e-07	
1.16375000	3.41457345e-07	
1.16533333	2.53002944e-07	
1.16691667	3.67729188e-07	
1.16850000	4.82240550e-07	
1.17008333	7.60393439e-07	
1.17166667	6.99853267e-07	
1.17325000	6.01330622e-07	
1.17483333	6.54352401e-07	
1.17641667	5.97010924e-07	
1.17800000	4.93389475e-07	
1.17958333	1.76130297e-07	
1.18116667	2.53477846e-07	
1.18275000	3.24518321e-07	
1.18433333	2.76553933e-07	
1.18591667	2.85411347e-07	
1.18750000	2.95782536e-07	
1.18908333	5.47878464e-07	
1.19066667	6.83865110e-07	
1.19225000	6.38492490e-07	
1.19383333	6.68007438e-07	
1.19541667	6.54567003e-07	
1.19700000	5.69181932e-07	
1.19858333	4.29781905e-07	
1.20016667	2.45268101e-07	
1.20175000	3.18036479e-07	
1.20333333	2.48638165e-07	
1.20491667	2.25304340e-07	
1.20650000	2.53262852e-07	
1.20808333	3.45302646e-07	
1.20966667	6.25918749e-07	
1.21125000	5.56995785e-07	
1.21283333	6.64679209e-07	
1.21441667	7.07028141e-07	
1.21600000	6.98685559e-07	
1.21758333	5.96146806e-07	
1.21916667	3.10604637e-07	
1.22075000	2.73658603e-07	
1.22233333	2.86622065e-07	
1.22391667	1.64722011e-07	
1.22550000	2.29885079e-07	
1.22708333	2.58362021e-07	
1.22866667	5.26532714e-07	
1.23025000	6.00769757e-07	
1.23183333	5.33100745e-07	
1.23341667	5.14432979e-07	
1.23500000	5.11580827e-07	
1.23658333	6.09454739e-07	
1.23816667	3.63754046e-07	
1.23975000	8.65955936e-08	
1.24133333	2.32390884e-07	
1.24291667	2.37749288e-07	
1.24450000	2.36928291e-07	
1.24608333	2.57454052e-07	
1.24766667	3.28622858e-07	
1.24925000	5.70174800e-07	
1.25083333	6.35727702e-07	
1.25241667	6.71117706e-07	
1.25400000	6.29676798e-07	
1.25558333	7.37015414e-07	
1.25716667	7.14372366e-07	
1.25875000	4.52121951e-07	
1.26033333	3.71186923e-07	
1.26191667	2.65491561e-07	
1.26350000	3.04208030e-07	
1.26508333	2.11995902e-07	
1.26666667	2.02964615e-07	
1.26825000	4.95592278e-07	
1.26983333	6.70124221e-07	
1.27141667	6.37801587e-07	
1.27300000	6.61135034e-07	
1.27458333	6.59968221e-07	
1.27616667	7.19046896e-07	
1.27775000	5.69138922e-07	
1.27933333	3.62327550e-07	
1.28091667	2.54946876e-07	
1.28250000	2.33514518e-07	
1.28408333	3.42148136e-07	
1.28566667	2.25693823e-07	
1.28725000	3.22357520e-07	
1.28883333	5.42088140e-07	
1.29041667	4.99481428e-07	
1.29200000	5.65249603e-07	
1.29358333	4.87424871e-07	
1.29516667	5.77867025e-07	
1.29675000	6.33956062e-07	
1.29833333	4.31034065e-07	
1.29991667	3.06412233e-07	
1.30150000	2.74651416e-07	
1.30308333	3.11771057e-07	
1.30466667	2.16748136e-07	
1.30625000	1.53789061e-07	
1.30783333	3.11900339e-07	
@ 
0.00000000	5.41872418e-07	
0.00158333	6.31578363e-07	
0.00316667	5.39106454e-07	
0.00475000	5.15815849e-07	
0.00633333	6.31190658e-07	
0.00791667	5.20180181e-07	
0.00950000	2.59700593e-07	
0.01108333	1.94321719e-07	
0.01266667	2.02099908e-07	
0.01425000	2.60660168e-07	
0.01583333	3.17346150e-08	
0.01741667	8.43918877e-08	
0.01900000	2.12427654e-07	
0.02058333	3.93871721e-07	
0.02216667	5.81928384e-07	
0.02375000	4.82455880e-07	
0.02533333	6.46705090e-07	
0.02691667	6.22244985e-07	
0.02850000	3.98107303e-07	
0.03008333	2.71583486e-07	
0.03166667	6.09278289e-08	
0.03325000	2.07241412e-08	
0.03483333	5.34953224e-08	
0.03641667	-1.92637741e-08	
0.03800000	1.76821004e-07	
0.03958333	2.52052134e-07	
0.04116667	4.89197463e-07	
0.04275000	5.50254930e-07	
0.04433333	3.83415128e-07	
0.04591667	5.26012507e-07	
0.04750000	4.52035595e-07	
0.04908333	3.30524451e-07	
0.05066667	2.16964487e-07	
0.05225000	1.28899906e-07	
0.05383333	1.80018636e-07	
0.05541667	2.66180294e-08	
0.05700000	1.02972506e-07	
0.05858333	1.79543118e-07	
0.06016667	3.41716497e-07	
0.06175000	5.38070408e-07	
0.06333333	3.60642826e-07	
0.06491667	4.44776241e-07	
0.06650000	5.08642431e-07	
0.06808333	4.16731219e-07	
0.06966667	1.56165807e-07	
0.07125000	1.08115294e-07	
0.07283333	1.85679272e-07	
0.07441667	1.09774418e-07	
0.07600000	6.61569795e-08	
0.07758333	1.05591569e-07	
0.07916667	2.35804993e-07	
0.08075000	4.28959956e-07	
0.08233333	3.81686527e-07	
0.08391667	3.38387876e-07	
0.08550000	4.66986950e-07	
0.08708333	4.70486239e-07	
0.08866667	4.43176726e-07	
0.09025000	2.45095838e-07	
0.09183333	1.22720351e-07	
0.09341667	1.82957507e-07	
0.09500000	7.01320869e-08	
0.09658333	1.54999443e-07	
0.09816667	1.91556413e-07	
0.09975000	3.94002795e-07	
0.10133333	5.08427886e-07	
0.10291667	4.69837282e-07	
0.10450000	4.36522059e-07	
0.10608333	4.12583729e-07	
0.10766667	3.74901178e-07	
0.10925000	2.00113107e-07	
0.11083333	-1.10950022e-07	
0.11241667	3.67294187e-09	
0.11400000	-1.43468988e-08	
0.11558333	1.33730627e-07	
0.11716667	1.05695251e-07	
0.11875000	2.84461628e-07	
0.12033333	5.26533106e-07	
0.12191667	4.66208627e-07	
0.12350000	4.89887918e-07	
0.12508333	5.39106566e-07	
0.12666667	4.65992821e-07	
0.12825000	4.26410833e-07	
0.12983333	1.21986116e-07	
0.13141667	-1.08033223e-08	
0.13300000	-1.38710795e-08	
0.13458333	-5.56042580e-08	
0.13616667	3.70489209e-08	
0.13775000	6.39542047e-09	
0.13933333	1.98124612e-07	
0.14091667	4.15003346e-07	
0.14250000	4.21053241e-07	
0.14408333	5.04579785e-07	
0.14566667	3.78447033e-07	
0.14725000	5.47619620e-07	
0.14883333	4.59035825e-07	
0.15041667	1.29867391e-07	
0.15200000	9.31642894e-08	
0.15358333	6.20944032e-08	
0.15516667	1.59709674e-07	
0.15675000	1.26220774e-07	
0.15833333	3.15095619e-08	
0.15991667	3.78273845e-07	
0.16150000	3.29919596e-07	
0.16308333	4.24639670e-07	
0.16466667	3.35710172e-07	
0.16625000	2.66399362e-07	
0.16783333	3.35407450e-07	
0.16941667	1.97778964e-07	
0.17100000	9.47622511e-08	
0.17258333	-9.20403749e-09	
0.17416667	9.33796050e-08	
0.17575000	1.55041851e-07	
0.17733333	-1.79846890e-08	
0.17891667	3.20585909e-07	
0.18050000	4.55751418e-07	
0.18208333	3.90848286e-07	
0.18366667	4.99524718e-07	
0.18525000	4.13706383e-07	
0.18683333	5.97572462e-07	
0.18841667	4.29694961e-07	
0.19000000	1.53011970e-07	
0.19158333	5.05056247e-08	
0.19316667	2.75685950e-08	
0.19475000	2.01538329e-07	
0.19633333	2.22192630e-08	
0.19791667	-4.01000988e-08	
0.19950000	2.56287128e-07	
0.20108333	3.02653932e-07	
0.20266667	3.53988580e-07	
0.20425000	3.27154444e-07	
0.20583333	4.30239557e-07	
0.20741667	4.44430342e-07	
0.20900000	2.58145179e-07	
0.21058333	2.35847331e-07	
0.21216667	8.25334793e-08	
0.21375000	1.61870685e-07	
0.21533333	1.90475943e-07	
0.21691667	-2.48725676e-08	
0.21850000	1.37542466e-07	
0.22008333	2.83683613e-07	
0.22166667	4.65171293e-07	
0.22325000	5.13871498e-07	
0.22483333	4.46460937e-07	
0.22641667	5.03629926e-07	
0.22800000	4.51862323e-07	
0.22958333	1.58672368e-07	
0.23116667	9.46327662e-08	
0.23275000	6.72370230e-08	
0.23433333	1.16887325e-07	
0.23591667	6.87492658e-08	
0.23750000	2.54083611e-08	
0.23908333	1.92290746e-07	
0.24066667	3.76587302e-07	
0.24225000	4.11891398e-07	
0.24383333	3.58310546e-07	
0.24541667	3.37827991e-07	
0.24700000	3.97415868e-07	
0.24858333	3.67254707e-07	
0.25016667	1.97303083e-07	
0.25175000	3.18552934e-08	
0.25333333	9.53676592e-08	
0.25491667	4.12241883e-08	
0.25650000	3.45345516e-08	
0.25808333	1.43418011e-07	
0.25966667	2.33342212e-07	
0.26125000	4.97363637e-07	
0.26283333	3.78403435e-07	
0.26441667	2.86275213e-07	
0.26600000	4.34162757e-07	
0.26758333	3.80520582e-07	
0.26916667	3.01011267e-07	
0.27075000	4.11538071e-08	
0.27233333	-4.92176684e-08	
0.27391667	-1.22719908e-08	
0.27550000	-6.42092961e-09	
0.27708333	-1.64378436e-08	
0.27866667	1.48993033e-07	
0.28025000	3.22228799e-07	
0.28183333	5.40834468e-07	
0.28341667	3.94780278e-07	
0.28500000	3.75076102e-07	
0.28658333	3.66952125e-07	
0.28816667	3.67687018e-07	
0.28975000	2.54601956e-07	
0.29133333	3.53293568e-08	
0.29291667	5.55691829e-08	
0.29450000	2.52350561e-08	
0.29608333	2.70239531e-08	
0.29766667	5.36680761e-08	
0.29925000	1.01460215e-07	
0.30083333	4.24725830e-07	
0.30241667	5.08426317e-07	
0.30400000	4.42398963e-07	
0.30558333	5.58636826e-07	
0.30716667	5.16507536e-07	
0.30875000	4.69881468e-07	
0.31033333	1.08676803e-07	
0.31191667	1.77163057e-08	
0.31350000	7.58535626e-08	
0.31508333	-5.27965510e-08	
0.31666667	-2.80007262e-08	
0.31825000	-3.89335595e-08	
0.31983333	1.81963211e-07	
0.32141667	3.81514403e-07	
0.32300000	3.84581576e-07	
0.32458333	3.76372056e-07	
0.32616667	3.10906519e-07	
0.32775000	4.48534850e-07	
0.32933333	3.17561689e-07	
0.33091667	5.89833726e-08	
0.33250000	3.79043978e-08	
0.33408333	9.02686584e-08	
0.33566667	2.47359431e-07	
0.33725000	1.63235985e-07	
0.33883333	3.34189920e-08	
0.34041667	2.68991634e-07	
0.34200000	1.67747281e-07	
0.34358333	2.17829264e-07	
0.34516667	2.44317655e-07	
0.34675000	3.96162952e-07	
0.34833333	4.34577624e-07	
0.34991667	2.12859699e-07	
0.35150000	1.70728729e-07	
0.35308333	1.17017384e-07	
0.35466667	9.21868985e-08	
0.35625000	1.76950790e-07	
0.35783333	1.70682254e-08	
0.35941667	1.93052016e-07	
0.36100000	3.51266270e-07	
0.36258333	3.88428109e-07	
0.36416667	4.13619523e-07	
0.36575000	3.23049403e-07	
0.36733333	4.10163384e-07	
0.36891667	2.49545741e-07	
0.37050000	1.09324969e-07	
0.37208333	2.33858321e-08	
0.37366667	1.38048546e-10	
0.37525000	7.23789357e-08	
0.37683333	-2.20728007e-08	
0.37841667	2.96430510e-09	
0.38000000	2.95351373e-07	
0.38158333	2.88306677e-07	
0.38316667	3.90459096e-07	
0.38475000	3.93742524e-07	
0.38633333	3.65309488e-07	
0.38791667	3.99576809e-07	
0.38950000	1.71073914e-07	
0.39108333	7.73050637e-08	
0.39266667	-3.24953531e-08	
0.39425000	5.14242549e-09	
0.39583333	1.14683465e-07	
0.39741667	1.68527347e-08	
0.39900000	1.82136693e-07	
0.40058333	2.81176633e-07	
0.40216667	4.03249398e-07	
0.40375000	4.31423114e-07	
0.40533333	3.20628947e-07	
0.40691667	3.70624882e-07	
0.40850000	4.38639990e-07	
0.41008333	1.66320617e-07	
0.41166667	-5.45158632e-08	
0.41325000	2.99366508e-08	
0.41483333	9.18245132e-08	
0.41641667	4.88628050e-08	
0.41800000	-5.34109966e-09	
0.41958333	1.72672884e-07	
0.42116667	3.65741687e-07	
0.42275000	5.25236760e-07	
0.42433333	3.40160859e-07	
0.42591667	3.92575151e-07	
0.42750000	4.93562131e-07	
0.42908333	3.11900367e-07	
0.43066667	1.97908512e-07	
0.43225000	1.29764011e-07	
0.43383333	2.31570223e-07	
0.43541667	8.21014130e-08	
0.43700000	-1.46712149e-07	
0.43858333	1.44331102e-08	
0.44016667	2.50064297e-07	
0.44175000	4.22997284e-07	
0.44333333	4.35312741e-07	
0.44491667	3.34888811e-07	
0.44650000	3.95384825e-07	
0.44808333	4.00915689e-07	
0.44966667	3.44740185e-07	
0.45125000	1.14078344e-07	
0.45283333	3.56928481e-08	
0.45441667	1.02583072e-07	
0.45600000	-1.47785381e-08	
0.45758333	8.63365750e-08	
0.45916667	2.70244522e-07	
0.46075000	4.78740057e-07	
0.46233333	7.50929295e-07	
0.46391667	6.94754350e-07	
0.46550000	8.19549398e-07	
0.46708333	1.02104442e-06	
0.46866667	1.08875617e-06	
0.47025000	1.03690579e-06	
0.47183333	7.98504830e-07	
0.47341667	8.57750784e-07	
0.47500000	1.05846508e-06	
0.47658333	1.14575205e-06	
0.47816667	1.28290164e-06	
0.47975000	1.62866743e-06	
0.48133333	2.14795286e-06	
0.48291667	2.49502127e-06	
0.48450000	2.90821990e-06	
0.48608333	3.54001449e-06	
0.48766667	4.64013211e-06	
0.48925000	6.50117267e-06	
0.49083333	8.58558307e-06	
0.49241667	1.13520454e-05	
0.49400000	1.49170990e-05	
0.49558333	1.83044151e-05	
0.49716667	2.19414853e-05	
0.49875000	2.66646566e-05	
0.50033333	3.33663079e-05	
0.50191667	4.29303257e-05	
0.50350000	5.55479553e-05	
0.50508333	7.69009876e-05	
0.50666667	1.02124476e-04	
0.50825000	1.31931067e-04	
0.50983333	1.91865864e-04	
0.51141667	3.58395036e-04	
0.51300000	4.34907150e-04	
0.51458333	3.11280181e-04	
0.51616667	2.92883630e-04	
0.51775000	4.14164923e-04	
0.51933333	5.81582738e-04	
0.52091667	6.55306345e-04	
0.52250000	7.60402657e-04	
0.52408333	1.02635846e-03	
0.52566667	1.21938771e-03	
0.52725000	1.20566078e-03	
0.52883333	2.02651343e-03	
0.53041667	1.78697680e-03	
0.53200000	3.59900808e-03	
0.53358333	3.88427287e-03	
0.53516667	4.87205750e-03	
0.53675000	7.22856308e-03	
0.53833333	1.13301588e-02	
0.53991667	1.66453154e-02	
0.54150000	1.94269178e-02	
0.54308333	2.00382029e-02	
0.54466667	3.91574110e-02	
0.54625000	4.79440804e-02	
0.54783333	6.55608927e-02	
0.54941667	9.16731492e-02	
0.55100000	1.16053719e-01	
0.55258333	2.34847991e-01	
0.55416667	4.91864432e-01	
0.55575000	6.66431761e-01	
0.55733333	7.88367378e-01	
0.55891667	8.11454752e-01	
0.56050000	8.94899569e-01	
0.56208333	2.01408476e+00	
0.56366667	3.30859049e+00	
0.56525000	3.56666632e+00	
0.56683333	3.90116483e+00	
0.56841667	4.54558161e+00	
0.57000000	4.80217340e+00	
0.57158333	5.42126817e+00	
0.57316667	6.12074752e+00	
0.57475000	6.46582672e+00	
0.57633333	8.06510707e+00	
0.57791667	8.40621942e+00	
0.57950000	8.57518820e+00	
0.58108333	8.79601821e+00	
0.58266667	9.14830764e+00	
0.58425000	1.02372330e+01	
0.58583333	1.04954361e+01	
0.58741667	1.15189047e+01	
0.58900000	1.25287712e+01	
0.59058333	1.35649493e+01	
0.59216667	1.39090194e+01	
0.59375000	1.39897103e+01	
0.59533333	1.43150398e+01	
0.59691667	1.50103047e+01	
0.59850000	1.54029513e+01	
0.60008333	1.60525740e+01	
0.60166667	1.69168002e+01	
0.60325000	1.74738070e+01	
0.60483333	1.76407605e+01	
0.60641667	1.82874808e+01	
0.60800000	1.94545104e+01	
0.60958333	1.97592193e+01	
0.61116667	2.02491617e+01	
0.61275000	2.05142247e+01	
0.61433333	2.07102670e+01	
0.61591667	2.08541785e+01	
0.61750000	2.20092888e+01	
0.61908333	2.33093535e+01	
0.62066667	2.41109989e+01	
0.62225000	2.40855122e+01	
0.62383333	2.45186316e+01	
0.62541667	2.49612180e+01	
0.62700000	2.54864581e+01	
0.62858333	2.59610049e+01	
0.63016667	2.68784406e+01	
0.63175000	2.74709292e+01	
0.63333333	2.73772601e+01	
0.63491667	2.77472368e+01	
0.63650000	2.80368619e+01	
0.63808333	2.82878764e+01	
0.63966667	2.91158034e+01	
0.64125000	2.99551668e+01	
0.64283333	3.10161438e+01	
0.64441667	3.16729852e+01	
0.64600000	3.16571103e+01	
