start voltage : 0.00 V 
set voltage : 0.10 V 
High G : 30.00 G0 
Intermediate G : 20.00 G0 
Low G : 10.00 G0 
Breaking speed 1 : 300.00 V/s 
Breaking speed 2 : 300.00 V/s 
Making speed : 500.00 V/s 
Post breaking : 230.00 V/s 
@ 
0.00000000	3.43971485e+01	
0.00158333	3.50994292e+01	
0.00316667	3.49810175e+01	
0.00475000	3.51501545e+01	
0.00633333	3.51364819e+01	
0.00791667	3.50015114e+01	
0.00950000	3.49268910e+01	
0.01108333	3.49125871e+01	
0.01266667	3.50457800e+01	
0.01425000	3.51673523e+01	
0.01583333	3.49782703e+01	
0.01741667	3.50886768e+01	
0.01900000	3.50920480e+01	
0.02058333	3.50620082e+01	
0.02216667	3.51327049e+01	
0.02375000	3.51415368e+01	
0.02533333	3.52054010e+01	
0.02691667	3.50450997e+01	
0.02850000	3.51072201e+01	
0.03008333	3.49988468e+01	
0.03166667	3.50803523e+01	
0.03325000	3.50006808e+01	
0.03483333	3.47376098e+01	
0.03641667	3.48464829e+01	
0.03800000	3.46491665e+01	
0.03958333	3.49578817e+01	
0.04116667	3.47151316e+01	
0.04275000	3.45494748e+01	
0.04433333	3.47147370e+01	
0.04591667	3.46732081e+01	
0.04750000	3.46741176e+01	
0.04908333	3.46595731e+01	
0.05066667	3.44807737e+01	
0.05225000	3.47186042e+01	
0.05383333	3.45825325e+01	
0.05541667	3.46568259e+01	
0.05700000	3.46097310e+01	
0.05858333	3.45389103e+01	
0.06016667	3.44214044e+01	
0.06175000	3.43969005e+01	
0.06333333	3.44677738e+01	
0.06491667	3.45387073e+01	
0.06650000	3.43858587e+01	
0.06808333	3.43952919e+01	
0.06966667	3.43541878e+01	
0.07125000	3.44652633e+01	
0.07283333	3.43301800e+01	
0.07441667	3.40205892e+01	
0.07600000	3.41244751e+01	
0.07758333	3.39087996e+01	
0.07916667	3.39789777e+01	
0.08075000	3.38696723e+01	
0.08233333	3.38610433e+01	
0.08391667	3.39916656e+01	
0.08550000	3.35042937e+01	
0.08708333	3.37043049e+01	
0.08866667	3.36551242e+01	
0.09025000	3.37026061e+01	
0.09183333	3.35619267e+01	
0.09341667	3.35584691e+01	
0.09500000	3.35944696e+01	
0.09658333	3.36026663e+01	
0.09816667	3.35285872e+01	
0.09975000	3.35663126e+01	
0.10133333	3.35432181e+01	
0.10291667	3.34729010e+01	
0.10450000	3.33444284e+01	
0.10608333	3.32505620e+01	
0.10766667	3.32538843e+01	
0.10925000	3.31849728e+01	
0.11083333	3.30975969e+01	
0.11241667	3.31458718e+01	
0.11400000	3.31791362e+01	
0.11558333	3.30953532e+01	
0.11716667	3.28526482e+01	
0.11875000	3.28869160e+01	
0.12033333	3.27679594e+01	
0.12191667	3.27174972e+01	
0.12350000	3.26491081e+01	
0.12508333	3.24686738e+01	
0.12666667	3.24632318e+01	
0.12825000	3.23743939e+01	
0.12983333	3.23547532e+01	
0.13141667	3.22794451e+01	
0.13300000	3.23031109e+01	
0.13458333	3.21937980e+01	
0.13616667	3.20187343e+01	
0.13775000	3.21561139e+01	
0.13933333	3.21486650e+01	
0.14091667	3.19783667e+01	
0.14250000	3.21066100e+01	
0.14408333	3.17353160e+01	
0.14566667	3.16715194e+01	
0.14725000	3.14581270e+01	
0.14883333	3.11270295e+01	
0.15041667	3.00063130e+01	
0.15200000	2.96908499e+01	
0.15358333	2.96241933e+01	
0.15516667	2.93746952e+01	
0.15675000	2.94053138e+01	
0.15833333	2.93953225e+01	
0.15991667	2.91986619e+01	
0.16150000	2.91972694e+01	
0.16308333	2.90644467e+01	
0.16466667	2.89763755e+01	
0.16625000	2.80558110e+01	
0.16783333	2.79011096e+01	
0.16941667	2.76389518e+01	
0.17100000	2.73147244e+01	
0.17258333	2.75793833e+01	
0.17416667	2.75030116e+01	
0.17575000	2.73818113e+01	
0.17733333	2.74565858e+01	
0.17891667	2.73345023e+01	
0.18050000	2.74697453e+01	
0.18208333	2.72052236e+01	
0.18366667	2.71451910e+01	
0.18525000	2.71164289e+01	
0.18683333	2.64731530e+01	
0.18841667	2.53507303e+01	
0.19000000	2.51409890e+01	
0.19158333	2.50947530e+01	
0.19316667	2.50316836e+01	
0.19475000	2.47912731e+01	
0.19633333	2.48425884e+01	
0.19791667	2.48442233e+01	
0.19950000	2.50597372e+01	
0.20108333	2.49430224e+01	
0.20266667	2.48735960e+01	
0.20425000	2.49449823e+01	
0.20583333	2.50416750e+01	
0.20741667	2.50074823e+01	
0.20900000	2.48701478e+01	
0.21058333	2.47327118e+01	
0.21216667	2.45258569e+01	
0.21375000	2.46077739e+01	
0.21533333	2.46381200e+01	
0.21691667	2.46282790e+01	
0.21850000	2.45120922e+01	
0.22008333	2.35116233e+01	
0.22166667	2.16161273e+01	
0.22325000	2.13660467e+01	
0.22483333	2.13680968e+01	
0.22641667	2.12248825e+01	
0.22800000	2.09684335e+01	
0.22958333	2.07789587e+01	
0.23116667	2.06219271e+01	
0.23275000	2.00463695e+01	
0.23433333	1.99377820e+01	
0.23591667	1.99051208e+01	
0.23750000	1.96323590e+01	
0.23908333	1.89011134e+01	
0.24066667	1.87235373e+01	
0.24225000	1.87354359e+01	
0.24383333	1.88193843e+01	
0.24541667	1.87174226e+01	
0.24700000	1.86772542e+01	
0.24858333	1.87731858e+01	
0.25016667	1.86462617e+01	
0.25175000	1.87559410e+01	
0.25333333	1.86677064e+01	
0.25491667	1.86735354e+01	
0.25650000	1.81077286e+01	
0.25808333	1.80011781e+01	
0.25966667	1.71233075e+01	
0.26125000	1.69370648e+01	
0.26283333	1.67638088e+01	
0.26441667	1.68277782e+01	
0.26600000	1.68702410e+01	
0.26758333	1.66965903e+01	
0.26916667	1.56586665e+01	
0.27075000	1.58034499e+01	
0.27233333	1.56819292e+01	
0.27391667	1.56665185e+01	
0.27550000	1.55895126e+01	
0.27708333	1.55510486e+01	
0.27866667	1.56733660e+01	
0.28025000	1.56877574e+01	
0.28183333	1.54575758e+01	
0.28341667	1.51361756e+01	
0.28500000	1.51376874e+01	
0.28658333	1.48364812e+01	
0.28816667	1.38952313e+01	
0.28975000	1.38866070e+01	
0.29133333	1.42087955e+01	
0.29291667	1.41479154e+01	
0.29450000	1.38804058e+01	
0.29608333	1.38142049e+01	
0.29766667	1.34785834e+01	
0.29925000	1.31237233e+01	
0.30083333	1.29513608e+01	
0.30241667	1.29354408e+01	
0.30400000	1.28244405e+01	
0.30558333	1.28288856e+01	
0.30716667	1.23104385e+01	
0.30875000	1.11614608e+01	
0.31033333	1.10907547e+01	
0.31191667	1.11796583e+01	
0.31350000	1.10995979e+01	
0.31508333	1.11856932e+01	
0.31666667	1.11088395e+01	
0.31825000	1.10860296e+01	
0.31983333	1.10825448e+01	
0.32141667	1.11544620e+01	
0.32300000	1.13095149e+01	
0.32458333	1.11628016e+01	
0.32616667	1.10931957e+01	
0.32775000	1.11185443e+01	
0.32933333	1.11044442e+01	
0.33091667	1.09139640e+01	
0.33250000	1.08657342e+01	
0.33408333	1.07525926e+01	
0.33566667	9.85058362e+00	
0.33725000	9.27138518e+00	
0.33883333	9.41659421e+00	
0.34041667	9.28167437e+00	
0.34200000	8.80958273e+00	
0.34358333	8.14908269e+00	
0.34516667	8.07161075e+00	
0.34675000	7.90031937e+00	
0.34833333	7.46752555e+00	
0.34991667	7.01138775e+00	
0.35150000	7.07569354e+00	
0.35308333	7.02741111e+00	
0.35466667	7.02141950e+00	
0.35625000	6.99533291e+00	
0.35783333	6.89381559e+00	
0.35941667	6.74851073e+00	
0.36100000	6.73645892e+00	
0.36258333	6.65400822e+00	
0.36416667	6.63028464e+00	
0.36575000	6.61452764e+00	
0.36733333	6.56286418e+00	
0.36891667	6.55508411e+00	
0.37050000	6.41301276e+00	
0.37208333	6.38905993e+00	
0.37366667	6.40198225e+00	
0.37525000	6.35857664e+00	
0.37683333	6.33754116e+00	
0.37841667	6.29859802e+00	
0.38000000	6.27289900e+00	
0.38158333	6.30863259e+00	
0.38316667	5.87203964e+00	
0.38475000	5.25251455e+00	
0.38633333	4.70745196e+00	
0.38791667	4.87754681e+00	
0.38950000	4.80596783e+00	
0.39108333	4.79955389e+00	
0.39266667	4.13413897e+00	
0.39425000	3.99920692e+00	
0.39583333	4.04350794e+00	
0.39741667	3.99456781e+00	
0.39900000	3.99927833e+00	
0.40058333	3.99189522e+00	
0.40216667	3.92528584e+00	
0.40375000	3.93591821e+00	
0.40533333	3.87011169e+00	
0.40691667	3.65806686e+00	
0.40850000	3.33917290e+00	
0.41008333	3.30743882e+00	
0.41166667	3.28474571e+00	
0.41325000	3.28371876e+00	
0.41483333	3.15664149e+00	
0.41641667	2.97001450e+00	
0.41800000	2.92717944e+00	
0.41958333	2.90735600e+00	
0.42116667	2.89271051e+00	
0.42275000	2.85696354e+00	
0.42433333	2.85452325e+00	
0.42591667	2.80009230e+00	
0.42750000	2.62802671e+00	
0.42908333	2.83949512e+00	
0.43066667	2.78590720e+00	
0.43225000	2.68938156e+00	
0.43383333	2.15588551e+00	
0.43541667	2.10798384e+00	
0.43700000	2.07867266e+00	
0.43858333	2.04670885e+00	
0.44016667	2.02465629e+00	
0.44175000	1.98766815e+00	
0.44333333	1.95930499e+00	
0.44491667	1.97444023e+00	
0.44650000	1.75872369e+00	
0.44808333	1.53986888e+00	
0.44966667	1.27958988e+00	
0.45125000	1.36430023e+00	
0.45283333	1.31792876e+00	
0.45441667	1.35560044e+00	
0.45600000	1.19556858e+00	
0.45758333	1.17446393e+00	
0.45916667	1.14367293e+00	
0.46075000	1.13095860e+00	
0.46233333	1.12093378e+00	
0.46391667	1.03362259e+00	
0.46550000	3.21155667e-01	
0.46708333	6.09758827e-02	
0.46866667	5.53561608e-03	
0.47025000	3.32346330e-03	
0.47183333	2.34369664e-03	
0.47341667	2.92185401e-03	
0.47500000	1.96345422e-03	
0.47658333	7.96979552e-03	
0.47816667	2.15439463e-04	
0.47975000	2.55863636e-05	
0.48133333	1.17972259e-05	
0.48291667	2.06224442e-05	
0.48450000	4.68002194e-05	
0.48608333	1.01259561e-04	
0.48766667	1.84440844e-04	
0.48925000	2.22236222e-04	
0.49083333	1.90835819e-04	
0.49241667	1.49353903e-04	
0.49400000	1.13996063e-04	
0.49558333	9.72459318e-05	
0.49716667	1.05890304e-04	
0.49875000	1.26044227e-04	
0.50033333	1.44163436e-04	
0.50191667	1.36287228e-04	
0.50350000	1.18115045e-04	
0.50508333	1.02494046e-04	
0.50666667	8.13326376e-05	
0.50825000	6.37199996e-05	
0.50983333	5.47854501e-05	
0.51141667	5.08610485e-05	
0.51300000	4.71720510e-05	
0.51458333	4.20592205e-05	
0.51616667	3.79988430e-05	
0.51775000	3.56505904e-05	
0.51933333	3.35840063e-05	
0.52091667	3.09094660e-05	
0.52250000	2.72233412e-05	
0.52408333	2.37222738e-05	
0.52566667	2.09014156e-05	
0.52725000	1.81970820e-05	
0.52883333	1.61756278e-05	
0.53041667	1.48264906e-05	
0.53200000	1.40130760e-05	
0.53358333	1.32282882e-05	
0.53516667	1.20238712e-05	
0.53675000	1.09749675e-05	
0.53833333	9.74133336e-06	
0.53991667	8.60972956e-06	
0.54150000	7.37536473e-06	
0.54308333	6.12825642e-06	
0.54466667	5.72803245e-06	
0.54625000	5.07791630e-06	
0.54783333	4.55683039e-06	
0.54941667	3.80079646e-06	
0.55100000	3.32054311e-06	
0.55258333	2.97822394e-06	
0.55416667	2.59125374e-06	
0.55575000	2.32238747e-06	
0.55733333	2.16088272e-06	
0.55891667	1.84638784e-06	
0.56050000	1.68879587e-06	
0.56208333	1.14385323e-06	
0.56366667	9.48925731e-07	
0.56525000	1.01110767e-06	
0.56683333	8.71168874e-07	
0.56841667	9.19800168e-07	
0.57000000	8.58268639e-07	
0.57158333	1.02432718e-06	
0.57316667	1.02542684e-06	
0.57475000	9.62232824e-07	
0.57633333	9.87946266e-07	
0.57791667	9.61762291e-07	
0.57950000	9.93664906e-07	
0.58108333	7.82820150e-07	
0.58266667	3.74557127e-07	
0.58425000	4.01348253e-07	
0.58583333	3.48760157e-07	
0.58741667	5.57341936e-07	
0.58900000	4.56271121e-07	
0.59058333	4.13446448e-07	
0.59216667	7.32436257e-07	
0.59375000	8.54678710e-07	
0.59533333	7.85932769e-07	
0.59691667	6.25876300e-07	
0.59850000	5.59978703e-07	
0.60008333	7.02533379e-07	
0.60166667	3.89552360e-07	
0.60325000	3.13283517e-07	
0.60483333	3.21363560e-07	
0.60641667	3.19411032e-07	
0.60800000	2.91158521e-07	
0.60958333	2.37213904e-07	
0.61116667	5.79595711e-07	
0.61275000	5.66202374e-07	
0.61433333	6.14293132e-07	
0.61591667	6.45448954e-07	
0.61750000	5.71168789e-07	
0.61908333	7.74521921e-07	
0.62066667	7.17570166e-07	
0.62225000	7.28070301e-07	
0.62383333	3.69631454e-07	
0.62541667	2.50454018e-07	
0.62700000	2.20638084e-07	
0.62858333	1.48257944e-07	
0.63016667	2.09887044e-07	
0.63175000	5.17110907e-07	
0.63333333	5.07433897e-07	
0.63491667	7.13465014e-07	
0.63650000	5.82879642e-07	
0.63808333	7.71501202e-07	
0.63966667	7.15142065e-07	
0.64125000	5.03008186e-07	
0.64283333	1.84418193e-07	
0.64441667	2.32780185e-07	
0.64600000	2.13517071e-07	
0.64758333	3.73875100e-07	
0.64916667	3.11139573e-07	
0.65075000	5.42476797e-07	
0.65233333	5.62525865e-07	
0.65391667	6.65068986e-07	
0.65550000	6.45969553e-07	
0.65708333	5.93553553e-07	
0.65866667	7.23663967e-07	
0.66025000	5.95368595e-07	
0.66183333	4.44516922e-07	
0.66341667	1.24034015e-07	
0.66500000	1.57375966e-07	
0.66658333	2.33833606e-07	
0.66816667	2.83078198e-07	
0.66975000	3.69223811e-07	
0.67133333	4.06574519e-07	
0.67291667	6.07380686e-07	
0.67450000	6.14511374e-07	
0.67608333	5.95929796e-07	
0.67766667	6.19351503e-07	
0.67925000	6.03178873e-07	
0.68083333	5.85558858e-07	
0.68241667	2.46340801e-07	
0.68400000	1.73495001e-07	
0.68558333	3.16480477e-07	
0.68716667	2.14034702e-07	
0.68875000	2.38700015e-07	
0.69033333	2.07208640e-07	
0.69191667	2.07501687e-07	
0.69350000	2.58965784e-07	
0.69508333	4.05756295e-07	
0.69666667	6.01201312e-07	
0.69825000	6.40350821e-07	
0.69983333	7.22627473e-07	
0.70141667	4.50091328e-07	
0.70300000	8.09704562e-08	
0.70458333	-2.56939582e-08	
0.70616667	1.65352838e-07	
0.70775000	1.71567352e-07	
0.70933333	3.12721112e-07	
0.71091667	2.45570487e-07	
0.71250000	5.25623849e-07	
0.71408333	6.71507091e-07	
0.71566667	4.90796166e-07	
0.71725000	6.71679635e-07	
0.71883333	7.13032898e-07	
0.72041667	7.77635157e-07	
0.72200000	4.63305737e-07	
0.72358333	3.31847902e-07	
0.72516667	1.39858478e-07	
0.72675000	2.31483335e-07	
0.72833333	1.46574845e-07	
0.72991667	1.46669237e-07	
0.73150000	3.56010830e-07	
0.73308333	2.85089668e-07	
0.73466667	4.66685517e-07	
0.73625000	5.86950297e-07	
0.73783333	5.67193394e-07	
0.73941667	5.29789708e-07	
0.74100000	5.39372914e-07	
0.74258333	2.23515815e-07	
0.74416667	2.42157050e-07	
0.74575000	1.96784500e-07	
0.74733333	1.60738020e-07	
0.74891667	2.24016870e-07	
0.75050000	2.16903081e-07	
0.75208333	4.50071755e-07	
0.75366667	4.57049696e-07	
0.75525000	4.79431464e-07	
0.75683333	6.75785235e-07	
0.75841667	7.34518430e-07	
0.76000000	7.88574688e-07	
0.76158333	3.54687827e-07	
0.76316667	1.30489761e-07	
0.76475000	1.10664256e-07	
0.76633333	1.20128008e-07	
0.76791667	2.17872288e-07	
0.76950000	1.99801103e-07	
0.77108333	3.67902236e-07	
0.77266667	5.09336302e-07	
0.77425000	4.06100934e-07	
0.77583333	4.97927414e-07	
0.77741667	4.20534210e-07	
0.77900000	8.47811906e-07	
0.78058333	7.52961234e-07	
0.78216667	3.96474578e-07	
0.78375000	1.93906965e-07	
0.78533333	2.80356308e-07	
0.78691667	3.10863537e-07	
0.78850000	1.67271932e-07	
0.79008333	-5.44025386e-08	
0.79166667	3.17821513e-07	
0.79325000	3.97890854e-07	
0.79483333	5.11493351e-07	
0.79641667	4.92134682e-07	
0.79800000	5.42693639e-07	
0.79958333	7.37145676e-07	
0.80116667	6.20092136e-07	
0.80275000	3.06283343e-07	
0.80433333	5.57861647e-08	
0.80591667	1.70668176e-07	
0.80750000	3.16652432e-07	
0.80908333	2.87744971e-07	
0.81066667	4.37472618e-07	
0.81225000	5.16767164e-07	
0.81383333	5.29637381e-07	
0.81541667	6.05825888e-07	
0.81700000	4.70919026e-07	
0.81858333	7.35112785e-07	
0.82016667	5.60107676e-07	
0.82175000	5.39580123e-07	
0.82333333	2.11865837e-07	
0.82491667	1.50288946e-07	
0.82650000	2.05470112e-07	
0.82808333	9.73124095e-08	
0.82966667	1.45017863e-07	
0.83125000	3.05677480e-07	
0.83283333	4.17422962e-07	
0.83441667	5.96361407e-07	
0.83600000	5.39711169e-07	
0.83758333	6.31061572e-07	
0.83916667	6.27543046e-07	
0.84075000	6.29506606e-07	
0.84233333	2.23558825e-07	
0.84391667	1.41275033e-07	
0.84550000	2.26989595e-07	
0.84708333	1.75525064e-07	
0.84866667	3.14103646e-07	
0.85025000	3.43746868e-07	
0.85183333	3.67729664e-07	
0.85341667	7.87745963e-07	
0.85500000	5.32019896e-07	
0.85658333	5.32970651e-07	
0.85816667	6.35036743e-07	
0.85975000	5.74628176e-07	
0.86133333	5.66330732e-07	
0.86291667	3.22744694e-07	
0.86450000	3.38256683e-08	
0.86608333	1.19695795e-07	
0.86766667	2.64367926e-07	
0.86925000	3.47245821e-07	
0.87083333	1.27647382e-07	
0.87241667	3.98340610e-07	
0.87400000	5.50990747e-07	
0.87558333	6.06041946e-07	
0.87716667	6.33005251e-07	
0.87875000	6.14770665e-07	
0.88033333	7.54171056e-07	
0.88191667	5.34958964e-07	
0.88350000	1.25789106e-07	
0.88508333	1.87883012e-07	
0.88666667	1.90631406e-07	
0.88825000	2.85878856e-07	
0.88983333	2.12902709e-07	
0.89141667	2.57497090e-07	
0.89300000	5.56435088e-07	
0.89458333	5.22082026e-07	
0.89616667	5.25926151e-07	
0.89775000	4.91357816e-07	
0.89933333	6.47740017e-07	
0.90091667	5.49131352e-07	
0.90250000	5.13961277e-08	
0.90408333	-7.06508872e-08	
0.90566667	1.29504943e-07	
0.90725000	2.56071574e-07	
0.90883333	2.77271157e-07	
0.91041667	1.38803824e-07	
0.91200000	3.23006086e-07	
0.91358333	3.29487704e-07	
0.91516667	3.96466010e-07	
0.91675000	5.31051165e-07	
0.91833333	5.07908238e-07	
0.91991667	7.28458510e-07	
0.92150000	5.72128616e-07	
0.92308333	1.25875126e-07	
0.92466667	1.78117714e-07	
0.92625000	1.60530335e-07	
0.92783333	2.83295404e-07	
0.92941667	1.41862709e-07	
0.93100000	2.54213271e-07	
0.93258333	5.88757554e-07	
0.93416667	4.43350165e-07	
0.93575000	5.79898236e-07	
0.93733333	4.40930689e-07	
0.93891667	6.29763154e-07	
0.94050000	7.21633204e-07	
0.94208333	3.88298211e-07	
0.94366667	1.91470071e-07	
0.94525000	7.22491359e-08	
0.94683333	2.17828746e-07	
0.94841667	1.41949905e-07	
0.95000000	1.49053320e-07	
0.95158333	5.00044365e-07	
0.95316667	5.92386741e-07	
0.95475000	6.18271438e-07	
0.95633333	5.46712043e-07	
0.95791667	5.53539534e-07	
0.95950000	7.34766858e-07	
0.96108333	4.74203742e-07	
0.96266667	2.36625766e-07	
0.96425000	1.27552513e-07	
0.96583333	8.30694654e-08	
0.96741667	1.93543788e-07	
0.96900000	1.34819735e-07	
0.97058333	2.55164893e-07	
0.97216667	3.73718685e-07	
0.97375000	3.84841456e-07	
0.97533333	5.25841027e-07	
0.97691667	6.05565644e-07	
0.97850000	7.57454876e-07	
0.98008333	8.35409029e-07	
0.98166667	5.25184453e-07	
0.98325000	2.05772875e-07	
0.98483333	2.01667429e-07	
0.98641667	2.63590107e-07	
0.98800000	7.02016980e-08	
0.98958333	1.08763390e-07	
0.99116667	1.23922108e-07	
0.99275000	3.83500336e-07	
0.99433333	5.58637666e-07	
0.99591667	5.76873765e-07	
0.99750000	3.41284466e-07	
0.99908333	6.13432541e-07	
1.00066667	5.52675191e-07	
1.00225000	3.06412233e-07	
1.00383333	1.52967980e-07	
1.00541667	-1.45624262e-08	
1.00700000	1.00768577e-07	
1.00858333	4.95633159e-08	
1.01016667	1.84729511e-07	
1.01175000	2.29574111e-07	
1.01333333	5.04970066e-07	
1.01491667	4.71307628e-07	
1.01650000	5.36816847e-07	
1.01808333	7.43064750e-07	
1.01966667	6.40394727e-07	
1.02125000	6.68395983e-07	
1.02283333	2.53607884e-07	
1.02441667	1.88263592e-07	
1.02600000	2.48508687e-07	
1.02758333	1.51516535e-07	
1.02916667	2.85714376e-07	
1.03075000	3.56969117e-07	
1.03233333	4.42701488e-07	
1.03391667	6.65542991e-07	
1.03550000	6.09714982e-07	
1.03708333	5.66761951e-07	
1.03866667	6.20776711e-07	
1.04025000	5.49477223e-07	
1.04183333	6.06602811e-07	
1.04341667	2.69855921e-07	
1.04500000	2.08529431e-07	
1.04658333	1.24466439e-07	
1.04816667	1.69777974e-07	
1.04975000	2.26255290e-07	
1.05133333	3.61307744e-07	
1.05291667	5.58931848e-07	
1.05450000	6.12609472e-07	
1.05608333	5.42787723e-07	
1.05766667	5.86682885e-07	
1.05925000	4.07009855e-07	
1.06083333	5.93596115e-07	
1.06241667	3.94485593e-07	
1.06400000	1.09315820e-07	
1.06558333	1.59838970e-07	
1.06716667	1.63425441e-07	
1.06875000	3.39727988e-07	
1.07033333	1.97425603e-07	
1.07191667	4.09748154e-07	
1.07350000	4.28009453e-07	
1.07508333	4.14484622e-07	
1.07666667	6.12047935e-07	
1.07825000	6.41344586e-07	
1.07983333	6.81054847e-07	
1.08141667	4.90754501e-07	
1.08300000	3.96465310e-07	
1.08458333	1.81850954e-07	
1.08616667	-7.87144720e-08	
1.08775000	1.58543072e-07	
1.08933333	2.28925490e-07	
1.09091667	1.24959289e-07	
1.09250000	3.66519590e-07	
1.09408333	4.45726772e-07	
1.09566667	5.21692697e-07	
1.09725000	4.39806466e-07	
1.09883333	4.08072139e-07	
1.10041667	4.60506759e-07	
1.10200000	2.11605789e-07	
@ 
0.00000000	-4.79131144e-08	
0.00158333	2.39563825e-07	
0.00316667	2.29712409e-07	
0.00475000	3.63928746e-07	
0.00633333	1.74099506e-07	
0.00791667	1.91124074e-07	
0.00950000	3.27195634e-07	
0.01108333	5.28821145e-07	
0.01266667	6.21208042e-07	
0.01425000	5.29470158e-07	
0.01583333	7.39738817e-07	
0.01741667	5.80071060e-07	
0.01900000	3.77566618e-07	
0.02058333	2.03094233e-07	
0.02216667	1.26221068e-07	
0.02375000	2.90078316e-07	
0.02533333	1.79067013e-07	
0.02691667	6.00476864e-08	
0.02850000	3.65828939e-07	
0.03008333	1.10111679e-07	
0.03166667	4.28095809e-07	
0.03325000	4.98358410e-07	
0.03483333	5.82750780e-07	
0.03641667	5.39530169e-07	
0.03800000	5.01381929e-07	
0.03958333	3.95158407e-07	
0.04116667	1.82006935e-07	
0.04275000	-1.88663453e-08	
0.04433333	1.37235252e-08	
0.04591667	1.91253370e-07	
0.04750000	2.03439656e-07	
0.04908333	4.80424501e-07	
0.05066667	5.71375718e-07	
0.05225000	5.97789751e-07	
0.05383333	5.91262546e-07	
0.05541667	5.77261694e-07	
0.05700000	4.91011776e-07	
0.05858333	4.67806799e-07	
0.06016667	1.21113596e-07	
0.06175000	5.78601827e-08	
0.06333333	1.56123035e-07	
0.06491667	2.21591828e-08	
0.06650000	1.16930391e-07	
0.06808333	1.06384873e-07	
0.06966667	3.40766414e-07	
0.07125000	5.45070050e-07	
0.07283333	4.00138347e-07	
0.07441667	4.92092737e-07	
0.07600000	4.78376881e-07	
0.07758333	5.17456947e-07	
0.07916667	4.24319756e-07	
0.08075000	1.72198501e-07	
0.08233333	2.01711223e-07	
0.08391667	2.72491959e-07	
0.08550000	3.36546793e-07	
0.08708333	1.78947560e-07	
0.08866667	4.08263604e-08	
0.09025000	4.18892748e-07	
0.09183333	4.88894713e-07	
0.09341667	6.84858986e-07	
0.09500000	6.32380991e-07	
0.09658333	5.62440909e-07	
0.09816667	5.69613039e-07	
0.09975000	1.20352578e-07	
0.10133333	3.88116385e-08	
0.10291667	7.04348855e-08	
0.10450000	9.99047448e-08	
0.10608333	2.59528301e-07	
0.10766667	1.84236885e-07	
0.10925000	6.24493373e-07	
0.11083333	3.79777037e-07	
0.11241667	5.15918166e-07	
0.11400000	5.96576121e-07	
0.11558333	4.73080835e-07	
0.11716667	7.55771160e-07	
0.11875000	6.83735800e-07	
0.12033333	2.39936578e-07	
0.12191667	2.22928741e-07	
0.12350000	-1.13911474e-08	
0.12508333	1.52570292e-07	
0.12666667	9.73121155e-08	
0.12825000	8.92488877e-08	
0.12983333	5.33359588e-07	
0.13141667	5.25625081e-07	
0.13300000	6.22417920e-07	
0.13458333	5.11539273e-07	
0.13616667	4.87123578e-07	
0.13775000	4.32721253e-07	
0.13933333	2.60305140e-07	
0.14091667	1.12090304e-07	
0.14250000	1.93716458e-07	
0.14408333	1.90372842e-07	
0.14566667	3.41543729e-07	
0.14725000	3.78810658e-07	
0.14883333	4.33584335e-07	
0.15041667	3.05331524e-07	
0.15200000	3.00622609e-07	
0.15358333	6.23845872e-07	
0.15516667	5.75141887e-07	
0.15675000	7.44966763e-07	
0.15833333	5.05273040e-07	
0.15991667	3.13543117e-07	
0.16150000	3.13024142e-07	
0.16308333	1.17318789e-07	
0.16466667	2.40213147e-07	
0.16625000	8.76770861e-08	
0.16783333	1.44542458e-07	
0.16941667	3.37871785e-07	
0.17100000	3.55501152e-07	
0.17258333	4.70485791e-07	
0.17416667	4.83390842e-07	
0.17575000	5.71861708e-07	
0.17733333	6.11874327e-07	
0.17891667	2.74089963e-07	
0.18050000	1.18451405e-07	
0.18208333	-9.78650493e-08	
0.18366667	9.22829288e-08	
0.18525000	6.71504361e-08	
0.18683333	-3.47468926e-09	
0.18841667	1.41949457e-07	
0.19000000	4.60332255e-07	
0.19158333	4.53849041e-07	
0.19316667	5.15704068e-07	
0.19475000	5.14822980e-07	
0.19633333	7.58924213e-07	
0.19791667	4.32243859e-07	
0.19950000	3.56797610e-07	
0.20108333	2.90812526e-08	
0.20266667	1.50072930e-07	
0.20425000	3.15227504e-07	
0.20583333	8.85664900e-08	
0.20741667	1.98037164e-07	
0.20900000	3.60901922e-07	
0.21058333	5.35951777e-07	
0.21216667	6.23800958e-07	
0.21375000	4.17984415e-07	
0.21533333	5.41267591e-07	
0.21691667	6.34044098e-07	
0.21850000	3.70886946e-07	
0.22008333	-6.02799288e-08	
0.22166667	-4.04025124e-08	
0.22325000	6.49467162e-08	
0.22483333	1.19004500e-07	
0.22641667	1.24837750e-07	
0.22800000	2.07942595e-07	
0.22958333	3.20223489e-07	
0.23116667	6.57808092e-07	
0.23275000	5.69528363e-07	
0.23433333	5.51984288e-07	
0.23591667	6.92334930e-07	
0.23750000	5.26981798e-07	
0.23908333	5.11751299e-07	
0.24066667	-4.12193545e-09	
0.24225000	7.90781645e-09	
0.24383333	1.25278545e-07	
0.24541667	1.80623967e-07	
0.24700000	1.90277778e-07	
0.24858333	1.50877756e-07	
0.25016667	3.70366067e-07	
0.25175000	4.29565455e-07	
0.25333333	5.96621035e-07	
0.25491667	7.85238226e-07	
0.25650000	6.67098405e-07	
0.25808333	6.89485354e-07	
0.25966667	3.52563624e-07	
0.26125000	2.35848451e-07	
0.26283333	1.91210710e-07	
0.26441667	1.52406989e-07	
0.26600000	2.26626727e-07	
0.26758333	9.55408190e-08	
0.26916667	1.51664171e-07	
0.27075000	3.67081883e-07	
0.27233333	3.80606742e-07	
0.27391667	4.08261707e-07	
0.27550000	4.50524395e-07	
0.27708333	4.54194436e-07	
0.27866667	5.92041989e-07	
0.28025000	1.69291379e-08	
0.28183333	2.28276925e-07	
0.28341667	1.11744859e-07	
0.28500000	2.77668327e-07	
0.28658333	1.86414235e-07	
0.28816667	9.20488803e-08	
0.28975000	1.04640261e-07	
0.29133333	3.17638385e-07	
0.29291667	4.97667059e-07	
0.29450000	5.11021194e-07	
0.29608333	5.95757420e-07	
0.29766667	6.30093625e-07	
0.29925000	2.61636992e-07	
0.30083333	1.31725219e-07	
0.30241667	1.51802063e-07	
0.30400000	8.35273489e-08	
0.30558333	1.78929569e-07	
0.30716667	5.28466418e-08	
0.30875000	8.00710698e-08	
0.31033333	1.80148421e-07	
0.31191667	2.55509085e-07	
0.31350000	4.20188618e-07	
0.31508333	4.03897207e-07	
0.31666667	5.75750634e-07	
0.31825000	6.25010165e-07	
0.31983333	3.33394244e-07	
0.32141667	2.55379495e-07	
0.32300000	1.89914714e-07	
0.32458333	3.08745802e-07	
0.32616667	2.11044616e-07	
0.32775000	1.68351674e-07	
0.32933333	3.99922121e-07	
0.33091667	5.36843113e-07	
0.33250000	5.01210282e-07	
0.33408333	3.52000379e-07	
0.33566667	4.85869625e-07	
0.33725000	5.50946169e-07	
0.33883333	4.28095613e-07	
0.34041667	3.75205104e-07	
0.34200000	2.19903093e-07	
0.34358333	1.24838142e-07	
0.34516667	2.07872129e-07	
0.34675000	4.59805832e-09	
0.34833333	1.73043845e-07	
0.34991667	3.32616873e-07	
0.35150000	4.00267348e-07	
0.35308333	5.42736145e-07	
0.35466667	4.57955117e-07	
0.35625000	6.20734709e-07	
0.35783333	5.70522296e-07	
0.35941667	4.61325936e-07	
0.36100000	2.32045334e-07	
0.36258333	1.68818077e-07	
0.36416667	9.81072811e-08	
0.36575000	-1.30153174e-08	
0.36733333	1.66338622e-07	
0.36891667	2.81392858e-07	
0.37050000	2.63804989e-07	
0.37208333	4.95203732e-07	
0.37366667	4.22997508e-07	
0.37525000	5.20482426e-07	
0.37683333	4.89629410e-07	
0.37841667	3.54074768e-07	
0.38000000	1.91149821e-07	
0.38158333	2.56520602e-07	
0.38316667	2.59614685e-07	
0.38475000	3.59476518e-07	
0.38633333	2.70978603e-07	
0.38791667	2.57428011e-07	
0.38950000	3.68548841e-07	
0.39108333	5.08487640e-07	
0.39266667	4.86215329e-07	
0.39425000	4.51905697e-07	
0.39583333	6.15721644e-07	
0.39741667	6.62390946e-07	
0.39900000	3.69648002e-07	
0.40058333	2.28295714e-07	
0.40216667	5.34519064e-08	
0.40375000	1.32615323e-07	
0.40533333	7.57236648e-08	
0.40691667	2.14415435e-07	
0.40850000	2.63641294e-07	
0.41008333	7.73088481e-07	
0.41166667	7.33945973e-07	
0.41325000	7.92370314e-07	
0.41483333	1.04360212e-06	
0.41641667	1.13810625e-06	
0.41800000	1.42276075e-06	
0.41958333	1.35286827e-06	
0.42116667	1.36739219e-06	
0.42275000	1.53170692e-06	
0.42433333	1.67124973e-06	
0.42591667	1.92952536e-06	
0.42750000	2.00264314e-06	
0.42908333	2.22091361e-06	
0.43066667	2.66818014e-06	
0.43225000	3.06603230e-06	
0.43383333	3.48703163e-06	
0.43541667	4.40986591e-06	
0.43700000	5.71255783e-06	
0.43858333	7.57009891e-06	
0.44016667	9.45382990e-06	
0.44175000	1.17547214e-05	
0.44333333	1.47373507e-05	
0.44491667	1.97371995e-05	
0.44650000	2.75374804e-05	
0.44808333	3.99681207e-05	
0.44966667	6.22924141e-05	
0.45125000	1.06190162e-04	
0.45283333	1.60891746e-04	
0.45441667	1.94301014e-04	
0.45600000	1.76040733e-04	
0.45758333	1.38722006e-04	
0.45916667	1.28263367e-04	
0.46075000	1.75720796e-04	
0.46233333	3.70516467e-04	
0.46391667	6.23060941e-04	
0.46550000	5.51600745e-04	
0.46708333	6.57743116e-04	
0.46866667	9.64764225e-04	
0.47025000	1.04123118e-03	
0.47183333	1.20192178e-03	
0.47341667	1.51417433e-03	
0.47500000	1.63994511e-03	
0.47658333	1.83843778e-03	
0.47816667	2.40673681e-03	
0.47975000	2.25140903e-03	
0.48133333	2.33006398e-03	
0.48291667	2.65642379e-03	
0.48450000	3.90905531e-03	
0.48608333	4.02888258e-03	
0.48766667	1.04539023e-02	
0.48925000	1.78312389e-02	
0.49083333	2.56251006e-02	
0.49241667	2.21248842e-02	
0.49400000	2.85513870e-02	
0.49558333	3.99614741e-02	
0.49716667	5.34304427e-02	
0.49875000	1.33647266e-01	
0.50033333	1.14056113e-01	
0.50191667	1.24330571e-01	
0.50350000	1.93070002e-01	
0.50508333	2.22087845e-01	
0.50666667	2.82847671e-01	
0.50825000	3.19594519e-01	
0.50983333	3.12306274e-01	
0.51141667	3.75940835e-01	
0.51300000	7.98263007e-01	
0.51458333	1.34857659e+00	
0.51616667	1.50044068e+00	
0.51775000	2.98765462e+00	
0.51933333	1.10537029e+01	
0.52091667	1.19393738e+01	
0.52250000	1.32086244e+01	
0.52408333	1.46873176e+01	
0.52566667	1.61210628e+01	
0.52725000	1.72146202e+01	
0.52883333	1.78682351e+01	
0.53041667	1.80645368e+01	
0.53200000	2.03960667e+01	
0.53358333	2.19862713e+01	
0.53516667	2.21061393e+01	
0.53675000	2.23189398e+01	
0.53833333	2.26144521e+01	
0.53991667	2.31362515e+01	
0.54150000	2.31623827e+01	
0.54308333	2.32795561e+01	
0.54466667	2.37133049e+01	
0.54625000	2.41019753e+01	
0.54783333	2.45258719e+01	
0.54941667	2.44962023e+01	
0.55100000	2.43676189e+01	
