start voltage : 0.00 V 
set voltage : 0.10 V 
High G : 30.00 G0 
Intermediate G : 20.00 G0 
Low G : 10.00 G0 
Breaking speed 1 : 300.00 V/s 
Breaking speed 2 : 300.00 V/s 
Making speed : 500.00 V/s 
Post breaking : 230.00 V/s 
@ 
0.00000000	4.29563866e+01	
0.00158333	4.32869524e+01	
0.00316667	4.33304656e+01	
0.00475000	4.33915787e+01	
0.00633333	4.32867231e+01	
0.00791667	4.34508992e+01	
0.00950000	4.33050747e+01	
0.01108333	4.33081903e+01	
0.01266667	4.33610841e+01	
0.01425000	4.32343554e+01	
0.01583333	4.34265494e+01	
0.01741667	4.31991518e+01	
0.01900000	4.32717088e+01	
0.02058333	4.33990915e+01	
0.02216667	4.32167517e+01	
0.02375000	4.34240125e+01	
0.02533333	4.32408197e+01	
0.02691667	4.33618433e+01	
0.02850000	4.31714120e+01	
0.03008333	4.33177701e+01	
0.03166667	4.32846147e+01	
0.03325000	4.31670374e+01	
0.03483333	4.33622567e+01	
0.03641667	4.32240014e+01	
0.03800000	4.31665188e+01	
0.03958333	4.33182963e+01	
0.04116667	4.31796952e+01	
0.04275000	4.32700965e+01	
0.04433333	4.29900494e+01	
0.04591667	4.31901094e+01	
0.04750000	4.31596712e+01	
0.04908333	4.31351147e+01	
0.05066667	4.31182739e+01	
0.05225000	4.35436494e+01	
0.05383333	4.31424471e+01	
0.05541667	4.32571681e+01	
0.05700000	4.31737572e+01	
0.05858333	4.32139218e+01	
0.06016667	4.30765647e+01	
0.06175000	4.29468219e+01	
0.06333333	4.31115391e+01	
0.06491667	4.30015197e+01	
0.06650000	4.31812173e+01	
0.06808333	4.31587655e+01	
0.06966667	4.31566420e+01	
0.07125000	4.31155078e+01	
0.07283333	4.32941758e+01	
0.07441667	4.32123959e+01	
0.07600000	4.30352125e+01	
0.07758333	4.30999937e+01	
0.07916667	4.30768503e+01	
0.08075000	4.29711905e+01	
0.08233333	4.31323223e+01	
0.08391667	4.27435072e+01	
0.08550000	4.28939807e+01	
0.08708333	4.29641775e+01	
0.08866667	4.29108327e+01	
0.09025000	4.29551351e+01	
0.09183333	4.28339123e+01	
0.09341667	4.29119527e+01	
0.09500000	4.29292182e+01	
0.09658333	4.28821271e+01	
0.09816667	4.30039400e+01	
0.09975000	4.27217394e+01	
0.10133333	4.30465963e+01	
0.10291667	4.27721941e+01	
0.10450000	4.27940409e+01	
0.10608333	4.29170714e+01	
0.10766667	4.28900758e+01	
0.10925000	4.29722240e+01	
0.11083333	4.28691498e+01	
0.11241667	4.26383735e+01	
0.11400000	4.29598405e+01	
0.11558333	4.26261329e+01	
0.11716667	4.27631968e+01	
0.11875000	4.26850211e+01	
0.12033333	4.24899108e+01	
0.12191667	4.24823492e+01	
0.12350000	4.23015954e+01	
0.12508333	4.25826159e+01	
0.12666667	4.25914328e+01	
0.12825000	4.23981302e+01	
0.12983333	4.25499754e+01	
0.13141667	4.25075709e+01	
0.13300000	4.24830933e+01	
0.13458333	4.24722996e+01	
0.13616667	4.23599049e+01	
0.13775000	4.25341343e+01	
0.13933333	4.23764074e+01	
0.14091667	4.24191652e+01	
0.14250000	4.22002688e+01	
0.14408333	4.23269938e+01	
0.14566667	4.23306205e+01	
0.14725000	4.21073307e+01	
0.14883333	4.21809213e+01	
0.15041667	4.20555380e+01	
0.15200000	4.21872953e+01	
0.15358333	4.19927750e+01	
0.15516667	4.19542415e+01	
0.15675000	4.21728335e+01	
0.15833333	4.20673954e+01	
0.15991667	4.18801548e+01	
0.16150000	4.21971683e+01	
0.16308333	4.16539561e+01	
0.16466667	4.20166776e+01	
0.16625000	4.18149151e+01	
0.16783333	4.19048955e+01	
0.16941667	4.18857659e+01	
0.17100000	4.18378856e+01	
0.17258333	4.17635998e+01	
0.17416667	4.17404940e+01	
0.17575000	4.17324475e+01	
0.17733333	4.17106007e+01	
0.17891667	4.16387314e+01	
0.18050000	4.16994687e+01	
0.18208333	4.13219247e+01	
0.18366667	4.18059366e+01	
0.18525000	4.16552941e+01	
0.18683333	4.16433541e+01	
0.18841667	4.15141374e+01	
0.19000000	4.13576132e+01	
0.19158333	4.15205866e+01	
0.19316667	4.17632540e+01	
0.19475000	4.15148665e+01	
0.19633333	4.15858677e+01	
0.19791667	4.14578762e+01	
0.19950000	4.13837594e+01	
0.20108333	4.11695008e+01	
0.20266667	4.14021411e+01	
0.20425000	4.11043061e+01	
0.20583333	4.10542536e+01	
0.20741667	4.12532838e+01	
0.20900000	4.13138632e+01	
0.21058333	4.10737777e+01	
0.21216667	4.11784229e+01	
0.21375000	4.10731689e+01	
0.21533333	4.10418475e+01	
0.21691667	4.09483832e+01	
0.21850000	4.11183245e+01	
0.22008333	4.11015363e+01	
0.22166667	4.10159531e+01	
0.22325000	4.10594625e+01	
0.22483333	4.09105601e+01	
0.22641667	4.08722145e+01	
0.22800000	4.10520099e+01	
0.22958333	4.08920393e+01	
0.23116667	4.09521678e+01	
0.23275000	4.07577640e+01	
0.23433333	4.07932608e+01	
0.23591667	4.08111276e+01	
0.23750000	4.04108423e+01	
0.23908333	4.04768713e+01	
0.24066667	4.03908409e+01	
0.24225000	4.02039799e+01	
0.24383333	4.04045923e+01	
0.24541667	4.03063964e+01	
0.24700000	4.02498646e+01	
0.24858333	4.02831252e+01	
0.25016667	4.02123609e+01	
0.25175000	4.03556597e+01	
0.25333333	4.00477752e+01	
0.25491667	4.00753533e+01	
0.25650000	3.99645596e+01	
0.25808333	4.00274956e+01	
0.25966667	4.00004661e+01	
0.26125000	3.99395334e+01	
0.26283333	4.02153261e+01	
0.26441667	3.98028565e+01	
0.26600000	3.98770710e+01	
0.26758333	3.97540743e+01	
0.26916667	3.97387894e+01	
0.27075000	3.97230611e+01	
0.27233333	3.96530746e+01	
0.27391667	3.96348922e+01	
0.27550000	3.96392480e+01	
0.27708333	3.95256883e+01	
0.27866667	3.95975162e+01	
0.28025000	3.93556606e+01	
0.28183333	3.94039543e+01	
0.28341667	3.96866961e+01	
0.28500000	3.93394850e+01	
0.28658333	3.94663603e+01	
0.28816667	3.94234710e+01	
0.28975000	3.93647781e+01	
0.29133333	3.91377150e+01	
0.29291667	3.92111290e+01	
0.29450000	3.91584193e+01	
0.29608333	3.88872455e+01	
0.29766667	3.88535000e+01	
0.29925000	3.90686870e+01	
0.30083333	3.87265571e+01	
0.30241667	3.90743357e+01	
0.30400000	3.88731520e+01	
0.30558333	3.88607384e+01	
0.30716667	3.87827093e+01	
0.30875000	3.86538910e+01	
0.31033333	3.86418608e+01	
0.31191667	3.81419439e+01	
0.31350000	3.83322136e+01	
0.31508333	3.80636367e+01	
0.31666667	3.80706947e+01	
0.31825000	3.81599573e+01	
0.31983333	3.77623479e+01	
0.32141667	3.78665758e+01	
0.32300000	3.77443270e+01	
0.32458333	3.75870173e+01	
0.32616667	3.76615099e+01	
0.32775000	3.74185155e+01	
0.32933333	3.74783245e+01	
0.33091667	3.72154189e+01	
0.33250000	3.72946506e+01	
0.33408333	3.73248595e+01	
0.33566667	3.72021559e+01	
0.33725000	3.73601872e+01	
0.33883333	3.69293134e+01	
0.34041667	3.67885965e+01	
0.34200000	3.66858868e+01	
0.34358333	3.66565235e+01	
0.34516667	3.67078764e+01	
0.34675000	3.65016830e+01	
0.34833333	3.65910057e+01	
0.34991667	3.64082788e+01	
0.35150000	3.64278519e+01	
0.35308333	3.63959517e+01	
0.35466667	3.62882210e+01	
0.35625000	3.63188735e+01	
0.35783333	3.62900137e+01	
0.35941667	3.60809527e+01	
0.36100000	3.63142170e+01	
0.36258333	3.61675394e+01	
0.36416667	3.60748117e+01	
0.36575000	3.60702642e+01	
0.36733333	3.59857033e+01	
0.36891667	3.60510106e+01	
0.37050000	3.58638941e+01	
0.37208333	3.60448433e+01	
0.37366667	3.57503419e+01	
0.37525000	3.56651571e+01	
0.37683333	3.55827759e+01	
0.37841667	3.55292432e+01	
0.38000000	3.55355608e+01	
0.38158333	3.55316785e+01	
0.38316667	3.50725200e+01	
0.38475000	3.50970577e+01	
0.38633333	3.49908792e+01	
0.38791667	3.49702163e+01	
0.38950000	3.47666912e+01	
0.39108333	3.47050143e+01	
0.39266667	3.48541122e+01	
0.39425000	3.47129894e+01	
0.39583333	3.46869070e+01	
0.39741667	3.46669168e+01	
0.39900000	3.46138125e+01	
0.40058333	3.45264141e+01	
0.40216667	3.40173909e+01	
0.40375000	3.42668532e+01	
0.40533333	3.39160756e+01	
0.40691667	3.38114868e+01	
0.40850000	3.36598333e+01	
0.41008333	3.34624643e+01	
0.41166667	3.37056353e+01	
0.41325000	3.37481638e+01	
0.41483333	3.37161584e+01	
0.41641667	3.37723069e+01	
0.41800000	3.35680452e+01	
0.41958333	3.35850213e+01	
0.42116667	3.35340028e+01	
0.42275000	3.33955446e+01	
0.42433333	3.34346569e+01	
0.42591667	3.32852621e+01	
0.42750000	3.29443837e+01	
0.42908333	3.29537417e+01	
0.43066667	3.28710637e+01	
0.43225000	3.26285842e+01	
0.43383333	3.19738907e+01	
0.43541667	3.20396866e+01	
0.43700000	3.18696664e+01	
0.43858333	3.19414343e+01	
0.44016667	3.18186292e+01	
0.44175000	3.16550207e+01	
0.44333333	3.15630071e+01	
0.44491667	3.12750939e+01	
0.44650000	3.14010202e+01	
0.44808333	3.13128457e+01	
0.44966667	3.11454525e+01	
0.45125000	3.12481941e+01	
0.45283333	3.08227416e+01	
0.45441667	3.12495734e+01	
0.45600000	3.12412112e+01	
0.45758333	3.11626353e+01	
0.45916667	3.11382329e+01	
0.46075000	3.08661439e+01	
0.46233333	3.07677488e+01	
0.46391667	3.09972078e+01	
0.46550000	3.08783489e+01	
0.46708333	3.07924425e+01	
0.46866667	3.08180287e+01	
0.47025000	3.07859820e+01	
0.47183333	3.07555739e+01	
0.47341667	3.01029173e+01	
0.47500000	3.00994879e+01	
0.47658333	2.99593121e+01	
0.47816667	3.00189164e+01	
0.47975000	2.99964739e+01	
0.48133333	2.98913289e+01	
0.48291667	2.98623602e+01	
0.48450000	2.94639559e+01	
0.48608333	2.91678272e+01	
0.48766667	2.90989081e+01	
0.48925000	2.88477301e+01	
0.49083333	2.82274529e+01	
0.49241667	2.79234525e+01	
0.49400000	2.80111798e+01	
0.49558333	2.79935234e+01	
0.49716667	2.79741045e+01	
0.49875000	2.80365875e+01	
0.50033333	2.78495161e+01	
0.50191667	2.77090923e+01	
0.50350000	2.76288590e+01	
0.50508333	2.74068883e+01	
0.50666667	2.75310426e+01	
0.50825000	2.73672330e+01	
0.50983333	2.73485450e+01	
0.51141667	2.72154310e+01	
0.51300000	2.70178421e+01	
0.51458333	2.70967676e+01	
0.51616667	2.68706478e+01	
0.51775000	2.68893696e+01	
0.51933333	2.66946163e+01	
0.52091667	2.67597621e+01	
0.52250000	2.69896345e+01	
0.52408333	2.67306675e+01	
0.52566667	2.67624098e+01	
0.52725000	2.65833660e+01	
0.52883333	2.64756297e+01	
0.53041667	2.62559573e+01	
0.53200000	2.60781800e+01	
0.53358333	2.60672003e+01	
0.53516667	2.61087103e+01	
0.53675000	2.62103150e+01	
0.53833333	2.61595333e+01	
0.53991667	2.61333721e+01	
0.54150000	2.62261843e+01	
0.54308333	2.59252581e+01	
0.54466667	2.56840282e+01	
0.54625000	2.52388448e+01	
0.54783333	2.50188567e+01	
0.54941667	2.49918855e+01	
0.55100000	2.49891551e+01	
0.55258333	2.52295093e+01	
0.55416667	2.52028876e+01	
0.55575000	2.50123117e+01	
0.55733333	2.49133265e+01	
0.55891667	2.44727225e+01	
0.56050000	2.41314401e+01	
0.56208333	2.38684142e+01	
0.56366667	2.37933973e+01	
0.56525000	2.37506170e+01	
0.56683333	2.36341070e+01	
0.56841667	2.35132018e+01	
0.57000000	2.36513706e+01	
0.57158333	2.35336223e+01	
0.57316667	2.34206808e+01	
0.57475000	2.33727667e+01	
0.57633333	2.30669285e+01	
0.57791667	2.29927910e+01	
0.57950000	2.30663309e+01	
0.58108333	2.30558641e+01	
0.58266667	2.26582547e+01	
0.58425000	2.29329914e+01	
0.58583333	2.28947210e+01	
0.58741667	2.28883301e+01	
0.58900000	2.29054941e+01	
0.59058333	2.24742914e+01	
0.59216667	2.23867407e+01	
0.59375000	2.20118068e+01	
0.59533333	2.20092775e+01	
0.59691667	2.18752127e+01	
0.59850000	2.15041441e+01	
0.60008333	2.10886529e+01	
0.60166667	2.08001629e+01	
0.60325000	2.07257323e+01	
0.60483333	2.08449369e+01	
0.60641667	2.07807946e+01	
0.60800000	2.08155774e+01	
0.60958333	2.09370802e+01	
0.61116667	2.09815273e+01	
0.61275000	2.08200835e+01	
0.61433333	2.07414569e+01	
0.61591667	2.07754260e+01	
0.61750000	2.06633376e+01	
0.61908333	2.03706796e+01	
0.62066667	2.03352655e+01	
0.62225000	2.00828529e+01	
0.62383333	1.97228073e+01	
0.62541667	1.95718942e+01	
0.62700000	1.93606214e+01	
0.62858333	1.89700663e+01	
0.63016667	1.88450589e+01	
0.63175000	1.89419244e+01	
0.63333333	1.88183846e+01	
0.63491667	1.85309938e+01	
0.63650000	1.79915719e+01	
0.63808333	1.77923538e+01	
0.63966667	1.76153433e+01	
0.64125000	1.76019714e+01	
0.64283333	1.75505038e+01	
0.64441667	1.74420967e+01	
0.64600000	1.69059069e+01	
0.64758333	1.62688415e+01	
0.64916667	1.60409497e+01	
0.65075000	1.60063436e+01	
0.65233333	1.63121630e+01	
0.65391667	1.62008864e+01	
0.65550000	1.62347522e+01	
0.65708333	1.51172311e+01	
0.65866667	1.49439723e+01	
0.66025000	1.49962338e+01	
0.66183333	1.50682421e+01	
0.66341667	1.45986347e+01	
0.66500000	1.45120856e+01	
0.66658333	1.44876879e+01	
0.66816667	1.40731212e+01	
0.66975000	1.37972148e+01	
0.67133333	1.35131021e+01	
0.67291667	1.30685031e+01	
0.67450000	1.31469466e+01	
0.67608333	1.30649845e+01	
0.67766667	1.29919999e+01	
0.67925000	1.29900033e+01	
0.68083333	1.24406916e+01	
0.68241667	1.14881264e+01	
0.68400000	1.11948229e+01	
0.68558333	1.14035523e+01	
0.68716667	1.11599331e+01	
0.68875000	1.10433602e+01	
0.69033333	1.07639266e+01	
0.69191667	1.06345803e+01	
0.69350000	1.04959999e+01	
0.69508333	1.04358554e+01	
0.69666667	1.02477402e+01	
0.69825000	9.92116196e+00	
0.69983333	9.18743118e+00	
0.70141667	9.24879801e+00	
0.70300000	9.18504280e+00	
0.70458333	8.51338635e+00	
0.70616667	8.48692628e+00	
0.70775000	8.34319144e+00	
0.70933333	8.14959851e+00	
0.71091667	8.25367238e+00	
0.71250000	8.15963683e+00	
0.71408333	8.13940985e+00	
0.71566667	7.98836706e+00	
0.71725000	7.71423075e+00	
0.71883333	7.25739626e+00	
0.72041667	7.00780189e+00	
0.72200000	6.56169583e+00	
0.72358333	6.06458354e+00	
0.72516667	5.74295498e+00	
0.72675000	4.96733364e+00	
0.72833333	4.11503571e+00	
0.72991667	4.10375950e+00	
0.73150000	3.93142285e+00	
0.73308333	3.42806667e+00	
0.73466667	2.55202966e+00	
0.73625000	1.96841526e+00	
0.73783333	1.57263237e+00	
0.73941667	1.18034667e+00	
0.74100000	1.14762627e+00	
0.74258333	1.06737346e+00	
0.74416667	1.07321110e+00	
0.74575000	1.02918702e+00	
0.74733333	1.02248016e+00	
0.74891667	7.82569843e-01	
0.75050000	-1.05034304e-02	
0.75208333	1.04628015e-02	
0.75366667	-2.93193783e-03	
0.75525000	-2.47383396e-04	
0.75683333	8.99504584e-05	
0.75841667	1.03308452e-03	
0.76000000	4.05568499e-04	
0.76158333	5.25075260e-05	
0.76316667	1.20625148e-05	
0.76475000	-3.95522003e-06	
0.76633333	-1.20392132e-05	
0.76791667	-1.49738256e-05	
0.76950000	-1.43180012e-05	
0.77108333	-1.21836594e-05	
0.77266667	-9.09887522e-06	
0.77425000	-6.27187240e-06	
0.77583333	-3.89903562e-06	
0.77741667	-1.95710951e-06	
0.77900000	-5.79691307e-07	
0.78058333	5.80003857e-07	
0.78216667	1.15434138e-06	
0.78375000	1.54781470e-06	
0.78533333	1.80062718e-06	
0.78691667	2.04213275e-06	
0.78850000	2.22823941e-06	
0.79008333	2.00537181e-06	
0.79166667	1.88618614e-06	
0.79325000	1.78478911e-06	
0.79483333	1.68107156e-06	
0.79641667	1.61540828e-06	
0.79800000	1.27570174e-06	
0.79958333	1.40774558e-06	
0.80116667	1.19540321e-06	
0.80275000	9.95550063e-07	
0.80433333	6.16013809e-07	
0.80591667	4.82154083e-07	
0.80750000	4.77877283e-07	
0.80908333	3.96638749e-07	
0.81066667	2.15962602e-07	
0.81225000	3.00147260e-07	
0.81383333	4.34879869e-07	
0.81541667	6.14163654e-07	
0.81700000	5.10717268e-07	
0.81858333	5.31717427e-07	
0.82016667	5.14431915e-07	
0.82175000	4.95782518e-07	
0.82333333	3.27932095e-07	
0.82491667	4.74029245e-08	
0.82650000	-3.87954328e-08	
0.82808333	1.17422541e-07	
0.82966667	8.81679272e-08	
0.83125000	1.72439325e-07	
0.83283333	3.32345989e-07	
0.83441667	5.00519491e-07	
0.83600000	5.01037458e-07	
0.83758333	3.64186077e-07	
0.83916667	5.63909631e-07	
0.84075000	5.87979623e-07	
0.84233333	2.15884899e-07	
0.84391667	1.73564136e-07	
0.84550000	4.52156869e-08	
0.84708333	1.12220558e-07	
0.84866667	6.87666616e-08	
0.85025000	-5.97443138e-08	
0.85183333	5.47314728e-08	
0.85341667	1.35156213e-07	
0.85500000	4.95592838e-07	
0.85658333	3.94692130e-07	
0.85816667	3.94692942e-07	
0.85975000	6.73018263e-07	
0.86133333	5.60150350e-07	
0.86291667	3.27199218e-07	
0.86450000	5.23111737e-08	
0.86608333	6.26134135e-08	
0.86766667	1.16282225e-07	
0.86925000	3.33160454e-08	
0.87083333	1.00207480e-07	
0.87241667	2.86664655e-07	
0.87400000	4.27732717e-07	
0.87558333	4.66986810e-07	
0.87716667	3.52259922e-07	
0.87875000	4.14976912e-07	
0.88033333	4.98271494e-07	
0.88191667	3.93293383e-07	
0.88350000	2.89775202e-07	
0.88508333	1.64549145e-07	
0.88666667	2.16100299e-07	
0.88825000	-5.93464859e-08	
0.88983333	-1.12444777e-08	
0.89141667	-3.04389898e-08	
0.89300000	2.45821742e-07	
0.89458333	1.92075165e-07	
0.89616667	2.64203559e-07	
0.89775000	3.77625140e-07	
0.89933333	3.59311423e-07	
0.90091667	1.88444522e-07	
0.90250000	2.28987625e-07	
0.90408333	-1.66026786e-07	
0.90566667	-1.63604674e-08	
0.90725000	5.92601580e-08	
0.90883333	8.29487660e-08	
0.91041667	2.17176712e-08	
0.91200000	-3.10267397e-08	
0.91358333	4.53245277e-07	
0.91516667	4.13489962e-07	
0.91675000	2.77893653e-07	
0.91833333	3.66822088e-07	
0.91991667	3.87372238e-07	
0.92150000	3.59865343e-07	
0.92308333	1.32503472e-07	
0.92466667	-3.26676833e-08	
0.92625000	8.35791233e-08	
0.92783333	1.41729199e-08	
0.92941667	2.32995760e-08	
0.93100000	-6.33132419e-08	
0.93258333	3.27283760e-08	
0.93416667	2.92522826e-07	
0.93575000	3.22227623e-07	
0.93733333	3.44870531e-07	
0.93891667	5.13741348e-07	
0.94050000	5.70089004e-07	
0.94208333	4.91444227e-07	
0.94366667	2.42978803e-07	
0.94525000	1.14034543e-07	
0.94683333	1.47135206e-07	
0.94841667	1.58715658e-07	
0.95000000	2.20154727e-07	
0.95158333	6.07382884e-08	
0.95316667	2.62379977e-07	
0.95475000	3.27758991e-07	
0.95633333	1.74185246e-07	
0.95791667	2.17050885e-07	
0.95950000	1.40005386e-07	
0.96108333	2.67998121e-07	
0.96266667	2.60704018e-07	
0.96425000	-1.16567095e-07	
0.96583333	-5.71696157e-08	
0.96741667	-6.57164007e-08	
0.96900000	4.69276137e-08	
0.97058333	-9.93521750e-08	
0.97216667	3.70924944e-08	
0.97375000	2.10501615e-07	
0.97533333	4.08175183e-07	
0.97691667	5.07779264e-07	
0.97850000	4.47929463e-07	
0.98008333	4.92741638e-07	
0.98166667	6.10275232e-07	
0.98325000	3.49753502e-07	
0.98483333	1.84728755e-07	
0.98641667	1.38795480e-07	
0.98800000	3.03058802e-07	
0.98958333	2.48793180e-07	
0.99116667	2.07899361e-07	
0.99275000	3.46452938e-07	
0.99433333	5.56433800e-07	
0.99591667	5.89750871e-07	
0.99750000	5.25882637e-07	
0.99908333	5.08340186e-07	
1.00066667	7.33362427e-07	
1.00225000	2.26038505e-07	
1.00383333	2.08607680e-07	
1.00541667	2.04520351e-07	
1.00700000	1.89776247e-07	
1.00858333	2.74504241e-07	
1.01016667	6.22332825e-08	
1.01175000	9.79955141e-08	
1.01333333	4.80495624e-07	
1.01491667	5.72509041e-07	
1.01650000	6.59235428e-07	
1.01808333	5.74065463e-07	
1.01966667	6.90346224e-07	
1.02125000	6.22808706e-07	
1.02283333	4.17311293e-07	
1.02441667	1.87253110e-07	
1.02600000	1.57331836e-07	
1.02758333	2.95437364e-07	
1.02916667	1.94676649e-07	
1.03075000	1.95687607e-07	
1.03233333	1.79975836e-07	
1.03391667	4.48318624e-07	
1.03550000	5.44465839e-07	
1.03708333	5.41657033e-07	
1.03866667	5.76268546e-07	
1.04025000	6.77470351e-07	
1.04183333	6.09714534e-07	
1.04341667	3.40549461e-07	
1.04500000	2.10051957e-07	
1.04658333	3.14147720e-07	
1.04816667	2.70979583e-07	
1.04975000	1.60893021e-07	
1.05133333	2.67151335e-07	
1.05291667	3.96527276e-07	
1.05450000	5.66201310e-07	
1.05608333	5.38674059e-07	
1.05766667	5.22426050e-07	
1.05925000	5.14866942e-07	
1.06083333	5.45112108e-07	
1.06241667	4.28615540e-07	
1.06400000	9.69742733e-08	
1.06558333	1.45751902e-07	
1.06716667	2.09013475e-07	
1.06875000	2.86665495e-07	
1.07033333	1.79067713e-07	
1.07191667	2.79742184e-07	
1.07350000	4.63029056e-07	
1.07508333	6.57894112e-07	
1.07666667	5.65724672e-07	
1.07825000	5.35781137e-07	
1.07983333	7.04347805e-07	
1.08141667	6.41174170e-07	
1.08300000	3.50177217e-07	
1.08458333	1.57159894e-07	
1.08616667	1.96482464e-07	
1.08775000	2.56433602e-07	
1.08933333	1.14380785e-07	
1.09091667	1.03681085e-07	
1.09250000	5.06811261e-07	
1.09408333	4.76286811e-07	
1.09566667	5.58422169e-07	
1.09725000	5.00908260e-07	
1.09883333	5.02195422e-07	
1.10041667	5.13785142e-07	
1.10200000	4.48717838e-07	
1.10358333	3.45647733e-07	
1.10516667	1.49856942e-07	
1.10675000	3.10604441e-07	
1.10833333	2.11390389e-07	
1.10991667	3.84755359e-08	
1.11150000	1.44292154e-07	
1.11308333	3.08529436e-07	
1.11466667	6.58239368e-07	
1.11625000	4.82326290e-07	
1.11783333	5.12705749e-07	
1.11941667	5.20957496e-07	
1.12100000	6.80320823e-07	
1.12258333	6.75335871e-07	
1.12416667	3.27067584e-07	
1.12575000	1.81920551e-07	
1.12733333	2.96344437e-07	
1.12891667	2.44144887e-07	
1.13050000	-1.37413016e-08	
1.13208333	3.26766682e-08	
1.13366667	3.64575519e-07	
1.13525000	4.48275530e-07	
1.13683333	4.85437958e-07	
1.13841667	5.54403541e-07	
1.14000000	5.03802414e-07	
1.14158333	6.52540048e-07	
1.14316667	4.29495900e-07	
1.14475000	3.21018276e-07	
1.14633333	3.17993413e-07	
1.14791667	2.33938177e-07	
1.14950000	2.23887294e-07	
1.15108333	1.96802855e-07	
1.15266667	5.24974948e-07	
1.15425000	5.42087804e-07	
1.15583333	4.37819777e-07	
1.15741667	5.50816916e-07	
1.15900000	6.27604481e-07	
1.16058333	6.02195693e-07	
1.16216667	6.19740048e-07	
1.16375000	2.31181467e-07	
1.16533333	2.84633668e-07	
1.16691667	1.93284749e-07	
1.16850000	2.95004941e-07	
1.17008333	1.51586734e-07	
1.17166667	1.09367440e-07	
1.17325000	3.99015300e-07	
1.17483333	4.99914608e-07	
1.17641667	5.83441515e-07	
1.17800000	4.86387817e-07	
1.17958333	3.71920052e-07	
1.18116667	5.51466769e-07	
1.18275000	1.73330171e-07	
1.18433333	-9.24648630e-10	
1.18591667	1.78652734e-07	
1.18750000	1.29642863e-07	
1.18908333	1.81763394e-07	
1.19066667	1.13112449e-08	
1.19225000	3.38232385e-07	
1.19383333	5.50816356e-07	
1.19541667	5.25019638e-07	
1.19700000	5.92559789e-07	
1.19858333	5.07951248e-07	
1.20016667	7.48553612e-07	
1.20175000	5.83442411e-07	
1.20333333	3.01703094e-07	
1.20491667	1.33652699e-07	
1.20650000	1.22375109e-07	
1.20808333	2.84763594e-07	
1.20966667	1.56987504e-07	
1.21125000	2.07882812e-07	
1.21283333	2.77322792e-07	
1.21441667	4.60177296e-07	
1.21600000	6.56425390e-07	
1.21758333	6.86805129e-07	
1.21916667	5.51076655e-07	
1.22075000	6.75965283e-07	
1.22233333	5.69311857e-07	
1.22391667	3.37309099e-07	
1.22550000	2.56848301e-07	
1.22708333	2.12772951e-07	
1.22866667	1.67574093e-07	
1.23025000	6.08418440e-08	
1.23183333	3.32684692e-07	
1.23341667	4.36307681e-07	
1.23500000	5.52934259e-07	
1.23658333	4.84442961e-07	
1.23816667	4.71351086e-07	
1.23975000	6.19826852e-07	
1.24133333	5.35477659e-07	
1.24291667	3.32088545e-07	
1.24450000	1.32011083e-07	
1.24608333	4.81374045e-08	
1.24766667	2.34206877e-07	
1.24925000	2.35415663e-07	
1.25083333	2.35407543e-07	
1.25241667	2.30818781e-07	
1.25400000	5.01037794e-07	
1.25558333	6.16670830e-07	
1.25716667	4.91660173e-07	
1.25875000	4.76752584e-07	
1.26033333	6.73494732e-07	
1.26191667	4.90811175e-07	
1.26350000	3.98210656e-07	
1.26508333	8.78228117e-08	
1.26666667	2.05340536e-07	
1.26825000	2.21320447e-07	
1.26983333	1.53321636e-07	
1.27141667	1.80104893e-07	
1.27300000	4.22780078e-07	
1.27458333	6.84039501e-07	
1.27616667	6.13732715e-07	
1.27775000	5.75515648e-07	
1.27933333	6.70296877e-07	
1.28091667	6.23197531e-07	
1.28250000	6.16280941e-07	
1.28408333	2.56287324e-07	
1.28566667	2.00069033e-07	
1.28725000	3.43488081e-07	
1.28883333	1.85895987e-07	
1.29041667	2.60134910e-08	
1.29200000	7.13159520e-08	
1.29358333	3.19894194e-07	
1.29516667	4.65819466e-07	
1.29675000	4.40022804e-07	
1.29833333	5.09549560e-07	
1.29991667	6.71638137e-07	
1.30150000	5.18279400e-07	
1.30308333	4.80080310e-07	
1.30466667	3.05711978e-07	
1.30625000	3.39036889e-07	
1.30783333	2.63244488e-07	
1.30941667	1.85895483e-07	
1.31100000	2.92110059e-07	
1.31258333	4.64091844e-07	
1.31416667	6.42986635e-07	
1.31575000	6.25789944e-07	
1.31733333	4.32763310e-07	
1.31891667	5.55657941e-07	
1.32050000	4.91831653e-07	
1.32208333	3.57530403e-07	
1.32366667	2.66779675e-07	
1.32525000	9.68627023e-08	
1.32683333	3.26334035e-07	
1.32841667	1.19696005e-07	
1.33000000	1.95228932e-07	
1.33158333	2.06074421e-07	
1.33316667	7.07155659e-07	
1.33475000	5.43730806e-07	
1.33633333	4.07829312e-07	
1.33791667	4.58472832e-07	
1.33950000	5.17284795e-07	
1.34108333	6.15003692e-07	
1.34266667	3.83960425e-07	
1.34425000	1.22850696e-07	
1.34583333	1.87391030e-07	
1.34741667	2.68170301e-07	
1.34900000	2.15797815e-07	
1.35058333	2.40515224e-07	
1.35216667	3.10948885e-07	
1.35375000	5.78038169e-07	
1.35533333	4.36825397e-07	
1.35691667	5.59372643e-07	
1.35850000	5.65032873e-07	
1.36008333	5.46668249e-07	
1.36166667	6.50540702e-07	
1.36325000	3.96940575e-07	
1.36483333	2.86838263e-07	
1.36641667	2.25001940e-07	
1.36800000	7.60607649e-08	
1.36958333	1.04009897e-07	
1.37116667	6.98036881e-08	
1.37275000	4.43090174e-07	
1.37433333	5.14605915e-07	
1.37591667	5.28606487e-07	
1.37750000	6.17017934e-07	
1.37908333	5.16903698e-07	
1.38066667	5.45805251e-07	
1.38225000	4.31415722e-07	
1.38383333	2.12947063e-07	
1.38541667	2.51749888e-07	
1.38700000	1.81227912e-07	
1.38858333	3.28839559e-07	
1.39016667	7.86012629e-08	
1.39175000	-2.08300275e-09	
1.39333333	2.85239083e-07	
1.39491667	3.68766411e-07	
1.39650000	5.38026558e-07	
1.39808333	4.10637250e-07	
1.39966667	5.89016006e-07	
1.40125000	6.75786411e-07	
1.40283333	3.00061240e-07	
1.40441667	3.36227887e-07	
1.40600000	3.65914259e-07	
1.40758333	3.23783260e-07	
1.40916667	3.35390509e-07	
1.41075000	1.34093915e-07	
1.41233333	4.82836361e-07	
1.41391667	5.17413097e-07	
1.41550000	5.06222283e-07	
1.41708333	4.79682020e-07	
1.41866667	4.72776966e-07	
1.42025000	4.65777296e-07	
1.42183333	4.60798252e-07	
1.42341667	9.24204360e-08	
1.42500000	1.23153222e-07	
1.42658333	-1.96612240e-08	
1.42816667	1.49321978e-07	
1.42975000	1.23411996e-07	
1.43133333	2.18235114e-07	
1.43291667	3.50703136e-07	
1.43450000	4.07700422e-07	
1.43608333	5.95800766e-07	
1.43766667	5.47014569e-07	
1.43925000	6.08807014e-07	
1.44083333	4.65430528e-07	
1.44241667	3.55500340e-07	
1.44400000	2.76338800e-07	
1.44558333	2.78757128e-07	
1.44716667	3.40117093e-07	
1.44875000	2.85030754e-07	
1.45033333	1.60418092e-07	
1.45191667	3.18771540e-07	
1.45350000	5.46713499e-07	
1.45508333	5.41827896e-07	
1.45666667	6.08676696e-07	
1.45825000	4.70918970e-07	
1.45983333	7.76857282e-07	
1.46141667	6.23931892e-07	
1.46300000	4.37982745e-07	
1.46458333	3.87175753e-07	
@ 
0.00000000	2.52874111e-07	
0.00158333	3.51914499e-07	
0.00316667	2.03224369e-07	
0.00475000	1.54989909e-07	
0.00633333	5.11840903e-07	
0.00791667	4.22305485e-07	
0.00950000	5.46106488e-07	
0.01108333	4.67246242e-07	
0.01266667	4.88721161e-07	
0.01425000	4.76406769e-07	
0.01583333	4.58344418e-07	
0.01741667	2.71818221e-07	
0.01900000	9.83920609e-08	
0.02058333	2.63028486e-07	
0.02216667	3.21190904e-07	
0.02375000	1.03733455e-07	
0.02533333	3.46079765e-07	
0.02691667	3.65696941e-07	
0.02850000	5.86596025e-07	
0.03008333	5.16075365e-07	
0.03166667	5.11019178e-07	
0.03325000	6.84210309e-07	
0.03483333	5.81067849e-07	
0.03641667	4.28960656e-07	
0.03800000	1.93769255e-07	
0.03958333	1.96004735e-08	
0.04116667	1.95592206e-07	
0.04275000	2.06490253e-07	
0.04433333	2.13594438e-07	
0.04591667	4.32123510e-07	
0.04750000	4.59258239e-07	
0.04908333	6.31362530e-07	
0.05066667	5.46885427e-07	
0.05225000	5.50514670e-07	
0.05383333	7.38267071e-07	
0.05541667	5.91609818e-07	
0.05700000	4.31698171e-07	
0.05858333	1.44801777e-07	
0.06016667	8.93611027e-08	
0.06175000	1.40515051e-07	
0.06333333	2.56848357e-07	
0.06491667	1.17190270e-07	
0.06650000	2.25261260e-07	
0.06808333	4.80642127e-07	
0.06966667	3.70970250e-07	
0.07125000	4.87512571e-07	
0.07283333	5.61490210e-07	
0.07441667	5.89015614e-07	
0.07600000	4.33065892e-07	
0.07758333	2.39823593e-07	
0.07916667	1.23369196e-07	
0.08075000	2.24915808e-07	
0.08233333	1.95557597e-07	
0.08391667	2.20638210e-07	
0.08550000	1.73657338e-07	
0.08708333	3.87676667e-07	
0.08866667	5.45848149e-07	
0.09025000	4.12410093e-07	
0.09183333	5.63140269e-07	
0.09341667	5.60297413e-07	
0.09500000	6.41171874e-07	
0.09658333	4.03524678e-07	
0.09816667	1.94357631e-07	
0.09975000	2.27291967e-07	
0.10133333	2.63979325e-07	
0.10291667	2.79534807e-07	
0.10450000	3.02133669e-07	
0.10608333	2.69889634e-07	
0.10766667	5.18927853e-07	
0.10925000	4.84659635e-07	
0.11083333	4.78868863e-07	
0.11241667	4.28789148e-07	
0.11400000	6.27344125e-07	
0.11558333	4.92093577e-07	
0.11716667	1.48889317e-07	
0.11875000	1.20429960e-07	
0.12033333	1.38812477e-07	
0.12191667	2.59959829e-07	
0.12350000	2.09212914e-07	
0.12508333	2.01537531e-07	
0.12666667	3.46946236e-07	
0.12825000	5.70470325e-07	
0.12983333	5.93034354e-07	
0.13141667	6.62606612e-07	
0.13300000	6.70857966e-07	
0.13458333	7.12556485e-07	
0.13616667	1.62960032e-07	
0.13775000	3.57184083e-07	
0.13933333	2.09964551e-07	
0.14091667	2.69639303e-07	
0.14250000	3.03854850e-07	
0.14408333	-9.73142366e-09	
0.14566667	6.12219541e-08	
0.14725000	3.80383012e-07	
0.14883333	4.72949566e-07	
0.15041667	4.99568232e-07	
0.15200000	5.29712929e-07	
0.15358333	5.78385385e-07	
0.15516667	6.07856763e-07	
0.15675000	2.22876183e-07	
0.15833333	1.86085584e-07	
0.15991667	6.57416439e-08	
0.16150000	1.44939922e-07	
0.16308333	3.03949606e-07	
0.16466667	1.48879950e-07	
0.16625000	4.81332918e-07	
0.16783333	3.10301915e-07	
0.16941667	5.53971761e-07	
0.17100000	4.57610197e-07	
0.17258333	4.90018403e-07	
0.17416667	5.99731526e-07	
0.17575000	4.22824488e-07	
0.17733333	3.73649046e-07	
0.17891667	1.05470450e-07	
0.18050000	1.21579929e-07	
0.18208333	2.53753994e-07	
0.18366667	1.44585678e-07	
0.18525000	1.64705308e-07	
0.18683333	4.34249673e-07	
0.18841667	4.57739591e-07	
0.19000000	6.03491759e-07	
0.19158333	4.57912583e-07	
0.19316667	6.54048868e-07	
0.19475000	6.38708267e-07	
0.19633333	2.76889948e-07	
0.19791667	3.10646499e-07	
0.19950000	5.01423329e-08	
0.20108333	2.36297899e-07	
0.20266667	2.05108391e-07	
0.20425000	1.19220151e-07	
0.20583333	3.37957916e-07	
0.20741667	3.57229361e-07	
0.20900000	4.56442881e-07	
0.21058333	4.60764679e-07	
0.21216667	4.62535338e-07	
0.21375000	6.24536159e-07	
0.21533333	4.20619474e-07	
0.21691667	3.54913377e-07	
0.21850000	2.90675527e-07	
0.22008333	2.39046110e-07	
0.22166667	3.70235133e-07	
0.22325000	-5.79150151e-10	
0.22483333	1.32616065e-07	
0.22641667	2.72706897e-07	
0.22800000	4.50003936e-07	
0.22958333	5.44983750e-07	
0.23116667	4.44171050e-07	
0.23275000	6.13992678e-07	
0.23433333	6.02801584e-07	
0.23591667	6.10603238e-07	
0.23750000	2.36678464e-07	
0.23908333	2.26039443e-07	
0.24066667	2.79102804e-07	
0.24225000	1.90771132e-07	
0.24383333	1.25917912e-07	
0.24541667	2.60315249e-07	
0.24700000	4.73769442e-07	
0.24858333	5.07820874e-07	
0.25016667	4.14701520e-07	
0.25175000	3.73649690e-07	
0.25333333	4.65474966e-07	
0.25491667	5.85645158e-07	
0.25650000	5.47153231e-07	
0.25808333	2.31398239e-07	
0.25966667	2.72490867e-07	
0.26125000	4.01131551e-07	
0.26283333	3.67730504e-07	
0.26441667	4.24899046e-07	
0.26600000	2.00934356e-07	
0.26758333	6.44368441e-07	
0.26916667	6.05696298e-07	
0.27075000	4.65257592e-07	
0.27233333	5.15295922e-07	
0.27391667	5.52553385e-07	
0.27550000	5.29901881e-07	
0.27708333	2.88324849e-07	
0.27866667	1.89630095e-07	
0.28025000	3.11770357e-07	
0.28183333	2.51836076e-07	
0.28341667	1.95454104e-07	
0.28500000	5.32355687e-08	
0.28658333	5.55946956e-08	
0.28816667	4.79345501e-07	
0.28975000	4.40886923e-07	
0.29133333	5.32235506e-07	
0.29291667	4.46893500e-07	
0.29450000	3.69068880e-07	
0.29608333	5.27525078e-07	
0.29766667	1.16316596e-07	
0.29925000	1.60054496e-07	
0.30083333	2.52571473e-07	
0.30241667	1.74608835e-07	
0.30400000	2.10293286e-07	
0.30558333	2.43989200e-07	
0.30716667	5.73674677e-07	
0.30875000	7.08105629e-07	
0.31033333	5.94806889e-07	
0.31191667	5.79853378e-07	
0.31350000	5.94721038e-07	
0.31508333	7.45095569e-07	
0.31666667	6.08635310e-07	
0.31825000	3.61680385e-07	
0.31983333	3.69631034e-07	
0.32141667	2.64540190e-07	
0.32300000	3.68083880e-07	
0.32458333	1.73840830e-07	
0.32616667	3.75983931e-07	
0.32775000	6.34821637e-07	
0.32933333	4.75152928e-07	
0.33091667	6.15028837e-07	
0.33250000	5.37360184e-07	
0.33408333	5.39625037e-07	
0.33566667	5.55871310e-07	
0.33725000	2.00595037e-07	
0.33883333	1.29781063e-07	
0.34041667	6.66748978e-08	
0.34200000	1.65024803e-07	
0.34358333	5.31157828e-08	
0.34516667	9.85149742e-09	
0.34675000	3.43704362e-07	
0.34833333	4.97969248e-07	
0.34991667	6.44153336e-07	
0.35150000	7.21804740e-07	
0.35308333	6.89830889e-07	
0.35466667	7.77547905e-07	
0.35625000	5.12272010e-07	
0.35783333	6.44888649e-07	
0.35941667	6.12998242e-07	
0.36100000	6.10319698e-07	
0.36258333	6.72585755e-07	
0.36416667	6.98971339e-07	
0.36575000	6.60757073e-07	
0.36733333	9.12149777e-07	
0.36891667	8.84063005e-07	
0.37050000	9.67680637e-07	
0.37208333	9.87166599e-07	
0.37366667	1.08322726e-06	
0.37525000	1.08690047e-06	
0.37683333	7.74653023e-07	
0.37841667	5.64169315e-07	
0.38000000	5.93726041e-07	
0.38158333	7.12384725e-07	
0.38316667	7.23102766e-07	
0.38475000	5.65596483e-07	
0.38633333	7.75255610e-07	
0.38791667	8.58709267e-07	
0.38950000	1.03690601e-06	
0.39108333	9.48709561e-07	
0.39266667	8.22918509e-07	
0.39425000	8.89986166e-07	
0.39583333	7.02265071e-07	
0.39741667	4.72731716e-07	
0.39900000	5.66459705e-07	
0.40058333	4.76449611e-07	
0.40216667	6.54224436e-07	
0.40375000	3.90864834e-07	
0.40533333	5.14347239e-07	
0.40691667	5.08530706e-07	
0.40850000	7.60738975e-07	
0.41008333	9.72563608e-07	
0.41166667	9.17338690e-07	
0.41325000	1.08535345e-06	
0.41483333	1.00063554e-06	
0.41641667	8.72052258e-07	
0.41800000	8.57532374e-07	
0.41958333	7.03657070e-07	
0.42116667	7.35849274e-07	
0.42275000	6.18487384e-07	
0.42433333	5.61577238e-07	
0.42591667	5.36651136e-07	
0.42750000	8.72311941e-07	
0.42908333	1.07458484e-06	
0.43066667	9.52207926e-07	
0.43225000	9.76449958e-07	
0.43383333	1.03835738e-06	
0.43541667	9.58714074e-07	
0.43700000	6.53487722e-07	
0.43858333	6.47913288e-07	
0.44016667	6.61395893e-07	
0.44175000	7.31958668e-07	
0.44333333	5.93034298e-07	
0.44491667	6.77123359e-07	
0.44650000	8.07493793e-07	
0.44808333	7.04432816e-07	
0.44966667	8.36142662e-07	
0.45125000	8.25858473e-07	
0.45283333	9.23038737e-07	
0.45441667	8.30092879e-07	
0.45600000	7.47015391e-07	
0.45758333	5.31458919e-07	
0.45916667	4.44258722e-07	
0.46075000	6.14726703e-07	
0.46233333	6.24449131e-07	
0.46391667	5.93421499e-07	
0.46550000	6.10234014e-07	
0.46708333	8.37396559e-07	
0.46866667	1.03548008e-06	
0.47025000	1.06131841e-06	
0.47183333	1.03474600e-06	
0.47341667	1.14912239e-06	
0.47500000	1.03962538e-06	
0.47658333	8.73821601e-07	
0.47816667	5.45812531e-07	
0.47975000	5.85343809e-07	
0.48133333	6.20732301e-07	
0.48291667	4.99265370e-07	
0.48450000	4.89602809e-07	
0.48608333	4.93751587e-07	
0.48766667	8.48069798e-07	
0.48925000	9.23084603e-07	
0.49083333	7.78713765e-07	
0.49241667	9.90061033e-07	
0.49400000	9.69146110e-07	
0.49558333	9.41151126e-07	
0.49716667	8.74140703e-07	
0.49875000	6.44197634e-07	
0.50033333	7.70547143e-07	
0.50191667	6.99852931e-07	
0.50350000	5.61637665e-07	
0.50508333	4.98098278e-07	
0.50666667	7.82302070e-07	
0.50825000	9.68415614e-07	
0.50983333	8.18900105e-07	
0.51141667	8.15478463e-07	
0.51300000	8.80589337e-07	
0.51458333	1.06791113e-06	
0.51616667	8.69239755e-07	
0.51775000	6.44413131e-07	
0.51933333	6.32011319e-07	
0.52091667	5.83656509e-07	
0.52250000	5.12100754e-07	
0.52408333	6.10605702e-07	
0.52566667	6.26420140e-07	
0.52725000	8.92144783e-07	
0.52883333	8.87261532e-07	
0.53041667	9.74202241e-07	
0.53200000	8.75160005e-07	
0.53358333	1.06468785e-06	
0.53516667	1.11535053e-06	
0.53675000	8.68722292e-07	
0.53833333	6.19003391e-07	
0.53991667	7.28545370e-07	
0.54150000	6.92635327e-07	
0.54308333	5.32348463e-07	
0.54466667	5.28648937e-07	
0.54625000	8.62596513e-07	
0.54783333	9.55474777e-07	
0.54941667	8.04165900e-07	
0.55100000	9.12323777e-07	
0.55258333	8.04425863e-07	
0.55416667	9.59598466e-07	
0.55575000	8.93311596e-07	
0.55733333	5.01728305e-07	
0.55891667	5.72336497e-07	
0.56050000	5.20311115e-07	
0.56208333	4.99957337e-07	
0.56366667	6.82180722e-07	
0.56525000	5.40283235e-07	
0.56683333	8.73432944e-07	
0.56841667	9.58574628e-07	
0.57000000	9.26887398e-07	
0.57158333	1.06751385e-06	
0.57316667	1.02801483e-06	
0.57475000	1.19935127e-06	
0.57633333	8.47006030e-07	
0.57791667	6.09282195e-07	
0.57950000	7.10155825e-07	
0.58108333	7.04304795e-07	
0.58266667	8.36529528e-07	
0.58425000	6.04874181e-07	
0.58583333	7.68817281e-07	
0.58741667	8.33489319e-07	
0.58900000	9.15000865e-07	
0.59058333	1.01914370e-06	
0.59216667	7.50289578e-07	
0.59375000	1.06451167e-06	
0.59533333	1.01218270e-06	
0.59691667	7.52641852e-07	
0.59850000	7.35331811e-07	
0.60008333	6.95878545e-07	
0.60166667	8.77970267e-07	
0.60325000	6.82085350e-07	
0.60483333	7.59917810e-07	
0.60641667	1.10930192e-06	
0.60800000	1.33006170e-06	
0.60958333	1.57512657e-06	
0.61116667	1.59282638e-06	
0.61275000	1.93580705e-06	
0.61433333	2.28571568e-06	
0.61591667	2.11771554e-06	
0.61750000	2.36365259e-06	
0.61908333	2.38358455e-06	
0.62066667	2.72586362e-06	
0.62225000	2.93488046e-06	
0.62383333	3.09606084e-06	
0.62541667	4.08823317e-06	
0.62700000	5.52739739e-06	
0.62858333	7.40764458e-06	
0.63016667	9.69708689e-06	
0.63175000	1.21898457e-05	
0.63333333	1.55361795e-05	
0.63491667	1.97768062e-05	
0.63650000	2.52926721e-05	
0.63808333	3.22323619e-05	
0.63966667	4.02763227e-05	
0.64125000	5.12694421e-05	
0.64283333	6.79440837e-05	
0.64441667	9.78449812e-05	
0.64600000	1.76313774e-04	
0.64758333	3.51548171e-04	
0.64916667	4.55400808e-04	
0.65075000	3.76490891e-04	
0.65233333	4.21816848e-04	
0.65391667	8.62855809e-04	
0.65550000	8.67761005e-04	
0.65708333	9.30838451e-04	
0.65866667	2.23135035e-03	
0.66025000	5.03178010e-03	
0.66183333	5.39641209e-03	
0.66341667	7.19734268e-03	
0.66500000	8.06254374e-03	
0.66658333	1.52854529e-02	
0.66816667	2.33016964e-02	
0.66975000	2.74128163e-02	
0.67133333	3.71105071e-02	
0.67291667	5.31707590e-02	
0.67450000	6.00295670e-02	
0.67608333	6.14541844e-02	
0.67766667	6.10060259e-02	
0.67925000	7.45273936e-02	
0.68083333	8.79095771e-02	
0.68241667	9.10190936e-02	
0.68400000	1.07950430e-01	
0.68558333	1.21988291e-01	
0.68716667	1.75752034e-01	
0.68875000	2.00401364e-01	
0.69033333	2.37074059e-01	
0.69191667	2.57224466e-01	
0.69350000	2.55555767e-01	
0.69508333	2.79484699e-01	
0.69666667	3.85631639e-01	
0.69825000	7.02885464e-01	
0.69983333	7.76716404e-01	
0.70141667	7.95118925e-01	
0.70300000	8.72423970e-01	
0.70458333	9.65785086e-01	
0.70616667	1.34924780e+00	
0.70775000	1.06649386e+01	
0.70933333	1.84935258e+01	
0.71091667	2.32545561e+01	
0.71250000	2.53967934e+01	
0.71408333	2.72344779e+01	
0.71566667	2.82527817e+01	
0.71725000	2.93962376e+01	
0.71883333	3.03806813e+01	
0.72041667	3.07146934e+01	
