start voltage : 0.00 V 
set voltage : 0.10 V 
High G : 30.00 G0 
Intermediate G : 20.00 G0 
Low G : 10.00 G0 
Breaking speed 1 : 300.00 V/s 
Breaking speed 2 : 300.00 V/s 
Making speed : 500.00 V/s 
Post breaking : 230.00 V/s 
@ 
0.00000000	4.25481940e+01	
0.00158333	4.27564169e+01	
0.00316667	4.30454199e+01	
0.00475000	4.30152824e+01	
0.00633333	4.30806913e+01	
0.00791667	4.29952321e+01	
0.00950000	4.29918308e+01	
0.01108333	4.32130799e+01	
0.01266667	4.32377078e+01	
0.01425000	4.29942850e+01	
0.01583333	4.29989791e+01	
0.01741667	4.29507380e+01	
0.01900000	4.30887791e+01	
0.02058333	4.29432703e+01	
0.02216667	4.29167708e+01	
0.02375000	4.32133843e+01	
0.02533333	4.27634524e+01	
0.02691667	4.30625802e+01	
0.02850000	4.29660491e+01	
0.03008333	4.29014671e+01	
0.03166667	4.30519894e+01	
0.03325000	4.30574539e+01	
0.03483333	4.29984642e+01	
0.03641667	4.29642038e+01	
0.03800000	4.29814731e+01	
0.03958333	4.30879673e+01	
0.04116667	4.29398428e+01	
0.04275000	4.30400870e+01	
0.04433333	4.30273953e+01	
0.04591667	4.29108365e+01	
0.04750000	4.29652486e+01	
0.04908333	4.28468670e+01	
0.05066667	4.29420865e+01	
0.05225000	4.28411846e+01	
0.05383333	4.29960063e+01	
0.05541667	4.28937664e+01	
0.05700000	4.28660342e+01	
0.05858333	4.30659814e+01	
0.06016667	4.28831343e+01	
0.06175000	4.29813528e+01	
0.06333333	4.29093257e+01	
0.06491667	4.26764448e+01	
0.06650000	4.29258658e+01	
0.06808333	4.27372347e+01	
0.06966667	4.28655381e+01	
0.07125000	4.28707208e+01	
0.07283333	4.28561537e+01	
0.07441667	4.27255578e+01	
0.07600000	4.27119303e+01	
0.07758333	4.27849083e+01	
0.07916667	4.27496783e+01	
0.08075000	4.25135352e+01	
0.08233333	4.27502872e+01	
0.08391667	4.27494603e+01	
0.08550000	4.28037823e+01	
0.08708333	4.26720965e+01	
0.08866667	4.24953077e+01	
0.09025000	4.25476641e+01	
0.09183333	4.25253512e+01	
0.09341667	4.25921957e+01	
0.09500000	4.23857317e+01	
0.09658333	4.23906926e+01	
0.09816667	4.24743403e+01	
0.09975000	4.23282753e+01	
0.10133333	4.23135241e+01	
0.10291667	4.21831988e+01	
0.10450000	4.19418205e+01	
0.10608333	4.25181429e+01	
0.10766667	4.22181920e+01	
0.10925000	4.23189473e+01	
0.11083333	4.22910234e+01	
0.11241667	4.24069358e+01	
0.11400000	4.23717923e+01	
0.11558333	4.26851188e+01	
0.11716667	4.22867766e+01	
0.11875000	4.22594239e+01	
0.12033333	4.22746599e+01	
0.12191667	4.24600927e+01	
0.12350000	4.22052297e+01	
0.12508333	4.23337511e+01	
0.12666667	4.22696990e+01	
0.12825000	4.21117128e+01	
0.12983333	4.21352847e+01	
0.13141667	4.21134228e+01	
0.13300000	4.21839580e+01	
0.13458333	4.19135320e+01	
0.13616667	4.21163505e+01	
0.13775000	4.19513026e+01	
0.13933333	4.18259193e+01	
0.14091667	4.20269677e+01	
0.14250000	4.18027534e+01	
0.14408333	4.17704924e+01	
0.14566667	4.20259079e+01	
0.14725000	4.18692033e+01	
0.14883333	4.19151293e+01	
0.15041667	4.17223641e+01	
0.15200000	4.17459322e+01	
0.15358333	4.16638742e+01	
0.15516667	4.14331017e+01	
0.15675000	4.15938615e+01	
0.15833333	4.14732137e+01	
0.15991667	4.14666517e+01	
0.16150000	4.14869013e+01	
0.16308333	4.12053584e+01	
0.16466667	4.10959027e+01	
0.16625000	4.12853267e+01	
0.16783333	4.12811363e+01	
0.16941667	4.12819631e+01	
0.17100000	4.12397690e+01	
0.17258333	4.11698540e+01	
0.17416667	4.11669790e+01	
0.17575000	4.11076735e+01	
0.17733333	4.09877285e+01	
0.17891667	4.10341318e+01	
0.18050000	4.11214325e+01	
0.18208333	4.10856952e+01	
0.18366667	4.09702338e+01	
0.18525000	4.07090306e+01	
0.18683333	4.06712074e+01	
0.18841667	4.05116240e+01	
0.19000000	4.04445690e+01	
0.19158333	4.05659798e+01	
0.19316667	4.05149012e+01	
0.19475000	4.04516533e+01	
0.19633333	4.06857482e+01	
0.19791667	4.05473801e+01	
0.19950000	4.06799867e+01	
0.20108333	4.04031680e+01	
0.20266667	4.06915509e+01	
0.20425000	4.07363682e+01	
0.20583333	4.05235039e+01	
0.20741667	4.05179567e+01	
0.20900000	4.04124246e+01	
0.21058333	4.05680581e+01	
0.21216667	4.04839406e+01	
0.21375000	4.04885633e+01	
0.21533333	4.06845718e+01	
0.21691667	4.05973726e+01	
0.21850000	4.05319374e+01	
0.22008333	4.05886910e+01	
0.22166667	4.02764242e+01	
0.22325000	4.02825765e+01	
0.22483333	4.01728728e+01	
0.22641667	4.00014395e+01	
0.22800000	3.99312990e+01	
0.22958333	3.97950055e+01	
0.23116667	4.01381577e+01	
0.23275000	3.95744968e+01	
0.23433333	3.98791080e+01	
0.23591667	3.98300363e+01	
0.23750000	3.98347529e+01	
0.23908333	3.99292921e+01	
0.24066667	3.96936301e+01	
0.24225000	3.97705317e+01	
0.24383333	3.97872485e+01	
0.24541667	3.96801116e+01	
0.24700000	3.96783076e+01	
0.24858333	3.95132183e+01	
0.25016667	3.95423298e+01	
0.25175000	3.96250230e+01	
0.25333333	3.93578892e+01	
0.25491667	3.94164505e+01	
0.25650000	3.91685328e+01	
0.25808333	3.92418152e+01	
0.25966667	3.92498579e+01	
0.26125000	3.92168754e+01	
0.26283333	3.91676271e+01	
0.26441667	3.89928339e+01	
0.26600000	3.86577884e+01	
0.26758333	3.84786319e+01	
0.26916667	3.84907034e+01	
0.27075000	3.84715626e+01	
0.27233333	3.82378135e+01	
0.27391667	3.82884900e+01	
0.27550000	3.81881330e+01	
0.27708333	3.81490809e+01	
0.27866667	3.81960291e+01	
0.28025000	3.80164216e+01	
0.28183333	3.82820596e+01	
0.28341667	3.81180075e+01	
0.28500000	3.79015315e+01	
0.28658333	3.83299211e+01	
0.28816667	3.80875393e+01	
0.28975000	3.81503925e+01	
0.29133333	3.79406062e+01	
0.29291667	3.78408129e+01	
0.29450000	3.79363067e+01	
0.29608333	3.76273773e+01	
0.29766667	3.77636295e+01	
0.29925000	3.76903734e+01	
0.30083333	3.75164145e+01	
0.30241667	3.76889978e+01	
0.30400000	3.72556924e+01	
0.30558333	3.69020885e+01	
0.30716667	3.65094776e+01	
0.30875000	3.65281600e+01	
0.31033333	3.66692452e+01	
0.31191667	3.64136268e+01	
0.31350000	3.64578240e+01	
0.31508333	3.61629656e+01	
0.31666667	3.64391868e+01	
0.31825000	3.62497890e+01	
0.31983333	3.62290133e+01	
0.32141667	3.62983383e+01	
0.32300000	3.60047765e+01	
0.32458333	3.62159308e+01	
0.32616667	3.61798364e+01	
0.32775000	3.60126989e+01	
0.32933333	3.61733534e+01	
0.33091667	3.61664157e+01	
0.33250000	3.61993193e+01	
0.33408333	3.61677499e+01	
0.33566667	3.61247854e+01	
0.33725000	3.61347786e+01	
0.33883333	3.61509542e+01	
0.34041667	3.61733572e+01	
0.34200000	3.61978498e+01	
0.34358333	3.60942908e+01	
0.34516667	3.57698548e+01	
0.34675000	3.51921719e+01	
0.34833333	3.52713548e+01	
0.34991667	3.56309531e+01	
0.35150000	3.55052842e+01	
0.35308333	3.53527250e+01	
0.35466667	3.51460993e+01	
0.35625000	3.51404845e+01	
0.35783333	3.50945848e+01	
0.35941667	3.49692955e+01	
0.36100000	3.51671043e+01	
0.36258333	3.49636130e+01	
0.36416667	3.50971028e+01	
0.36575000	3.50471292e+01	
0.36733333	3.49583477e+01	
0.36891667	3.51151651e+01	
0.37050000	3.49375119e+01	
0.37208333	3.51220314e+01	
0.37366667	3.47806193e+01	
0.37525000	3.47954419e+01	
0.37683333	3.47035674e+01	
0.37841667	3.44868132e+01	
0.38000000	3.45051723e+01	
0.38158333	3.45534247e+01	
0.38316667	3.44417967e+01	
0.38475000	3.41326569e+01	
0.38633333	3.37456195e+01	
0.38791667	3.40318903e+01	
0.38950000	3.39242272e+01	
0.39108333	3.37649670e+01	
0.39266667	3.36647040e+01	
0.39425000	3.36078715e+01	
0.39583333	3.35107354e+01	
0.39741667	3.35411698e+01	
0.39900000	3.35069621e+01	
0.40058333	3.34743066e+01	
0.40216667	3.32149224e+01	
0.40375000	3.32287265e+01	
0.40533333	3.30880960e+01	
0.40691667	3.28785727e+01	
0.40850000	3.25834700e+01	
0.41008333	3.25321884e+01	
0.41166667	3.24688842e+01	
0.41325000	3.18520101e+01	
0.41483333	3.17020704e+01	
0.41641667	3.17714930e+01	
0.41800000	3.15576891e+01	
0.41958333	3.16003943e+01	
0.42116667	3.12800736e+01	
0.42275000	3.11269168e+01	
0.42433333	3.14303948e+01	
0.42591667	3.11924158e+01	
0.42750000	3.11885937e+01	
0.42908333	3.10982995e+01	
0.43066667	3.11779014e+01	
0.43225000	3.10220518e+01	
0.43383333	3.08906628e+01	
0.43541667	3.09456650e+01	
0.43700000	3.10536663e+01	
0.43858333	3.09350085e+01	
0.44016667	3.09154599e+01	
0.44175000	3.07313575e+01	
0.44333333	3.04182921e+01	
0.44491667	2.98451436e+01	
0.44650000	2.95306614e+01	
0.44808333	2.98521659e+01	
0.44966667	2.97952395e+01	
0.45125000	2.98863980e+01	
0.45283333	2.96959461e+01	
0.45441667	2.97431969e+01	
0.45600000	2.94204108e+01	
0.45758333	2.93625823e+01	
0.45916667	2.95506534e+01	
0.46075000	2.94065935e+01	
0.46233333	2.95501667e+01	
0.46391667	2.93560881e+01	
0.46550000	2.94367799e+01	
0.46708333	2.94082359e+01	
0.46866667	2.93005578e+01	
0.47025000	2.93711399e+01	
0.47183333	2.92668650e+01	
0.47341667	2.92630315e+01	
0.47500000	2.93055262e+01	
0.47658333	2.88751466e+01	
0.47816667	2.87478373e+01	
0.47975000	2.87810059e+01	
0.48133333	2.88118312e+01	
0.48291667	2.88231680e+01	
0.48450000	2.84280710e+01	
0.48608333	2.85978299e+01	
0.48766667	2.79771449e+01	
0.48925000	2.76451078e+01	
0.49083333	2.75310614e+01	
0.49241667	2.76176274e+01	
0.49400000	2.73209443e+01	
0.49558333	2.69330219e+01	
0.49716667	2.69270237e+01	
0.49875000	2.69940692e+01	
0.50033333	2.68405422e+01	
0.50191667	2.70379169e+01	
0.50350000	2.69327851e+01	
0.50508333	2.70507345e+01	
0.50666667	2.59427566e+01	
0.50825000	2.56867116e+01	
0.50983333	2.57248054e+01	
0.51141667	2.56449329e+01	
0.51300000	2.57169788e+01	
0.51458333	2.57211599e+01	
0.51616667	2.55979489e+01	
0.51775000	2.55878355e+01	
0.51933333	2.54782971e+01	
0.52091667	2.56405808e+01	
0.52250000	2.55784248e+01	
0.52408333	2.54029363e+01	
0.52566667	2.50883376e+01	
0.52725000	2.40756956e+01	
0.52883333	2.39692973e+01	
0.53041667	2.41941919e+01	
0.53200000	2.38593455e+01	
0.53358333	2.40902044e+01	
0.53516667	2.39001189e+01	
0.53675000	2.37931098e+01	
0.53833333	2.37515509e+01	
0.53991667	2.36514007e+01	
0.54150000	2.36432828e+01	
0.54308333	2.35814537e+01	
0.54466667	2.33898762e+01	
0.54625000	2.28519162e+01	
0.54783333	2.27475436e+01	
0.54941667	2.28973067e+01	
0.55100000	2.26924775e+01	
0.55258333	2.24772586e+01	
0.55416667	2.22703097e+01	
0.55575000	2.20745248e+01	
0.55733333	2.21998291e+01	
0.55891667	2.20937727e+01	
0.56050000	2.21225554e+01	
0.56208333	2.20429722e+01	
0.56366667	2.14795407e+01	
0.56525000	2.12496871e+01	
0.56683333	2.08029477e+01	
0.56841667	2.09694802e+01	
0.57000000	2.08267902e+01	
0.57158333	2.05913292e+01	
0.57316667	2.03129057e+01	
0.57475000	2.01477356e+01	
0.57633333	1.97902268e+01	
0.57791667	1.94122055e+01	
0.57950000	1.90584175e+01	
0.58108333	1.91408400e+01	
0.58266667	1.92132580e+01	
0.58425000	1.94115140e+01	
0.58583333	1.91415541e+01	
0.58741667	1.91025790e+01	
0.58900000	1.89597330e+01	
0.59058333	1.87652352e+01	
0.59216667	1.90148705e+01	
0.59375000	1.84654046e+01	
0.59533333	1.80086627e+01	
0.59691667	1.77558724e+01	
0.59850000	1.77730514e+01	
0.60008333	1.75827347e+01	
0.60166667	1.74993088e+01	
0.60325000	1.70062206e+01	
0.60483333	1.71342685e+01	
0.60641667	1.69958215e+01	
0.60800000	1.71529564e+01	
0.60958333	1.71507015e+01	
0.61116667	1.70066810e+01	
0.61275000	1.69835038e+01	
0.61433333	1.67719999e+01	
0.61591667	1.69878559e+01	
0.61750000	1.67928094e+01	
0.61908333	1.65459440e+01	
0.62066667	1.64358287e+01	
0.62225000	1.62914888e+01	
0.62383333	1.59221021e+01	
0.62541667	1.52535284e+01	
0.62700000	1.51669116e+01	
0.62858333	1.51763900e+01	
0.63016667	1.52858654e+01	
0.63175000	1.51804865e+01	
0.63333333	1.46756970e+01	
0.63491667	1.43162979e+01	
0.63650000	1.42128357e+01	
0.63808333	1.40978412e+01	
0.63966667	1.41143917e+01	
0.64125000	1.36184914e+01	
0.64283333	1.29834038e+01	
0.64441667	1.27528079e+01	
0.64600000	1.28162578e+01	
0.64758333	1.26386140e+01	
0.64916667	1.25814010e+01	
0.65075000	1.26775026e+01	
0.65233333	1.24022473e+01	
0.65391667	1.20385403e+01	
0.65550000	1.22016433e+01	
0.65708333	1.18924960e+01	
0.65866667	1.16858393e+01	
0.66025000	1.14564461e+01	
0.66183333	1.13985312e+01	
0.66341667	1.11569133e+01	
0.66500000	1.01890220e+01	
0.66658333	1.00314886e+01	
0.66816667	9.80066446e+00	
0.66975000	9.79467097e+00	
0.67133333	9.83861542e+00	
0.67291667	9.63016607e+00	
0.67450000	9.61737012e+00	
0.67608333	9.57025839e+00	
0.67766667	9.39243326e+00	
0.67925000	9.72856873e+00	
0.68083333	9.54609462e+00	
0.68241667	9.25499727e+00	
0.68400000	8.81248787e+00	
0.68558333	9.24143087e+00	
0.68716667	8.82148140e+00	
0.68875000	7.82448556e+00	
0.69033333	6.98700083e+00	
0.69191667	6.88060482e+00	
0.69350000	6.51450330e+00	
0.69508333	6.58164283e+00	
0.69666667	6.55402709e+00	
0.69825000	6.48695428e+00	
0.69983333	6.47558224e+00	
0.70141667	6.08393250e+00	
0.70300000	6.16924840e+00	
0.70458333	5.12386303e+00	
0.70616667	3.99298182e+00	
0.70775000	3.07769349e+00	
0.70933333	2.51483975e+00	
0.71091667	2.11936692e+00	
0.71250000	1.42828728e+00	
0.71408333	1.32016317e+00	
0.71566667	7.28730347e-01	
0.71725000	1.04486711e-04	
0.71883333	-3.36154860e-04	
0.72041667	-7.02967484e-04	
0.72200000	-1.26254058e-04	
0.72358333	-2.64516015e-05	
0.72516667	2.59029207e-06	
0.72675000	2.08752960e-05	
0.72833333	3.29624554e-05	
0.72991667	3.96351271e-05	
0.73150000	4.05719299e-05	
0.73308333	3.75738475e-05	
0.73466667	3.22944646e-05	
0.73625000	2.61304213e-05	
0.73783333	2.08246339e-05	
0.73941667	1.63912420e-05	
0.74100000	1.24881912e-05	
0.74258333	9.23548909e-06	
0.74416667	6.79293949e-06	
0.74575000	5.20862840e-06	
0.74733333	3.65509405e-06	
0.74891667	2.57125502e-06	
0.75050000	1.64747722e-06	
0.75208333	1.15638973e-06	
0.75366667	8.07147081e-07	
0.75525000	1.88229206e-07	
0.75683333	-8.07453401e-08	
0.75841667	-1.54524262e-07	
0.76000000	-6.40224647e-08	
0.76158333	-1.43600901e-07	
0.76316667	-1.10526559e-07	
0.76475000	2.90167192e-07	
0.76633333	3.23515372e-07	
0.76791667	3.25123597e-07	
0.76950000	3.94779998e-07	
0.77108333	3.08702176e-07	
0.77266667	4.26497273e-07	
0.77425000	2.77425836e-07	
0.77583333	1.43963406e-07	
0.77741667	-2.47686321e-08	
0.77900000	-4.92093311e-08	
0.78058333	6.73668228e-08	
0.78216667	-1.17010513e-08	
0.78375000	7.50495065e-08	
0.78533333	-3.48803321e-08	
0.78691667	2.79906300e-07	
0.78850000	4.31250375e-07	
0.79008333	3.78575755e-07	
0.79166667	4.20490864e-07	
0.79325000	4.38864588e-07	
0.79483333	3.30264851e-07	
0.79641667	2.28416735e-07	
0.79800000	8.63366450e-08	
0.79958333	3.50444685e-07	
0.80116667	2.86949708e-07	
0.80275000	9.84528377e-08	
0.80433333	2.66812576e-07	
0.80591667	2.80659365e-07	
0.80750000	4.29738111e-07	
0.80908333	5.28692619e-07	
0.81066667	3.66001371e-07	
0.81225000	5.76139404e-07	
0.81383333	4.92006997e-07	
0.81541667	1.66751808e-07	
0.81700000	4.11633275e-08	
0.81858333	-1.35278060e-07	
0.82016667	6.07805073e-08	
0.82175000	3.99876318e-08	
0.82333333	-6.29159111e-08	
0.82491667	2.01330406e-07	
0.82650000	3.85540760e-07	
0.82808333	4.84228584e-07	
0.82966667	3.97114603e-07	
0.83125000	4.88895553e-07	
0.83283333	5.69613431e-07	
0.83441667	4.95896651e-07	
0.83600000	3.21710103e-07	
0.83758333	-1.24487680e-09	
0.83916667	8.39339342e-08	
0.84075000	8.55569465e-09	
0.84233333	1.34292066e-07	
0.84391667	1.52924522e-07	
0.84550000	1.61429497e-07	
0.84708333	4.88937667e-07	
0.84866667	3.20326673e-07	
0.85025000	2.52052974e-07	
0.85183333	4.12324185e-07	
0.85341667	3.32807477e-07	
0.85500000	3.59528208e-07	
0.85658333	1.68351870e-07	
0.85816667	3.92423827e-09	
0.85975000	1.15935975e-07	
0.86133333	6.21289848e-08	
0.86291667	8.84881565e-08	
0.86450000	4.90025418e-08	
0.86608333	1.07760917e-07	
0.86766667	3.79104083e-07	
0.86925000	2.96404108e-07	
0.87083333	3.29720647e-07	
0.87241667	2.39798196e-07	
0.87400000	3.87002369e-07	
0.87558333	2.42649704e-07	
0.87716667	-4.72303668e-08	
0.87875000	9.71820636e-08	
0.88033333	1.56123021e-07	
0.88191667	1.50678513e-07	
0.88350000	-6.72412590e-09	
0.88508333	1.20585997e-07	
0.88666667	4.05452117e-07	
0.88825000	4.78782619e-07	
0.88983333	4.51646434e-07	
0.89141667	3.93483960e-07	
0.89300000	4.46762539e-07	
0.89458333	2.63373630e-07	
0.89616667	-1.14216243e-07	
0.89775000	-1.01184374e-07	
0.89933333	-5.69355077e-08	
0.90091667	-1.56857106e-08	
0.90250000	4.85428452e-08	
0.90408333	-3.87094444e-08	
0.90566667	2.38104372e-07	
0.90725000	4.44301256e-07	
0.90883333	3.73476922e-07	
0.91041667	4.50393658e-07	
0.91200000	3.63098396e-07	
0.91358333	4.30041112e-07	
0.91516667	3.44430911e-07	
0.91675000	-3.54315889e-09	
0.91833333	2.74386779e-08	
0.91991667	-7.37014210e-08	
0.92150000	7.15144529e-08	
0.92308333	7.60608699e-08	
0.92466667	4.01600075e-08	
0.92625000	1.44740987e-07	
0.92783333	3.33290219e-07	
0.92941667	5.80978581e-07	
0.93100000	5.64903228e-07	
0.93258333	7.19252761e-07	
0.93416667	5.77952653e-07	
0.93575000	1.46451009e-07	
0.93733333	2.12686861e-07	
0.93891667	2.08252778e-07	
0.94050000	2.92238221e-07	
0.94208333	2.41464691e-07	
0.94366667	1.23057836e-07	
0.94525000	4.64521803e-07	
0.94683333	4.85004891e-07	
0.94841667	5.47662686e-07	
0.95000000	4.86863558e-07	
0.95158333	5.34154936e-07	
0.95316667	6.78074114e-07	
0.95475000	4.55709556e-07	
0.95633333	3.10974898e-07	
0.95791667	3.34283872e-07	
0.95950000	2.42096651e-07	
0.96108333	3.47610958e-07	
0.96266667	1.61550267e-07	
0.96425000	2.71497242e-07	
0.96583333	7.06202720e-07	
0.96741667	5.96664381e-07	
0.96900000	5.57861024e-07	
0.97058333	4.73684767e-07	
0.97216667	5.82104287e-07	
0.97375000	5.43210374e-07	
0.97533333	2.90837850e-07	
0.97691667	4.34449770e-07	
0.97850000	1.06991282e-07	
0.98008333	2.98202041e-07	
0.98166667	1.03300352e-07	
0.98325000	3.46382192e-08	
0.98483333	4.15391219e-07	
0.98641667	5.45026256e-07	
0.98800000	5.77045972e-07	
0.98958333	6.09928464e-07	
0.99116667	5.56995617e-07	
0.99275000	7.49804316e-07	
0.99433333	5.78557704e-07	
0.99591667	1.19703173e-07	
0.99750000	1.30248600e-07	
0.99908333	3.35407534e-07	
1.00066667	4.64178116e-07	
1.00225000	2.52225378e-07	
1.00383333	2.97105063e-07	
1.00541667	1.09272222e-07	
1.00700000	3.18555258e-07	
1.00858333	5.99559655e-07	
1.01016667	3.78964692e-07	
1.01175000	5.00968183e-07	
1.01333333	6.17447697e-07	
1.01491667	5.57403315e-07	
1.01650000	2.60850381e-07	
1.01808333	8.14110700e-08	
1.01966667	2.41854272e-07	
1.02125000	2.06870972e-07	
1.02283333	2.46807274e-07	
1.02441667	3.58991760e-07	
1.02600000	3.84064757e-07	
1.02758333	6.28468040e-07	
1.02916667	5.63521646e-07	
1.03075000	4.98833591e-07	
1.03233333	5.40446370e-07	
1.03391667	5.19013033e-07	
1.03550000	3.48242722e-07	
1.03708333	2.40946751e-07	
1.03866667	2.50712890e-07	
1.04025000	2.86017574e-07	
1.04183333	1.07571055e-07	
1.04341667	2.45260065e-07	
1.04500000	1.88478333e-07	
1.04658333	4.13835973e-07	
1.04816667	4.87382645e-07	
1.04975000	4.46331767e-07	
1.05133333	5.56131498e-07	
1.05291667	5.12054216e-07	
1.05450000	6.03145440e-07	
1.05608333	3.49397606e-07	
1.05766667	1.12375818e-07	
1.05925000	2.48854474e-07	
1.06083333	2.69034084e-07	
1.06241667	2.28830580e-07	
1.06400000	2.30101263e-07	
1.06558333	2.23592469e-07	
1.06716667	6.13041644e-07	
1.06875000	5.11753987e-07	
1.07033333	5.79811937e-07	
1.07191667	6.11831765e-07	
1.07350000	5.36556996e-07	
1.07508333	2.07457641e-07	
1.07666667	1.88203669e-07	
1.07825000	2.79923828e-07	
1.07983333	2.45138540e-07	
1.08141667	9.59294694e-08	
1.08300000	1.78074732e-07	
1.08458333	2.39521628e-07	
1.08616667	4.95851681e-07	
1.08775000	5.64774534e-07	
1.08933333	5.42564105e-07	
1.09091667	4.39892962e-07	
1.09250000	3.84063385e-07	
1.09408333	6.05048965e-07	
1.09566667	2.50920127e-07	
1.09725000	1.44024210e-07	
1.09883333	2.58188889e-07	
1.10041667	1.95963251e-07	
1.10200000	1.69000113e-07	
1.10358333	2.14026680e-07	
1.10516667	3.01252833e-07	
1.10675000	5.57903642e-07	
1.10833333	5.23075175e-07	
1.10991667	6.50419513e-07	
1.11150000	7.11192040e-07	
1.11308333	6.49081053e-07	
1.11466667	4.64176044e-07	
1.11625000	1.47394260e-07	
1.11783333	1.63287675e-07	
1.11941667	1.20170878e-07	
1.12100000	2.07604899e-07	
1.12258333	1.95661509e-07	
1.12416667	1.76778218e-07	
1.12575000	4.31249198e-07	
1.12733333	3.35010840e-07	
1.12891667	5.54532458e-07	
1.13050000	5.28389309e-07	
1.13208333	5.42777755e-07	
1.13366667	6.07900501e-07	
1.13525000	3.03871623e-07	
1.13683333	3.41068408e-07	
1.13841667	2.62552857e-07	
1.14000000	2.67824401e-07	
1.14158333	1.91452417e-07	
1.14316667	6.43765896e-08	
1.14475000	1.88618297e-07	
1.14633333	3.77426191e-07	
1.14791667	5.14475261e-07	
1.14950000	4.82715396e-07	
1.15108333	4.83061379e-07	
1.15266667	6.93631444e-07	
1.15425000	6.47526759e-07	
1.15583333	1.96239721e-07	
1.15741667	3.94321898e-07	
1.15900000	2.27292219e-07	
1.16058333	2.12021860e-07	
1.16216667	1.56762640e-07	
1.16375000	4.46633376e-08	
1.16533333	3.33593193e-07	
1.16691667	5.91651764e-07	
1.16850000	6.97562316e-07	
1.17008333	6.52754426e-07	
1.17166667	5.88496022e-07	
1.17325000	8.00575914e-07	
1.17483333	4.41430903e-07	
1.17641667	3.58697047e-07	
1.17800000	2.94054382e-07	
1.17958333	1.45925314e-07	
1.18116667	3.22703700e-07	
1.18275000	8.15828857e-08	
1.18433333	1.08504736e-07	
1.18591667	1.32313791e-07	
1.18750000	3.38432062e-07	
1.18908333	4.46719893e-07	
1.19066667	4.66381423e-07	
1.19225000	6.09195615e-07	
1.19383333	5.96189367e-07	
1.19541667	4.46366013e-07	
1.19700000	7.53347273e-08	
1.19858333	5.67795757e-08	
1.20016667	2.82301331e-07	
1.20175000	1.87650546e-07	
1.20333333	1.70850142e-07	
1.20491667	2.14000806e-07	
1.20650000	3.30006316e-07	
1.20808333	5.14260043e-07	
1.20966667	4.26800135e-07	
1.21125000	4.25261998e-07	
1.21283333	6.18312264e-07	
1.21441667	3.28269398e-07	
1.21600000	4.26928682e-08	
1.21758333	-3.64794944e-08	
1.21916667	2.51447223e-07	
1.22075000	3.94693642e-07	
1.22233333	2.77520761e-07	
1.22391667	2.72924970e-07	
1.22550000	2.87856472e-07	
1.22708333	7.70765609e-07	
1.22866667	5.97571565e-07	
1.23025000	5.05271248e-07	
1.23183333	6.09498309e-07	
1.23341667	6.89741733e-07	
1.23500000	5.85948188e-07	
1.23658333	2.80485814e-07	
1.23816667	1.46831826e-07	
1.23975000	2.69769285e-07	
1.24133333	1.92464522e-07	
1.24291667	3.38043040e-07	
1.24450000	3.01962217e-07	
1.24608333	5.03845984e-07	
1.24766667	6.23758621e-07	
1.24925000	4.43047500e-07	
1.25083333	4.44473212e-07	
1.25241667	3.68334855e-07	
1.25400000	5.41872866e-07	
1.25558333	4.64265592e-07	
1.25716667	1.65758828e-07	
1.25875000	1.23350967e-07	
1.26033333	3.06974358e-07	
1.26191667	1.96611340e-07	
1.26350000	4.25807931e-08	
1.26508333	2.81999450e-07	
1.26666667	3.41768215e-07	
1.26825000	3.45303010e-07	
1.26983333	5.20871924e-07	
1.27141667	4.45595978e-07	
1.27300000	5.10804184e-07	
1.27458333	5.10111993e-07	
1.27616667	1.99507790e-07	
1.27775000	1.53270463e-07	
1.27933333	2.29971001e-07	
1.28091667	1.69172503e-07	
1.28250000	2.49502787e-07	
1.28408333	1.29280947e-07	
1.28566667	2.38050778e-07	
1.28725000	4.71783985e-07	
1.28883333	4.91314134e-07	
1.29041667	4.78783851e-07	
1.29200000	3.84409313e-07	
1.29358333	4.49874150e-07	
1.29516667	5.37204273e-07	
1.29675000	4.24766425e-08	
1.29833333	2.45311419e-07	
1.29991667	7.20762421e-08	
1.30150000	1.29642681e-07	
1.30308333	9.03118714e-08	
1.30466667	9.76490476e-08	
1.30625000	4.78913105e-07	
1.30783333	5.32193056e-07	
1.30941667	6.22634986e-07	
1.31100000	5.64904964e-07	
1.31258333	5.50651932e-07	
1.31416667	6.15763422e-07	
1.31575000	2.70788418e-07	
1.31733333	2.40471038e-07	
1.31891667	2.04217237e-07	
1.32050000	2.37265678e-07	
1.32208333	1.62882497e-07	
1.32366667	8.99580125e-08	
1.32525000	3.14148168e-07	
1.32683333	5.29911122e-07	
1.32841667	5.43816937e-07	
1.33000000	5.52501807e-07	
1.33158333	4.12402421e-07	
1.33316667	5.05048470e-07	
1.33475000	4.68671086e-07	
1.33633333	3.02722115e-07	
1.33791667	2.56805151e-07	
1.33950000	2.02661558e-07	
1.34108333	2.94010560e-07	
1.34266667	1.66899963e-07	
1.34425000	1.69916160e-07	
1.34583333	7.05755708e-07	
1.34741667	5.97356124e-07	
1.34900000	6.09929752e-07	
1.35058333	5.80718841e-07	
1.35216667	5.83744713e-07	
1.35375000	5.87850593e-07	
1.35533333	2.79751173e-07	
1.35691667	2.73226320e-07	
1.35850000	1.45795052e-07	
1.36008333	1.37757627e-07	
1.36166667	2.07536184e-07	
1.36325000	2.04122271e-07	
1.36483333	2.12340990e-07	
1.36641667	4.76016991e-07	
1.36800000	4.46677415e-07	
1.36958333	4.43177202e-07	
1.37116667	4.40756857e-07	
1.37275000	5.19660254e-07	
1.37433333	5.26834175e-07	
1.37591667	2.71575226e-07	
1.37750000	2.05989409e-07	
1.37908333	1.69042395e-07	
1.38066667	2.75084259e-07	
1.38225000	7.50151910e-08	
1.38383333	6.53786706e-08	
1.38541667	2.41724486e-07	
1.38700000	3.05886201e-07	
1.38858333	5.47965324e-07	
1.39016667	4.86690342e-07	
1.39175000	5.55138293e-07	
1.39333333	6.01676102e-07	
1.39491667	3.21450896e-07	
1.39650000	2.88654200e-07	
1.39808333	2.90208410e-07	
1.39966667	3.41024558e-07	
1.40125000	3.83978177e-07	
1.40283333	1.55259029e-07	
1.40441667	2.05393304e-07	
1.40600000	1.10447757e-07	
1.40758333	3.63278865e-07	
1.40916667	4.54109452e-07	
1.41075000	3.86396870e-07	
1.41233333	6.41041556e-07	
1.41391667	5.43904357e-07	
1.41550000	3.60644478e-07	
1.41708333	2.77935879e-07	
1.41866667	1.77961845e-07	
1.42025000	2.15452938e-07	
1.42183333	3.41801922e-08	
1.42341667	1.65871337e-07	
1.42500000	2.20551518e-07	
1.42658333	3.54203741e-07	
1.42816667	5.64428606e-07	
1.42975000	4.73813796e-07	
1.43133333	4.66251889e-07	
1.43291667	5.79639505e-07	
1.43450000	4.36824697e-07	
@ 
0.00000000	3.11124088e-07	
0.00158333	-6.39523986e-08	
0.00316667	1.79370813e-07	
0.00475000	2.82474155e-07	
0.00633333	1.17803736e-07	
0.00791667	1.36220372e-07	
0.00950000	2.89464977e-07	
0.01108333	4.63502978e-07	
0.01266667	5.65551961e-07	
0.01425000	4.60547585e-07	
0.01583333	5.62657919e-07	
0.01741667	4.20775945e-07	
0.01900000	4.42098313e-07	
0.02058333	3.86759738e-07	
0.02216667	1.47869133e-07	
0.02375000	3.30957014e-07	
0.02533333	2.90165176e-07	
0.02691667	1.94970410e-07	
0.02850000	3.31130062e-07	
0.03008333	1.92586257e-07	
0.03166667	6.43722508e-07	
0.03325000	6.34042586e-07	
0.03483333	6.18442582e-07	
0.03641667	5.68145773e-07	
0.03800000	6.19827076e-07	
0.03958333	3.52329421e-07	
0.04116667	6.79537221e-08	
0.04275000	1.55950142e-07	
0.04433333	7.87231174e-08	
0.04591667	4.23816202e-08	
0.04750000	5.33755295e-08	
0.04908333	5.54406607e-08	
0.05066667	4.89507829e-07	
0.05225000	3.93051985e-07	
0.05383333	4.22262335e-07	
0.05541667	6.59320496e-07	
0.05700000	7.44146382e-07	
0.05858333	7.14329805e-07	
0.06016667	5.94417784e-07	
0.06175000	1.53892707e-07	
0.06333333	2.03871716e-07	
0.06491667	2.03872332e-07	
0.06650000	4.66460610e-07	
0.06808333	1.08744727e-07	
0.06966667	4.22997340e-07	
0.07125000	6.14855789e-07	
0.07283333	5.44507560e-07	
0.07441667	6.46531258e-07	
0.07600000	3.57748728e-07	
0.07758333	3.65179590e-07	
0.07916667	4.62423669e-07	
0.08075000	2.08453267e-07	
0.08233333	2.10352887e-07	
0.08391667	4.12664772e-08	
0.08550000	2.59415988e-07	
0.08708333	1.15910361e-07	
0.08866667	1.09222058e-07	
0.09025000	2.56478740e-07	
0.09183333	4.17379532e-07	
0.09341667	6.20301193e-07	
0.09500000	5.75748786e-07	
0.09658333	5.28027701e-07	
0.09816667	7.16317390e-07	
0.09975000	4.36910717e-07	
0.10133333	3.26315078e-07	
0.10291667	1.46486767e-07	
0.10450000	1.44801203e-07	
0.10608333	8.50403128e-08	
0.10766667	6.78073246e-08	
0.10925000	3.81730181e-07	
0.11083333	5.50418346e-07	
0.11241667	5.06870232e-07	
0.11400000	4.26971559e-07	
0.11558333	4.25461451e-07	
0.11716667	5.82533659e-07	
0.11875000	4.12151250e-07	
0.12033333	2.54352073e-07	
0.12191667	1.40826313e-07	
0.12350000	1.06343361e-07	
0.12508333	2.54342189e-07	
0.12666667	1.52164092e-07	
0.12825000	-3.27457613e-08	
0.12983333	5.39851344e-07	
0.13141667	3.82982173e-07	
0.13300000	6.36461054e-07	
0.13458333	6.13387067e-07	
0.13616667	6.44110606e-07	
0.13775000	6.72804781e-07	
0.13933333	4.00310806e-07	
0.14091667	3.83328380e-07	
0.14250000	1.15503580e-07	
0.14408333	1.13733214e-07	
0.14566667	2.34094088e-07	
0.14725000	2.15149012e-07	
0.14883333	4.14311126e-07	
0.15041667	3.83839207e-07	
0.15200000	6.13386563e-07	
0.15358333	6.72889961e-07	
0.15516667	4.44456215e-07	
0.15675000	6.32011151e-07	
0.15833333	5.90180802e-07	
0.15991667	3.88645511e-07	
0.16150000	2.17958672e-07	
0.16308333	1.57635425e-07	
0.16466667	4.08909740e-07	
0.16625000	2.43946218e-07	
0.16783333	2.96517261e-07	
0.16941667	3.52518570e-07	
0.17100000	5.59242886e-07	
0.17258333	5.63649947e-07	
0.17416667	5.80156912e-07	
0.17575000	6.53270321e-07	
0.17733333	5.95239397e-07	
0.17891667	4.89465883e-07	
0.18050000	1.66165896e-07	
0.18208333	5.12487431e-08	
0.18366667	1.67487807e-07	
0.18525000	1.96093513e-07	
0.18683333	9.43733836e-08	
0.18841667	2.28432934e-07	
0.19000000	3.03301293e-07	
0.19158333	7.47430482e-07	
0.19316667	6.79890723e-07	
0.19475000	5.26229684e-07	
0.19633333	6.42166759e-07	
0.19791667	4.67809095e-07	
0.19950000	3.11943097e-07	
0.20108333	1.84539382e-07	
0.20266667	2.72059844e-07	
0.20425000	3.83760412e-07	
0.20583333	1.85990576e-07	
0.20741667	2.19946467e-07	
0.20900000	1.57091039e-07	
0.21058333	3.90017992e-07	
0.21216667	5.19012528e-07	
0.21375000	3.80217273e-07	
0.21533333	4.43306595e-07	
0.21691667	5.92429919e-07	
0.21850000	6.48646641e-07	
0.22008333	4.21183363e-07	
0.22166667	1.63382375e-07	
0.22325000	2.09575698e-07	
0.22483333	1.98703594e-07	
0.22641667	2.12090575e-07	
0.22800000	2.66019076e-07	
0.22958333	3.02393185e-07	
0.23116667	4.99957729e-07	
0.23275000	5.30075321e-07	
0.23433333	4.90018403e-07	
0.23591667	3.88644503e-07	
0.23750000	5.33099625e-07	
0.23908333	3.96031094e-07	
0.24066667	1.63960951e-07	
0.24225000	2.63504144e-07	
0.24383333	3.51352681e-07	
0.24541667	1.95762678e-07	
0.24700000	3.64878772e-08	
0.24858333	1.87183443e-07	
0.25016667	5.01167048e-07	
0.25175000	4.91184376e-07	
0.25333333	4.24570367e-07	
0.25491667	5.46754829e-07	
0.25650000	4.57662868e-07	
0.25808333	5.52665054e-07	
0.25966667	4.37601283e-07	
0.26125000	2.80098108e-07	
0.26283333	2.13421376e-07	
0.26441667	2.68559154e-07	
0.26600000	3.57315073e-07	
0.26758333	2.79284560e-07	
0.26916667	3.71835993e-07	
0.27075000	6.69399044e-07	
0.27233333	6.21770195e-07	
0.27391667	6.31060060e-07	
0.27550000	6.30068312e-07	
0.27708333	5.78905424e-07	
0.27866667	6.31650775e-07	
0.28025000	3.78013154e-07	
0.28183333	2.94961567e-07	
0.28341667	1.42899932e-07	
0.28500000	2.98634324e-07	
0.28658333	3.00881873e-07	
0.28816667	9.54545821e-08	
0.28975000	3.18813821e-07	
0.29133333	4.16481056e-07	
0.29291667	4.55621968e-07	
0.29450000	5.28044334e-07	
0.29608333	5.01597483e-07	
0.29766667	6.01893559e-07	
0.29925000	5.48191798e-07	
0.30083333	3.56251361e-07	
0.30241667	1.71808359e-07	
0.30400000	3.03474173e-07	
0.30558333	3.17560625e-07	
0.30716667	2.14198509e-07	
0.30875000	1.73358299e-08	
0.31033333	3.30134561e-07	
0.31191667	3.19591780e-07	
0.31350000	5.72119487e-07	
0.31508333	5.71297763e-07	
0.31666667	5.42001672e-07	
0.31825000	5.95324465e-07	
0.31983333	3.54679735e-07	
0.32141667	2.60089614e-07	
0.32300000	1.40048802e-07	
0.32458333	8.06756590e-08	
0.32616667	1.39287322e-07	
0.32775000	-7.77809381e-08	
0.32933333	3.97243017e-07	
0.33091667	4.06869933e-07	
0.33250000	6.94018813e-07	
0.33408333	6.34215578e-07	
0.33566667	4.79389463e-07	
0.33725000	7.35805256e-07	
0.33883333	5.89361541e-07	
0.34041667	3.21795955e-07	
0.34200000	3.59303946e-07	
0.34358333	2.37274247e-07	
0.34516667	3.11019840e-07	
0.34675000	2.26340834e-07	
0.34833333	2.83856073e-07	
0.34991667	1.96206876e-07	
0.35150000	3.84669584e-07	
0.35308333	7.00241924e-07	
0.35466667	4.55406246e-07	
0.35625000	5.21346489e-07	
0.35783333	4.85067165e-07	
0.35941667	4.69925598e-07	
0.36100000	3.39580897e-07	
0.36258333	2.75386561e-07	
0.36416667	4.76362919e-07	
0.36575000	3.58940882e-07	
0.36733333	3.53730156e-07	
0.36891667	5.41483705e-07	
0.37050000	9.09131241e-07	
0.37208333	9.44255009e-07	
0.37366667	9.92700543e-07	
0.37525000	1.05483668e-06	
0.37683333	1.17349693e-06	
0.37841667	1.07069715e-06	
0.38000000	9.54713367e-07	
0.38158333	7.13785460e-07	
0.38316667	6.16801652e-07	
0.38475000	8.14371797e-07	
0.38633333	6.85205698e-07	
0.38791667	6.28383308e-07	
0.38950000	6.97326994e-07	
0.39108333	9.03292867e-07	
0.39266667	9.95628579e-07	
0.39425000	7.13378098e-07	
0.39583333	8.16002479e-07	
0.39741667	1.01451856e-06	
0.39900000	9.44778521e-07	
0.40058333	6.94494835e-07	
0.40216667	5.03890058e-07	
0.40375000	5.83052466e-07	
0.40533333	5.61662754e-07	
0.40691667	5.48611425e-07	
0.40850000	5.49597853e-07	
0.41008333	7.23357522e-07	
0.41166667	1.02844986e-06	
0.41325000	9.66339152e-07	
0.41483333	1.05449024e-06	
0.41641667	1.16779083e-06	
0.41800000	1.15721095e-06	
0.41958333	1.07674620e-06	
0.42116667	6.60618578e-07	
0.42275000	5.22125092e-07	
0.42433333	5.97053710e-07	
0.42591667	5.77910539e-07	
0.42750000	7.36411091e-07	
0.42908333	6.47394257e-07	
0.43066667	9.41137574e-07	
0.43225000	9.65809705e-07	
0.43383333	9.39633906e-07	
0.43541667	9.21744575e-07	
0.43700000	1.03848383e-06	
0.43858333	1.07946893e-06	
0.44016667	8.42411248e-07	
0.44175000	5.20352277e-07	
0.44333333	6.18097775e-07	
0.44491667	4.99914664e-07	
0.44650000	6.53443256e-07	
0.44808333	6.19522926e-07	
0.44966667	5.64644216e-07	
0.45125000	9.16257225e-07	
0.45283333	9.50047461e-07	
0.45441667	9.03682365e-07	
0.45600000	9.59339062e-07	
0.45758333	1.02671065e-06	
0.45916667	1.01576977e-06	
0.46075000	7.00734242e-07	
0.46233333	6.39573730e-07	
0.46391667	6.60876806e-07	
0.46550000	5.23031157e-07	
0.46708333	6.08071365e-07	
0.46866667	5.63868077e-07	
0.47025000	7.87530465e-07	
0.47183333	9.53617062e-07	
0.47341667	9.76106999e-07	
0.47500000	1.03897620e-06	
0.47658333	9.03208080e-07	
0.47816667	9.70607328e-07	
0.47975000	8.15790173e-07	
0.48133333	7.09103930e-07	
0.48291667	6.82698689e-07	
0.48450000	6.01071835e-07	
0.48608333	6.12055999e-07	
0.48766667	3.48500613e-07	
0.48925000	5.50512542e-07	
0.49083333	1.04135698e-06	
0.49241667	9.54154798e-07	
0.49400000	1.00523088e-06	
0.49558333	9.77124228e-07	
0.49716667	8.21020136e-07	
0.49875000	9.08566848e-07	
0.50033333	6.42294948e-07	
0.50191667	6.47784987e-07	
0.50350000	5.16809110e-07	
0.50508333	5.66217999e-07	
0.50666667	6.94021165e-07	
0.50825000	6.58242168e-07	
0.50983333	8.16394608e-07	
0.51141667	6.90733818e-07	
0.51300000	9.70184173e-07	
0.51458333	1.06443259e-06	
0.51616667	1.04255241e-06	
0.51775000	1.26878028e-06	
0.51933333	8.13154023e-07	
0.52091667	5.83573681e-07	
0.52250000	4.91270956e-07	
0.52408333	5.85948580e-07	
0.52566667	6.38060374e-07	
0.52725000	3.50238483e-07	
0.52883333	6.08200282e-07	
0.53041667	7.20247030e-07	
0.53200000	9.01090681e-07	
0.53358333	8.98884518e-07	
0.53516667	7.99586406e-07	
0.53675000	8.71359283e-07	
0.53833333	1.05704284e-06	
0.53991667	7.35219302e-07	
0.54150000	7.76162627e-07	
0.54308333	6.40654915e-07	
0.54466667	6.81834514e-07	
0.54625000	6.41386531e-07	
0.54783333	4.41232234e-07	
0.54941667	5.90442166e-07	
0.55100000	7.18391835e-07	
0.55258333	9.22480952e-07	
0.55416667	9.19498651e-07	
0.55575000	8.13109221e-07	
0.55733333	1.03746727e-06	
0.55891667	8.21018904e-07	
0.56050000	6.00293568e-07	
0.56208333	7.94702035e-07	
0.56366667	7.81954463e-07	
0.56525000	8.17517459e-07	
0.56683333	6.38496186e-07	
0.56841667	7.36883921e-07	
0.57000000	9.10509071e-07	
0.57158333	1.12527585e-06	
0.57316667	1.24163787e-06	
0.57475000	1.07605435e-06	
0.57633333	1.27181707e-06	
0.57791667	1.37989845e-06	
0.57950000	1.28800280e-06	
0.58108333	1.19367284e-06	
0.58266667	1.07985457e-06	
0.58425000	1.28142004e-06	
0.58583333	1.46408411e-06	
0.58741667	1.55083738e-06	
0.58900000	1.77323635e-06	
0.59058333	2.31725787e-06	
0.59216667	2.71709408e-06	
0.59375000	3.17591438e-06	
0.59533333	3.75434350e-06	
0.59691667	4.41483669e-06	
0.59850000	5.02830658e-06	
0.60008333	5.96465292e-06	
0.60166667	6.73801805e-06	
0.60325000	8.20474895e-06	
0.60483333	1.01798984e-05	
0.60641667	1.28561268e-05	
0.60800000	1.65038599e-05	
0.60958333	2.10763549e-05	
0.61116667	2.72683672e-05	
0.61275000	3.53761082e-05	
0.61433333	4.73266681e-05	
0.61591667	7.31210169e-05	
0.61750000	1.29920224e-04	
0.61908333	2.47969249e-04	
0.62066667	3.39607525e-04	
0.62225000	3.07019503e-04	
0.62383333	2.90445168e-04	
0.62541667	3.78401679e-04	
0.62700000	4.55553063e-04	
0.62858333	4.71005441e-04	
0.63016667	6.01975294e-04	
0.63175000	1.46195695e-03	
0.63333333	1.46356713e-03	
0.63491667	3.02279935e-03	
0.63650000	4.20938482e-03	
0.63808333	7.77284445e-03	
0.63966667	1.12229794e-02	
0.64125000	2.09608680e-02	
0.64283333	3.39059660e-02	
0.64441667	3.35040335e-02	
0.64600000	3.98665119e-02	
0.64758333	4.81253507e-02	
0.64916667	4.73857248e-02	
0.65075000	5.11807100e-02	
0.65233333	7.95542273e-02	
0.65391667	7.78045494e-02	
0.65550000	1.06573334e-01	
0.65708333	1.31806700e-01	
0.65866667	1.22755719e-01	
0.66025000	1.27940634e-01	
0.66183333	1.12890023e-01	
0.66341667	1.19928498e-01	
0.66500000	1.44730492e-01	
0.66658333	1.74158295e-01	
0.66816667	2.00225445e-01	
0.66975000	2.03209302e-01	
0.67133333	2.55166493e-01	
0.67291667	2.50406739e-01	
0.67450000	2.82622557e-01	
0.67608333	6.54740327e-01	
0.67766667	1.15605853e+00	
0.67925000	5.48857305e+00	
0.68083333	5.90759283e+00	
0.68241667	6.00868875e+00	
0.68400000	1.26207228e+01	
0.68558333	2.21072329e+01	
0.68716667	2.52463200e+01	
0.68875000	2.64150033e+01	
0.69033333	2.74975057e+01	
0.69191667	2.82744387e+01	
0.69350000	2.90135748e+01	
0.69508333	3.02043172e+01	
