start voltage : 0.00 V 
set voltage : 0.10 V 
High G : 30.00 G0 
Intermediate G : 20.00 G0 
Low G : 10.00 G0 
Breaking speed 1 : 300.00 V/s 
Breaking speed 2 : 300.00 V/s 
Making speed : 500.00 V/s 
Post breaking : 230.00 V/s 
@ 
0.00000000	4.35840507e+01	
0.00158333	4.44301452e+01	
0.00316667	4.44857825e+01	
0.00475000	4.43145635e+01	
0.00633333	4.44000264e+01	
0.00791667	4.43964636e+01	
0.00950000	4.44769656e+01	
0.01108333	4.44575580e+01	
0.01266667	4.44736208e+01	
0.01425000	4.45780742e+01	
0.01583333	4.44321934e+01	
0.01741667	4.44629962e+01	
0.01900000	4.44583961e+01	
0.02058333	4.43241132e+01	
0.02216667	4.44464560e+01	
0.02375000	4.42285782e+01	
0.02533333	4.44459073e+01	
0.02691667	4.42852716e+01	
0.02850000	4.43138457e+01	
0.03008333	4.43551941e+01	
0.03166667	4.41788112e+01	
0.03325000	4.43047356e+01	
0.03483333	4.41658377e+01	
0.03641667	4.43291531e+01	
0.03800000	4.43164013e+01	
0.03958333	4.41961744e+01	
0.04116667	4.42907474e+01	
0.04275000	4.41547132e+01	
0.04433333	4.39917285e+01	
0.04591667	4.39777440e+01	
0.04750000	4.39014362e+01	
0.04908333	4.39573517e+01	
0.05066667	4.38526351e+01	
0.05225000	4.39492338e+01	
0.05383333	4.40697426e+01	
0.05541667	4.39244518e+01	
0.05700000	4.40666082e+01	
0.05858333	4.38835055e+01	
0.06016667	4.37883500e+01	
0.06175000	4.38790332e+01	
0.06333333	4.37309312e+01	
0.06491667	4.37651315e+01	
0.06650000	4.36239372e+01	
0.06808333	4.38408342e+01	
0.06966667	4.36848436e+01	
0.07125000	4.33488322e+01	
0.07283333	4.35684727e+01	
0.07441667	4.34222349e+01	
0.07600000	4.36011396e+01	
0.07758333	4.35737343e+01	
0.07916667	4.34096935e+01	
0.08075000	4.35029549e+01	
0.08233333	4.34967500e+01	
0.08391667	4.36280487e+01	
0.08550000	4.35117943e+01	
0.08708333	4.32398162e+01	
0.08866667	4.34210585e+01	
0.09025000	4.32880686e+01	
0.09183333	4.33116179e+01	
0.09341667	4.30866857e+01	
0.09500000	4.28901096e+01	
0.09658333	4.29398916e+01	
0.09816667	4.28593595e+01	
0.09975000	4.29377269e+01	
0.10133333	4.30299735e+01	
0.10291667	4.28714198e+01	
0.10450000	4.30336190e+01	
0.10608333	4.29416693e+01	
0.10766667	4.29196759e+01	
0.10925000	4.29031057e+01	
0.11083333	4.28893467e+01	
0.11241667	4.29751329e+01	
0.11400000	4.29015460e+01	
0.11558333	4.30470473e+01	
0.11716667	4.29057215e+01	
0.11875000	4.28347767e+01	
0.12033333	4.29539137e+01	
0.12191667	4.25916696e+01	
0.12350000	4.28368550e+01	
0.12508333	4.26769484e+01	
0.12666667	4.27096340e+01	
0.12825000	4.27113177e+01	
0.12983333	4.24991862e+01	
0.13141667	4.27071272e+01	
0.13300000	4.26868213e+01	
0.13458333	4.27629751e+01	
0.13616667	4.26360772e+01	
0.13775000	4.24267306e+01	
0.13933333	4.25363329e+01	
0.14091667	4.24391216e+01	
0.14250000	4.24473748e+01	
0.14408333	4.24805715e+01	
0.14566667	4.22857167e+01	
0.14725000	4.25240509e+01	
0.14883333	4.23765127e+01	
0.15041667	4.24194809e+01	
0.15200000	4.24365735e+01	
0.15358333	4.23344389e+01	
0.15516667	4.24046884e+01	
0.15675000	4.18974579e+01	
0.15833333	4.15897312e+01	
0.15991667	4.16039975e+01	
0.16150000	4.14120404e+01	
0.16308333	4.14811549e+01	
0.16466667	4.12238753e+01	
0.16625000	4.11120331e+01	
0.16783333	4.10410808e+01	
0.16941667	4.07302949e+01	
0.17100000	4.07654910e+01	
0.17258333	4.05034949e+01	
0.17416667	4.06350116e+01	
0.17575000	4.04973538e+01	
0.17733333	4.04076516e+01	
0.17891667	4.05211925e+01	
0.18050000	4.01024091e+01	
0.18208333	4.00895520e+01	
0.18366667	3.98963885e+01	
0.18525000	3.97977528e+01	
0.18683333	4.00381991e+01	
0.18841667	3.99238088e+01	
0.19000000	3.97382670e+01	
0.19158333	3.93072541e+01	
0.19316667	3.92471557e+01	
0.19475000	3.91723061e+01	
0.19633333	3.91019627e+01	
0.19791667	3.92191191e+01	
0.19950000	3.90802512e+01	
0.20108333	3.91152143e+01	
0.20266667	3.91391394e+01	
0.20425000	3.89630572e+01	
0.20583333	3.90634780e+01	
0.20741667	3.90085284e+01	
0.20900000	3.88669583e+01	
0.21058333	3.85609303e+01	
0.21216667	3.77519187e+01	
0.21375000	3.75801885e+01	
0.21533333	3.75643324e+01	
0.21691667	3.74000286e+01	
0.21850000	3.74302864e+01	
0.22008333	3.72021484e+01	
0.22166667	3.72485743e+01	
0.22325000	3.68202373e+01	
0.22483333	3.64820310e+01	
0.22641667	3.60368608e+01	
0.22800000	3.56883832e+01	
0.22958333	3.57776908e+01	
0.23116667	3.55595649e+01	
0.23275000	3.55271498e+01	
0.23433333	3.55818927e+01	
0.23591667	3.51466255e+01	
0.23750000	3.50609333e+01	
0.23908333	3.47220919e+01	
0.24066667	3.46224640e+01	
0.24225000	3.47509290e+01	
0.24383333	3.46805180e+01	
0.24541667	3.48385041e+01	
0.24700000	3.46068409e+01	
0.24858333	3.42341112e+01	
0.25016667	3.43211076e+01	
0.25175000	3.33670682e+01	
0.25333333	3.33885129e+01	
0.25491667	3.31285274e+01	
0.25650000	3.32653470e+01	
0.25808333	3.32865324e+01	
0.25966667	3.28319815e+01	
0.26125000	3.26802791e+01	
0.26283333	3.23711806e+01	
0.26441667	3.20907840e+01	
0.26600000	3.19708991e+01	
0.26758333	3.16997853e+01	
0.26916667	3.16794005e+01	
0.27075000	3.13255749e+01	
0.27233333	3.11091270e+01	
0.27391667	3.09326502e+01	
0.27550000	3.07998218e+01	
0.27708333	3.06087817e+01	
0.27866667	3.02213628e+01	
0.28025000	2.99728682e+01	
0.28183333	2.98942528e+01	
0.28341667	2.98330476e+01	
0.28500000	3.01890530e+01	
0.28658333	2.99691814e+01	
0.28816667	2.99562492e+01	
0.28975000	2.99263127e+01	
0.29133333	2.97005349e+01	
0.29291667	2.95321515e+01	
0.29450000	2.89582588e+01	
0.29608333	2.89810809e+01	
0.29766667	2.88980570e+01	
0.29925000	2.87997108e+01	
0.30083333	2.88646047e+01	
0.30241667	2.86413750e+01	
0.30400000	2.82562562e+01	
0.30558333	2.79588610e+01	
0.30716667	2.79487381e+01	
0.30875000	2.78514310e+01	
0.31033333	2.77421199e+01	
0.31191667	2.78510927e+01	
0.31350000	2.79746250e+01	
0.31508333	2.79345769e+01	
0.31666667	2.81455565e+01	
0.31825000	2.80252413e+01	
0.31983333	2.82199946e+01	
0.32141667	2.81415126e+01	
0.32300000	2.78979639e+01	
0.32458333	2.73495579e+01	
0.32616667	2.66293409e+01	
0.32775000	2.64709995e+01	
0.32933333	2.61464057e+01	
0.33091667	2.61103057e+01	
0.33250000	2.58156671e+01	
0.33408333	2.56873919e+01	
0.33566667	2.57312828e+01	
0.33725000	2.56625704e+01	
0.33883333	2.55803621e+01	
0.34041667	2.55727742e+01	
0.34200000	2.53942792e+01	
0.34358333	2.53495915e+01	
0.34516667	2.48318830e+01	
0.34675000	2.45456366e+01	
0.34833333	2.45228333e+01	
0.34991667	2.43965876e+01	
0.35150000	2.44481735e+01	
0.35308333	2.44331649e+01	
0.35466667	2.44449940e+01	
0.35625000	2.45213394e+01	
0.35783333	2.44680491e+01	
0.35941667	2.45475665e+01	
0.36100000	2.45043934e+01	
0.36258333	2.44936429e+01	
0.36416667	2.45418821e+01	
0.36575000	2.43245943e+01	
0.36733333	2.44621881e+01	
0.36891667	2.43365549e+01	
0.37050000	2.44006615e+01	
0.37208333	2.39326786e+01	
0.37366667	2.25519898e+01	
0.37525000	2.15801626e+01	
0.37683333	2.13035994e+01	
0.37841667	2.12970919e+01	
0.38000000	2.12797231e+01	
0.38158333	2.11297289e+01	
0.38316667	2.14811398e+01	
0.38475000	2.08109885e+01	
0.38633333	2.08257040e+01	
0.38791667	2.06015724e+01	
0.38950000	2.07094515e+01	
0.39108333	2.03361167e+01	
0.39266667	1.96894358e+01	
0.39425000	1.95965259e+01	
0.39583333	1.96007257e+01	
0.39741667	1.96502390e+01	
0.39900000	1.93872807e+01	
0.40058333	1.90538681e+01	
0.40216667	1.85953015e+01	
0.40375000	1.81726151e+01	
0.40533333	1.76882349e+01	
0.40691667	1.76663655e+01	
0.40850000	1.75809326e+01	
0.41008333	1.75480760e+01	
0.41166667	1.72803767e+01	
0.41325000	1.72418920e+01	
0.41483333	1.72812392e+01	
0.41641667	1.67853681e+01	
0.41800000	1.69100184e+01	
0.41958333	1.69166781e+01	
0.42116667	1.69050425e+01	
0.42275000	1.67591203e+01	
0.42433333	1.67267203e+01	
0.42591667	1.64824350e+01	
0.42750000	1.64430672e+01	
0.42908333	1.64633712e+01	
0.43066667	1.64178511e+01	
0.43225000	1.62836528e+01	
0.43383333	1.60496858e+01	
0.43541667	1.60050508e+01	
0.43700000	1.58989700e+01	
0.43858333	1.60297369e+01	
0.44016667	1.59389372e+01	
0.44175000	1.59964857e+01	
0.44333333	1.59437159e+01	
0.44491667	1.59627102e+01	
0.44650000	1.59786151e+01	
0.44808333	1.58517887e+01	
0.44966667	1.52828212e+01	
0.45125000	1.44726022e+01	
0.45283333	1.44259236e+01	
0.45441667	1.43266105e+01	
0.45600000	1.41943816e+01	
0.45758333	1.37586108e+01	
0.45916667	1.38037043e+01	
0.46075000	1.38471198e+01	
0.46233333	1.32065038e+01	
0.46391667	1.26375861e+01	
0.46550000	1.25025347e+01	
0.46708333	1.21035536e+01	
0.46866667	1.21278179e+01	
0.47025000	1.20328597e+01	
0.47183333	1.21945628e+01	
0.47341667	1.22714465e+01	
0.47500000	1.19344626e+01	
0.47658333	1.18580722e+01	
0.47816667	1.18302168e+01	
0.47975000	1.18575657e+01	
0.48133333	1.18390892e+01	
0.48291667	1.16901651e+01	
0.48450000	1.15711192e+01	
0.48608333	1.12912440e+01	
0.48766667	1.12362052e+01	
0.48925000	1.12099612e+01	
0.49083333	1.12072694e+01	
0.49241667	1.13608772e+01	
0.49400000	1.12468232e+01	
0.49558333	1.10078718e+01	
0.49716667	9.82717057e+00	
0.49875000	8.79708368e+00	
0.50033333	8.71494492e+00	
0.50191667	8.74271474e+00	
0.50350000	8.78239168e+00	
0.50508333	8.84351611e+00	
0.50666667	8.69709316e+00	
0.50825000	8.46210106e+00	
0.50983333	8.41091443e+00	
0.51141667	8.36806082e+00	
0.51300000	8.51542145e+00	
0.51458333	8.26834465e+00	
0.51616667	8.19214677e+00	
0.51775000	8.10326286e+00	
0.51933333	8.00847378e+00	
0.52091667	7.84418968e+00	
0.52250000	7.77563658e+00	
0.52408333	7.73598171e+00	
0.52566667	7.65382698e+00	
0.52725000	7.39215684e+00	
0.52883333	7.37432058e+00	
0.53041667	7.25700305e+00	
0.53200000	7.18829727e+00	
0.53358333	7.13769129e+00	
0.53516667	7.10723854e+00	
0.53675000	7.01013812e+00	
0.53833333	6.98023972e+00	
0.53991667	7.00454442e+00	
0.54150000	6.88979566e+00	
0.54308333	6.88503253e+00	
0.54466667	6.67356764e+00	
0.54625000	6.46652999e+00	
0.54783333	6.50385613e+00	
0.54941667	6.11568890e+00	
0.55100000	6.16813831e+00	
0.55258333	5.34892203e+00	
0.55416667	5.35067714e+00	
0.55575000	5.30454961e+00	
0.55733333	5.17289570e+00	
0.55891667	5.20738530e+00	
0.56050000	5.17106825e+00	
0.56208333	5.15599385e+00	
0.56366667	5.14111816e+00	
0.56525000	5.05117396e+00	
0.56683333	4.94597777e+00	
0.56841667	4.49302838e+00	
0.57000000	4.53868989e+00	
0.57158333	4.52178616e+00	
0.57316667	4.49216774e+00	
0.57475000	4.45066663e+00	
0.57633333	4.51922490e+00	
0.57791667	4.78945261e+00	
0.57950000	4.87446597e+00	
0.58108333	4.84142988e+00	
0.58266667	4.84364068e+00	
0.58425000	4.79016386e+00	
0.58583333	4.76250585e+00	
0.58741667	4.81659057e+00	
0.58900000	4.73078703e+00	
0.59058333	4.74085730e+00	
0.59216667	4.67937209e+00	
0.59375000	4.40413743e+00	
0.59533333	3.94887765e+00	
0.59691667	3.61156843e+00	
0.59850000	3.53443215e+00	
0.60008333	3.47088717e+00	
0.60166667	3.45994851e+00	
0.60325000	3.43906289e+00	
0.60483333	3.42862008e+00	
0.60641667	3.42913825e+00	
0.60800000	3.38073508e+00	
0.60958333	3.00652534e+00	
0.61116667	2.94401365e+00	
0.61275000	3.06181106e+00	
0.61433333	3.03587128e+00	
0.61591667	2.38267919e+00	
0.61750000	1.85308057e+00	
0.61908333	1.88759788e+00	
0.62066667	1.90988698e+00	
0.62225000	1.86801779e+00	
0.62383333	1.84665675e+00	
0.62541667	1.84887507e+00	
0.62700000	1.86004886e+00	
0.62858333	1.85548151e+00	
0.63016667	2.00047091e+00	
0.63175000	2.03378206e+00	
0.63333333	2.03639359e+00	
0.63491667	2.05300441e+00	
0.63650000	1.86917287e+00	
0.63808333	1.50173787e+00	
0.63966667	1.21400005e+00	
0.64125000	1.18545227e+00	
0.64283333	1.18470790e+00	
0.64441667	1.00807719e+00	
0.64600000	6.35159179e-01	
0.64758333	5.61281143e-01	
0.64916667	4.98948967e-01	
0.65075000	4.92027564e-01	
0.65233333	4.58137351e-01	
0.65391667	4.34435852e-01	
0.65550000	4.44286353e-01	
0.65708333	5.32838065e-01	
0.65866667	6.10595159e-01	
0.66025000	5.69932669e-01	
0.66183333	5.93738224e-01	
0.66341667	5.58813137e-01	
0.66500000	4.99718648e-01	
0.66658333	4.33132087e-01	
0.66816667	4.98133835e-01	
0.66975000	4.98438548e-01	
0.67133333	4.52181440e-01	
0.67291667	1.05094024e-01	
0.67450000	2.10307501e-02	
0.67608333	8.44070503e-02	
0.67766667	9.84695604e-02	
0.67925000	6.03115332e-03	
0.68083333	7.98101618e-03	
0.68241667	6.23018263e-03	
0.68400000	1.58212899e-03	
0.68558333	9.30414201e-03	
0.68716667	3.04308696e-03	
0.68875000	4.07242148e-03	
0.69033333	6.64076414e-04	
0.69191667	3.70966631e-05	
0.69350000	2.92391288e-05	
0.69508333	4.13271377e-05	
0.69666667	6.14386168e-05	
0.69825000	8.66768508e-05	
0.69983333	1.12108085e-04	
0.70141667	1.23815194e-04	
0.70300000	1.14023546e-04	
0.70458333	9.58960364e-05	
0.70616667	7.88073168e-05	
0.70775000	6.87970996e-05	
0.70933333	6.45282136e-05	
0.71091667	6.47665746e-05	
0.71250000	6.50157813e-05	
0.71408333	6.44121369e-05	
0.71566667	6.32686104e-05	
0.71725000	6.24381245e-05	
0.71883333	6.20512932e-05	
0.72041667	6.34274963e-05	
0.72200000	6.44965654e-05	
0.72358333	6.49107869e-05	
0.72516667	6.26359487e-05	
0.72675000	5.76532913e-05	
0.72833333	5.30311038e-05	
0.72991667	4.70147673e-05	
0.73150000	3.96408725e-05	
0.73308333	3.25890396e-05	
0.73466667	2.65258743e-05	
0.73625000	2.21063083e-05	
0.73783333	1.83042287e-05	
0.73941667	1.52642474e-05	
0.74100000	1.27897455e-05	
0.74258333	1.09369547e-05	
0.74416667	9.47360819e-06	
0.74575000	8.02821022e-06	
0.74733333	7.03616961e-06	
0.74891667	6.27478319e-06	
0.75050000	5.59290824e-06	
0.75208333	4.94793715e-06	
0.75366667	4.16979165e-06	
0.75525000	3.82775966e-06	
0.75683333	3.53609432e-06	
0.75841667	3.23005940e-06	
0.76000000	2.94835601e-06	
0.76158333	2.57670272e-06	
0.76316667	2.46543648e-06	
0.76475000	2.24506211e-06	
0.76633333	1.78056484e-06	
0.76791667	1.55405831e-06	
0.76950000	1.29923926e-06	
0.77108333	1.34547818e-06	
0.77266667	1.20573735e-06	
0.77425000	1.13486382e-06	
0.77583333	1.41551705e-06	
0.77741667	1.36168576e-06	
0.77900000	1.34965966e-06	
0.78058333	1.11680379e-06	
0.78216667	1.08076461e-06	
0.78375000	9.92613851e-07	
0.78533333	6.98556977e-07	
0.78691667	6.04960705e-07	
0.78850000	4.60505443e-07	
0.79008333	4.89327108e-07	
0.79166667	5.74280904e-07	
0.79325000	4.71481236e-07	
0.79483333	6.93803427e-07	
0.79641667	8.69242388e-07	
0.79800000	9.36955362e-07	
0.79958333	9.79041306e-07	
0.80116667	8.89809702e-07	
0.80275000	1.01003209e-06	
0.80433333	8.96469857e-07	
0.80591667	5.98609348e-07	
0.80750000	4.44602942e-07	
0.80908333	3.27889113e-07	
0.81066667	5.01037458e-07	
0.81225000	3.18312711e-07	
0.81383333	2.58923586e-07	
0.81541667	4.06879649e-07	
0.81700000	5.07691228e-07	
0.81858333	7.21372513e-07	
0.82016667	5.12703901e-07	
0.82175000	5.50774858e-07	
0.82333333	8.13240827e-07	
0.82491667	7.57540783e-07	
0.82650000	6.12653154e-07	
0.82808333	3.43574716e-07	
0.82966667	3.99187704e-07	
0.83125000	3.16912284e-07	
0.83283333	1.85852179e-07	
0.83441667	3.64704409e-07	
0.83600000	5.27006775e-07	
0.83758333	6.51975263e-07	
0.83916667	6.20732749e-07	
0.84075000	5.89577207e-07	
0.84233333	8.35883651e-07	
0.84391667	8.61853080e-07	
0.84550000	6.58672323e-07	
0.84708333	4.41577658e-07	
0.84866667	2.55854648e-07	
0.85025000	3.48458108e-07	
0.85183333	3.30524423e-07	
0.85341667	4.11200691e-07	
0.85500000	4.25331049e-07	
0.85658333	5.46192508e-07	
0.85816667	6.73667388e-07	
0.85975000	5.96145517e-07	
0.86133333	5.99040511e-07	
0.86291667	6.93630828e-07	
0.86450000	6.01028601e-07	
0.86608333	4.56098129e-07	
0.86766667	2.25650225e-07	
0.86925000	2.97035368e-07	
0.87083333	3.46771732e-07	
0.87241667	3.69717502e-07	
0.87400000	4.07138605e-07	
0.87558333	4.86821500e-07	
0.87716667	7.03396770e-07	
0.87875000	6.66710196e-07	
0.88033333	6.47352143e-07	
0.88191667	7.25133417e-07	
0.88350000	7.62985852e-07	
0.88508333	6.29676294e-07	
0.88666667	2.91461354e-07	
0.88825000	1.78852285e-07	
0.88983333	3.50573518e-07	
0.89141667	4.30904699e-07	
0.89300000	4.07484056e-07	
0.89458333	3.36245612e-07	
0.89616667	6.29289877e-07	
0.89775000	8.24649379e-07	
0.89933333	6.75179960e-07	
0.90091667	6.69217820e-07	
0.90250000	6.19479693e-07	
0.90408333	5.98693856e-07	
0.90566667	4.80814559e-07	
0.90725000	2.68083833e-07	
0.90883333	1.86371113e-07	
0.91041667	1.80147917e-07	
0.91200000	2.68256321e-07	
0.91358333	2.45778424e-07	
0.91516667	2.66961319e-07	
0.91675000	5.52933307e-07	
0.91833333	6.49294590e-07	
0.91991667	5.95799870e-07	
0.92150000	6.31579035e-07	
0.92308333	6.31579763e-07	
0.92466667	7.51360346e-07	
0.92625000	4.70659343e-07	
0.92783333	3.22486914e-07	
0.92941667	2.73961129e-07	
0.93100000	2.59614545e-07	
0.93258333	3.54161459e-07	
0.93416667	2.72362285e-07	
0.93575000	3.41024586e-07	
0.93733333	4.98660879e-07	
0.93891667	4.60504911e-07	
0.94050000	6.04528254e-07	
0.94208333	5.35519941e-07	
0.94366667	7.17007957e-07	
0.94525000	5.97744557e-07	
0.94683333	2.89257711e-07	
0.94841667	2.04130363e-07	
0.95000000	2.41898066e-07	
0.95158333	3.57920936e-07	
0.95316667	2.49891865e-07	
0.95475000	2.56373596e-07	
0.95633333	5.74971863e-07	
0.95791667	6.30672075e-07	
0.95950000	7.10311176e-07	
0.96108333	7.40858979e-07	
0.96266667	8.12461160e-07	
0.96425000	8.23956628e-07	
0.96583333	5.19488718e-07	
0.96741667	3.52216380e-07	
0.96900000	2.55985218e-07	
0.97058333	3.16222221e-07	
0.97216667	3.21709123e-07	
0.97375000	9.14350788e-08	
0.97533333	3.09350797e-07	
0.97691667	5.02809377e-07	
0.97850000	6.07423584e-07	
0.98008333	7.58922421e-07	
0.98166667	6.48475554e-07	
0.98325000	7.54215074e-07	
0.98483333	5.93812285e-07	
0.98641667	3.95082272e-07	
0.98800000	2.74694874e-07	
0.98958333	1.76431647e-07	
0.99116667	3.33894766e-07	
0.99275000	2.43410582e-07	
0.99433333	2.30533126e-07	
0.99591667	3.88513905e-07	
0.99750000	4.98358242e-07	
0.99908333	6.52667454e-07	
1.00066667	6.10536483e-07	
1.00225000	7.32781736e-07	
1.00383333	7.57066162e-07	
1.00541667	5.21260301e-07	
1.00700000	4.73943890e-07	
1.00858333	2.34534968e-07	
1.01016667	1.83000475e-07	
1.01175000	2.37187835e-07	
1.01333333	1.02394442e-07	
1.01491667	2.97856729e-07	
1.01650000	4.05539649e-07	
1.01808333	6.41171818e-07	
1.01966667	6.70166783e-07	
1.02125000	5.97572350e-07	
1.02283333	6.80365849e-07	
1.02441667	7.96950536e-07	
1.02600000	6.02411919e-07	
1.02758333	2.71566265e-07	
1.02916667	1.56857648e-07	
1.03075000	3.45173056e-07	
1.03233333	2.89862510e-07	
1.03391667	1.83259795e-07	
1.03550000	2.97597325e-07	
1.03708333	5.44032099e-07	
1.03866667	7.27465306e-07	
1.04025000	5.82836520e-07	
1.04183333	7.07803496e-07	
1.04341667	7.29193823e-07	
1.04500000	6.32790314e-07	
1.04658333	5.12358086e-07	
1.04816667	2.75057686e-07	
1.04975000	3.50704088e-07	
1.05133333	3.93397464e-07	
1.05291667	1.23757769e-07	
1.05450000	2.27767078e-07	
1.05608333	3.35018905e-07	
1.05766667	5.63305028e-07	
1.05925000	6.08547330e-07	
1.06083333	5.97873867e-07	
1.06241667	5.74669170e-07	
1.06400000	6.09109091e-07	
1.06558333	7.21934050e-07	
1.06716667	4.02342185e-07	
1.06875000	2.70546376e-07	
1.07033333	4.57652759e-07	
1.07191667	3.42062453e-07	
1.07350000	3.90786795e-07	
1.07508333	3.63407894e-07	
1.07666667	5.88886248e-07	
1.07825000	6.60704206e-07	
1.07983333	5.28605983e-07	
1.08141667	5.72811734e-07	
1.08300000	5.53322692e-07	
1.08458333	6.51975711e-07	
1.08616667	5.66157180e-07	
1.08775000	2.48725192e-07	
1.08933333	3.03344051e-07	
1.09091667	2.68083749e-07	
1.09250000	2.44965492e-07	
1.09408333	1.95271774e-07	
1.09566667	2.31656313e-07	
1.09725000	5.56347892e-07	
1.09883333	5.57946595e-07	
1.10041667	6.41260190e-07	
1.10200000	5.90312744e-07	
1.10358333	5.93077140e-07	
1.10516667	7.15150353e-07	
1.10675000	4.27879471e-07	
1.10833333	3.53167331e-07	
1.10991667	4.56140299e-07	
1.11150000	3.34370143e-07	
1.11308333	4.24423640e-07	
1.11466667	1.60729522e-07	
1.11625000	3.82119398e-07	
1.11783333	5.63478524e-07	
1.11941667	6.84341075e-07	
1.12100000	7.70376111e-07	
1.12258333	6.29331711e-07	
1.12416667	6.32616762e-07	
1.12575000	5.50730448e-07	
1.12733333	3.78229995e-07	
1.12891667	3.10430497e-07	
1.13050000	2.38397797e-07	
1.13208333	4.06965669e-07	
1.13366667	2.83380555e-07	
1.13525000	2.40212643e-07	
1.13683333	4.91270956e-07	
1.13841667	5.52458909e-07	
1.14000000	6.90173569e-07	
1.14158333	6.05435998e-07	
1.14316667	5.36211516e-07	
1.14475000	6.80538896e-07	
1.14633333	3.91538741e-07	
1.14791667	2.02618156e-07	
1.14950000	3.11122996e-07	
1.15108333	3.56019455e-07	
1.15266667	3.44093076e-07	
1.15425000	2.04087732e-07	
1.15583333	4.61152412e-07	
1.15741667	6.48648209e-07	
1.15900000	7.49027673e-07	
1.16058333	7.26560025e-07	
1.16216667	5.69830161e-07	
1.16375000	7.12980368e-07	
1.16533333	6.37022928e-07	
1.16691667	3.77581990e-07	
1.16850000	2.60306372e-07	
1.17008333	1.54160805e-07	
1.17166667	2.03914978e-07	
1.17325000	1.24838156e-07	
1.17483333	1.96784598e-07	
1.17641667	3.31777423e-07	
1.17800000	5.17500405e-07	
1.17958333	7.21113053e-07	
1.18116667	5.86725615e-07	
1.18275000	6.88834493e-07	
1.18433333	6.94063839e-07	
1.18591667	5.60756018e-07	
1.18750000	4.09947495e-07	
1.18908333	2.72699700e-07	
1.19066667	3.28191218e-07	
1.19225000	3.98064265e-07	
1.19383333	2.43668922e-07	
1.19541667	3.20412805e-07	
1.19700000	5.70738857e-07	
1.19858333	6.55259418e-07	
1.20016667	6.37023936e-07	
1.20175000	4.83449421e-07	
1.20333333	6.97519306e-07	
1.20491667	6.65673757e-07	
1.20650000	5.57039299e-07	
1.20808333	3.91149887e-07	
1.20966667	2.15539307e-07	
1.21125000	3.58179444e-07	
1.21283333	2.33687552e-07	
1.21441667	2.01538259e-07	
1.21600000	4.37386654e-07	
1.21758333	5.49779357e-07	
1.21916667	6.86414960e-07	
1.22075000	6.09627114e-07	
1.22233333	5.90311456e-07	
1.22391667	6.44586179e-07	
1.22550000	5.60280052e-07	
1.22708333	4.16904295e-07	
1.22866667	1.65283758e-07	
1.23025000	1.90216777e-07	
1.23183333	2.35268769e-07	
1.23341667	1.92118090e-07	
1.23500000	1.96958234e-07	
1.23658333	3.71272327e-07	
1.23816667	6.66364716e-07	
1.23975000	5.75188145e-07	
1.24133333	5.15643081e-07	
1.24291667	6.01589746e-07	
1.24450000	6.14509918e-07	
1.24608333	5.67194514e-07	
1.24766667	3.25770734e-07	
1.24925000	3.12548456e-07	
1.25083333	3.63711652e-07	
1.25241667	2.59657303e-07	
1.25400000	2.69380515e-07	
1.25558333	2.87528998e-07	
1.25716667	5.01037066e-07	
1.25875000	7.79838184e-07	
1.26033333	6.76260808e-07	
1.26191667	7.88262866e-07	
1.26350000	7.94055374e-07	
@ 
0.00000000	7.28804046e-07	
0.00158333	3.94347883e-07	
0.00316667	1.52536102e-07	
0.00475000	2.30662814e-07	
0.00633333	9.44171566e-08	
0.00791667	-2.15828161e-10	
0.00950000	4.13961895e-08	
0.01108333	6.38230188e-08	
0.01266667	3.40290365e-07	
0.01425000	4.51257832e-07	
0.01583333	4.35485761e-07	
0.01741667	5.03673328e-07	
0.01900000	5.53280802e-07	
0.02058333	6.06862214e-07	
0.02216667	2.30964906e-07	
0.02375000	1.56572218e-07	
0.02533333	2.26384670e-07	
0.02691667	2.15711543e-07	
0.02850000	1.97692805e-07	
0.03008333	1.03508044e-07	
0.03166667	2.61429027e-07	
0.03325000	5.13612766e-07	
0.03483333	4.76796266e-07	
0.03641667	5.60453996e-07	
0.03800000	5.24933226e-07	
0.03958333	6.06646381e-07	
0.04116667	4.36176804e-07	
0.04275000	1.03016342e-07	
0.04433333	8.92751038e-08	
0.04591667	3.06451806e-08	
0.04750000	-4.94331994e-09	
0.04908333	-2.70764187e-08	
0.05066667	2.02230569e-08	
0.05225000	2.83640519e-07	
0.05383333	3.16697038e-07	
0.05541667	2.33644444e-07	
0.05700000	2.37577360e-07	
0.05858333	2.77590680e-07	
0.06016667	5.23074951e-07	
0.06175000	3.81037989e-07	
0.06333333	3.09739818e-07	
0.06491667	1.95445228e-07	
0.06650000	2.11261051e-07	
0.06808333	3.05505216e-07	
0.06966667	1.39209730e-07	
0.07125000	3.20455759e-07	
0.07283333	5.55354015e-07	
0.07441667	5.24544345e-07	
0.07600000	5.62829399e-07	
0.07758333	4.24856008e-07	
0.07916667	4.53720935e-07	
0.08075000	3.74124647e-07	
0.08233333	2.50497140e-07	
0.08391667	8.21883639e-08	
0.08550000	2.19510757e-08	
0.08708333	2.62422819e-07	
0.08866667	1.85946642e-07	
0.09025000	-2.31613075e-08	
0.09183333	2.95307243e-07	
0.09341667	3.63323051e-07	
0.09500000	4.22348915e-07	
0.09658333	4.29047068e-07	
0.09816667	3.53901440e-07	
0.09975000	4.07182259e-07	
0.10133333	2.56805515e-07	
0.10291667	1.12263484e-07	
0.10450000	-5.57345268e-08	
0.10608333	4.67983774e-08	
0.10766667	3.22356764e-07	
0.10925000	1.29418769e-07	
0.11083333	2.54472002e-07	
0.11241667	4.25633070e-07	
0.11400000	5.35260986e-07	
0.11558333	4.84141388e-07	
0.11716667	3.41154960e-07	
0.11875000	4.89067481e-07	
0.12033333	3.71835573e-07	
0.12191667	3.09610060e-07	
0.12350000	1.57936831e-07	
0.12508333	9.15653406e-08	
0.12666667	2.86535317e-07	
0.12825000	2.89949174e-07	
0.12983333	1.55345622e-07	
0.13141667	2.25131264e-07	
0.13300000	3.54895848e-07	
0.13458333	4.11157373e-07	
0.13616667	2.50453458e-07	
0.13775000	3.38907831e-07	
0.13933333	3.54938942e-07	
0.14091667	3.04122094e-07	
0.14250000	1.19955100e-07	
0.14408333	2.15625303e-08	
0.14566667	7.28717158e-08	
0.14725000	8.97153326e-08	
0.14883333	-1.29809843e-08	
0.15041667	4.85693098e-08	
0.15200000	1.73493811e-07	
0.15358333	3.69932831e-07	
0.15516667	4.63962030e-07	
0.15675000	3.09567107e-07	
0.15833333	4.36436151e-07	
0.15991667	4.54956266e-07	
0.16150000	3.47031360e-07	
0.16308333	2.26946655e-07	
0.16466667	1.25961608e-07	
0.16625000	2.52139078e-07	
0.16783333	1.91227567e-07	
0.16941667	1.48759321e-07	
0.17100000	1.26177302e-07	
0.17258333	2.50713310e-07	
0.17416667	4.21268907e-07	
0.17575000	4.25028607e-07	
0.17733333	3.29487788e-07	
0.17891667	4.10985333e-07	
0.18050000	2.95825938e-07	
0.18208333	1.60746435e-07	
0.18366667	-2.77849100e-08	
0.18525000	2.56585296e-08	
0.18683333	2.46738426e-08	
0.18841667	4.12262936e-09	
0.19000000	1.74746769e-07	
0.19158333	2.27940056e-07	
0.19316667	5.97052926e-07	
0.19475000	5.30766672e-07	
0.19633333	4.86647388e-07	
0.19791667	4.69449941e-07	
0.19950000	4.36695275e-07	
0.20108333	4.33152584e-07	
0.20266667	1.34819343e-07	
0.20425000	-1.01219152e-07	
0.20583333	1.31751918e-07	
0.20741667	1.16065453e-07	
0.20900000	8.60425338e-08	
0.21058333	2.29625563e-08	
0.21216667	2.67306098e-07	
0.21375000	4.85480856e-07	
0.21533333	3.14838371e-07	
0.21691667	3.32477595e-07	
0.21850000	3.01832431e-07	
0.22008333	3.01054361e-07	
0.22166667	1.62259217e-07	
0.22325000	-2.07553377e-07	
0.22483333	-1.35252763e-08	
0.22641667	-3.28148439e-08	
0.22800000	2.29453986e-08	
0.22958333	8.84103410e-08	
0.23116667	3.17605756e-08	
0.23275000	3.09263713e-07	
0.23433333	5.13785422e-07	
0.23591667	3.80649724e-07	
0.23750000	4.08218977e-07	
0.23908333	4.65170733e-07	
0.24066667	5.79034510e-07	
0.24225000	3.30005000e-07	
0.24383333	1.27042008e-07	
0.24541667	1.44843891e-07	
0.24700000	9.61455061e-08	
0.24858333	1.77901811e-07	
0.25016667	-4.42316352e-08	
0.25175000	1.05176611e-07	
0.25333333	3.85057234e-07	
0.25491667	4.21830836e-07	
0.25650000	5.25045455e-07	
0.25808333	4.79215463e-07	
0.25966667	5.48138147e-07	
0.26125000	5.06352208e-07	
0.26283333	1.96611928e-07	
0.26441667	1.17837869e-07	
0.26600000	-8.38303015e-09	
0.26758333	2.67849803e-09	
0.26916667	-1.03180647e-07	
0.27075000	-4.86391940e-08	
0.27233333	1.79111213e-07	
0.27391667	2.71281241e-07	
0.27550000	2.95609936e-07	
0.27708333	3.16653832e-07	
0.27866667	3.37179033e-07	
0.28025000	4.14070512e-07	
0.28183333	2.12600352e-07	
0.28341667	9.32508132e-08	
0.28500000	-1.63774956e-08	
0.28658333	-1.81495849e-08	
0.28816667	1.42166397e-07	
0.28975000	6.65370896e-08	
0.29133333	1.43764387e-07	
0.29291667	2.87745419e-07	
0.29450000	3.93051705e-07	
0.29608333	5.50255882e-07	
0.29766667	4.65301554e-07	
0.29925000	5.03716618e-07	
0.30083333	5.07085673e-07	
0.30241667	2.44836462e-07	
0.30400000	4.03422642e-08	
0.30558333	-5.95025019e-08	
0.30716667	1.43314687e-07	
0.30875000	1.03837304e-07	
0.31033333	5.90696795e-08	
0.31191667	1.52709570e-07	
0.31350000	2.76293802e-07	
0.31508333	5.06136151e-07	
0.31666667	4.37862171e-07	
0.31825000	4.39763905e-07	
0.31983333	5.15557005e-07	
0.32141667	4.58300904e-07	
0.32300000	1.82784096e-07	
0.32458333	-1.60141510e-07	
0.32616667	-1.56633092e-07	
0.32775000	-1.52992981e-09	
0.32933333	-8.48769185e-08	
0.33091667	-9.77274441e-08	
0.33250000	4.47404740e-08	
0.33408333	3.48024956e-07	
0.33566667	3.92187642e-07	
0.33725000	2.99498919e-07	
0.33883333	3.51956445e-07	
0.34041667	4.47411412e-07	
0.34200000	3.59346508e-07	
0.34358333	1.43807971e-07	
0.34516667	4.66249201e-08	
0.34675000	1.37196524e-07	
0.34833333	8.17548747e-09	
0.34991667	1.10146239e-07	
0.35150000	1.29072380e-07	
0.35308333	2.65102679e-07	
0.35466667	4.64133818e-07	
0.35625000	3.52907227e-07	
0.35783333	3.84711670e-07	
0.35941667	5.15297490e-07	
0.36100000	5.17198719e-07	
0.36258333	3.50228879e-07	
0.36416667	1.99553404e-08	
0.36575000	-9.16074230e-09	
0.36733333	-8.21875991e-09	
0.36891667	-2.28250247e-08	
0.37050000	6.89653375e-08	
0.37208333	-4.36454709e-09	
0.37366667	2.91893497e-07	
0.37525000	4.22391477e-07	
0.37683333	4.24120583e-07	
0.37841667	4.95895531e-07	
0.38000000	3.98150621e-07	
0.38158333	2.98158807e-07	
0.38316667	6.06685232e-08	
0.38475000	1.51671308e-08	
0.38633333	1.27214636e-07	
0.38791667	9.38550383e-08	
0.38950000	1.65594824e-07	
0.39108333	1.42554285e-07	
0.39266667	2.66139258e-07	
0.39425000	5.13049829e-07	
0.39583333	3.11640348e-07	
0.39741667	3.08918401e-07	
0.39900000	4.07352786e-07	
0.40058333	4.03466016e-07	
0.40216667	4.15564855e-07	
0.40375000	8.11164198e-08	
0.40533333	8.51258777e-08	
0.40691667	4.87858121e-08	
0.40850000	7.38904680e-09	
0.41008333	6.67360595e-08	
0.41166667	3.09391028e-08	
0.41325000	3.93095106e-07	
0.41483333	3.76501842e-07	
0.41641667	3.21493542e-07	
0.41800000	3.11338466e-07	
0.41958333	3.10474039e-07	
0.42116667	3.62069042e-07	
0.42275000	1.33091036e-07	
0.42433333	-1.02014023e-07	
0.42591667	6.22239195e-09	
0.42750000	-2.60740455e-08	
0.42908333	7.13423712e-08	
0.43066667	4.70570110e-08	
0.43225000	2.21329141e-07	
0.43383333	5.00734428e-07	
0.43541667	4.66856576e-07	
0.43700000	5.50643756e-07	
0.43858333	5.51334883e-07	
0.44016667	6.67012609e-07	
0.44175000	5.85169529e-07	
0.44333333	2.90639937e-07	
0.44491667	3.04899549e-07	
0.44650000	2.13247671e-07	
0.44808333	3.71619571e-07	
0.44966667	5.82274255e-07	
0.45125000	6.10015940e-07	
0.45283333	1.04580414e-06	
0.45441667	1.13426470e-06	
0.45600000	1.22107039e-06	
0.45758333	1.44439396e-06	
0.45916667	1.50564111e-06	
0.46075000	1.73531638e-06	
0.46233333	1.73256352e-06	
0.46391667	1.72466537e-06	
0.46550000	1.93339738e-06	
0.46708333	2.29958347e-06	
0.46866667	2.83670828e-06	
0.47025000	3.45546011e-06	
0.47183333	4.53850905e-06	
0.47341667	5.84500377e-06	
0.47500000	7.16770607e-06	
0.47658333	8.89404132e-06	
0.47816667	1.08746522e-05	
0.47975000	1.33815755e-05	
0.48133333	1.64436944e-05	
0.48291667	2.05101112e-05	
0.48450000	2.60673669e-05	
0.48608333	3.34197119e-05	
0.48766667	4.40598202e-05	
0.48925000	6.06378436e-05	
0.49083333	8.79001464e-05	
0.49241667	1.25185132e-04	
0.49400000	1.63217996e-04	
0.49558333	2.51472379e-04	
0.49716667	3.59583573e-04	
0.49875000	2.86105580e-04	
0.50033333	2.47554605e-04	
0.50191667	3.18055363e-04	
0.50350000	4.79534511e-04	
0.50508333	5.48263461e-04	
0.50666667	4.24540724e-04	
0.50825000	4.94040441e-04	
0.50983333	1.24488560e-03	
0.51141667	1.16831485e-03	
0.51300000	1.36921561e-03	
0.51458333	2.01912031e-03	
0.51616667	2.52686618e-03	
0.51775000	3.12188276e-03	
0.51933333	4.66317147e-03	
0.52091667	3.75870980e-03	
0.52250000	4.67444305e-03	
0.52408333	5.04525838e-03	
0.52566667	5.17216543e-03	
0.52725000	5.47161409e-03	
0.52883333	6.10652094e-03	
0.53041667	7.77054967e-03	
0.53200000	1.04056073e-02	
0.53358333	1.17561965e-01	
0.53516667	2.22639869e-01	
0.53675000	2.90497209e-01	
0.53833333	3.33399478e-01	
0.53991667	4.25763010e-01	
0.54150000	5.08742360e-01	
0.54308333	5.69108200e-01	
0.54466667	5.86994194e-01	
0.54625000	4.74232620e-01	
0.54783333	4.87209703e-01	
0.54941667	4.85555333e-01	
0.55100000	5.21572431e-01	
0.55258333	7.15519517e-01	
0.55416667	1.01344811e+00	
0.55575000	1.67689052e+00	
0.55733333	1.78127892e+00	
0.55891667	2.18756181e+00	
0.56050000	3.36641022e+00	
0.56208333	3.54311116e+00	
0.56366667	3.85155573e+00	
0.56525000	5.70755917e+00	
0.56683333	7.26156840e+00	
0.56841667	8.28292860e+00	
0.57000000	9.05260812e+00	
0.57158333	9.79187294e+00	
0.57316667	1.00751851e+01	
0.57475000	1.11340527e+01	
0.57633333	1.20756766e+01	
0.57791667	1.24787618e+01	
0.57950000	1.39112170e+01	
0.58108333	1.40953091e+01	
0.58266667	1.42283704e+01	
0.58425000	1.49636120e+01	
0.58583333	1.51962731e+01	
0.58741667	1.53982432e+01	
0.58900000	1.63567548e+01	
0.59058333	1.65932136e+01	
0.59216667	1.68194893e+01	
0.59375000	1.77160160e+01	
0.59533333	1.84448676e+01	
0.59691667	1.91339248e+01	
0.59850000	1.96928671e+01	
0.60008333	1.99473280e+01	
0.60166667	1.99878515e+01	
0.60325000	2.01386462e+01	
0.60483333	2.07282109e+01	
0.60641667	2.09755179e+01	
0.60800000	2.16133988e+01	
0.60958333	2.28566610e+01	
0.61116667	2.30901188e+01	
0.61275000	2.36264928e+01	
0.61433333	2.40390958e+01	
0.61591667	2.45904088e+01	
0.61750000	2.49502138e+01	
0.61908333	2.53367495e+01	
0.62066667	2.64317802e+01	
0.62225000	2.68101905e+01	
0.62383333	2.80608960e+01	
0.62541667	2.89621373e+01	
0.62700000	2.91160496e+01	
0.62858333	2.94100229e+01	
0.63016667	2.96432233e+01	
0.63175000	2.97919322e+01	
0.63333333	3.01605654e+01	
0.63491667	3.01746532e+01	
0.63650000	3.01450888e+01	
0.63808333	3.05149228e+01	
0.63966667	3.11096269e+01	
0.64125000	3.16847748e+01	
0.64283333	3.22789377e+01	
0.64441667	3.26716915e+01	
