start voltage : 0.00 V 
set voltage : 0.10 V 
High G : 30.00 G0 
Intermediate G : 20.00 G0 
Low G : 10.00 G0 
Breaking speed 1 : 300.00 V/s 
Breaking speed 2 : 300.00 V/s 
Making speed : 500.00 V/s 
Post breaking : 230.00 V/s 
@ 
0.00000000	4.10991235e+01	
0.00158333	4.17469694e+01	
0.00316667	4.16166441e+01	
0.00475000	4.15195982e+01	
0.00633333	4.15675236e+01	
0.00791667	4.15583684e+01	
0.00950000	4.12923396e+01	
0.01108333	4.13990932e+01	
0.01266667	4.12292459e+01	
0.01425000	4.13750515e+01	
0.01583333	4.11263033e+01	
0.01741667	4.13407837e+01	
0.01900000	4.12962144e+01	
0.02058333	4.12752734e+01	
0.02216667	4.12151975e+01	
0.02375000	4.13226801e+01	
0.02533333	4.13066135e+01	
0.02691667	4.13876868e+01	
0.02850000	4.12985671e+01	
0.03008333	4.12384536e+01	
0.03166667	4.13737174e+01	
0.03325000	4.11032651e+01	
0.03483333	4.10918663e+01	
0.03641667	4.11835792e+01	
0.03800000	4.10729697e+01	
0.03958333	4.11755628e+01	
0.04116667	4.10574105e+01	
0.04275000	4.09802233e+01	
0.04433333	4.09643108e+01	
0.04591667	4.10695835e+01	
0.04750000	4.08036487e+01	
0.04908333	4.10542987e+01	
0.05066667	4.11208538e+01	
0.05225000	4.09720002e+01	
0.05383333	4.09169754e+01	
0.05541667	4.11327787e+01	
0.05700000	4.06089255e+01	
0.05858333	4.10116010e+01	
0.06016667	4.08796972e+01	
0.06175000	4.08853646e+01	
0.06333333	4.09476128e+01	
0.06491667	4.10162575e+01	
0.06650000	4.07444823e+01	
0.06808333	4.06836961e+01	
0.06966667	4.09753187e+01	
0.07125000	4.10860861e+01	
0.07283333	4.09386794e+01	
0.07441667	4.09004127e+01	
0.07600000	4.08800467e+01	
0.07758333	4.08586847e+01	
0.07916667	4.08434713e+01	
0.08075000	4.05847373e+01	
0.08233333	4.05931971e+01	
0.08391667	4.03902358e+01	
0.08550000	4.05401868e+01	
0.08708333	4.03468053e+01	
0.08866667	4.02560582e+01	
0.09025000	4.01991205e+01	
0.09183333	4.02539573e+01	
0.09341667	4.04019766e+01	
0.09500000	4.02092490e+01	
0.09658333	4.02406456e+01	
0.09816667	4.02839145e+01	
0.09975000	4.01563589e+01	
0.10133333	4.01015146e+01	
0.10291667	4.01146723e+01	
0.10450000	4.01164537e+01	
0.10608333	3.99045665e+01	
0.10766667	3.99706142e+01	
0.10925000	3.98036533e+01	
0.11083333	3.94929613e+01	
0.11241667	3.79286887e+01	
0.11400000	3.70587405e+01	
0.11558333	3.66540355e+01	
0.11716667	3.69896862e+01	
0.11875000	3.69219096e+01	
0.12033333	3.70475484e+01	
0.12191667	3.71235593e+01	
0.12350000	3.67258860e+01	
0.12508333	3.68834325e+01	
0.12666667	3.68923997e+01	
0.12825000	3.66611462e+01	
0.12983333	3.65762282e+01	
0.13141667	3.62686217e+01	
0.13300000	3.63543740e+01	
0.13458333	3.62915621e+01	
0.13616667	3.61397207e+01	
0.13775000	3.61100004e+01	
0.13933333	3.60858948e+01	
0.14091667	3.60317270e+01	
0.14250000	3.59241842e+01	
0.14408333	3.58675246e+01	
0.14566667	3.58412168e+01	
0.14725000	3.56941709e+01	
0.14883333	3.59105304e+01	
0.15041667	3.57722601e+01	
0.15200000	3.58931936e+01	
0.15358333	3.56852375e+01	
0.15516667	3.57557200e+01	
0.15675000	3.59122104e+01	
0.15833333	3.55634885e+01	
0.15991667	3.56531006e+01	
0.16150000	3.55997595e+01	
0.16308333	3.56825052e+01	
0.16466667	3.55835651e+01	
0.16625000	3.57264431e+01	
0.16783333	3.55605157e+01	
0.16941667	3.54340012e+01	
0.17100000	3.53322838e+01	
0.17258333	3.53485909e+01	
0.17416667	3.52489706e+01	
0.17575000	3.50404695e+01	
0.17733333	3.52549688e+01	
0.17891667	3.51708400e+01	
0.18050000	3.52322162e+01	
0.18208333	3.50067579e+01	
0.18366667	3.50376433e+01	
0.18525000	3.30123406e+01	
0.18683333	3.27646935e+01	
0.18841667	3.26736946e+01	
0.19000000	3.27168170e+01	
0.19158333	3.26998033e+01	
0.19316667	3.23609694e+01	
0.19475000	3.24498899e+01	
0.19633333	3.21548849e+01	
0.19791667	3.19778143e+01	
0.19950000	3.20664492e+01	
0.20108333	3.18885743e+01	
0.20266667	3.19210645e+01	
0.20425000	3.17988344e+01	
0.20583333	3.16678175e+01	
0.20741667	3.14583582e+01	
0.20900000	3.13987483e+01	
0.21058333	3.13663915e+01	
0.21216667	3.16445426e+01	
0.21375000	3.12315845e+01	
0.21533333	3.13763453e+01	
0.21691667	3.12254754e+01	
0.21850000	3.09079997e+01	
0.22008333	3.11401477e+01	
0.22166667	3.10141106e+01	
0.22325000	3.12253269e+01	
0.22483333	3.08882763e+01	
0.22641667	3.08411082e+01	
0.22800000	3.10201088e+01	
0.22958333	3.07959095e+01	
0.23116667	3.06781593e+01	
0.23275000	2.88165722e+01	
0.23433333	2.84304819e+01	
0.23591667	2.84910407e+01	
0.23750000	2.84674726e+01	
0.23908333	2.84147629e+01	
0.24066667	2.81122527e+01	
0.24225000	2.81161838e+01	
0.24383333	2.78361029e+01	
0.24541667	2.75909606e+01	
0.24700000	2.76419941e+01	
0.24858333	2.74548400e+01	
0.25016667	2.71174249e+01	
0.25175000	2.70344105e+01	
0.25333333	2.69924194e+01	
0.25491667	2.68637138e+01	
0.25650000	2.68095441e+01	
0.25808333	2.68367464e+01	
0.25966667	2.66681807e+01	
0.26125000	2.66610268e+01	
0.26283333	2.68506651e+01	
0.26441667	2.66681318e+01	
0.26600000	2.65558724e+01	
0.26758333	2.64670515e+01	
0.26916667	2.65326050e+01	
0.27075000	2.61774076e+01	
0.27233333	2.61044127e+01	
0.27391667	2.60952896e+01	
0.27550000	2.59173921e+01	
0.27708333	2.57975955e+01	
0.27866667	2.56659641e+01	
0.28025000	2.46316163e+01	
0.28183333	2.50750634e+01	
0.28341667	2.47092903e+01	
0.28500000	2.45872838e+01	
0.28658333	2.41191036e+01	
0.28816667	2.41517629e+01	
0.28975000	2.42383872e+01	
0.29133333	2.41822443e+01	
0.29291667	2.41963266e+01	
0.29450000	2.41015845e+01	
0.29608333	2.43042583e+01	
0.29766667	2.36865273e+01	
0.29925000	2.34777388e+01	
0.30083333	2.33275510e+01	
0.30241667	2.32976671e+01	
0.30400000	2.32318806e+01	
0.30558333	2.32020230e+01	
0.30716667	2.26186576e+01	
0.30875000	2.24471868e+01	
0.31033333	2.24934210e+01	
0.31191667	2.15923262e+01	
0.31350000	2.13613677e+01	
0.31508333	2.14080472e+01	
0.31666667	2.16267200e+01	
0.31825000	2.14918790e+01	
0.31983333	2.13660561e+01	
0.32141667	2.14183899e+01	
0.32300000	2.12367586e+01	
0.32458333	2.13433430e+01	
0.32616667	2.11707635e+01	
0.32775000	2.09065518e+01	
0.32933333	2.10985334e+01	
0.33091667	2.09684147e+01	
0.33250000	2.03217451e+01	
0.33408333	2.02011762e+01	
0.33566667	2.03570221e+01	
0.33725000	2.05489341e+01	
0.33883333	2.03291395e+01	
0.34041667	2.01419610e+01	
0.34200000	1.98363765e+01	
0.34358333	1.99621449e+01	
0.34516667	1.98983653e+01	
0.34675000	1.97084169e+01	
0.34833333	1.92756997e+01	
0.34991667	1.88886247e+01	
0.35150000	1.90143274e+01	
0.35308333	1.89234206e+01	
0.35466667	1.88037048e+01	
0.35625000	1.87509294e+01	
0.35783333	1.84482951e+01	
0.35941667	1.86067736e+01	
0.36100000	1.85349212e+01	
0.36258333	1.83979888e+01	
0.36416667	1.83334031e+01	
0.36575000	1.82013320e+01	
0.36733333	1.82893994e+01	
0.36891667	1.66343572e+01	
0.37050000	1.63212881e+01	
0.37208333	1.62286844e+01	
0.37366667	1.60241146e+01	
0.37525000	1.61870955e+01	
0.37683333	1.60675939e+01	
0.37841667	1.59289459e+01	
0.38000000	1.57838299e+01	
0.38158333	1.56137947e+01	
0.38316667	1.58582304e+01	
0.38475000	1.56982589e+01	
0.38633333	1.56007939e+01	
0.38791667	1.54260055e+01	
0.38950000	1.54048737e+01	
0.39108333	1.55566991e+01	
0.39266667	1.53652794e+01	
0.39425000	1.54831133e+01	
0.39583333	1.51530981e+01	
0.39741667	1.51289898e+01	
0.39900000	1.49262633e+01	
0.40058333	1.47961945e+01	
0.40216667	1.47371211e+01	
0.40375000	1.48735565e+01	
0.40533333	1.45851491e+01	
0.40691667	1.29865673e+01	
0.40850000	1.30445029e+01	
0.41008333	1.31706594e+01	
0.41166667	1.32774552e+01	
0.41325000	1.32171482e+01	
0.41483333	1.30089168e+01	
0.41641667	1.27355631e+01	
0.41800000	1.25533878e+01	
0.41958333	1.21960135e+01	
0.42116667	1.17838417e+01	
0.42275000	1.14919063e+01	
0.42433333	1.12932904e+01	
0.42591667	1.13613517e+01	
0.42750000	1.09993377e+01	
0.42908333	1.08622268e+01	
0.43066667	1.09615634e+01	
0.43225000	1.09527747e+01	
0.43383333	1.11513163e+01	
0.43541667	1.10317067e+01	
0.43700000	1.07340822e+01	
0.43858333	1.06175675e+01	
0.44016667	1.08080815e+01	
0.44175000	1.07779101e+01	
0.44333333	1.07305833e+01	
0.44491667	1.07694212e+01	
0.44650000	1.07250210e+01	
0.44808333	1.05682760e+01	
0.44966667	1.03209004e+01	
0.45125000	1.02864663e+01	
0.45283333	9.40501030e+00	
0.45441667	8.48298480e+00	
0.45600000	8.42901988e+00	
0.45758333	8.30838896e+00	
0.45916667	8.07084031e+00	
0.46075000	8.00161213e+00	
0.46233333	8.24941709e+00	
0.46391667	8.31507210e+00	
0.46550000	8.28590608e+00	
0.46708333	8.29934940e+00	
0.46866667	8.26329542e+00	
0.47025000	8.20941036e+00	
0.47183333	8.09722427e+00	
0.47341667	7.76402025e+00	
0.47500000	7.45548877e+00	
0.47658333	6.75882576e+00	
0.47816667	6.53011795e+00	
0.47975000	6.04896654e+00	
0.48133333	5.97944334e+00	
0.48291667	5.73939449e+00	
0.48450000	5.73624178e+00	
0.48608333	5.69194123e+00	
0.48766667	5.50549887e+00	
0.48925000	5.55734789e+00	
0.49083333	5.57503664e+00	
0.49241667	5.58165306e+00	
0.49400000	5.51766766e+00	
0.49558333	5.43100019e+00	
0.49716667	5.37903090e+00	
0.49875000	5.33152878e+00	
0.50033333	5.57982420e+00	
0.50191667	5.56635082e+00	
0.50350000	5.55372493e+00	
0.50508333	5.43941589e+00	
0.50666667	5.37873071e+00	
0.50825000	5.39473012e+00	
0.50983333	5.32635459e+00	
0.51141667	5.34469258e+00	
0.51300000	5.31662209e+00	
0.51458333	5.10539116e+00	
0.51616667	4.90399842e+00	
0.51775000	4.79900330e+00	
0.51933333	4.52399836e+00	
0.52091667	4.66920692e+00	
0.52250000	4.32205363e+00	
0.52408333	4.19465549e+00	
0.52566667	3.92816232e+00	
0.52725000	3.98223037e+00	
0.52883333	3.86789995e+00	
0.53041667	3.86343279e+00	
0.53200000	3.86806954e+00	
0.53358333	3.77569891e+00	
0.53516667	3.13580097e+00	
0.53675000	2.56319382e+00	
0.53833333	2.52642155e+00	
0.53991667	2.45550168e+00	
0.54150000	2.36484105e+00	
0.54308333	2.40487432e+00	
0.54466667	2.37419678e+00	
0.54625000	2.30254381e+00	
0.54783333	2.38145634e+00	
0.54941667	2.26207670e+00	
0.55100000	2.16347532e+00	
0.55258333	2.11682093e+00	
0.55416667	1.80738805e+00	
0.55575000	1.78520219e+00	
0.55733333	1.78345061e+00	
0.55891667	1.79316161e+00	
0.56050000	1.86683723e+00	
0.56208333	2.06378617e+00	
0.56366667	1.88502054e+00	
0.56525000	1.86037654e+00	
0.56683333	1.60435377e+00	
0.56841667	1.01969587e+00	
0.57000000	1.01217734e+00	
0.57158333	1.00464296e+00	
0.57316667	9.85087124e-01	
0.57475000	1.00322739e+00	
0.57633333	1.00783925e+00	
0.57791667	1.00105711e+00	
0.57950000	1.01592069e+00	
0.58108333	1.00387557e+00	
0.58266667	1.00175861e+00	
0.58425000	9.31088901e-01	
0.58583333	7.69457667e-01	
0.58741667	-1.48279750e-02	
0.58900000	8.83703719e-03	
0.59058333	-2.72232120e-03	
0.59216667	-1.35132555e-04	
0.59375000	4.64027001e-05	
0.59533333	3.00942401e-04	
0.59691667	3.97615476e-04	
0.59850000	1.43512724e-04	
0.60008333	5.57256078e-05	
0.60166667	2.99325152e-05	
0.60325000	1.86948735e-05	
0.60483333	1.23876842e-05	
0.60641667	8.96128376e-06	
0.60800000	7.14562809e-06	
0.60958333	7.24487932e-06	
0.61116667	7.61797613e-06	
0.61275000	8.11081437e-06	
0.61433333	8.68147460e-06	
0.61591667	8.62543177e-06	
0.61750000	8.21998343e-06	
0.61908333	7.34433844e-06	
0.62066667	6.42338608e-06	
0.62225000	5.92701430e-06	
0.62383333	5.06214330e-06	
0.62541667	4.71269076e-06	
0.62700000	3.97182545e-06	
0.62858333	3.42334826e-06	
0.63016667	3.13378593e-06	
0.63175000	2.69250337e-06	
0.63333333	2.37993319e-06	
0.63491667	2.10678788e-06	
0.63650000	1.91810981e-06	
0.63808333	1.48175178e-06	
0.63966667	1.36198795e-06	
0.64125000	1.26996383e-06	
0.64283333	1.18793079e-06	
0.64441667	1.08607566e-06	
0.64600000	9.63668729e-07	
0.64758333	8.11771209e-07	
0.64916667	1.11748299e-06	
0.65075000	1.02627203e-06	
0.65233333	9.41320254e-07	
0.65391667	1.08992471e-06	
0.65550000	8.68937510e-07	
0.65708333	9.50520347e-07	
0.65866667	5.78516542e-07	
0.66025000	3.72570746e-07	
0.66183333	3.62241698e-07	
0.66341667	4.07787338e-07	
0.66500000	4.00008841e-07	
0.66658333	3.32426268e-07	
0.66816667	6.68533246e-07	
0.66975000	7.98763841e-07	
0.67133333	6.58110842e-07	
0.67291667	7.58793280e-07	
0.67450000	6.27862541e-07	
0.67608333	6.08366946e-07	
0.67766667	5.61541957e-07	
0.67925000	3.49925737e-07	
0.68083333	3.39469900e-07	
0.68241667	1.49061567e-07	
0.68400000	1.49951992e-07	
0.68558333	1.55491229e-07	
0.68716667	1.39920122e-07	
0.68875000	5.03110671e-07	
0.69033333	6.64896050e-07	
0.69191667	7.68907333e-07	
0.69350000	7.36756179e-07	
0.69508333	8.06757920e-07	
0.69666667	7.38658192e-07	
0.69825000	5.34915394e-07	
0.69983333	5.42261748e-07	
0.70141667	4.80856840e-07	
0.70300000	3.25339682e-07	
0.70458333	2.79319225e-07	
0.70616667	2.60392056e-07	
0.70775000	4.25892530e-07	
0.70933333	6.98662318e-07	
0.71091667	3.59172788e-07	
0.71250000	4.24595904e-07	
0.71408333	4.56487123e-07	
0.71566667	5.64299521e-07	
0.71725000	5.42779883e-07	
0.71883333	3.94252538e-07	
0.72041667	2.38009168e-07	
0.72200000	6.19222375e-08	
0.72358333	1.36885374e-07	
0.72516667	1.09506509e-07	
0.72675000	1.36073562e-07	
0.72833333	3.01486840e-07	
0.72991667	5.41517866e-07	
0.73150000	6.23239141e-07	
0.73308333	5.02247112e-07	
0.73466667	4.81031792e-07	
0.73625000	5.03542282e-07	
0.73783333	3.10275286e-07	
0.73941667	1.91469609e-07	
0.74100000	2.48337095e-07	
0.74258333	1.54999541e-07	
0.74416667	1.94166690e-07	
0.74575000	7.84975952e-08	
0.74733333	2.44230739e-07	
0.74891667	1.23972427e-07	
0.75050000	4.38036087e-07	
0.75208333	6.03188282e-07	
0.75366667	4.98444038e-07	
0.75525000	5.71514156e-07	
0.75683333	4.47714469e-07	
0.75841667	3.71533187e-07	
0.76000000	3.27975132e-07	
0.76158333	2.17353369e-07	
0.76316667	3.03863447e-07	
0.76475000	1.22935946e-07	
0.76633333	9.36826836e-08	
0.76791667	2.15495429e-07	
0.76950000	2.42590201e-07	
0.77108333	5.18710955e-07	
0.77266667	4.38985330e-07	
0.77425000	5.60064443e-07	
0.77583333	5.13914004e-07	
0.77741667	4.57756616e-07	
0.77900000	3.51791965e-07	
0.78058333	-1.55562573e-08	
0.78216667	5.92252965e-08	
0.78375000	1.69561496e-07	
0.78533333	4.28651144e-08	
0.78691667	4.86135168e-08	
0.78850000	1.21821524e-07	
0.79008333	6.02239599e-07	
0.79166667	5.25063824e-07	
0.79325000	5.76528341e-07	
0.79483333	6.68095474e-07	
0.79641667	6.12997290e-07	
0.79800000	6.49270397e-07	
0.79958333	2.51058593e-07	
0.80116667	1.53790027e-07	
0.80275000	2.90813069e-07	
0.80433333	2.04528303e-07	
0.80591667	1.25659334e-07	
0.80750000	1.11200536e-07	
0.80908333	2.86925151e-07	
0.81066667	4.86863278e-07	
0.81225000	5.09334286e-07	
0.81383333	5.14950946e-07	
0.81541667	5.63996099e-07	
0.81700000	6.32011879e-07	
0.81858333	3.16783142e-07	
0.82016667	3.67371374e-08	
0.82175000	9.86948245e-08	
0.82333333	1.19652183e-07	
0.82491667	3.00034079e-07	
0.82650000	2.03714769e-07	
0.82808333	1.49831321e-07	
0.82966667	5.32884015e-07	
0.83125000	4.59267900e-07	
0.83283333	4.02730787e-07	
0.83441667	4.70876073e-07	
0.83600000	5.10762014e-07	
0.83758333	6.98860958e-07	
0.83916667	4.39920852e-07	
0.84075000	1.00086312e-07	
0.84233333	5.62527041e-08	
0.84391667	9.44173946e-08	
0.84550000	1.45078206e-07	
0.84708333	4.11286935e-08	
0.84866667	3.39339834e-07	
0.85025000	5.86215712e-07	
0.85183333	4.70400499e-07	
0.85341667	5.15382502e-07	
0.85500000	4.16428413e-07	
0.85658333	4.27490730e-07	
0.85816667	4.01668279e-07	
0.85975000	2.36090578e-07	
0.86133333	1.29314562e-07	
0.86291667	8.40462612e-08	
0.86450000	2.34335011e-07	
0.86608333	1.69355029e-07	
0.86766667	1.87140545e-07	
0.86925000	4.46716329e-08	
0.87083333	4.05489023e-07	
0.87241667	4.97278457e-07	
0.87400000	4.63831348e-07	
0.87558333	3.84408893e-07	
0.87716667	4.17742680e-07	
0.87875000	1.68482356e-07	
0.88033333	6.14810147e-08	
0.88191667	9.30510383e-08	
0.88350000	1.10836246e-07	
0.88508333	2.29754873e-07	
0.88666667	2.23489564e-07	
0.88825000	3.70754136e-07	
0.88983333	6.51670441e-07	
0.89141667	4.42873164e-07	
0.89300000	5.05445360e-07	
0.89458333	4.36998108e-07	
0.89616667	6.50634786e-07	
0.89775000	5.28865779e-07	
0.89933333	3.77886056e-07	
0.90091667	1.16928775e-08	
0.90250000	4.75324093e-08	
0.90408333	2.51663952e-07	
0.90566667	5.11706266e-08	
0.90725000	-1.25305946e-08	
0.90883333	2.11225980e-07	
0.91041667	3.42969721e-07	
0.91200000	3.12116005e-07	
0.91358333	3.90328890e-07	
0.91516667	3.96724265e-07	
0.91675000	5.40836260e-07	
0.91833333	4.13057370e-07	
0.91991667	1.71964564e-07	
0.92150000	2.47602034e-07	
0.92308333	1.33670452e-07	
0.92466667	1.54376555e-07	
0.92625000	-6.59055632e-08	
0.92783333	1.12738526e-07	
0.92941667	4.00614676e-07	
0.93100000	4.80641007e-07	
0.93258333	3.99792251e-07	
0.93416667	3.45822013e-07	
0.93575000	5.22944969e-07	
0.93733333	6.16929506e-07	
0.93891667	4.89578112e-07	
0.94050000	1.77097362e-07	
0.94208333	2.17267307e-07	
0.94366667	2.32909383e-07	
0.94525000	2.04217139e-07	
0.94683333	1.07580015e-07	
0.94841667	2.08418546e-07	
0.95000000	1.96283767e-07	
0.95158333	4.24466566e-07	
0.95316667	4.29953916e-07	
0.95475000	6.28899763e-07	
0.95633333	5.49909899e-07	
0.95791667	6.66235630e-07	
0.95950000	3.93001106e-07	
0.96108333	9.34758873e-08	
0.96266667	2.65188587e-07	
0.96425000	1.45535774e-07	
0.96583333	6.78853151e-08	
0.96741667	-8.10664025e-09	
0.96900000	-4.77062000e-09	
0.97058333	3.63971392e-07	
0.97216667	3.25771714e-07	
0.97375000	4.02774413e-07	
0.97533333	4.53678177e-07	
0.97691667	3.59563070e-07	
0.97850000	4.85221732e-07	
0.98008333	7.97424961e-08	
0.98166667	1.85117160e-07	
0.98325000	1.25831640e-07	
0.98483333	2.75732320e-07	
0.98641667	3.66044241e-07	
0.98800000	1.76708607e-07	
0.98958333	4.56961604e-07	
0.99116667	5.45716879e-07	
0.99275000	5.09160342e-07	
0.99433333	6.24406122e-07	
0.99591667	5.73804827e-07	
0.99750000	5.07215935e-07	
0.99908333	5.09551632e-07	
1.00066667	1.00941113e-07	
1.00225000	5.48173422e-08	
1.00383333	1.69561118e-07	
1.00541667	2.08072016e-07	
1.00700000	7.06074852e-08	
1.00858333	1.42434733e-07	
1.01016667	5.70522296e-07	
1.01175000	3.37394671e-07	
1.01333333	5.18494841e-07	
1.01491667	4.56123667e-07	
1.01650000	6.44368553e-07	
1.01808333	5.64558308e-07	
1.01966667	3.87908826e-07	
1.02125000	1.00845447e-07	
1.02283333	1.61005334e-07	
1.02441667	2.21674971e-07	
1.02600000	3.13370097e-07	
1.02758333	1.29392728e-07	
1.02916667	3.33981570e-07	
1.03075000	3.93828095e-07	
1.03233333	5.02420048e-07	
1.03391667	5.37810668e-07	
1.03550000	4.71957089e-07	
1.03708333	6.80151471e-07	
1.03866667	4.96325631e-07	
1.04025000	3.31691543e-07	
1.04183333	2.47558856e-07	
1.04341667	1.91556539e-07	
1.04500000	2.84547424e-07	
1.04658333	1.54221526e-07	
1.04816667	8.13419699e-08	
1.04975000	3.82162492e-07	
1.05133333	3.85576349e-07	
1.05291667	3.99144470e-07	
1.05450000	3.48457156e-07	
1.05608333	4.14847098e-07	
1.05766667	4.87469505e-07	
1.05925000	3.19402268e-07	
1.06083333	2.13284044e-07	
1.06241667	1.45769025e-07	
1.06400000	1.86889178e-07	
1.06558333	2.37533902e-07	
1.06716667	5.18528037e-08	
1.06875000	3.45907725e-07	
1.07033333	3.96940799e-07	
1.07191667	5.16116975e-07	
1.07350000	5.03025155e-07	
1.07508333	5.16420732e-07	
1.07666667	5.41829072e-07	
1.07825000	4.51387002e-07	
1.07983333	2.80226550e-07	
1.08141667	1.70815281e-07	
1.08300000	8.14965298e-08	
1.08458333	1.94408565e-07	
1.08616667	2.00950107e-07	
1.08775000	1.53538463e-07	
1.08933333	2.40963496e-07	
1.09091667	1.29539679e-07	
1.09250000	5.35346837e-07	
1.09408333	4.56529713e-07	
1.09566667	4.26237702e-07	
1.09725000	3.86569750e-07	
1.09883333	5.28372004e-07	
1.10041667	3.49503338e-07	
1.10200000	2.23828656e-08	
1.10358333	1.64203526e-07	
1.10516667	1.63469011e-07	
1.10675000	1.72888900e-07	
1.10833333	1.14597186e-07	
1.10991667	2.81946387e-07	
1.11150000	5.85687888e-07	
1.11308333	5.25364950e-07	
1.11466667	6.98902512e-07	
1.11625000	6.47956858e-07	
1.11783333	5.27915528e-07	
1.11941667	5.56176580e-07	
1.12100000	2.87477083e-07	
1.12258333	9.52723919e-08	
1.12416667	1.60315075e-07	
1.12575000	5.43531689e-09	
1.12733333	1.73114128e-07	
1.12891667	1.91876538e-07	
1.13050000	5.19314550e-07	
1.13208333	4.41362104e-07	
1.13366667	4.18762402e-07	
1.13525000	4.17725264e-07	
1.13683333	4.21182803e-07	
1.13841667	5.15202398e-07	
1.14000000	3.49148143e-07	
1.14158333	1.52788100e-07	
1.14316667	2.57497762e-07	
1.14475000	1.56468599e-07	
1.14633333	1.60608249e-07	
1.14791667	-4.94349582e-09	
1.14950000	1.79060503e-07	
1.15108333	5.69269408e-07	
1.15266667	4.79776496e-07	
1.15425000	5.02333020e-07	
1.15583333	5.18148858e-07	
1.15741667	5.78559384e-07	
1.15900000	6.37284235e-07	
1.16058333	5.27275139e-07	
1.16216667	1.22304462e-07	
1.16375000	8.76762671e-08	
1.16533333	2.48725192e-07	
1.16691667	2.97891619e-07	
1.16850000	8.29050910e-08	
1.17008333	3.25433738e-07	
1.17166667	4.82327242e-07	
1.17325000	4.23904441e-07	
1.17483333	5.88626508e-07	
1.17641667	4.90968206e-07	
1.17800000	7.02749661e-07	
1.17958333	5.03415829e-07	
1.18116667	1.08079754e-07	
1.18275000	4.90273054e-08	
1.18433333	2.66174466e-08	
1.18591667	2.67781280e-07	
1.18750000	1.63123335e-07	
1.18908333	2.37187975e-07	
1.19066667	3.51508480e-07	
1.19225000	5.97356124e-07	
1.19383333	5.98598596e-07	
1.19541667	4.89975170e-07	
1.19700000	5.68966490e-07	
1.19858333	4.55621968e-07	
1.20016667	3.83805270e-07	
1.20175000	1.60271421e-07	
1.20333333	8.32175115e-09	
1.20491667	2.26860495e-07	
1.20650000	2.45095474e-07	
1.20808333	1.05393201e-07	
1.20966667	1.53270827e-07	
1.21125000	5.07907118e-07	
1.21283333	6.01461220e-07	
1.21441667	5.96404809e-07	
1.21600000	4.86302077e-07	
1.21758333	6.19177839e-07	
1.21916667	5.20215126e-07	
@ 
0.00000000	3.39987868e-07	
0.00158333	1.31760024e-07	
0.00316667	1.83476161e-07	
0.00475000	3.07362736e-07	
0.00633333	2.21571646e-07	
0.00791667	2.80830985e-07	
0.00950000	1.89915008e-07	
0.01108333	3.37741299e-07	
0.01266667	4.34145592e-07	
0.01425000	4.89715374e-07	
0.01583333	6.92075414e-07	
0.01741667	6.86156172e-07	
0.01900000	5.02981865e-07	
0.02058333	3.44681578e-07	
0.02216667	1.51378670e-07	
0.02375000	2.61515858e-07	
0.02533333	3.11882922e-07	
0.02691667	1.75230673e-07	
0.02850000	2.11675638e-07	
0.03008333	7.01925556e-08	
0.03166667	6.51587053e-07	
0.03325000	5.80458990e-07	
0.03483333	4.78481942e-07	
0.03641667	5.49995583e-07	
0.03800000	6.31709577e-07	
0.03958333	6.43075231e-07	
0.04116667	2.29149262e-07	
0.04275000	7.71752359e-08	
0.04433333	2.08564040e-07	
0.04591667	8.53419844e-08	
0.04750000	3.18191886e-07	
0.04908333	1.83821192e-07	
0.05066667	3.72699803e-07	
0.05225000	6.90262277e-07	
0.05383333	5.16939259e-07	
0.05541667	6.90822246e-07	
0.05700000	5.74150643e-07	
0.05858333	6.02713492e-07	
0.06016667	3.05462878e-07	
0.06175000	4.40409256e-08	
0.06333333	1.40048172e-07	
0.06491667	4.41185976e-08	
0.06650000	2.59052560e-07	
0.06808333	1.27975640e-07	
0.06966667	2.41093142e-07	
0.07125000	5.25900614e-07	
0.07283333	5.79940686e-07	
0.07441667	5.76311612e-07	
0.07600000	5.73244802e-07	
0.07758333	6.49726034e-07	
0.07916667	6.71810289e-07	
0.08075000	1.20904889e-07	
0.08233333	1.48146023e-07	
0.08391667	4.98651625e-08	
0.08550000	1.26867869e-07	
0.08708333	3.00060204e-07	
0.08866667	1.66536647e-07	
0.09025000	2.90667154e-07	
0.09183333	4.51342676e-07	
0.09341667	4.57046868e-07	
0.09500000	5.61966568e-07	
0.09658333	5.63303292e-07	
0.09816667	7.70549271e-07	
0.09975000	4.31424178e-07	
0.10133333	2.75455864e-07	
0.10291667	2.10828222e-07	
0.10450000	1.65456246e-07	
0.10608333	2.54385590e-07	
0.10766667	4.29087928e-08	
0.10925000	2.50654428e-09	
0.11083333	4.04200517e-07	
0.11241667	5.29643261e-07	
0.11400000	6.43376133e-07	
0.11558333	5.02765919e-07	
0.11716667	5.16464750e-07	
0.11875000	5.47446012e-07	
0.12033333	2.56055725e-07	
0.12191667	3.78186678e-07	
0.12350000	1.91167532e-07	
0.12508333	2.53910605e-07	
0.12666667	1.63598685e-07	
0.12825000	3.17691930e-08	
0.12983333	2.86701084e-07	
0.13141667	3.49269388e-07	
0.13300000	4.88290334e-07	
0.13458333	4.62319449e-07	
0.13616667	4.19721725e-07	
0.13775000	5.77435302e-07	
0.13933333	5.24500887e-07	
0.14091667	2.33713957e-07	
0.14250000	1.22556907e-07	
0.14408333	2.14112811e-07	
0.14566667	2.30775085e-07	
0.14725000	6.19048907e-08	
0.14883333	1.57582937e-07	
0.15041667	3.86872807e-07	
0.15200000	6.69173298e-07	
0.15358333	6.21433956e-07	
0.15516667	4.71955857e-07	
0.15675000	5.30075545e-07	
0.15833333	6.41863617e-07	
0.15991667	4.70183994e-07	
0.16150000	2.59943364e-07	
0.16308333	7.75210864e-08	
0.16466667	2.11606615e-07	
0.16625000	3.53606335e-07	
0.16783333	1.82179213e-07	
0.16941667	2.70521623e-07	
0.17100000	2.79906440e-07	
0.17258333	4.63268831e-07	
0.17416667	4.47843499e-07	
0.17575000	5.61489818e-07	
0.17733333	5.96751857e-07	
0.17891667	5.91418457e-07	
0.18050000	3.26938806e-07	
0.18208333	2.39995717e-07	
0.18366667	1.11649865e-07	
0.18525000	3.09005513e-07	
0.18683333	2.92040140e-07	
0.18841667	3.43228313e-07	
0.19000000	3.22531632e-07	
0.19158333	5.93942491e-07	
0.19316667	5.17458571e-07	
0.19475000	3.81946266e-07	
0.19633333	4.85481080e-07	
0.19791667	4.77357411e-07	
0.19950000	5.47836462e-07	
0.20108333	3.91279057e-07	
0.20266667	1.50160196e-07	
0.20425000	3.91539077e-07	
0.20583333	4.00570350e-07	
0.20741667	3.24129412e-07	
0.20900000	2.81262932e-07	
0.21058333	3.56494860e-07	
0.21216667	3.72136614e-07	
0.21375000	4.47238840e-07	
0.21533333	4.47584403e-07	
0.21691667	5.95885106e-07	
0.21850000	6.13518169e-07	
0.22008333	4.33421452e-07	
0.22166667	-1.28741464e-09	
0.22325000	5.18023349e-08	
0.22483333	8.45650265e-08	
0.22641667	2.06645870e-07	
0.22800000	3.47376895e-07	
0.22958333	1.69828670e-07	
0.23116667	3.24129328e-07	
0.23275000	5.53106130e-07	
0.23433333	5.47446516e-07	
0.23591667	6.07553621e-07	
0.23750000	6.42814876e-07	
0.23908333	7.82301622e-07	
0.24066667	4.95723267e-07	
0.24225000	2.74955397e-07	
0.24383333	2.04173681e-07	
0.24541667	2.17742586e-07	
0.24700000	8.67513506e-08	
0.24858333	1.09232648e-08	
0.25016667	2.76121874e-07	
0.25175000	4.78480990e-07	
0.25333333	5.32839605e-07	
0.25491667	6.18875761e-07	
0.25650000	5.50081491e-07	
0.25808333	6.03058972e-07	
0.25966667	7.47256874e-07	
0.26125000	3.10960253e-07	
0.26283333	4.87642553e-07	
0.26441667	4.22435243e-07	
0.26600000	3.76890023e-07	
0.26758333	5.38604840e-07	
0.26916667	4.46802328e-08	
0.27075000	2.79967678e-07	
0.27233333	6.03803133e-07	
0.27391667	5.02939471e-07	
0.27550000	5.44378083e-07	
0.27708333	5.19401690e-07	
0.27866667	5.82405021e-07	
0.28025000	5.52804109e-07	
0.28183333	1.00562536e-07	
0.28341667	3.67642692e-07	
0.28500000	2.26428128e-07	
0.28658333	3.61853825e-07	
0.28816667	3.28476383e-07	
0.28975000	3.44705379e-07	
0.29133333	3.04234351e-07	
0.29291667	6.41908027e-07	
0.29450000	6.92420333e-07	
0.29608333	5.06956924e-07	
0.29766667	5.90051604e-07	
0.29925000	6.41776981e-07	
0.30083333	5.57039411e-07	
0.30241667	3.53080695e-07	
0.30400000	1.83994674e-07	
0.30558333	2.71454568e-07	
0.30716667	2.68215159e-07	
0.30875000	2.59744723e-07	
0.31033333	4.08883531e-07	
0.31191667	5.34871320e-07	
0.31350000	6.75481477e-07	
0.31508333	5.75879328e-07	
0.31666667	5.52199730e-07	
0.31825000	6.66217542e-07	
0.31983333	6.45320708e-07	
0.32141667	4.18071527e-07	
0.32300000	3.10215728e-07	
0.32458333	2.50799386e-07	
0.32616667	3.13801625e-07	
0.32775000	7.07802600e-08	
0.32933333	1.70555835e-07	
0.33091667	1.99507622e-07	
0.33250000	6.54783061e-07	
0.33408333	7.70028784e-07	
0.33566667	6.29289989e-07	
0.33725000	7.79706522e-07	
0.33883333	7.77978676e-07	
0.34041667	6.71448456e-07	
0.34200000	1.49728150e-07	
0.34358333	1.81125245e-07	
0.34516667	3.91280513e-07	
0.34675000	3.14794857e-07	
0.34833333	3.02696214e-07	
0.34991667	2.62949159e-07	
0.35150000	2.82542142e-07	
0.35308333	5.78557592e-07	
0.35466667	4.55534968e-07	
0.35625000	4.41837510e-07	
0.35783333	4.57437290e-07	
0.35941667	6.59106175e-07	
0.36100000	6.75569849e-07	
0.36258333	5.17803154e-07	
0.36416667	3.42882497e-07	
0.36575000	2.75904724e-07	
0.36733333	2.32088162e-07	
0.36891667	2.00457943e-07	
0.37050000	2.00510333e-07	
0.37208333	4.48189735e-07	
0.37366667	6.95272317e-07	
0.37525000	6.97304257e-07	
0.37683333	6.49468310e-07	
0.37841667	6.27602857e-07	
0.38000000	6.51848641e-07	
0.38158333	3.14665939e-07	
0.38316667	8.48495543e-08	
0.38475000	1.03516424e-07	
0.38633333	3.07147294e-07	
0.38791667	4.20603121e-07	
0.38950000	2.85454917e-07	
0.39108333	3.49563793e-07	
0.39266667	5.64645336e-07	
0.39425000	6.23843856e-07	
0.39583333	8.15444806e-07	
0.39741667	6.87711138e-07	
0.39900000	5.43210934e-07	
0.40058333	5.68100915e-07	
0.40216667	3.99878887e-07	
0.40375000	3.09394591e-07	
0.40533333	6.14902551e-08	
0.40691667	2.02489224e-07	
0.40850000	3.33894206e-07	
0.41008333	2.62061267e-07	
0.41166667	4.81894735e-07	
0.41325000	5.48075593e-07	
0.41483333	4.77443879e-07	
0.41641667	7.10871929e-07	
0.41800000	6.03404059e-07	
0.41958333	7.67349848e-07	
0.42116667	4.47065624e-07	
0.42275000	4.25876485e-07	
0.42433333	4.24726642e-07	
0.42591667	4.32373813e-07	
0.42750000	5.27915192e-07	
0.42908333	2.67262808e-07	
0.43066667	2.67478082e-07	
0.43225000	3.89162666e-07	
0.43383333	6.24751937e-07	
0.43541667	6.43936886e-07	
0.43700000	5.75575571e-07	
0.43858333	8.16654068e-07	
0.44016667	6.28684042e-07	
0.44175000	4.73639237e-07	
0.44333333	2.12531818e-07	
0.44491667	1.27137129e-07	
0.44650000	3.07924945e-07	
0.44808333	2.27163049e-07	
0.44966667	1.61791386e-07	
0.45125000	3.23048311e-07	
0.45283333	5.24933674e-07	
0.45441667	7.43928309e-07	
0.45600000	6.58803145e-07	
0.45758333	8.04744181e-07	
0.45916667	7.24871270e-07	
0.46075000	7.36253668e-07	
0.46233333	6.64507281e-07	
0.46391667	4.92956911e-07	
0.46550000	5.34396195e-07	
0.46708333	5.99213615e-07	
0.46866667	5.65899400e-07	
0.47025000	6.31751467e-07	
0.47183333	7.91676891e-07	
0.47341667	1.03176028e-06	
0.47500000	1.06568179e-06	
0.47658333	1.22824722e-06	
0.47816667	1.55856909e-06	
0.47975000	1.72504417e-06	
0.48133333	1.86599242e-06	
0.48291667	2.16531991e-06	
0.48450000	2.35831532e-06	
0.48608333	2.92273867e-06	
0.48766667	3.70201789e-06	
0.48925000	4.73192112e-06	
0.49083333	6.25879738e-06	
0.49241667	8.17519934e-06	
0.49400000	1.06687860e-05	
0.49558333	1.32706081e-05	
0.49716667	1.67339039e-05	
0.49875000	2.10201158e-05	
0.50033333	2.84643766e-05	
0.50191667	4.02879533e-05	
0.50350000	5.50070015e-05	
0.50508333	7.59912989e-05	
0.50666667	1.17391969e-04	
0.50825000	1.95030075e-04	
0.50983333	2.95182310e-04	
0.51141667	3.34884576e-04	
0.51300000	3.09703896e-04	
0.51458333	2.91342097e-04	
0.51616667	4.49811295e-04	
0.51775000	8.18962397e-04	
0.51933333	5.42867837e-04	
0.52091667	1.47797006e-03	
0.52250000	2.59702215e-03	
0.52408333	3.91093903e-03	
0.52566667	4.89330097e-03	
0.52725000	5.87244508e-03	
0.52883333	7.36568561e-03	
0.53041667	9.10231235e-03	
0.53200000	1.02861879e-02	
0.53358333	1.02139165e-02	
0.53516667	1.15701694e-02	
0.53675000	1.56465436e-02	
0.53833333	1.78412144e-02	
0.53991667	2.68749366e-02	
0.54150000	4.68306944e-02	
0.54308333	7.66459908e-02	
0.54466667	9.46856702e-02	
0.54625000	1.02867208e-01	
0.54783333	1.12709605e-01	
0.54941667	1.24625375e-01	
0.55100000	1.32270155e-01	
0.55258333	1.16857356e-01	
0.55416667	3.20816806e-01	
0.55575000	5.29439889e-01	
0.55733333	1.09577889e+00	
0.55891667	1.35819305e+00	
0.56050000	1.57897233e+00	
0.56208333	1.61120063e+00	
0.56366667	4.23530348e+00	
0.56525000	6.57323183e+00	
0.56683333	7.04800593e+00	
0.56841667	9.05533380e+00	
0.57000000	1.23295728e+01	
0.57158333	1.52599710e+01	
0.57316667	1.56799909e+01	
0.57475000	1.58126257e+01	
0.57633333	1.70132768e+01	
0.57791667	1.77486057e+01	
0.57950000	1.80544590e+01	
0.58108333	1.84357087e+01	
0.58266667	1.98819473e+01	
0.58425000	2.06549924e+01	
0.58583333	2.23497106e+01	
0.58741667	2.33431027e+01	
0.58900000	2.50745034e+01	
0.59058333	2.58763518e+01	
0.59216667	2.60956635e+01	
0.59375000	2.64870812e+01	
0.59533333	2.74742872e+01	
0.59691667	2.81063315e+01	
0.59850000	2.84322896e+01	
0.60008333	2.94065540e+01	
0.60166667	3.06821900e+01	
0.60325000	3.14894127e+01	
0.60483333	3.17546673e+01	
