start voltage : 0.00 V 
set voltage : 0.10 V 
High G : 30.00 G0 
Intermediate G : 20.00 G0 
Low G : 10.00 G0 
Breaking speed 1 : 300.00 V/s 
Breaking speed 2 : 300.00 V/s 
Making speed : 500.00 V/s 
Post breaking : 230.00 V/s 
@ 
0.00000000	2.88023021e+01	
0.00158333	2.92799832e+01	
0.00316667	2.92126501e+01	
0.00475000	2.94005709e+01	
0.00633333	2.92862877e+01	
0.00791667	2.92347374e+01	
0.00950000	2.94010350e+01	
0.01108333	2.94961642e+01	
0.01266667	2.93911452e+01	
0.01425000	2.93697851e+01	
0.01583333	2.90667167e+01	
0.01741667	2.92111844e+01	
0.01900000	2.90968392e+01	
0.02058333	2.90996879e+01	
0.02216667	2.90814923e+01	
0.02375000	2.90325071e+01	
0.02533333	2.92845063e+01	
0.02691667	2.89189267e+01	
0.02850000	2.89130093e+01	
0.03008333	2.88496675e+01	
0.03166667	2.88429101e+01	
0.03325000	2.88519939e+01	
0.03483333	2.87500979e+01	
0.03641667	2.86756316e+01	
0.03800000	2.87152550e+01	
0.03958333	2.85543994e+01	
0.04116667	2.85722512e+01	
0.04275000	2.85748650e+01	
0.04433333	2.85730554e+01	
0.04591667	2.86578964e+01	
0.04750000	2.85347042e+01	
0.04908333	2.85822970e+01	
0.05066667	2.85229427e+01	
0.05225000	2.84589338e+01	
0.05383333	2.84901331e+01	
0.05541667	2.84546776e+01	
0.05700000	2.85020167e+01	
0.05858333	2.84503631e+01	
0.06016667	2.83768289e+01	
0.06175000	2.84610140e+01	
0.06333333	2.82306343e+01	
0.06491667	2.85945508e+01	
0.06650000	2.87644883e+01	
0.06808333	2.89246054e+01	
0.06966667	2.88851324e+01	
0.07125000	2.87667827e+01	
0.07283333	2.89326688e+01	
0.07441667	2.87434063e+01	
0.07600000	2.88845855e+01	
0.07758333	2.87376035e+01	
0.07916667	2.82100747e+01	
0.08075000	2.85699417e+01	
0.08233333	2.80517033e+01	
0.08391667	2.79444386e+01	
0.08550000	2.79220262e+01	
0.08708333	2.77628374e+01	
0.08866667	2.78540260e+01	
0.09025000	2.74059751e+01	
0.09183333	2.71767942e+01	
0.09341667	2.69009263e+01	
0.09500000	2.67299290e+01	
0.09658333	2.71213203e+01	
0.09816667	2.68262176e+01	
0.09975000	2.70463523e+01	
0.10133333	2.66854631e+01	
0.10291667	2.65266313e+01	
0.10450000	2.66205879e+01	
0.10608333	2.67333358e+01	
0.10766667	2.67519355e+01	
0.10925000	2.68543501e+01	
0.11083333	2.68534707e+01	
0.11241667	2.69419120e+01	
0.11400000	2.67709241e+01	
0.11558333	2.68795681e+01	
0.11716667	2.66435791e+01	
0.11875000	2.66340274e+01	
0.12033333	2.65208511e+01	
0.12191667	2.62658415e+01	
0.12350000	2.58784489e+01	
0.12508333	2.58666687e+01	
0.12666667	2.57194837e+01	
0.12825000	2.57600824e+01	
0.12983333	2.56981856e+01	
0.13141667	2.56205812e+01	
0.13300000	2.56111405e+01	
0.13458333	2.56693879e+01	
0.13616667	2.56527294e+01	
0.13775000	2.53098610e+01	
0.13933333	2.54505141e+01	
0.14091667	2.45740980e+01	
0.14250000	2.33868000e+01	
0.14408333	2.21610400e+01	
0.14566667	2.18071655e+01	
0.14725000	2.17664729e+01	
0.14883333	2.17015301e+01	
0.15041667	2.13353210e+01	
0.15200000	2.13111591e+01	
0.15358333	2.10871684e+01	
0.15516667	2.11387825e+01	
0.15675000	2.08725658e+01	
0.15833333	2.09976240e+01	
0.15991667	2.10902596e+01	
0.16150000	2.07556706e+01	
0.16308333	2.04145517e+01	
0.16466667	1.99457476e+01	
0.16625000	1.99619063e+01	
0.16783333	1.97605760e+01	
0.16941667	1.96622673e+01	
0.17100000	1.97553276e+01	
0.17258333	1.95859069e+01	
0.17416667	1.95231965e+01	
0.17575000	1.95624572e+01	
0.17733333	1.95637031e+01	
0.17891667	1.95669596e+01	
0.18050000	1.95400673e+01	
0.18208333	1.93035165e+01	
0.18366667	1.90858904e+01	
0.18525000	1.90234337e+01	
0.18683333	1.81003004e+01	
0.18841667	1.76011032e+01	
0.19000000	1.72503669e+01	
0.19158333	1.63932157e+01	
0.19316667	1.63230244e+01	
0.19475000	1.61486090e+01	
0.19633333	1.58264204e+01	
0.19791667	1.62784739e+01	
0.19950000	1.60624808e+01	
0.20108333	1.60367931e+01	
0.20266667	1.59727297e+01	
0.20425000	1.60355641e+01	
0.20583333	1.60257720e+01	
0.20741667	1.62211435e+01	
0.20900000	1.59858498e+01	
0.21058333	1.60580292e+01	
0.21216667	1.62672367e+01	
0.21375000	1.61446609e+01	
0.21533333	1.60105228e+01	
0.21691667	1.60025384e+01	
0.21850000	1.59595833e+01	
0.22008333	1.59394296e+01	
0.22166667	1.60167183e+01	
0.22325000	1.59614868e+01	
0.22483333	1.59042936e+01	
0.22641667	1.57812066e+01	
0.22800000	1.56645801e+01	
0.22958333	1.50732904e+01	
0.23116667	1.49589753e+01	
0.23275000	1.50208739e+01	
0.23433333	1.48756085e+01	
0.23591667	1.46415090e+01	
0.23750000	1.32243443e+01	
0.23908333	1.20510760e+01	
0.24066667	1.21912621e+01	
0.24225000	1.19507688e+01	
0.24383333	1.13881612e+01	
0.24541667	1.14011695e+01	
0.24700000	1.12210688e+01	
0.24858333	1.12334015e+01	
0.25016667	1.10401919e+01	
0.25175000	1.09498282e+01	
0.25333333	1.09450552e+01	
0.25491667	1.09339326e+01	
0.25650000	1.11730513e+01	
0.25808333	1.10375762e+01	
0.25966667	1.08692426e+01	
0.26125000	1.07591790e+01	
0.26283333	1.05239012e+01	
0.26441667	1.03476048e+01	
0.26600000	1.01402124e+01	
0.26758333	1.02570137e+01	
0.26916667	1.01285891e+01	
0.27075000	9.11602602e+00	
0.27233333	8.97568865e+00	
0.27391667	8.86863447e+00	
0.27550000	8.65827874e+00	
0.27708333	8.46013737e+00	
0.27866667	8.39236364e+00	
0.28025000	8.58489486e+00	
0.28183333	8.41484934e+00	
0.28341667	8.41298618e+00	
0.28500000	7.47600232e+00	
0.28658333	7.50535813e+00	
0.28816667	7.52041092e+00	
0.28975000	7.42493267e+00	
0.29133333	7.31218237e+00	
0.29291667	7.34481350e+00	
0.29450000	7.16873409e+00	
0.29608333	7.19583447e+00	
0.29766667	6.95492404e+00	
0.29925000	6.87109923e+00	
0.30083333	6.84771249e+00	
0.30241667	6.81780938e+00	
0.30400000	6.65705100e+00	
0.30558333	6.35221531e+00	
0.30716667	6.05202906e+00	
0.30875000	5.94946882e+00	
0.31033333	5.83837639e+00	
0.31191667	5.83992386e+00	
0.31350000	5.73156415e+00	
0.31508333	5.70710630e+00	
0.31666667	5.67465133e+00	
0.31825000	5.61898297e+00	
0.31983333	5.57119240e+00	
0.32141667	5.54548728e+00	
0.32300000	5.53680992e+00	
0.32458333	5.45412856e+00	
0.32616667	5.05043828e+00	
0.32775000	4.42740156e+00	
0.32933333	4.39320604e+00	
0.33091667	4.37551636e+00	
0.33250000	4.36630391e+00	
0.33408333	4.24542777e+00	
0.33566667	4.10023190e+00	
0.33725000	4.00682304e+00	
0.33883333	4.10645841e+00	
0.34041667	4.36938381e+00	
0.34200000	4.34991083e+00	
0.34358333	4.34816700e+00	
0.34516667	4.22250142e+00	
0.34675000	4.17785276e+00	
0.34833333	4.18415772e+00	
0.34991667	4.11263230e+00	
0.35150000	4.12899156e+00	
0.35308333	3.63611084e+00	
0.35466667	3.69787416e+00	
0.35625000	3.66333641e+00	
0.35783333	3.49967337e+00	
0.35941667	3.59966436e+00	
0.36100000	3.55955169e+00	
0.36258333	3.41131115e+00	
0.36416667	3.29984172e+00	
0.36575000	2.99959792e+00	
0.36733333	2.79882717e+00	
0.36891667	2.80113945e+00	
0.37050000	2.26649125e+00	
0.37208333	2.15530791e+00	
0.37366667	2.15785179e+00	
0.37525000	2.20194540e+00	
0.37683333	2.25308199e+00	
0.37841667	2.19993872e+00	
0.38000000	2.35498148e+00	
0.38158333	2.29506064e+00	
0.38316667	2.17758526e+00	
0.38475000	2.24637232e+00	
0.38633333	2.13660373e+00	
0.38791667	2.14514345e+00	
0.38950000	2.11939886e+00	
0.39108333	2.16187712e+00	
0.39266667	2.09363361e+00	
0.39425000	1.81546280e+00	
0.39583333	2.15641566e+00	
0.39741667	2.13618093e+00	
0.39900000	2.21209952e+00	
0.40058333	2.19469547e+00	
0.40216667	2.15647391e+00	
0.40375000	2.08315345e+00	
0.40533333	2.05842242e+00	
0.40691667	1.97445409e+00	
0.40850000	1.61252342e+00	
0.41008333	8.50796916e-01	
0.41166667	8.43373932e-01	
0.41325000	8.28168755e-01	
0.41483333	8.19686585e-01	
0.41641667	9.79606811e-01	
0.41800000	9.79938301e-01	
0.41958333	9.80404972e-01	
0.42116667	5.58018206e-01	
0.42275000	8.59767513e-06	
0.42433333	-1.82906623e-04	
0.42591667	-6.47834488e-05	
0.42750000	4.58357934e-05	
0.42908333	1.55001124e-03	
0.43066667	6.33367324e-04	
0.43225000	6.45549156e-05	
0.43383333	2.71155906e-05	
0.43541667	2.18586858e-05	
0.43700000	2.68960249e-05	
0.43858333	3.83659972e-05	
0.44016667	5.63881614e-05	
0.44175000	7.96734794e-05	
0.44333333	1.08056750e-04	
0.44491667	1.34832474e-04	
0.44650000	1.39304346e-04	
0.44808333	1.09786574e-04	
0.44966667	7.56733695e-05	
0.45125000	5.40953594e-05	
0.45283333	4.10744544e-05	
0.45441667	3.28279849e-05	
0.45600000	2.72432781e-05	
0.45758333	2.40486618e-05	
0.45916667	2.16745710e-05	
0.46075000	2.05409637e-05	
0.46233333	2.02639779e-05	
0.46391667	2.00604083e-05	
0.46550000	1.92728804e-05	
0.46708333	1.85746644e-05	
0.46866667	1.78039909e-05	
0.47025000	1.69885639e-05	
0.47183333	1.58243819e-05	
0.47341667	1.44876682e-05	
0.47500000	1.34542498e-05	
0.47658333	1.23108084e-05	
0.47816667	1.09316860e-05	
0.47975000	1.01954869e-05	
0.48133333	9.92397054e-06	
0.48291667	9.35928780e-06	
0.48450000	8.56850723e-06	
0.48608333	7.52652985e-06	
0.48766667	6.61325565e-06	
0.48925000	5.76912754e-06	
0.49083333	5.13569028e-06	
0.49241667	4.35688887e-06	
0.49400000	3.82660287e-06	
0.49558333	3.38998040e-06	
0.49716667	2.86199901e-06	
0.49875000	2.48882425e-06	
0.50033333	2.18097441e-06	
0.50191667	2.06743021e-06	
0.50350000	1.78863749e-06	
0.50508333	1.08841018e-06	
0.50666667	1.05747327e-06	
0.50825000	8.66693825e-07	
0.50983333	8.49302581e-07	
0.51141667	8.19353501e-07	
0.51300000	6.52969475e-07	
0.51458333	8.53556700e-07	
0.51616667	1.01577302e-06	
0.51775000	9.37820097e-07	
0.51933333	1.00380371e-06	
0.52091667	8.58698906e-07	
0.52250000	9.50177387e-07	
0.52408333	6.60789498e-07	
0.52566667	5.22599041e-07	
0.52725000	2.80571777e-07	
0.52883333	3.10387431e-07	
0.53041667	3.83457690e-07	
0.53200000	3.30308113e-07	
0.53358333	5.07649675e-07	
0.53516667	6.26957708e-07	
0.53675000	7.45439256e-07	
0.53833333	8.11080698e-07	
0.53991667	7.96111842e-07	
0.54150000	8.29186534e-07	
0.54308333	7.89387284e-07	
0.54466667	5.86829107e-07	
0.54625000	4.26056085e-07	
0.54783333	1.20948893e-07	
0.54941667	2.26384698e-07	
0.55100000	3.87934699e-07	
0.55258333	3.64057776e-07	
0.55416667	3.57444663e-07	
0.55575000	4.44430006e-07	
0.55733333	6.91642907e-07	
0.55891667	6.92811455e-07	
0.56050000	5.77429198e-07	
0.56208333	7.49980444e-07	
0.56366667	6.75397306e-07	
0.56525000	4.69578550e-07	
0.56683333	2.91590384e-07	
0.56841667	3.04252020e-07	
0.57000000	3.93372039e-07	
0.57158333	2.31180921e-07	
0.57316667	3.13067740e-07	
0.57475000	3.85256911e-07	
0.57633333	4.62492720e-07	
0.57791667	6.41472271e-07	
0.57950000	5.14388737e-07	
0.58108333	6.38404566e-07	
0.58266667	8.31310654e-07	
0.58425000	6.71936966e-07	
0.58583333	3.56797218e-07	
0.58741667	2.09705428e-07	
0.58900000	2.61472624e-07	
0.59058333	1.85161374e-07	
0.59216667	3.44049674e-07	
0.59375000	4.37162840e-07	
0.59533333	3.76372364e-07	
0.59691667	8.23051011e-07	
0.59850000	5.28130410e-07	
0.60008333	5.38026838e-07	
0.60166667	5.45848989e-07	
0.60325000	6.52190760e-07	
0.60483333	4.85696746e-07	
0.60641667	2.91763320e-07	
0.60800000	2.70158446e-07	
0.60958333	3.06412821e-07	
0.61116667	2.89819164e-07	
0.61275000	2.95955556e-07	
0.61433333	4.02757668e-07	
0.61591667	7.32693869e-07	
0.61750000	6.14812163e-07	
0.61908333	5.29599356e-07	
0.62066667	5.66089529e-07	
0.62225000	5.58119755e-07	
0.62383333	6.01461556e-07	
0.62541667	4.00614144e-07	
0.62700000	2.41223516e-07	
0.62858333	1.56986762e-07	
0.63016667	1.78938879e-07	
0.63175000	2.35977648e-07	
0.63333333	2.95696432e-07	
0.63491667	5.40445642e-07	
0.63650000	8.43659376e-07	
0.63808333	6.26912906e-07	
0.63966667	6.48649273e-07	
0.64125000	5.37247843e-07	
0.64283333	6.15073975e-07	
0.64441667	3.65308340e-07	
0.64600000	4.98661635e-08	
0.64758333	1.37412652e-07	
0.64916667	5.42212689e-08	
0.65075000	1.21813208e-07	
0.65233333	1.49995716e-07	
0.65391667	1.11175433e-07	
0.65550000	2.74549519e-07	
0.65708333	6.64204139e-07	
0.65866667	5.77393300e-07	
0.66025000	6.00294520e-07	
0.66183333	5.46581502e-07	
0.66341667	7.43236510e-07	
0.66500000	5.52371993e-07	
0.66658333	2.66873591e-07	
0.66816667	2.40212026e-07	
0.66975000	2.41335549e-07	
0.67133333	3.17344904e-07	
0.67291667	1.32011111e-07	
0.67450000	2.78194667e-07	
0.67608333	3.67771554e-07	
0.67766667	4.03336902e-07	
0.67925000	6.16108957e-07	
0.68083333	6.65198912e-07	
0.68241667	8.07189587e-07	
0.68400000	5.44231356e-07	
0.68558333	3.87073324e-07	
0.68716667	1.47065637e-07	
0.68875000	1.97346569e-07	
0.69033333	2.85956615e-07	
0.69191667	3.27992773e-07	
0.69350000	2.38871998e-07	
0.69508333	4.66078617e-07	
0.69666667	5.91479220e-07	
0.69825000	5.06222507e-07	
0.69983333	5.88065307e-07	
0.70141667	5.91219032e-07	
0.70300000	6.85344808e-07	
0.70458333	4.37462621e-07	
0.70616667	5.59546251e-07	
0.70775000	2.32348196e-07	
0.70933333	1.78160318e-07	
0.71091667	2.91116323e-07	
0.71250000	1.26306317e-07	
0.71408333	3.18245032e-07	
0.71566667	3.83976889e-07	
0.71725000	4.56614697e-07	
0.71883333	6.05435102e-07	
0.72041667	6.40829531e-07	
0.72200000	6.52711864e-07	
0.72358333	3.98366315e-07	
0.72516667	2.86942231e-07	
0.72675000	-9.11245098e-08	
0.72833333	-6.89658127e-09	
0.72991667	2.15495765e-07	
0.73150000	1.16817847e-07	
0.73308333	2.43072551e-07	
0.73466667	3.75637611e-07	
0.73625000	6.05867106e-07	
0.73783333	5.58075905e-07	
0.73941667	5.04192023e-07	
0.74100000	5.11191666e-07	
0.74258333	6.69216644e-07	
0.74416667	5.55959962e-07	
0.74575000	3.87392903e-07	
0.74733333	1.60270063e-07	
0.74891667	1.84599375e-07	
0.75050000	2.14199041e-07	
0.75208333	1.33273380e-07	
0.75366667	1.45977368e-07	
0.75525000	2.55820711e-07	
0.75683333	4.50219798e-07	
0.75841667	4.61628742e-07	
0.76000000	5.36774397e-07	
0.76158333	5.56694323e-07	
0.76316667	4.82067279e-07	
0.76475000	5.24543729e-07	
0.76633333	1.43203354e-07	
0.76791667	2.30489584e-07	
0.76950000	2.21675013e-07	
0.77108333	3.11380916e-07	
0.77266667	4.47048795e-07	
0.77425000	3.34413181e-07	
0.77583333	4.44428690e-07	
0.77741667	6.26351649e-07	
0.77900000	5.90787141e-07	
0.78058333	6.20991872e-07	
0.78216667	5.36600174e-07	
0.78375000	5.57127223e-07	
0.78533333	3.85749005e-07	
0.78691667	-2.47861732e-08	
0.78850000	2.94788827e-07	
0.79008333	1.96785186e-07	
0.79166667	2.75775610e-07	
0.79325000	2.30912935e-07	
0.79483333	2.14060253e-07	
0.79641667	5.60670782e-07	
0.79800000	3.94347799e-07	
0.79958333	5.58249177e-07	
0.80116667	6.48171572e-07	
0.80275000	7.28483824e-07	
0.80433333	5.79682515e-07	
0.80591667	3.29954037e-07	
0.80750000	-2.13387607e-07	
0.80908333	5.61318857e-08	
0.81066667	2.21286775e-07	
0.81225000	2.66441951e-07	
0.81383333	1.29038204e-07	
0.81541667	5.55570577e-07	
0.81700000	6.31880721e-07	
0.81858333	5.56521220e-07	
0.82016667	4.83622749e-07	
0.82175000	6.91357014e-07	
0.82333333	7.63719093e-07	
0.82491667	6.80020705e-07	
0.82650000	3.94737828e-07	
0.82808333	1.56771082e-07	
0.82966667	2.03897841e-07	
0.83125000	2.94874651e-07	
0.83283333	3.48201749e-08	
0.83441667	4.66247521e-08	
0.83600000	5.08166858e-07	
0.83758333	4.23300678e-07	
0.83916667	6.96397464e-07	
0.84075000	6.63080393e-07	
0.84233333	6.40265977e-07	
0.84391667	6.34646573e-07	
0.84550000	2.09540724e-07	
0.84708333	1.91988431e-07	
0.84866667	1.30714597e-07	
0.85025000	1.16151382e-07	
0.85183333	4.38381314e-07	
0.85341667	2.06507432e-07	
0.85500000	3.52225229e-07	
0.85658333	2.66615111e-07	
0.85816667	5.48093793e-07	
0.85975000	6.15634392e-07	
0.86133333	5.41387436e-07	
0.86291667	6.75048746e-07	
0.86450000	5.62960276e-07	
0.86608333	3.25640752e-07	
0.86766667	2.36962901e-07	
0.86925000	2.10785254e-07	
0.87083333	2.65189119e-07	
0.87241667	1.05358094e-07	
0.87400000	2.34110777e-07	
0.87558333	4.10638482e-07	
0.87716667	4.99265706e-07	
0.87875000	5.18104504e-07	
0.88033333	4.54498278e-07	
0.88191667	5.45024968e-07	
0.88350000	5.54013427e-07	
0.88508333	2.67488246e-07	
0.88666667	2.06766934e-07	
0.88825000	1.62863610e-07	
0.88983333	2.16273472e-07	
0.89141667	2.07337837e-07	
0.89300000	1.87745806e-07	
0.89458333	2.78887586e-07	
0.89616667	3.16290572e-07	
0.89775000	4.00804020e-07	
0.89933333	4.57046952e-07	
0.90091667	4.71047664e-07	
0.90250000	7.33297968e-07	
0.90408333	5.26012563e-07	
0.90566667	3.68117146e-07	
0.90725000	4.55098506e-08	
0.90883333	1.34949073e-07	
0.91041667	2.32045670e-07	
0.91200000	2.75040353e-07	
0.91358333	3.29754948e-07	
0.91516667	3.25857453e-07	
0.91675000	4.91402226e-07	
0.91833333	6.09411953e-07	
0.91991667	5.96967690e-07	
0.92150000	6.27129244e-07	
0.92308333	5.74410214e-07	
0.92466667	3.48465920e-07	
0.92625000	9.27143932e-08	
0.92783333	-1.15037282e-07	
0.92941667	9.60589822e-08	
0.93100000	5.60022049e-08	
0.93258333	8.40283334e-08	
0.93416667	1.25141017e-07	
0.93575000	4.25183202e-07	
0.93733333	6.74615679e-07	
0.93891667	4.53806507e-07	
0.94050000	5.94460122e-07	
0.94208333	5.67609997e-07	
0.94366667	7.33470679e-07	
0.94525000	5.36773893e-07	
0.94683333	1.05177374e-07	
0.94841667	1.74790297e-07	
0.95000000	2.06767270e-07	
0.95158333	2.21458619e-07	
0.95316667	2.83769129e-07	
0.95475000	1.95834991e-07	
0.95633333	4.73105645e-07	
0.95791667	4.46374609e-07	
0.95950000	5.04693582e-07	
0.96108333	6.18140056e-07	
0.96266667	5.64470608e-07	
0.96425000	6.31879937e-07	
0.96583333	3.53124321e-07	
0.96741667	1.77598039e-07	
0.96900000	2.61040789e-07	
0.97058333	2.05479422e-07	
0.97216667	2.15823926e-07	
0.97375000	3.12765522e-07	
0.97533333	3.81211877e-07	
0.97691667	7.51921547e-07	
0.97850000	5.19100508e-07	
0.98008333	5.14346399e-07	
0.98166667	4.42140763e-07	
0.98325000	6.24017968e-07	
0.98483333	5.41483705e-07	
0.98641667	4.89648003e-07	
0.98800000	2.77755523e-07	
0.98958333	1.04883004e-07	
0.99116667	1.77555519e-07	
0.99275000	2.92446746e-07	
0.99433333	1.70788735e-07	
0.99591667	5.65646269e-07	
0.99750000	6.71723429e-07	
0.99908333	5.16247460e-07	
1.00066667	5.41267143e-07	
1.00225000	5.48182837e-07	
1.00383333	4.86821052e-07	
1.00541667	3.01703206e-07	
1.00700000	1.82957339e-07	
1.00858333	8.05117396e-08	
1.01016667	3.65478559e-08	
1.01175000	1.15089938e-07	
1.01333333	1.44109768e-07	
1.01491667	2.96008926e-07	
1.01650000	5.13258158e-07	
1.01808333	6.73709782e-07	
1.01966667	5.99042359e-07	
1.02125000	5.61663818e-07	
1.02283333	6.01115573e-07	
1.02441667	5.61920702e-07	
1.02600000	4.72802055e-07	
1.02758333	3.74756636e-07	
1.02916667	2.70633824e-07	
1.03075000	4.46763099e-07	
1.03233333	2.80909417e-07	
1.03391667	2.56398545e-07	
1.03550000	3.17474745e-07	
1.03708333	5.26919691e-07	
@ 
0.00000000	5.75230483e-07	
0.00158333	3.49252363e-07	
0.00316667	4.34144864e-07	
0.00475000	5.05679058e-07	
0.00633333	3.30800543e-07	
0.00791667	3.24862009e-07	
0.00950000	9.79587695e-08	
0.01108333	1.04217351e-07	
0.01266667	1.74401108e-07	
0.01425000	1.03612846e-07	
0.01583333	2.90181865e-07	
0.01741667	2.65247978e-07	
0.01900000	5.48569703e-07	
0.02058333	5.47748650e-07	
0.02216667	6.27085954e-07	
0.02375000	5.02592144e-07	
0.02533333	5.06784660e-07	
0.02691667	3.87821798e-07	
0.02850000	2.00588933e-07	
0.03008333	-5.83268237e-08	
0.03166667	1.10923778e-07	
0.03325000	1.50141883e-07	
0.03483333	3.78836167e-07	
0.03641667	3.82032426e-07	
0.03800000	4.42484731e-07	
0.03958333	6.48603127e-07	
0.04116667	5.93509423e-07	
0.04275000	6.69303840e-07	
0.04433333	6.28684378e-07	
0.04591667	6.57340135e-07	
0.04750000	3.48940989e-07	
0.04908333	1.53555754e-07	
0.05066667	6.44283849e-08	
0.05225000	1.63425063e-07	
0.05383333	7.13504145e-08	
0.05541667	9.38811985e-08	
0.05700000	7.25083575e-08	
0.05858333	5.49382355e-07	
0.06016667	4.83579459e-07	
0.06175000	4.19323995e-07	
0.06333333	5.62312327e-07	
0.06491667	6.33654713e-07	
0.06650000	5.45882758e-07	
0.06808333	4.59337175e-07	
0.06966667	-6.06681172e-08	
0.07125000	8.75464673e-08	
0.07283333	2.08797487e-07	
0.07441667	2.45458202e-07	
0.07600000	2.95573283e-07	
0.07758333	2.87789017e-07	
0.07916667	6.25442168e-07	
0.08075000	3.98193715e-07	
0.08233333	4.91270956e-07	
0.08391667	5.54013427e-07	
0.08550000	5.96319685e-07	
0.08708333	5.07819474e-07	
0.08866667	3.46883233e-07	
0.09025000	8.97417028e-08	
0.09183333	1.46166671e-07	
0.09341667	2.76770383e-07	
0.09500000	1.21467308e-07	
0.09658333	1.34646114e-07	
0.09816667	6.34173688e-07	
0.09975000	5.53450714e-07	
0.10133333	6.55172782e-07	
0.10291667	5.34387570e-07	
0.10450000	6.45362822e-07	
0.10608333	6.69522138e-07	
0.10766667	3.86846290e-07	
0.10925000	2.13551498e-07	
0.11083333	1.40221332e-07	
0.11241667	1.88712970e-07	
0.11400000	3.23351285e-07	
0.11558333	7.49288491e-08	
0.11716667	3.34657072e-07	
0.11875000	4.12540495e-07	
0.12033333	4.18720288e-07	
0.12191667	4.21830304e-07	
0.12350000	5.72727227e-07	
0.12508333	6.04269130e-07	
0.12666667	6.06560977e-07	
0.12825000	2.20984096e-07	
0.12983333	1.16412080e-07	
0.13141667	3.17599421e-08	
0.13300000	3.02091219e-07	
0.13458333	1.92895797e-07	
0.13616667	4.10429116e-08	
0.13775000	1.73044251e-07	
0.13933333	3.82336100e-07	
0.14091667	5.05704035e-07	
0.14250000	4.47108970e-07	
0.14408333	5.44853600e-07	
0.14566667	5.83052746e-07	
0.14725000	4.88679943e-07	
0.14883333	6.95620373e-07	
0.15041667	1.65810854e-07	
0.15200000	1.81038147e-07	
0.15358333	2.51446495e-07	
0.15516667	1.40764556e-07	
0.15675000	3.34284180e-07	
0.15833333	1.83804629e-07	
0.15991667	5.42735529e-07	
0.16150000	6.30110090e-07	
0.16308333	4.51689612e-07	
0.16466667	6.35295642e-07	
0.16625000	5.43901613e-07	
0.16783333	2.41767832e-07	
0.16941667	-2.25590484e-07	
0.17100000	1.02851842e-07	
0.17258333	1.80407657e-07	
0.17416667	4.54580447e-08	
0.17575000	1.48846125e-07	
0.17733333	2.76423755e-07	
0.17891667	2.90726853e-07	
0.18050000	4.30947317e-07	
0.18208333	5.22382928e-07	
0.18366667	6.68698341e-07	
0.18525000	4.98530281e-07	
0.18683333	4.25934868e-07	
0.18841667	1.32832654e-07	
0.19000000	-6.38233548e-08	
0.19158333	7.66568977e-08	
0.19316667	-5.72556076e-08	
0.19475000	6.07805423e-08	
0.19633333	2.17483323e-07	
0.19791667	2.60824731e-07	
0.19950000	3.77754758e-07	
0.20108333	5.55612243e-07	
0.20266667	5.75619756e-07	
0.20425000	6.33611143e-07	
0.20583333	4.96196265e-07	
0.20741667	3.69846783e-07	
0.20900000	2.45958780e-07	
0.21058333	1.91815887e-07	
0.21216667	1.82438602e-07	
0.21375000	2.36487327e-07	
0.21533333	3.00414896e-07	
0.21691667	2.45052660e-07	
0.21850000	2.83571272e-07	
0.22008333	5.60280780e-07	
0.22166667	5.53150428e-07	
0.22325000	4.99869694e-07	
0.22483333	3.85575985e-07	
0.22641667	4.86389385e-07	
0.22800000	4.49268959e-07	
0.22958333	3.00743120e-08	
0.23116667	4.41185031e-08	
0.23275000	1.54659602e-09	
0.23433333	2.66916013e-07	
0.23591667	1.03706741e-07	
0.23750000	4.00830510e-07	
0.23908333	6.77183730e-07	
0.24066667	6.74834648e-07	
0.24225000	7.95998269e-07	
0.24383333	7.71196660e-07	
0.24541667	5.31691497e-07	
0.24700000	4.98676672e-07	
0.24858333	1.43411963e-07	
0.25016667	3.80391328e-07	
0.25175000	8.00446717e-08	
0.25333333	-1.01374335e-07	
0.25491667	6.04863401e-08	
0.25650000	2.28994443e-07	
0.25808333	5.57343224e-07	
0.25966667	4.71526206e-07	
0.26125000	3.53133253e-07	
0.26283333	4.63097548e-07	
0.26441667	3.80743696e-07	
0.26600000	4.42485683e-07	
0.26758333	2.14095367e-07	
0.26916667	-5.60122643e-08	
0.27075000	9.39417512e-08	
0.27233333	1.06084202e-07	
0.27391667	2.57644321e-07	
0.27550000	7.60091306e-08	
0.27708333	1.67220311e-07	
0.27866667	5.36341274e-07	
0.28025000	4.52424225e-07	
0.28183333	5.37292757e-07	
0.28341667	5.07950240e-07	
0.28500000	6.54783845e-07	
0.28658333	6.49685656e-07	
0.28816667	2.93882343e-07	
0.28975000	2.02532374e-07	
0.29133333	9.51493982e-09	
0.29291667	2.03915104e-07	
0.29450000	2.06248631e-07	
0.29608333	1.13714775e-07	
0.29766667	4.16039588e-07	
0.29925000	5.86856101e-07	
0.30083333	5.58769048e-07	
0.30241667	5.75361081e-07	
0.30400000	5.46149498e-07	
0.30558333	5.99645563e-07	
0.30716667	5.96768377e-07	
0.30875000	4.32278525e-07	
0.31033333	1.84814747e-07	
0.31191667	1.90129214e-08	
0.31350000	1.61351066e-07	
0.31508333	6.67278201e-08	
0.31666667	1.48232505e-07	
0.31825000	2.29626250e-07	
0.31983333	4.95163298e-07	
0.32141667	4.66943912e-07	
0.32300000	3.39901540e-07	
0.32458333	3.95980076e-07	
0.32616667	3.92619253e-07	
0.32775000	2.45527225e-07	
0.32933333	-5.58640992e-08	
0.33091667	4.22094265e-08	
0.33250000	1.92247386e-07	
0.33408333	2.48682015e-07	
0.33566667	2.67350172e-07	
0.33725000	3.05047704e-07	
0.33883333	5.30421640e-07	
0.34041667	5.78948378e-07	
0.34200000	4.27578038e-07	
0.34358333	3.23912962e-07	
0.34516667	3.56821383e-07	
0.34675000	3.07633088e-07	
0.34833333	2.53089496e-07	
0.34991667	3.31599174e-08	
0.35150000	8.63189132e-08	
0.35308333	1.07993902e-07	
0.35466667	8.54805206e-08	
0.35625000	3.72958479e-07	
0.35783333	4.60202330e-07	
0.35941667	6.72757627e-07	
0.36100000	5.22167374e-07	
0.36258333	5.68533479e-07	
0.36416667	6.77730930e-07	
0.36575000	6.06239074e-07	
0.36733333	6.50937032e-07	
0.36891667	2.72578763e-07	
0.37050000	1.44843443e-07	
0.37208333	2.32563833e-07	
0.37366667	2.19038820e-07	
0.37525000	2.61213921e-07	
0.37683333	3.43359359e-07	
0.37841667	5.83226130e-07	
0.38000000	9.27968303e-07	
0.38158333	7.78065928e-07	
0.38316667	7.87157152e-07	
0.38475000	8.16612290e-07	
0.38633333	8.72310541e-07	
0.38791667	1.02800442e-06	
0.38950000	9.82632187e-07	
0.39108333	1.08987969e-06	
0.39266667	1.40368473e-06	
0.39425000	1.85052732e-06	
0.39583333	2.22689579e-06	
0.39741667	2.70948065e-06	
0.39900000	3.55415311e-06	
0.40058333	4.60237342e-06	
0.40216667	5.90822165e-06	
0.40375000	7.66065721e-06	
0.40533333	1.00793824e-05	
0.40691667	1.27890976e-05	
0.40850000	1.53753385e-05	
0.41008333	1.81636149e-05	
0.41166667	2.18469925e-05	
0.41325000	2.59310272e-05	
0.41483333	3.18240579e-05	
0.41641667	3.83145932e-05	
0.41800000	4.68547954e-05	
0.41958333	6.16840171e-05	
0.42116667	8.95052053e-05	
0.42275000	1.51686776e-04	
0.42433333	2.77220847e-04	
0.42591667	3.99196292e-04	
0.42750000	4.14778760e-04	
0.42908333	4.23630663e-04	
0.43066667	5.31516943e-04	
0.43225000	6.24053209e-04	
0.43383333	6.71947231e-04	
0.43541667	9.66928599e-04	
0.43700000	1.05067100e-03	
0.43858333	1.24184165e-03	
0.44016667	1.40008608e-03	
0.44175000	1.50008210e-03	
0.44333333	1.79625559e-03	
0.44491667	3.85722961e-03	
0.44650000	2.95408623e-03	
0.44808333	4.81894081e-03	
0.44966667	7.12160713e-03	
0.45125000	1.22132942e-02	
0.45283333	1.98572061e-02	
0.45441667	2.50086167e-02	
0.45600000	3.89541747e-02	
0.45758333	5.36824960e-02	
0.45916667	7.81134758e-02	
0.46075000	8.26910059e-02	
0.46233333	9.40012916e-02	
0.46391667	1.23842099e-01	
0.46550000	9.77285583e-02	
0.46708333	8.72709216e-02	
0.46866667	1.15236678e-01	
0.47025000	1.67891226e-01	
0.47183333	5.35640791e-01	
0.47341667	7.75621574e-01	
0.47500000	1.02719009e+00	
0.47658333	1.14554502e+00	
0.47816667	1.35192180e+00	
0.47975000	1.46855087e+00	
0.48133333	1.78402468e+00	
0.48291667	2.13451249e+00	
0.48450000	2.55234324e+00	
0.48608333	3.20181160e+00	
0.48766667	5.63457319e+00	
0.48925000	8.86121565e+00	
0.49083333	1.15420086e+01	
0.49241667	1.16868541e+01	
0.49400000	1.18369714e+01	
0.49558333	1.25711137e+01	
0.49716667	1.39566789e+01	
0.49875000	1.43123028e+01	
0.50033333	1.48564611e+01	
0.50191667	1.52010442e+01	
0.50350000	1.54224558e+01	
0.50508333	1.73907156e+01	
0.50666667	1.93006095e+01	
0.50825000	1.95814571e+01	
0.50983333	2.00588075e+01	
0.51141667	2.02090084e+01	
0.51300000	2.04942044e+01	
0.51458333	2.14559575e+01	
0.51616667	2.21614008e+01	
0.51775000	2.23991731e+01	
