start voltage : 0.00 V 
set voltage : 0.10 V 
High G : 30.00 G0 
Intermediate G : 20.00 G0 
Low G : 10.00 G0 
Breaking speed 1 : 300.00 V/s 
Breaking speed 2 : 300.00 V/s 
Making speed : 500.00 V/s 
Post breaking : 230.00 V/s 
@ 
0.00000000	3.90063411e+01	
0.00158333	3.97261316e+01	
0.00316667	3.97345501e+01	
0.00475000	3.99851361e+01	
0.00633333	3.96918787e+01	
0.00791667	3.94379102e+01	
0.00950000	3.95535257e+01	
0.01108333	3.94400712e+01	
0.01266667	3.94374404e+01	
0.01425000	3.97524695e+01	
0.01583333	3.91971219e+01	
0.01741667	3.95054425e+01	
0.01900000	3.93432921e+01	
0.02058333	3.94013310e+01	
0.02216667	3.93402104e+01	
0.02375000	3.94411686e+01	
0.02533333	3.97279318e+01	
0.02691667	3.92254668e+01	
0.02850000	3.92912514e+01	
0.03008333	3.93608846e+01	
0.03166667	3.92333291e+01	
0.03325000	3.93418114e+01	
0.03483333	3.90855879e+01	
0.03641667	3.93330246e+01	
0.03800000	3.93541986e+01	
0.03958333	3.93008801e+01	
0.04116667	3.93044166e+01	
0.04275000	3.89564238e+01	
0.04433333	3.92093250e+01	
0.04591667	3.89951528e+01	
0.04750000	3.88933226e+01	
0.04908333	3.89439126e+01	
0.05066667	3.87043833e+01	
0.05225000	3.87950289e+01	
0.05383333	3.88817208e+01	
0.05541667	3.87380423e+01	
0.05700000	3.88301461e+01	
0.05858333	3.87708031e+01	
0.06016667	3.88454160e+01	
0.06175000	3.85987535e+01	
0.06333333	3.84430749e+01	
0.06491667	3.84613664e+01	
0.06650000	3.79862841e+01	
0.06808333	3.81964538e+01	
0.06966667	3.81512306e+01	
0.07125000	3.81746859e+01	
0.07283333	3.82030458e+01	
0.07441667	3.81425941e+01	
0.07600000	3.81191012e+01	
0.07758333	3.79673800e+01	
0.07916667	3.79444283e+01	
0.08075000	3.79360361e+01	
0.08233333	3.76675457e+01	
0.08391667	3.78557107e+01	
0.08550000	3.77172976e+01	
0.08708333	3.77118819e+01	
0.08866667	3.77492578e+01	
0.09025000	3.75911514e+01	
0.09183333	3.77128064e+01	
0.09341667	3.75484801e+01	
0.09500000	3.75916738e+01	
0.09658333	3.75534447e+01	
0.09816667	3.74499609e+01	
0.09975000	3.76612543e+01	
0.10133333	3.75111943e+01	
0.10291667	3.75743332e+01	
0.10450000	3.75253104e+01	
0.10608333	3.75225368e+01	
0.10766667	3.75168768e+01	
0.10925000	3.73741003e+01	
0.11083333	3.73369424e+01	
0.11241667	3.71467027e+01	
0.11400000	3.73780089e+01	
0.11558333	3.72727174e+01	
0.11716667	3.73555833e+01	
0.11875000	3.74853262e+01	
0.12033333	3.75676284e+01	
0.12191667	3.73828157e+01	
0.12350000	3.74601721e+01	
0.12508333	3.71089284e+01	
0.12666667	3.68289903e+01	
0.12825000	3.68746983e+01	
0.12983333	3.67783514e+01	
0.13141667	3.67616647e+01	
0.13300000	3.66910582e+01	
0.13458333	3.59296675e+01	
0.13616667	3.54787283e+01	
0.13775000	3.46257074e+01	
0.13933333	3.37494416e+01	
0.14091667	3.32126035e+01	
0.14250000	3.32027043e+01	
0.14408333	3.30021895e+01	
0.14566667	3.30501676e+01	
0.14725000	3.31220895e+01	
0.14883333	3.29596723e+01	
0.15041667	3.29749985e+01	
0.15200000	3.29048279e+01	
0.15358333	3.29247956e+01	
0.15516667	3.29797038e+01	
0.15675000	3.27217478e+01	
0.15833333	3.28478038e+01	
0.15991667	3.26784338e+01	
0.16150000	3.26965298e+01	
0.16308333	3.27577971e+01	
0.16466667	3.25609166e+01	
0.16625000	3.28245627e+01	
0.16783333	3.27123860e+01	
0.16941667	3.26390810e+01	
0.17100000	3.26156670e+01	
0.17258333	3.24213347e+01	
0.17416667	3.23420428e+01	
0.17575000	3.25839473e+01	
0.17733333	3.25371606e+01	
0.17891667	3.24854807e+01	
0.18050000	3.23042910e+01	
0.18208333	3.23751343e+01	
0.18366667	3.22959364e+01	
0.18525000	3.26283474e+01	
0.18683333	3.23665617e+01	
0.18841667	3.22696210e+01	
0.19000000	3.24404529e+01	
0.19158333	3.22401976e+01	
0.19316667	3.22218760e+01	
0.19475000	3.22652689e+01	
0.19633333	3.15770028e+01	
0.19791667	3.16446403e+01	
0.19950000	3.15132270e+01	
0.20108333	3.17245410e+01	
0.20266667	3.17053852e+01	
0.20425000	3.16957264e+01	
0.20583333	3.17587713e+01	
0.20741667	3.03903438e+01	
0.20900000	2.91565824e+01	
0.21058333	2.92342601e+01	
0.21216667	2.91536829e+01	
0.21375000	2.93495017e+01	
0.21533333	2.90092810e+01	
0.21691667	2.89871072e+01	
0.21850000	2.89711309e+01	
0.22008333	2.88637910e+01	
0.22166667	2.88889752e+01	
0.22325000	2.89177710e+01	
0.22483333	2.89406025e+01	
0.22641667	2.87429328e+01	
0.22800000	2.88182785e+01	
0.22958333	2.88815056e+01	
0.23116667	2.88716345e+01	
0.23275000	2.89315601e+01	
0.23433333	2.89373628e+01	
0.23591667	2.88732299e+01	
0.23750000	2.87789351e+01	
0.23908333	2.83992037e+01	
0.24066667	2.84593360e+01	
0.24225000	2.82854241e+01	
0.24383333	2.82063878e+01	
0.24541667	2.83092008e+01	
0.24700000	2.81488131e+01	
0.24858333	2.80054014e+01	
0.25016667	2.78662141e+01	
0.25175000	2.78378956e+01	
0.25333333	2.78678602e+01	
0.25491667	2.77825664e+01	
0.25650000	2.78342651e+01	
0.25808333	2.75691571e+01	
0.25966667	2.74749073e+01	
0.26125000	2.73621218e+01	
0.26283333	2.67187256e+01	
0.26441667	2.48835948e+01	
0.26600000	2.45139263e+01	
0.26758333	2.45439210e+01	
0.26916667	2.44961553e+01	
0.27075000	2.43166812e+01	
0.27233333	2.42791437e+01	
0.27391667	2.39264737e+01	
0.27550000	2.39243691e+01	
0.27708333	2.38007560e+01	
0.27866667	2.35919694e+01	
0.28025000	2.37954756e+01	
0.28183333	2.36334775e+01	
0.28341667	2.37233113e+01	
0.28500000	2.38125137e+01	
0.28658333	2.35091579e+01	
0.28816667	2.33947488e+01	
0.28975000	2.32878975e+01	
0.29133333	2.33848157e+01	
0.29291667	2.34144176e+01	
0.29450000	2.32461864e+01	
0.29608333	2.32618997e+01	
0.29766667	2.28058286e+01	
0.29925000	2.29115580e+01	
0.30083333	2.28810766e+01	
0.30241667	2.28695049e+01	
0.30400000	2.30017000e+01	
0.30558333	2.31067999e+01	
0.30716667	2.30369826e+01	
0.30875000	2.30662971e+01	
0.31033333	2.29566572e+01	
0.31191667	2.30238569e+01	
0.31350000	2.06018956e+01	
0.31508333	2.00352263e+01	
0.31666667	1.99419612e+01	
0.31825000	1.97037755e+01	
0.31983333	1.97315923e+01	
0.32141667	1.97641614e+01	
0.32300000	1.97108429e+01	
0.32458333	1.95927563e+01	
0.32616667	1.95627654e+01	
0.32775000	1.99668202e+01	
0.32933333	1.98754737e+01	
0.33091667	1.98939080e+01	
0.33250000	1.95233656e+01	
0.33408333	1.93637803e+01	
0.33566667	1.92891618e+01	
0.33725000	1.93117715e+01	
0.33883333	1.90719435e+01	
0.34041667	1.90727590e+01	
0.34200000	1.90172851e+01	
0.34358333	1.89970957e+01	
0.34516667	1.89348382e+01	
0.34675000	1.88272898e+01	
0.34833333	1.88411841e+01	
0.34991667	1.75973450e+01	
0.35150000	1.72861869e+01	
0.35308333	1.70469151e+01	
0.35466667	1.70795049e+01	
0.35625000	1.69421685e+01	
0.35783333	1.68479657e+01	
0.35941667	1.68452278e+01	
0.36100000	1.66927719e+01	
0.36258333	1.66680125e+01	
0.36416667	1.66107196e+01	
0.36575000	1.64579161e+01	
0.36733333	1.63535584e+01	
0.36891667	1.62712637e+01	
0.37050000	1.63441722e+01	
0.37208333	1.60849083e+01	
0.37366667	1.58247367e+01	
0.37525000	1.56847968e+01	
0.37683333	1.56235145e+01	
0.37841667	1.55881182e+01	
0.38000000	1.54651403e+01	
0.38158333	1.53271368e+01	
0.38316667	1.52067539e+01	
0.38475000	1.52386635e+01	
0.38633333	1.52488935e+01	
0.38791667	1.52379184e+01	
0.38950000	1.54097632e+01	
0.39108333	1.49219987e+01	
0.39266667	1.30199717e+01	
0.39425000	1.26752449e+01	
0.39583333	1.25770903e+01	
0.39741667	1.26992245e+01	
0.39900000	1.24817271e+01	
0.40058333	1.24776297e+01	
0.40216667	1.23124013e+01	
0.40375000	1.20442745e+01	
0.40533333	1.19795224e+01	
0.40691667	1.17956643e+01	
0.40850000	1.17316826e+01	
0.41008333	1.16535605e+01	
0.41166667	1.15669748e+01	
0.41325000	1.15243476e+01	
0.41483333	1.14556146e+01	
0.41641667	1.15086869e+01	
0.41800000	1.13753606e+01	
0.41958333	1.13143705e+01	
0.42116667	1.13182838e+01	
0.42275000	1.12363085e+01	
0.42433333	1.11959636e+01	
0.42591667	1.11877950e+01	
0.42750000	1.10634866e+01	
0.42908333	1.10402981e+01	
0.43066667	1.09438244e+01	
0.43225000	1.09986349e+01	
0.43383333	1.10038223e+01	
0.43541667	1.02787374e+01	
0.43700000	9.66465285e+00	
0.43858333	9.87947622e+00	
0.44016667	9.46048792e+00	
0.44175000	9.40828938e+00	
0.44333333	9.35527999e+00	
0.44491667	9.35714033e+00	
0.44650000	8.74356787e+00	
0.44808333	8.22938647e+00	
0.44966667	8.03471680e+00	
0.45125000	7.98639679e+00	
0.45283333	8.04310431e+00	
0.45441667	7.80789987e+00	
0.45600000	7.82113084e+00	
0.45758333	8.22361002e+00	
0.45916667	8.16649285e+00	
0.46075000	8.24946407e+00	
0.46233333	8.03811709e+00	
0.46391667	8.11072020e+00	
0.46550000	7.78326538e+00	
0.46708333	7.69527641e+00	
0.46866667	7.40773484e+00	
0.47025000	7.03642249e+00	
0.47183333	7.38025394e+00	
0.47341667	7.49029876e+00	
0.47500000	7.39390302e+00	
0.47658333	6.95262492e+00	
0.47816667	6.94161931e+00	
0.47975000	6.88492777e+00	
0.48133333	6.89095461e+00	
0.48291667	6.79397869e+00	
0.48450000	6.52386232e+00	
0.48608333	6.57346484e+00	
0.48766667	6.44270494e+00	
0.48925000	6.20999035e+00	
0.49083333	6.08642141e+00	
0.49241667	6.15517088e+00	
0.49400000	6.17692607e+00	
0.49558333	5.97883826e+00	
0.49716667	5.89629548e+00	
0.49875000	5.96209566e+00	
0.50033333	5.89896620e+00	
0.50191667	5.64004147e+00	
0.50350000	4.98601926e+00	
0.50508333	4.89840659e+00	
0.50666667	4.82401737e+00	
0.50825000	4.67799374e+00	
0.50983333	4.63447209e+00	
0.51141667	4.71934499e+00	
0.51300000	4.63764783e+00	
0.51458333	4.70160786e+00	
0.51616667	4.59458046e+00	
0.51775000	4.58962049e+00	
0.51933333	4.68327598e+00	
0.52091667	4.47114166e+00	
0.52250000	4.28832085e+00	
0.52408333	4.25029050e+00	
0.52566667	4.24344670e+00	
0.52725000	4.20334460e+00	
0.52883333	4.16896399e+00	
0.53041667	4.14890284e+00	
0.53200000	3.96321496e+00	
0.53358333	3.80418350e+00	
0.53516667	3.76191453e+00	
0.53675000	3.69689373e+00	
0.53833333	3.46846567e+00	
0.53991667	3.55817734e+00	
0.54150000	3.59717709e+00	
0.54308333	3.47690180e+00	
0.54466667	3.43523932e+00	
0.54625000	3.38202675e+00	
0.54783333	3.35325536e+00	
0.54941667	3.35133747e+00	
0.55100000	3.37505541e+00	
0.55258333	2.85282076e+00	
0.55416667	2.40930414e+00	
0.55575000	2.38659882e+00	
0.55733333	2.39076862e+00	
0.55891667	2.36818356e+00	
0.56050000	2.27168893e+00	
0.56208333	2.25152043e+00	
0.56366667	2.15685091e+00	
0.56525000	2.14831143e+00	
0.56683333	2.11987828e+00	
0.56841667	2.13105958e+00	
0.57000000	2.11725313e+00	
0.57158333	2.06864208e+00	
0.57316667	2.08226321e+00	
0.57475000	2.07618680e+00	
0.57633333	2.05717750e+00	
0.57791667	2.03123349e+00	
0.57950000	1.89343705e+00	
0.58108333	6.15924496e-01	
0.58266667	5.69123350e-01	
0.58425000	5.29448991e-01	
0.58583333	4.42970432e-01	
0.58741667	2.68502755e-01	
0.58900000	3.41898911e-01	
0.59058333	3.29269702e-01	
0.59216667	3.66964865e-01	
0.59375000	3.68114689e-01	
0.59533333	3.68098922e-01	
0.59691667	3.62532520e-01	
0.59850000	3.68317870e-01	
0.60008333	4.75711203e-01	
0.60166667	5.34670513e-01	
0.60325000	5.34884323e-01	
0.60483333	5.56977812e-01	
0.60641667	5.94908337e-01	
0.60800000	5.84966786e-01	
0.60958333	5.82480811e-01	
0.61116667	5.57464096e-01	
0.61275000	5.54089233e-01	
0.61433333	5.49107242e-01	
0.61591667	5.40245370e-01	
0.61750000	5.10405568e-01	
0.61908333	6.01445097e-02	
0.62066667	6.04891470e-02	
0.62225000	6.03759293e-02	
0.62383333	5.51619422e-02	
0.62541667	5.44041269e-02	
0.62700000	5.45265238e-02	
0.62858333	6.73709891e-02	
0.63016667	7.28673856e-02	
0.63175000	6.62076813e-02	
0.63333333	6.18859481e-02	
0.63491667	5.13395334e-02	
0.63650000	5.57968761e-02	
0.63808333	7.68900871e-02	
0.63966667	4.56919291e-02	
0.64125000	3.36935506e-02	
0.64283333	2.48439669e-02	
0.64441667	1.21402760e-02	
0.64600000	5.89248885e-03	
0.64758333	9.66482167e-03	
0.64916667	9.15658790e-03	
0.65075000	1.25906411e-02	
0.65233333	1.09047968e-02	
0.65391667	1.14709323e-02	
0.65550000	2.60021130e-03	
0.65708333	-2.95432789e-05	
0.65866667	-2.81957244e-04	
0.66025000	-3.67945477e-04	
0.66183333	-1.20313799e-04	
0.66341667	-3.75416402e-05	
0.66500000	-1.05403799e-05	
0.66658333	4.91425679e-06	
0.66816667	1.62998799e-05	
0.66975000	2.41933078e-05	
0.67133333	2.88319520e-05	
0.67291667	3.11731205e-05	
0.67450000	3.19581807e-05	
0.67608333	3.12745164e-05	
0.67766667	2.94408490e-05	
0.67925000	2.70695556e-05	
0.68083333	2.43476919e-05	
0.68241667	2.16057695e-05	
0.68400000	1.92287594e-05	
0.68558333	1.62434867e-05	
0.68716667	1.35038743e-05	
0.68875000	1.12415323e-05	
0.69033333	9.45849110e-06	
0.69191667	8.10290950e-06	
0.69350000	6.92731954e-06	
0.69508333	6.20080745e-06	
0.69666667	5.43535973e-06	
0.69825000	5.18106173e-06	
0.69983333	4.91449111e-06	
0.70141667	4.64514949e-06	
0.70300000	4.44485717e-06	
0.70458333	4.21278321e-06	
0.70616667	3.69371720e-06	
0.70775000	3.25741775e-06	
0.70933333	2.84837562e-06	
0.71091667	2.61974625e-06	
0.71250000	2.28504746e-06	
0.71408333	1.99051479e-06	
0.71566667	1.83599523e-06	
0.71725000	1.73172639e-06	
0.71883333	1.81165934e-06	
0.72041667	1.54114189e-06	
0.72200000	1.50288668e-06	
0.72358333	1.37957945e-06	
0.72516667	1.23195952e-06	
0.72675000	1.11848555e-06	
0.72833333	6.13257309e-07	
0.72991667	6.21511856e-07	
0.73150000	6.09108195e-07	
0.73308333	5.94805377e-07	
0.73466667	6.84562677e-07	
0.73625000	7.53953934e-07	
0.73783333	5.78213065e-07	
0.73941667	7.15452263e-07	
0.74100000	6.12004813e-07	
0.74258333	6.83302564e-07	
0.74416667	4.75412612e-07	
0.74575000	5.14070139e-07	
0.74733333	2.70849685e-07	
0.74891667	2.64593168e-07	
0.75050000	4.14138331e-07	
0.75208333	2.58015589e-07	
0.75366667	3.20415269e-07	
0.75525000	4.07198667e-07	
0.75683333	4.13828161e-07	
0.75841667	5.55267211e-07	
0.76000000	5.27007055e-07	
0.76158333	6.11771283e-07	
0.76316667	5.68445611e-07	
0.76475000	4.69837842e-07	
0.76633333	5.79465561e-07	
0.76791667	1.59623472e-07	
0.76950000	1.88532334e-07	
0.77108333	2.76665182e-07	
0.77266667	2.75611103e-07	
0.77425000	3.13854155e-07	
0.77583333	2.23454675e-07	
0.77741667	7.16065098e-07	
0.77900000	5.49046060e-07	
0.78058333	4.92958143e-07	
0.78216667	5.33230390e-07	
0.78375000	5.07777696e-07	
0.78533333	5.66460714e-07	
0.78691667	3.36401271e-07	
0.78850000	1.59268318e-07	
0.79008333	2.05989437e-07	
0.79166667	3.23956476e-07	
0.79325000	3.07035205e-07	
0.79483333	1.64688494e-07	
0.79641667	2.41897338e-07	
0.79800000	4.22270876e-07	
0.79958333	3.53686026e-07	
0.80116667	4.58388128e-07	
0.80275000	4.11588620e-07	
0.80433333	4.99092491e-07	
0.80591667	4.25719314e-07	
0.80750000	1.09644842e-07	
0.80908333	7.49116563e-08	
0.81066667	1.30066102e-07	
0.81225000	1.60747037e-07	
0.81383333	2.83293500e-07	
0.81541667	2.58489931e-07	
0.81700000	3.68593391e-07	
0.81858333	6.09323581e-07	
0.82016667	6.88878398e-07	
0.82175000	6.08847951e-07	
0.82333333	6.71850610e-07	
0.82491667	7.75439019e-07	
0.82650000	4.39419069e-07	
0.82808333	1.82870886e-07	
0.82966667	1.62043299e-07	
0.83125000	7.30269548e-08	
0.83283333	6.44198936e-08	
0.83441667	1.03272904e-08	
0.83600000	2.50797509e-07	
0.83758333	3.32980189e-07	
0.83916667	4.07010331e-07	
0.84075000	4.64739513e-07	
0.84233333	2.70123585e-07	
0.84391667	5.64601038e-07	
0.84550000	4.76848013e-07	
0.84708333	1.22953783e-07	
0.84866667	1.53271177e-07	
0.85025000	-6.29945596e-08	
0.85183333	2.19237839e-07	
0.85341667	1.69848145e-07	
0.85500000	1.11960728e-07	
0.85658333	1.88531872e-07	
0.85816667	5.06915146e-07	
0.85975000	4.94944441e-07	
0.86133333	4.28009061e-07	
0.86291667	5.54403260e-07	
0.86450000	6.74791022e-07	
0.86608333	4.21909211e-07	
0.86766667	2.50972097e-07	
0.86925000	2.02186096e-07	
0.87083333	2.48189276e-07	
0.87241667	3.56495588e-07	
0.87400000	1.63356684e-07	
0.87558333	1.75869353e-07	
0.87716667	3.97633410e-07	
0.87875000	6.19005687e-07	
0.88033333	5.69873395e-07	
0.88191667	3.75853109e-07	
0.88350000	5.31716363e-07	
0.88508333	5.74109425e-07	
0.88666667	3.47722067e-07	
0.88825000	2.68086392e-08	
0.88983333	1.08158339e-07	
0.89141667	1.77513307e-07	
0.89300000	2.03803169e-07	
0.89458333	1.15028986e-07	
0.89616667	3.47203119e-07	
0.89775000	3.27456969e-07	
0.89933333	6.36635558e-07	
0.90091667	4.64523596e-07	
0.90250000	5.41138281e-07	
0.90408333	5.29566090e-07	
0.90566667	4.18633036e-07	
0.90725000	2.98634156e-07	
0.90883333	6.60699796e-08	
0.91041667	1.42088330e-07	
0.91200000	1.39658955e-07	
0.91358333	4.61328890e-08	
0.91516667	2.93233862e-07	
0.91675000	3.79052560e-07	
0.91833333	5.43862188e-07	
0.91991667	6.37541959e-07	
0.92150000	5.26143216e-07	
0.92308333	6.12391958e-07	
0.92466667	4.61023634e-07	
0.92625000	4.27939506e-07	
0.92783333	1.76000329e-07	
0.92941667	1.40221626e-07	
0.93100000	2.18001444e-07	
0.93258333	1.64549257e-07	
0.93416667	2.17579213e-07	
0.93575000	1.17465831e-07	
0.93733333	-7.99584978e-08	
0.93891667	4.72951638e-07	
0.94050000	3.47809150e-07	
0.94208333	3.40895108e-07	
0.94366667	4.09558809e-07	
0.94525000	5.93378881e-07	
0.94683333	4.17985171e-07	
0.94841667	2.88886975e-07	
0.95000000	2.22063474e-07	
0.95158333	1.66277509e-07	
0.95316667	2.28762103e-07	
0.95475000	8.49533969e-08	
0.95633333	4.90877426e-08	
0.95791667	5.82578797e-07	
0.95950000	4.31560964e-07	
0.96108333	5.11839503e-07	
0.96266667	4.13232322e-07	
0.96425000	4.57177410e-07	
0.96583333	4.64220566e-07	
0.96741667	2.66960591e-07	
0.96900000	-1.39668053e-08	
0.97058333	1.02324809e-07	
0.97216667	1.15590769e-07	
0.97375000	7.65708078e-08	
0.97533333	1.05089870e-07	
0.97691667	3.01313652e-07	
0.97850000	3.84539043e-07	
0.98008333	4.01607908e-07	
0.98166667	4.60141539e-07	
0.98325000	4.08998112e-07	
0.98483333	4.64178116e-07	
0.98641667	3.40809872e-07	
0.98800000	2.11303571e-07	
0.98958333	2.83769969e-07	
0.99116667	1.38104101e-07	
0.99275000	1.61870153e-07	
0.99433333	1.40981720e-07	
0.99591667	1.44084007e-07	
0.99750000	4.35528126e-07	
0.99908333	4.98099062e-07	
1.00066667	4.73426035e-07	
1.00225000	4.30387292e-07	
1.00383333	3.54481878e-07	
1.00541667	5.46798343e-07	
1.00700000	-2.76467553e-08	
1.00858333	6.77130653e-08	
1.01016667	9.15736990e-08	
1.01175000	7.86880318e-08	
1.01333333	1.18744928e-07	
1.01491667	-2.56675145e-08	
1.01650000	1.32494371e-07	
1.01808333	3.59545681e-07	
1.01966667	5.70390858e-07	
1.02125000	5.25668091e-07	
1.02283333	3.87564214e-07	
1.02441667	5.73633963e-07	
1.02600000	3.73174145e-07	
1.02758333	1.23066026e-07	
1.02916667	1.13031475e-07	
1.03075000	1.03906306e-07	
1.03233333	3.04926514e-07	
1.03391667	9.92130718e-08	
1.03550000	1.43867963e-07	
1.03708333	2.08970577e-07	
1.03866667	3.16905228e-07	
1.04025000	6.06385745e-07	
1.04183333	3.93051425e-07	
1.04341667	5.39324640e-07	
1.04500000	5.69699227e-07	
1.04658333	4.30775389e-07	
1.04816667	2.80883599e-07	
1.04975000	1.39223516e-08	
1.05133333	1.77598851e-07	
1.05291667	2.27594450e-07	
1.05450000	8.79512114e-08	
1.05608333	2.37697598e-07	
1.05766667	2.47568265e-07	
1.05925000	5.74365020e-07	
1.06083333	4.75110031e-07	
1.06241667	4.28354989e-07	
1.06400000	4.40628135e-07	
1.06558333	2.60651180e-07	
1.06716667	6.69431708e-08	
1.06875000	1.29461933e-07	
1.07033333	1.54222044e-07	
1.07191667	2.71627084e-07	
1.07350000	4.48967806e-08	
1.07508333	1.07769871e-07	
1.07666667	1.64203204e-07	
1.07825000	5.02013022e-07	
1.07983333	5.75922562e-07	
1.08141667	4.22392317e-07	
1.08300000	4.97925006e-07	
1.08458333	5.61319459e-07	
1.08616667	6.75913817e-07	
1.08775000	2.69242133e-07	
1.08933333	5.43163717e-08	
1.09091667	2.97899487e-07	
1.09250000	2.65577637e-07	
1.09408333	2.37689085e-07	
1.09566667	1.30714093e-07	
1.09725000	1.44060995e-08	
1.09883333	4.04287069e-07	
1.10041667	4.63875814e-07	
1.10200000	4.91832661e-07	
1.10358333	6.34130286e-07	
1.10516667	5.33618488e-07	
1.10675000	4.46417031e-07	
1.10833333	2.31915632e-07	
1.10991667	-7.29243582e-08	
1.11150000	1.35035597e-07	
1.11308333	2.42546071e-07	
1.11466667	2.99196953e-07	
1.11625000	2.70417122e-07	
1.11783333	2.08842289e-07	
1.11941667	4.80338761e-07	
1.12100000	5.36297592e-07	
1.12258333	6.11919185e-07	
1.12416667	4.66856128e-07	
1.12575000	5.25236872e-07	
1.12733333	4.08218529e-07	
1.12891667	1.64384960e-07	
1.13050000	2.23230189e-07	
1.13208333	3.25900743e-07	
1.13366667	2.95480906e-07	
1.13525000	3.49581630e-07	
1.13683333	2.28200454e-07	
1.13841667	5.99559711e-07	
1.14000000	4.63875198e-07	
1.14158333	5.41396733e-07	
1.14316667	4.98703665e-07	
1.14475000	3.98150285e-07	
1.14633333	3.68118322e-07	
1.14791667	1.86544258e-07	
1.14950000	2.22496668e-07	
1.15108333	6.65882549e-08	
1.15266667	5.96743806e-08	
1.15425000	1.65897420e-07	
1.15583333	5.69782937e-08	
1.15741667	3.34137313e-07	
1.15900000	7.03482454e-07	
1.16058333	5.43081680e-07	
1.16216667	4.67850649e-07	
1.16375000	3.66778210e-07	
1.16533333	4.21840916e-07	
1.16691667	4.48061545e-07	
1.16850000	2.38683494e-07	
1.17008333	1.14493189e-07	
1.17166667	1.64860561e-07	
1.17325000	3.14450386e-07	
1.17483333	1.96170922e-07	
1.17641667	1.74790605e-07	
1.17800000	4.59121425e-07	
1.17958333	3.55845931e-07	
1.18116667	3.95083336e-07	
1.18275000	3.97977070e-07	
1.18433333	6.39486478e-07	
1.18591667	6.28555180e-07	
1.18750000	3.51568459e-07	
1.18908333	6.17226165e-08	
1.19066667	1.08071612e-07	
1.19225000	1.77512201e-07	
1.19383333	1.94538799e-07	
1.19541667	2.89468370e-09	
1.19700000	2.65620423e-07	
1.19858333	3.14059740e-07	
1.20016667	5.91046209e-07	
1.20175000	4.99913487e-07	
1.20333333	5.40185847e-07	
@ 
0.00000000	8.22097736e-07	
0.00158333	5.60066179e-07	
0.00316667	2.20335391e-07	
0.00475000	1.88670212e-07	
0.00633333	6.12301794e-08	
0.00791667	2.00069033e-07	
0.00950000	3.36610979e-08	
0.01108333	4.49831119e-08	
0.01266667	2.11147842e-07	
0.01425000	3.94261471e-07	
0.01583333	5.47143263e-07	
0.01741667	4.45467480e-07	
0.01900000	3.37309575e-07	
0.02058333	4.96110805e-07	
0.02216667	4.65431256e-07	
0.02375000	4.03162958e-07	
0.02533333	2.38225309e-07	
0.02691667	2.72405015e-07	
0.02850000	2.96733207e-07	
0.03008333	2.36971189e-07	
0.03166667	2.82214667e-07	
0.03325000	5.05092488e-07	
0.03483333	5.82706594e-07	
0.03641667	5.05401958e-07	
0.03800000	4.37473486e-07	
0.03958333	6.08762044e-07	
0.04116667	5.85818822e-07	
0.04275000	4.46244571e-07	
0.04433333	7.73654274e-08	
0.04591667	2.03568644e-07	
0.04750000	8.50832527e-08	
0.04908333	7.05210453e-08	
0.05066667	4.02531950e-07	
0.05225000	1.94676845e-07	
0.05383333	5.70176648e-07	
0.05541667	6.75351944e-07	
0.05700000	4.64567557e-07	
0.05858333	5.18192876e-07	
0.06016667	6.14078250e-07	
0.06175000	5.41309817e-07	
0.06333333	4.68325270e-07	
0.06491667	8.09350766e-08	
0.06650000	1.24448742e-07	
0.06808333	1.35208519e-07	
0.06966667	1.85671263e-07	
0.07125000	1.99869790e-07	
0.07283333	3.35407002e-07	
0.07441667	5.56390958e-07	
0.07600000	5.45761569e-07	
0.07758333	5.87589510e-07	
0.07916667	5.96361911e-07	
0.08075000	5.07389375e-07	
0.08233333	5.91089443e-07	
0.08391667	4.54574861e-07	
0.08550000	3.07795271e-07	
0.08708333	3.63495034e-07	
0.08866667	1.79059369e-07	
0.09025000	2.53062979e-07	
0.09183333	8.89377097e-08	
0.09341667	4.68888739e-07	
0.09500000	5.20741382e-07	
0.09658333	5.42736089e-07	
0.09816667	4.51861987e-07	
0.09975000	3.61550851e-07	
0.10133333	5.43688244e-07	
0.10291667	2.89905632e-07	
0.10450000	1.52899363e-07	
0.10608333	1.80406985e-07	
0.10766667	1.61394720e-07	
0.10925000	2.72716809e-07	
0.11083333	3.47705630e-07	
0.11241667	1.54774929e-07	
0.11400000	2.10266853e-07	
0.11558333	5.18624487e-07	
0.11716667	6.50029847e-07	
0.11875000	5.37162271e-07	
0.12033333	4.96542696e-07	
0.12191667	5.89535709e-07	
0.12350000	3.08617248e-07	
0.12508333	2.20637734e-07	
0.12666667	1.54514881e-07	
0.12825000	2.82731850e-07	
0.12983333	1.90433353e-07	
0.13141667	1.18399953e-07	
0.13300000	3.47593485e-07	
0.13458333	6.77167601e-07	
0.13616667	4.44948533e-07	
0.13775000	5.63305308e-07	
0.13933333	4.10578083e-07	
0.14091667	5.33662002e-07	
0.14250000	4.73812788e-07	
0.14408333	4.23041274e-07	
0.14566667	3.08270900e-07	
0.14725000	3.21753113e-07	
0.14883333	3.90978183e-07	
0.15041667	2.77677568e-07	
0.15200000	1.65370254e-07	
0.15358333	3.61289711e-07	
0.15516667	4.41016457e-07	
0.15675000	6.63079889e-07	
0.15833333	5.22382928e-07	
0.15991667	5.88972604e-07	
0.16150000	7.48377484e-07	
0.16308333	4.51171252e-07	
0.16466667	3.27845963e-07	
0.16625000	2.28544953e-07	
0.16783333	2.80287061e-07	
0.16941667	3.37783945e-07	
0.17100000	2.39219186e-07	
0.17258333	2.19254934e-07	
0.17416667	1.06394883e-07	
0.17575000	6.44499319e-07	
0.17733333	6.61656137e-07	
0.17891667	5.68231177e-07	
0.18050000	6.18960941e-07	
0.18208333	5.06699816e-07	
0.18366667	3.79699193e-07	
0.18525000	2.56633223e-07	
0.18683333	3.04684275e-07	
0.18841667	3.55976361e-07	
0.19000000	2.93665725e-07	
0.19158333	4.39823883e-07	
0.19316667	4.48578280e-07	
0.19475000	5.07821378e-07	
0.19633333	6.35814113e-07	
0.19791667	5.39408644e-07	
0.19950000	5.67583396e-07	
0.20108333	3.43669557e-07	
0.20266667	4.66814602e-07	
0.20425000	2.76597839e-07	
0.20583333	1.04804657e-07	
0.20741667	2.27119269e-07	
0.20900000	4.16817827e-07	
0.21058333	2.98194032e-07	
0.21216667	2.02704834e-07	
0.21375000	3.34889063e-07	
0.21533333	8.16698198e-07	
0.21691667	5.91694718e-07	
0.21850000	6.29161351e-07	
0.22008333	7.25865426e-07	
0.22166667	7.20162242e-07	
0.22325000	7.19644443e-07	
0.22483333	4.52405548e-07	
0.22641667	2.39088952e-07	
0.22800000	3.31129138e-07	
0.22958333	3.02956430e-07	
0.23116667	2.30455003e-07	
0.23275000	2.62958119e-07	
0.23433333	5.29945507e-07	
0.23591667	6.05824488e-07	
0.23750000	5.78645404e-07	
0.23908333	6.22677996e-07	
0.24066667	6.41862497e-07	
0.24225000	7.71499410e-07	
0.24383333	7.23792101e-07	
0.24541667	2.48448568e-07	
0.24700000	3.95255403e-07	
0.24858333	3.75637023e-07	
0.25016667	2.82845984e-07	
0.25175000	2.03871996e-07	
0.25333333	3.37661439e-07	
0.25491667	5.75549921e-07	
0.25650000	4.82931790e-07	
0.25808333	6.17190142e-07	
0.25966667	6.80710544e-07	
0.26125000	8.17464760e-07	
0.26283333	6.74927388e-07	
0.26441667	2.61870298e-07	
0.26600000	1.34646380e-07	
0.26758333	2.38181543e-07	
0.26916667	2.82084265e-07	
0.27075000	3.72008284e-07	
0.27233333	2.30783667e-07	
0.27391667	5.25901846e-07	
0.27550000	6.00814279e-07	
0.27708333	7.01192511e-07	
0.27866667	6.50936976e-07	
0.28025000	6.48087120e-07	
0.28183333	6.67790540e-07	
0.28341667	4.18382145e-07	
0.28500000	3.21120481e-07	
0.28658333	1.46573361e-07	
0.28816667	5.81105945e-08	
0.28975000	3.17345324e-07	
0.29133333	1.67055846e-07	
0.29291667	1.93241879e-07	
0.29450000	5.57988765e-07	
0.29608333	7.54866215e-07	
0.29766667	7.45527572e-07	
0.29925000	6.56599334e-07	
0.30083333	5.92602127e-07	
0.30241667	6.39917306e-07	
0.30400000	5.59286680e-07	
0.30558333	3.31942491e-07	
0.30716667	2.10604324e-07	
0.30875000	3.40247327e-07	
0.31033333	4.32288269e-07	
0.31191667	2.32081204e-07	
0.31350000	3.90976923e-07	
0.31508333	6.69561284e-07	
0.31666667	6.49943827e-07	
0.31825000	5.90139696e-07	
0.31983333	5.74585334e-07	
0.32141667	7.74652351e-07	
0.32300000	5.70623716e-07	
0.32458333	5.74323634e-07	
0.32616667	1.89741848e-07	
0.32775000	1.63123405e-07	
0.32933333	2.91720338e-07	
0.33091667	1.75403804e-07	
0.33250000	1.69717813e-07	
0.33408333	4.67504917e-07	
0.33566667	5.67410236e-07	
0.33725000	6.54740947e-07	
0.33883333	5.86986195e-07	
0.34041667	7.14933400e-07	
0.34200000	7.44739953e-07	
0.34358333	6.54567339e-07	
0.34516667	4.50843190e-07	
0.34675000	2.70244858e-07	
0.34833333	2.75472721e-07	
0.34991667	2.11131294e-07	
0.35150000	2.19609528e-07	
0.35308333	2.92931644e-07	
0.35466667	4.17336466e-07	
0.35625000	7.15322785e-07	
0.35783333	5.62354665e-07	
0.35941667	5.51249479e-07	
0.36100000	7.37708726e-07	
0.36258333	7.12471417e-07	
0.36416667	6.21250940e-07	
0.36575000	2.60409725e-07	
0.36733333	3.50488731e-07	
0.36891667	4.41275524e-07	
0.37050000	4.35770813e-07	
0.37208333	2.83640183e-07	
0.37366667	2.91331792e-07	
0.37525000	4.11027419e-07	
0.37683333	7.53824065e-07	
0.37841667	5.74411222e-07	
0.38000000	5.66804905e-07	
0.38158333	5.19962947e-07	
0.38316667	6.61403790e-07	
0.38475000	2.78541182e-07	
0.38633333	2.04735513e-07	
0.38791667	3.82767515e-07	
0.38950000	4.84878381e-07	
0.39108333	3.90199861e-07	
0.39266667	4.10819006e-07	
0.39425000	3.64359601e-07	
0.39583333	4.49400621e-07	
0.39741667	6.29461636e-07	
0.39900000	6.31623053e-07	
0.40058333	5.53626618e-07	
0.40216667	6.02671042e-07	
0.40375000	4.99947313e-07	
0.40533333	5.36729875e-07	
0.40691667	4.34967205e-07	
0.40850000	4.92524460e-07	
0.41008333	6.29072643e-07	
0.41166667	5.94764048e-07	
0.41325000	5.99517653e-07	
0.41483333	9.24638505e-07	
0.41641667	8.25746300e-07	
0.41800000	9.19197581e-07	
0.41958333	1.14644693e-06	
0.42116667	1.08486970e-06	
0.42275000	1.01741703e-06	
0.42433333	8.13802476e-07	
0.42591667	6.97172595e-07	
0.42750000	9.74681287e-07	
0.42908333	1.09813255e-06	
0.43066667	1.29336818e-06	
0.43225000	1.28664653e-06	
0.43383333	1.67920768e-06	
0.43541667	2.43430625e-06	
0.43700000	2.51779973e-06	
0.43858333	2.99714943e-06	
0.44016667	3.35926571e-06	
0.44175000	3.79578894e-06	
0.44333333	4.34988990e-06	
0.44491667	4.64661541e-06	
0.44650000	5.27893172e-06	
0.44808333	6.08508565e-06	
0.44966667	7.32947672e-06	
0.45125000	8.76057076e-06	
0.45283333	1.03744790e-05	
0.45441667	1.26843810e-05	
0.45600000	1.61699541e-05	
0.45758333	2.06455584e-05	
0.45916667	2.59432277e-05	
0.46075000	3.33443227e-05	
0.46233333	4.36350362e-05	
0.46391667	5.74411269e-05	
0.46550000	7.54806492e-05	
0.46708333	9.73969396e-05	
0.46866667	1.33405606e-04	
0.47025000	1.85646355e-04	
0.47183333	2.49328019e-04	
0.47341667	3.25217090e-04	
0.47500000	3.88954595e-04	
0.47658333	4.86069726e-04	
0.47816667	6.85238217e-04	
0.47975000	8.94185618e-04	
0.48133333	1.04502247e-03	
0.48291667	1.34039816e-03	
0.48450000	1.63514337e-03	
0.48608333	1.78999024e-03	
0.48766667	1.98890326e-03	
0.48925000	2.04991038e-03	
0.49083333	3.40976049e-03	
0.49241667	4.25475376e-03	
0.49400000	4.94281813e-03	
0.49558333	6.24300028e-03	
0.49716667	7.75424306e-03	
0.49875000	8.49907870e-03	
0.50033333	1.03044066e-02	
0.50191667	1.28281339e-02	
0.50350000	1.56044283e-02	
0.50508333	1.91707814e-02	
0.50666667	2.27443978e-02	
0.50825000	2.71056735e-02	
0.50983333	3.28132688e-02	
0.51141667	3.49401054e-02	
0.51300000	3.50955376e-02	
0.51458333	3.92646133e-02	
0.51616667	4.86927165e-02	
0.51775000	5.64013695e-02	
0.51933333	6.76400207e-02	
0.52091667	7.33756763e-02	
0.52250000	9.35834782e-02	
0.52408333	1.16047326e-01	
0.52566667	1.34479839e-01	
0.52725000	1.89083510e-01	
0.52883333	2.40446705e-01	
0.53041667	2.75025635e-01	
0.53200000	4.93407229e-01	
0.53358333	5.63288057e-01	
0.53516667	5.65062016e-01	
0.53675000	1.05880708e+00	
0.53833333	1.52474280e+00	
0.53991667	1.64693010e+00	
0.54150000	3.73958715e+00	
0.54308333	3.89930472e+00	
0.54466667	4.20058040e+00	
0.54625000	5.86449962e+00	
0.54783333	6.88254409e+00	
0.54941667	7.37545886e+00	
0.55100000	1.00106425e+01	
0.55258333	1.14516769e+01	
0.55416667	1.19025531e+01	
0.55575000	1.20762949e+01	
0.55733333	1.21857205e+01	
0.55891667	1.30571466e+01	
0.56050000	1.53968526e+01	
0.56208333	1.71018140e+01	
0.56366667	1.78232242e+01	
0.56525000	1.79799702e+01	
0.56683333	1.86926800e+01	
0.56841667	1.93498822e+01	
0.57000000	1.93345316e+01	
0.57158333	2.12782818e+01	
0.57316667	2.33187209e+01	
0.57475000	2.51297593e+01	
0.57633333	2.52952151e+01	
0.57791667	2.54178021e+01	
0.57950000	2.58455848e+01	
0.58108333	2.61911516e+01	
0.58266667	2.66140805e+01	
0.58425000	2.70171055e+01	
0.58583333	2.71306991e+01	
0.58741667	2.76757189e+01	
0.58900000	2.82003333e+01	
0.59058333	2.88522175e+01	
0.59216667	3.09530350e+01	
0.59375000	3.17546560e+01	
0.59533333	3.22182004e+01	
0.59691667	3.20027391e+01	
0.59850000	3.27112322e+01	
0.60008333	3.31067182e+01	
