start voltage : 0.00 V 
set voltage : 0.10 V 
High G : 30.00 G0 
Intermediate G : 20.00 G0 
Low G : 10.00 G0 
Breaking speed 1 : 300.00 V/s 
Breaking speed 2 : 300.00 V/s 
Making speed : 500.00 V/s 
Post breaking : 230.00 V/s 
@ 
0.00000000	3.41567586e+01	
0.00158333	3.46626098e+01	
0.00316667	3.47013538e+01	
0.00475000	3.47275338e+01	
0.00633333	3.46887222e+01	
0.00791667	3.45895567e+01	
0.00950000	3.47173753e+01	
0.01108333	3.49188371e+01	
0.01266667	3.45826828e+01	
0.01425000	3.45830737e+01	
0.01583333	3.47586899e+01	
0.01741667	3.44623168e+01	
0.01900000	3.45118207e+01	
0.02058333	3.45206376e+01	
0.02216667	3.45544808e+01	
0.02375000	3.43782482e+01	
0.02533333	3.45703181e+01	
0.02691667	3.43736782e+01	
0.02850000	3.43779175e+01	
0.03008333	3.43414661e+01	
0.03166667	3.42789135e+01	
0.03325000	3.43189691e+01	
0.03483333	3.42603590e+01	
0.03641667	3.41611295e+01	
0.03800000	3.42330740e+01	
0.03958333	3.40518166e+01	
0.04116667	3.41909438e+01	
0.04275000	3.40706154e+01	
0.04433333	3.41031808e+01	
0.04591667	3.40108440e+01	
0.04750000	3.40213108e+01	
0.04908333	3.39166205e+01	
0.05066667	3.38862913e+01	
0.05225000	3.40295188e+01	
0.05383333	3.40770909e+01	
0.05541667	3.40231298e+01	
0.05700000	3.37730135e+01	
0.05858333	3.37964087e+01	
0.06016667	3.38581457e+01	
0.06175000	3.37711155e+01	
0.06333333	3.36520950e+01	
0.06491667	3.37181202e+01	
0.06650000	3.35333339e+01	
0.06808333	3.36780383e+01	
0.06966667	3.35476566e+01	
0.07125000	3.35044892e+01	
0.07283333	3.36539216e+01	
0.07441667	3.35468523e+01	
0.07600000	3.36796769e+01	
0.07758333	3.35994681e+01	
0.07916667	3.34309888e+01	
0.08075000	3.36412938e+01	
0.08233333	3.34706385e+01	
0.08391667	3.35643245e+01	
0.08550000	3.34469351e+01	
0.08708333	3.34015804e+01	
0.08866667	3.34446050e+01	
0.09025000	3.34345629e+01	
0.09183333	3.34845666e+01	
0.09341667	3.33708415e+01	
0.09500000	3.33653770e+01	
0.09658333	3.32649186e+01	
0.09816667	3.31341385e+01	
0.09975000	3.33426771e+01	
0.10133333	3.31242542e+01	
0.10291667	3.31764641e+01	
0.10450000	3.30337853e+01	
0.10608333	3.23526411e+01	
0.10766667	3.26857925e+01	
0.10925000	3.20493153e+01	
0.11083333	3.21056968e+01	
0.11241667	3.16745261e+01	
0.11400000	3.14150009e+01	
0.11558333	3.12552202e+01	
0.11716667	3.07639172e+01	
0.11875000	3.10459713e+01	
0.12033333	3.10768379e+01	
0.12191667	3.09735476e+01	
0.12350000	3.09707533e+01	
0.12508333	3.06379364e+01	
0.12666667	3.07813612e+01	
0.12825000	3.00281072e+01	
0.12983333	2.99478250e+01	
0.13141667	3.00389348e+01	
0.13300000	2.98226635e+01	
0.13458333	2.99260214e+01	
0.13616667	2.92706308e+01	
0.13775000	2.84009701e+01	
0.13933333	2.84515131e+01	
0.14091667	2.83021277e+01	
0.14250000	2.81911086e+01	
0.14408333	2.70135577e+01	
0.14566667	2.65681225e+01	
0.14725000	2.69299006e+01	
0.14883333	2.63619309e+01	
0.15041667	2.65904823e+01	
0.15200000	2.64623292e+01	
0.15358333	2.65914989e+01	
0.15516667	2.67827157e+01	
0.15675000	2.64700619e+01	
0.15833333	2.66018323e+01	
0.15991667	2.64970143e+01	
0.16150000	2.67240153e+01	
0.16308333	2.65306902e+01	
0.16466667	2.61007954e+01	
0.16625000	2.62413282e+01	
0.16783333	2.61171100e+01	
0.16941667	2.60655560e+01	
0.17100000	2.60222101e+01	
0.17258333	2.60255174e+01	
0.17416667	2.57995761e+01	
0.17575000	2.57417458e+01	
0.17733333	2.56156729e+01	
0.17891667	2.56373713e+01	
0.18050000	2.51459894e+01	
0.18208333	2.48665643e+01	
0.18366667	2.46949544e+01	
0.18525000	2.45241600e+01	
0.18683333	2.44294818e+01	
0.18841667	2.42723675e+01	
0.19000000	2.44126936e+01	
0.19158333	2.43174592e+01	
0.19316667	2.43781420e+01	
0.19475000	2.41897646e+01	
0.19633333	2.39463869e+01	
0.19791667	2.40706126e+01	
0.19950000	2.27171975e+01	
0.20108333	2.05747778e+01	
0.20266667	2.05642284e+01	
0.20425000	2.03139091e+01	
0.20583333	2.04543423e+01	
0.20741667	2.03426467e+01	
0.20900000	2.04643149e+01	
0.21058333	2.02880654e+01	
0.21216667	2.02297860e+01	
0.21375000	2.02009206e+01	
0.21533333	2.00062895e+01	
0.21691667	2.02738667e+01	
0.21850000	2.03934115e+01	
0.22008333	2.01998495e+01	
0.22166667	2.02494323e+01	
0.22325000	2.00643678e+01	
0.22483333	1.98516143e+01	
0.22641667	1.99175775e+01	
0.22800000	1.97784052e+01	
0.22958333	1.95580563e+01	
0.23116667	1.93746041e+01	
0.23275000	1.92130363e+01	
0.23433333	1.91439011e+01	
0.23591667	1.88089326e+01	
0.23750000	1.86877191e+01	
0.23908333	1.85727951e+01	
0.24066667	1.82221265e+01	
0.24225000	1.80424682e+01	
0.24383333	1.74472417e+01	
0.24541667	1.57587284e+01	
0.24700000	1.55208528e+01	
0.24858333	1.51981109e+01	
0.25016667	1.49869922e+01	
0.25175000	1.50242535e+01	
0.25333333	1.47757909e+01	
0.25491667	1.47052257e+01	
0.25650000	1.46045342e+01	
0.25808333	1.46829354e+01	
0.25966667	1.46302643e+01	
0.26125000	1.45239946e+01	
0.26283333	1.41967108e+01	
0.26441667	1.39318884e+01	
0.26600000	1.37751951e+01	
0.26758333	1.37757569e+01	
0.26916667	1.38381658e+01	
0.27075000	1.37364906e+01	
0.27233333	1.39913414e+01	
0.27391667	1.38375203e+01	
0.27550000	1.37273646e+01	
0.27708333	1.37242659e+01	
0.27866667	1.37835563e+01	
0.28025000	1.37498428e+01	
0.28183333	1.36754921e+01	
0.28341667	1.37658680e+01	
0.28500000	1.35631528e+01	
0.28658333	1.34579167e+01	
0.28816667	1.37710319e+01	
0.28975000	1.37733639e+01	
0.29133333	1.38105388e+01	
0.29291667	1.38258452e+01	
0.29450000	1.38659628e+01	
0.29608333	1.20202310e+01	
0.29766667	1.14178318e+01	
0.29925000	1.14641393e+01	
0.30083333	1.14328752e+01	
0.30241667	1.15407271e+01	
0.30400000	1.15380813e+01	
0.30558333	1.13111826e+01	
0.30716667	1.09153659e+01	
0.30875000	1.05259175e+01	
0.31033333	1.05998417e+01	
0.31191667	1.03333459e+01	
0.31350000	9.97795216e+00	
0.31508333	9.92837031e+00	
0.31666667	1.00687669e+01	
0.31825000	9.41457132e+00	
0.31983333	9.44293401e+00	
0.32141667	9.36305490e+00	
0.32300000	9.34791379e+00	
0.32458333	9.06907308e+00	
0.32616667	8.52626028e+00	
0.32775000	8.16278908e+00	
0.32933333	7.75829876e+00	
0.33091667	7.73027620e+00	
0.33250000	7.66169725e+00	
0.33408333	7.68288964e+00	
0.33566667	7.53084621e+00	
0.33725000	7.49859936e+00	
0.33883333	7.41987216e+00	
0.34041667	7.70038577e+00	
0.34200000	7.65306593e+00	
0.34358333	7.60866391e+00	
0.34516667	7.39891936e+00	
0.34675000	7.39339894e+00	
0.34833333	7.38913425e+00	
0.34991667	7.48228614e+00	
0.35150000	7.31371433e+00	
0.35308333	7.49582858e+00	
0.35466667	7.58435122e+00	
0.35625000	7.41433859e+00	
0.35783333	7.40849636e+00	
0.35941667	7.29560278e+00	
0.36100000	7.43362647e+00	
0.36258333	7.01740708e+00	
0.36416667	6.91178010e+00	
0.36575000	6.66192171e+00	
0.36733333	6.64092805e+00	
0.36891667	6.74785491e+00	
0.37050000	5.78492775e+00	
0.37208333	5.45841439e+00	
0.37366667	5.15604834e+00	
0.37525000	5.05906490e+00	
0.37683333	4.96006657e+00	
0.37841667	5.09258722e+00	
0.38000000	5.12338103e+00	
0.38158333	5.19961368e+00	
0.38316667	4.76073618e+00	
0.38475000	4.27241071e+00	
0.38633333	3.98521020e+00	
0.38791667	4.00485183e+00	
0.38950000	4.09336649e+00	
0.39108333	3.96913000e+00	
0.39266667	3.93241856e+00	
0.39425000	3.86381730e+00	
0.39583333	3.70903339e+00	
0.39741667	3.68343561e+00	
0.39900000	3.62052508e+00	
0.40058333	3.67585261e+00	
0.40216667	3.62111771e+00	
0.40375000	3.61538448e+00	
0.40533333	3.54080617e+00	
0.40691667	3.00825062e+00	
0.40850000	2.62443499e+00	
0.41008333	2.55643952e+00	
0.41166667	2.37020081e+00	
0.41325000	1.99197677e+00	
0.41483333	1.88894076e+00	
0.41641667	1.88037192e+00	
0.41800000	1.77329660e+00	
0.41958333	1.69034758e+00	
0.42116667	1.82524298e+00	
0.42275000	1.84457303e+00	
0.42433333	1.79498789e+00	
0.42591667	1.74662560e+00	
0.42750000	1.73752332e+00	
0.42908333	1.74491477e+00	
0.43066667	1.77725546e+00	
0.43225000	1.69973866e+00	
0.43383333	1.70402566e+00	
0.43541667	1.67041667e+00	
0.43700000	1.68044337e+00	
0.43858333	1.66554056e+00	
0.44016667	1.68705804e+00	
0.44175000	1.68144754e+00	
0.44333333	1.67297230e+00	
0.44491667	1.65960509e+00	
0.44650000	1.64249194e+00	
0.44808333	1.59635067e+00	
0.44966667	1.06751968e+00	
0.45125000	1.01559466e+00	
0.45283333	7.79852793e-01	
0.45441667	7.37539427e-01	
0.45600000	7.16006682e-01	
0.45758333	6.94586040e-01	
0.45916667	5.22541711e-01	
0.46075000	2.99077210e-01	
0.46233333	1.49489439e-01	
0.46391667	4.14113056e-02	
0.46550000	3.59727218e-02	
0.46708333	1.85434466e-02	
0.46866667	8.63805835e-03	
0.47025000	6.01819770e-04	
0.47183333	1.46132948e-05	
0.47341667	1.25587347e-05	
0.47500000	7.71393702e-05	
0.47658333	6.33021467e-04	
0.47816667	7.74816661e-04	
0.47975000	1.74680243e-04	
0.48133333	7.71709395e-05	
0.48291667	6.04840687e-05	
0.48450000	5.83545073e-05	
0.48608333	5.99525878e-05	
0.48766667	6.27357461e-05	
0.48925000	6.05942673e-05	
0.49083333	5.42986207e-05	
0.49241667	4.63903706e-05	
0.49400000	3.97723610e-05	
0.49558333	3.47288087e-05	
0.49716667	3.05083375e-05	
0.49875000	2.76273156e-05	
0.50033333	2.53986593e-05	
0.50191667	2.38537229e-05	
0.50350000	2.29408837e-05	
0.50508333	2.18455982e-05	
0.50666667	2.10425168e-05	
0.50825000	2.07322037e-05	
0.50983333	2.08897097e-05	
0.51141667	2.08102919e-05	
0.51300000	2.02907713e-05	
0.51458333	1.95173471e-05	
0.51616667	1.82260366e-05	
0.51775000	1.75756781e-05	
0.51933333	1.64887025e-05	
0.52091667	1.61098710e-05	
0.52250000	1.57500965e-05	
0.52408333	1.47501184e-05	
0.52566667	1.38874583e-05	
0.52725000	1.27662665e-05	
0.52883333	1.16886402e-05	
0.53041667	1.04742441e-05	
0.53200000	9.17958604e-06	
0.53358333	8.36924133e-06	
0.53516667	7.58789606e-06	
0.53675000	7.10858444e-06	
0.53833333	6.31949918e-06	
0.53991667	5.96499341e-06	
0.54150000	5.89594321e-06	
0.54308333	5.56196170e-06	
0.54466667	4.95644282e-06	
0.54625000	4.76584028e-06	
0.54783333	3.99463953e-06	
0.54941667	3.75075643e-06	
0.55100000	3.22871534e-06	
0.55258333	2.76773984e-06	
0.55416667	2.55462967e-06	
0.55575000	2.00312835e-06	
0.55733333	1.47994189e-06	
0.55891667	1.03776633e-06	
0.56050000	9.66165769e-07	
0.56208333	8.35796791e-07	
0.56366667	6.88737048e-07	
0.56525000	7.16837261e-07	
0.56683333	6.19308325e-07	
0.56841667	9.41967307e-07	
0.57000000	8.18686455e-07	
0.57158333	7.99585230e-07	
0.57316667	9.96586782e-07	
0.57475000	8.35322282e-07	
0.57633333	7.44620668e-07	
0.57791667	6.40221735e-07	
0.57950000	4.00353816e-07	
0.58108333	3.62890151e-07	
0.58266667	3.11857721e-07	
0.58425000	3.98331705e-07	
0.58583333	3.58440583e-07	
0.58741667	4.79732310e-07	
0.58900000	7.33082022e-07	
0.59058333	5.26749052e-07	
0.59216667	6.34992333e-07	
0.59375000	6.03145720e-07	
0.59533333	6.71850162e-07	
0.59691667	5.30377062e-07	
0.59850000	3.44568537e-07	
0.60008333	2.40428336e-07	
0.60166667	1.17275723e-07	
0.60325000	1.91038866e-07	
0.60483333	3.18434012e-07	
0.60641667	3.31344692e-07	
0.60800000	5.90528577e-07	
0.60958333	7.99369060e-07	
0.61116667	6.97908244e-07	
0.61275000	6.56208101e-07	
0.61433333	6.00637703e-07	
0.61591667	6.59454902e-07	
0.61750000	6.24016792e-07	
0.61908333	2.67997281e-07	
0.62066667	1.77710464e-07	
0.62225000	1.43418585e-07	
0.62383333	3.78878421e-07	
0.62541667	3.07278452e-07	
0.62700000	3.62154586e-07	
0.62858333	3.29505681e-07	
0.63016667	6.33438375e-07	
0.63175000	7.45745198e-07	
0.63333333	5.61231367e-07	
0.63491667	6.01373968e-07	
0.63650000	5.54532570e-07	
0.63808333	2.83009651e-07	
0.63966667	4.20949300e-07	
0.64125000	3.26895124e-07	
0.64283333	3.96249252e-07	
0.64441667	2.81782328e-07	
0.64600000	3.32469502e-07	
0.64758333	5.26531874e-07	
0.64916667	5.23333962e-07	
0.65075000	6.57679063e-07	
0.65233333	6.79975903e-07	
0.65391667	6.69257806e-07	
0.65550000	8.07708170e-07	
0.65708333	5.88456316e-07	
0.65866667	6.78290059e-07	
0.66025000	1.73062059e-07	
0.66183333	1.79846050e-07	
0.66341667	3.46556766e-07	
0.66500000	1.20784554e-07	
0.66658333	2.31727576e-07	
0.66816667	4.80641063e-07	
0.66975000	7.63892476e-07	
0.67133333	7.12599103e-07	
0.67291667	6.14856125e-07	
0.67450000	6.75394953e-07	
0.67608333	5.19186528e-07	
0.67766667	4.35096515e-07	
0.67925000	1.86544006e-07	
0.68083333	1.36228899e-07	
0.68241667	1.77340693e-07	
0.68400000	2.69363323e-07	
0.68558333	3.72127654e-07	
0.68716667	4.62493308e-07	
0.68875000	5.96862686e-07	
0.69033333	4.30905455e-07	
0.69191667	4.97795864e-07	
0.69350000	6.13560283e-07	
0.69508333	6.44456253e-07	
0.69666667	3.60450318e-07	
0.69825000	1.98038704e-07	
0.69983333	1.02453958e-07	
0.70141667	1.48864326e-07	
0.70300000	2.37369395e-07	
0.70458333	2.41128648e-07	
0.70616667	4.99742064e-07	
0.70775000	3.30818576e-07	
0.70933333	5.27265227e-07	
0.71091667	5.01383385e-07	
0.71250000	6.25866723e-07	
0.71408333	6.57894560e-07	
0.71566667	6.34638565e-07	
0.71725000	5.13006875e-07	
0.71883333	2.05668599e-07	
0.72041667	9.41146940e-08	
0.72200000	3.05721050e-07	
0.72358333	1.10594882e-07	
0.72516667	2.35354621e-07	
0.72675000	3.00725346e-07	
0.72833333	3.12038749e-07	
0.72991667	6.71591823e-07	
0.73150000	5.67366890e-07	
0.73308333	6.13732659e-07	
0.73466667	6.13863257e-07	
0.73625000	6.01978963e-07	
0.73783333	2.45318420e-07	
0.73941667	6.40460663e-09	
0.74100000	4.07046529e-08	
0.74258333	-2.14764107e-08	
0.74416667	1.09481175e-07	
0.74575000	1.73666593e-07	
0.74733333	3.77148531e-07	
0.74891667	3.54437104e-07	
0.75050000	4.74462529e-07	
0.75208333	6.27561079e-07	
0.75366667	7.52139285e-07	
0.75525000	7.36927827e-07	
0.75683333	7.75171383e-07	
0.75841667	3.30196500e-07	
0.76000000	1.57893807e-07	
0.76158333	1.59665992e-07	
0.76316667	2.23446848e-07	
0.76475000	2.64626686e-07	
0.76633333	1.29409305e-07	
0.76791667	3.78617757e-07	
0.76950000	6.40135211e-07	
0.77108333	5.54575972e-07	
0.77266667	6.08633070e-07	
0.77425000	6.89828033e-07	
0.77583333	7.55898790e-07	
0.77741667	4.02817283e-07	
0.77900000	1.80813563e-07	
0.78058333	1.84616498e-07	
0.78216667	2.01062630e-07	
0.78375000	2.59398907e-07	
0.78533333	1.95877259e-07	
0.78691667	2.58361153e-07	
0.78850000	4.02168886e-07	
0.79008333	4.38898778e-07	
0.79166667	5.37160983e-07	
0.79325000	5.29556570e-07	
0.79483333	5.32581377e-07	
0.79641667	5.57643678e-07	
0.79800000	1.51939970e-07	
0.79958333	-4.31862363e-08	
0.80116667	1.56494738e-07	
0.80275000	2.46521522e-07	
0.80433333	3.73822458e-07	
0.80591667	2.45095586e-07	
0.80750000	6.09724335e-07	
0.80908333	2.66338823e-07	
0.81066667	6.54221411e-07	
0.81225000	4.86647332e-07	
0.81383333	4.42398683e-07	
0.81541667	6.44024698e-07	
0.81700000	5.56307458e-07	
0.81858333	3.03414334e-07	
0.82016667	2.24941303e-07	
0.82175000	2.65620591e-07	
0.82333333	3.42580728e-07	
0.82491667	1.82827876e-07	
0.82650000	3.02610082e-07	
0.82808333	6.11268212e-07	
0.82966667	8.31153958e-07	
0.83125000	7.76122249e-07	
0.83283333	6.67358985e-07	
0.83441667	7.52078186e-07	
0.83600000	5.92326930e-07	
0.83758333	4.20360910e-07	
0.83916667	1.69293440e-07	
0.84075000	2.15704179e-10	
0.84233333	8.63790319e-08	
0.84391667	2.39175532e-07	
0.84550000	5.32352397e-08	
0.84708333	2.04035635e-07	
0.84866667	2.92291507e-07	
0.85025000	5.16593668e-07	
0.85183333	5.89577655e-07	
0.85341667	5.99690029e-07	
0.85500000	6.93026113e-07	
0.85658333	6.48914165e-07	
0.85816667	5.32193616e-07	
0.85975000	2.38830276e-07	
0.86133333	2.28087594e-07	
0.86291667	2.26601442e-07	
0.86450000	7.30697337e-08	
0.86608333	2.26592537e-07	
0.86766667	3.20499665e-07	
0.86925000	5.76094154e-07	
0.87083333	6.05738972e-07	
0.87241667	5.61230919e-07	
0.87400000	6.20517923e-07	
0.87558333	6.49616829e-07	
0.87716667	6.38068607e-07	
0.87875000	3.58862506e-07	
0.88033333	9.69660619e-08	
0.88191667	2.35762459e-07	
0.88350000	1.54567874e-07	
0.88508333	1.97130371e-07	
0.88666667	2.28251906e-07	
0.88825000	4.62535898e-07	
0.88983333	5.58137732e-07	
0.89141667	4.74504755e-07	
0.89300000	4.59899440e-07	
0.89458333	5.83485085e-07	
0.89616667	5.53670300e-07	
0.89775000	3.71713599e-07	
0.89933333	2.42752748e-07	
0.90091667	7.18853155e-08	
0.90250000	2.04450124e-07	
0.90408333	1.74229040e-07	
0.90566667	2.68170329e-07	
0.90725000	3.06629803e-07	
0.90883333	6.34433540e-07	
0.91041667	7.05603885e-07	
0.91200000	6.31017442e-07	
0.91358333	6.66233838e-07	
0.91516667	6.36444814e-07	
0.91675000	6.02413095e-07	
0.91833333	2.45121599e-07	
0.91991667	-2.15021333e-08	
0.92150000	1.43280735e-07	
0.92308333	1.19288979e-07	
0.92466667	2.42416845e-07	
0.92625000	1.13774964e-07	
0.92783333	2.66182380e-07	
0.92941667	4.57583596e-07	
0.93100000	4.86302021e-07	
0.93258333	6.39618140e-07	
0.93416667	6.18139440e-07	
0.93575000	7.02488409e-07	
0.93733333	4.68327902e-07	
0.93891667	1.66994635e-07	
0.94050000	1.28554524e-07	
0.94208333	1.30195720e-07	
0.94366667	9.84360019e-08	
0.94525000	2.55941312e-07	
0.94683333	1.68074770e-07	
0.94841667	3.93438822e-07	
0.95000000	3.99187984e-07	
0.95158333	5.01686191e-07	
0.95316667	6.29029577e-07	
0.95475000	6.54611749e-07	
0.95633333	6.06386697e-07	
0.95791667	3.80417454e-07	
0.95950000	1.80104977e-07	
0.96108333	1.54929776e-07	
0.96266667	1.51715750e-07	
0.96425000	3.38051637e-07	
0.96583333	1.95722636e-07	
0.96741667	3.42061081e-07	
0.96900000	5.12944320e-07	
0.97058333	5.61620192e-07	
0.97216667	5.39452998e-07	
0.97375000	5.15426688e-07	
0.97533333	5.37464292e-07	
0.97691667	5.26740315e-07	
0.97850000	3.13889380e-07	
0.98008333	1.19660849e-07	
0.98166667	8.69392548e-09	
0.98325000	2.50756404e-07	
0.98483333	2.51403569e-07	
0.98641667	2.33591759e-07	
0.98800000	2.95436860e-07	
0.98958333	4.52294635e-07	
0.99116667	6.24233298e-07	
0.99275000	6.07251488e-07	
0.99433333	5.48768680e-07	
0.99591667	6.41966942e-07	
0.99750000	5.65509119e-07	
0.99908333	2.52139078e-07	
1.00066667	4.44985537e-08	
1.00225000	1.22071617e-07	
1.00383333	2.16878496e-07	
1.00541667	1.34067818e-07	
1.00700000	2.99948031e-07	
1.00858333	4.53374839e-07	
1.01016667	4.01348953e-07	
1.01175000	4.28484214e-07	
1.01333333	4.96888344e-07	
1.01491667	4.41058151e-07	
1.01650000	4.90709979e-07	
1.01808333	3.28449726e-07	
1.01966667	1.28217361e-07	
1.02125000	1.12306508e-07	
1.02283333	2.68905334e-07	
1.02441667	2.70891267e-07	
1.02600000	2.11044798e-07	
1.02758333	2.07934334e-07	
1.02916667	3.77886196e-07	
1.03075000	6.28294880e-07	
1.03233333	5.16127335e-07	
1.03391667	5.90269398e-07	
1.03550000	6.69654920e-07	
1.03708333	6.45691837e-07	
1.03866667	4.72873178e-07	
1.04025000	1.60141482e-07	
1.04183333	2.99758518e-07	
1.04341667	2.73917363e-07	
1.04500000	1.70409024e-07	
1.04658333	2.66484485e-07	
1.04816667	2.49848967e-07	
1.04975000	5.31018627e-07	
1.05133333	5.94978649e-07	
1.05291667	5.84046623e-07	
1.05450000	6.25185733e-07	
1.05608333	6.00466727e-07	
1.05766667	5.26470047e-07	
1.05925000	1.50056031e-07	
1.06083333	9.52469528e-08	
1.06241667	2.32434524e-07	
1.06400000	1.92644164e-07	
1.06558333	2.40584247e-07	
1.06716667	3.04625277e-07	
1.06875000	3.74124563e-07	
1.07033333	4.72690890e-07	
1.07191667	4.40542283e-07	
1.07350000	6.04062761e-07	
1.07508333	5.34784852e-07	
1.07666667	5.52069356e-07	
1.07825000	4.96715856e-07	
1.07983333	3.09005261e-07	
@ 
0.00000000	2.19470600e-07	
0.00158333	2.33385082e-07	
0.00316667	2.79406253e-07	
0.00475000	1.85550312e-07	
0.00633333	2.46824551e-07	
0.00791667	5.30957416e-07	
0.00950000	5.95239901e-07	
0.01108333	6.00813159e-07	
0.01266667	4.65430584e-07	
0.01425000	5.34526065e-07	
0.01583333	6.67055955e-07	
0.01741667	2.92464415e-07	
0.01900000	1.25183495e-07	
0.02058333	4.31775664e-08	
0.02216667	1.78704789e-07	
0.02375000	2.70538367e-07	
0.02533333	6.96134336e-08	
0.02691667	1.92809526e-07	
0.02850000	4.45328342e-07	
0.03008333	5.38759743e-07	
0.03166667	6.23497481e-07	
0.03325000	4.65733362e-07	
0.03483333	7.06984907e-07	
0.03641667	4.93779476e-07	
0.03800000	2.23402438e-07	
0.03958333	1.71420094e-07	
0.04116667	1.04398596e-07	
0.04275000	1.56409152e-07	
0.04433333	1.00621815e-07	
0.04591667	2.47040077e-07	
0.04750000	4.75558835e-07	
0.04908333	4.91099420e-07	
0.05066667	4.92957415e-07	
0.05225000	4.89335453e-07	
0.05383333	7.18262637e-07	
0.05541667	9.02905386e-07	
0.05700000	5.15350132e-07	
0.05858333	2.18348043e-07	
0.06016667	2.17781855e-08	
0.06175000	1.14380169e-07	
0.06333333	-1.83215704e-08	
0.06491667	-1.35380741e-07	
0.06650000	1.52969408e-07	
0.06808333	3.90588154e-07	
0.06966667	6.43549405e-07	
0.07125000	4.41535264e-07	
0.07283333	3.40505527e-07	
0.07441667	4.67393388e-07	
0.07600000	5.24241595e-07	
0.07758333	4.62070545e-07	
0.07916667	1.49340396e-08	
0.08075000	-2.26432650e-08	
0.08233333	3.22608804e-07	
0.08391667	2.91634738e-07	
0.08550000	2.66882299e-07	
0.08708333	1.46608110e-07	
0.08866667	5.05487082e-07	
0.09025000	7.17094873e-07	
0.09183333	6.52753362e-07	
0.09341667	6.33038853e-07	
0.09500000	6.01478189e-07	
0.09658333	5.50254650e-07	
0.09816667	4.18072115e-07	
0.09975000	8.95941292e-08	
0.10133333	9.70963518e-08	
0.10291667	1.51240428e-07	
0.10450000	9.77785744e-08	
0.10608333	2.22822896e-07	
0.10766667	4.09566678e-07	
0.10925000	6.45148108e-07	
0.11083333	5.80200370e-07	
0.11241667	5.63779369e-07	
0.11400000	6.04787937e-07	
0.11558333	5.25753999e-07	
0.11716667	2.96154057e-07	
0.11875000	2.71969396e-08	
0.12033333	1.37410356e-08	
0.12191667	1.62085833e-07	
0.12350000	1.79292675e-07	
0.12508333	2.51663420e-07	
0.12666667	2.71627644e-07	
0.12825000	5.02938855e-07	
0.12983333	5.81929448e-07	
0.13141667	5.52286478e-07	
0.13300000	5.02247392e-07	
0.13458333	5.52934091e-07	
0.13616667	6.11745745e-07	
0.13775000	2.99628677e-07	
0.13933333	9.65346116e-08	
0.14091667	1.34327291e-07	
0.14250000	8.46941473e-08	
0.14408333	2.34612657e-07	
0.14566667	2.76121090e-07	
0.14725000	4.34974738e-07	
0.14883333	6.00294632e-07	
0.15041667	4.34811490e-07	
0.15200000	5.72682817e-07	
0.15358333	5.32797715e-07	
0.15516667	5.65940226e-07	
0.15675000	4.62016811e-07	
0.15833333	3.00501749e-08	
0.15991667	1.19782207e-07	
0.16150000	9.42009939e-08	
0.16308333	2.50842087e-07	
0.16466667	2.23645321e-07	
0.16625000	3.12933117e-08	
0.16783333	4.10379190e-07	
0.16941667	4.87728405e-07	
0.17100000	6.08331160e-07	
0.17258333	5.10241639e-07	
0.17416667	4.44342474e-07	
0.17575000	6.59640831e-07	
0.17733333	3.07319950e-07	
0.17891667	1.26480625e-07	
0.18050000	1.36444284e-07	
0.18208333	8.74169055e-08	
0.18366667	3.67383933e-07	
0.18525000	1.45882136e-07	
0.18683333	3.44135722e-07	
0.18841667	5.17649875e-07	
0.19000000	5.26014299e-07	
0.19158333	6.66323498e-07	
0.19316667	5.84566942e-07	
0.19475000	6.13127327e-07	
0.19633333	5.42252059e-07	
0.19791667	2.96818414e-07	
0.19950000	2.76894694e-08	
0.20108333	-7.41511142e-08	
0.20266667	5.13351409e-08	
0.20425000	5.68405240e-08	
0.20583333	1.24192809e-08	
0.20741667	3.60668755e-07	
0.20900000	6.68222320e-07	
0.21058333	7.12945814e-07	
0.21216667	6.07467098e-07	
0.21375000	5.42518911e-07	
0.21533333	4.65872612e-07	
0.21691667	2.92541979e-07	
0.21850000	2.22409556e-07	
0.22008333	9.50562712e-08	
0.22166667	6.43676782e-08	
0.22325000	1.78981539e-07	
0.22483333	3.97460649e-08	
0.22641667	2.49848547e-07	
0.22800000	2.61723796e-07	
0.22958333	3.87261381e-07	
0.23116667	4.59252051e-07	
0.23275000	4.02341681e-07	
0.23433333	4.80987942e-07	
0.23591667	5.02722686e-07	
0.23750000	3.81903872e-07	
0.23908333	2.06422028e-07	
0.24066667	-5.72986525e-08	
0.24225000	5.26744130e-08	
0.24383333	1.40472629e-07	
0.24541667	1.20811323e-07	
0.24700000	1.49390399e-07	
0.24858333	2.71705404e-07	
0.25016667	5.06939843e-07	
0.25175000	5.13829328e-07	
0.25333333	6.89438536e-07	
0.25491667	6.70082443e-07	
0.25650000	4.72691226e-07	
0.25808333	2.45440981e-07	
0.25966667	-2.77939824e-08	
0.26125000	3.11978204e-08	
0.26283333	1.69336338e-07	
0.26441667	8.12890825e-08	
0.26600000	1.00898999e-07	
0.26758333	3.14017598e-07	
0.26916667	5.20007245e-07	
0.27075000	5.09463372e-07	
0.27233333	5.68361271e-07	
0.27391667	5.78949666e-07	
0.27550000	4.98202667e-07	
0.27708333	5.53930991e-07	
0.27866667	3.13083308e-07	
0.28025000	1.27966078e-07	
0.28183333	1.53271149e-07	
0.28341667	1.96146155e-07	
0.28500000	7.22930628e-08	
0.28658333	9.83500730e-08	
0.28816667	3.90329450e-07	
0.28975000	6.26609204e-07	
0.29133333	6.08935931e-07	
0.29291667	6.26480567e-07	
0.29450000	5.26740651e-07	
0.29608333	5.05273768e-07	
0.29766667	3.56710694e-07	
0.29925000	1.07207157e-07	
0.30083333	-3.92879154e-08	
0.30241667	5.72986000e-08	
0.30400000	1.34431372e-07	
0.30558333	1.87382154e-07	
0.30716667	2.30560371e-07	
0.30875000	3.69233500e-07	
0.31033333	4.08391073e-07	
0.31191667	6.08893145e-07	
0.31350000	5.57557434e-07	
0.31508333	6.10838449e-07	
0.31666667	6.38795575e-07	
0.31825000	3.00017782e-07	
0.31983333	2.77928095e-07	
0.32141667	2.43850398e-07	
0.32300000	3.04036410e-07	
0.32458333	3.39600246e-07	
0.32616667	7.76852298e-08	
0.32775000	3.23436717e-07	
0.32933333	4.60936523e-07	
0.33091667	4.72301281e-07	
0.33250000	5.38803761e-07	
0.33408333	3.76198840e-07	
0.33566667	5.44593804e-07	
0.33725000	4.92782968e-07	
0.33883333	2.56892571e-07	
0.34041667	1.77210320e-07	
0.34200000	4.44905243e-08	
0.34358333	1.58716498e-07	
0.34516667	-5.28654691e-08	
0.34675000	1.30275286e-07	
0.34833333	2.16360066e-07	
0.34991667	3.33203331e-07	
0.35150000	5.84091537e-07	
0.35308333	4.89196511e-07	
0.35466667	4.33948408e-07	
0.35625000	5.41915204e-07	
0.35783333	2.96387587e-07	
0.35941667	2.30187689e-07	
0.36100000	6.07557052e-08	
0.36258333	1.34388124e-07	
0.36416667	3.74513865e-07	
0.36575000	9.15665867e-08	
0.36733333	1.98971902e-07	
0.36891667	3.98236781e-07	
0.37050000	4.71654675e-07	
0.37208333	4.44299380e-07	
0.37366667	5.60972355e-07	
0.37525000	5.51250375e-07	
0.37683333	6.43981632e-07	
0.37841667	3.47032088e-07	
0.38000000	3.97458766e-07	
0.38158333	7.12988712e-08	
0.38316667	1.49685266e-07	
0.38475000	8.45214635e-08	
0.38633333	8.88767860e-08	
0.38791667	2.93104272e-07	
0.38950000	3.62803263e-07	
0.39108333	5.78126485e-07	
0.39266667	6.08330936e-07	
0.39425000	5.98652526e-07	
0.39583333	6.92204668e-07	
0.39741667	5.67409844e-07	
0.39900000	4.41665190e-07	
0.40058333	1.72629496e-07	
0.40216667	1.96560098e-07	
0.40375000	2.82905962e-07	
0.40533333	2.01019802e-07	
0.40691667	3.47032116e-07	
0.40850000	4.01997770e-07	
0.41008333	7.03915297e-07	
0.41166667	7.59831174e-07	
0.41325000	7.45742454e-07	
0.41483333	8.28491487e-07	
0.41641667	8.44090427e-07	
0.41800000	7.45399607e-07	
0.41958333	4.15868528e-07	
0.42116667	6.78420209e-07	
0.42275000	9.58387244e-07	
0.42433333	1.00267952e-06	
0.42591667	1.33467731e-06	
0.42750000	1.58582249e-06	
0.42908333	2.19778054e-06	
0.43066667	2.57780239e-06	
0.43225000	3.00272459e-06	
0.43383333	3.56076163e-06	
0.43541667	4.28468147e-06	
0.43700000	5.40782755e-06	
0.43858333	6.36833158e-06	
0.44016667	7.40063575e-06	
0.44175000	8.97790441e-06	
0.44333333	1.08466626e-05	
0.44491667	1.32848193e-05	
0.44650000	1.61567787e-05	
0.44808333	2.07054408e-05	
0.44966667	2.67996719e-05	
0.45125000	3.50692323e-05	
0.45283333	4.78833994e-05	
0.45441667	6.70223522e-05	
0.45600000	9.45152026e-05	
0.45758333	1.24571624e-04	
0.45916667	1.47498626e-04	
0.46075000	1.78245321e-04	
0.46233333	2.48007040e-04	
0.46391667	3.91675661e-04	
0.46550000	5.63632114e-04	
0.46708333	4.57625281e-04	
0.46866667	5.00029889e-04	
0.47025000	1.11782865e-03	
0.47183333	1.87521872e-03	
0.47341667	8.47411860e-04	
0.47500000	1.99193253e-03	
0.47658333	1.87640442e-03	
0.47816667	3.53415094e-03	
0.47975000	3.91918914e-03	
0.48133333	3.77526254e-03	
0.48291667	5.26064155e-03	
0.48450000	7.73369004e-03	
0.48608333	9.29468579e-03	
0.48766667	1.35483940e-02	
0.48925000	1.66961180e-02	
0.49083333	2.01048332e-02	
0.49241667	2.46077412e-02	
0.49400000	3.27015852e-02	
0.49558333	5.42235430e-02	
0.49716667	4.36258853e-02	
0.49875000	4.64636507e-02	
0.50033333	6.30956837e-02	
0.50191667	8.22569483e-02	
0.50350000	9.03342232e-02	
0.50508333	1.05013265e-01	
0.50666667	1.64840604e+00	
0.50825000	3.50467867e+00	
0.50983333	3.93628370e+00	
0.51141667	4.06499864e+00	
0.51300000	7.29683831e+00	
0.51458333	9.09855103e+00	
0.51616667	1.29072003e+01	
0.51775000	1.41913111e+01	
0.51933333	1.46561193e+01	
0.52091667	1.51352201e+01	
0.52250000	1.53735363e+01	
0.52408333	1.61131422e+01	
0.52566667	1.63933867e+01	
0.52725000	1.72679030e+01	
0.52883333	1.80355831e+01	
0.53041667	2.00809775e+01	
0.53200000	2.11517617e+01	
0.53358333	2.16367771e+01	
0.53516667	2.20636333e+01	
