start voltage : 0.00 V 
set voltage : 0.10 V 
High G : 30.00 G0 
Intermediate G : 20.00 G0 
Low G : 10.00 G0 
Breaking speed 1 : 300.00 V/s 
Breaking speed 2 : 300.00 V/s 
Making speed : 500.00 V/s 
Post breaking : 230.00 V/s 
@ 
0.00000000	4.12758146e+01	
0.00158333	4.18355330e+01	
0.00316667	4.16799145e+01	
0.00475000	4.19467024e+01	
0.00633333	4.17306511e+01	
0.00791667	4.16792981e+01	
0.00950000	4.18205525e+01	
0.01108333	4.16195793e+01	
0.01266667	4.16964471e+01	
0.01425000	4.15765096e+01	
0.01583333	4.17918356e+01	
0.01741667	4.17651294e+01	
0.01900000	4.16651220e+01	
0.02058333	4.16677302e+01	
0.02216667	4.17148663e+01	
0.02375000	4.16437938e+01	
0.02533333	4.18142875e+01	
0.02691667	4.16939215e+01	
0.02850000	4.17809742e+01	
0.03008333	4.16912231e+01	
0.03166667	4.17676249e+01	
0.03325000	4.16972438e+01	
0.03483333	4.16598679e+01	
0.03641667	4.16739877e+01	
0.03800000	4.15477814e+01	
0.03958333	4.15571169e+01	
0.04116667	4.16472777e+01	
0.04275000	4.14501154e+01	
0.04433333	4.15436097e+01	
0.04591667	4.14617209e+01	
0.04750000	4.14537985e+01	
0.04908333	4.15943689e+01	
0.05066667	4.14635624e+01	
0.05225000	4.15589359e+01	
0.05383333	4.14067488e+01	
0.05541667	4.16479204e+01	
0.05700000	4.14560609e+01	
0.05858333	4.13848381e+01	
0.06016667	4.13367285e+01	
0.06175000	4.12030094e+01	
0.06333333	4.14705190e+01	
0.06491667	4.14527687e+01	
0.06650000	4.12440798e+01	
0.06808333	4.14669674e+01	
0.06966667	4.12914301e+01	
0.07125000	4.12402764e+01	
0.07283333	4.12701095e+01	
0.07441667	4.12740369e+01	
0.07600000	4.12242098e+01	
0.07758333	4.06279122e+01	
0.07916667	4.07426520e+01	
0.08075000	4.04387249e+01	
0.08233333	4.03889805e+01	
0.08391667	4.06174116e+01	
0.08550000	3.98630677e+01	
0.08708333	3.96996170e+01	
0.08866667	3.97093509e+01	
0.09025000	3.95135754e+01	
0.09183333	3.96620080e+01	
0.09341667	3.93072466e+01	
0.09500000	3.94790256e+01	
0.09658333	3.93411687e+01	
0.09816667	3.93756132e+01	
0.09975000	3.96659542e+01	
0.10133333	3.93291911e+01	
0.10291667	3.94965504e+01	
0.10450000	3.94856139e+01	
0.10608333	3.94703516e+01	
0.10766667	3.94683634e+01	
0.10925000	3.93893873e+01	
0.11083333	3.93513912e+01	
0.11241667	3.93808522e+01	
0.11400000	3.92638875e+01	
0.11558333	3.91445213e+01	
0.11716667	3.91564086e+01	
0.11875000	3.92248842e+01	
0.12033333	3.88400604e+01	
0.12191667	3.87995576e+01	
0.12350000	3.89456113e+01	
0.12508333	3.87411955e+01	
0.12666667	3.86764030e+01	
0.12825000	3.84797744e+01	
0.12983333	3.85642978e+01	
0.13141667	3.85297180e+01	
0.13300000	3.84931049e+01	
0.13458333	3.85309281e+01	
0.13616667	3.83223857e+01	
0.13775000	3.84143843e+01	
0.13933333	3.83455555e+01	
0.14091667	3.79750807e+01	
0.14250000	3.80038277e+01	
0.14408333	3.78908317e+01	
0.14566667	3.79741750e+01	
0.14725000	3.78984986e+01	
0.14883333	3.79061429e+01	
0.15041667	3.80902791e+01	
0.15200000	3.79803874e+01	
0.15358333	3.81231752e+01	
0.15516667	3.78780310e+01	
0.15675000	3.77486640e+01	
0.15833333	3.73933614e+01	
0.15991667	3.63522318e+01	
0.16150000	3.59653034e+01	
0.16308333	3.52402702e+01	
0.16466667	3.56114440e+01	
0.16625000	3.54762479e+01	
0.16783333	3.53627370e+01	
0.16941667	3.53661119e+01	
0.17100000	3.51140639e+01	
0.17258333	3.50863504e+01	
0.17416667	3.51932092e+01	
0.17575000	3.49224300e+01	
0.17733333	3.49728997e+01	
0.17891667	3.46411727e+01	
0.18050000	3.48716558e+01	
0.18208333	3.49603471e+01	
0.18366667	3.51648380e+01	
0.18525000	3.50805665e+01	
0.18683333	3.47918415e+01	
0.18841667	3.48031577e+01	
0.19000000	3.47080435e+01	
0.19158333	3.46928037e+01	
0.19316667	3.48846481e+01	
0.19475000	3.47547174e+01	
0.19633333	3.44608962e+01	
0.19791667	3.44331640e+01	
0.19950000	3.43853288e+01	
0.20108333	3.45845319e+01	
0.20266667	3.47764214e+01	
0.20425000	3.47076601e+01	
0.20583333	3.46500535e+01	
0.20741667	3.46700362e+01	
0.20900000	3.46202016e+01	
0.21058333	3.40093707e+01	
0.21216667	3.44004671e+01	
0.21375000	3.42017187e+01	
0.21533333	3.40106861e+01	
0.21691667	3.39039928e+01	
0.21850000	3.33412301e+01	
0.22008333	3.34860248e+01	
0.22166667	3.34141706e+01	
0.22325000	3.32339242e+01	
0.22483333	3.33043503e+01	
0.22641667	3.33213940e+01	
0.22800000	3.32384867e+01	
0.22958333	3.32247953e+01	
0.23116667	3.33205597e+01	
0.23275000	3.32169481e+01	
0.23433333	3.30389980e+01	
0.23591667	3.31163168e+01	
0.23750000	3.30300195e+01	
0.23908333	3.30031366e+01	
0.24066667	3.29338680e+01	
0.24225000	3.26520583e+01	
0.24383333	3.06352587e+01	
0.24541667	3.06122412e+01	
0.24700000	3.07293186e+01	
0.24858333	3.08190416e+01	
0.25016667	3.05775167e+01	
0.25175000	3.05790670e+01	
0.25333333	3.04918000e+01	
0.25491667	3.05488111e+01	
0.25650000	3.06017180e+01	
0.25808333	3.05663546e+01	
0.25966667	3.06308953e+01	
0.26125000	3.05593530e+01	
0.26283333	3.04717272e+01	
0.26441667	3.04461616e+01	
0.26600000	3.04567260e+01	
0.26758333	3.05878463e+01	
0.26916667	3.03751454e+01	
0.27075000	3.03291235e+01	
0.27233333	3.01893255e+01	
0.27391667	3.00653835e+01	
0.27550000	2.99234451e+01	
0.27708333	2.95750202e+01	
0.27866667	2.92554906e+01	
0.28025000	2.86570733e+01	
0.28183333	2.88419161e+01	
0.28341667	2.90034688e+01	
0.28500000	2.87706725e+01	
0.28658333	2.84963229e+01	
0.28816667	2.83163377e+01	
0.28975000	2.85009757e+01	
0.29133333	2.86373819e+01	
0.29291667	2.84396032e+01	
0.29450000	2.84618521e+01	
0.29608333	2.84943611e+01	
0.29766667	2.86067859e+01	
0.29925000	2.83432713e+01	
0.30083333	2.79890323e+01	
0.30241667	2.82663678e+01	
0.30400000	2.77218873e+01	
0.30558333	2.75658254e+01	
0.30716667	2.74843518e+01	
0.30875000	2.74190745e+01	
0.31033333	2.74944954e+01	
0.31191667	2.73001329e+01	
0.31350000	2.69458808e+01	
0.31508333	2.72179810e+01	
0.31666667	2.69392399e+01	
0.31825000	2.71336737e+01	
0.31983333	2.70727598e+01	
0.32141667	2.72050789e+01	
0.32300000	2.71216398e+01	
0.32458333	2.71182630e+01	
0.32616667	2.70369041e+01	
0.32775000	2.57517014e+01	
0.32933333	2.47353069e+01	
0.33091667	2.46038634e+01	
0.33250000	2.43490775e+01	
0.33408333	2.45471249e+01	
0.33566667	2.47557969e+01	
0.33725000	2.49266458e+01	
0.33883333	2.46484101e+01	
0.34041667	2.41653885e+01	
0.34200000	2.43607845e+01	
0.34358333	2.41439288e+01	
0.34516667	2.43494533e+01	
0.34675000	2.42731154e+01	
0.34833333	2.39318894e+01	
0.34991667	2.39521089e+01	
0.35150000	2.37610612e+01	
0.35308333	2.38826354e+01	
0.35466667	2.37619519e+01	
0.35625000	2.37792268e+01	
0.35783333	2.39822238e+01	
0.35941667	2.40916288e+01	
0.36100000	2.39397310e+01	
0.36258333	2.38424521e+01	
0.36416667	2.35259254e+01	
0.36575000	2.33433545e+01	
0.36733333	2.36267540e+01	
0.36891667	2.34622228e+01	
0.37050000	2.21375941e+01	
0.37208333	2.19671041e+01	
0.37366667	2.21439625e+01	
0.37525000	2.21079094e+01	
0.37683333	2.21789838e+01	
0.37841667	2.20991264e+01	
0.38000000	2.19647402e+01	
0.38158333	2.19761183e+01	
0.38316667	2.18095445e+01	
0.38475000	2.18743163e+01	
0.38633333	2.10039961e+01	
0.38791667	2.06515254e+01	
0.38950000	2.01063514e+01	
0.39108333	1.99490586e+01	
0.39266667	2.01246692e+01	
0.39425000	1.99515804e+01	
0.39583333	1.97619177e+01	
0.39741667	1.96688105e+01	
0.39900000	1.97893606e+01	
0.40058333	1.97973600e+01	
0.40216667	1.96714582e+01	
0.40375000	1.96669877e+01	
0.40533333	1.93936810e+01	
0.40691667	1.91690326e+01	
0.40850000	1.92475634e+01	
0.41008333	1.91390755e+01	
0.41166667	1.85632811e+01	
0.41325000	1.77214654e+01	
0.41483333	1.74601288e+01	
0.41641667	1.70421778e+01	
0.41800000	1.66781560e+01	
0.41958333	1.69958196e+01	
0.42116667	1.67911501e+01	
0.42275000	1.65870331e+01	
0.42433333	1.64901000e+01	
0.42591667	1.63251798e+01	
0.42750000	1.65632941e+01	
0.42908333	1.65723872e+01	
0.43066667	1.61544343e+01	
0.43225000	1.64155247e+01	
0.43383333	1.64527672e+01	
0.43541667	1.62290941e+01	
0.43700000	1.61193133e+01	
0.43858333	1.60730622e+01	
0.44016667	1.61896567e+01	
0.44175000	1.60551917e+01	
0.44333333	1.53241302e+01	
0.44491667	1.48890509e+01	
0.44650000	1.49009467e+01	
0.44808333	1.47451535e+01	
0.44966667	1.37377628e+01	
0.45125000	1.36935844e+01	
0.45283333	1.37551269e+01	
0.45441667	1.38576044e+01	
0.45600000	1.37266158e+01	
0.45758333	1.36301430e+01	
0.45916667	1.36012701e+01	
0.46075000	1.35030535e+01	
0.46233333	1.33876343e+01	
0.46391667	1.36321452e+01	
0.46550000	1.35359618e+01	
0.46708333	1.33795616e+01	
0.46866667	1.32140429e+01	
0.47025000	1.30804065e+01	
0.47183333	1.29170451e+01	
0.47341667	1.29618145e+01	
0.47500000	1.29222653e+01	
0.47658333	1.27863392e+01	
0.47816667	1.28345803e+01	
0.47975000	1.26391806e+01	
0.48133333	1.23118780e+01	
0.48291667	1.20322189e+01	
0.48450000	1.19777353e+01	
0.48608333	1.23289875e+01	
0.48766667	1.22699376e+01	
0.48925000	1.19857160e+01	
0.49083333	1.15936463e+01	
0.49241667	9.73394868e+00	
0.49400000	9.45431779e+00	
0.49558333	9.26433656e+00	
0.49716667	9.35701349e+00	
0.49875000	9.44521809e+00	
0.50033333	9.50399172e+00	
0.50191667	9.62254995e+00	
0.50350000	9.61204936e+00	
0.50508333	9.41355847e+00	
0.50666667	9.51264794e+00	
0.50825000	9.37324544e+00	
0.50983333	9.34978165e+00	
0.51141667	9.26977195e+00	
0.51300000	9.17851376e+00	
0.51458333	9.08904168e+00	
0.51616667	9.11164107e+00	
0.51775000	9.09487827e+00	
0.51933333	8.97482425e+00	
0.52091667	9.05513461e+00	
0.52250000	8.98735618e+00	
0.52408333	8.95595964e+00	
0.52566667	8.88758082e+00	
0.52725000	8.51845625e+00	
0.52883333	7.66525915e+00	
0.53041667	7.73641955e+00	
0.53200000	7.59031935e+00	
0.53358333	7.47523422e+00	
0.53516667	7.36185817e+00	
0.53675000	7.34629473e+00	
0.53833333	7.31110703e+00	
0.53991667	7.38032723e+00	
0.54150000	7.39246689e+00	
0.54308333	7.44000378e+00	
0.54466667	7.18889342e+00	
0.54625000	7.01968365e+00	
0.54783333	6.98817341e+00	
0.54941667	7.09899807e+00	
0.55100000	6.87459770e+00	
0.55258333	6.08821739e+00	
0.55416667	4.94675761e+00	
0.55575000	4.76049283e+00	
0.55733333	4.75432880e+00	
0.55891667	4.88634209e+00	
0.56050000	4.38079155e+00	
0.56208333	4.07281066e+00	
0.56366667	4.02448830e+00	
0.56525000	4.05445060e+00	
0.56683333	4.03041743e+00	
0.56841667	3.93889640e+00	
0.57000000	4.03290446e+00	
0.57158333	3.94464349e+00	
0.57316667	4.08403002e+00	
0.57475000	3.93036537e+00	
0.57633333	3.95608365e+00	
0.57791667	4.03922822e+00	
0.57950000	4.43563826e+00	
0.58108333	4.42330552e+00	
0.58266667	4.45343224e+00	
0.58425000	4.47882778e+00	
0.58583333	4.11441325e+00	
0.58741667	3.43824241e+00	
0.58900000	3.23120265e+00	
0.59058333	3.19465446e+00	
0.59216667	2.81997775e+00	
0.59375000	2.60487275e+00	
0.59533333	2.54352964e+00	
0.59691667	2.21717999e+00	
0.59850000	2.05427165e+00	
0.60008333	2.07274963e+00	
0.60166667	2.01431495e+00	
0.60325000	1.99072362e+00	
0.60483333	2.05505643e+00	
0.60641667	1.89091996e+00	
0.60800000	1.81239171e+00	
0.60958333	1.73105840e+00	
0.61116667	1.71122486e+00	
0.61275000	1.75287512e+00	
0.61433333	2.21410761e+00	
0.61591667	1.83865282e+00	
0.61750000	1.81811802e+00	
0.61908333	1.73480292e+00	
0.62066667	1.68487120e+00	
0.62225000	1.71424732e+00	
0.62383333	1.71471617e+00	
0.62541667	1.68055530e+00	
0.62700000	1.67071417e+00	
0.62858333	1.60244352e+00	
0.63016667	1.58969689e+00	
0.63175000	1.52483452e+00	
0.63333333	1.22859093e+00	
0.63491667	7.73582011e-01	
0.63650000	7.44738560e-01	
0.63808333	7.21999706e-01	
0.63966667	7.22266660e-01	
0.64125000	7.09082901e-01	
0.64283333	8.40125323e-01	
0.64441667	8.04377058e-01	
0.64600000	8.03277002e-01	
0.64758333	7.28062609e-01	
0.64916667	6.68763353e-01	
0.65075000	6.63084380e-01	
0.65233333	5.44369773e-01	
0.65391667	5.25792316e-01	
0.65550000	6.21032976e-01	
0.65708333	6.98243947e-01	
0.65866667	6.73889451e-01	
0.66025000	8.95503651e-01	
0.66183333	4.67215998e-01	
0.66341667	7.05496539e-05	
0.66500000	-9.46822202e-04	
0.66658333	-3.08269188e-03	
0.66816667	6.23531943e-05	
0.66975000	1.09122214e-03	
0.67133333	4.08322855e-04	
0.67291667	5.23435255e-05	
0.67450000	1.20629923e-05	
0.67608333	-5.15716209e-06	
0.67766667	-1.43476081e-05	
0.67925000	-1.84830962e-05	
0.68083333	-1.89598147e-05	
0.68241667	-1.69989992e-05	
0.68400000	-1.42109898e-05	
0.68558333	-1.05457938e-05	
0.68716667	-7.47483236e-06	
0.68875000	-4.80062456e-06	
0.69033333	-2.53935263e-06	
0.69191667	-8.36894272e-07	
0.69350000	4.29004758e-07	
0.69508333	1.32521143e-06	
0.69666667	1.92706349e-06	
0.69825000	2.51127835e-06	
0.69983333	2.64136815e-06	
0.70141667	2.70565456e-06	
0.70300000	2.69276636e-06	
0.70458333	2.72892450e-06	
0.70616667	2.90117277e-06	
0.70775000	2.59776146e-06	
0.70933333	2.47990753e-06	
0.71091667	2.12459645e-06	
0.71250000	2.01273860e-06	
0.71408333	1.65747367e-06	
0.71566667	1.18364794e-06	
0.71725000	1.21113420e-06	
0.71883333	1.02112865e-06	
0.72041667	9.82343550e-07	
0.72200000	9.28443484e-07	
0.72358333	6.99162420e-07	
0.72516667	7.00029171e-07	
0.72675000	8.95774418e-07	
0.72833333	8.25469143e-07	
0.72991667	8.26681486e-07	
0.73150000	7.53333259e-07	
0.73308333	9.23290021e-07	
0.73466667	4.32132974e-07	
0.73625000	4.54844765e-07	
0.73783333	4.39330725e-07	
0.73941667	3.41543757e-07	
0.74100000	4.74591727e-07	
0.74258333	3.96204366e-07	
0.74416667	5.75792916e-07	
0.74575000	4.77182516e-07	
0.74733333	5.86468171e-07	
0.74891667	6.93328302e-07	
0.75050000	5.23799567e-07	
0.75208333	5.44682400e-07	
0.75366667	4.31034065e-07	
0.75525000	2.71386413e-07	
0.75683333	2.15971535e-07	
0.75841667	8.42193020e-08	
0.76000000	1.89767315e-07	
0.76158333	2.46477532e-07	
0.76316667	2.42019396e-07	
0.76475000	4.18156539e-07	
0.76633333	5.79984368e-07	
0.76791667	5.37853062e-07	
0.76950000	4.51344468e-07	
0.77108333	5.79636593e-07	
0.77266667	6.12394927e-07	
0.77425000	2.43453844e-07	
0.77583333	3.62804075e-07	
0.77741667	3.49191124e-07	
0.77900000	3.54074544e-07	
0.78058333	3.74384191e-07	
0.78216667	1.31751890e-07	
0.78375000	5.46150450e-07	
0.78533333	5.79596887e-07	
0.78691667	6.27042104e-07	
0.78850000	6.35468802e-07	
0.79008333	6.96442042e-07	
0.79166667	6.10406949e-07	
0.79325000	4.22306157e-07	
0.79483333	2.24776166e-07	
0.79641667	8.84966829e-08	
0.79800000	-2.08279996e-08	
0.79958333	1.39632353e-07	
0.80116667	1.55103174e-07	
0.80275000	2.76484630e-07	
0.80433333	5.14865598e-07	
0.80591667	5.59805207e-07	
0.80750000	5.97096440e-07	
0.80908333	5.89404215e-07	
0.81066667	5.64800295e-07	
0.81225000	7.08970476e-07	
0.81383333	4.80859921e-07	
0.81541667	3.91149523e-07	
0.81700000	1.40730871e-07	
0.81858333	1.73821636e-07	
0.82016667	2.69035792e-07	
0.82175000	1.91507348e-08	
0.82333333	1.87183471e-07	
0.82491667	4.65412047e-07	
0.82650000	6.85378017e-07	
0.82808333	6.59579396e-07	
0.82966667	4.39417697e-07	
0.83125000	6.08399259e-07	
0.83283333	4.35054877e-07	
0.83441667	3.31259120e-07	
0.83600000	1.56625210e-07	
0.83758333	1.23627675e-07	
0.83916667	2.26089873e-07	
0.84075000	2.06083465e-07	
0.84233333	1.82092815e-07	
0.84391667	1.84711926e-07	
0.84550000	3.41760627e-07	
0.84708333	5.65681719e-07	
0.84866667	5.41180955e-07	
0.85025000	4.34362798e-07	
0.85183333	6.88793499e-07	
0.85341667	5.88843406e-07	
0.85500000	2.03007009e-07	
0.85658333	5.64432422e-08	
0.85816667	1.52450027e-07	
0.85975000	1.12090913e-07	
0.86133333	1.06990998e-08	
0.86291667	1.26609179e-07	
0.86450000	3.47721759e-07	
0.86608333	5.65855494e-07	
0.86766667	3.51309728e-07	
0.86925000	4.63788955e-07	
0.87083333	6.16194641e-07	
0.87241667	6.50878397e-07	
0.87400000	4.56580591e-07	
0.87558333	3.18598660e-07	
0.87716667	1.37196020e-07	
0.87875000	2.02808578e-07	
0.88033333	2.22062746e-07	
0.88191667	1.01097843e-07	
0.88350000	1.34785322e-07	
0.88508333	3.28691769e-07	
0.88666667	6.41432622e-07	
0.88825000	4.95852017e-07	
0.88983333	5.34956388e-07	
0.89141667	6.88186207e-07	
0.89300000	6.09584104e-07	
0.89458333	3.81124289e-07	
0.89616667	1.15893567e-07	
0.89775000	1.66571144e-07	
0.89933333	1.05695664e-07	
0.90091667	9.87382895e-08	
0.90250000	1.82560212e-07	
0.90408333	2.55708790e-07	
0.90566667	5.61490378e-07	
0.90725000	5.32755489e-07	
0.90883333	5.17415393e-07	
0.91041667	5.31502377e-07	
0.91200000	5.15383734e-07	
0.91358333	4.73701175e-07	
0.91516667	7.74940582e-08	
0.91675000	-5.78187837e-09	
0.91833333	1.91210472e-07	
0.91991667	8.95334224e-08	
0.92150000	1.83994282e-07	
0.92308333	1.44282802e-07	
0.92466667	2.37663352e-07	
0.92625000	3.88168285e-07	
0.92783333	4.36522395e-07	
0.92941667	6.23541779e-07	
0.93100000	5.00258967e-07	
0.93258333	5.94806665e-07	
0.93416667	4.55407422e-07	
0.93575000	1.34120222e-07	
0.93733333	1.61048988e-07	
0.93891667	7.75126371e-08	
0.94050000	2.85463933e-07	
0.94208333	2.59061576e-07	
0.94366667	3.47231037e-07	
0.94525000	4.75439213e-07	
0.94683333	5.11061964e-07	
0.94841667	5.33402822e-07	
0.95000000	4.05885688e-07	
0.95158333	3.37480803e-07	
0.95316667	3.26636000e-07	
0.95475000	8.15841597e-08	
0.95633333	1.19358394e-07	
0.95791667	1.49511183e-07	
0.95950000	1.53677476e-07	
0.96108333	2.72663383e-07	
0.96266667	2.46260878e-09	
0.96425000	4.59728604e-07	
0.96583333	4.54066526e-07	
0.96741667	4.16514769e-07	
0.96900000	4.31423366e-07	
0.97058333	4.92255480e-07	
0.97216667	6.42467772e-07	
0.97375000	4.49657252e-07	
0.97533333	2.20577293e-07	
0.97691667	4.58209795e-08	
0.97850000	4.52072725e-08	
0.98008333	2.53495627e-07	
0.98166667	6.29162681e-08	
0.98325000	-9.50635831e-09	
0.98483333	2.40144627e-07	
0.98641667	3.64186021e-07	
0.98800000	4.50263844e-07	
0.98958333	5.07647267e-07	
0.99116667	5.76053944e-07	
0.99275000	4.93086725e-07	
0.99433333	3.33982270e-07	
0.99591667	1.36713810e-07	
0.99750000	3.38343067e-08	
0.99908333	1.05911896e-07	
1.00066667	9.06495245e-08	
1.00225000	1.81704325e-07	
1.00383333	4.06620133e-07	
1.00541667	3.41656014e-07	
1.00700000	4.15175553e-07	
1.00858333	3.28449978e-07	
1.01016667	3.08703268e-07	
1.01175000	5.40490444e-07	
1.01333333	4.18720568e-07	
1.01491667	2.52700559e-07	
1.01650000	8.68549902e-08	
1.01808333	1.55215291e-07	
1.01966667	3.02825384e-07	
1.02125000	4.65211194e-08	
1.02283333	2.01149140e-07	
1.02441667	3.54913265e-07	
1.02600000	5.80159320e-07	
1.02758333	6.71593111e-07	
1.02916667	5.68707926e-07	
1.03075000	6.31017890e-07	
1.03233333	5.97746461e-07	
1.03391667	4.18459961e-07	
1.03550000	1.68861927e-07	
1.03708333	7.75640054e-08	
1.03866667	1.19332773e-07	
1.04025000	8.59824291e-08	
1.04183333	1.18865950e-07	
1.04341667	1.23195196e-07	
1.04500000	2.88625751e-07	
1.04658333	6.11486230e-07	
1.04816667	5.03933460e-07	
1.04975000	5.00822800e-07	
1.05133333	6.58327460e-07	
1.05291667	5.81020975e-07	
1.05450000	3.61550347e-07	
1.05608333	8.72876954e-09	
1.05766667	1.31414307e-07	
1.05925000	2.14458753e-07	
1.06083333	1.26159619e-07	
1.06241667	9.21268638e-09	
1.06400000	2.39262196e-07	
1.06558333	5.54239565e-07	
1.06716667	5.87502874e-07	
1.06875000	5.72034196e-07	
1.07033333	6.05824768e-07	
1.07191667	5.97269600e-07	
1.07350000	4.78221306e-07	
1.07508333	2.67825102e-07	
1.07666667	7.81261026e-08	
1.07825000	2.71237839e-07	
1.07983333	2.18339293e-07	
1.08141667	2.95393011e-07	
1.08300000	1.83390043e-07	
1.08458333	2.69595397e-07	
1.08616667	5.59148913e-07	
1.08775000	6.26741650e-07	
1.08933333	6.43979336e-07	
1.09091667	5.24198753e-07	
1.09250000	5.58127764e-07	
1.09408333	4.73123621e-07	
1.09566667	1.70209725e-07	
1.09725000	2.06853500e-07	
1.09883333	1.61178284e-07	
1.10041667	1.48171827e-07	
1.10200000	2.14190179e-07	
1.10358333	9.54990901e-08	
1.10516667	4.34378787e-07	
1.10675000	3.66433234e-07	
1.10833333	4.40541331e-07	
1.10991667	5.26791558e-07	
1.11150000	3.96378758e-07	
1.11308333	5.76053664e-07	
1.11466667	2.89863098e-07	
1.11625000	1.22935764e-07	
1.11783333	1.91339390e-07	
1.11941667	1.63892208e-07	
1.12100000	1.55216271e-07	
1.12258333	5.72381593e-08	
1.12416667	2.54299487e-07	
1.12575000	5.09160118e-07	
1.12733333	3.54290573e-07	
1.12891667	5.95928564e-07	
1.13050000	4.25589893e-07	
1.13208333	4.98962677e-07	
1.13366667	4.83044131e-07	
1.13525000	1.92645550e-07	
1.13683333	1.01806163e-07	
1.13841667	9.35095798e-08	
1.14000000	2.30836268e-07	
1.14158333	1.19176652e-07	
1.14316667	1.74565167e-07	
1.14475000	5.32842293e-07	
1.14633333	4.21528254e-07	
1.14791667	5.59416997e-07	
1.14950000	4.94815411e-07	
1.15108333	4.99826180e-07	
1.15266667	7.43541051e-07	
1.15425000	2.52571361e-07	
1.15583333	1.47808398e-07	
1.15741667	5.83093089e-08	
1.15900000	4.12237962e-08	
1.16058333	1.32979801e-07	
1.16216667	1.30152850e-07	
1.16375000	3.98192623e-07	
1.16533333	4.31855174e-07	
1.16691667	4.80079750e-07	
1.16850000	5.32192272e-07	
1.17008333	4.94471611e-07	
1.17166667	7.63289385e-07	
1.17325000	6.49121543e-07	
1.17483333	3.40057759e-07	
1.17641667	7.84725271e-08	
1.17800000	-2.88655292e-08	
1.17958333	1.76442077e-07	
1.18116667	4.11287600e-08	
1.18275000	1.91816433e-07	
1.18433333	4.61759003e-07	
1.18591667	6.61480737e-07	
1.18750000	6.28596566e-07	
1.18908333	5.36124600e-07	
1.19066667	5.40661868e-07	
1.19225000	5.80201322e-07	
1.19383333	5.04018920e-07	
1.19541667	3.15244809e-07	
1.19700000	1.79759050e-07	
1.19858333	2.41379203e-07	
1.20016667	3.28322124e-07	
1.20175000	-1.85117269e-08	
1.20333333	8.28360075e-10	
1.20491667	2.20551336e-07	
1.20650000	5.46711427e-07	
1.20808333	5.27481508e-07	
1.20966667	4.01002101e-07	
1.21125000	4.89673428e-07	
1.21283333	5.85430165e-07	
1.21441667	3.71256619e-07	
1.21600000	5.74103740e-08	
1.21758333	-7.76160527e-08	
1.21916667	1.31638975e-07	
1.22075000	6.80909484e-09	
1.22233333	1.33107935e-07	
1.22391667	2.75386393e-07	
1.22550000	5.74410550e-07	
1.22708333	7.41076717e-07	
1.22866667	6.25054687e-07	
1.23025000	7.22755999e-07	
1.23183333	6.73144492e-07	
1.23341667	6.03190634e-07	
1.23500000	3.17518847e-07	
1.23658333	7.59650216e-08	
1.23816667	1.46356715e-07	
1.23975000	1.26177694e-07	
1.24133333	4.80337718e-08	
1.24291667	-1.51234576e-08	
1.24450000	9.75017750e-08	
1.24608333	4.46375197e-07	
1.24766667	3.26584142e-07	
1.24925000	5.34223819e-07	
1.25083333	7.21630796e-07	
1.25241667	5.76139068e-07	
1.25400000	4.14440716e-07	
1.25558333	1.48516858e-07	
1.25716667	8.48234781e-08	
1.25875000	1.65759346e-07	
@ 
0.00000000	1.02368008e-07	
0.00158333	2.23013613e-07	
0.00316667	2.07734587e-07	
0.00475000	4.51689668e-07	
0.00633333	6.69821751e-07	
0.00791667	5.28736245e-07	
0.00950000	5.46408230e-07	
0.01108333	5.27568424e-07	
0.01266667	5.78462780e-07	
0.01425000	3.40143582e-07	
0.01583333	1.10058686e-07	
0.01741667	5.63475234e-08	
0.01900000	1.81530815e-07	
0.02058333	1.77858227e-07	
0.02216667	2.03302912e-07	
0.02375000	1.57497085e-07	
0.02533333	4.58862750e-07	
0.02691667	4.32677263e-07	
0.02850000	4.65517640e-07	
0.03008333	5.03587476e-07	
0.03166667	6.04572496e-07	
0.03325000	5.05400558e-07	
0.03483333	2.81437856e-07	
0.03641667	2.20464938e-07	
0.03800000	2.68689528e-07	
0.03958333	2.32996677e-07	
0.04116667	1.89248984e-07	
0.04275000	1.13472565e-07	
0.04433333	5.27699414e-07	
0.04591667	6.40698317e-07	
0.04750000	5.54965526e-07	
0.04908333	4.89284379e-07	
0.05066667	4.90302616e-07	
0.05225000	6.43591910e-07	
0.05383333	4.01658927e-07	
0.05541667	1.30239528e-07	
0.05700000	2.32089016e-07	
0.05858333	1.11831054e-07	
0.06016667	1.79241517e-07	
0.06175000	-3.39123077e-08	
0.06333333	1.47333665e-07	
0.06491667	4.72172195e-07	
0.06650000	5.09031817e-07	
0.06808333	5.33705460e-07	
0.06966667	5.35045656e-07	
0.07125000	5.94070624e-07	
0.07283333	6.98554065e-07	
0.07441667	3.21147530e-07	
0.07600000	2.88004963e-07	
0.07758333	2.55466831e-07	
0.07916667	2.95436132e-07	
0.08075000	1.97872909e-07	
0.08233333	8.19285052e-08	
0.08391667	3.11070382e-07	
0.08550000	4.34189582e-07	
0.08708333	6.30672019e-07	
0.08866667	5.83786995e-07	
0.09025000	5.60799643e-07	
0.09183333	7.66789262e-07	
0.09341667	4.74636025e-07	
0.09500000	2.51560040e-07	
0.09658333	1.13429898e-07	
0.09816667	1.14172904e-07	
0.09975000	9.83148545e-08	
0.10133333	1.54998981e-07	
0.10291667	2.85584618e-07	
0.10450000	3.33721662e-07	
0.10608333	3.92274670e-07	
0.10766667	4.80554203e-07	
0.10925000	4.64955263e-07	
0.11083333	5.28951798e-07	
0.11241667	6.30368093e-07	
0.11400000	3.74092390e-07	
0.11558333	1.92886375e-07	
0.11716667	1.16800598e-07	
0.11875000	3.69501304e-07	
0.12033333	2.78471907e-07	
0.12191667	1.37723662e-07	
0.12350000	3.05288319e-07	
0.12508333	5.10776799e-07	
0.12666667	6.42555976e-07	
0.12825000	5.44551634e-07	
0.12983333	4.56658547e-07	
0.13141667	5.41785502e-07	
0.13300000	4.01305943e-07	
0.13458333	2.44627573e-07	
0.13616667	1.09350486e-07	
0.13775000	1.36073212e-07	
0.13933333	2.98029301e-07	
0.14091667	2.11537270e-07	
0.14250000	2.25477653e-07	
0.14408333	3.34975531e-07	
0.14566667	7.44360760e-07	
0.14725000	6.74789622e-07	
0.14883333	5.97061271e-07	
0.15041667	6.26998478e-07	
0.15200000	5.71430096e-07	
0.15358333	4.78005192e-07	
0.15516667	2.20153004e-07	
0.15675000	7.59594459e-09	
0.15833333	1.47263872e-07	
0.15991667	1.02290193e-07	
0.16150000	1.35200343e-07	
0.16308333	2.65144793e-07	
0.16466667	3.32944347e-07	
0.16625000	4.75862704e-07	
0.16783333	4.42399523e-07	
0.16941667	4.52683320e-07	
0.17100000	5.52847959e-07	
0.17258333	5.32511934e-07	
0.17416667	5.20569118e-07	
0.17575000	2.08019584e-07	
0.17733333	2.20248755e-07	
0.17891667	1.40350992e-07	
0.18050000	2.54082897e-07	
0.18208333	9.53848450e-08	
0.18366667	1.14666657e-07	
0.18525000	4.10475318e-07	
0.18683333	4.59380437e-07	
0.18841667	5.77219076e-07	
0.19000000	5.54145145e-07	
0.19158333	5.69915957e-07	
0.19316667	4.45639800e-07	
0.19475000	3.56192811e-07	
0.19633333	1.82223076e-07	
0.19791667	2.37576968e-07	
0.19950000	8.87995795e-08	
0.20108333	2.11562681e-07	
0.20266667	4.05281141e-07	
0.20425000	2.97139253e-07	
0.20583333	6.59709098e-07	
0.20741667	4.65258460e-07	
0.20900000	5.09161630e-07	
0.21058333	5.54793822e-07	
0.21216667	4.98487608e-07	
0.21375000	4.91343311e-07	
0.21533333	8.63021054e-08	
0.21691667	2.04390453e-07	
0.21850000	2.36841823e-07	
0.22008333	1.55388660e-07	
0.22166667	1.16367776e-07	
0.22325000	3.12315178e-07	
0.22483333	5.14216865e-07	
0.22641667	5.52546105e-07	
0.22800000	5.28217662e-07	
0.22958333	5.65811252e-07	
0.23116667	7.62596578e-07	
0.23275000	8.30827352e-07	
0.23433333	4.22695515e-07	
0.23591667	4.01097222e-07	
0.23750000	5.04148062e-07	
0.23908333	3.76976911e-07	
0.24066667	3.40419731e-07	
0.24225000	1.59115348e-07	
0.24383333	5.24674047e-07	
0.24541667	5.05402126e-07	
0.24700000	4.82758574e-07	
0.24858333	5.44076173e-07	
0.25016667	5.31803446e-07	
0.25175000	7.09618313e-07	
0.25333333	4.99611186e-07	
0.25491667	1.89785642e-07	
0.25650000	2.07631053e-07	
0.25808333	2.31224141e-07	
0.25966667	3.73908814e-07	
0.26125000	2.25262170e-07	
0.26283333	3.26556645e-07	
0.26441667	7.64237676e-07	
0.26600000	5.93499791e-07	
0.26758333	5.62008626e-07	
0.26916667	5.86034768e-07	
0.27075000	5.90614709e-07	
0.27233333	6.73236673e-07	
0.27391667	4.87426551e-07	
0.27550000	3.32806917e-07	
0.27708333	2.69388412e-07	
0.27866667	3.48889103e-07	
0.28025000	3.29185319e-07	
0.28183333	1.17923637e-07	
0.28341667	4.95334162e-07	
0.28500000	5.20958504e-07	
0.28658333	5.62439789e-07	
0.28816667	6.54308439e-07	
0.28975000	4.66685237e-07	
0.29133333	7.57844429e-07	
0.29291667	4.61584276e-07	
0.29450000	4.53115408e-07	
0.29608333	2.17379900e-07	
0.29766667	2.20162455e-07	
0.29925000	3.79050964e-07	
0.30083333	2.90821693e-07	
0.30241667	3.29945357e-07	
0.30400000	6.49254381e-07	
0.30558333	4.98876601e-07	
0.30716667	5.74583038e-07	
0.30875000	5.64730964e-07	
0.31033333	6.21510456e-07	
0.31191667	7.27163172e-07	
0.31350000	4.95807439e-07	
0.31508333	4.08488461e-07	
0.31666667	2.80357344e-07	
0.31825000	3.64316451e-07	
0.31983333	4.16559291e-07	
0.32141667	2.71626860e-07	
0.32300000	3.48803195e-07	
0.32458333	5.42640549e-07	
0.32616667	6.43375741e-07	
0.32775000	7.11995172e-07	
0.32933333	5.26470663e-07	
0.33091667	5.75749514e-07	
0.33250000	5.19185968e-07	
0.33408333	5.36125272e-07	
0.33566667	3.26246363e-07	
0.33725000	2.85627516e-07	
0.33883333	3.76069447e-07	
0.34041667	2.98980055e-07	
0.34200000	2.81981081e-07	
0.34358333	3.98340610e-07	
0.34516667	6.11745353e-07	
0.34675000	5.98738826e-07	
0.34833333	4.63963010e-07	
0.34991667	5.00563173e-07	
0.35150000	6.90347848e-07	
0.35308333	5.82213996e-07	
0.35466667	4.18676438e-07	
0.35625000	1.92810128e-07	
0.35783333	2.90510347e-07	
0.35941667	3.12202249e-07	
0.36100000	3.21017240e-07	
0.36258333	3.36496923e-07	
0.36416667	6.72754155e-07	
0.36575000	7.48121497e-07	
0.36733333	4.80555267e-07	
0.36891667	3.96533997e-07	
0.37050000	4.37429244e-07	
0.37208333	4.01591248e-07	
0.37366667	5.30334052e-07	
0.37525000	2.94572490e-07	
0.37683333	2.52104048e-07	
0.37841667	5.05315546e-07	
0.38000000	3.66001651e-07	
0.38158333	4.18330903e-07	
0.38316667	3.07622223e-07	
0.38475000	5.61298626e-07	
0.38633333	6.59580236e-07	
0.38791667	6.28813407e-07	
0.38950000	6.15676114e-07	
0.39108333	6.94972088e-07	
0.39266667	6.16105989e-07	
0.39425000	2.62744806e-07	
0.39583333	1.64678735e-07	
0.39741667	2.00241577e-07	
0.39900000	2.13032621e-07	
0.40058333	3.33618030e-07	
0.40216667	4.06489956e-07	
0.40375000	5.54704274e-07	
0.40533333	6.36895634e-07	
0.40691667	3.91366533e-07	
0.40850000	4.93768668e-07	
0.41008333	5.91160342e-07	
0.41166667	7.18782060e-07	
0.41325000	6.06862550e-07	
0.41483333	3.37785709e-07	
0.41641667	4.20233280e-07	
0.41800000	3.44482825e-07	
0.41958333	2.06896314e-07	
0.42116667	1.62648210e-07	
0.42275000	1.22115523e-07	
0.42433333	4.82145570e-07	
0.42591667	5.62094422e-07	
0.42750000	6.09886350e-07	
0.42908333	6.74836384e-07	
0.43066667	6.51716419e-07	
0.43225000	7.59232339e-07	
0.43383333	6.13190274e-07	
0.43541667	4.80035004e-07	
0.43700000	3.53037349e-07	
0.43858333	3.09956156e-07	
0.44016667	4.07743432e-07	
0.44175000	2.69769117e-07	
0.44333333	3.30092475e-07	
0.44491667	6.50374767e-07	
0.44650000	5.82014235e-07	
0.44808333	6.66192173e-07	
0.44966667	5.89448233e-07	
0.45125000	7.64152104e-07	
0.45283333	7.41636070e-07	
0.45441667	5.36427126e-07	
0.45600000	4.23127434e-07	
0.45758333	5.90009826e-07	
0.45916667	8.37783648e-07	
0.46075000	8.85058449e-07	
0.46233333	9.01952559e-07	
0.46391667	1.15333905e-06	
0.46550000	1.47308887e-06	
0.46708333	1.76817630e-06	
0.46866667	2.02114839e-06	
0.47025000	2.28216803e-06	
0.47183333	2.32547702e-06	
0.47341667	2.34974179e-06	
0.47500000	2.54056296e-06	
0.47658333	3.22042204e-06	
0.47816667	4.54335170e-06	
0.47975000	6.24034926e-06	
0.48133333	7.87958223e-06	
0.48291667	1.01220788e-05	
0.48450000	1.26840342e-05	
0.48608333	1.52847972e-05	
0.48766667	1.81616741e-05	
0.48925000	2.14638385e-05	
0.49083333	2.57742757e-05	
0.49241667	3.15732490e-05	
0.49400000	4.03355940e-05	
0.49558333	5.82487853e-05	
0.49716667	9.42160184e-05	
0.49875000	1.79531275e-04	
0.50033333	3.56226131e-04	
0.50191667	4.75286019e-04	
0.50350000	4.30340671e-04	
0.50508333	4.64158862e-04	
0.50666667	5.94585844e-04	
0.50825000	6.74174113e-04	
0.50983333	6.98991244e-04	
0.51141667	1.02009208e-03	
0.51300000	1.54323058e-03	
0.51458333	9.58705789e-04	
0.51616667	1.75671272e-03	
0.51775000	1.78295760e-03	
0.51933333	4.24351567e-03	
0.52091667	5.60600556e-03	
0.52250000	5.86559331e-03	
0.52408333	2.43932522e-02	
0.52566667	5.61382616e-02	
0.52725000	7.02563457e-02	
0.52883333	9.70142971e-02	
0.53041667	1.38072741e-01	
0.53200000	1.62942208e-01	
0.53358333	1.40528928e-01	
0.53516667	5.10377528e-02	
0.53675000	9.72871750e-02	
0.53833333	3.16192232e-01	
0.53991667	1.67759379e-01	
0.54150000	1.01760347e-01	
0.54308333	1.10367684e-01	
0.54466667	1.55005134e-01	
0.54625000	1.77553960e-01	
0.54783333	2.08464824e-01	
0.54941667	2.40449568e-01	
0.55100000	2.78368524e-01	
0.55258333	4.16903986e-01	
0.55416667	8.67141435e-01	
0.55575000	2.44321427e+00	
0.55733333	6.55636520e+00	
0.55891667	7.06060880e+00	
0.56050000	8.85909036e+00	
0.56208333	9.61873625e+00	
0.56366667	1.06313247e+01	
0.56525000	1.19474813e+01	
0.56683333	1.29378997e+01	
0.56841667	1.32385759e+01	
0.57000000	1.38164157e+01	
0.57158333	1.53549686e+01	
0.57316667	1.65271715e+01	
0.57475000	1.75845706e+01	
0.57633333	1.80200333e+01	
0.57791667	1.83872007e+01	
0.57950000	1.90000046e+01	
0.58108333	1.93188934e+01	
0.58266667	1.95253143e+01	
0.58425000	1.98053294e+01	
0.58583333	2.05349327e+01	
0.58741667	2.16172548e+01	
0.58900000	2.21641011e+01	
0.59058333	2.23625901e+01	
0.59216667	2.27897508e+01	
0.59375000	2.30135122e+01	
0.59533333	2.34937114e+01	
0.59691667	2.59705208e+01	
0.59850000	2.65870435e+01	
0.60008333	2.66618442e+01	
0.60166667	2.69210424e+01	
0.60325000	2.76147599e+01	
0.60483333	2.77011943e+01	
0.60641667	2.78828576e+01	
0.60800000	2.83636092e+01	
0.60958333	2.90604460e+01	
0.61116667	3.06545423e+01	
0.61275000	3.11749399e+01	
0.61433333	3.14008436e+01	
0.61591667	3.15430657e+01	
0.61750000	3.16914007e+01	
