start voltage : 0.00 V 
set voltage : 0.10 V 
High G : 30.00 G0 
Intermediate G : 20.00 G0 
Low G : 10.00 G0 
Breaking speed 1 : 300.00 V/s 
Breaking speed 2 : 300.00 V/s 
Making speed : 500.00 V/s 
Post breaking : 230.00 V/s 
@ 
0.00000000	4.56284116e+01	
0.00158333	4.63544896e+01	
0.00316667	4.63829096e+01	
0.00475000	4.64539108e+01	
0.00633333	4.64234087e+01	
0.00791667	4.63423429e+01	
0.00950000	4.64176585e+01	
0.01108333	4.62656705e+01	
0.01266667	4.63084095e+01	
0.01425000	4.63228450e+01	
0.01583333	4.62967063e+01	
0.01741667	4.63379345e+01	
0.01900000	4.62707517e+01	
0.02058333	4.63293431e+01	
0.02216667	4.61353189e+01	
0.02375000	4.62433690e+01	
0.02533333	4.62871716e+01	
0.02691667	4.64837401e+01	
0.02850000	4.63256788e+01	
0.03008333	4.61050761e+01	
0.03166667	4.60832707e+01	
0.03325000	4.62115252e+01	
0.03483333	4.60622883e+01	
0.03641667	4.63446204e+01	
0.03800000	4.61029978e+01	
0.03958333	4.61905315e+01	
0.04116667	4.62006338e+01	
0.04275000	4.59506603e+01	
0.04433333	4.60917944e+01	
0.04591667	4.59708873e+01	
0.04750000	4.62099392e+01	
0.04908333	4.62016786e+01	
0.05066667	4.60714584e+01	
0.05225000	4.61633217e+01	
0.05383333	4.58118225e+01	
0.05541667	4.59842329e+01	
0.05700000	4.63122392e+01	
0.05858333	4.57180913e+01	
0.06016667	4.59350748e+01	
0.06175000	4.58423696e+01	
0.06333333	4.60210488e+01	
0.06491667	4.57525170e+01	
0.06650000	4.54667837e+01	
0.06808333	4.55690836e+01	
0.06966667	4.55734207e+01	
0.07125000	4.57319931e+01	
0.07283333	4.54396603e+01	
0.07441667	4.52594665e+01	
0.07600000	4.56332485e+01	
0.07758333	4.53292124e+01	
0.07916667	4.55675014e+01	
0.08075000	4.52903669e+01	
0.08233333	4.51671184e+01	
0.08391667	4.54053135e+01	
0.08550000	4.52783856e+01	
0.08708333	4.54165169e+01	
0.08866667	4.52608646e+01	
0.09025000	4.52174077e+01	
0.09183333	4.52281413e+01	
0.09341667	4.51911224e+01	
0.09500000	4.50623943e+01	
0.09658333	4.52178324e+01	
0.09816667	4.53638711e+01	
0.09975000	4.52522281e+01	
0.10133333	4.51204032e+01	
0.10291667	4.51735901e+01	
0.10450000	4.51132098e+01	
0.10608333	4.50934977e+01	
0.10766667	4.50468351e+01	
0.10925000	4.49808663e+01	
0.11083333	4.50562120e+01	
0.11241667	4.50898898e+01	
0.11400000	4.49650102e+01	
0.11558333	4.49279123e+01	
0.11716667	4.50878077e+01	
0.11875000	4.49541150e+01	
0.12033333	4.48562761e+01	
0.12191667	4.48917879e+01	
0.12350000	4.47889129e+01	
0.12508333	4.46007140e+01	
0.12666667	4.46987108e+01	
0.12825000	4.47005599e+01	
0.12983333	4.46746729e+01	
0.13141667	4.47417918e+01	
0.13300000	4.45857674e+01	
0.13458333	4.46925322e+01	
0.13616667	4.44588245e+01	
0.13775000	4.42631880e+01	
0.13933333	4.44339260e+01	
0.14091667	4.42257068e+01	
0.14250000	4.42246658e+01	
0.14408333	4.38820135e+01	
0.14566667	4.39897329e+01	
0.14725000	4.39172209e+01	
0.14883333	4.37993279e+01	
0.15041667	4.38487829e+01	
0.15200000	4.36342762e+01	
0.15358333	4.38213062e+01	
0.15516667	4.36630269e+01	
0.15675000	4.35890267e+01	
0.15833333	4.30152787e+01	
0.15991667	4.28793873e+01	
0.16150000	4.29408838e+01	
0.16308333	4.28134260e+01	
0.16466667	4.25909480e+01	
0.16625000	4.25111976e+01	
0.16783333	4.24723334e+01	
0.16941667	4.22315564e+01	
0.17100000	4.16993109e+01	
0.17258333	4.13291293e+01	
0.17416667	4.15514908e+01	
0.17575000	4.12336543e+01	
0.17733333	4.14625477e+01	
0.17891667	4.10296256e+01	
0.18050000	4.09297723e+01	
0.18208333	4.07884803e+01	
0.18366667	4.03869247e+01	
0.18525000	4.02016648e+01	
0.18683333	4.02020407e+01	
0.18841667	4.01204525e+01	
0.19000000	4.01839634e+01	
0.19158333	3.99743086e+01	
0.19316667	4.00400857e+01	
0.19475000	3.99466778e+01	
0.19633333	3.97316712e+01	
0.19791667	3.98083436e+01	
0.19950000	3.97564157e+01	
0.20108333	3.98320244e+01	
0.20266667	3.99066636e+01	
0.20425000	3.98967831e+01	
0.20583333	3.96346516e+01	
0.20741667	3.98286533e+01	
0.20900000	3.96075545e+01	
0.21058333	3.96737113e+01	
0.21216667	3.94325660e+01	
0.21375000	3.89958894e+01	
0.21533333	3.80463224e+01	
0.21691667	3.74404675e+01	
0.21850000	3.69133483e+01	
0.22008333	3.70768103e+01	
0.22166667	3.67897690e+01	
0.22325000	3.67203727e+01	
0.22483333	3.69662421e+01	
0.22641667	3.67790091e+01	
0.22800000	3.67490971e+01	
0.22958333	3.68239617e+01	
0.23116667	3.68070570e+01	
0.23275000	3.67439332e+01	
0.23433333	3.64961283e+01	
0.23591667	3.65724699e+01	
0.23750000	3.66226164e+01	
0.23908333	3.63299866e+01	
0.24066667	3.62165359e+01	
0.24225000	3.57227375e+01	
0.24383333	3.58371616e+01	
0.24541667	3.57608538e+01	
0.24700000	3.57167092e+01	
0.24858333	3.57156606e+01	
0.25016667	3.53166983e+01	
0.25175000	3.45552437e+01	
0.25333333	3.39904742e+01	
0.25491667	3.38144521e+01	
0.25650000	3.38552969e+01	
0.25808333	3.33500959e+01	
0.25966667	3.30747053e+01	
0.26125000	3.30707892e+01	
0.26283333	3.29834245e+01	
0.26441667	3.31578757e+01	
0.26600000	3.28180496e+01	
0.26758333	3.21955569e+01	
0.26916667	3.21210493e+01	
0.27075000	3.20155059e+01	
0.27233333	3.20432006e+01	
0.27391667	3.18729812e+01	
0.27550000	3.19288253e+01	
0.27708333	3.17952979e+01	
0.27866667	3.17563848e+01	
0.28025000	3.17936292e+01	
0.28183333	3.16129131e+01	
0.28341667	3.17602859e+01	
0.28500000	3.16673515e+01	
0.28658333	3.16078469e+01	
0.28816667	3.16370561e+01	
0.28975000	3.15695427e+01	
0.29133333	3.17210609e+01	
0.29291667	3.15573997e+01	
0.29450000	3.15909460e+01	
0.29608333	3.15469555e+01	
0.29766667	3.14178572e+01	
0.29925000	3.14027170e+01	
0.30083333	3.12382460e+01	
0.30241667	3.14276343e+01	
0.30400000	3.11407942e+01	
0.30558333	3.08704678e+01	
0.30716667	2.99046181e+01	
0.30875000	2.92440335e+01	
0.31033333	2.88707551e+01	
0.31191667	2.88125527e+01	
0.31350000	2.87037284e+01	
0.31508333	2.86471196e+01	
0.31666667	2.84974466e+01	
0.31825000	2.84645957e+01	
0.31983333	2.83954793e+01	
0.32141667	2.83088851e+01	
0.32300000	2.82608770e+01	
0.32458333	2.81538191e+01	
0.32616667	2.81553825e+01	
0.32775000	2.73973066e+01	
0.32933333	2.68083546e+01	
0.33091667	2.69013829e+01	
0.33250000	2.66938478e+01	
0.33408333	2.67290251e+01	
0.33566667	2.66110062e+01	
0.33725000	2.64301510e+01	
0.33883333	2.65003967e+01	
0.34041667	2.67218017e+01	
0.34200000	2.67305378e+01	
0.34358333	2.67080953e+01	
0.34516667	2.65451294e+01	
0.34675000	2.66814981e+01	
0.34833333	2.61700133e+01	
0.34991667	2.59381847e+01	
0.35150000	2.59401409e+01	
0.35308333	2.59716107e+01	
0.35466667	2.57299693e+01	
0.35625000	2.56654455e+01	
0.35783333	2.55997191e+01	
0.35941667	2.54969850e+01	
0.36100000	2.55401788e+01	
0.36258333	2.53240165e+01	
0.36416667	2.51459462e+01	
0.36575000	2.53829969e+01	
0.36733333	2.53885177e+01	
0.36891667	2.52823205e+01	
0.37050000	2.51414118e+01	
0.37208333	2.42833435e+01	
0.37366667	2.29482424e+01	
0.37525000	2.28557779e+01	
0.37683333	2.29909570e+01	
0.37841667	2.27608817e+01	
0.38000000	2.25329617e+01	
0.38158333	2.24868947e+01	
0.38316667	2.19146857e+01	
0.38475000	2.16986137e+01	
0.38633333	2.17806810e+01	
0.38791667	2.14645546e+01	
0.38950000	2.16616718e+01	
0.39108333	2.15143084e+01	
0.39266667	2.15387202e+01	
0.39425000	2.15547323e+01	
0.39583333	2.13760268e+01	
0.39741667	2.15343719e+01	
0.39900000	2.12885099e+01	
0.40058333	2.13003673e+01	
0.40216667	2.10597180e+01	
0.40375000	1.94168620e+01	
0.40533333	1.92026541e+01	
0.40691667	1.90039076e+01	
0.40850000	1.86321908e+01	
0.41008333	1.85266079e+01	
0.41166667	1.84769481e+01	
0.41325000	1.84871424e+01	
0.41483333	1.83252777e+01	
0.41641667	1.83732482e+01	
0.41800000	1.83668967e+01	
0.41958333	1.77051884e+01	
0.42116667	1.77557728e+01	
0.42275000	1.75958492e+01	
0.42433333	1.76844803e+01	
0.42591667	1.75599690e+01	
0.42750000	1.75897326e+01	
0.42908333	1.71581071e+01	
0.43066667	1.69907948e+01	
0.43225000	1.71109898e+01	
0.43383333	1.70855895e+01	
0.43541667	1.71393158e+01	
0.43700000	1.70955302e+01	
0.43858333	1.69311587e+01	
0.44016667	1.69049222e+01	
0.44175000	1.67731669e+01	
0.44333333	1.58490546e+01	
0.44491667	1.57056486e+01	
0.44650000	1.47994398e+01	
0.44808333	1.46567647e+01	
0.44966667	1.42472980e+01	
0.45125000	1.41455383e+01	
0.45283333	1.41847332e+01	
0.45441667	1.40944400e+01	
0.45600000	1.39435419e+01	
0.45758333	1.38933690e+01	
0.45916667	1.37536659e+01	
0.46075000	1.37061445e+01	
0.46233333	1.35992303e+01	
0.46391667	1.36189631e+01	
0.46550000	1.34559643e+01	
0.46708333	1.35600607e+01	
0.46866667	1.33579497e+01	
0.47025000	1.31677129e+01	
0.47183333	1.32456668e+01	
0.47341667	1.31610608e+01	
0.47500000	1.32003111e+01	
0.47658333	1.31874785e+01	
0.47816667	1.34668210e+01	
0.47975000	1.33584392e+01	
0.48133333	1.32127275e+01	
0.48291667	1.28684056e+01	
0.48450000	1.28644030e+01	
0.48608333	1.27263620e+01	
0.48766667	1.28881196e+01	
0.48925000	1.29715822e+01	
0.49083333	1.28757850e+01	
0.49241667	1.27931041e+01	
0.49400000	1.27242658e+01	
0.49558333	1.25945202e+01	
0.49716667	1.25632063e+01	
0.49875000	1.24336664e+01	
0.50033333	1.03909291e+01	
0.50191667	1.01546601e+01	
0.50350000	1.02447279e+01	
0.50508333	9.93659339e+00	
0.50666667	9.59768903e+00	
0.50825000	9.55910480e+00	
0.50983333	9.46660356e+00	
0.51141667	9.52569100e+00	
0.51300000	9.51833420e+00	
0.51458333	9.46110992e+00	
0.51616667	9.33505301e+00	
0.51775000	9.24333161e+00	
0.51933333	9.15556297e+00	
0.52091667	9.08162474e+00	
0.52250000	9.05429558e+00	
0.52408333	9.05035410e+00	
0.52566667	9.02222818e+00	
0.52725000	8.94647002e+00	
0.52883333	8.89897588e+00	
0.53041667	8.68715725e+00	
0.53200000	8.12199029e+00	
0.53358333	8.26539535e+00	
0.53516667	8.24635786e+00	
0.53675000	8.25409895e+00	
0.53833333	8.61339284e+00	
0.53991667	8.81673095e+00	
0.54150000	8.82770321e+00	
0.54308333	8.75160586e+00	
0.54466667	7.74148240e+00	
0.54625000	6.76681066e+00	
0.54783333	6.72472749e+00	
0.54941667	6.64248021e+00	
0.55100000	6.66797017e+00	
0.55258333	6.61375767e+00	
0.55416667	6.61217497e+00	
0.55575000	6.54665244e+00	
0.55733333	6.63200123e+00	
0.55891667	6.60995759e+00	
0.56050000	6.42899713e+00	
0.56208333	6.43298559e+00	
0.56366667	6.38553891e+00	
0.56525000	6.29690398e+00	
0.56683333	4.78297571e+00	
0.56841667	4.68339249e+00	
0.57000000	4.62225538e+00	
0.57158333	4.23788259e+00	
0.57316667	4.13432829e+00	
0.57475000	3.99650520e+00	
0.57633333	4.01745847e+00	
0.57791667	4.24365669e+00	
0.57950000	4.23997359e+00	
0.58108333	3.78707400e+00	
0.58266667	3.47594368e+00	
0.58425000	3.48601818e+00	
0.58583333	3.46382563e+00	
0.58741667	3.43443905e+00	
0.58900000	3.41690932e+00	
0.59058333	3.41143894e+00	
0.59216667	3.37804017e+00	
0.59375000	3.33958114e+00	
0.59533333	3.30705453e+00	
0.59691667	3.32402240e+00	
0.59850000	3.28283111e+00	
0.60008333	3.26259355e+00	
0.60166667	3.08521989e+00	
0.60325000	2.59451356e+00	
0.60483333	2.76833590e+00	
0.60641667	2.64729275e+00	
0.60800000	2.46423495e+00	
0.60958333	2.37058814e+00	
0.61116667	2.07071265e+00	
0.61275000	2.05926756e+00	
0.61433333	2.05213109e+00	
0.61591667	1.63922272e+00	
0.61750000	1.49178540e+00	
0.61908333	1.45984132e+00	
0.62066667	1.50745607e+00	
0.62225000	1.49900315e+00	
0.62383333	1.39895332e+00	
0.62541667	1.38594702e+00	
0.62700000	1.15107166e+00	
0.62858333	6.77441892e-01	
0.63016667	5.66032764e-01	
0.63175000	5.06860350e-01	
0.63333333	5.21528741e-01	
0.63491667	4.90191358e-01	
0.63650000	4.62054960e-01	
0.63808333	3.23281964e-01	
0.63966667	3.01994006e-01	
0.64125000	2.58665438e-01	
0.64283333	2.38567426e-01	
0.64441667	2.26573701e-01	
0.64600000	2.21684507e-01	
0.64758333	2.05816598e-01	
0.64916667	1.92051380e-01	
0.65075000	1.73127077e-01	
0.65233333	1.73781896e-01	
0.65391667	1.69755502e-01	
0.65550000	1.53175725e-01	
0.65708333	1.84912893e-01	
0.65866667	1.91640848e-01	
0.66025000	1.72182049e-01	
0.66183333	8.13862420e-02	
0.66341667	3.08616387e-03	
0.66500000	-1.60185197e-05	
0.66658333	-1.88360214e-05	
0.66816667	5.11975224e-05	
0.66975000	1.98510049e-03	
0.67133333	6.87484196e-04	
0.67291667	1.44787309e-04	
0.67450000	8.99620983e-04	
0.67608333	1.30707039e-03	
0.67766667	2.75993831e-04	
0.67925000	6.35453994e-04	
0.68083333	1.20549046e-03	
0.68241667	4.52723440e-04	
0.68400000	3.94513686e-04	
0.68558333	4.56727091e-04	
0.68716667	2.84595961e-04	
0.68875000	1.49705193e-04	
0.69033333	9.38522117e-05	
0.69191667	7.28176607e-05	
0.69350000	6.80653574e-05	
0.69508333	7.30832255e-05	
0.69666667	7.96016456e-05	
0.69825000	8.25797750e-05	
0.69983333	8.10720261e-05	
0.70141667	7.93586180e-05	
0.70300000	7.82854343e-05	
0.70458333	7.50561340e-05	
0.70616667	7.23938265e-05	
0.70775000	6.75488941e-05	
0.70933333	6.15867931e-05	
0.71091667	5.47832602e-05	
0.71250000	4.91849946e-05	
0.71408333	4.47365133e-05	
0.71566667	4.04601077e-05	
0.71725000	3.56167165e-05	
0.71883333	3.15902380e-05	
0.72041667	2.78689346e-05	
0.72200000	2.48638613e-05	
0.72358333	2.18998678e-05	
0.72516667	1.90082779e-05	
0.72675000	1.71004202e-05	
0.72833333	1.52929494e-05	
0.72991667	1.37423876e-05	
0.73150000	1.23020424e-05	
0.73308333	1.09357639e-05	
0.73466667	9.92035681e-06	
0.73625000	8.84482004e-06	
0.73783333	7.70488217e-06	
0.73941667	6.87559831e-06	
0.74100000	6.13897127e-06	
0.74258333	5.60703118e-06	
0.74416667	4.74129281e-06	
0.74575000	4.37330836e-06	
0.74733333	4.02442346e-06	
0.74891667	3.77547974e-06	
0.75050000	3.44892887e-06	
0.75208333	2.95981659e-06	
0.75366667	2.72628543e-06	
0.75525000	2.51542813e-06	
0.75683333	2.01605529e-06	
0.75841667	1.90134221e-06	
0.76000000	1.56904380e-06	
0.76158333	1.43207117e-06	
0.76316667	1.25326422e-06	
0.76475000	1.15131030e-06	
0.76633333	1.22975716e-06	
0.76791667	1.25093541e-06	
0.76950000	1.39442348e-06	
0.77108333	1.18611351e-06	
0.77266667	9.66946892e-07	
0.77425000	1.11364570e-06	
0.77583333	8.35149066e-07	
0.77741667	7.88160829e-07	
0.77900000	4.67288132e-07	
0.78058333	5.30983010e-07	
0.78216667	7.58709612e-07	
0.78375000	5.59934181e-07	
0.78533333	5.28131194e-07	
0.78691667	4.54844569e-07	
0.78850000	6.42339078e-07	
0.79008333	7.74306480e-07	
0.79166667	6.11485726e-07	
0.79325000	7.90511871e-07	
0.79483333	7.46220211e-07	
0.79641667	4.25633911e-07	
0.79800000	4.27793507e-07	
0.79958333	2.34465357e-07	
0.80116667	2.80269560e-07	
0.80275000	1.53563146e-07	
0.80433333	2.16057597e-07	
0.80591667	6.41341337e-08	
0.80750000	2.40126427e-07	
0.80908333	5.31803614e-07	
0.81066667	5.39797693e-07	
0.81225000	7.19209415e-07	
0.81383333	7.00499984e-07	
0.81541667	6.34042418e-07	
0.81700000	3.61895015e-07	
0.81858333	1.76379214e-07	
0.82016667	2.05556663e-07	
0.82175000	1.78506848e-07	
0.82333333	1.86932940e-08	
0.82491667	2.88781634e-07	
0.82650000	2.77849411e-07	
0.82808333	4.44127900e-07	
0.82966667	5.44680720e-07	
0.83125000	3.98409521e-07	
0.83283333	2.85687467e-07	
0.83441667	4.43506188e-07	
0.83600000	3.83218363e-07	
0.83758333	2.30931612e-07	
0.83916667	2.35727737e-07	
0.84075000	2.08495381e-07	
0.84233333	1.82654450e-07	
0.84391667	6.05909108e-08	
0.84550000	1.38379899e-07	
0.84708333	2.74298348e-07	
0.84866667	5.90787365e-07	
0.85025000	5.42088532e-07	
0.85183333	5.10500539e-07	
0.85341667	4.86085683e-07	
0.85500000	5.89751263e-07	
0.85658333	4.15955360e-07	
0.85816667	2.59934095e-07	
0.85975000	1.50185327e-07	
0.86133333	1.72024683e-07	
0.86291667	1.39185369e-07	
0.86450000	1.67574569e-07	
0.86608333	7.97684323e-08	
0.86766667	3.83569667e-07	
0.86925000	4.61499152e-07	
0.87083333	5.13483288e-07	
0.87241667	6.43421887e-07	
0.87400000	5.12789753e-07	
0.87558333	6.12306331e-07	
0.87716667	1.87019482e-07	
0.87875000	1.56771908e-07	
0.88033333	1.60401403e-07	
0.88191667	1.68395132e-07	
0.88350000	5.31932098e-08	
0.88508333	2.52352503e-08	
0.88666667	1.01477001e-07	
0.88825000	5.25754279e-07	
0.88983333	4.60678043e-07	
0.89141667	5.73373384e-07	
0.89300000	4.61585340e-07	
0.89458333	5.29211930e-07	
0.89616667	4.57738359e-07	
0.89775000	2.63244684e-07	
0.89933333	1.10491509e-07	
0.90091667	8.08051228e-08	
0.90250000	1.39832772e-07	
0.90408333	8.35801593e-08	
0.90566667	9.83325303e-08	
0.90725000	2.44395666e-07	
0.90883333	4.88203474e-07	
0.91041667	4.33757299e-07	
0.91200000	2.88202652e-07	
0.91358333	3.48759681e-07	
0.91516667	4.27329079e-07	
0.91675000	2.46133508e-07	
0.91833333	2.90968280e-07	
0.91991667	2.44343528e-07	
0.92150000	1.61265774e-07	
0.92308333	2.47463008e-07	
0.92466667	7.21635500e-08	
0.92625000	1.43851415e-07	
0.92783333	2.31164443e-07	
0.92941667	4.22175671e-07	
0.93100000	4.71784153e-07	
0.93258333	2.60565272e-07	
0.93416667	5.13524954e-07	
0.93575000	4.42978421e-07	
0.93733333	1.31973562e-08	
0.93891667	1.18485931e-07	
0.94050000	1.13256549e-07	
0.94208333	2.97338062e-07	
0.94366667	2.63849651e-07	
0.94525000	2.63546118e-07	
0.94683333	1.06040380e-07	
0.94841667	5.09895599e-07	
0.95000000	5.68101699e-07	
0.95158333	4.82758574e-07	
0.95316667	5.37982036e-07	
0.95475000	6.23198651e-07	
0.95633333	2.68662087e-07	
0.95791667	1.98770979e-08	
0.95950000	3.48628873e-08	
0.96108333	-3.67379250e-08	
0.96266667	1.10607577e-09	
0.96425000	1.26173775e-08	
0.96583333	2.16229356e-07	
0.96741667	5.96224705e-07	
0.96900000	4.79042191e-07	
0.97058333	4.82456328e-07	
0.97216667	3.99318442e-07	
0.97375000	6.54223091e-07	
0.97533333	4.53850721e-07	
0.97691667	2.22220771e-07	
0.97850000	2.59312216e-07	
0.98008333	6.13599303e-08	
0.98166667	2.18606145e-07	
0.98325000	8.39215419e-09	
0.98483333	5.53537693e-08	
0.98641667	1.09566536e-07	
0.98800000	4.53548951e-07	
0.98958333	5.70306182e-07	
0.99116667	4.57221064e-07	
0.99275000	2.46305660e-07	
0.99433333	2.90812985e-07	
0.99591667	3.17473569e-07	
0.99750000	4.39479748e-07	
0.99908333	2.39564357e-07	
1.00066667	3.35060654e-07	
1.00225000	2.91072165e-07	
1.00383333	1.94849109e-07	
1.00541667	2.71584354e-07	
1.00700000	3.30032049e-07	
1.00858333	3.72266568e-07	
1.01016667	4.97666275e-07	
1.01175000	4.13792683e-07	
1.01333333	5.70823421e-07	
1.01491667	4.79510092e-07	
1.01650000	4.16817995e-07	
1.01808333	1.10145567e-07	
1.01966667	3.31946040e-08	
1.02125000	2.61991460e-07	
1.02283333	1.50686745e-07	
1.02441667	1.76691554e-07	
1.02600000	2.25400370e-07	
1.02758333	4.34144164e-07	
1.02916667	5.14536752e-07	
1.03075000	4.64133930e-07	
1.03233333	3.96897201e-07	
1.03391667	3.84408725e-07	
1.03550000	2.96034239e-07	
1.03708333	2.16557825e-07	
1.03866667	2.72405008e-08	
1.04025000	2.03784772e-07	
1.04183333	2.19384062e-07	
1.04341667	1.87278227e-07	
1.04500000	1.40023097e-07	
1.04658333	-2.12433597e-08	
1.04816667	6.20947070e-07	
1.04975000	4.99567504e-07	
1.05133333	4.35874614e-07	
1.05291667	4.84141668e-07	
1.05450000	4.52769732e-07	
1.05608333	5.42607171e-07	
1.05766667	4.93741787e-07	
1.05925000	6.20514073e-08	
1.06083333	1.67573813e-07	
1.06241667	1.78852411e-07	
1.06400000	1.54913199e-07	
1.06558333	1.79613093e-07	
1.06716667	4.71350694e-07	
1.06875000	4.50869147e-07	
1.07033333	4.58474288e-07	
1.07191667	4.54368492e-07	
1.07350000	4.95810071e-07	
1.07508333	5.21303871e-07	
1.07666667	4.01909874e-07	
1.07825000	1.03107233e-08	
1.07983333	2.50710422e-08	
1.08141667	3.07664645e-08	
1.08300000	8.05500243e-09	
1.08458333	4.71431218e-08	
1.08616667	3.93135855e-08	
1.08775000	4.14450153e-07	
1.08933333	4.45207713e-07	
1.09091667	5.56433912e-07	
1.09250000	4.98530841e-07	
1.09408333	5.29901713e-07	
1.09566667	5.75621773e-07	
1.09725000	5.09158326e-07	
1.09883333	1.77555687e-07	
1.10041667	1.91166930e-07	
1.10200000	1.89223083e-07	
1.10358333	2.78842364e-07	
1.10516667	1.20300356e-07	
1.10675000	2.76855871e-07	
1.10833333	5.71686252e-07	
1.10991667	4.29522053e-07	
1.11150000	4.59596942e-07	
1.11308333	4.01391403e-07	
1.11466667	5.57472422e-07	
1.11625000	4.42960388e-07	
1.11783333	1.56538140e-07	
1.11941667	1.52432092e-07	
1.12100000	2.15970807e-07	
1.12258333	2.28285745e-07	
1.12416667	1.38320061e-07	
1.12575000	1.58300973e-07	
1.12733333	3.65896366e-07	
1.12891667	4.69276389e-07	
1.13050000	6.71764759e-07	
1.13208333	5.53108426e-07	
1.13366667	5.24025593e-07	
1.13525000	5.31069253e-07	
1.13683333	3.82508671e-07	
1.13841667	2.09316686e-07	
1.14000000	8.74428066e-08	
1.14158333	2.70935761e-07	
1.14316667	3.05643346e-07	
1.14475000	2.15798123e-07	
1.14633333	4.30325941e-07	
1.14791667	4.18502467e-07	
1.14950000	4.74332380e-07	
1.15108333	5.04839805e-07	
1.15266667	5.24370065e-07	
1.15425000	7.07113825e-07	
1.15583333	4.70705153e-07	
1.15741667	2.81929782e-07	
1.15900000	1.11070953e-07	
1.16058333	1.14553364e-07	
1.16216667	2.43411086e-07	
1.16375000	1.56381711e-07	
1.16533333	9.76674812e-09	
1.16691667	4.37256672e-07	
1.16850000	5.07518069e-07	
1.17008333	5.62613453e-07	
1.17166667	4.16126504e-07	
1.17325000	4.65948299e-07	
1.17483333	5.18969015e-07	
1.17641667	3.92144296e-07	
1.17800000	2.20525617e-07	
1.17958333	2.01175363e-07	
1.18116667	3.02739644e-07	
1.18275000	3.75031860e-07	
1.18433333	-1.65969310e-09	
1.18591667	2.48552677e-07	
1.18750000	5.88756434e-07	
1.18908333	4.91185832e-07	
1.19066667	4.15063128e-07	
1.19225000	4.49399585e-07	
1.19383333	7.27195206e-07	
1.19541667	4.69405951e-07	
1.19700000	3.95126010e-07	
1.19858333	5.08425253e-08	
1.20016667	-7.43237000e-08	
1.20175000	6.13687087e-08	
1.20333333	6.10572437e-08	
1.20491667	2.50108511e-07	
1.20650000	2.42112892e-07	
1.20808333	5.16092053e-07	
1.20966667	6.18961221e-07	
1.21125000	3.85878147e-07	
1.21283333	4.80381267e-07	
1.21441667	4.54021836e-07	
1.21600000	3.98322689e-07	
1.21758333	2.18788783e-07	
1.21916667	1.05912484e-07	
1.22075000	1.36980494e-07	
1.22233333	1.96015249e-07	
1.22391667	1.61948025e-07	
1.22550000	1.31881956e-07	
1.22708333	3.48847353e-07	
1.22866667	6.96957825e-07	
1.23025000	5.39496120e-07	
1.23183333	4.94339781e-07	
1.23341667	5.46322714e-07	
1.23500000	5.36165818e-07	
1.23658333	5.15816857e-07	
1.23816667	1.46486515e-07	
1.23975000	1.61826289e-07	
1.24133333	2.19307156e-07	
1.24291667	1.71031296e-07	
1.24450000	2.55552067e-07	
1.24608333	2.61948562e-07	
1.24766667	3.71636624e-07	
1.24925000	5.66717373e-07	
1.25083333	4.08997132e-07	
1.25241667	4.44947945e-07	
1.25400000	4.04676034e-07	
1.25558333	5.77678297e-07	
1.25716667	3.56020295e-07	
1.25875000	1.76519459e-07	
1.26033333	1.39875502e-07	
1.26191667	1.51974747e-07	
1.26350000	1.89352896e-07	
1.26508333	1.77841748e-07	
1.26666667	2.84356483e-07	
1.26825000	3.86474321e-07	
1.26983333	5.38890508e-07	
1.27141667	5.48440561e-07	
@ 
0.00000000	6.49382626e-07	
0.00158333	5.47145335e-07	
0.00316667	6.05833280e-07	
0.00475000	2.41811206e-07	
0.00633333	7.64408330e-08	
0.00791667	3.89334825e-08	
0.00950000	6.07720369e-08	
0.01108333	1.23230127e-07	
0.01266667	1.05142135e-07	
0.01425000	3.91409739e-07	
0.01583333	6.32140293e-07	
0.01741667	5.09766066e-07	
0.01900000	5.42432835e-07	
0.02058333	3.80735632e-07	
0.02216667	5.58465235e-07	
0.02375000	2.78101143e-07	
0.02533333	7.43149146e-09	
0.02691667	1.73451319e-07	
0.02850000	2.30576304e-07	
0.03008333	2.98375508e-07	
0.03166667	1.81540574e-07	
0.03325000	3.47876577e-07	
0.03483333	6.91796857e-07	
0.03641667	4.88937835e-07	
0.03800000	5.56953951e-07	
0.03958333	4.46678591e-07	
0.04116667	5.02203710e-07	
0.04275000	5.10206245e-07	
0.04433333	2.66701971e-07	
0.04591667	2.98218393e-07	
0.04750000	2.77547082e-07	
0.04908333	2.56779614e-07	
0.05066667	2.74124908e-07	
0.05225000	9.93446357e-08	
0.05383333	3.37655531e-07	
0.05541667	4.50608539e-07	
0.05700000	3.98669513e-07	
0.05858333	6.00770317e-07	
0.06016667	5.22341598e-07	
0.06175000	6.52880823e-07	
0.06333333	5.81281107e-07	
0.06491667	3.63899736e-07	
0.06650000	2.14329205e-07	
0.06808333	2.31397119e-07	
0.06966667	3.22262456e-07	
0.07125000	1.09661776e-07	
0.07283333	2.67454337e-07	
0.07441667	2.06973821e-07	
0.07600000	4.57394056e-07	
0.07758333	5.88280301e-07	
0.07916667	5.89317915e-07	
0.08075000	6.43291905e-07	
0.08233333	6.78030376e-07	
0.08391667	3.37093098e-07	
0.08550000	2.68463586e-07	
0.08708333	1.41388172e-07	
0.08866667	2.44966276e-07	
0.09025000	1.61576840e-07	
0.09183333	1.71679511e-07	
0.09341667	2.11391229e-07	
0.09500000	4.13405538e-07	
0.09658333	5.56390902e-07	
0.09816667	5.43212782e-07	
0.09975000	5.85516241e-07	
0.10133333	7.19815811e-07	
0.10291667	6.65499141e-07	
0.10450000	3.69353513e-07	
0.10608333	1.89819509e-07	
0.10766667	1.67790221e-07	
0.10925000	2.55379383e-07	
0.11083333	1.32961768e-07	
0.11241667	2.15192988e-07	
0.11400000	3.56797162e-07	
0.11558333	4.69062151e-07	
0.11716667	6.55171942e-07	
0.11875000	4.35096739e-07	
0.12033333	6.13085998e-07	
0.12191667	5.64298232e-07	
0.12350000	4.47714553e-07	
0.12508333	2.80529216e-07	
0.12666667	3.66866512e-08	
0.12825000	2.96170689e-07	
0.12983333	3.64272685e-07	
0.13141667	3.36444813e-07	
0.13300000	2.52440847e-07	
0.13458333	4.34491072e-07	
0.13616667	5.50729160e-07	
0.13775000	3.61464047e-07	
0.13933333	4.22280368e-07	
0.14091667	6.50548095e-07	
0.14250000	5.60366464e-07	
0.14408333	4.44259338e-07	
0.14566667	3.27066604e-07	
0.14725000	2.64583704e-07	
0.14883333	2.15028564e-07	
0.15041667	1.09498752e-07	
0.15200000	1.20603722e-07	
0.15358333	1.96179603e-07	
0.15516667	6.72509648e-07	
0.15675000	6.81877692e-07	
0.15833333	5.44855168e-07	
0.15991667	6.87019507e-07	
0.16150000	4.53245613e-07	
0.16308333	3.79267106e-07	
0.16466667	3.71127225e-07	
0.16625000	1.09869713e-07	
0.16783333	1.85247772e-07	
0.16941667	1.09066791e-07	
0.17100000	1.27309560e-07	
0.17258333	1.52018107e-07	
0.17416667	2.53046598e-07	
0.17575000	5.74539748e-07	
0.17733333	4.66424853e-07	
0.17891667	5.76094714e-07	
0.18050000	8.12800703e-07	
0.18208333	7.69338777e-07	
0.18366667	4.38027099e-07	
0.18525000	1.26384357e-07	
0.18683333	2.08927525e-07	
0.18841667	3.54161655e-07	
0.19000000	4.29712434e-07	
0.19158333	3.70148917e-07	
0.19316667	4.67204184e-07	
0.19475000	7.59098269e-07	
0.19633333	6.64290159e-07	
0.19791667	6.37672501e-07	
0.19950000	6.99249952e-07	
0.20108333	5.56736829e-07	
0.20266667	5.30248425e-07	
0.20425000	1.93692419e-07	
0.20583333	1.83821570e-07	
0.20741667	3.01443718e-07	
0.20900000	2.29193336e-07	
0.21058333	3.57747664e-07	
0.21216667	2.76553709e-07	
0.21375000	2.75024645e-07	
0.21533333	4.77012268e-07	
0.21691667	5.04840029e-07	
0.21850000	6.12695716e-07	
0.22008333	5.89967152e-07	
0.22166667	6.25742902e-07	
0.22325000	5.74219414e-07	
0.22483333	3.86239027e-07	
0.22641667	2.89585522e-07	
0.22800000	2.55552739e-07	
0.22958333	3.56322036e-07	
0.23116667	4.32850422e-07	
0.23275000	4.07917628e-07	
0.23433333	6.53444545e-07	
0.23591667	5.53494844e-07	
0.23750000	6.84384197e-07	
0.23908333	7.32911102e-07	
0.24066667	6.74314721e-07	
0.24225000	7.35588582e-07	
0.24383333	3.23956532e-07	
0.24541667	2.39227530e-07	
0.24700000	2.45570543e-07	
0.24858333	3.38778661e-07	
0.25016667	3.88082098e-07	
0.25175000	2.47592122e-07	
0.25333333	2.23895904e-07	
0.25491667	6.36415748e-07	
0.25650000	6.99680051e-07	
0.25808333	7.48465968e-07	
0.25966667	6.87538986e-07	
0.26125000	6.66580158e-07	
0.26283333	5.75792580e-07	
0.26441667	2.62727445e-07	
0.26600000	1.94373158e-07	
0.26758333	2.79146318e-07	
0.26916667	3.78186089e-07	
0.27075000	3.46461170e-07	
0.27233333	3.45344368e-07	
0.27391667	5.95844728e-07	
0.27550000	6.50376391e-07	
0.27708333	6.19911248e-07	
0.27866667	6.67876672e-07	
0.28025000	5.39625989e-07	
0.28183333	6.77591820e-07	
0.28341667	3.43831516e-07	
0.28500000	3.19385663e-07	
0.28658333	3.05808190e-07	
0.28816667	3.26030949e-07	
0.28975000	4.21269299e-07	
0.29133333	2.74817631e-07	
0.29291667	2.81584247e-07	
0.29450000	3.67817644e-07	
0.29608333	5.89144643e-07	
0.29766667	7.12038798e-07	
0.29925000	5.86295067e-07	
0.30083333	7.49503863e-07	
0.30241667	6.70080147e-07	
0.30400000	5.15296650e-07	
0.30558333	2.84677154e-07	
0.30716667	1.54912765e-07	
0.30875000	3.38562044e-07	
0.31033333	1.51759068e-07	
0.31191667	2.11658935e-07	
0.31350000	3.07822124e-07	
0.31508333	6.87064981e-07	
0.31666667	8.33204379e-07	
0.31825000	5.47230963e-07	
0.31983333	4.84835203e-07	
0.32141667	5.79034174e-07	
0.32300000	5.30980994e-07	
0.32458333	5.10803456e-07	
0.32616667	1.65811610e-07	
0.32775000	2.75861742e-07	
0.32933333	2.28976256e-07	
0.33091667	1.22323293e-07	
0.33250000	2.40757743e-07	
0.33408333	4.21182999e-07	
0.33566667	7.09575079e-07	
0.33725000	6.95575347e-07	
0.33883333	6.73365030e-07	
0.34041667	7.60998435e-07	
0.34200000	7.31615204e-07	
0.34358333	4.64014897e-07	
0.34516667	2.70158278e-07	
0.34675000	1.59363005e-07	
0.34833333	3.67124697e-07	
0.34991667	2.86750843e-07	
0.35150000	3.17344679e-07	
0.35308333	4.84140380e-07	
0.35466667	6.85400754e-07	
0.35625000	6.37067282e-07	
0.35783333	5.91997355e-07	
0.35941667	6.35596824e-07	
0.36100000	7.18391107e-07	
0.36258333	7.17303314e-07	
0.36416667	7.03397610e-07	
0.36575000	2.74436226e-07	
0.36733333	3.59865343e-07	
0.36891667	4.00968220e-07	
0.37050000	3.84021411e-07	
0.37208333	2.51759185e-07	
0.37366667	3.15902587e-07	
0.37525000	7.74825063e-07	
0.37683333	5.74367540e-07	
0.37841667	4.94771729e-07	
0.38000000	6.41476416e-07	
0.38158333	5.53797985e-07	
0.38316667	7.14632554e-07	
0.38475000	2.54041203e-07	
0.38633333	3.90156291e-07	
0.38791667	4.22090015e-07	
0.38950000	2.48465789e-07	
0.39108333	3.64808825e-07	
0.39266667	3.75983371e-07	
0.39425000	2.50678224e-07	
0.39583333	5.37076195e-07	
0.39741667	4.75456294e-07	
0.39900000	6.19350215e-07	
0.40058333	4.77574421e-07	
0.40216667	5.47792220e-07	
0.40375000	4.88039779e-07	
0.40533333	3.28493212e-07	
0.40691667	3.71057250e-07	
0.40850000	2.77589588e-07	
0.41008333	4.08521755e-07	
0.41166667	4.75023395e-07	
0.41325000	3.33808130e-07	
0.41483333	5.83181104e-07	
0.41641667	7.00328840e-07	
0.41800000	6.80148951e-07	
0.41958333	8.06933432e-07	
0.42116667	4.66595913e-07	
0.42275000	6.76736550e-07	
0.42433333	5.00346891e-07	
0.42591667	2.92498073e-07	
0.42750000	4.48881002e-07	
0.42908333	4.55319947e-07	
0.43066667	5.33143195e-07	
0.43225000	4.97277673e-07	
0.43383333	6.92378388e-07	
0.43541667	9.13901871e-07	
0.43700000	9.80430393e-07	
0.43858333	1.15452876e-06	
0.44016667	1.26419121e-06	
0.44175000	1.32330858e-06	
0.44333333	1.24284215e-06	
0.44491667	1.15413473e-06	
0.44650000	1.65706922e-06	
0.44808333	2.07878640e-06	
0.44966667	2.42097654e-06	
0.45125000	2.67703548e-06	
0.45283333	2.94360856e-06	
0.45441667	3.86782744e-06	
0.45600000	4.62855527e-06	
0.45758333	5.60586901e-06	
0.45916667	6.93031679e-06	
0.46075000	8.97456577e-06	
0.46233333	1.15207841e-05	
0.46391667	1.48575975e-05	
0.46550000	1.98746700e-05	
0.46708333	2.76077174e-05	
0.46866667	3.79254644e-05	
0.47025000	5.20018116e-05	
0.47183333	7.24068370e-05	
0.47341667	1.07746849e-04	
0.47500000	1.73603360e-04	
0.47658333	2.75570069e-04	
0.47816667	3.71201988e-04	
0.47975000	4.21838439e-04	
0.48133333	5.27192725e-04	
0.48291667	7.45903207e-04	
0.48450000	8.79860845e-04	
0.48608333	1.02343619e-03	
0.48766667	1.01350113e-03	
0.48925000	7.61999358e-04	
0.49083333	1.41850855e-03	
0.49241667	1.35525585e-03	
0.49400000	1.83244334e-03	
0.49558333	1.47161492e-03	
0.49716667	2.09677996e-03	
0.49875000	2.00364958e-03	
0.50033333	2.31876143e-03	
0.50191667	2.45271982e-03	
0.50350000	4.16112194e-03	
0.50508333	5.25978594e-03	
0.50666667	7.35412087e-03	
0.50825000	1.10028723e-02	
0.50983333	1.85911553e-02	
0.51141667	3.61605102e-02	
0.51300000	9.08506103e-02	
0.51458333	1.35843282e-01	
0.51616667	1.57970023e-01	
0.51775000	2.09700603e-01	
0.51933333	2.61947813e-01	
0.52091667	3.94663837e-01	
0.52250000	7.41938652e-01	
0.52408333	1.09417822e+00	
0.52566667	1.73486434e+00	
0.52725000	2.04708632e+00	
0.52883333	2.18388905e+00	
0.53041667	2.22129482e+00	
0.53200000	2.30556969e+00	
0.53358333	2.57227497e+00	
0.53516667	3.54759688e+00	
0.53675000	4.41358852e+00	
0.53833333	4.75491039e+00	
0.53991667	4.95690352e+00	
0.54150000	7.41841020e+00	
0.54308333	7.98614029e+00	
0.54466667	8.17362792e+00	
0.54625000	8.25840874e+00	
0.54783333	8.44288975e+00	
0.54941667	8.49286998e+00	
0.55100000	8.62376189e+00	
0.55258333	1.06338014e+01	
0.55416667	1.26843277e+01	
0.55575000	1.32203258e+01	
0.55733333	1.33699104e+01	
0.55891667	1.37370139e+01	
0.56050000	1.40440604e+01	
0.56208333	1.40694644e+01	
0.56366667	1.47320559e+01	
0.56525000	1.51153238e+01	
0.56683333	1.63850546e+01	
0.56841667	1.66415580e+01	
0.57000000	1.77000245e+01	
0.57158333	1.83194824e+01	
0.57316667	1.85330008e+01	
0.57475000	1.96418242e+01	
0.57633333	1.99808028e+01	
0.57791667	2.05537146e+01	
0.57950000	2.04802744e+01	
0.58108333	2.09380123e+01	
0.58266667	2.18653097e+01	
0.58425000	2.22237936e+01	
0.58583333	2.26074411e+01	
0.58741667	2.28369189e+01	
0.58900000	2.28789701e+01	
0.59058333	2.42882725e+01	
0.59216667	2.56148442e+01	
0.59375000	2.57314369e+01	
0.59533333	2.59596951e+01	
0.59691667	2.58675067e+01	
0.59850000	2.60021898e+01	
0.60008333	2.63732302e+01	
0.60166667	2.84225106e+01	
0.60325000	2.87401498e+01	
0.60483333	2.89133983e+01	
0.60641667	2.95506610e+01	
0.60800000	3.10403451e+01	
0.60958333	3.17143336e+01	
