start voltage : 0.00 V 
set voltage : 0.10 V 
High G : 30.00 G0 
Intermediate G : 20.00 G0 
Low G : 10.00 G0 
Breaking speed 1 : 300.00 V/s 
Breaking speed 2 : 300.00 V/s 
Making speed : 500.00 V/s 
Post breaking : 230.00 V/s 
@ 
0.00000000	3.68436588e+01	
0.00158333	3.75562146e+01	
0.00316667	3.74809553e+01	
0.00475000	3.75212777e+01	
0.00633333	3.76651817e+01	
0.00791667	3.74272046e+01	
0.00950000	3.75414145e+01	
0.01108333	3.74205525e+01	
0.01266667	3.73356533e+01	
0.01425000	3.74565830e+01	
0.01583333	3.73428691e+01	
0.01741667	3.76436393e+01	
0.01900000	3.75213717e+01	
0.02058333	3.71251566e+01	
0.02216667	3.73011374e+01	
0.02375000	3.71091238e+01	
0.02533333	3.73944062e+01	
0.02691667	3.71930421e+01	
0.02850000	3.71149567e+01	
0.03008333	3.74537831e+01	
0.03166667	3.73609389e+01	
0.03325000	3.73741304e+01	
0.03483333	3.71028851e+01	
0.03641667	3.70084963e+01	
0.03800000	3.73719356e+01	
0.03958333	3.72455376e+01	
0.04116667	3.73032006e+01	
0.04275000	3.71995176e+01	
0.04433333	3.73792266e+01	
0.04591667	3.73218492e+01	
0.04750000	3.71515734e+01	
0.04908333	3.69320306e+01	
0.05066667	3.69255176e+01	
0.05225000	3.71542005e+01	
0.05383333	3.71705264e+01	
0.05541667	3.70151522e+01	
0.05700000	3.69019044e+01	
0.05858333	3.73183878e+01	
0.06016667	3.69726650e+01	
0.06175000	3.70804596e+01	
0.06333333	3.69366984e+01	
0.06491667	3.70277536e+01	
0.06650000	3.69396148e+01	
0.06808333	3.69847816e+01	
0.06966667	3.70245027e+01	
0.07125000	3.69419261e+01	
0.07283333	3.70283249e+01	
0.07441667	3.70078198e+01	
0.07600000	3.68296179e+01	
0.07758333	3.68943465e+01	
0.07916667	3.65017619e+01	
0.08075000	3.64639989e+01	
0.08233333	3.62922499e+01	
0.08391667	3.61638300e+01	
0.08550000	3.60568435e+01	
0.08708333	3.59853801e+01	
0.08866667	3.61540284e+01	
0.09025000	3.56626766e+01	
0.09183333	3.55960351e+01	
0.09341667	3.54866470e+01	
0.09500000	3.56176301e+01	
0.09658333	3.57287281e+01	
0.09816667	3.55167545e+01	
0.09975000	3.56076293e+01	
0.10133333	3.55584186e+01	
0.10291667	3.54964636e+01	
0.10450000	3.50952838e+01	
0.10608333	3.49700810e+01	
0.10766667	3.50504928e+01	
0.10925000	3.50727568e+01	
0.11083333	3.51227267e+01	
0.11241667	3.52335504e+01	
0.11400000	3.51859482e+01	
0.11558333	3.53291419e+01	
0.11716667	3.51011580e+01	
0.11875000	3.51166270e+01	
0.12033333	3.50577801e+01	
0.12191667	3.49455583e+01	
0.12350000	3.50537776e+01	
0.12508333	3.47272219e+01	
0.12666667	3.49615986e+01	
0.12825000	3.47773872e+01	
0.12983333	3.49724186e+01	
0.13141667	3.49571000e+01	
0.13300000	3.48226818e+01	
0.13458333	3.49667512e+01	
0.13616667	3.48885717e+01	
0.13775000	3.45424318e+01	
0.13933333	3.44208632e+01	
0.14091667	3.39731223e+01	
0.14250000	3.40438791e+01	
0.14408333	3.39974307e+01	
0.14566667	3.39175864e+01	
0.14725000	3.41300186e+01	
0.14883333	3.39945331e+01	
0.15041667	3.40623435e+01	
0.15200000	3.38703563e+01	
0.15358333	3.39081193e+01	
0.15516667	3.39276623e+01	
0.15675000	3.37653090e+01	
0.15833333	3.34805114e+01	
0.15991667	3.34364420e+01	
0.16150000	3.33035648e+01	
0.16308333	3.33092774e+01	
0.16466667	3.32039069e+01	
0.16625000	3.30143137e+01	
0.16783333	3.26030280e+01	
0.16941667	3.19256684e+01	
0.17100000	3.08964731e+01	
0.17258333	3.03025846e+01	
0.17416667	3.06313501e+01	
0.17575000	3.03915314e+01	
0.17733333	3.05685946e+01	
0.17891667	3.04503050e+01	
0.18050000	3.03768704e+01	
0.18208333	3.05077031e+01	
0.18366667	3.04241419e+01	
0.18525000	3.05559348e+01	
0.18683333	3.00065423e+01	
0.18841667	2.91314697e+01	
0.19000000	2.92318511e+01	
0.19158333	2.92450107e+01	
0.19316667	2.91716174e+01	
0.19475000	2.92078527e+01	
0.19633333	2.91278956e+01	
0.19791667	2.91856038e+01	
0.19950000	2.90477431e+01	
0.20108333	2.91159988e+01	
0.20266667	2.91456666e+01	
0.20425000	2.90307952e+01	
0.20583333	2.90206009e+01	
0.20741667	2.89635767e+01	
0.20900000	2.90403487e+01	
0.21058333	2.90231321e+01	
0.21216667	2.89373177e+01	
0.21375000	2.90416528e+01	
0.21533333	2.88657547e+01	
0.21691667	2.81210602e+01	
0.21850000	2.73314825e+01	
0.22008333	2.70298723e+01	
0.22166667	2.72270516e+01	
0.22325000	2.70543424e+01	
0.22483333	2.70517379e+01	
0.22641667	2.69583601e+01	
0.22800000	2.68382121e+01	
0.22958333	2.71637455e+01	
0.23116667	2.69683439e+01	
0.23275000	2.72435541e+01	
0.23433333	2.70471397e+01	
0.23591667	2.69877516e+01	
0.23750000	2.69387664e+01	
0.23908333	2.69614005e+01	
0.24066667	2.69806334e+01	
0.24225000	2.67929100e+01	
0.24383333	2.63053521e+01	
0.24541667	2.61584265e+01	
0.24700000	2.60942504e+01	
0.24858333	2.59633312e+01	
0.25016667	2.58918866e+01	
0.25175000	2.58370554e+01	
0.25333333	2.59766693e+01	
0.25491667	2.57401316e+01	
0.25650000	2.58584456e+01	
0.25808333	2.55673003e+01	
0.25966667	2.54759181e+01	
0.26125000	2.55754914e+01	
0.26283333	2.55214344e+01	
0.26441667	2.55949442e+01	
0.26600000	2.55199800e+01	
0.26758333	2.54331678e+01	
0.26916667	2.52607762e+01	
0.27075000	2.54130047e+01	
0.27233333	2.54904118e+01	
0.27391667	2.53695385e+01	
0.27550000	2.34023837e+01	
0.27708333	2.30795337e+01	
0.27866667	2.27785004e+01	
0.28025000	2.30593988e+01	
0.28183333	2.30000182e+01	
0.28341667	2.29068188e+01	
0.28500000	2.28477201e+01	
0.28658333	2.26388715e+01	
0.28816667	2.27476488e+01	
0.28975000	2.26173253e+01	
0.29133333	2.23345027e+01	
0.29291667	2.23195035e+01	
0.29450000	2.21049066e+01	
0.29608333	2.21520408e+01	
0.29766667	2.21597848e+01	
0.29925000	2.24527302e+01	
0.30083333	2.21072649e+01	
0.30241667	2.18945865e+01	
0.30400000	2.19493802e+01	
0.30558333	2.18995681e+01	
0.30716667	2.22230927e+01	
0.30875000	2.16899941e+01	
0.31033333	2.06705403e+01	
0.31191667	2.08565124e+01	
0.31350000	2.03432725e+01	
0.31508333	2.02585875e+01	
0.31666667	2.02032714e+01	
0.31825000	2.01837116e+01	
0.31983333	2.00344784e+01	
0.32141667	2.01456478e+01	
0.32300000	2.00704468e+01	
0.32458333	1.98315903e+01	
0.32616667	1.98043485e+01	
0.32775000	1.98847453e+01	
0.32933333	1.98160367e+01	
0.33091667	1.97678032e+01	
0.33250000	1.97033658e+01	
0.33408333	1.96546568e+01	
0.33566667	1.96053127e+01	
0.33725000	1.93737058e+01	
0.33883333	1.94732397e+01	
0.34041667	1.94059367e+01	
0.34200000	1.93392463e+01	
0.34358333	1.93408473e+01	
0.34516667	1.92095523e+01	
0.34675000	1.91690495e+01	
0.34833333	1.90264741e+01	
0.34991667	1.88900679e+01	
0.35150000	1.89058357e+01	
0.35308333	1.85779233e+01	
0.35466667	1.75023492e+01	
0.35625000	1.80018903e+01	
0.35783333	1.78371993e+01	
0.35941667	1.76661457e+01	
0.36100000	1.74721872e+01	
0.36258333	1.74253649e+01	
0.36416667	1.76138306e+01	
0.36575000	1.77642514e+01	
0.36733333	1.75586048e+01	
0.36891667	1.74034091e+01	
0.37050000	1.73540838e+01	
0.37208333	1.72135998e+01	
0.37366667	1.71160165e+01	
0.37525000	1.71228170e+01	
0.37683333	1.70308241e+01	
0.37841667	1.65157877e+01	
0.38000000	1.50009382e+01	
0.38158333	1.50288734e+01	
0.38316667	1.48080546e+01	
0.38475000	1.43455935e+01	
0.38633333	1.43139847e+01	
0.38791667	1.41362385e+01	
0.38950000	1.41452799e+01	
0.39108333	1.40932881e+01	
0.39266667	1.39972315e+01	
0.39425000	1.39344722e+01	
0.39583333	1.39950799e+01	
0.39741667	1.40686818e+01	
0.39900000	1.40535801e+01	
0.40058333	1.38635322e+01	
0.40216667	1.38512116e+01	
0.40375000	1.38411188e+01	
0.40533333	1.42035292e+01	
0.40691667	1.42694173e+01	
0.40850000	1.40063622e+01	
0.41008333	1.38687496e+01	
0.41166667	1.37223022e+01	
0.41325000	1.29528454e+01	
0.41483333	1.21789359e+01	
0.41641667	1.24495460e+01	
0.41800000	1.21818645e+01	
0.41958333	1.20310501e+01	
0.42116667	1.21172449e+01	
0.42275000	1.21611067e+01	
0.42433333	1.21196512e+01	
0.42591667	1.21162133e+01	
0.42750000	1.19207074e+01	
0.42908333	1.17157730e+01	
0.43066667	1.14611374e+01	
0.43225000	1.12075719e+01	
0.43383333	1.11590621e+01	
0.43541667	1.10008260e+01	
0.43700000	1.10309241e+01	
0.43858333	1.10019037e+01	
0.44016667	1.08743735e+01	
0.44175000	1.08615907e+01	
0.44333333	1.07028275e+01	
0.44491667	9.37503062e+00	
0.44650000	9.15859683e+00	
0.44808333	8.93394936e+00	
0.44966667	9.14755129e+00	
0.45125000	9.17942232e+00	
0.45283333	9.20648370e+00	
0.45441667	9.12898828e+00	
0.45600000	9.17449053e+00	
0.45758333	9.11615850e+00	
0.45916667	9.05876134e+00	
0.46075000	9.07706315e+00	
0.46233333	8.93866692e+00	
0.46391667	8.28576045e+00	
0.46550000	8.26880034e+00	
0.46708333	8.21529298e+00	
0.46866667	8.18838286e+00	
0.47025000	8.20153397e+00	
0.47183333	8.53311818e+00	
0.47341667	8.56771959e+00	
0.47500000	8.45283412e+00	
0.47658333	8.34432174e+00	
0.47816667	8.26850719e+00	
0.47975000	8.31753188e+00	
0.48133333	8.27017211e+00	
0.48291667	8.17292324e+00	
0.48450000	7.58576198e+00	
0.48608333	7.14746607e+00	
0.48766667	7.09144819e+00	
0.48925000	6.56958067e+00	
0.49083333	6.02109760e+00	
0.49241667	6.07337882e+00	
0.49400000	6.12308000e+00	
0.49558333	6.07847315e+00	
0.49716667	5.75578147e+00	
0.49875000	5.64472004e+00	
0.50033333	5.61056305e+00	
0.50191667	5.61248540e+00	
0.50350000	5.62744189e+00	
0.50508333	5.60749959e+00	
0.50666667	5.52068978e+00	
0.50825000	5.50433099e+00	
0.50983333	5.49018488e+00	
0.51141667	5.45824667e+00	
0.51300000	5.39278568e+00	
0.51458333	5.37007590e+00	
0.51616667	5.40837215e+00	
0.51775000	5.44907463e+00	
0.51933333	4.29482077e+00	
0.52091667	4.88893153e+00	
0.52250000	4.89090979e+00	
0.52408333	4.64278350e+00	
0.52566667	4.66552946e+00	
0.52725000	4.64807185e+00	
0.52883333	4.62415613e+00	
0.53041667	4.48219424e+00	
0.53200000	4.22749005e+00	
0.53358333	4.13608904e+00	
0.53516667	4.06847738e+00	
0.53675000	4.02709466e+00	
0.53833333	4.06141936e+00	
0.53991667	4.07418572e+00	
0.54150000	4.06052536e+00	
0.54308333	4.01253749e+00	
0.54466667	3.95100247e+00	
0.54625000	3.83278460e+00	
0.54783333	3.76881541e+00	
0.54941667	3.59946399e+00	
0.55100000	3.56958861e+00	
0.55258333	3.53044087e+00	
0.55416667	3.45285807e+00	
0.55575000	3.31460207e+00	
0.55733333	3.35895453e+00	
0.55891667	3.20033789e+00	
0.56050000	3.15173343e+00	
0.56208333	2.19129024e+00	
0.56366667	1.85281021e+00	
0.56525000	1.73662638e+00	
0.56683333	1.68722446e+00	
0.56841667	1.65992677e+00	
0.57000000	1.65978537e+00	
0.57158333	1.66782559e+00	
0.57316667	1.64441864e+00	
0.57475000	1.64777947e+00	
0.57633333	1.61759661e+00	
0.57791667	1.61870765e+00	
0.57950000	1.62735107e+00	
0.58108333	1.61562552e+00	
0.58266667	1.61206585e+00	
0.58425000	1.59995296e+00	
0.58583333	1.45751766e+00	
0.58741667	1.34539980e+00	
0.58900000	1.50888832e+00	
0.59058333	1.48901121e+00	
0.59216667	1.25320134e+00	
0.59375000	1.07988977e+00	
0.59533333	1.05056509e+00	
0.59691667	1.04795450e+00	
0.59850000	9.89567152e-01	
0.60008333	9.19829315e-01	
0.60166667	9.18704596e-01	
0.60325000	9.34482614e-01	
0.60483333	9.50351771e-01	
0.60641667	9.17947305e-01	
0.60800000	9.15118565e-01	
0.60958333	8.69675797e-01	
0.61116667	8.63331552e-01	
0.61275000	8.47118690e-01	
0.61433333	8.62452294e-01	
0.61591667	8.41968634e-01	
0.61750000	8.26184743e-01	
0.61908333	8.33107350e-01	
0.62066667	8.37314669e-01	
0.62225000	8.27139460e-01	
0.62383333	8.56262256e-01	
0.62541667	8.60553490e-01	
0.62700000	8.35468715e-01	
0.62858333	8.71925882e-01	
0.63016667	8.25687184e-01	
0.63175000	8.15934721e-01	
0.63333333	8.29286251e-01	
0.63491667	8.08877228e-01	
0.63650000	8.78366080e-01	
0.63808333	7.75875316e-01	
0.63966667	7.60898630e-01	
0.64125000	7.46523442e-01	
0.64283333	7.26754087e-01	
0.64441667	7.26186707e-01	
0.64600000	7.19547731e-01	
0.64758333	7.18431938e-01	
0.64916667	7.09506881e-01	
0.65075000	7.06998708e-01	
0.65233333	6.88223532e-01	
0.65391667	7.65285171e-01	
0.65550000	7.76978190e-01	
0.65708333	2.54876079e-01	
0.65866667	-4.22264197e-03	
0.66025000	-8.99879903e-04	
0.66183333	2.96055354e-03	
0.66341667	2.57143181e-04	
0.66500000	6.83098043e-06	
0.66658333	-8.12953534e-06	
0.66816667	9.01400319e-07	
0.66975000	2.60886891e-05	
0.67133333	7.94382007e-05	
0.67291667	2.31737043e-04	
0.67450000	3.22760994e-04	
0.67608333	1.86852841e-04	
0.67766667	9.76204622e-05	
0.67925000	6.70450830e-05	
0.68083333	6.00814850e-05	
0.68241667	5.71247029e-05	
0.68400000	5.20128473e-05	
0.68558333	4.60813263e-05	
0.68716667	4.13204138e-05	
0.68875000	3.75170529e-05	
0.69033333	3.41708911e-05	
0.69191667	3.12356677e-05	
0.69350000	2.84562209e-05	
0.69508333	2.61947319e-05	
0.69666667	2.40734785e-05	
0.69825000	2.12672240e-05	
0.69983333	1.83769997e-05	
0.70141667	1.60694130e-05	
0.70300000	1.40021318e-05	
0.70458333	1.22330429e-05	
0.70616667	1.07740726e-05	
0.70775000	9.73597324e-06	
0.70933333	8.69372257e-06	
0.71091667	8.07646467e-06	
0.71250000	6.93547933e-06	
0.71408333	6.12129777e-06	
0.71566667	5.55850881e-06	
0.71725000	4.98971458e-06	
0.71883333	4.14286340e-06	
0.72041667	3.44275470e-06	
0.72200000	2.81626602e-06	
0.72358333	2.46684595e-06	
0.72516667	2.05120740e-06	
0.72675000	1.80952071e-06	
0.72833333	1.71338826e-06	
0.72991667	1.80231409e-06	
0.73150000	1.81230942e-06	
0.73308333	1.53353383e-06	
0.73466667	1.31466627e-06	
0.73625000	1.32061474e-06	
0.73783333	1.20974915e-06	
0.73941667	8.24140596e-07	
0.74100000	6.58283442e-07	
0.74258333	8.35320769e-07	
0.74416667	8.10647462e-07	
0.74575000	7.45137179e-07	
0.74733333	7.39911136e-07	
0.74891667	9.77834228e-07	
0.75050000	9.84487999e-07	
0.75208333	8.02998695e-07	
0.75366667	8.46600012e-07	
0.75525000	7.38745108e-07	
0.75683333	7.70979818e-07	
0.75841667	5.29902889e-07	
0.76000000	3.55803789e-07	
0.76158333	2.04450726e-07	
0.76316667	2.15401233e-07	
0.76475000	2.11650563e-07	
0.76633333	2.83597061e-07	
0.76791667	2.06110346e-07	
0.76950000	4.45033685e-07	
0.77108333	7.00588020e-07	
0.77266667	6.35468802e-07	
0.77425000	7.11564064e-07	
0.77583333	6.86242584e-07	
0.77741667	5.40621154e-07	
0.77900000	3.01745068e-07	
0.78058333	8.67256664e-08	
0.78216667	1.92075333e-07	
0.78375000	1.31544232e-07	
0.78533333	1.97830417e-07	
0.78691667	1.65067939e-07	
0.78850000	2.97994663e-07	
0.79008333	5.46192004e-07	
0.79166667	6.18918435e-07	
0.79325000	6.99334124e-07	
0.79483333	6.21598548e-07	
0.79641667	5.55698543e-07	
0.79800000	4.90130577e-07	
0.79958333	2.28502083e-07	
0.80116667	4.20880137e-07	
0.80275000	1.42770748e-07	
0.80433333	1.07968022e-07	
0.80591667	2.29159385e-07	
0.80750000	1.14786951e-07	
0.80908333	4.16213504e-07	
0.81066667	6.33477409e-07	
0.81225000	4.81938361e-07	
0.81383333	3.47627814e-07	
0.81541667	5.35624218e-07	
0.81700000	6.95186690e-07	
0.81858333	1.28812780e-07	
0.82016667	9.89540251e-08	
0.82175000	2.52657773e-07	
0.82333333	1.72413578e-07	
0.82491667	9.14527196e-08	
0.82650000	-3.68083131e-08	
0.82808333	2.20983368e-07	
0.82966667	5.84081176e-07	
0.83125000	5.11018730e-07	
0.83283333	4.90624239e-07	
0.83441667	5.13653760e-07	
0.83600000	5.14520679e-07	
0.83758333	5.70373609e-07	
0.83916667	4.44690614e-07	
0.84075000	3.03776671e-07	
0.84233333	2.23402718e-07	
0.84391667	2.92247629e-07	
0.84550000	1.93665118e-07	
0.84708333	1.36808315e-07	
0.84866667	2.49209026e-07	
0.85025000	1.39987787e-07	
0.85183333	5.78039961e-07	
0.85341667	5.80546242e-07	
0.85500000	4.03292324e-07	
0.85658333	5.75619980e-07	
0.85816667	2.78272230e-07	
0.85975000	3.65872005e-07	
0.86133333	1.25313043e-07	
0.86291667	1.87234965e-07	
0.86450000	2.22323368e-07	
0.86608333	2.81731877e-08	
0.86766667	1.94632449e-07	
0.86925000	4.44689522e-07	
0.87083333	4.55923990e-07	
0.87241667	4.73381961e-07	
0.87400000	3.00838415e-07	
0.87558333	3.99748625e-07	
0.87716667	5.57598708e-07	
0.87875000	4.49919036e-07	
0.88033333	2.41983638e-07	
0.88191667	1.24880956e-07	
0.88350000	1.56849108e-07	
0.88508333	6.29850182e-08	
0.88666667	-5.50857972e-08	
0.88825000	1.59217776e-07	
0.88983333	4.07614262e-07	
0.89141667	4.71652995e-07	
0.89300000	4.37646366e-07	
0.89458333	4.29547898e-07	
0.89616667	5.15643249e-07	
0.89775000	4.31855202e-07	
0.89933333	3.62074363e-07	
0.90091667	1.28985926e-07	
0.90250000	2.60833552e-07	
0.90408333	3.39080515e-07	
0.90566667	1.73121996e-07	
0.90725000	2.29193784e-07	
0.90883333	1.71030302e-07	
0.91041667	4.76925408e-07	
0.91200000	5.78213625e-07	
0.91358333	4.32374485e-07	
0.91516667	4.54498530e-07	
0.91675000	4.69450333e-07	
0.91833333	6.06473781e-07	
0.91991667	2.45641106e-07	
0.92150000	1.08158150e-07	
0.92308333	2.67651522e-07	
0.92466667	2.87528186e-07	
0.92625000	2.69155973e-07	
0.92783333	3.65050644e-07	
0.92941667	3.44507830e-07	
0.93100000	6.76691972e-07	
0.93258333	4.76363759e-07	
0.93416667	5.28563197e-07	
0.93575000	5.95065621e-07	
0.93733333	4.47756807e-07	
0.93891667	3.82024194e-07	
0.94050000	-6.64859803e-08	
0.94208333	1.75827562e-07	
0.94366667	3.30809392e-07	
0.94525000	2.35978209e-07	
0.94683333	1.92852717e-07	
0.94841667	2.20507402e-07	
0.95000000	3.73019382e-07	
0.95158333	4.61369086e-07	
0.95316667	4.76190487e-07	
0.95475000	5.95670840e-07	
0.95633333	5.42606947e-07	
0.95791667	5.99083969e-07	
0.95950000	3.72698935e-07	
0.96108333	8.87131326e-08	
0.96266667	4.62794791e-08	
0.96425000	-6.62350890e-08	
0.96583333	5.21131839e-08	
0.96741667	4.71085753e-08	
0.96900000	3.60107022e-07	
0.97058333	4.86042393e-07	
0.97216667	5.29254268e-07	
0.97375000	5.59243054e-07	
0.97533333	5.46364828e-07	
0.97691667	4.81593049e-07	
0.97850000	4.73209137e-07	
0.98008333	1.68913323e-07	
0.98166667	8.16262736e-08	
0.98325000	1.45217050e-07	
0.98483333	1.45449278e-07	
0.98641667	2.10914382e-07	
0.98800000	1.22763402e-07	
0.98958333	4.32547365e-07	
0.99116667	5.30376502e-07	
0.99275000	4.79863580e-07	
0.99433333	5.30981946e-07	
0.99591667	5.58938400e-07	
0.99750000	4.96292869e-07	
0.99908333	7.84287402e-08	
1.00066667	4.77484670e-08	
1.00225000	4.16042038e-08	
1.00383333	6.54223385e-08	
1.00541667	6.64422143e-08	
1.00700000	-9.02695545e-08	
1.00858333	2.82948272e-07	
1.01016667	5.53539254e-07	
1.01175000	3.98020107e-07	
1.01333333	3.88246213e-07	
1.01491667	4.53115324e-07	
1.01650000	3.85791595e-07	
1.01808333	2.55320440e-07	
1.01966667	8.40031323e-08	
1.02125000	7.68735504e-08	
1.02283333	1.19479569e-07	
1.02441667	2.31164387e-07	
1.02600000	2.46953385e-07	
1.02758333	1.62466300e-07	
1.02916667	5.64731076e-07	
1.03075000	4.09471697e-07	
1.03233333	4.76450451e-07	
1.03391667	3.68550213e-07	
1.03550000	3.95644537e-07	
1.03708333	4.67851797e-07	
1.03866667	2.32755740e-07	
1.04025000	1.65007036e-07	
1.04183333	1.35061820e-07	
1.04341667	1.31147357e-07	
1.04500000	2.38396957e-07	
1.04658333	1.95445382e-07	
1.04816667	2.74161646e-07	
1.04975000	6.20485554e-07	
1.05133333	6.48172636e-07	
1.05291667	6.82093526e-07	
1.05450000	5.04234249e-07	
1.05608333	5.15599735e-07	
1.05766667	3.86310346e-07	
1.05925000	2.03120330e-07	
1.06083333	3.54336999e-08	
1.06241667	5.12225444e-08	
1.06400000	1.00691314e-07	
1.06558333	2.13939666e-07	
1.06716667	1.39918568e-07	
1.06875000	3.21191044e-07	
1.07033333	2.77072124e-07	
1.07191667	5.54101183e-07	
1.07350000	4.71091514e-07	
1.07508333	4.22262251e-07	
1.07666667	5.92775006e-07	
1.07825000	3.92015294e-07	
1.07983333	2.42243938e-07	
1.08141667	6.91362441e-09	
1.08300000	1.17967361e-07	
1.08458333	2.75671194e-07	
1.08616667	1.18615702e-07	
1.08775000	2.73094066e-08	
1.08933333	3.74159425e-07	
1.09091667	4.65300658e-07	
1.09250000	5.41656585e-07	
1.09408333	5.41568773e-07	
1.09566667	5.25710821e-07	
1.09725000	6.49900650e-07	
1.09883333	4.83234539e-07	
1.10041667	3.03880079e-07	
1.10200000	1.56382831e-07	
1.10358333	2.56632887e-07	
1.10516667	1.66009957e-07	
1.10675000	1.13801635e-07	
1.10833333	2.91591672e-07	
1.10991667	4.58948209e-07	
1.11150000	5.76528341e-07	
1.11308333	5.00042909e-07	
1.11466667	4.85221844e-07	
1.11625000	5.39883601e-07	
1.11783333	5.24457205e-07	
1.11941667	2.03837568e-07	
1.12100000	-4.21696647e-09	
1.12258333	1.07431840e-07	
1.12416667	7.57922119e-08	
1.12575000	2.99539346e-08	
1.12733333	1.20473418e-07	
1.12891667	1.06516968e-07	
1.13050000	4.91358600e-07	
1.13208333	5.11667239e-07	
1.13366667	4.00873772e-07	
1.13525000	7.13638061e-07	
1.13683333	5.75792692e-07	
1.13841667	5.11925858e-07	
1.14000000	2.98633736e-07	
1.14158333	6.70292817e-08	
1.14316667	2.93336794e-07	
1.14475000	2.03949405e-07	
1.14633333	1.72630546e-07	
1.14791667	2.45147024e-07	
1.14950000	5.19142678e-07	
1.15108333	6.18873913e-07	
1.15266667	6.12350797e-07	
1.15425000	5.94416664e-07	
1.15583333	6.99508571e-07	
1.15741667	5.87936949e-07	
1.15900000	5.88756210e-07	
1.16058333	3.12634560e-07	
1.16216667	3.14450302e-07	
1.16375000	2.15062572e-07	
1.16533333	3.15660320e-07	
1.16691667	1.86060453e-07	
1.16850000	2.82179190e-07	
1.17008333	5.79207445e-07	
1.17166667	4.57912303e-07	
1.17325000	4.67462663e-07	
1.17483333	3.59994989e-07	
1.17641667	4.15539486e-07	
1.17800000	5.16463070e-07	
1.17958333	2.41980505e-08	
1.18116667	1.68739533e-07	
1.18275000	1.62431914e-07	
1.18433333	1.34992587e-07	
1.18591667	3.48464226e-08	
1.18750000	-5.93123944e-08	
1.18908333	2.20422069e-07	
1.19066667	4.80424669e-07	
1.19225000	3.59908633e-07	
1.19383333	4.46374609e-07	
1.19541667	4.17510354e-07	
1.19700000	6.38277832e-07	
1.19858333	6.58155700e-07	
1.20016667	8.01144158e-08	
1.20175000	1.71592918e-07	
1.20333333	2.33298446e-07	
1.20491667	4.43739299e-07	
1.20650000	2.96992302e-07	
1.20808333	2.90380422e-07	
1.20966667	6.19565152e-07	
1.21125000	4.36565881e-07	
@ 
0.00000000	5.43082521e-07	
0.00158333	4.79648082e-07	
0.00316667	4.87537996e-07	
0.00475000	5.57351681e-07	
0.00633333	5.94201334e-07	
0.00791667	1.51239938e-07	
0.00950000	7.65269928e-08	
0.01108333	1.53530119e-07	
0.01266667	1.91254042e-07	
0.01425000	1.02152098e-07	
0.01583333	2.79646644e-07	
0.01741667	4.27637400e-07	
0.01900000	4.65474490e-07	
0.02058333	5.05573885e-07	
0.02216667	4.63106788e-07	
0.02375000	7.36021314e-07	
0.02533333	6.51465472e-07	
0.02691667	5.35951161e-07	
0.02850000	2.55250521e-07	
0.03008333	1.32010957e-07	
0.03166667	2.98504594e-07	
0.03325000	1.51637514e-07	
0.03483333	2.95765763e-07	
0.03641667	4.72170011e-07	
0.03800000	5.43764575e-07	
0.03958333	5.93249460e-07	
0.04116667	5.33228822e-07	
0.04275000	5.54273615e-07	
0.04433333	5.48265217e-07	
0.04591667	3.06437602e-07	
0.04750000	1.99074569e-07	
0.04908333	1.80105369e-07	
0.05066667	2.73960345e-07	
0.05225000	2.25675888e-07	
0.05383333	1.73243438e-07	
0.05541667	4.20491116e-07	
0.05700000	5.54877882e-07	
0.05858333	4.93260949e-07	
0.06016667	4.66597649e-07	
0.06175000	4.02557515e-07	
0.06333333	5.71731726e-07	
0.06491667	4.48632630e-07	
0.06650000	2.90345280e-07	
0.06808333	3.47850403e-08	
0.06966667	8.94219914e-08	
0.07125000	2.67003937e-07	
0.07283333	2.18649967e-07	
0.07441667	2.12428564e-07	
0.07600000	5.45113004e-07	
0.07758333	5.38267928e-07	
0.07916667	5.73027792e-07	
0.08075000	4.32071707e-07	
0.08233333	5.54620382e-07	
0.08391667	4.24035739e-07	
0.08550000	4.60332255e-07	
0.08708333	2.87157449e-07	
0.08866667	1.08720366e-07	
0.09025000	1.51456150e-07	
0.09183333	1.06403381e-07	
0.09341667	3.43533625e-08	
0.09500000	2.51198123e-07	
0.09658333	6.45319924e-07	
0.09816667	6.37843981e-07	
0.09975000	5.10025357e-07	
0.10133333	6.16585203e-07	
0.10291667	7.63977656e-07	
0.10450000	6.14252362e-07	
0.10608333	3.73070876e-07	
0.10766667	1.93302012e-07	
0.10925000	1.16548902e-07	
0.11083333	2.68256489e-07	
0.11241667	2.22201576e-07	
0.11400000	2.02099978e-07	
0.11558333	3.45778751e-07	
0.11716667	5.41915988e-07	
0.11875000	5.58379159e-07	
0.12033333	4.88203586e-07	
0.12191667	5.54361427e-07	
0.12350000	4.75585828e-07	
0.12508333	5.25321660e-07	
0.12666667	2.08711859e-07	
0.12825000	3.15400776e-07	
0.12983333	1.84935936e-07	
0.13141667	1.06688868e-07	
0.13300000	8.18515157e-08	
0.13458333	1.52017673e-07	
0.13616667	3.20612090e-07	
0.13775000	7.02142930e-07	
0.13933333	6.21769747e-07	
0.14091667	7.45226279e-07	
0.14250000	6.30023566e-07	
0.14408333	5.29946067e-07	
0.14566667	6.58715949e-07	
0.14725000	3.83286903e-08	
0.14883333	1.66666348e-07	
0.15041667	3.23386007e-07	
0.15200000	3.79829035e-07	
0.15358333	2.26427806e-07	
0.15516667	1.62673621e-07	
0.15675000	4.31812248e-07	
0.15833333	4.93699281e-07	
0.15991667	5.24760738e-07	
0.16150000	5.42563769e-07	
0.16308333	4.62709450e-07	
0.16466667	6.01315109e-07	
0.16625000	3.83846879e-07	
0.16783333	2.06680494e-07	
0.16941667	1.53529937e-07	
0.17100000	1.72889236e-07	
0.17258333	3.33808578e-07	
0.17416667	2.16748066e-07	
0.17575000	4.91055122e-07	
0.17733333	7.59069316e-07	
0.17891667	5.88885688e-07	
0.18050000	5.75749682e-07	
0.18208333	5.84739374e-07	
0.18366667	7.10181306e-07	
0.18525000	6.85638317e-07	
0.18683333	1.91522588e-07	
0.18841667	2.97251118e-07	
0.19000000	2.15710479e-07	
0.19158333	2.45269193e-07	
0.19316667	1.77382919e-07	
0.19475000	2.25329709e-07	
0.19633333	4.56979805e-07	
0.19791667	6.11356248e-07	
0.19950000	6.37973906e-07	
0.20108333	4.83017193e-07	
0.20266667	6.57850710e-07	
0.20425000	6.23065309e-07	
0.20583333	4.37343728e-07	
0.20741667	1.82033032e-07	
0.20900000	3.72353316e-07	
0.21058333	4.02255606e-07	
0.21216667	4.86823292e-07	
0.21375000	1.64592547e-07	
0.21533333	1.73926290e-07	
0.21691667	4.47756331e-07	
0.21850000	5.58768376e-07	
0.22008333	5.91867318e-07	
0.22166667	5.51377165e-07	
0.22325000	5.84262512e-07	
0.22483333	5.25452873e-07	
0.22641667	2.91245184e-07	
0.22800000	1.46028358e-07	
0.22958333	9.28962053e-08	
0.23116667	2.92153041e-07	
0.23275000	2.55406600e-07	
0.23433333	2.55934536e-07	
0.23591667	4.28873040e-07	
0.23750000	6.07778303e-07	
0.23908333	7.40776487e-07	
0.24066667	6.37023824e-07	
0.24225000	6.80797516e-07	
0.24383333	6.86976833e-07	
0.24541667	5.92775398e-07	
0.24700000	3.30386237e-07	
0.24858333	2.99325507e-07	
0.25016667	2.58793184e-07	
0.25175000	3.30308253e-07	
0.25333333	1.78333030e-07	
0.25491667	3.31129418e-07	
0.25650000	3.38381071e-07	
0.25808333	5.83440955e-07	
0.25966667	6.03578115e-07	
0.26125000	4.28052519e-07	
0.26283333	7.24615002e-07	
0.26441667	6.75250747e-07	
0.26600000	4.20446958e-07	
0.26758333	3.50358133e-07	
0.26916667	2.26816869e-07	
0.27075000	4.31466292e-07	
0.27233333	2.91029379e-07	
0.27391667	2.54299739e-07	
0.27550000	3.65586504e-07	
0.27708333	3.01443466e-07	
0.27866667	6.85075100e-07	
0.28025000	6.30368933e-07	
0.28183333	6.56255759e-07	
0.28341667	7.99627400e-07	
0.28500000	6.67919234e-07	
0.28658333	5.86242537e-07	
0.28816667	2.20291975e-07	
0.28975000	2.82283214e-07	
0.29133333	3.40506507e-07	
0.29291667	2.49900909e-07	
0.29450000	3.69112002e-07	
0.29608333	4.51534793e-07	
0.29766667	5.96489765e-07	
0.29925000	7.10181250e-07	
0.30083333	5.72553003e-07	
0.30241667	6.70597218e-07	
0.30400000	6.63773424e-07	
0.30558333	5.64013516e-07	
0.30716667	3.73530853e-07	
0.30875000	2.91763824e-07	
0.31033333	3.12158847e-07	
0.31191667	3.72395542e-07	
0.31350000	3.19462583e-07	
0.31508333	3.74600165e-07	
0.31666667	6.07249584e-07	
0.31825000	6.29117165e-07	
0.31983333	5.19790459e-07	
0.32141667	6.87926860e-07	
0.32300000	5.84998049e-07	
0.32458333	5.61317275e-07	
0.32616667	5.10500763e-07	
0.32775000	2.97035536e-07	
0.32933333	4.19886037e-07	
0.33091667	4.75456294e-07	
0.33250000	4.33107306e-07	
0.33408333	4.66492924e-07	
0.33566667	4.77746461e-07	
0.33725000	6.65285268e-07	
0.33883333	5.43254672e-07	
0.34041667	6.19221185e-07	
0.34200000	6.98340303e-07	
0.34358333	5.26661240e-07	
0.34516667	6.57781043e-07	
0.34675000	3.57748196e-07	
0.34833333	1.52311434e-07	
0.34991667	3.41629245e-07	
0.35150000	2.88565968e-07	
0.35308333	2.39391758e-07	
0.35466667	4.00439892e-07	
0.35625000	5.41812272e-07	
0.35783333	7.44445660e-07	
0.35941667	6.06947002e-07	
0.36100000	6.92163842e-07	
0.36258333	5.31396196e-07	
0.36416667	8.69414539e-07	
0.36575000	7.27596128e-07	
0.36733333	3.80045317e-07	
0.36891667	3.64029942e-07	
0.37050000	4.11157373e-07	
0.37208333	5.85905794e-07	
0.37366667	4.32114969e-07	
0.37525000	2.62769335e-07	
0.37683333	3.84892642e-07	
0.37841667	4.54800775e-07	
0.38000000	6.42857157e-07	
0.38158333	6.50936640e-07	
0.38316667	5.26921259e-07	
0.38475000	6.52535848e-07	
0.38633333	4.61066392e-07	
0.38791667	2.27352631e-07	
0.38950000	1.79111381e-07	
0.39108333	2.53227823e-07	
0.39266667	2.76605119e-07	
0.39425000	1.90251401e-07	
0.39583333	4.21180815e-07	
0.39741667	6.84601431e-07	
0.39900000	5.99904630e-07	
0.40058333	7.07156611e-07	
0.40216667	5.21640502e-07	
0.40375000	5.86293107e-07	
0.40533333	5.40058161e-07	
0.40691667	2.33730674e-07	
0.40850000	3.03647949e-07	
0.41008333	3.36875948e-07	
0.41166667	5.14042865e-07	
0.41325000	6.04701301e-07	
0.41483333	5.76475923e-07	
0.41641667	9.21549239e-07	
0.41800000	1.09001017e-06	
0.41958333	1.32469374e-06	
0.42116667	1.44030623e-06	
0.42275000	1.86818861e-06	
0.42433333	2.17034132e-06	
0.42591667	2.26964005e-06	
0.42750000	2.43203098e-06	
0.42908333	2.57181124e-06	
0.43066667	2.79863351e-06	
0.43225000	3.04792265e-06	
0.43383333	3.22421946e-06	
0.43541667	3.69186038e-06	
0.43700000	4.27141470e-06	
0.43858333	4.81903326e-06	
0.44016667	5.21693111e-06	
0.44175000	5.76795283e-06	
0.44333333	6.71364038e-06	
0.44491667	7.40177865e-06	
0.44650000	8.43007708e-06	
0.44808333	9.56421130e-06	
0.44966667	1.11972992e-05	
0.45125000	1.31264057e-05	
0.45283333	1.53982735e-05	
0.45441667	1.84140778e-05	
0.45600000	2.16345682e-05	
0.45758333	2.47014092e-05	
0.45916667	2.79956920e-05	
0.46075000	3.23897782e-05	
0.46233333	3.88377839e-05	
0.46391667	5.09897736e-05	
0.46550000	7.78817717e-05	
0.46708333	1.74765603e-04	
0.46866667	3.72307602e-04	
0.47025000	5.06750678e-04	
0.47183333	6.76500090e-04	
0.47341667	8.72500871e-04	
0.47500000	8.63949924e-04	
0.47658333	1.29110201e-03	
0.47816667	1.82509793e-03	
0.47975000	1.86250372e-03	
0.48133333	2.29178629e-03	
0.48291667	1.63742347e-03	
0.48450000	1.97611726e-03	
0.48608333	2.69463748e-03	
0.48766667	2.89231617e-03	
0.48925000	4.88155456e-03	
0.49083333	5.96731604e-03	
0.49241667	9.34866956e-03	
0.49400000	1.17668452e-02	
0.49558333	1.30572183e-02	
0.49716667	1.52932364e-02	
0.49875000	1.80946110e-02	
0.50033333	2.16605145e-02	
0.50191667	2.43633732e-02	
0.50350000	2.67227452e-02	
0.50508333	2.97602106e-02	
0.50666667	3.15256593e-02	
0.50825000	3.60982750e-02	
0.50983333	2.59576190e-02	
0.51141667	2.79885098e-02	
0.51300000	4.38423636e-02	
0.51458333	5.56074177e-02	
0.51616667	6.16161091e-02	
0.51775000	6.34927532e-02	
0.51933333	7.43028079e-02	
0.52091667	9.40812355e-02	
0.52250000	2.10097937e-01	
0.52408333	7.82014618e-01	
0.52566667	1.14011667e+00	
0.52725000	1.21368342e+00	
0.52883333	1.30665679e+00	
0.53041667	1.37832584e+00	
0.53200000	1.85823421e+00	
0.53358333	6.42406488e+00	
0.53516667	8.13175239e+00	
0.53675000	8.42615796e+00	
0.53833333	9.25748054e+00	
0.53991667	9.40406227e+00	
0.54150000	9.57611377e+00	
0.54308333	1.00385175e+01	
0.54466667	1.19019349e+01	
0.54625000	1.27874638e+01	
0.54783333	1.27559931e+01	
0.54941667	1.28633573e+01	
0.55100000	1.29621884e+01	
0.55258333	1.31213791e+01	
0.55416667	1.33601633e+01	
0.55575000	1.40006168e+01	
0.55733333	1.46179249e+01	
0.55891667	1.58538783e+01	
0.56050000	1.68511415e+01	
0.56208333	1.70059312e+01	
0.56366667	1.75766839e+01	
0.56525000	1.73890056e+01	
0.56683333	1.78268415e+01	
0.56841667	1.94160972e+01	
0.57000000	2.09116631e+01	
0.57158333	2.18531254e+01	
0.57316667	2.20875885e+01	
0.57475000	2.26048310e+01	
0.57633333	2.32157501e+01	
0.57791667	2.33517993e+01	
0.57950000	2.40287455e+01	
0.58108333	2.46724085e+01	
0.58266667	2.47784123e+01	
0.58425000	2.53814334e+01	
0.58583333	2.60732567e+01	
0.58741667	2.61221217e+01	
0.58900000	2.63453871e+01	
0.59058333	2.74506721e+01	
0.59216667	2.86076446e+01	
0.59375000	2.89958922e+01	
0.59533333	2.88655386e+01	
0.59691667	2.91291753e+01	
0.59850000	2.91162074e+01	
0.60008333	2.96967654e+01	
0.60166667	3.05102118e+01	
0.60325000	3.11990172e+01	
0.60483333	3.14536491e+01	
0.60641667	3.18693508e+01	
0.60800000	3.21210493e+01	
0.60958333	3.25025583e+01	
0.61116667	3.27270056e+01	
