start voltage : 0.00 V 
set voltage : 0.10 V 
High G : 30.00 G0 
Intermediate G : 20.00 G0 
Low G : 10.00 G0 
Breaking speed 1 : 300.00 V/s 
Breaking speed 2 : 300.00 V/s 
Making speed : 500.00 V/s 
Post breaking : 230.00 V/s 
@ 
0.00000000	4.58993487e+01	
0.00158333	4.67236001e+01	
0.00316667	4.70354684e+01	
0.00475000	4.66842135e+01	
0.00633333	4.72281434e+01	
0.00791667	4.72592355e+01	
0.00950000	4.71346866e+01	
0.01108333	4.70434886e+01	
0.01266667	4.67518134e+01	
0.01425000	4.67106378e+01	
0.01583333	4.68518096e+01	
0.01741667	4.69370921e+01	
0.01900000	4.68066465e+01	
0.02058333	4.68241562e+01	
0.02216667	4.67691954e+01	
0.02375000	4.66896893e+01	
0.02533333	4.67020690e+01	
0.02691667	4.66624870e+01	
0.02850000	4.65096533e+01	
0.03008333	4.67438120e+01	
0.03166667	4.65098826e+01	
0.03325000	4.64907230e+01	
0.03483333	4.65873329e+01	
0.03641667	4.64997804e+01	
0.03800000	4.64591423e+01	
0.03958333	4.61053467e+01	
0.04116667	4.63671399e+01	
0.04275000	4.61931210e+01	
0.04433333	4.62288170e+01	
0.04591667	4.61806285e+01	
0.04750000	4.59479919e+01	
0.04908333	4.60790614e+01	
0.05066667	4.61669109e+01	
0.05225000	4.59939179e+01	
0.05383333	4.59311962e+01	
0.05541667	4.58143668e+01	
0.05700000	4.60487773e+01	
0.05858333	4.58705867e+01	
0.06016667	4.60213833e+01	
0.06175000	4.58811925e+01	
0.06333333	4.57138933e+01	
0.06491667	4.60558128e+01	
0.06650000	4.58397201e+01	
0.06808333	4.59158888e+01	
0.06966667	4.59674071e+01	
0.07125000	4.58857363e+01	
0.07283333	4.62086389e+01	
0.07441667	4.53245672e+01	
0.07600000	4.58685008e+01	
0.07758333	4.55877058e+01	
0.07916667	4.55734583e+01	
0.08075000	4.55881982e+01	
0.08233333	4.54554299e+01	
0.08391667	4.52763900e+01	
0.08550000	4.52680767e+01	
0.08708333	4.51227558e+01	
0.08866667	4.50735301e+01	
0.09025000	4.50849439e+01	
0.09183333	4.51976956e+01	
0.09341667	4.51386495e+01	
0.09500000	4.48517887e+01	
0.09658333	4.40023795e+01	
0.09816667	4.38423262e+01	
0.09975000	4.39697427e+01	
0.10133333	4.27364943e+01	
0.10291667	4.23927033e+01	
0.10450000	4.22546509e+01	
0.10608333	4.22761181e+01	
0.10766667	4.22738970e+01	
0.10925000	4.22717698e+01	
0.11083333	4.20549067e+01	
0.11241667	4.20912303e+01	
0.11400000	4.20785311e+01	
0.11558333	4.21852282e+01	
0.11716667	4.20658207e+01	
0.11875000	4.20262123e+01	
0.12033333	4.13858753e+01	
0.12191667	4.12988377e+01	
0.12350000	4.12710716e+01	
0.12508333	4.11783440e+01	
0.12666667	4.15552528e+01	
0.12825000	4.16744500e+01	
0.12983333	4.13677380e+01	
0.13141667	4.13814857e+01	
0.13300000	4.14283362e+01	
0.13458333	4.13682341e+01	
0.13616667	4.13760550e+01	
0.13775000	4.13173096e+01	
0.13933333	4.13353530e+01	
0.14091667	4.12136641e+01	
0.14250000	4.11542647e+01	
0.14408333	4.13094999e+01	
0.14566667	4.12174525e+01	
0.14725000	4.13237512e+01	
0.14883333	4.10693017e+01	
0.15041667	4.12069331e+01	
0.15200000	4.09441627e+01	
0.15358333	4.09499655e+01	
0.15516667	4.09803247e+01	
0.15675000	4.06282467e+01	
0.15833333	4.06614134e+01	
0.15991667	4.06450349e+01	
0.16150000	4.04310017e+01	
0.16308333	4.06637247e+01	
0.16466667	4.05843690e+01	
0.16625000	4.05346922e+01	
0.16783333	4.03984739e+01	
0.16941667	4.05056709e+01	
0.17100000	4.03853538e+01	
0.17258333	3.96337910e+01	
0.17416667	3.96998049e+01	
0.17575000	3.96500417e+01	
0.17733333	3.96156724e+01	
0.17891667	3.98228843e+01	
0.18050000	3.96749553e+01	
0.18208333	4.01119400e+01	
0.18366667	3.96975086e+01	
0.18525000	3.96657738e+01	
0.18683333	3.96145637e+01	
0.18841667	3.95752560e+01	
0.19000000	3.96760226e+01	
0.19158333	3.93543753e+01	
0.19316667	3.93130794e+01	
0.19475000	3.93007786e+01	
0.19633333	3.90535224e+01	
0.19791667	3.91680442e+01	
0.19950000	3.88681309e+01	
0.20108333	3.88116818e+01	
0.20266667	3.74475932e+01	
0.20425000	3.68396825e+01	
0.20583333	3.65898143e+01	
0.20741667	3.57970947e+01	
0.20900000	3.58635333e+01	
0.21058333	3.57659387e+01	
0.21216667	3.58888152e+01	
0.21375000	3.55782284e+01	
0.21533333	3.55852488e+01	
0.21691667	3.56014695e+01	
0.21850000	3.54679684e+01	
0.22008333	3.54421116e+01	
0.22166667	3.56341965e+01	
0.22325000	3.54154053e+01	
0.22483333	3.53489479e+01	
0.22641667	3.51192728e+01	
0.22800000	3.52358204e+01	
0.22958333	3.54310284e+01	
0.23116667	3.49014814e+01	
0.23275000	3.45853211e+01	
0.23433333	3.46960922e+01	
0.23591667	3.48256321e+01	
0.23750000	3.48759402e+01	
0.23908333	3.46138463e+01	
0.24066667	3.44875160e+01	
0.24225000	3.44212616e+01	
0.24383333	3.44173830e+01	
0.24541667	3.42558227e+01	
0.24700000	3.39460590e+01	
0.24858333	3.39470136e+01	
0.25016667	3.40050563e+01	
0.25175000	3.39762717e+01	
0.25333333	3.17193246e+01	
0.25491667	2.94961173e+01	
0.25650000	2.96743492e+01	
0.25808333	2.93695107e+01	
0.25966667	2.96423081e+01	
0.26125000	2.92895874e+01	
0.26283333	2.90657565e+01	
0.26441667	2.92775554e+01	
0.26600000	2.93187215e+01	
0.26758333	2.94002853e+01	
0.26916667	2.96237498e+01	
0.27075000	2.96374976e+01	
0.27233333	2.93757100e+01	
0.27391667	2.93388621e+01	
0.27550000	2.89371016e+01	
0.27708333	2.90351848e+01	
0.27866667	2.89751447e+01	
0.28025000	2.87772514e+01	
0.28183333	2.87470913e+01	
0.28341667	2.84357397e+01	
0.28500000	2.83807243e+01	
0.28658333	2.82737528e+01	
0.28816667	2.83091801e+01	
0.28975000	2.78888520e+01	
0.29133333	2.63618238e+01	
0.29291667	2.57639346e+01	
0.29450000	2.59113751e+01	
0.29608333	2.56897709e+01	
0.29766667	2.54806084e+01	
0.29925000	2.57821735e+01	
0.30083333	2.55355580e+01	
0.30241667	2.55141716e+01	
0.30400000	2.48834276e+01	
0.30558333	2.49191988e+01	
0.30716667	2.47182519e+01	
0.30875000	2.43131597e+01	
0.31033333	2.43743462e+01	
0.31191667	2.40668017e+01	
0.31350000	2.39061697e+01	
0.31508333	2.37654903e+01	
0.31666667	2.34530902e+01	
0.31825000	2.36743787e+01	
0.31983333	2.38168301e+01	
0.32141667	2.28746913e+01	
0.32300000	2.21494044e+01	
0.32458333	2.20170402e+01	
0.32616667	2.21837738e+01	
0.32775000	2.22472734e+01	
0.32933333	2.19773323e+01	
0.33091667	2.20144752e+01	
0.33250000	2.16592571e+01	
0.33408333	2.14648289e+01	
0.33566667	2.16502166e+01	
0.33725000	2.15837498e+01	
0.33883333	2.13325530e+01	
0.34041667	2.13966390e+01	
0.34200000	2.14517483e+01	
0.34358333	2.10195892e+01	
0.34516667	2.11022409e+01	
0.34675000	2.10835924e+01	
0.34833333	2.10103795e+01	
0.34991667	2.08264200e+01	
0.35150000	2.08971825e+01	
0.35308333	2.10569162e+01	
0.35466667	2.10870594e+01	
0.35625000	2.07247927e+01	
0.35783333	2.07557683e+01	
0.35941667	2.06307985e+01	
0.36100000	2.05353123e+01	
0.36258333	1.97525446e+01	
0.36416667	1.91266356e+01	
0.36575000	1.89687246e+01	
0.36733333	1.89336055e+01	
0.36891667	1.88502058e+01	
0.37050000	1.85817154e+01	
0.37208333	1.80122048e+01	
0.37366667	1.77682145e+01	
0.37525000	1.76099389e+01	
0.37683333	1.76939267e+01	
0.37841667	1.76494721e+01	
0.38000000	1.72512539e+01	
0.38158333	1.72545968e+01	
0.38316667	1.72221818e+01	
0.38475000	1.71069459e+01	
0.38633333	1.72306247e+01	
0.38791667	1.72854221e+01	
0.38950000	1.71499517e+01	
0.39108333	1.68079853e+01	
0.39266667	1.65516885e+01	
0.39425000	1.64108851e+01	
0.39583333	1.59011498e+01	
0.39741667	1.54260966e+01	
0.39900000	1.52276386e+01	
0.40058333	1.52080938e+01	
0.40216667	1.56676384e+01	
0.40375000	1.55180802e+01	
0.40533333	1.56469266e+01	
0.40691667	1.52628235e+01	
0.40850000	1.52160547e+01	
0.41008333	1.54121920e+01	
0.41166667	1.52502850e+01	
0.41325000	1.52342973e+01	
0.41483333	1.51058614e+01	
0.41641667	1.51176380e+01	
0.41800000	1.50118513e+01	
0.41958333	1.50357200e+01	
0.42116667	1.49634551e+01	
0.42275000	1.45900931e+01	
0.42433333	1.44799872e+01	
0.42591667	1.42251054e+01	
0.42750000	1.44539791e+01	
0.42908333	1.36039084e+01	
0.43066667	1.32130385e+01	
0.43225000	1.30692651e+01	
0.43383333	1.29096319e+01	
0.43541667	1.27930768e+01	
0.43700000	1.26805778e+01	
0.43858333	1.21199838e+01	
0.44016667	1.20171069e+01	
0.44175000	1.13507919e+01	
0.44333333	1.13891562e+01	
0.44491667	1.12914780e+01	
0.44650000	1.10426273e+01	
0.44808333	1.03817195e+01	
0.44966667	9.96466857e+00	
0.45125000	9.30601947e+00	
0.45283333	9.62799661e+00	
0.45441667	9.63934845e+00	
0.45600000	9.45127548e+00	
0.45758333	9.47448276e+00	
0.45916667	9.39293123e+00	
0.46075000	9.42573055e+00	
0.46233333	9.67955907e+00	
0.46391667	9.22741536e+00	
0.46550000	9.12186355e+00	
0.46708333	8.82140247e+00	
0.46866667	8.48497856e+00	
0.47025000	8.51737575e+00	
0.47183333	8.58959457e+00	
0.47341667	8.33245407e+00	
0.47500000	8.20811188e+00	
0.47658333	7.30325461e+00	
0.47816667	7.44367419e+00	
0.47975000	7.39633838e+00	
0.48133333	7.50411273e+00	
0.48291667	7.02711609e+00	
0.48450000	6.50244538e+00	
0.48608333	6.41322698e+00	
0.48766667	6.47058046e+00	
0.48925000	6.51174614e+00	
0.49083333	6.46881501e+00	
0.49241667	6.30845689e+00	
0.49400000	6.31854407e+00	
0.49558333	6.58429804e+00	
0.49716667	6.41968650e+00	
0.49875000	6.40732745e+00	
0.50033333	6.40777703e+00	
0.50191667	6.41089498e+00	
0.50350000	6.28403052e+00	
0.50508333	5.87480196e+00	
0.50666667	5.77343827e+00	
0.50825000	5.77895493e+00	
0.50983333	5.71947663e+00	
0.51141667	5.63433689e+00	
0.51300000	5.47909565e+00	
0.51458333	5.01588244e+00	
0.51616667	4.31691467e+00	
0.51775000	4.23411775e+00	
0.51933333	3.97017808e+00	
0.52091667	4.26887089e+00	
0.52250000	3.56347485e+00	
0.52408333	3.39818847e+00	
0.52566667	3.31347506e+00	
0.52725000	3.17543633e+00	
0.52883333	3.14551185e+00	
0.53041667	3.14118116e+00	
0.53200000	3.14309787e+00	
0.53358333	3.05621971e+00	
0.53516667	3.10935006e+00	
0.53675000	3.09909564e+00	
0.53833333	3.06469812e+00	
0.53991667	3.04284122e+00	
0.54150000	2.90847150e+00	
0.54308333	2.68725439e+00	
0.54466667	2.71287354e+00	
0.54625000	2.69968179e+00	
0.54783333	2.47318126e+00	
0.54941667	2.37606229e+00	
0.55100000	2.07195077e+00	
0.55258333	1.47044033e+00	
0.55416667	9.93904425e-01	
0.55575000	9.64002670e-01	
0.55733333	9.45143990e-01	
0.55891667	8.35940788e-01	
0.56050000	9.05757079e-01	
0.56208333	9.31549993e-01	
0.56366667	6.65376511e-01	
0.56525000	4.93783577e-02	
0.56683333	3.17740608e-02	
0.56841667	5.14526358e-04	
0.57000000	3.20070769e-03	
0.57158333	9.99849661e-04	
0.57316667	4.99447306e-04	
0.57475000	1.38260202e-03	
0.57633333	2.10773401e-04	
0.57791667	3.44567064e-05	
0.57950000	5.28190030e-06	
0.58108333	-7.57532730e-06	
0.58266667	-1.32018666e-05	
0.58425000	-1.43094153e-05	
0.58583333	-1.30048686e-05	
0.58741667	-1.03290076e-05	
0.58900000	-7.52288834e-06	
0.59058333	-5.02456651e-06	
0.59216667	-2.85463244e-06	
0.59375000	-1.16117873e-06	
0.59533333	1.55103328e-07	
0.59691667	1.22294311e-06	
0.59850000	1.73650173e-06	
0.60008333	2.26200265e-06	
0.60166667	2.53310141e-06	
0.60325000	2.68540069e-06	
0.60483333	2.50732300e-06	
0.60641667	2.17227341e-06	
0.60800000	2.11515062e-06	
0.60958333	1.92581195e-06	
0.61116667	1.82340150e-06	
0.61275000	1.62438358e-06	
0.61433333	1.57835668e-06	
0.61591667	1.57383862e-06	
0.61750000	1.46198290e-06	
0.61908333	1.48945818e-06	
0.62066667	1.42488638e-06	
0.62225000	1.37030768e-06	
0.62383333	9.62494804e-07	
0.62541667	7.31097181e-07	
0.62700000	7.12988600e-07	
0.62858333	5.31371163e-07	
0.63016667	5.05747045e-07	
0.63175000	6.15548876e-07	
0.63333333	6.21434404e-07	
0.63491667	5.92644128e-07	
0.63650000	7.72577682e-07	
0.63808333	7.97208035e-07	
0.63966667	8.08227818e-07	
0.64125000	7.97037564e-07	
0.64283333	8.10606189e-07	
0.64441667	4.46418655e-07	
0.64600000	3.72265784e-07	
0.64758333	4.16860725e-07	
0.64916667	3.24086738e-07	
0.65075000	4.14268957e-07	
0.65233333	1.96784192e-07	
0.65391667	3.74644043e-07	
0.65550000	6.27818915e-07	
0.65708333	6.82959269e-07	
0.65866667	8.12161602e-07	
0.66025000	6.65180487e-07	
0.66183333	7.16488813e-07	
0.66341667	5.33575142e-07	
0.66500000	1.96654280e-07	
0.66658333	1.65240944e-07	
0.66816667	1.87493963e-07	
0.66975000	4.17466224e-07	
0.67133333	2.64393436e-07	
0.67291667	2.57851782e-07	
0.67450000	5.00475081e-07	
0.67608333	7.07198613e-07	
0.67766667	6.63081457e-07	
0.67925000	5.68964978e-07	
0.68083333	7.47862205e-07	
0.68241667	7.38876602e-07	
0.68400000	2.32692891e-07	
0.68558333	2.98202097e-07	
0.68716667	1.98600255e-07	
0.68875000	3.26636280e-07	
0.69033333	3.22531828e-07	
0.69191667	1.72698267e-07	
0.69350000	3.82385914e-07	
0.69508333	5.65163471e-07	
0.69666667	6.95746323e-07	
0.69825000	7.31095949e-07	
0.69983333	6.99205710e-07	
0.70141667	8.27112481e-07	
0.70300000	6.43678826e-07	
0.70458333	2.96516981e-07	
0.70616667	5.49047446e-08	
0.70775000	6.55942173e-08	
0.70933333	4.23603203e-07	
0.71091667	2.96440005e-07	
0.71250000	3.26723336e-07	
0.71408333	4.59637964e-07	
0.71566667	7.26603315e-07	
0.71725000	7.71325018e-07	
0.71883333	7.54211042e-07	
0.72041667	6.95442957e-07	
0.72200000	7.27033415e-07	
0.72358333	5.92152818e-07	
0.72516667	4.04675950e-07	
0.72675000	1.77987620e-07	
0.72833333	1.12997894e-07	
0.72991667	1.16628726e-07	
0.73150000	1.29832516e-07	
0.73308333	4.41749978e-07	
0.73466667	4.82759918e-07	
0.73625000	4.78696767e-07	
0.73783333	4.85006067e-07	
0.73941667	4.63624839e-07	
0.74100000	6.76648178e-07	
0.74258333	6.66149555e-07	
0.74416667	4.41708676e-07	
0.74575000	1.92809610e-07	
0.74733333	7.77898635e-08	
0.74891667	1.84382757e-07	
0.75050000	9.96020022e-08	
0.75208333	2.24069428e-07	
0.75366667	2.51102303e-07	
0.75525000	3.22124410e-07	
0.75683333	4.64135050e-07	
0.75841667	5.70261492e-07	
0.76000000	6.35641626e-07	
0.76158333	7.31437620e-07	
0.76316667	6.11357200e-07	
0.76475000	4.39203291e-07	
0.76633333	2.62719461e-08	
0.76791667	1.56641381e-07	
0.76950000	9.00093108e-08	
0.77108333	2.60227073e-07	
0.77266667	2.48992912e-07	
0.77425000	3.91945711e-07	
0.77583333	5.53140684e-07	
0.77741667	5.31198955e-07	
0.77900000	6.23593861e-07	
0.78058333	5.69829769e-07	
0.78216667	7.99198365e-07	
0.78375000	6.53272617e-07	
0.78533333	3.49279188e-07	
0.78691667	1.48517810e-07	
0.78850000	2.48984288e-07	
0.79008333	2.45354569e-07	
0.79166667	3.40551505e-07	
0.79325000	3.59778316e-07	
0.79483333	4.10440037e-07	
0.79641667	4.81980363e-07	
0.79800000	4.83233139e-07	
0.79958333	5.61578078e-07	
0.80116667	5.26273646e-07	
0.80275000	6.60365111e-07	
0.80433333	2.87398820e-07	
0.80591667	1.21425474e-07	
0.80750000	1.69173189e-07	
0.80908333	2.14803518e-07	
0.81066667	3.82542413e-07	
0.81225000	3.21173291e-07	
0.81383333	4.11268482e-07	
0.81541667	6.03188450e-07	
0.81700000	5.25193078e-07	
0.81858333	6.55648243e-07	
0.82016667	5.25452257e-07	
0.82175000	7.42806466e-07	
0.82333333	5.14648981e-07	
0.82491667	1.77556583e-07	
0.82650000	2.75300121e-07	
0.82808333	1.51327176e-07	
0.82966667	2.72110862e-07	
0.83125000	2.79015944e-07	
0.83283333	3.20396116e-07	
0.83441667	6.69518554e-07	
0.83600000	5.62656631e-07	
0.83758333	6.83691726e-07	
0.83916667	6.93545144e-07	
0.84075000	6.79112848e-07	
0.84233333	6.61825881e-07	
0.84391667	3.83475303e-07	
0.84550000	3.09221543e-07	
0.84708333	1.74573917e-07	
0.84866667	9.82806929e-08	
0.85025000	3.06282363e-07	
0.85183333	1.59286729e-07	
0.85341667	3.06619610e-07	
0.85500000	4.50177096e-07	
0.85658333	6.95403083e-07	
0.85816667	7.77761387e-07	
0.85975000	5.78861182e-07	
0.86133333	8.43400084e-07	
0.86291667	7.48204212e-07	
0.86450000	7.46997358e-07	
0.86608333	3.00449225e-07	
0.86766667	2.00457677e-07	
0.86925000	2.99239515e-07	
0.87083333	2.56546279e-07	
0.87241667	2.24474956e-07	
0.87400000	3.05842407e-07	
0.87558333	5.13698002e-07	
0.87716667	5.99774480e-07	
0.87875000	5.36038300e-07	
0.88033333	5.60928505e-07	
0.88191667	6.52752297e-07	
0.88350000	3.59519920e-07	
0.88508333	2.48897652e-07	
0.88666667	1.61870139e-07	
0.88825000	3.02955590e-07	
0.88983333	2.39866771e-07	
0.89141667	2.43876663e-07	
0.89300000	3.14061112e-07	
0.89458333	5.56089888e-07	
0.89616667	5.98521648e-07	
0.89775000	5.83441795e-07	
0.89933333	5.14433315e-07	
0.90091667	7.79102703e-07	
0.90250000	6.89483114e-07	
0.90408333	2.30411629e-07	
0.90566667	1.32633915e-07	
0.90725000	-3.86314959e-08	
0.90883333	1.20387216e-07	
0.91041667	7.98709449e-08	
0.91200000	2.48249731e-07	
0.91358333	3.65766748e-07	
0.91516667	4.42399019e-07	
0.91675000	6.05739308e-07	
0.91833333	5.35346837e-07	
0.91991667	5.26444230e-07	
0.92150000	6.44543281e-07	
0.92308333	5.74893236e-07	
0.92466667	1.74963023e-07	
0.92625000	-4.64149483e-09	
0.92783333	1.04312094e-07	
0.92941667	1.06032330e-07	
0.93100000	1.87926694e-07	
0.93258333	2.44768083e-07	
0.93416667	3.22789244e-07	
0.93575000	6.17189638e-07	
0.93733333	6.17709677e-07	
0.93891667	5.73503534e-07	
0.94050000	6.67832822e-07	
0.94208333	5.27050233e-07	
0.94366667	5.21692025e-07	
0.94525000	6.73243239e-08	
0.94683333	2.64713546e-07	
0.94841667	1.85636318e-07	
0.95000000	1.74099198e-07	
0.95158333	2.71886152e-07	
0.95316667	1.00855730e-07	
0.95475000	2.32910153e-07	
0.95633333	3.74340677e-07	
0.95791667	4.04373845e-07	
0.95950000	5.27266795e-07	
0.96108333	6.74919268e-07	
0.96266667	6.92462447e-07	
0.96425000	2.64584768e-07	
0.96583333	9.42442488e-08	
0.96741667	1.54740459e-07	
0.96900000	1.61481174e-07	
0.97058333	1.66753432e-07	
0.97216667	2.58060839e-07	
0.97375000	3.34586201e-07	
0.97533333	6.36635054e-07	
0.97691667	5.76570623e-07	
0.97850000	6.46790606e-07	
0.98008333	6.07293770e-07	
0.98166667	6.59322680e-07	
0.98325000	5.74151091e-07	
0.98483333	2.44404599e-07	
0.98641667	2.68248144e-07	
0.98800000	1.29634225e-07	
0.98958333	1.62042697e-07	
0.99116667	2.45059464e-07	
0.99275000	2.19902673e-07	
0.99433333	3.77279157e-07	
0.99591667	4.74980497e-07	
0.99750000	5.74366924e-07	
0.99908333	6.24188608e-07	
1.00066667	5.79465393e-07	
1.00225000	6.76519316e-07	
1.00383333	4.41257604e-07	
1.00541667	-1.17452644e-08	
1.00700000	-5.61844642e-09	
1.00858333	8.19289602e-08	
1.01016667	1.87684246e-07	
1.01175000	1.98297562e-07	
1.01333333	3.66865826e-07	
1.01491667	6.26479559e-07	
1.01650000	6.95360185e-07	
1.01808333	7.07586990e-07	
1.01966667	5.72941212e-07	
1.02125000	6.33048709e-07	
1.02283333	4.32719936e-07	
1.02441667	1.48085779e-07	
1.02600000	1.55431488e-07	
1.02758333	4.09035879e-08	
1.02916667	2.24993764e-07	
1.03075000	1.72275518e-07	
1.03233333	8.14619973e-08	
1.03391667	2.54403819e-07	
1.03550000	4.81024176e-07	
1.03708333	5.76397519e-07	
1.03866667	5.69786815e-07	
1.04025000	5.42173992e-07	
1.04183333	7.82083941e-07	
1.04341667	6.15548204e-07	
1.04500000	3.82810553e-07	
1.04658333	7.76080163e-08	
1.04816667	1.12652023e-07	
1.04975000	2.22495268e-07	
1.05133333	1.02238566e-07	
1.05291667	2.79008467e-07	
1.05450000	5.69314658e-07	
1.05608333	5.87374012e-07	
1.05766667	5.65595699e-07	
1.05925000	6.26568379e-07	
1.06083333	6.79803751e-07	
1.06241667	4.11978594e-07	
1.06400000	2.99153719e-07	
1.06558333	1.59563074e-07	
1.06716667	1.95246307e-07	
1.06875000	4.88211706e-07	
1.07033333	3.86855222e-07	
1.07191667	3.05201571e-07	
1.07350000	3.72527288e-07	
1.07508333	3.83104762e-07	
1.07666667	6.77427341e-07	
1.07825000	5.20741046e-07	
1.07983333	5.88583778e-07	
1.08141667	5.42737321e-07	
1.08300000	6.49685208e-07	
1.08458333	4.75109527e-07	
1.08616667	5.17938820e-08	
1.08775000	2.51403737e-07	
1.08933333	4.40064596e-08	
1.09091667	3.69023833e-08	
1.09250000	9.12362138e-08	
1.09408333	1.69734124e-07	
1.09566667	4.27967059e-07	
1.09725000	5.68707814e-07	
1.09883333	5.75015713e-07	
1.10041667	6.38663857e-07	
1.10200000	6.67748706e-07	
1.10358333	5.77608518e-07	
1.10516667	2.09956823e-07	
1.10675000	-1.27212814e-08	
1.10833333	2.31483405e-07	
1.10991667	1.69189696e-07	
1.11150000	1.51931905e-07	
1.11308333	2.31154866e-07	
1.11466667	5.75942275e-07	
1.11625000	5.32323374e-07	
1.11783333	5.49520569e-07	
1.11941667	6.04175998e-07	
1.12100000	4.67790138e-07	
1.12258333	5.20481530e-07	
1.12416667	4.85870409e-07	
1.12575000	2.27431483e-07	
1.12733333	3.06369699e-07	
1.12891667	1.06775903e-07	
1.13050000	3.08107177e-07	
1.13208333	2.46046508e-07	
1.13366667	3.28847428e-07	
1.13525000	3.99334374e-07	
1.13683333	3.93396848e-07	
1.13841667	4.66943296e-07	
1.14000000	5.56520099e-07	
1.14158333	5.95195435e-07	
1.14316667	6.32616482e-07	
1.14475000	3.31389046e-07	
1.14633333	3.66331583e-08	
1.14791667	5.52063917e-08	
1.14950000	1.50203010e-07	
1.15108333	2.65577441e-07	
1.15266667	2.07759732e-07	
1.15425000	4.10164252e-07	
1.15583333	5.18106240e-07	
1.15741667	4.40455116e-07	
1.15900000	4.76363927e-07	
1.16058333	3.39979047e-07	
1.16216667	5.92817008e-07	
1.16375000	3.85057514e-07	
1.16533333	1.45276959e-07	
1.16691667	5.41865334e-08	
1.16850000	2.48984428e-07	
1.17008333	4.00915969e-07	
1.17166667	2.21854557e-07	
1.17325000	1.99680558e-07	
1.17483333	5.57688088e-07	
1.17641667	5.17864813e-07	
1.17800000	4.83882376e-07	
1.17958333	3.27275269e-07	
1.18116667	5.57859288e-07	
1.18275000	6.74533243e-07	
1.18433333	3.28105114e-07	
1.18591667	1.66510801e-07	
1.18750000	3.79394344e-08	
1.18908333	6.76687113e-08	
1.19066667	2.07414757e-07	
1.19225000	1.58933157e-07	
1.19383333	5.07087185e-07	
1.19541667	5.55829252e-07	
1.19700000	5.31069253e-07	
1.19858333	6.40870356e-07	
1.20016667	5.91607634e-07	
1.20175000	5.98955780e-07	
1.20333333	5.27163022e-07	
1.20491667	3.27342752e-07	
1.20650000	9.13927129e-08	
1.20808333	2.27637950e-07	
1.20966667	3.22963160e-07	
1.21125000	1.27560242e-07	
1.21283333	1.41906545e-07	
1.21441667	3.78360285e-07	
1.21600000	5.36428750e-07	
@ 
0.00000000	5.09160230e-07	
0.00158333	4.53720767e-07	
0.00316667	6.32141525e-07	
0.00475000	5.60105660e-07	
0.00633333	3.94650716e-07	
0.00791667	3.50013829e-07	
0.00950000	7.12119203e-08	
0.01108333	4.93467647e-08	
0.01266667	1.92981677e-07	
0.01425000	1.07666280e-07	
0.01583333	2.06895278e-07	
0.01741667	4.91183536e-07	
0.01900000	5.89189277e-07	
0.02058333	6.39313990e-07	
0.02216667	5.29470662e-07	
0.02375000	6.57593603e-07	
0.02533333	6.03620565e-07	
0.02691667	4.75715306e-07	
0.02850000	4.47930289e-08	
0.03008333	2.26341268e-07	
0.03166667	2.52570941e-07	
0.03325000	1.00535228e-07	
0.03483333	6.59839597e-08	
0.03641667	1.49744167e-07	
0.03800000	6.38752397e-07	
0.03958333	6.90174409e-07	
0.04116667	5.62915586e-07	
0.04275000	5.61636937e-07	
0.04433333	5.18538243e-07	
0.04591667	5.46339459e-07	
0.04750000	1.19696173e-07	
0.04908333	-1.08910078e-09	
0.05066667	6.53525384e-08	
0.05225000	9.61020132e-08	
0.05383333	2.47126265e-07	
0.05541667	3.37568923e-07	
0.05700000	4.18373577e-07	
0.05858333	5.73503534e-07	
0.06016667	5.71040319e-07	
0.06175000	6.96872981e-07	
0.06333333	8.03516718e-07	
0.06491667	6.00597661e-07	
0.06650000	2.96950188e-07	
0.06808333	8.47245063e-10	
0.06966667	-1.71550695e-08	
0.07125000	1.27775907e-07	
0.07283333	2.32737133e-07	
0.07441667	2.52942826e-07	
0.07600000	2.13966757e-07	
0.07758333	4.68283996e-07	
0.07916667	5.00907532e-07	
0.08075000	4.86475629e-07	
0.08233333	5.07129859e-07	
0.08391667	5.96923336e-07	
0.08550000	7.54255508e-07	
0.08708333	3.28649515e-07	
0.08866667	-1.59666538e-07	
0.09025000	1.29807651e-07	
0.09183333	2.90120598e-08	
0.09341667	1.62353903e-07	
0.09500000	1.99722168e-07	
0.09658333	3.50401787e-07	
0.09816667	4.14051555e-07	
0.09975000	4.24811710e-07	
0.10133333	4.90969270e-07	
0.10291667	4.99828308e-07	
0.10450000	5.92369940e-07	
0.10608333	3.79959465e-07	
0.10766667	1.54835510e-07	
0.10925000	2.71497298e-07	
0.11083333	2.15409032e-07	
0.11241667	2.88729776e-07	
0.11400000	1.50894249e-07	
0.11558333	1.68361643e-07	
0.11716667	5.98004465e-07	
0.11875000	4.97925510e-07	
0.12033333	4.83579627e-07	
0.12191667	3.66044521e-07	
0.12350000	3.86744113e-07	
0.12508333	6.09498365e-07	
0.12666667	2.74220336e-07	
0.12825000	2.00975812e-07	
0.12983333	6.21810881e-08	
0.13141667	7.95518776e-08	
0.13300000	2.97692110e-07	
0.13458333	1.71333864e-07	
0.13616667	5.02851043e-07	
0.13775000	3.72742925e-07	
0.13933333	5.25218671e-07	
0.14091667	5.69440551e-07	
0.14250000	5.67626182e-07	
0.14408333	6.26152784e-07	
0.14566667	4.10940979e-07	
0.14725000	2.45121627e-07	
0.14883333	8.59039906e-08	
0.15041667	9.80037115e-08	
0.15200000	2.63892409e-07	
0.15358333	1.86932720e-07	
0.15516667	1.77071251e-07	
0.15675000	1.67885271e-07	
0.15833333	3.68897401e-07	
0.15991667	5.53582936e-07	
0.16150000	5.24500999e-07	
0.16308333	5.65207433e-07	
0.16466667	6.61613855e-07	
0.16625000	4.67426122e-07	
0.16783333	2.61645616e-07	
0.16941667	-1.02592739e-07	
0.17100000	1.80494671e-07	
0.17258333	1.90570895e-07	
0.17416667	8.60765553e-08	
0.17575000	2.43928857e-07	
0.17733333	2.85238355e-07	
0.17891667	5.46279480e-07	
0.18050000	4.78050050e-07	
0.18208333	4.58059533e-07	
0.18366667	5.20699212e-07	
0.18525000	4.58001011e-07	
0.18683333	3.54619252e-07	
0.18841667	1.36937162e-07	
0.19000000	1.03880132e-07	
0.19158333	2.65058549e-07	
0.19316667	1.54005356e-07	
0.19475000	3.53815252e-07	
0.19633333	3.14364282e-07	
0.19791667	3.50575031e-07	
0.19950000	4.49832428e-07	
0.20108333	5.04839357e-07	
0.20266667	4.82887716e-07	
0.20425000	5.96802763e-07	
0.20583333	6.07501147e-07	
0.20741667	3.49494714e-07	
0.20900000	2.61991796e-07	
0.21058333	2.61083659e-07	
0.21216667	1.56140466e-07	
0.21375000	3.85964699e-07	
0.21533333	1.82577670e-07	
0.21691667	1.92144118e-07	
0.21850000	5.49650047e-07	
0.22008333	3.75766949e-07	
0.22166667	4.56486227e-07	
0.22325000	5.41397181e-07	
0.22483333	4.74334004e-07	
0.22641667	3.73564202e-07	
0.22800000	1.35658541e-07	
0.22958333	2.67038462e-08	
0.23116667	9.79175236e-08	
0.23275000	8.68976082e-08	
0.23433333	2.66424283e-07	
0.23591667	2.92715530e-07	
0.23750000	3.40600395e-07	
0.23908333	4.01452473e-07	
0.24066667	4.78827309e-07	
0.24225000	5.72983382e-07	
0.24383333	5.46148378e-07	
0.24541667	6.18962117e-07	
0.24700000	2.15416886e-07	
0.24858333	3.65290727e-07	
0.25016667	1.35381161e-07	
0.25175000	1.52017519e-07	
0.25333333	1.92057888e-07	
0.25491667	1.13992079e-07	
0.25650000	2.11545894e-07	
0.25808333	5.83096652e-07	
0.25966667	4.19065236e-07	
0.26125000	5.74107129e-07	
0.26283333	4.97103785e-07	
0.26441667	6.19134437e-07	
0.26600000	5.93121998e-07	
0.26758333	3.75249178e-07	
0.26916667	2.28502839e-07	
0.27075000	2.26358811e-07	
0.27233333	3.27188801e-07	
0.27391667	3.87304447e-07	
0.27550000	2.54507452e-07	
0.27708333	4.65993241e-07	
0.27866667	5.66200414e-07	
0.28025000	6.56253575e-07	
0.28183333	5.93241787e-07	
0.28341667	4.55621212e-07	
0.28500000	6.05219437e-07	
0.28658333	4.52942668e-07	
0.28816667	1.73208786e-07	
0.28975000	1.19868311e-07	
0.29133333	2.03396437e-07	
0.29291667	1.39970651e-07	
0.29450000	1.08937075e-07	
0.29608333	2.62423351e-07	
0.29766667	4.38337969e-07	
0.29925000	5.49227004e-07	
0.30083333	5.24458605e-07	
0.30241667	3.97242765e-07	
0.30400000	5.83589250e-07	
0.30558333	4.56832322e-07	
0.30716667	4.19280789e-07	
0.30875000	2.36712457e-07	
0.31033333	8.15405688e-08	
0.31191667	1.40350852e-07	
0.31350000	-3.21928100e-08	
0.31508333	3.94424858e-08	
0.31666667	3.26738121e-07	
0.31825000	3.43660624e-07	
0.31983333	6.48993465e-07	
0.32141667	5.96361799e-07	
0.32300000	5.76960401e-07	
0.32458333	4.93778580e-07	
0.32616667	4.20622078e-07	
0.32775000	4.40670641e-07	
0.32933333	5.91564694e-08	
0.33091667	1.27905525e-07	
0.33250000	2.67651494e-07	
0.33408333	1.20403695e-07	
0.33566667	2.61775094e-07	
0.33725000	1.80926562e-07	
0.33883333	5.39756531e-07	
0.34041667	5.61923558e-07	
0.34200000	5.04969170e-07	
0.34358333	5.75144911e-07	
0.34516667	4.14485434e-07	
0.34675000	3.97659059e-07	
0.34833333	2.53219394e-07	
0.34991667	7.15578759e-08	
0.35150000	1.76086265e-07	
0.35308333	6.35243635e-09	
0.35466667	1.64160908e-07	
0.35625000	2.63260393e-07	
0.35783333	5.64904460e-07	
0.35941667	6.51887451e-07	
0.36100000	5.16420844e-07	
0.36258333	6.57203265e-07	
0.36416667	5.62829847e-07	
0.36575000	7.49586747e-07	
0.36733333	3.48155022e-07	
0.36891667	5.41891690e-08	
0.37050000	8.44789296e-08	
0.37208333	1.20472984e-07	
0.37366667	1.87900905e-07	
0.37525000	2.19946649e-07	
0.37683333	3.77814457e-07	
0.37841667	5.78082859e-07	
0.38000000	4.38899310e-07	
0.38158333	4.01001961e-07	
0.38316667	4.28830310e-07	
0.38475000	3.62976563e-07	
0.38633333	3.31138910e-07	
0.38791667	4.86992567e-08	
0.38950000	5.23027874e-08	
0.39108333	1.72801886e-07	
0.39266667	5.33660721e-08	
0.39425000	1.15851089e-07	
0.39583333	8.35103522e-08	
0.39741667	4.01306167e-07	
0.39900000	5.26185722e-07	
0.40058333	4.77140850e-07	
0.40216667	6.19133765e-07	
0.40375000	5.77004363e-07	
0.40533333	6.80546849e-07	
0.40691667	2.24786736e-07	
0.40850000	1.06256879e-07	
0.41008333	7.86446998e-08	
0.41166667	1.28978799e-07	
0.41325000	2.62899288e-07	
0.41483333	1.58845486e-07	
0.41641667	1.80001835e-07	
0.41800000	5.93381345e-07	
0.41958333	5.53583272e-07	
0.42116667	6.19524271e-07	
0.42275000	5.29382794e-07	
0.42433333	4.92568086e-07	
0.42591667	4.62681953e-07	
0.42750000	1.88230029e-08	
0.42908333	-4.49828669e-08	
0.43066667	3.81815157e-08	
0.43225000	7.65269438e-08	
0.43383333	1.98132830e-07	
0.43541667	4.36869898e-08	
0.43700000	2.06127707e-07	
0.43858333	2.68991858e-07	
0.44016667	6.47826484e-07	
0.44175000	5.82664145e-07	
0.44333333	6.55786570e-07	
0.44491667	7.05642863e-07	
0.44650000	4.68074015e-07	
0.44808333	1.89266849e-07	
0.44966667	1.34663852e-07	
0.45125000	1.87754025e-07	
0.45283333	2.02144290e-07	
0.45441667	2.03957596e-07	
0.45600000	1.66416213e-07	
0.45758333	2.51750420e-07	
0.45916667	3.01702002e-07	
0.46075000	5.18062782e-07	
0.46233333	4.83751442e-07	
0.46391667	5.19834477e-07	
0.46550000	6.31796325e-07	
0.46708333	2.55665416e-07	
0.46866667	1.20040168e-07	
0.47025000	-4.05755112e-08	
0.47183333	7.45827186e-08	
0.47341667	-1.64177339e-09	
0.47500000	6.30544893e-08	
0.47658333	3.19635210e-07	
0.47816667	3.50298462e-07	
0.47975000	5.06568714e-07	
0.48133333	3.85188224e-07	
0.48291667	5.09896047e-07	
0.48450000	6.30368821e-07	
0.48608333	4.41838126e-07	
0.48766667	2.58273789e-07	
0.48925000	1.41690572e-07	
0.49083333	1.78333394e-07	
0.49241667	2.19073416e-07	
0.49400000	2.45527701e-07	
0.49558333	2.97856813e-07	
0.49716667	5.60582298e-07	
0.49875000	7.07287097e-07	
0.50033333	7.04693172e-07	
0.50191667	6.42987475e-07	
0.50350000	7.19039392e-07	
0.50508333	8.31253979e-07	
0.50666667	6.53790752e-07	
0.50825000	5.22582129e-07	
0.50983333	4.22909892e-07	
0.51141667	6.97348051e-07	
0.51300000	6.57549081e-07	
0.51458333	8.89639455e-07	
0.51616667	1.01413136e-06	
0.51775000	1.25582163e-06	
0.51933333	1.66450142e-06	
0.52091667	2.00506088e-06	
0.52250000	3.20810193e-06	
0.52408333	5.16394512e-06	
0.52566667	7.33548019e-06	
0.52725000	1.00818027e-05	
0.52883333	1.34799052e-05	
0.53041667	1.98401975e-05	
0.53200000	3.09002189e-05	
0.53358333	4.74965860e-05	
0.53516667	7.79283515e-05	
0.53675000	1.31707143e-04	
0.53833333	2.06445083e-04	
0.53991667	2.47056292e-04	
0.54150000	2.45660390e-04	
0.54308333	2.71013654e-04	
0.54466667	3.33471843e-04	
0.54625000	4.53087820e-04	
0.54783333	5.28141581e-04	
0.54941667	7.11793752e-04	
0.55100000	7.58206914e-04	
0.55258333	9.13383186e-04	
0.55416667	1.15621289e-03	
0.55575000	1.21997265e-03	
0.55733333	1.49054238e-03	
0.55891667	1.50411758e-03	
0.56050000	7.95992273e-03	
0.56208333	1.31737823e-02	
0.56366667	1.49274983e-02	
0.56525000	2.09580126e-02	
0.56683333	2.57521219e-02	
0.56841667	2.94032910e-02	
0.57000000	3.36981053e-02	
0.57158333	5.09674028e-02	
0.57316667	6.10857349e-02	
0.57475000	8.39353513e-02	
0.57633333	1.17203719e-01	
0.57791667	1.73647038e-01	
0.57950000	1.92804897e-01	
0.58108333	3.52967560e-01	
0.58266667	6.76138655e-01	
0.58425000	7.26910701e-01	
0.58583333	1.35783449e+00	
0.58741667	5.49192965e+00	
0.58900000	7.47813654e+00	
0.59058333	9.22870351e+00	
0.59216667	1.21595536e+01	
0.59375000	1.40046907e+01	
0.59533333	1.63497682e+01	
0.59691667	1.87224136e+01	
0.59850000	1.99178293e+01	
0.60008333	2.15451637e+01	
0.60166667	2.25690880e+01	
0.60325000	2.34834438e+01	
0.60483333	2.65502294e+01	
0.60641667	2.82523965e+01	
0.60800000	2.94607031e+01	
0.60958333	3.07216274e+01	
0.61116667	3.08112432e+01	
0.61275000	3.12833207e+01	
0.61433333	3.16443434e+01	
0.61591667	3.21737402e+01	
0.61750000	3.34119381e+01	
0.61908333	3.51436941e+01	
0.62066667	3.64860261e+01	
0.62225000	3.78695298e+01	
