start voltage : 0.00 V 
set voltage : 0.10 V 
High G : 30.00 G0 
Intermediate G : 20.00 G0 
Low G : 10.00 G0 
Breaking speed 1 : 300.00 V/s 
Breaking speed 2 : 300.00 V/s 
Making speed : 500.00 V/s 
Post breaking : 230.00 V/s 
@ 
0.00000000	5.00965791e+01	
0.00158333	5.07280052e+01	
0.00316667	5.07191507e+01	
0.00475000	5.07339583e+01	
0.00633333	5.05912607e+01	
0.00791667	5.06282571e+01	
0.00950000	5.07155616e+01	
0.01108333	5.05754534e+01	
0.01266667	5.05963907e+01	
0.01425000	5.04580753e+01	
0.01583333	5.02905131e+01	
0.01741667	5.06731082e+01	
0.01900000	5.05663058e+01	
0.02058333	5.06064403e+01	
0.02216667	5.02185009e+01	
0.02375000	5.08142085e+01	
0.02533333	5.05140208e+01	
0.02691667	5.03692938e+01	
0.02850000	5.04725935e+01	
0.03008333	5.01778403e+01	
0.03166667	5.03236797e+01	
0.03325000	5.03590187e+01	
0.03483333	5.02673697e+01	
0.03641667	5.00249691e+01	
0.03800000	5.00417234e+01	
0.03958333	5.01404981e+01	
0.04116667	4.99552758e+01	
0.04275000	4.99700646e+01	
0.04433333	5.00808658e+01	
0.04591667	5.02114542e+01	
0.04750000	5.01469887e+01	
0.04908333	4.97690651e+01	
0.05066667	4.95991577e+01	
0.05225000	4.94923778e+01	
0.05383333	4.95431069e+01	
0.05541667	4.95278897e+01	
0.05700000	4.93768563e+01	
0.05858333	4.94654311e+01	
0.06016667	4.95643712e+01	
0.06175000	4.94004319e+01	
0.06333333	4.95353949e+01	
0.06491667	4.96557797e+01	
0.06650000	4.95882173e+01	
0.06808333	4.96439374e+01	
0.06966667	4.95576551e+01	
0.07125000	4.92714106e+01	
0.07283333	4.92667241e+01	
0.07441667	4.92277058e+01	
0.07600000	4.91096286e+01	
0.07758333	4.86523906e+01	
0.07916667	4.86708023e+01	
0.08075000	4.83625156e+01	
0.08233333	4.87310661e+01	
0.08391667	4.85110798e+01	
0.08550000	4.84173487e+01	
0.08708333	4.80898986e+01	
0.08866667	4.81212801e+01	
0.09025000	4.82735161e+01	
0.09183333	4.79287968e+01	
0.09341667	4.80098738e+01	
0.09500000	4.80850617e+01	
0.09658333	4.80365763e+01	
0.09816667	4.79922100e+01	
0.09975000	4.78246139e+01	
0.10133333	4.82070136e+01	
0.10291667	4.80798377e+01	
0.10450000	4.78135646e+01	
0.10608333	4.78104528e+01	
0.10766667	4.77736218e+01	
0.10925000	4.79886547e+01	
0.11083333	4.79340020e+01	
0.11241667	4.77436534e+01	
0.11400000	4.74687438e+01	
0.11558333	4.74801915e+01	
0.11716667	4.76653875e+01	
0.11875000	4.72947399e+01	
0.12033333	4.71092507e+01	
0.12191667	4.71815973e+01	
0.12350000	4.68437067e+01	
0.12508333	4.66787414e+01	
0.12666667	4.65533996e+01	
0.12825000	4.66919254e+01	
0.12983333	4.67243518e+01	
0.13141667	4.65952140e+01	
0.13300000	4.66528996e+01	
0.13458333	4.65469353e+01	
0.13616667	4.64332516e+01	
0.13775000	4.56483793e+01	
0.13933333	4.51079896e+01	
0.14091667	4.52978496e+01	
0.14250000	4.50698658e+01	
0.14408333	4.49375448e+01	
0.14566667	4.46474405e+01	
0.14725000	4.48041790e+01	
0.14883333	4.47235980e+01	
0.15041667	4.46107599e+01	
0.15200000	4.47637175e+01	
0.15358333	4.45837004e+01	
0.15516667	4.39055478e+01	
0.15675000	4.36355916e+01	
0.15833333	4.35555856e+01	
0.15991667	4.33041164e+01	
0.16150000	4.31567398e+01	
0.16308333	4.29541242e+01	
0.16466667	4.25914967e+01	
0.16625000	4.17720521e+01	
0.16783333	4.16995477e+01	
0.16941667	4.15055047e+01	
0.17100000	4.14166631e+01	
0.17258333	4.14163849e+01	
0.17416667	4.15739502e+01	
0.17575000	4.13433844e+01	
0.17733333	4.14340713e+01	
0.17891667	4.11421669e+01	
0.18050000	4.05685354e+01	
0.18208333	4.06487743e+01	
0.18366667	4.06520328e+01	
0.18525000	4.04900478e+01	
0.18683333	4.01428480e+01	
0.18841667	4.02957455e+01	
0.19000000	4.03051900e+01	
0.19158333	4.02929193e+01	
0.19316667	4.02076517e+01	
0.19475000	3.99168748e+01	
0.19633333	3.94867413e+01	
0.19791667	3.96580168e+01	
0.19950000	3.96974710e+01	
0.20108333	3.94983318e+01	
0.20266667	3.93102194e+01	
0.20425000	3.92334343e+01	
0.20583333	3.90756811e+01	
0.20741667	3.92562996e+01	
0.20900000	3.90737832e+01	
0.21058333	3.91462200e+01	
0.21216667	3.91447280e+01	
0.21375000	3.87946944e+01	
0.21533333	3.86400456e+01	
0.21691667	3.83760763e+01	
0.21850000	3.81517041e+01	
0.22008333	3.78673989e+01	
0.22166667	3.70942937e+01	
0.22325000	3.71276746e+01	
0.22483333	3.63240937e+01	
0.22641667	3.62211435e+01	
0.22800000	3.57921150e+01	
0.22958333	3.57666453e+01	
0.23116667	3.57432538e+01	
0.23275000	3.54548408e+01	
0.23433333	3.55211667e+01	
0.23591667	3.57611281e+01	
0.23750000	3.56812199e+01	
0.23908333	3.58155328e+01	
0.24066667	3.54977564e+01	
0.24225000	3.57031381e+01	
0.24383333	3.55025106e+01	
0.24541667	3.53643418e+01	
0.24700000	3.49897743e+01	
0.24858333	3.50288114e+01	
0.25016667	3.50929161e+01	
0.25175000	3.48538040e+01	
0.25333333	3.52909015e+01	
0.25491667	3.50299426e+01	
0.25650000	3.48527818e+01	
0.25808333	3.49744218e+01	
0.25966667	3.45991402e+01	
0.26125000	3.44156505e+01	
0.26283333	3.42183416e+01	
0.26441667	3.43491931e+01	
0.26600000	3.45749558e+01	
0.26758333	3.43844456e+01	
0.26916667	3.39844083e+01	
0.27075000	3.36843109e+01	
0.27233333	3.22043437e+01	
0.27391667	3.12747181e+01	
0.27550000	3.13817816e+01	
0.27708333	3.10809663e+01	
0.27866667	3.09732432e+01	
0.28025000	3.08476307e+01	
0.28183333	3.07186978e+01	
0.28341667	3.05379328e+01	
0.28500000	3.06397122e+01	
0.28658333	3.08937897e+01	
0.28816667	3.07603751e+01	
0.28975000	3.06446712e+01	
0.29133333	3.04299653e+01	
0.29291667	3.05778230e+01	
0.29450000	3.05140208e+01	
0.29608333	3.03981253e+01	
0.29766667	3.06754627e+01	
0.29925000	3.02359580e+01	
0.30083333	2.99672985e+01	
0.30241667	2.96538404e+01	
0.30400000	2.94836736e+01	
0.30558333	2.93720457e+01	
0.30716667	2.87400427e+01	
0.30875000	2.90035929e+01	
0.31033333	2.78090697e+01	
0.31191667	2.72856279e+01	
0.31350000	2.69178648e+01	
0.31508333	2.66033769e+01	
0.31666667	2.69048349e+01	
0.31825000	2.66401910e+01	
0.31983333	2.66351643e+01	
0.32141667	2.65688159e+01	
0.32300000	2.63417660e+01	
0.32458333	2.64406196e+01	
0.32616667	2.63362601e+01	
0.32775000	2.64665648e+01	
0.32933333	2.64099484e+01	
0.33091667	2.63661778e+01	
0.33250000	2.62756863e+01	
0.33408333	2.59988224e+01	
0.33566667	2.58584813e+01	
0.33725000	2.54824387e+01	
0.33883333	2.55434785e+01	
0.34041667	2.52696156e+01	
0.34200000	2.50760988e+01	
0.34358333	2.48608517e+01	
0.34516667	2.50559677e+01	
0.34675000	2.48558307e+01	
0.34833333	2.40909223e+01	
0.34991667	2.29988437e+01	
0.35150000	2.27757851e+01	
0.35308333	2.26344874e+01	
0.35466667	2.26541751e+01	
0.35625000	2.24292148e+01	
0.35783333	2.20025653e+01	
0.35941667	2.23062481e+01	
0.36100000	2.22209524e+01	
0.36258333	2.20916324e+01	
0.36416667	2.20121488e+01	
0.36575000	2.17003613e+01	
0.36733333	2.16531443e+01	
0.36891667	2.15125063e+01	
0.37050000	2.14732700e+01	
0.37208333	2.15669786e+01	
0.37366667	2.14108941e+01	
0.37525000	2.15426682e+01	
0.37683333	2.14506246e+01	
0.37841667	2.14853547e+01	
0.38000000	2.12602684e+01	
0.38158333	2.10702224e+01	
0.38316667	2.13070006e+01	
0.38475000	2.07249111e+01	
0.38633333	1.83563210e+01	
0.38791667	1.79384094e+01	
0.38950000	1.80218185e+01	
0.39108333	1.80085142e+01	
0.39266667	1.79142400e+01	
0.39425000	1.79717321e+01	
0.39583333	1.78937424e+01	
0.39741667	1.78522324e+01	
0.39900000	1.80259526e+01	
0.40058333	1.78561748e+01	
0.40216667	1.79658034e+01	
0.40375000	1.77326463e+01	
0.40533333	1.75669162e+01	
0.40691667	1.76229707e+01	
0.40850000	1.75511972e+01	
0.41008333	1.74813123e+01	
0.41166667	1.72965165e+01	
0.41325000	1.69147069e+01	
0.41483333	1.63950835e+01	
0.41641667	1.60085478e+01	
0.41800000	1.60768224e+01	
0.41958333	1.59808194e+01	
0.42116667	1.58785344e+01	
0.42275000	1.57922014e+01	
0.42433333	1.56949084e+01	
0.42591667	1.49815343e+01	
0.42750000	1.47579974e+01	
0.42908333	1.52414155e+01	
0.43066667	1.49834576e+01	
0.43225000	1.50210562e+01	
0.43383333	1.50631488e+01	
0.43541667	1.50318114e+01	
0.43700000	1.49734155e+01	
0.43858333	1.45261040e+01	
0.44016667	1.44135035e+01	
0.44175000	1.43172994e+01	
0.44333333	1.39259419e+01	
0.44491667	1.41215267e+01	
0.44650000	1.40931171e+01	
0.44808333	1.40363316e+01	
0.44966667	1.39550093e+01	
0.45125000	1.38144436e+01	
0.45283333	1.26750175e+01	
0.45441667	1.16176719e+01	
0.45600000	1.11088883e+01	
0.45758333	1.09748310e+01	
0.45916667	1.06283021e+01	
0.46075000	1.08518239e+01	
0.46233333	1.09990305e+01	
0.46391667	1.07061376e+01	
0.46550000	1.10620669e+01	
0.46708333	1.09926602e+01	
0.46866667	1.09439503e+01	
0.47025000	1.08182316e+01	
0.47183333	1.06001076e+01	
0.47341667	1.02451958e+01	
0.47500000	9.69171706e+00	
0.47658333	9.39580442e+00	
0.47816667	9.23607252e+00	
0.47975000	9.29150130e+00	
0.48133333	9.36354724e+00	
0.48291667	9.09964281e+00	
0.48450000	9.01738002e+00	
0.48608333	8.84035446e+00	
0.48766667	8.70701310e+00	
0.48925000	8.88512386e+00	
0.49083333	8.83226950e+00	
0.49241667	8.77094871e+00	
0.49400000	8.35756962e+00	
0.49558333	8.08967015e+00	
0.49716667	8.03104122e+00	
0.49875000	8.06653240e+00	
0.50033333	7.99803520e+00	
0.50191667	7.71222666e+00	
0.50350000	6.90462201e+00	
0.50508333	6.85865937e+00	
0.50666667	7.00191504e+00	
0.50825000	7.04219190e+00	
0.50983333	6.97689768e+00	
0.51141667	6.92859505e+00	
0.51300000	6.75107340e+00	
0.51458333	6.65435257e+00	
0.51616667	6.65449632e+00	
0.51775000	6.66752858e+00	
0.51933333	6.53521416e+00	
0.52091667	6.49307226e+00	
0.52250000	5.61928222e+00	
0.52408333	5.44523368e+00	
0.52566667	5.43565762e+00	
0.52725000	5.41902260e+00	
0.52883333	5.44865370e+00	
0.53041667	5.32022157e+00	
0.53200000	5.20005011e+00	
0.53358333	4.75254504e+00	
0.53516667	4.52130416e+00	
0.53675000	4.45490642e+00	
0.53833333	4.42297103e+00	
0.53991667	4.49419109e+00	
0.54150000	4.43845461e+00	
0.54308333	4.42955222e+00	
0.54466667	4.41569597e+00	
0.54625000	4.30933143e+00	
0.54783333	4.36175359e+00	
0.54941667	4.29069044e+00	
0.55100000	4.14786040e+00	
0.55258333	4.09512959e+00	
0.55416667	4.11157153e+00	
0.55575000	4.27336484e+00	
0.55733333	4.25543322e+00	
0.55891667	4.22520079e+00	
0.56050000	4.30940425e+00	
0.56208333	4.31509332e+00	
0.56366667	4.40555194e+00	
0.56525000	4.41854849e+00	
0.56683333	4.10940489e+00	
0.56841667	3.85171123e+00	
0.57000000	3.77003191e+00	
0.57158333	3.79195105e+00	
0.57316667	3.64272797e+00	
0.57475000	3.54970339e+00	
0.57633333	3.53894089e+00	
0.57791667	3.54633810e+00	
0.57950000	3.45881281e+00	
0.58108333	3.49533398e+00	
0.58266667	3.42949129e+00	
0.58425000	3.31786260e+00	
0.58583333	3.33836393e+00	
0.58741667	2.76332355e+00	
0.58900000	2.03060140e+00	
0.59058333	1.92866034e+00	
0.59216667	1.51902883e+00	
0.59375000	6.65148783e-01	
0.59533333	2.01626121e-04	
0.59691667	-6.39745123e-04	
0.59850000	-8.58400095e-04	
0.60008333	-6.92526035e-05	
0.60166667	-5.03633824e-06	
0.60325000	2.25725520e-05	
0.60483333	4.38511468e-05	
0.60641667	5.67643191e-05	
0.60800000	5.88602933e-05	
0.60958333	5.24449322e-05	
0.61116667	4.36909706e-05	
0.61275000	3.52813967e-05	
0.61433333	2.75355180e-05	
0.61591667	2.15508691e-05	
0.61750000	1.68202714e-05	
0.61908333	1.26814733e-05	
0.62066667	9.61797729e-06	
0.62225000	7.17038164e-06	
0.62383333	5.32892897e-06	
0.62541667	3.98876733e-06	
0.62700000	2.85645297e-06	
0.62858333	1.67794203e-06	
0.63016667	1.02061556e-06	
0.63175000	7.04867564e-07	
0.63333333	5.30940392e-07	
0.63491667	2.75455024e-07	
0.63650000	3.20543067e-07	
0.63808333	4.37852931e-07	
0.63966667	4.66382739e-07	
0.64125000	5.03673776e-07	
0.64283333	5.49087446e-07	
0.64441667	7.32954784e-07	
0.64600000	7.53685570e-07	
0.64758333	2.86275073e-07	
0.64916667	2.93189536e-07	
0.65075000	2.11822295e-07	
0.65233333	2.78065973e-07	
0.65391667	3.10584588e-07	
0.65550000	4.76840172e-07	
0.65708333	6.08719146e-07	
0.65866667	5.15081096e-07	
0.66025000	7.37708502e-07	
0.66183333	6.80884880e-07	
0.66341667	6.83926320e-07	
0.66500000	6.58499779e-07	
0.66658333	3.76112960e-07	
0.66816667	1.98185095e-07	
0.66975000	4.51901252e-08	
0.67133333	2.93017188e-07	
0.67291667	2.46780365e-07	
0.67450000	1.81184748e-07	
0.67608333	3.85342623e-07	
0.67766667	7.22540501e-07	
0.67925000	6.85809461e-07	
0.68083333	6.40005790e-07	
0.68241667	6.30976728e-07	
0.68400000	8.50532508e-07	
0.68558333	6.29290269e-07	
0.68716667	4.75586332e-07	
0.68875000	1.67747127e-07	
0.69033333	1.62717009e-07	
0.69191667	2.19341920e-07	
0.69350000	2.52787055e-07	
0.69508333	4.44602046e-07	
0.69666667	3.28061068e-07	
0.69825000	5.12184926e-07	
0.69983333	7.48360628e-07	
0.70141667	7.09748295e-07	
0.70300000	7.61732235e-07	
0.70458333	6.61481073e-07	
0.70616667	4.23740298e-07	
0.70775000	3.67774158e-07	
0.70933333	1.75092123e-07	
0.71091667	4.34577652e-07	
0.71250000	2.78714146e-07	
0.71408333	2.09282147e-07	
0.71566667	1.58144572e-07	
0.71725000	2.53996849e-07	
0.71883333	4.82093376e-07	
0.72041667	4.88203418e-07	
0.72200000	5.72983326e-07	
0.72358333	7.58548381e-07	
0.72516667	8.29918207e-07	
0.72675000	4.83493383e-07	
0.72833333	1.67962485e-07	
0.72991667	2.28761641e-07	
0.73150000	3.61628583e-07	
0.73308333	3.85749425e-07	
0.73466667	4.10293702e-07	
0.73625000	3.43971886e-07	
0.73783333	6.05134705e-07	
0.73941667	6.64376347e-07	
0.74100000	5.40014199e-07	
0.74258333	6.11788979e-07	
0.74416667	5.95669496e-07	
0.74575000	7.90338263e-07	
0.74733333	4.13792459e-07	
0.74891667	1.39270675e-07	
0.75050000	1.94753905e-07	
0.75208333	1.40566643e-07	
0.75366667	3.65698453e-07	
0.75525000	2.69562467e-07	
0.75683333	2.43540676e-07	
0.75841667	4.65215787e-07	
0.76000000	5.52199842e-07	
0.76158333	6.36072677e-07	
0.76316667	5.30205079e-07	
0.76475000	6.72414612e-07	
0.76633333	5.18374156e-07	
0.76791667	2.34240045e-07	
0.76950000	8.28795819e-08	
0.77108333	2.09057101e-07	
0.77266667	2.64877269e-07	
0.77425000	2.38656753e-07	
0.77583333	2.69362398e-07	
0.77741667	4.81893839e-07	
0.77900000	5.10241303e-07	
0.78058333	5.90398484e-07	
0.78216667	7.69120423e-07	
0.78375000	7.12255079e-07	
0.78533333	7.89472576e-07	
0.78691667	5.17456387e-07	
0.78850000	2.35978013e-07	
0.79008333	1.58888495e-07	
0.79166667	1.89879376e-07	
0.79325000	3.09783584e-07	
0.79483333	1.89793146e-07	
0.79641667	3.75940473e-07	
0.79800000	5.52328311e-07	
0.79958333	5.75318071e-07	
0.80116667	6.57158799e-07	
0.80275000	5.57773044e-07	
0.80433333	5.79165276e-07	
0.80591667	5.31795214e-07	
0.80750000	4.09256424e-07	
0.80908333	1.31889838e-07	
0.81066667	-3.41369057e-08	
0.81225000	1.68611904e-07	
0.81383333	2.49589199e-07	
0.81541667	2.80261384e-07	
0.81700000	5.14865990e-07	
0.81858333	6.14294756e-07	
0.82016667	7.10267046e-07	
0.82175000	6.26782868e-07	
0.82333333	6.17837195e-07	
0.82491667	7.37229232e-07	
0.82650000	6.44545017e-07	
0.82808333	4.00657154e-07	
0.82966667	1.86759770e-07	
0.83125000	5.60882037e-08	
0.83283333	1.25201108e-07	
0.83441667	-2.22799190e-08	
0.83600000	9.27753169e-08	
0.83758333	3.03570413e-07	
0.83916667	6.17792057e-07	
0.84075000	5.42563601e-07	
0.84233333	5.34828422e-07	
0.84391667	6.53186597e-07	
0.84550000	6.41733131e-07	
0.84708333	4.38769916e-07	
0.84866667	1.81316606e-07	
0.85025000	1.52535738e-07	
0.85183333	3.17604251e-07	
0.85341667	2.64936688e-07	
0.85500000	2.02791343e-07	
0.85658333	3.65483824e-07	
0.85816667	4.57715398e-07	
0.85975000	6.71203837e-07	
0.86133333	6.90648638e-07	
0.86291667	7.37017431e-07	
0.86450000	7.51838216e-07	
0.86608333	6.15417886e-07	
0.86766667	4.10552098e-07	
0.86925000	1.78808309e-07	
0.87083333	2.11692663e-07	
0.87241667	6.51199250e-08	
0.87400000	7.92323062e-08	
0.87558333	1.37515780e-07	
0.87716667	2.48742665e-07	
0.87875000	5.36383612e-07	
0.88033333	4.33713925e-07	
0.88191667	6.09542663e-07	
0.88350000	6.80495158e-07	
0.88508333	6.21381594e-07	
0.88666667	5.33791872e-07	
0.88825000	1.02013456e-07	
0.88983333	2.27984172e-07	
0.89141667	3.73391378e-07	
0.89300000	3.51050688e-07	
0.89458333	1.64600682e-07	
0.89616667	1.53980869e-07	
0.89775000	5.71773336e-07	
0.89933333	5.30464594e-07	
0.90091667	4.48664916e-07	
0.90250000	7.03657406e-07	
0.90408333	7.29802459e-07	
0.90566667	6.88330638e-07	
0.90725000	1.07562066e-07	
0.90883333	-1.32253406e-07	
0.91041667	1.37369264e-07	
0.91200000	2.58879512e-07	
0.91358333	3.49424655e-07	
0.91516667	1.60643432e-07	
0.91675000	3.01313960e-07	
0.91833333	5.92560125e-07	
0.91991667	6.45667252e-07	
0.92150000	6.43851930e-07	
0.92308333	6.19739208e-07	
0.92466667	6.41950085e-07	
0.92625000	6.91988610e-07	
0.92783333	3.18200342e-07	
0.92941667	1.54679543e-07	
0.93100000	1.79569551e-07	
0.93258333	2.27119129e-07	
0.93416667	3.09134235e-07	
0.93575000	1.48586637e-07	
0.93733333	3.33505073e-07	
0.93891667	3.60349933e-07	
0.94050000	6.34302830e-07	
0.94208333	6.67921250e-07	
0.94366667	6.63858996e-07	
0.94525000	8.19576951e-07	
0.94683333	5.14520063e-07	
0.94841667	1.38752134e-07	
0.95000000	6.12739734e-08	
0.95158333	7.00455000e-08	
0.95316667	2.43825953e-07	
0.95475000	5.24328707e-08	
0.95633333	1.30810488e-07	
0.95791667	3.72810296e-07	
0.95950000	5.41007571e-07	
0.96108333	6.30109361e-07	
0.96266667	6.78896399e-07	
0.96425000	7.60827571e-07	
0.96583333	7.85673030e-07	
0.96741667	5.18495569e-07	
0.96900000	1.19090324e-07	
0.97058333	3.53039561e-08	
0.97216667	1.85523991e-07	
0.97375000	3.02765293e-07	
0.97533333	1.70754854e-07	
0.97691667	3.83614749e-07	
0.97850000	4.41155595e-07	
0.98008333	6.79716947e-07	
0.98166667	5.18883555e-07	
0.98325000	5.87327922e-07	
0.98483333	7.36801373e-07	
0.98641667	5.37679006e-07	
0.98800000	4.45813296e-07	
0.98958333	2.54601732e-07	
0.99116667	1.01849460e-07	
0.99275000	2.24051227e-07	
0.99433333	-3.59548668e-09	
0.99591667	1.70945472e-07	
0.99750000	3.19204719e-07	
0.99908333	4.44646176e-07	
1.00066667	5.41094935e-07	
1.00225000	5.49737579e-07	
1.00383333	7.08322639e-07	
1.00541667	7.02747925e-07	
1.00700000	5.25927327e-07	
1.00858333	1.79673646e-07	
1.01016667	1.64980687e-07	
1.01175000	2.69941884e-07	
1.01333333	2.03836364e-07	
1.01491667	2.22927803e-07	
1.01650000	3.09221151e-07	
1.01808333	2.32996551e-07	
1.01966667	7.12513867e-07	
1.02125000	5.59805095e-07	
1.02283333	4.85697978e-07	
1.02441667	6.31493856e-07	
1.02600000	5.70347344e-07	
1.02758333	3.12375997e-07	
1.02916667	1.26496390e-07	
1.03075000	1.93673158e-08	
1.03233333	2.03914600e-07	
1.03391667	2.76596215e-07	
1.03550000	1.39443429e-07	
1.03708333	2.10085405e-07	
1.03866667	4.74291386e-07	
1.04025000	5.70390858e-07	
1.04183333	6.52450948e-07	
1.04341667	7.87054108e-07	
1.04500000	7.29365415e-07	
1.04658333	7.57324054e-07	
1.04816667	3.64662743e-07	
1.04975000	1.40607382e-08	
1.05133333	8.83237472e-08	
1.05291667	5.91470540e-08	
1.05450000	2.29323682e-07	
1.05608333	2.05470224e-07	
1.05766667	4.38424184e-07	
1.05925000	4.84651179e-07	
1.06083333	5.01166768e-07	
1.06241667	6.78894495e-07	
1.06400000	6.31753259e-07	
1.06558333	6.97658864e-07	
1.06716667	6.39269749e-07	
1.06875000	1.93760266e-07	
1.07033333	1.84598731e-07	
1.07191667	1.11442348e-07	
1.07350000	1.39788544e-07	
1.07508333	1.53858084e-07	
1.07666667	1.04182525e-07	
1.07825000	3.71998596e-07	
1.07983333	3.27405111e-07	
1.08141667	5.54792646e-07	
1.08300000	5.50211864e-07	
1.08458333	4.83882096e-07	
1.08616667	6.69182763e-07	
1.08775000	2.93276396e-07	
1.08933333	8.43663436e-08	
1.09091667	2.00112141e-07	
1.09250000	9.14183270e-08	
1.09408333	1.84210550e-07	
1.09566667	1.49961023e-07	
1.09725000	2.41301415e-07	
1.09883333	3.84019955e-07	
1.10041667	5.50775138e-07	
1.10200000	5.89318475e-07	
1.10358333	4.73468429e-07	
1.10516667	8.07231981e-07	
1.10675000	5.00128593e-07	
1.10833333	2.01296118e-07	
1.10991667	1.71246976e-07	
1.11150000	1.94451575e-07	
1.11308333	1.93587288e-07	
1.11466667	-4.01517576e-08	
1.11625000	1.65310206e-07	
1.11783333	4.77487113e-07	
1.11941667	4.30385192e-07	
1.12100000	4.57566599e-07	
1.12258333	5.05011900e-07	
1.12416667	6.88054434e-07	
1.12575000	7.36970556e-07	
1.12733333	5.54275295e-07	
1.12891667	4.09818269e-07	
1.13050000	2.72743606e-07	
1.13208333	2.97122340e-07	
1.13366667	2.43315266e-07	
1.13525000	1.52857165e-07	
1.13683333	2.44965660e-07	
1.13841667	1.70055004e-07	
1.14000000	4.08132873e-07	
1.14158333	3.93655944e-07	
1.14316667	3.38605361e-07	
1.14475000	6.20256615e-07	
1.14633333	5.22859173e-07	
1.14791667	2.90986285e-07	
1.14950000	1.99118531e-07	
1.15108333	9.48934754e-09	
1.15266667	2.03578137e-07	
1.15425000	2.51231977e-07	
1.15583333	2.52796015e-07	
1.15741667	4.94036696e-07	
1.15900000	5.89187317e-07	
1.16058333	6.51845113e-07	
1.16216667	5.52805509e-07	
1.16375000	6.94970912e-07	
1.16533333	5.71775016e-07	
1.16691667	4.64264892e-07	
1.16850000	3.69070224e-07	
1.17008333	-4.53110766e-08	
1.17166667	1.37585294e-07	
1.17325000	1.50765989e-07	
1.17483333	1.43116046e-07	
1.17641667	2.73753500e-07	
1.17800000	3.86432684e-07	
1.17958333	6.28426094e-07	
1.18116667	5.03414037e-07	
1.18275000	6.42553960e-07	
1.18433333	6.33395253e-07	
1.18591667	6.40393831e-07	
1.18750000	4.98659367e-07	
1.18908333	2.36111897e-08	
1.19066667	1.61048918e-07	
1.19225000	1.71203910e-07	
1.19383333	1.86811404e-07	
1.19541667	2.04105834e-07	
1.19700000	1.66018777e-07	
1.19858333	5.95109247e-07	
1.20016667	5.31673969e-07	
1.20175000	5.39279950e-07	
1.20333333	7.34208232e-07	
1.20491667	7.69638670e-07	
1.20650000	6.98100500e-07	
1.20808333	3.66493521e-07	
1.20966667	1.83077465e-07	
1.21125000	7.02788345e-08	
1.21283333	4.19103205e-09	
1.21441667	1.75999223e-07	
1.21600000	1.21579397e-07	
1.21758333	1.86760022e-07	
1.21916667	4.23861291e-07	
1.22075000	3.92360017e-07	
1.22233333	4.85264350e-07	
1.22391667	4.80726915e-07	
1.22550000	6.08763780e-07	
1.22708333	7.44319262e-07	
1.22866667	4.28502611e-07	
1.23025000	1.41258092e-07	
1.23183333	1.06861923e-07	
1.23341667	9.78312028e-08	
1.23500000	1.45147187e-07	
1.23658333	1.17146336e-07	
1.23816667	1.66355605e-07	
1.23975000	4.69190173e-07	
1.24133333	5.63910191e-07	
@ 
0.00000000	5.50428370e-07	
0.00158333	4.10855463e-07	
0.00316667	7.03484302e-07	
0.00475000	4.39555687e-07	
0.00633333	1.77270620e-07	
0.00791667	1.10500294e-07	
0.00950000	1.08331002e-07	
0.01108333	2.26601666e-07	
0.01266667	1.68826785e-07	
0.01425000	3.65828855e-07	
0.01583333	5.27181727e-07	
0.01741667	5.46148994e-07	
0.01900000	6.38363628e-07	
0.02058333	6.18789238e-07	
0.02216667	7.49113637e-07	
0.02375000	6.94063951e-07	
0.02533333	3.16697234e-07	
0.02691667	1.06559698e-07	
0.02850000	4.30210639e-08	
0.03008333	1.49597805e-07	
0.03166667	9.09606465e-08	
0.03325000	7.85933595e-08	
0.03483333	2.59526817e-07	
0.03641667	4.95116144e-07	
0.03800000	5.44853824e-07	
0.03958333	5.40056985e-07	
0.04116667	6.26236340e-07	
0.04275000	6.80468501e-07	
0.04433333	4.88203082e-07	
0.04591667	1.87823328e-07	
0.04750000	1.60530433e-07	
0.04908333	6.07549071e-08	
0.05066667	1.22417503e-07	
0.05225000	6.04878171e-08	
0.05383333	1.67971823e-07	
0.05541667	3.28190854e-07	
0.05700000	4.87597975e-07	
0.05858333	4.01218047e-07	
0.06016667	4.41923809e-07	
0.06175000	6.83175047e-07	
0.06333333	6.68051568e-07	
0.06491667	5.35606185e-07	
0.06650000	3.60729294e-07	
0.06808333	1.31535762e-07	
0.06966667	2.04908854e-07	
0.07125000	1.44585146e-07	
0.07283333	2.18321638e-07	
0.07441667	3.42302843e-07	
0.07600000	3.42450158e-07	
0.07758333	5.92558837e-07	
0.07916667	3.48846457e-07	
0.08075000	4.98486991e-07	
0.08233333	5.26574212e-07	
0.08391667	6.15290649e-07	
0.08550000	6.10145474e-07	
0.08708333	1.76777938e-07	
0.08866667	2.18476289e-07	
0.09025000	6.04184580e-08	
0.09183333	1.10888798e-07	
0.09341667	1.77815399e-07	
0.09500000	2.22159308e-07	
0.09658333	5.65595307e-07	
0.09816667	5.84306082e-07	
0.09975000	5.14649205e-07	
0.10133333	7.28787469e-07	
0.10291667	6.59269702e-07	
0.10450000	5.19575410e-07	
0.10608333	2.39495810e-07	
0.10766667	2.73080306e-09	
0.10925000	1.70161378e-08	
0.11083333	-2.31527216e-08	
0.11241667	1.50108323e-07	
0.11400000	3.38346462e-07	
0.11558333	4.42182877e-07	
0.11716667	4.55839174e-07	
0.11875000	3.50142579e-07	
0.12033333	5.00647680e-07	
0.12191667	6.54051052e-07	
0.12350000	7.29539079e-07	
0.12508333	2.32166944e-07	
0.12666667	8.28792949e-08	
0.12825000	2.94529452e-07	
0.12983333	1.56165541e-07	
0.13141667	-2.64103546e-08	
0.13300000	7.94904568e-08	
0.13458333	7.56037914e-08	
0.13616667	7.35079408e-07	
0.13775000	3.50359085e-07	
0.13933333	5.98997837e-07	
0.14091667	6.48520804e-07	
0.14250000	6.73537462e-07	
0.14408333	6.77383827e-07	
0.14566667	2.86968496e-07	
0.14725000	6.34945850e-08	
0.14883333	1.64713947e-07	
0.15041667	2.89101716e-07	
0.15200000	2.88825652e-07	
0.15358333	1.14804052e-07	
0.15516667	2.54584371e-07	
0.15675000	3.98868378e-07	
0.15833333	4.08859198e-07	
0.15991667	4.82802760e-07	
0.16150000	3.84322509e-07	
0.16308333	5.86121012e-07	
0.16466667	4.86388657e-07	
0.16625000	8.55585671e-08	
0.16783333	8.82372163e-08	
0.16941667	1.77510308e-08	
0.17100000	1.64852329e-07	
0.17258333	1.43937449e-07	
0.17416667	3.03223814e-07	
0.17575000	1.56727876e-07	
0.17733333	4.90926372e-07	
0.17891667	6.26954460e-07	
0.18050000	5.62786333e-07	
0.18208333	5.92645024e-07	
0.18366667	6.60143341e-07	
0.18525000	3.49219014e-07	
0.18683333	1.28804842e-07	
0.18841667	8.45643335e-08	
0.19000000	1.76130325e-07	
0.19158333	1.84037880e-07	
0.19316667	2.00821539e-07	
0.19475000	5.34527689e-07	
0.19633333	4.60765799e-07	
0.19791667	5.37058554e-07	
0.19950000	6.12954112e-07	
0.20108333	6.74705563e-07	
0.20266667	7.09013822e-07	
0.20425000	5.19532344e-07	
0.20583333	3.43238589e-07	
0.20741667	2.92585157e-07	
0.20900000	1.11485112e-07	
0.21058333	5.91562314e-08	
0.21216667	-3.13697857e-09	
0.21375000	1.11675024e-07	
0.21533333	1.12513704e-08	
0.21691667	3.11251886e-07	
0.21850000	4.33930431e-07	
0.22008333	4.79172005e-07	
0.22166667	6.17534837e-07	
0.22325000	6.49557578e-07	
0.22483333	5.83874975e-07	
0.22641667	2.98590586e-07	
0.22800000	3.05510578e-08	
0.22958333	1.17016614e-07	
0.23116667	1.08676740e-07	
0.23275000	4.99175563e-08	
0.23433333	6.54904166e-08	
0.23591667	2.64177574e-07	
0.23750000	5.11753819e-07	
0.23908333	3.65481359e-07	
0.24066667	4.43695869e-07	
0.24225000	5.58119755e-07	
0.24383333	6.81879484e-07	
0.24541667	6.77986414e-07	
0.24700000	2.54879085e-07	
0.24858333	2.14587573e-07	
0.25016667	2.34284707e-07	
0.25175000	2.33877512e-07	
0.25333333	1.22659952e-07	
0.25491667	2.21355224e-07	
0.25650000	4.25260598e-07	
0.25808333	4.88566650e-07	
0.25966667	5.41050973e-07	
0.26125000	5.36382716e-07	
0.26283333	6.05349418e-07	
0.26441667	6.20644769e-07	
0.26600000	4.51043189e-08	
0.26758333	-4.11896592e-08	
0.26916667	1.19219997e-07	
0.27075000	1.11252037e-07	
0.27233333	1.34690384e-07	
0.27391667	5.69791127e-08	
0.27550000	3.51907078e-07	
0.27708333	4.97278905e-07	
0.27866667	3.63493858e-07	
0.28025000	5.70564522e-07	
0.28183333	5.38415383e-07	
0.28341667	6.40479683e-07	
0.28500000	5.31060461e-07	
0.28658333	3.08097685e-07	
0.28816667	1.34914408e-07	
0.28975000	2.40126875e-07	
0.29133333	3.05202579e-07	
0.29291667	1.63123405e-07	
0.29450000	1.00994190e-07	
0.29608333	3.44127097e-07	
0.29766667	3.96983389e-07	
0.29925000	5.35001862e-07	
0.30083333	4.33410867e-07	
0.30241667	5.21475295e-07	
0.30400000	6.92596293e-07	
0.30558333	3.20111624e-07	
0.30716667	-6.46533190e-08	
0.30875000	4.84402451e-08	
0.31033333	2.27637712e-07	
0.31191667	2.65663993e-07	
0.31350000	6.24658749e-08	
0.31508333	2.65706974e-07	
0.31666667	6.80105717e-07	
0.31825000	4.94513333e-07	
0.31983333	5.32279356e-07	
0.32141667	4.49244458e-07	
0.32300000	7.39566609e-07	
0.32458333	5.89360925e-07	
0.32616667	3.03578646e-07	
0.32775000	1.41975317e-07	
0.32933333	1.98814843e-07	
0.33091667	2.62984860e-07	
0.33250000	2.67479640e-08	
0.33408333	3.35747245e-08	
0.33566667	3.97763420e-07	
0.33725000	4.45941290e-07	
0.33883333	6.37888111e-07	
0.34041667	6.18572340e-07	
0.34200000	5.52312239e-07	
0.34358333	4.96197217e-07	
0.34516667	5.07519413e-07	
0.34675000	2.19384104e-07	
0.34833333	-8.05375078e-08	
0.34991667	1.42164059e-08	
0.35150000	8.96202053e-08	
0.35308333	1.45336769e-07	
0.35466667	3.44741221e-07	
0.35625000	2.85499439e-07	
0.35783333	6.01444755e-07	
0.35941667	5.63349382e-07	
0.36100000	4.53634887e-07	
0.36258333	5.16075029e-07	
0.36416667	5.49390364e-07	
0.36575000	3.19160057e-07	
0.36733333	1.71333192e-07	
0.36891667	-3.27975041e-08	
0.37050000	1.81540238e-07	
0.37208333	4.10506645e-08	
0.37366667	1.82179171e-07	
0.37525000	4.24424116e-07	
0.37683333	4.42009605e-07	
0.37841667	5.75793476e-07	
0.38000000	5.59243054e-07	
0.38158333	6.14598906e-07	
0.38316667	5.98910530e-07	
0.38475000	5.90828471e-07	
0.38633333	2.85109325e-07	
0.38791667	-1.26697591e-08	
0.38950000	5.25020723e-08	
0.39108333	-4.95724689e-08	
0.39266667	-5.54836006e-08	
0.39425000	1.07293233e-07	
0.39583333	8.48254032e-08	
0.39741667	5.11838663e-07	
0.39900000	3.69803633e-07	
0.40058333	4.35615658e-07	
0.40216667	6.50376223e-07	
0.40375000	6.80070771e-07	
0.40533333	4.17839117e-07	
0.40691667	6.78765927e-08	
0.40850000	2.49331553e-08	
0.41008333	1.63382333e-07	
0.41166667	1.73140421e-07	
0.41325000	2.06170003e-07	
0.41483333	1.83112200e-07	
0.41641667	3.58007040e-07	
0.41800000	4.45595978e-07	
0.41958333	3.73779364e-07	
0.42116667	5.79899133e-07	
0.42275000	5.38330371e-07	
0.42433333	6.80107117e-07	
0.42591667	4.15693744e-07	
0.42750000	-3.43278323e-08	
0.42908333	1.35769608e-07	
0.43066667	6.72804039e-08	
0.43225000	2.23187627e-07	
0.43383333	1.65500236e-07	
0.43541667	2.94875519e-07	
0.43700000	3.73520128e-07	
0.43858333	3.08747006e-07	
0.44016667	4.92481842e-07	
0.44175000	5.31027364e-07	
0.44333333	5.38975856e-07	
0.44491667	5.63262074e-07	
0.44650000	2.68689304e-07	
0.44808333	1.94624161e-07	
0.44966667	1.90130393e-07	
0.45125000	1.96654420e-07	
0.45283333	8.44347086e-08	
0.45441667	2.59457810e-10	
0.45600000	4.94684253e-07	
0.45758333	5.13222541e-07	
0.45916667	6.85429484e-07	
0.46075000	7.58622976e-07	
0.46233333	6.74876482e-07	
0.46391667	7.66889955e-07	
0.46550000	5.46062302e-07	
0.46708333	5.08510762e-08	
0.46866667	5.50684960e-08	
0.47025000	9.16509754e-08	
0.47183333	2.54186222e-07	
0.47341667	1.49511379e-07	
0.47500000	2.04433785e-07	
0.47658333	1.33522437e-07	
0.47816667	4.08262519e-07	
0.47975000	5.15340332e-07	
0.48133333	6.45966809e-07	
0.48291667	5.77220532e-07	
0.48450000	5.23336482e-07	
0.48608333	2.67840782e-07	
0.48766667	2.23965011e-07	
0.48925000	7.14887128e-08	
0.49083333	1.29763143e-07	
0.49241667	2.70514311e-08	
0.49400000	-4.26414999e-08	
0.49558333	2.04295039e-07	
0.49716667	3.43228341e-07	
0.49875000	5.57531393e-07	
0.50033333	6.17361453e-07	
0.50191667	7.12542148e-07	
0.50350000	9.90107963e-07	
0.50508333	8.99834712e-07	
0.50666667	6.22936672e-07	
0.50825000	7.14286963e-07	
0.50983333	9.43309575e-07	
0.51141667	1.16088023e-06	
0.51300000	1.45823980e-06	
0.51458333	1.90714004e-06	
0.51616667	2.51404465e-06	
0.51775000	3.47567208e-06	
0.51933333	4.26181990e-06	
0.52091667	4.68654878e-06	
0.52250000	5.25044570e-06	
0.52408333	5.55812217e-06	
0.52566667	6.18645199e-06	
0.52725000	7.19375799e-06	
0.52883333	8.52689333e-06	
0.53041667	1.02209299e-05	
0.53200000	1.19291589e-05	
0.53358333	1.39340874e-05	
0.53516667	1.64757905e-05	
0.53675000	2.01518206e-05	
0.53833333	2.54048420e-05	
0.53991667	3.23589401e-05	
0.54150000	4.20363392e-05	
0.54308333	5.66466726e-05	
0.54466667	8.51936390e-05	
0.54625000	1.42346754e-04	
0.54783333	2.53073151e-04	
0.54941667	3.89502427e-04	
0.55100000	5.42959935e-04	
0.55258333	9.61714649e-04	
0.55416667	9.30985946e-04	
0.55575000	2.04752086e-03	
0.55733333	2.32136130e-03	
0.55891667	3.77354536e-03	
0.56050000	4.33232394e-03	
0.56208333	5.02413052e-03	
0.56366667	7.32620548e-03	
0.56525000	6.33078183e-03	
0.56683333	1.18793922e-02	
0.56841667	1.71877938e-02	
0.57000000	3.07765222e-02	
0.57158333	8.08499478e-02	
0.57316667	9.66312550e-02	
0.57475000	1.06314814e-01	
0.57633333	1.23443753e-01	
0.57791667	1.12354816e-01	
0.57950000	1.15899160e-01	
0.58108333	1.09674644e-01	
0.58266667	1.34381141e-01	
0.58425000	1.91434452e-01	
0.58583333	2.38169490e-01	
0.58741667	2.69681882e-01	
0.58900000	2.48023235e-01	
0.59058333	2.73097264e-01	
0.59216667	2.82763610e-01	
0.59375000	5.51867511e-01	
0.59533333	8.13922170e-01	
0.59691667	1.14871265e+00	
0.59850000	1.63296145e+00	
0.60008333	1.77287050e+00	
0.60166667	1.92670721e+00	
0.60325000	2.28889380e+00	
0.60483333	1.23691577e+01	
0.60641667	2.03124866e+01	
0.60800000	2.60434819e+01	
0.60958333	2.78599322e+01	
0.61116667	2.86346628e+01	
0.61275000	3.15029988e+01	
0.61433333	3.23329177e+01	
