start voltage : 0.00 V 
set voltage : 0.10 V 
High G : 30.00 G0 
Intermediate G : 20.00 G0 
Low G : 10.00 G0 
Breaking speed 1 : 300.00 V/s 
Breaking speed 2 : 300.00 V/s 
Making speed : 500.00 V/s 
Post breaking : 230.00 V/s 
@ 
0.00000000	3.92348737e+01	
0.00158333	3.99429158e+01	
0.00316667	3.98729106e+01	
0.00475000	4.01503382e+01	
0.00633333	3.99336855e+01	
0.00791667	4.00930096e+01	
0.00950000	4.00039425e+01	
0.01108333	3.99024731e+01	
0.01266667	4.00754736e+01	
0.01425000	3.99458585e+01	
0.01583333	3.99607826e+01	
0.01741667	3.99410479e+01	
0.01900000	3.98642478e+01	
0.02058333	3.99384623e+01	
0.02216667	3.99640673e+01	
0.02375000	4.01197008e+01	
0.02533333	4.00796528e+01	
0.02691667	3.97131881e+01	
0.02850000	3.98837419e+01	
0.03008333	3.95710918e+01	
0.03166667	3.97250830e+01	
0.03325000	3.96996132e+01	
0.03483333	3.94805139e+01	
0.03641667	3.96993690e+01	
0.03800000	3.92557283e+01	
0.03958333	3.95503688e+01	
0.04116667	3.95362978e+01	
0.04275000	3.94070736e+01	
0.04433333	3.92146016e+01	
0.04591667	3.91995498e+01	
0.04750000	3.92650638e+01	
0.04908333	3.92726555e+01	
0.05066667	3.90758615e+01	
0.05225000	3.93037439e+01	
0.05383333	3.88447996e+01	
0.05541667	3.89917403e+01	
0.05700000	3.90897821e+01	
0.05858333	3.91410524e+01	
0.06016667	3.88329461e+01	
0.06175000	3.81843898e+01	
0.06333333	3.81426317e+01	
0.06491667	3.82947700e+01	
0.06650000	3.81806616e+01	
0.06808333	3.81500467e+01	
0.06966667	3.79331084e+01	
0.07125000	3.80636705e+01	
0.07283333	3.78799741e+01	
0.07441667	3.76173728e+01	
0.07600000	3.75722097e+01	
0.07758333	3.75177074e+01	
0.07916667	3.74874571e+01	
0.08075000	3.73002203e+01	
0.08233333	3.72826692e+01	
0.08391667	3.73226271e+01	
0.08550000	3.72666666e+01	
0.08708333	3.75328156e+01	
0.08866667	3.72767086e+01	
0.09025000	3.71841238e+01	
0.09183333	3.71547792e+01	
0.09341667	3.70622432e+01	
0.09500000	3.70543471e+01	
0.09658333	3.70701694e+01	
0.09816667	3.67681026e+01	
0.09975000	3.68335228e+01	
0.10133333	3.66419828e+01	
0.10291667	3.68738301e+01	
0.10450000	3.67602103e+01	
0.10608333	3.68517278e+01	
0.10766667	3.65357667e+01	
0.10925000	3.66839551e+01	
0.11083333	3.65917009e+01	
0.11241667	3.65046896e+01	
0.11400000	3.66592107e+01	
0.11558333	3.65208840e+01	
0.11716667	3.67259499e+01	
0.11875000	3.66325420e+01	
0.12033333	3.64966920e+01	
0.12191667	3.65649308e+01	
0.12350000	3.66149721e+01	
0.12508333	3.65750631e+01	
0.12666667	3.65830720e+01	
0.12825000	3.63343425e+01	
0.12983333	3.64853308e+01	
0.13141667	3.63194710e+01	
0.13300000	3.64708351e+01	
0.13458333	3.65081397e+01	
0.13616667	3.61818133e+01	
0.13775000	3.64959103e+01	
0.13933333	3.63162765e+01	
0.14091667	3.62638186e+01	
0.14250000	3.64150099e+01	
0.14408333	3.62883939e+01	
0.14566667	3.60735903e+01	
0.14725000	3.57802727e+01	
0.14883333	3.57567159e+01	
0.15041667	3.55827496e+01	
0.15200000	3.55261689e+01	
0.15358333	3.56363049e+01	
0.15516667	3.54834525e+01	
0.15675000	3.53725686e+01	
0.15833333	3.53991433e+01	
0.15991667	3.51200621e+01	
0.16150000	3.51379251e+01	
0.16308333	3.51322201e+01	
0.16466667	3.52264510e+01	
0.16625000	3.51169653e+01	
0.16783333	3.52201522e+01	
0.16941667	3.52731287e+01	
0.17100000	3.51736474e+01	
0.17258333	3.50537926e+01	
0.17416667	3.49764888e+01	
0.17575000	3.49241550e+01	
0.17733333	3.49039017e+01	
0.17891667	3.31687746e+01	
0.18050000	3.26162721e+01	
0.18208333	3.20943017e+01	
0.18366667	3.21606915e+01	
0.18525000	3.23345187e+01	
0.18683333	3.21511643e+01	
0.18841667	3.21415957e+01	
0.19000000	3.21821850e+01	
0.19158333	3.21050466e+01	
0.19316667	3.21076360e+01	
0.19475000	3.17785586e+01	
0.19633333	3.19425167e+01	
0.19791667	3.17764727e+01	
0.19950000	3.16569111e+01	
0.20108333	3.13382327e+01	
0.20266667	3.13123139e+01	
0.20425000	3.14363065e+01	
0.20583333	3.13444395e+01	
0.20741667	3.12695786e+01	
0.20900000	3.13752460e+01	
0.21058333	3.12980137e+01	
0.21216667	3.13632684e+01	
0.21375000	3.15516984e+01	
0.21533333	3.14678985e+01	
0.21691667	3.13672860e+01	
0.21850000	3.13273845e+01	
0.22008333	3.08412210e+01	
0.22166667	2.93270667e+01	
0.22325000	2.92180432e+01	
0.22483333	2.91713393e+01	
0.22641667	2.93281717e+01	
0.22800000	2.94958016e+01	
0.22958333	2.93539985e+01	
0.23116667	2.91986675e+01	
0.23275000	2.89445017e+01	
0.23433333	2.87463979e+01	
0.23591667	2.86836104e+01	
0.23750000	2.85137688e+01	
0.23908333	2.84076448e+01	
0.24066667	2.83550629e+01	
0.24225000	2.80337049e+01	
0.24383333	2.81771635e+01	
0.24541667	2.80027425e+01	
0.24700000	2.79461524e+01	
0.24858333	2.79550426e+01	
0.25016667	2.78695740e+01	
0.25175000	2.77923548e+01	
0.25333333	2.75562794e+01	
0.25491667	2.75955232e+01	
0.25650000	2.75349512e+01	
0.25808333	2.74459179e+01	
0.25966667	2.75486106e+01	
0.26125000	2.74249167e+01	
0.26283333	2.75316515e+01	
0.26441667	2.74131402e+01	
0.26600000	2.74505030e+01	
0.26758333	2.76291352e+01	
0.26916667	2.67097753e+01	
0.27075000	2.66738707e+01	
0.27233333	2.66434776e+01	
0.27391667	2.62215616e+01	
0.27550000	2.56106782e+01	
0.27708333	2.55641020e+01	
0.27866667	2.55493922e+01	
0.28025000	2.54158535e+01	
0.28183333	2.51905380e+01	
0.28341667	2.51821740e+01	
0.28500000	2.51816948e+01	
0.28658333	2.52724663e+01	
0.28816667	2.50406753e+01	
0.28975000	2.49599064e+01	
0.29133333	2.47058251e+01	
0.29291667	2.44987072e+01	
0.29450000	2.45346606e+01	
0.29608333	2.41747316e+01	
0.29766667	2.40544051e+01	
0.29925000	2.39820867e+01	
0.30083333	2.38613693e+01	
0.30241667	2.40073178e+01	
0.30400000	2.40439684e+01	
0.30558333	2.37696451e+01	
0.30716667	2.39546645e+01	
0.30875000	2.35776316e+01	
0.31033333	2.37117377e+01	
0.31191667	2.34921404e+01	
0.31350000	2.34587614e+01	
0.31508333	2.34353831e+01	
0.31666667	2.33357121e+01	
0.31825000	2.29855132e+01	
0.31983333	2.29992797e+01	
0.32141667	2.29650287e+01	
0.32300000	2.28530907e+01	
0.32458333	2.23872819e+01	
0.32616667	2.21974200e+01	
0.32775000	2.13496494e+01	
0.32933333	2.07524723e+01	
0.33091667	2.04707735e+01	
0.33250000	2.04447437e+01	
0.33408333	2.06438303e+01	
0.33566667	2.03611017e+01	
0.33725000	1.96694663e+01	
0.33883333	1.98582289e+01	
0.34041667	1.99008570e+01	
0.34200000	1.98610664e+01	
0.34358333	1.96725142e+01	
0.34516667	1.98513137e+01	
0.34675000	1.97238258e+01	
0.34833333	1.96721046e+01	
0.34991667	1.96115345e+01	
0.35150000	1.95376057e+01	
0.35308333	1.94941564e+01	
0.35466667	1.93820285e+01	
0.35625000	1.93107530e+01	
0.35783333	1.92895151e+01	
0.35941667	1.93835093e+01	
0.36100000	1.93462630e+01	
0.36258333	1.93318895e+01	
0.36416667	1.91844941e+01	
0.36575000	1.82074542e+01	
0.36733333	1.75987731e+01	
0.36891667	1.68887598e+01	
0.37050000	1.65962747e+01	
0.37208333	1.64494900e+01	
0.37366667	1.65154457e+01	
0.37525000	1.63310596e+01	
0.37683333	1.64996610e+01	
0.37841667	1.66001157e+01	
0.38000000	1.66139818e+01	
0.38158333	1.65204761e+01	
0.38316667	1.64524760e+01	
0.38475000	1.68580942e+01	
0.38633333	1.65548812e+01	
0.38791667	1.67899400e+01	
0.38950000	1.67499069e+01	
0.39108333	1.66079159e+01	
0.39266667	1.67356894e+01	
0.39425000	1.66893030e+01	
0.39583333	1.67664076e+01	
0.39741667	1.65441814e+01	
0.39900000	1.62917049e+01	
0.40058333	1.64493472e+01	
0.40216667	1.63603365e+01	
0.40375000	1.61179209e+01	
0.40533333	1.60053326e+01	
0.40691667	1.61658857e+01	
0.40850000	1.60403728e+01	
0.41008333	1.58555789e+01	
0.41166667	1.54359320e+01	
0.41325000	1.53276132e+01	
0.41483333	1.54039510e+01	
0.41641667	1.50146023e+01	
0.41800000	1.48244839e+01	
0.41958333	1.49020986e+01	
0.42116667	1.47515905e+01	
0.42275000	1.47808880e+01	
0.42433333	1.47439490e+01	
0.42591667	1.47466014e+01	
0.42750000	1.48214435e+01	
0.42908333	1.46586006e+01	
0.43066667	1.42479764e+01	
0.43225000	1.38966331e+01	
0.43383333	1.37712198e+01	
0.43541667	1.37087565e+01	
0.43700000	1.34676647e+01	
0.43858333	1.36185534e+01	
0.44016667	1.36886094e+01	
0.44175000	1.36056738e+01	
0.44333333	1.36789948e+01	
0.44491667	1.35666123e+01	
0.44650000	1.36013650e+01	
0.44808333	1.33835951e+01	
0.44966667	1.26414130e+01	
0.45125000	1.25863713e+01	
0.45283333	1.24503578e+01	
0.45441667	1.22873844e+01	
0.45600000	1.22591814e+01	
0.45758333	1.21069322e+01	
0.45916667	1.20040112e+01	
0.46075000	1.19553304e+01	
0.46233333	1.19395044e+01	
0.46391667	1.19468217e+01	
0.46550000	1.12870179e+01	
0.46708333	1.08341197e+01	
0.46866667	1.06682036e+01	
0.47025000	1.04458609e+01	
0.47183333	1.04113402e+01	
0.47341667	1.04622112e+01	
0.47500000	1.05251029e+01	
0.47658333	1.04197306e+01	
0.47816667	1.04963250e+01	
0.47975000	1.04179943e+01	
0.48133333	1.04079014e+01	
0.48291667	1.04301579e+01	
0.48450000	9.65902767e+00	
0.48608333	9.42960532e+00	
0.48766667	9.38773261e+00	
0.48925000	9.40956625e+00	
0.49083333	9.32701690e+00	
0.49241667	9.07418056e+00	
0.49400000	9.08552206e+00	
0.49558333	9.12518398e+00	
0.49716667	9.08823271e+00	
0.49875000	8.76550204e+00	
0.50033333	8.79981030e+00	
0.50191667	8.85105800e+00	
0.50350000	8.75686179e+00	
0.50508333	8.79776862e+00	
0.50666667	8.71720082e+00	
0.50825000	8.75966827e+00	
0.50983333	8.78735353e+00	
0.51141667	8.63296495e+00	
0.51300000	8.52977332e+00	
0.51458333	8.41758723e+00	
0.51616667	8.11943185e+00	
0.51775000	7.28373982e+00	
0.51933333	7.11112740e+00	
0.52091667	6.44374175e+00	
0.52250000	6.49495938e+00	
0.52408333	6.32230375e+00	
0.52566667	6.33498413e+00	
0.52725000	6.13901645e+00	
0.52883333	6.18968820e+00	
0.53041667	6.10552467e+00	
0.53200000	5.24869427e+00	
0.53358333	5.28943199e+00	
0.53516667	5.56107938e+00	
0.53675000	5.63125512e+00	
0.53833333	5.65633731e+00	
0.53991667	5.64885460e+00	
0.54150000	4.51181125e+00	
0.54308333	4.56415214e+00	
0.54466667	4.54812455e+00	
0.54625000	4.55401985e+00	
0.54783333	4.51315013e+00	
0.54941667	4.44015194e+00	
0.55100000	4.39999488e+00	
0.55258333	4.38487162e+00	
0.55416667	4.35690872e+00	
0.55575000	4.32534305e+00	
0.55733333	4.29154544e+00	
0.55891667	4.28555806e+00	
0.56050000	4.21991385e+00	
0.56208333	3.90693212e+00	
0.56366667	4.05338372e+00	
0.56525000	3.91418839e+00	
0.56683333	3.23697135e+00	
0.56841667	2.75457619e+00	
0.57000000	2.44735963e+00	
0.57158333	2.21136666e+00	
0.57316667	2.46796784e+00	
0.57475000	2.51785905e+00	
0.57633333	2.64270109e+00	
0.57791667	2.62309422e+00	
0.57950000	2.58766530e+00	
0.58108333	2.59649205e+00	
0.58266667	2.58839839e+00	
0.58425000	2.34928818e+00	
0.58583333	2.12841940e+00	
0.58741667	2.11998844e+00	
0.58900000	2.08759408e+00	
0.59058333	1.94145183e+00	
0.59216667	1.92136695e+00	
0.59375000	1.89602450e+00	
0.59533333	1.88476709e+00	
0.59691667	1.85568693e+00	
0.59850000	1.84385450e+00	
0.60008333	1.22193856e+00	
0.60166667	1.11204572e+00	
0.60325000	1.10212848e+00	
0.60483333	1.06942054e+00	
0.60641667	1.05411876e+00	
0.60800000	1.06989232e+00	
0.60958333	1.05907063e+00	
0.61116667	1.05731035e+00	
0.61275000	9.03965326e-01	
0.61433333	8.82229048e-01	
0.61591667	8.72854291e-01	
0.61750000	8.78322567e-01	
0.61908333	8.39523707e-01	
0.62066667	8.18710083e-01	
0.62225000	8.01135848e-01	
0.62383333	7.80486237e-01	
0.62541667	7.39476636e-01	
0.62700000	7.27470272e-01	
0.62858333	6.97256111e-01	
0.63016667	6.47723705e-01	
0.63175000	6.68498748e-01	
0.63333333	6.11186440e-01	
0.63491667	7.13444192e-01	
0.63650000	5.77943705e-01	
0.63808333	3.04616306e-01	
0.63966667	2.66862302e-01	
0.64125000	1.37804891e-01	
0.64283333	1.36398977e-01	
0.64441667	8.83160349e-02	
0.64600000	1.41657156e-02	
0.64758333	1.00427007e-02	
0.64916667	4.97189238e-03	
0.65075000	4.43029667e-03	
0.65233333	8.11631647e-03	
0.65391667	5.92646968e-03	
0.65550000	5.56399025e-03	
0.65708333	5.16316110e-03	
0.65866667	4.02041089e-03	
0.66025000	3.56919429e-03	
0.66183333	6.81935485e-05	
0.66341667	-2.74049094e-05	
0.66500000	-8.20931679e-05	
0.66658333	-1.14641255e-04	
0.66816667	-9.66787311e-05	
0.66975000	-6.43219595e-05	
0.67133333	-4.16054836e-05	
0.67291667	-2.69480185e-05	
0.67450000	-1.66427282e-05	
0.67608333	-8.92653174e-06	
0.67766667	-3.00916466e-06	
0.67925000	7.55536005e-07	
0.68083333	3.31371595e-06	
0.68241667	5.03698429e-06	
0.68400000	5.71735433e-06	
0.68558333	5.88047039e-06	
0.68716667	5.97675663e-06	
0.68875000	5.48997472e-06	
0.69033333	5.07454763e-06	
0.69191667	4.37252567e-06	
0.69350000	3.67885861e-06	
0.69508333	3.20634189e-06	
0.69666667	2.56532794e-06	
0.69825000	1.91279114e-06	
0.69983333	1.62217965e-06	
0.70141667	1.46657376e-06	
0.70300000	1.21386634e-06	
0.70458333	9.47419823e-07	
0.70616667	8.90291044e-07	
0.70775000	9.10255436e-07	
0.70933333	9.18384817e-07	
0.71091667	8.23090829e-07	
0.71250000	7.78326396e-07	
0.71408333	7.45615720e-07	
0.71566667	7.49761810e-07	
0.71725000	5.79077632e-07	
0.71883333	4.04631568e-07	
0.72041667	4.27188428e-07	
0.72200000	5.45285435e-07	
0.72358333	2.83640519e-07	
0.72516667	4.42157228e-07	
0.72675000	2.50956529e-07	
0.72833333	5.13395140e-07	
0.72991667	5.93294094e-07	
0.73150000	4.93691048e-07	
0.73308333	5.50557792e-07	
0.73466667	6.63858436e-07	
0.73625000	4.74419968e-07	
0.73783333	2.09704980e-07	
0.73941667	1.01805575e-07	
0.74100000	3.17259052e-07	
0.74258333	2.09143708e-07	
0.74416667	3.52130724e-07	
0.74575000	2.26557970e-07	
0.74733333	2.30688827e-07	
0.74891667	6.14962250e-07	
0.75050000	5.07777864e-07	
0.75208333	5.48656059e-07	
0.75366667	5.70392090e-07	
0.75525000	5.18322802e-07	
0.75683333	6.00543787e-07	
0.75841667	1.58023873e-07	
0.76000000	4.24428379e-08	
0.76158333	2.22625529e-07	
0.76316667	2.75214297e-07	
0.76475000	2.55811498e-07	
0.76633333	2.53738397e-07	
0.76791667	4.70901050e-07	
0.76950000	5.78428675e-07	
0.77108333	4.75490064e-07	
0.77266667	6.41343634e-07	
0.77425000	5.09790259e-07	
0.77583333	4.53764477e-07	
0.77741667	1.48483425e-07	
0.77900000	8.56366276e-08	
0.78058333	1.57505205e-07	
0.78216667	1.80364829e-07	
0.78375000	2.40575511e-07	
0.78533333	1.65668331e-08	
0.78691667	1.31086384e-07	
0.78850000	5.63262746e-07	
0.79008333	4.65042319e-07	
0.79166667	4.87987024e-07	
0.79325000	5.33360036e-07	
0.79483333	4.50739053e-07	
0.79641667	4.52406024e-07	
0.79800000	1.42961451e-07	
0.79958333	9.94809318e-08	
0.80116667	1.04399037e-07	
0.80275000	2.39124290e-07	
0.80433333	2.79319393e-07	
0.80591667	2.17172299e-07	
0.80750000	4.07009043e-07	
0.80908333	4.38466522e-07	
0.81066667	5.25495491e-07	
0.81225000	5.52545153e-07	
0.81383333	6.48303234e-07	
0.81541667	6.54680576e-07	
0.81700000	3.34716267e-07	
0.81858333	2.21718317e-07	
0.82016667	2.43324002e-07	
0.82175000	2.58447033e-07	
0.82333333	2.53866895e-07	
0.82491667	9.10377899e-08	
0.82650000	1.16860997e-07	
0.82808333	3.94428806e-07	
0.82966667	6.10103360e-07	
0.83125000	6.37153190e-07	
0.83283333	4.92180268e-07	
0.83441667	6.28423966e-07	
0.83600000	4.89647723e-07	
0.83758333	4.56399927e-07	
0.83916667	1.76355091e-07	
0.84075000	1.49356028e-07	
0.84233333	2.82084377e-07	
0.84391667	1.78247598e-07	
0.84550000	4.15612324e-08	
0.84708333	1.85248052e-07	
0.84866667	3.27067108e-07	
0.85025000	4.55146843e-07	
0.85183333	3.57920404e-07	
0.85341667	4.68021652e-07	
0.85500000	5.41873594e-07	
0.85658333	3.13369257e-07	
0.85816667	1.19048098e-07	
0.85975000	3.79914485e-10	
0.86133333	5.34522704e-08	
0.86291667	3.23178797e-07	
0.86450000	2.39391366e-07	
0.86608333	2.28373347e-07	
0.86766667	4.16257466e-07	
0.86925000	4.94599857e-07	
0.87083333	4.98055884e-07	
0.87241667	4.11286655e-07	
0.87400000	4.94382231e-07	
0.87558333	5.66934215e-07	
0.87716667	5.24630477e-07	
0.87875000	2.29712213e-07	
0.88033333	4.86130058e-08	
0.88191667	3.03863307e-07	
0.88350000	1.03682226e-07	
0.88508333	1.61999197e-07	
0.88666667	2.99585415e-07	
0.88825000	3.87650038e-07	
0.88983333	4.98358578e-07	
0.89141667	4.27620516e-07	
0.89300000	4.69665046e-07	
0.89458333	5.84521692e-07	
0.89616667	5.65249603e-07	
0.89775000	3.89869446e-07	
0.89933333	1.84253644e-07	
0.90091667	1.99550156e-07	
0.90250000	2.42088055e-07	
0.90408333	1.12496280e-07	
0.90566667	2.13248567e-07	
0.90725000	1.91582608e-07	
0.90883333	4.05410619e-07	
0.91041667	4.72604422e-07	
0.91200000	3.15919164e-07	
0.91358333	5.69052286e-07	
0.91516667	4.11166305e-07	
0.91675000	6.80494486e-07	
0.91833333	2.38139485e-07	
0.91991667	1.23973617e-07	
0.92150000	1.93198015e-07	
0.92308333	2.19998648e-07	
0.92466667	2.76553737e-07	
0.92625000	2.14665864e-07	
0.92783333	2.49027718e-07	
0.92941667	4.81808099e-07	
0.93100000	4.19842607e-07	
0.93258333	4.46850435e-07	
0.93416667	4.70269285e-07	
0.93575000	4.49313229e-07	
0.93733333	3.81211205e-07	
0.93891667	5.42297253e-08	
0.94050000	1.52406793e-07	
0.94208333	1.37757893e-07	
0.94366667	1.99679606e-07	
0.94525000	1.77858871e-07	
0.94683333	2.31087453e-07	
0.94841667	4.09688259e-07	
0.95000000	4.04632324e-07	
0.95158333	4.99178791e-07	
0.95316667	4.38553298e-07	
0.95475000	3.95081796e-07	
0.95633333	4.47801749e-07	
0.95791667	1.42467369e-07	
0.95950000	1.06662918e-07	
0.96108333	2.43972931e-07	
0.96266667	2.04347695e-07	
0.96425000	2.35286017e-07	
0.96583333	1.16325214e-07	
0.96741667	3.60365502e-07	
0.96900000	5.45027376e-07	
0.97058333	4.39891982e-07	
0.97216667	6.37369191e-07	
0.97375000	5.91178711e-07	
0.97533333	6.54957564e-07	
0.97691667	4.31033813e-07	
0.97850000	1.61455189e-07	
0.98008333	1.90778090e-07	
0.98166667	2.44966052e-07	
0.98325000	2.91720758e-07	
0.98483333	1.20801200e-07	
0.98641667	2.24698375e-08	
0.98800000	3.21407270e-07	
0.98958333	4.07916928e-07	
0.99116667	4.39504221e-07	
0.99275000	2.72794008e-07	
0.99433333	4.05253532e-07	
0.99591667	6.06429259e-07	
0.99750000	-1.15054045e-09	
0.99908333	2.32996022e-08	
1.00066667	6.24922171e-08	
1.00225000	2.74781146e-07	
1.00383333	2.81955264e-07	
1.00541667	1.45510629e-07	
1.00700000	3.54809437e-07	
1.00858333	4.23818953e-07	
1.01016667	3.77322923e-07	
1.01175000	4.84141948e-07	
1.01333333	4.19282106e-07	
1.01491667	5.86034880e-07	
1.01650000	4.91619403e-07	
1.01808333	1.55777402e-07	
1.01966667	2.87183630e-07	
1.02125000	1.97519631e-07	
1.02283333	3.98322941e-07	
1.02441667	2.79310461e-07	
1.02600000	2.52873019e-07	
1.02758333	4.63660205e-07	
1.02916667	4.91400602e-07	
1.03075000	4.91704303e-07	
1.03233333	4.34750588e-07	
1.03391667	5.15988841e-07	
1.03550000	5.05350043e-07	
1.03708333	3.07050886e-07	
1.03866667	9.91787632e-08	
1.04025000	-5.67024323e-08	
1.04183333	4.20446951e-08	
1.04341667	8.94822571e-08	
1.04500000	-4.72984798e-08	
1.04658333	2.73356442e-07	
1.04816667	3.28882233e-07	
1.04975000	3.99706875e-07	
1.05133333	4.13533672e-07	
1.05291667	4.32977996e-07	
1.05450000	7.14763264e-07	
1.05608333	5.88799612e-07	
1.05766667	1.48845565e-07	
1.05925000	2.00154955e-07	
1.06083333	4.61058853e-08	
1.06241667	1.91029374e-07	
1.06400000	1.30757481e-07	
1.06558333	2.03438788e-07	
1.06716667	2.37836624e-07	
1.06875000	3.97371962e-07	
1.07033333	6.19436963e-07	
1.07191667	5.05919701e-07	
1.07350000	4.50489366e-07	
1.07508333	5.51828489e-07	
1.07666667	4.95895979e-07	
1.07825000	2.39477610e-07	
1.07983333	8.51686496e-08	
1.08141667	1.31146643e-07	
1.08300000	1.60616859e-07	
1.08458333	-8.39175167e-09	
1.08616667	1.62535337e-07	
1.08775000	3.23567595e-07	
1.08933333	5.49433766e-07	
1.09091667	5.33575982e-07	
1.09250000	4.30430162e-07	
1.09408333	5.79249559e-07	
1.09566667	6.01675486e-07	
1.09725000	5.00431735e-07	
1.09883333	2.14285803e-07	
1.10041667	1.56684769e-07	
1.10200000	2.25693949e-07	
1.10358333	1.43851247e-07	
1.10516667	3.05504012e-07	
1.10675000	1.90691818e-07	
1.10833333	3.47334557e-07	
1.10991667	4.15089533e-07	
1.11150000	3.79786725e-07	
1.11308333	3.69673988e-07	
1.11466667	3.32426744e-07	
1.11625000	5.72985398e-07	
1.11783333	4.28096229e-07	
1.11941667	2.87658699e-07	
1.12100000	3.60470143e-07	
1.12258333	2.71410578e-07	
1.12416667	1.80363527e-07	
1.12575000	1.81315794e-07	
1.12733333	2.87244757e-07	
1.12891667	4.15565107e-07	
1.13050000	4.33022658e-07	
1.13208333	5.59458831e-07	
1.13366667	5.60236930e-07	
1.13525000	7.05557123e-07	
1.13683333	5.24241035e-07	
1.13841667	1.14735799e-07	
1.14000000	9.66302989e-08	
1.14158333	2.52312041e-07	
1.14316667	3.07578961e-07	
1.14475000	2.62508699e-07	
1.14633333	1.00380612e-07	
1.14791667	3.51361530e-07	
1.14950000	4.14311350e-07	
1.15108333	5.09852197e-07	
1.15266667	5.33056447e-07	
1.15425000	6.06559521e-07	
1.15583333	7.35459105e-07	
1.15741667	3.78463190e-07	
1.15900000	2.01943997e-07	
1.16058333	9.58862145e-08	
1.16216667	3.21929500e-08	
1.16375000	1.04233515e-07	
1.16533333	1.56044744e-07	
1.16691667	3.60183550e-07	
1.16850000	4.46764275e-07	
1.17008333	5.24932778e-07	
1.17166667	4.86820884e-07	
1.17325000	4.14310930e-07	
1.17483333	2.65118584e-07	
1.17641667	4.37266360e-07	
1.17800000	1.29036496e-07	
1.17958333	2.61775234e-07	
1.18116667	1.51154100e-07	
1.18275000	2.68810130e-07	
1.18433333	2.85929790e-07	
1.18591667	2.75078515e-08	
1.18750000	3.26377073e-07	
1.18908333	4.67262006e-07	
1.19066667	5.24803020e-07	
1.19225000	3.25771770e-07	
1.19383333	3.74989690e-07	
1.19541667	6.16896577e-07	
1.19700000	3.01479056e-07	
1.19858333	2.38217245e-07	
1.20016667	1.23368762e-07	
1.20175000	1.59753090e-07	
1.20333333	2.96431353e-07	
1.20491667	7.57052680e-08	
1.20650000	2.47463708e-07	
1.20808333	1.78289558e-07	
1.20966667	3.86440692e-07	
1.21125000	5.17890406e-07	
1.21283333	4.47714077e-07	
1.21441667	5.01945371e-07	
1.21600000	4.55147543e-07	
1.21758333	4.40323678e-07	
1.21916667	1.75697860e-07	
1.22075000	2.01840813e-07	
1.22233333	3.76026633e-07	
1.22391667	2.63633285e-07	
1.22550000	1.13610716e-07	
1.22708333	4.00958139e-07	
1.22866667	5.36165874e-07	
1.23025000	5.71299555e-07	
1.23183333	5.58595497e-07	
1.23341667	5.51015052e-07	
1.23500000	6.21639765e-07	
1.23658333	5.40954817e-07	
1.23816667	4.00872175e-07	
1.23975000	1.70123874e-07	
1.24133333	3.15442974e-07	
1.24291667	4.11676488e-07	
1.24450000	7.07453424e-08	
1.24608333	1.24379943e-07	
1.24766667	1.27690224e-07	
1.24925000	3.85402657e-07	
1.25083333	4.28355661e-07	
@ 
0.00000000	3.10257365e-07	
0.00158333	4.83926114e-07	
0.00316667	6.40179061e-07	
0.00475000	4.47930415e-07	
0.00633333	3.95773595e-07	
0.00791667	1.37325442e-07	
0.00950000	2.04477439e-07	
0.01108333	1.97650201e-07	
0.01266667	1.80018692e-07	
0.01425000	2.18374575e-07	
0.01583333	3.57800391e-07	
0.01741667	4.61975845e-07	
0.01900000	4.72302121e-07	
0.02058333	4.85092478e-07	
0.02216667	6.77727626e-07	
0.02375000	5.53194558e-07	
0.02533333	4.65110754e-07	
0.02691667	1.78463628e-07	
0.02850000	1.43988971e-07	
0.03008333	1.91107077e-07	
0.03166667	2.49852236e-08	
0.03325000	1.38433102e-07	
0.03483333	1.95048786e-07	
0.03641667	4.50219126e-07	
0.03800000	4.31812668e-07	
0.03958333	3.79095150e-07	
0.04116667	5.00475697e-07	
0.04275000	5.68618770e-07	
0.04433333	5.64860890e-07	
0.04591667	2.35087433e-07	
0.04750000	2.20421690e-07	
0.04908333	2.55076325e-07	
0.05066667	1.41708283e-07	
0.05225000	2.75387373e-07	
0.05383333	1.83562461e-07	
0.05541667	3.40636489e-07	
0.05700000	6.54956612e-07	
0.05858333	5.34136567e-07	
0.06016667	4.85265078e-07	
0.06175000	4.88600308e-07	
0.06333333	5.38933966e-07	
0.06491667	5.91521278e-07	
0.06650000	3.81860526e-07	
0.06808333	3.14061000e-07	
0.06966667	3.06196203e-07	
0.07125000	2.29486537e-07	
0.07283333	1.70036944e-07	
0.07441667	1.10016265e-07	
0.07600000	4.42875656e-07	
0.07758333	4.79042639e-07	
0.07916667	5.20871308e-07	
0.08075000	4.95202164e-07	
0.08233333	4.18027313e-07	
0.08391667	5.32330206e-07	
0.08550000	3.44940114e-07	
0.08708333	7.41864938e-08	
0.08866667	2.38397489e-07	
0.09025000	2.40428644e-07	
0.09183333	3.11986639e-07	
0.09341667	2.38614835e-07	
0.09500000	2.53607100e-07	
0.09658333	5.27864286e-07	
0.09816667	5.17588385e-07	
0.09975000	5.67409172e-07	
0.10133333	5.24111613e-07	
0.10291667	6.01374528e-07	
0.10450000	6.04401688e-07	
0.10608333	1.87529217e-07	
0.10766667	2.67868559e-07	
0.10925000	2.82256697e-07	
0.11083333	3.54204441e-07	
0.11241667	2.51559620e-07	
0.11400000	1.70815393e-07	
0.11558333	5.29514176e-07	
0.11716667	3.86043326e-07	
0.11875000	4.45683174e-07	
0.12033333	3.85532723e-07	
0.12191667	2.69942249e-07	
0.12350000	6.24838573e-07	
0.12508333	4.12997840e-07	
0.12666667	1.55440239e-07	
0.12825000	2.70068811e-08	
0.12983333	1.01417933e-07	
0.13141667	3.07882383e-07	
0.13300000	1.05651968e-07	
0.13458333	2.51533831e-07	
0.13616667	4.52252465e-07	
0.13775000	5.07561527e-07	
0.13933333	5.58639067e-07	
0.14091667	4.60116366e-07	
0.14250000	6.27300275e-07	
0.14408333	6.00344978e-07	
0.14566667	3.65871697e-07	
0.14725000	3.11943545e-07	
0.14883333	2.61818888e-07	
0.15041667	2.60175662e-07	
0.15200000	2.02358864e-07	
0.15358333	1.33912915e-07	
0.15516667	2.17364163e-07	
0.15675000	4.00319627e-07	
0.15833333	5.50082499e-07	
0.15991667	4.76622546e-07	
0.16150000	6.10924805e-07	
0.16308333	5.30681324e-07	
0.16466667	4.80122367e-07	
0.16625000	4.02784605e-07	
0.16783333	1.80424864e-07	
0.16941667	2.98461668e-07	
0.17100000	4.01866304e-07	
0.17258333	8.98189162e-08	
0.17416667	1.87192837e-07	
0.17575000	3.33765792e-07	
0.17733333	5.65207657e-07	
0.17891667	4.41188496e-07	
0.18050000	4.58517438e-07	
0.18208333	5.06915314e-07	
0.18366667	7.25392709e-07	
0.18525000	4.09212518e-07	
0.18683333	3.45648265e-07	
0.18841667	1.40825893e-07	
0.19000000	3.08572530e-07	
0.19158333	1.03016384e-07	
0.19316667	1.78411517e-07	
0.19475000	2.23290909e-07	
0.19633333	5.13829720e-07	
0.19791667	5.90572147e-07	
0.19950000	4.59510587e-07	
0.20108333	4.37040446e-07	
0.20266667	4.72647992e-07	
0.20425000	3.99938950e-07	
0.20583333	3.34155206e-07	
0.20741667	1.18356537e-07	
0.20900000	3.84754764e-07	
0.21058333	2.84288720e-07	
0.21216667	3.23567987e-07	
0.21375000	2.42113508e-07	
0.21533333	3.26806780e-07	
0.21691667	6.93980731e-07	
0.21850000	5.43340804e-07	
0.22008333	4.89369782e-07	
0.22166667	7.15540915e-07	
0.22325000	6.57289957e-07	
0.22483333	5.62353601e-07	
0.22641667	4.23083500e-07	
0.22800000	2.92541587e-07	
0.22958333	2.59053008e-07	
0.23116667	3.43444847e-07	
0.23275000	4.59856514e-07	
0.23433333	3.03057570e-07	
0.23591667	5.42952819e-07	
0.23750000	5.75187921e-07	
0.23908333	5.07086401e-07	
0.24066667	5.91004991e-07	
0.24225000	6.07553565e-07	
0.24383333	6.73122091e-07	
0.24541667	5.33014221e-07	
0.24700000	2.14812759e-07	
0.24858333	1.83415062e-07	
0.25016667	2.49010833e-07	
0.25175000	3.12332707e-07	
0.25333333	3.31752362e-07	
0.25491667	2.92023367e-07	
0.25650000	5.43632241e-07	
0.25808333	4.50177236e-07	
0.25966667	6.16368361e-07	
0.26125000	6.31581500e-07	
0.26283333	7.19126364e-07	
0.26441667	7.59225787e-07	
0.26600000	4.23559101e-07	
0.26758333	1.77383577e-07	
0.26916667	3.24777445e-07	
0.27075000	3.81384309e-07	
0.27233333	3.07233538e-07	
0.27391667	1.63521779e-07	
0.27550000	5.65983964e-07	
0.27708333	5.11840287e-07	
0.27866667	6.24837285e-07	
0.28025000	6.58283722e-07	
0.28183333	6.32228105e-07	
0.28341667	7.81420087e-07	
0.28500000	4.51212274e-07	
0.28658333	6.69087726e-07	
0.28816667	3.82722993e-07	
0.28975000	2.69682929e-07	
0.29133333	2.32693745e-07	
0.29291667	1.27861857e-07	
0.29450000	2.10266965e-07	
0.29608333	4.55509907e-07	
0.29766667	4.87338011e-07	
0.29925000	6.24277260e-07	
0.30083333	4.49555300e-07	
0.30241667	5.48008110e-07	
0.30400000	4.78342832e-07	
0.30558333	2.35944047e-07	
0.30716667	1.83052194e-07	
0.30875000	2.20507220e-07	
0.31033333	3.05289243e-07	
0.31191667	4.14018625e-07	
0.31350000	2.90579791e-07	
0.31508333	6.26391859e-07	
0.31666667	6.47525247e-07	
0.31825000	6.36158753e-07	
0.31983333	5.97182852e-07	
0.32141667	5.47394938e-07	
0.32300000	5.03741483e-07	
0.32458333	5.14914209e-07	
0.32616667	4.29954224e-07	
0.32775000	3.26678590e-07	
0.32933333	2.92282435e-07	
0.33091667	4.08003479e-07	
0.33250000	3.44741221e-07	
0.33408333	3.84754148e-07	
0.33566667	4.87987248e-07	
0.33725000	6.03795965e-07	
0.33883333	6.79976631e-07	
0.34041667	4.82932014e-07	
0.34200000	5.55439587e-07	
0.34358333	6.18426397e-07	
0.34516667	3.46944612e-07	
0.34675000	3.63537736e-07	
0.34833333	3.06326185e-07	
0.34991667	3.14190590e-07	
0.35150000	3.75853137e-07	
0.35308333	1.96301492e-07	
0.35466667	3.69138772e-07	
0.35625000	6.65759665e-07	
0.35783333	7.94745605e-07	
0.35941667	5.07043391e-07	
0.36100000	5.72249973e-07	
0.36258333	6.90476654e-07	
0.36416667	6.93240826e-07	
0.36575000	5.65682111e-07	
0.36733333	1.90449930e-07	
0.36891667	3.38173218e-07	
0.37050000	4.73598019e-07	
0.37208333	4.34872029e-07	
0.37366667	2.30396480e-07	
0.37525000	2.98678034e-07	
0.37683333	3.33221420e-07	
0.37841667	6.26264173e-07	
0.38000000	4.88808637e-07	
0.38158333	6.49813342e-07	
0.38316667	7.78498156e-07	
0.38475000	7.31919242e-07	
0.38633333	2.40341812e-07	
0.38791667	2.94226702e-07	
0.38950000	3.55975633e-07	
0.39108333	3.91366029e-07	
0.39266667	2.84262175e-07	
0.39425000	3.03500158e-07	
0.39583333	4.74418175e-07	
0.39741667	6.87496424e-07	
0.39900000	5.06827166e-07	
0.40058333	5.35864469e-07	
0.40216667	6.79865410e-07	
0.40375000	5.52589619e-07	
0.40533333	6.24975947e-07	
0.40691667	8.11945503e-08	
0.40850000	3.15227364e-07	
0.41008333	3.78231144e-07	
0.41166667	4.34449042e-07	
0.41325000	3.86958883e-07	
0.41483333	4.36564649e-07	
0.41641667	5.40516709e-07	
0.41800000	6.01417874e-07	
0.41958333	5.81540342e-07	
0.42116667	4.84333028e-07	
0.42275000	5.53237512e-07	
0.42433333	6.57895904e-07	
0.42591667	5.50212760e-07	
0.42750000	3.05028579e-07	
0.42908333	3.90026393e-07	
0.43066667	2.75922197e-07	
0.43225000	3.73969884e-07	
0.43383333	2.82171545e-07	
0.43541667	5.24232355e-07	
0.43700000	5.56781799e-07	
0.43858333	5.70348688e-07	
0.44016667	7.04476946e-07	
0.44175000	5.68188895e-07	
0.44333333	6.96699149e-07	
0.44491667	6.76477594e-07	
0.44650000	4.43194394e-07	
0.44808333	4.43954545e-07	
0.44966667	4.44257154e-07	
0.45125000	4.87598311e-07	
0.45283333	4.33325856e-07	
0.45441667	2.30532440e-07	
0.45600000	8.15704937e-07	
0.45758333	7.03095924e-07	
0.45916667	7.79749812e-07	
0.46075000	8.36618516e-07	
0.46233333	8.71880722e-07	
0.46391667	1.02386157e-06	
0.46550000	9.50279312e-07	
0.46708333	7.48731588e-07	
0.46866667	8.19810089e-07	
0.47025000	8.61594908e-07	
0.47183333	1.21994698e-06	
0.47341667	1.04355631e-06	
0.47500000	1.51328377e-06	
0.47658333	1.97840727e-06	
0.47816667	2.35182956e-06	
0.47975000	2.98400497e-06	
0.48133333	3.46400385e-06	
0.48291667	4.35636827e-06	
0.48450000	5.32322343e-06	
0.48608333	6.26069923e-06	
0.48766667	7.58897399e-06	
0.48925000	9.20450044e-06	
0.49083333	1.11417761e-05	
0.49241667	1.33955842e-05	
0.49400000	1.60641837e-05	
0.49558333	1.98278662e-05	
0.49716667	2.41513373e-05	
0.49875000	2.97380619e-05	
0.50033333	3.70292092e-05	
0.50191667	4.67854096e-05	
0.50350000	5.97513085e-05	
0.50508333	8.08216438e-05	
0.50666667	1.28996701e-04	
0.50825000	2.34494697e-04	
0.50983333	3.61222050e-04	
0.51141667	4.04190490e-04	
0.51300000	4.13540562e-04	
0.51458333	5.07175215e-04	
0.51616667	5.77504250e-04	
0.51775000	6.49325671e-04	
0.51933333	7.66799897e-04	
0.52091667	1.28585549e-03	
0.52250000	1.29178157e-03	
0.52408333	2.29879359e-03	
0.52566667	2.75664610e-03	
0.52725000	4.33822514e-03	
0.52883333	5.34109926e-03	
0.53041667	6.74139017e-03	
0.53200000	8.02608875e-03	
0.53358333	1.13287063e-02	
0.53516667	1.38661638e-02	
0.53675000	1.54745039e-02	
0.53833333	2.37247893e-02	
0.53991667	3.19125330e-02	
0.54150000	5.10520298e-02	
0.54308333	8.89927795e-02	
0.54466667	7.80560301e-02	
0.54625000	5.78995263e-02	
0.54783333	8.34074325e-02	
0.54941667	1.14055122e-01	
0.55100000	1.91094285e-01	
0.55258333	3.99031645e-01	
0.55416667	6.97108247e-01	
0.55575000	2.38186764e+00	
0.55733333	3.58836020e+00	
0.55891667	3.69802919e+00	
0.56050000	3.85473287e+00	
0.56208333	4.05950499e+00	
0.56366667	4.21986265e+00	
0.56525000	5.88690546e+00	
0.56683333	9.23202487e+00	
0.56841667	1.03637352e+01	
0.57000000	1.12459156e+01	
0.57158333	1.21980035e+01	
0.57316667	1.32389442e+01	
0.57475000	1.33924900e+01	
0.57633333	1.34565083e+01	
0.57791667	1.39606570e+01	
0.57950000	1.58739832e+01	
0.58108333	1.75592362e+01	
0.58266667	1.81367330e+01	
0.58425000	1.84976900e+01	
0.58583333	1.92383181e+01	
0.58741667	1.98213678e+01	
0.58900000	2.02453884e+01	
0.59058333	2.11904549e+01	
0.59216667	2.15233620e+01	
0.59375000	2.23061804e+01	
0.59533333	2.30543852e+01	
0.59691667	2.41368746e+01	
0.59850000	2.46493178e+01	
0.60008333	2.55159004e+01	
0.60166667	2.55655546e+01	
0.60325000	2.56993751e+01	
0.60483333	2.62847399e+01	
0.60641667	2.66682183e+01	
0.60800000	2.80887861e+01	
0.60958333	2.87479933e+01	
0.61116667	2.94690991e+01	
0.61275000	2.99971635e+01	
0.61433333	3.04956767e+01	
0.61591667	3.07041928e+01	
0.61750000	3.26445530e+01	
0.61908333	3.29357359e+01	
0.62066667	3.30944136e+01	
0.62225000	3.35239532e+01	
0.62383333	3.44503994e+01	
0.62541667	3.45061345e+01	
0.62700000	3.44533008e+01	
0.62858333	3.47572504e+01	
0.63016667	3.46804202e+01	
0.63175000	3.51894321e+01	
0.63333333	3.56244851e+01	
