start voltage : 0.00 V 
set voltage : 0.10 V 
High G : 30.00 G0 
Intermediate G : 20.00 G0 
Low G : 10.00 G0 
Breaking speed 1 : 300.00 V/s 
Breaking speed 2 : 300.00 V/s 
Making speed : 500.00 V/s 
Post breaking : 230.00 V/s 
@ 
0.00000000	4.15009384e+01	
0.00158333	4.22561881e+01	
0.00316667	4.21385807e+01	
0.00475000	4.21448532e+01	
0.00633333	4.20945939e+01	
0.00791667	4.20147421e+01	
0.00950000	4.21552486e+01	
0.01108333	4.20304028e+01	
0.01266667	4.21591421e+01	
0.01425000	4.22883889e+01	
0.01583333	4.20482808e+01	
0.01741667	4.21673615e+01	
0.01900000	4.20308951e+01	
0.02058333	4.19746301e+01	
0.02216667	4.20005809e+01	
0.02375000	4.14897312e+01	
0.02533333	4.21282304e+01	
0.02691667	4.21163242e+01	
0.02850000	4.20857019e+01	
0.03008333	4.20295797e+01	
0.03166667	4.19171662e+01	
0.03325000	4.21747089e+01	
0.03483333	4.18231157e+01	
0.03641667	4.20313574e+01	
0.03800000	4.19757012e+01	
0.03958333	4.20044670e+01	
0.04116667	4.21593451e+01	
0.04275000	4.21233747e+01	
0.04433333	4.18367770e+01	
0.04591667	4.19614799e+01	
0.04750000	4.19612244e+01	
0.04908333	4.19878855e+01	
0.05066667	4.19378668e+01	
0.05225000	4.20245474e+01	
0.05383333	4.20485402e+01	
0.05541667	4.19380960e+01	
0.05700000	4.18528060e+01	
0.05858333	4.17909938e+01	
0.06016667	4.20324848e+01	
0.06175000	4.19788319e+01	
0.06333333	4.18425045e+01	
0.06491667	4.18409486e+01	
0.06650000	4.16633030e+01	
0.06808333	4.18751413e+01	
0.06966667	4.17697558e+01	
0.07125000	4.18223039e+01	
0.07283333	4.17643777e+01	
0.07441667	4.15187413e+01	
0.07600000	4.17700377e+01	
0.07758333	4.17681924e+01	
0.07916667	4.17739275e+01	
0.08075000	4.17604503e+01	
0.08233333	4.16591651e+01	
0.08391667	4.16050461e+01	
0.08550000	4.18216236e+01	
0.08708333	4.17111945e+01	
0.08866667	4.17935757e+01	
0.09025000	4.14734392e+01	
0.09183333	4.16197635e+01	
0.09341667	4.14933692e+01	
0.09500000	4.17599317e+01	
0.09658333	4.17082029e+01	
0.09816667	4.14420276e+01	
0.09975000	4.16294034e+01	
0.10133333	4.15629686e+01	
0.10291667	4.14086166e+01	
0.10450000	4.12801478e+01	
0.10608333	4.12918360e+01	
0.10766667	4.14655543e+01	
0.10925000	4.13405319e+01	
0.11083333	4.11231576e+01	
0.11241667	4.11071511e+01	
0.11400000	4.12811738e+01	
0.11558333	4.12884724e+01	
0.11716667	4.11796481e+01	
0.11875000	4.11532726e+01	
0.12033333	4.11767354e+01	
0.12191667	4.10089514e+01	
0.12350000	4.13291180e+01	
0.12508333	4.11183169e+01	
0.12666667	4.10903479e+01	
0.12825000	4.11094249e+01	
0.12983333	4.10258185e+01	
0.13141667	4.10130630e+01	
0.13300000	4.09062418e+01	
0.13458333	4.09568844e+01	
0.13616667	4.09305427e+01	
0.13775000	4.08145063e+01	
0.13933333	4.08448393e+01	
0.14091667	4.07087149e+01	
0.14250000	4.07468463e+01	
0.14408333	4.07430016e+01	
0.14566667	4.06621124e+01	
0.14725000	4.07217223e+01	
0.14883333	4.06227221e+01	
0.15041667	4.06903859e+01	
0.15200000	4.05502665e+01	
0.15358333	4.05751011e+01	
0.15516667	4.06474139e+01	
0.15675000	4.06026041e+01	
0.15833333	4.07124168e+01	
0.15991667	4.05495035e+01	
0.16150000	4.05272546e+01	
0.16308333	4.05154687e+01	
0.16466667	4.03119661e+01	
0.16625000	4.03310243e+01	
0.16783333	4.01777623e+01	
0.16941667	4.02975307e+01	
0.17100000	4.02063702e+01	
0.17258333	4.01872669e+01	
0.17416667	4.02822458e+01	
0.17575000	4.01806524e+01	
0.17733333	4.02937611e+01	
0.17891667	4.00712831e+01	
0.18050000	4.00863312e+01	
0.18208333	4.01234065e+01	
0.18366667	3.99455541e+01	
0.18525000	4.01112335e+01	
0.18683333	3.98764584e+01	
0.18841667	3.97713999e+01	
0.19000000	3.99434457e+01	
0.19158333	3.96857828e+01	
0.19316667	4.00218168e+01	
0.19475000	3.99379624e+01	
0.19633333	3.96616886e+01	
0.19791667	3.96760640e+01	
0.19950000	3.94105500e+01	
0.20108333	3.95959490e+01	
0.20266667	3.95630830e+01	
0.20425000	3.93128239e+01	
0.20583333	3.94993165e+01	
0.20741667	3.92533756e+01	
0.20900000	3.92827202e+01	
0.21058333	3.94621999e+01	
0.21216667	3.94450509e+01	
0.21375000	3.95009701e+01	
0.21533333	3.90641883e+01	
0.21691667	3.93234974e+01	
0.21850000	3.90467425e+01	
0.22008333	3.88586488e+01	
0.22166667	3.92215657e+01	
0.22325000	3.91373091e+01	
0.22483333	3.89845958e+01	
0.22641667	3.90455699e+01	
0.22800000	3.90066944e+01	
0.22958333	3.91010983e+01	
0.23116667	3.90106218e+01	
0.23275000	3.90404812e+01	
0.23433333	3.89193035e+01	
0.23591667	3.89912780e+01	
0.23750000	3.90504293e+01	
0.23908333	3.89083368e+01	
0.24066667	3.90012900e+01	
0.24225000	3.88971635e+01	
0.24383333	3.88830249e+01	
0.24541667	3.90431909e+01	
0.24700000	3.86218067e+01	
0.24858333	3.86352162e+01	
0.25016667	3.83799736e+01	
0.25175000	3.83276548e+01	
0.25333333	3.87016548e+01	
0.25491667	3.81886479e+01	
0.25650000	3.82940033e+01	
0.25808333	3.81775272e+01	
0.25966667	3.81450182e+01	
0.26125000	3.82251820e+01	
0.26283333	3.80451385e+01	
0.26441667	3.82267304e+01	
0.26600000	3.81508473e+01	
0.26758333	3.82115282e+01	
0.26916667	3.80442666e+01	
0.27075000	3.80924213e+01	
0.27233333	3.80357166e+01	
0.27391667	3.79694095e+01	
0.27550000	3.77106605e+01	
0.27708333	3.75392009e+01	
0.27866667	3.73186471e+01	
0.28025000	3.74082780e+01	
0.28183333	3.71277799e+01	
0.28341667	3.72679368e+01	
0.28500000	3.70577972e+01	
0.28658333	3.70072222e+01	
0.28816667	3.72520056e+01	
0.28975000	3.69644757e+01	
0.29133333	3.70580340e+01	
0.29291667	3.70548357e+01	
0.29450000	3.70691171e+01	
0.29608333	3.71199063e+01	
0.29766667	3.70413097e+01	
0.29925000	3.70428731e+01	
0.30083333	3.69193615e+01	
0.30241667	3.67403140e+01	
0.30400000	3.66295279e+01	
0.30558333	3.66569256e+01	
0.30716667	3.66007433e+01	
0.30875000	3.64931480e+01	
0.31033333	3.64002361e+01	
0.31191667	3.65694182e+01	
0.31350000	3.65738492e+01	
0.31508333	3.64754841e+01	
0.31666667	3.65368641e+01	
0.31825000	3.64207224e+01	
0.31983333	3.63747213e+01	
0.32141667	3.60036339e+01	
0.32300000	3.61880144e+01	
0.32458333	3.58863798e+01	
0.32616667	3.57698548e+01	
0.32775000	3.57756050e+01	
0.32933333	3.57117220e+01	
0.33091667	3.56711290e+01	
0.33250000	3.56689905e+01	
0.33408333	3.56642626e+01	
0.33566667	3.59677237e+01	
0.33725000	3.56913409e+01	
0.33883333	3.56472940e+01	
0.34041667	3.54811073e+01	
0.34200000	3.54120342e+01	
0.34358333	3.53749251e+01	
0.34516667	3.54611772e+01	
0.34675000	3.53467043e+01	
0.34833333	3.51517518e+01	
0.34991667	3.50851440e+01	
0.35150000	3.49623164e+01	
0.35308333	3.49547698e+01	
0.35466667	3.49839640e+01	
0.35625000	3.45914847e+01	
0.35783333	3.45090621e+01	
0.35941667	3.45687547e+01	
0.36100000	3.43122042e+01	
0.36258333	3.43055746e+01	
0.36416667	3.42117871e+01	
0.36575000	3.43684091e+01	
0.36733333	3.42706566e+01	
0.36891667	3.41889970e+01	
0.37050000	3.44054956e+01	
0.37208333	3.40241182e+01	
0.37366667	3.44009744e+01	
0.37525000	3.41484190e+01	
0.37683333	3.39004637e+01	
0.37841667	3.38871933e+01	
0.38000000	3.37863929e+01	
0.38158333	3.36977504e+01	
0.38316667	3.36271063e+01	
0.38475000	3.34152980e+01	
0.38633333	3.34252725e+01	
0.38791667	3.33010656e+01	
0.38950000	3.31213754e+01	
0.39108333	3.29844054e+01	
0.39266667	3.28476459e+01	
0.39425000	3.29799293e+01	
0.39583333	3.28278023e+01	
0.39741667	3.29367431e+01	
0.39900000	3.29377992e+01	
0.40058333	3.28454436e+01	
0.40216667	3.26497733e+01	
0.40375000	3.27412119e+01	
0.40533333	3.23900922e+01	
0.40691667	3.23509950e+01	
0.40850000	3.20259764e+01	
0.41008333	3.18591922e+01	
0.41166667	3.17048590e+01	
0.41325000	3.18003302e+01	
0.41483333	3.16856505e+01	
0.41641667	3.16819599e+01	
0.41800000	3.16775665e+01	
0.41958333	3.15503492e+01	
0.42116667	3.16464443e+01	
0.42275000	3.16155965e+01	
0.42433333	3.15003305e+01	
0.42591667	3.15593578e+01	
0.42750000	3.13802032e+01	
0.42908333	3.10530067e+01	
0.43066667	3.07128894e+01	
0.43225000	3.07554160e+01	
0.43383333	3.08702141e+01	
0.43541667	3.06148870e+01	
0.43700000	3.08720820e+01	
0.43858333	3.05726554e+01	
0.44016667	3.04739746e+01	
0.44175000	3.04752148e+01	
0.44333333	3.05690249e+01	
0.44491667	3.05232323e+01	
0.44650000	3.04407722e+01	
0.44808333	3.04444403e+01	
0.44966667	3.04183504e+01	
0.45125000	3.04039149e+01	
0.45283333	3.03328611e+01	
0.45441667	2.92828338e+01	
0.45600000	2.91832022e+01	
0.45758333	2.91725870e+01	
0.45916667	2.89104800e+01	
0.46075000	2.91529069e+01	
0.46233333	2.90748853e+01	
0.46391667	2.90361338e+01	
0.46550000	2.90906399e+01	
0.46708333	2.89527172e+01	
0.46866667	2.90098316e+01	
0.47025000	2.88129323e+01	
0.47183333	2.87452272e+01	
0.47341667	2.87534991e+01	
0.47500000	2.87640711e+01	
0.47658333	2.89813665e+01	
0.47816667	2.88441635e+01	
0.47975000	2.89280386e+01	
0.48133333	2.88288749e+01	
0.48291667	2.86195376e+01	
0.48450000	2.81843230e+01	
0.48608333	2.80140511e+01	
0.48766667	2.79149306e+01	
0.48925000	2.78710904e+01	
0.49083333	2.78119203e+01	
0.49241667	2.78794582e+01	
0.49400000	2.71975248e+01	
0.49558333	2.65960445e+01	
0.49716667	2.66653920e+01	
0.49875000	2.67258625e+01	
0.50033333	2.68021046e+01	
0.50191667	2.68735849e+01	
0.50350000	2.71628792e+01	
0.50508333	2.70500430e+01	
0.50666667	2.68977111e+01	
0.50825000	2.69220101e+01	
0.50983333	2.66396517e+01	
0.51141667	2.65721777e+01	
0.51300000	2.64493350e+01	
0.51458333	2.60277498e+01	
0.51616667	2.60766486e+01	
0.51775000	2.58142991e+01	
0.51933333	2.58961147e+01	
0.52091667	2.60070718e+01	
0.52250000	2.60051175e+01	
0.52408333	2.59293603e+01	
0.52566667	2.59708929e+01	
0.52725000	2.59611063e+01	
0.52883333	2.58275883e+01	
0.53041667	2.55578332e+01	
0.53200000	2.54633636e+01	
0.53358333	2.50171749e+01	
0.53516667	2.49808118e+01	
0.53675000	2.51492628e+01	
0.53833333	2.52070819e+01	
0.53991667	2.51928456e+01	
0.54150000	2.49858572e+01	
0.54308333	2.51056858e+01	
0.54466667	2.50480490e+01	
0.54625000	2.50040397e+01	
0.54783333	2.50222635e+01	
0.54941667	2.49503247e+01	
0.55100000	2.48553327e+01	
0.55258333	2.47834051e+01	
0.55416667	2.49602165e+01	
0.55575000	2.42321954e+01	
0.55733333	2.39309611e+01	
0.55891667	2.39462572e+01	
0.56050000	2.38240610e+01	
0.56208333	2.40229879e+01	
0.56366667	2.36043679e+01	
0.56525000	2.32584647e+01	
0.56683333	2.33550277e+01	
0.56841667	2.32317227e+01	
0.57000000	2.32487514e+01	
0.57158333	2.32588743e+01	
0.57316667	2.27384223e+01	
0.57475000	2.24740847e+01	
0.57633333	2.24475307e+01	
0.57791667	2.23024090e+01	
0.57950000	2.22959373e+01	
0.58108333	2.23835237e+01	
0.58266667	2.25382646e+01	
0.58425000	2.22354010e+01	
0.58583333	2.24022643e+01	
0.58741667	2.23170193e+01	
0.58900000	2.22809475e+01	
0.59058333	2.23408598e+01	
0.59216667	2.10430727e+01	
0.59375000	2.08420825e+01	
0.59533333	2.03912918e+01	
0.59691667	1.99844239e+01	
0.59850000	2.04385313e+01	
0.60008333	2.03191294e+01	
0.60166667	2.03252422e+01	
0.60325000	1.97119798e+01	
0.60483333	1.92714021e+01	
0.60641667	1.92152442e+01	
0.60800000	1.91600879e+01	
0.60958333	1.91703555e+01	
0.61116667	1.89791726e+01	
0.61275000	1.89536314e+01	
0.61433333	1.82940878e+01	
0.61591667	1.77836046e+01	
0.61750000	1.77241169e+01	
0.61908333	1.75971946e+01	
0.62066667	1.74599729e+01	
0.62225000	1.76059646e+01	
0.62383333	1.70890190e+01	
0.62541667	1.69544900e+01	
0.62700000	1.72511336e+01	
0.62858333	1.72334641e+01	
0.63016667	1.73567859e+01	
0.63175000	1.71316471e+01	
0.63333333	1.71406406e+01	
0.63491667	1.72031819e+01	
0.63650000	1.71745721e+01	
0.63808333	1.68037385e+01	
0.63966667	1.67653553e+01	
0.64125000	1.65614957e+01	
0.64283333	1.65682211e+01	
0.64441667	1.58772115e+01	
0.64600000	1.56769815e+01	
0.64758333	1.55025519e+01	
0.64916667	1.52608203e+01	
0.65075000	1.51093980e+01	
0.65233333	1.51236174e+01	
0.65391667	1.49584613e+01	
0.65550000	1.44999041e+01	
0.65708333	1.43264386e+01	
0.65866667	1.40989771e+01	
0.66025000	1.37445446e+01	
0.66183333	1.36003418e+01	
0.66341667	1.35382562e+01	
0.66500000	1.31661964e+01	
0.66658333	1.28902158e+01	
0.66816667	1.30005875e+01	
0.66975000	1.27376697e+01	
0.67133333	1.22391809e+01	
0.67291667	1.22653187e+01	
0.67450000	1.22263596e+01	
0.67608333	1.19220200e+01	
0.67766667	1.18661158e+01	
0.67925000	1.19714167e+01	
0.68083333	1.21887234e+01	
0.68241667	1.20850742e+01	
0.68400000	1.12405084e+01	
0.68558333	1.08901714e+01	
0.68716667	1.08287613e+01	
0.68875000	1.07431330e+01	
0.69033333	1.01261725e+01	
0.69191667	1.00777670e+01	
0.69350000	1.01525114e+01	
0.69508333	9.81276702e+00	
0.69666667	9.64878734e+00	
0.69825000	9.45333782e+00	
0.69983333	9.38136893e+00	
0.70141667	9.36546395e+00	
0.70300000	8.60274098e+00	
0.70458333	7.47673612e+00	
0.70616667	7.71169815e+00	
0.70775000	7.65379080e+00	
0.70933333	7.47999501e+00	
0.71091667	7.34824668e+00	
0.71250000	7.29622618e+00	
0.71408333	7.06857022e+00	
0.71566667	6.46912883e+00	
0.71725000	6.28644285e+00	
0.71883333	5.68457597e+00	
0.72041667	5.26187545e+00	
0.72200000	5.17346602e+00	
0.72358333	5.22985456e+00	
0.72516667	4.55672111e+00	
0.72675000	4.48943924e+00	
0.72833333	4.36912637e+00	
0.72991667	4.14995516e+00	
0.73150000	3.60310810e+00	
0.73308333	2.65270489e+00	
0.73466667	2.18631782e+00	
0.73625000	1.66258046e+00	
0.73783333	1.02517542e+00	
0.73941667	2.81645243e-02	
0.74100000	7.53999213e-03	
0.74258333	-1.99417232e-04	
0.74416667	-1.84621328e-03	
0.74575000	-6.86420417e-05	
0.74733333	2.83736239e-05	
0.74891667	1.49679086e-04	
0.75050000	3.07020248e-04	
0.75208333	2.05838342e-04	
0.75366667	8.97963467e-05	
0.75525000	4.72900738e-05	
0.75683333	2.91068034e-05	
0.75841667	2.03759167e-05	
0.76000000	1.55565178e-05	
0.76158333	1.29270574e-05	
0.76316667	1.13855214e-05	
0.76475000	1.01906061e-05	
0.76633333	9.32320157e-06	
0.76791667	7.97581247e-06	
0.76950000	6.85209069e-06	
0.77108333	6.05314988e-06	
0.77266667	5.24847441e-06	
0.77425000	4.49542520e-06	
0.77583333	3.46768545e-06	
0.77741667	2.90489604e-06	
0.77900000	2.48319555e-06	
0.78058333	1.90683987e-06	
0.78216667	1.76332827e-06	
0.78375000	1.44036122e-06	
0.78533333	1.25062997e-06	
0.78691667	1.26883561e-06	
0.78850000	9.35528026e-07	
0.79008333	8.19939903e-07	
0.79166667	7.25606919e-07	
0.79325000	6.87581996e-07	
0.79483333	5.65208049e-07	
0.79641667	3.08011553e-07	
0.79800000	3.52865169e-07	
0.79958333	1.54558717e-07	
0.80116667	1.56934918e-07	
0.80275000	1.93199415e-07	
0.80433333	4.21811067e-07	
0.80591667	5.93728449e-07	
0.80750000	4.55146115e-07	
0.80908333	3.57877282e-07	
0.81066667	4.44516222e-07	
0.81225000	5.75965460e-07	
0.81383333	2.42823620e-07	
0.81541667	1.92834531e-07	
0.81700000	1.41085675e-07	
0.81858333	1.20300454e-07	
0.82016667	7.28977850e-08	
0.82175000	8.17132945e-08	
0.82333333	1.40506973e-07	
0.82491667	2.70373580e-07	
0.82650000	4.22046586e-07	
0.82808333	5.66719221e-07	
0.82966667	6.37024776e-07	
0.83125000	4.75670840e-07	
0.83283333	4.92352868e-07	
0.83441667	3.26636028e-07	
0.83600000	6.48982933e-10	
0.83758333	7.83854082e-08	
0.83916667	-1.00595109e-08	
0.84075000	-4.55886111e-08	
0.84233333	-4.11115847e-08	
0.84391667	1.24760158e-07	
0.84550000	3.25425366e-07	
0.84708333	3.17560401e-07	
0.84866667	3.61117728e-07	
0.85025000	4.34319452e-07	
0.85183333	3.56485788e-07	
0.85341667	3.79009410e-07	
0.85500000	1.20861753e-07	
0.85658333	1.79370841e-07	
0.85816667	1.51041647e-07	
0.85975000	8.28445733e-08	
0.86133333	1.13689238e-07	
0.86291667	5.55365965e-08	
0.86450000	3.32668255e-07	
0.86608333	4.50911765e-07	
0.86766667	3.41586599e-07	
0.86925000	4.71264282e-07	
0.87083333	4.20663295e-07	
0.87241667	4.91443723e-07	
0.87400000	1.65396071e-07	
0.87558333	3.92450980e-08	
0.87716667	-1.72505923e-08	
0.87875000	-5.04698759e-09	
0.88033333	7.99409270e-08	
0.88191667	-6.93813802e-08	
0.88350000	-2.16064940e-08	
0.88508333	3.44612051e-07	
0.88666667	4.16428945e-07	
0.88825000	4.77314177e-07	
0.88983333	4.24164013e-07	
0.89141667	3.62889759e-07	
0.89300000	2.57246899e-07	
0.89458333	7.60437191e-08	
0.89616667	-9.42297953e-10	
0.89775000	6.47234331e-10	
0.89933333	1.14250706e-07	
0.90091667	-4.44041404e-08	
0.90250000	-5.87848157e-08	
0.90408333	-1.10190431e-08	
0.90566667	1.51879333e-07	
0.90725000	4.26972791e-07	
0.90883333	4.08391465e-07	
0.91041667	3.50574331e-07	
0.91200000	5.05394005e-07	
0.91358333	4.35830904e-07	
0.91516667	9.34921841e-08	
0.91675000	2.01532935e-08	
0.91833333	-3.80293245e-09	
0.91991667	1.73018811e-07	
0.92150000	-3.05420799e-08	
0.92308333	1.95837112e-08	
0.92466667	2.94572770e-07	
0.92625000	4.82110625e-07	
0.92783333	5.33791816e-07	
0.92941667	3.95040046e-07	
0.93100000	5.03931052e-07	
0.93258333	5.54014211e-07	
0.93416667	3.31485258e-07	
0.93575000	6.84817838e-08	
0.93733333	-9.16086375e-08	
0.93891667	2.02658026e-08	
0.94050000	-1.56001947e-08	
0.94208333	-5.04968358e-08	
0.94366667	1.41361305e-07	
0.94525000	1.50401917e-07	
0.94683333	4.43436325e-07	
0.94841667	4.10595192e-07	
0.95000000	3.05600505e-07	
0.95158333	4.81031904e-07	
0.95316667	4.16645871e-07	
0.95475000	6.67391914e-07	
0.95633333	8.64234349e-08	
0.95791667	1.50980479e-07	
0.95950000	2.41250061e-07	
0.96108333	2.42589361e-07	
0.96266667	1.81253981e-07	
0.96425000	5.71888085e-07	
0.96583333	6.21856831e-07	
0.96741667	8.28968180e-07	
0.96900000	7.58018149e-07	
0.97058333	7.85279948e-07	
0.97216667	7.69777220e-07	
0.97375000	3.41128695e-07	
0.97533333	1.45320459e-07	
0.97691667	9.41575009e-08	
0.97850000	3.98193939e-07	
0.98008333	2.21977426e-07	
0.98166667	2.10526256e-07	
0.98325000	2.74686753e-07	
0.98483333	5.35001750e-07	
0.98641667	5.13049381e-07	
0.98800000	4.60202610e-07	
0.98958333	3.97717834e-07	
0.99116667	5.06180113e-07	
0.99275000	4.39201499e-07	
0.99433333	3.69891249e-07	
0.99591667	1.65247777e-07	
0.99750000	1.86328131e-07	
0.99908333	3.03958259e-07	
1.00066667	3.21276700e-07	
1.00225000	1.90554136e-07	
1.00383333	2.21960122e-07	
1.00541667	2.63893473e-07	
1.00700000	6.40351381e-07	
1.00858333	5.68316973e-07	
1.01016667	6.69389076e-07	
1.01175000	5.57169729e-07	
1.01333333	4.79734550e-07	
1.01491667	1.56323552e-07	
1.01650000	1.02791317e-07	
1.01808333	2.50972349e-07	
1.01966667	3.23913438e-07	
1.02125000	2.72327368e-07	
1.02283333	3.00234036e-07	
1.02441667	5.86811523e-07	
1.02600000	6.75308542e-07	
1.02758333	5.15686483e-07	
1.02916667	5.20913926e-07	
1.03075000	5.88800396e-07	
1.03233333	5.90098030e-07	
1.03391667	4.76318677e-07	
1.03550000	1.23956914e-07	
1.03708333	1.85939109e-07	
1.03866667	2.41292903e-07	
1.04025000	2.61671041e-07	
1.04183333	3.00146364e-07	
1.04341667	1.76345725e-07	
1.04500000	4.50350368e-07	
1.04658333	5.38198261e-07	
1.04816667	4.95722091e-07	
1.04975000	4.90838952e-07	
1.05133333	5.87113264e-07	
1.05291667	7.06333598e-07	
1.05450000	3.75853277e-07	
1.05608333	2.09272780e-07	
1.05766667	2.13680570e-07	
1.05925000	1.52501759e-07	
1.06083333	3.10172186e-07	
1.06241667	1.50851351e-07	
1.06400000	2.50065053e-07	
1.06558333	4.75325248e-07	
1.06716667	5.24674047e-07	
1.06875000	5.32452012e-07	
1.07033333	4.85956821e-07	
1.07191667	5.27786330e-07	
1.07350000	5.95975718e-07	
1.07508333	2.81523036e-07	
1.07666667	3.90113085e-07	
1.07825000	2.88350330e-07	
1.07983333	2.95997894e-07	
1.08141667	1.95230542e-07	
1.08300000	2.53089776e-07	
1.08458333	2.12946923e-07	
1.08616667	5.21908418e-07	
1.08775000	6.75525551e-07	
1.08933333	6.81704421e-07	
1.09091667	6.67186777e-07	
1.09250000	6.07294386e-07	
1.09408333	2.91927715e-07	
1.09566667	1.37153626e-07	
1.09725000	2.20360298e-07	
1.09883333	1.84849832e-07	
1.10041667	1.90761024e-07	
1.10200000	8.61201043e-08	
1.10358333	1.55812165e-07	
1.10516667	3.02956682e-07	
1.10675000	5.78887335e-07	
1.10833333	6.44585339e-07	
1.10991667	6.58413311e-07	
1.11150000	7.53006204e-07	
1.11308333	5.63609738e-07	
1.11466667	4.24337284e-07	
1.11625000	2.08538503e-07	
1.11783333	3.93658044e-08	
1.11941667	1.78419638e-07	
1.12100000	2.49243216e-07	
1.12258333	1.23757237e-07	
1.12416667	2.44793060e-07	
1.12575000	4.41622852e-07	
1.12733333	6.41129368e-07	
1.12891667	5.00606519e-07	
1.13050000	4.81937969e-07	
1.13208333	6.50204519e-07	
1.13366667	5.75681135e-07	
1.13525000	5.04710775e-07	
1.13683333	3.01442710e-07	
1.13841667	3.00967277e-07	
1.14000000	3.68809617e-07	
1.14158333	3.03560501e-07	
1.14316667	2.79404657e-07	
1.14475000	3.27136131e-07	
1.14633333	3.82292026e-07	
1.14791667	4.25331049e-07	
1.14950000	3.37006350e-07	
1.15108333	5.97225302e-07	
1.15266667	4.68627796e-07	
1.15425000	2.94243111e-07	
1.15583333	1.82136161e-07	
1.15741667	1.24449848e-07	
1.15900000	2.71195137e-07	
1.16058333	1.64548781e-07	
1.16216667	2.36538990e-07	
1.16375000	2.68516229e-07	
1.16533333	4.99309108e-07	
1.16691667	6.31276846e-07	
1.16850000	4.82628928e-07	
1.17008333	5.01512807e-07	
1.17166667	4.88261325e-07	
1.17325000	4.80380651e-07	
1.17483333	3.52805471e-07	
1.17641667	3.00709133e-07	
1.17800000	3.04424592e-07	
1.17958333	3.44689138e-07	
1.18116667	2.96267434e-07	
1.18275000	3.52389008e-07	
1.18433333	4.28009173e-07	
1.18591667	5.08902171e-07	
1.18750000	5.11795933e-07	
1.18908333	4.31941698e-07	
1.19066667	5.01427235e-07	
1.19225000	5.06137439e-07	
1.19383333	4.77900860e-07	
1.19541667	2.41413868e-07	
1.19700000	2.42071142e-07	
1.19858333	2.50064185e-07	
1.20016667	7.75730568e-08	
1.20175000	2.05340788e-07	
1.20333333	1.96386714e-07	
1.20491667	5.79611504e-07	
1.20650000	6.02109785e-07	
1.20808333	3.99922877e-07	
1.20966667	6.45364614e-07	
1.21125000	6.30091609e-07	
1.21283333	3.50401535e-07	
1.21441667	3.83717626e-07	
1.21600000	1.94192536e-07	
1.21758333	2.99325087e-07	
1.21916667	2.18822427e-07	
1.22075000	4.26060993e-08	
1.22233333	1.11096945e-07	
1.22391667	2.48258104e-07	
1.22550000	4.10982617e-07	
1.22708333	4.63055322e-07	
1.22866667	5.13049493e-07	
1.23025000	4.87987752e-07	
1.23183333	4.95894523e-07	
1.23341667	5.58509253e-07	
1.23500000	3.97098222e-07	
1.23658333	2.91720982e-07	
1.23816667	2.88394348e-07	
1.23975000	1.40740097e-07	
1.24133333	2.95090849e-07	
1.24291667	1.86933224e-07	
1.24450000	4.32330439e-07	
1.24608333	6.17579527e-07	
1.24766667	5.99473243e-07	
1.24925000	5.45587737e-07	
1.25083333	4.36289621e-07	
1.25241667	4.66381675e-07	
1.25400000	2.86293134e-07	
1.25558333	7.97680123e-08	
1.25716667	1.86353668e-07	
1.25875000	3.08876148e-07	
1.26033333	2.58275161e-07	
1.26191667	1.17233595e-07	
1.26350000	1.08296812e-07	
1.26508333	1.15348586e-07	
1.26666667	3.03344807e-07	
1.26825000	4.97450609e-07	
1.26983333	5.48268521e-07	
1.27141667	6.69259318e-07	
1.27300000	6.61785671e-07	
1.27458333	3.57661841e-07	
1.27616667	1.76261161e-07	
1.27775000	1.40782967e-07	
1.27933333	9.19536410e-08	
1.28091667	2.15236586e-07	
1.28250000	2.92956780e-09	
1.28408333	2.69596993e-07	
1.28566667	5.28995704e-07	
1.28725000	4.53504765e-07	
1.28883333	5.28864603e-07	
1.29041667	3.76710451e-07	
1.29200000	5.99602273e-07	
1.29358333	5.67411300e-07	
1.29516667	3.25538939e-07	
1.29675000	2.54299039e-07	
1.29833333	3.16567561e-07	
1.29991667	3.36617440e-07	
1.30150000	1.43764723e-07	
1.30308333	1.78809219e-07	
1.30466667	4.69277985e-07	
1.30625000	4.24682792e-07	
1.30783333	6.18399460e-07	
1.30941667	4.99914048e-07	
1.31100000	5.65291605e-07	
1.31258333	6.71724605e-07	
1.31416667	4.21632559e-07	
1.31575000	2.81351444e-07	
1.31733333	1.86411784e-08	
1.31891667	9.81331613e-08	
1.32050000	9.81328463e-08	
1.32208333	1.45147985e-07	
1.32366667	9.51512725e-08	
1.32525000	3.44032173e-07	
1.32683333	5.40618802e-07	
1.32841667	6.15979479e-07	
1.33000000	5.00924669e-07	
1.33158333	5.82015075e-07	
1.33316667	4.44732615e-07	
1.33475000	2.99585863e-07	
1.33633333	2.59796049e-07	
1.33791667	1.74745586e-08	
1.33950000	2.56027584e-07	
1.34108333	1.15979552e-07	
1.34266667	1.92853613e-07	
1.34425000	4.66113423e-07	
1.34583333	6.62389378e-07	
1.34741667	6.64419301e-07	
1.34900000	5.39150640e-07	
1.35058333	5.39322736e-07	
1.35216667	6.14164606e-07	
1.35375000	4.47041095e-07	
1.35533333	2.17439879e-07	
1.35691667	1.98251363e-08	
1.35850000	1.39313741e-07	
1.36008333	1.56754240e-07	
1.36166667	1.95014078e-07	
1.36325000	1.91582258e-07	
1.36483333	5.66156900e-07	
1.36641667	5.90701513e-07	
1.36800000	6.18053645e-07	
1.36958333	4.90579773e-07	
1.37116667	6.15764878e-07	
1.37275000	6.54651511e-07	
1.37433333	6.57119597e-07	
1.37591667	3.24562115e-07	
1.37750000	9.45289376e-08	
1.37908333	1.70771669e-07	
1.38066667	8.28366209e-08	
1.38225000	2.15685012e-07	
1.38383333	2.13567641e-07	
1.38541667	4.62985094e-07	
1.38700000	6.93025273e-07	
1.38858333	6.35425008e-07	
1.39016667	6.87668352e-07	
1.39175000	6.64505377e-07	
1.39333333	4.17249942e-07	
1.39491667	2.65275503e-07	
1.39650000	8.66732061e-08	
1.39808333	1.87926736e-07	
1.39966667	1.54913087e-07	
1.40125000	6.49035943e-08	
1.40283333	1.15115545e-07	
1.40441667	1.15244141e-07	
1.40600000	4.74850963e-07	
1.40758333	5.38372765e-07	
1.40916667	5.21043852e-07	
1.41075000	5.66285034e-07	
1.41233333	5.65777091e-07	
1.41391667	5.20697252e-07	
1.41550000	2.29134029e-07	
1.41708333	1.18357111e-07	
1.41866667	2.15901812e-07	
1.42025000	1.86413885e-07	
1.42183333	2.26807461e-07	
1.42341667	1.50159818e-07	
1.42500000	3.21355523e-07	
1.42658333	3.53167219e-07	
1.42816667	2.40549834e-07	
1.42975000	3.31042530e-07	
1.43133333	5.04149294e-07	
1.43291667	5.06050187e-07	
1.43450000	3.68205574e-07	
1.43608333	7.90339313e-08	
1.43766667	1.22227262e-07	
1.43925000	1.88833361e-07	
1.44083333	2.06231130e-07	
1.44241667	2.72578007e-07	
1.44400000	1.67790291e-07	
1.44558333	5.81064657e-07	
1.44716667	4.77617151e-07	
1.44875000	6.58328356e-07	
1.45033333	7.28806286e-07	
1.45191667	5.72198227e-07	
1.45350000	5.33738949e-07	
1.45508333	3.75532914e-07	
1.45666667	1.28467748e-07	
1.45825000	1.97477671e-07	
1.45983333	2.12816437e-07	
1.46141667	2.84659849e-07	
@ 
0.00000000	1.76993590e-07	
0.00158333	3.58092472e-07	
0.00316667	6.40050816e-07	
0.00475000	5.02376030e-07	
0.00633333	4.11546226e-07	
0.00791667	2.98254851e-07	
0.00950000	4.14916654e-07	
0.01108333	5.11752363e-07	
0.01266667	2.46028671e-07	
0.01425000	1.23022848e-07	
0.01583333	7.13422872e-08	
0.01741667	2.33428358e-07	
0.01900000	2.76424175e-07	
0.02058333	1.90562033e-07	
0.02216667	5.60607275e-07	
0.02375000	5.57860240e-07	
0.02533333	5.52372329e-07	
0.02691667	5.12876557e-07	
0.02850000	6.36117535e-07	
0.03008333	6.76476250e-07	
0.03166667	4.29392939e-07	
0.03325000	1.92014206e-07	
0.03483333	1.40307282e-07	
0.03641667	1.98254244e-07	
0.03800000	1.83752057e-07	
0.03958333	1.35339593e-07	
0.04116667	2.89214869e-07	
0.04275000	4.04934626e-07	
0.04433333	5.10629008e-07	
0.04591667	6.08719314e-07	
0.04750000	3.95297489e-07	
0.04908333	6.73492940e-07	
0.05066667	5.12963977e-07	
0.05225000	2.83727239e-07	
0.05383333	1.77097825e-07	
0.05541667	2.60089642e-07	
0.05700000	2.77417940e-07	
0.05858333	1.88643401e-07	
0.06016667	2.57695311e-07	
0.06175000	4.33583579e-07	
0.06333333	4.52164625e-07	
0.06491667	4.68326026e-07	
0.06650000	4.24595680e-07	
0.06808333	4.17423438e-07	
0.06966667	4.69493007e-07	
0.07125000	3.48543707e-07	
0.07283333	3.85653689e-07	
0.07441667	7.73910486e-08	
0.07600000	1.82204764e-07	
0.07758333	2.66527299e-07	
0.07916667	3.81638609e-08	
0.08075000	3.36962892e-07	
0.08233333	3.75767089e-07	
0.08391667	7.35070391e-07	
0.08550000	7.72146967e-07	
0.08708333	5.46280320e-07	
0.08866667	7.91677731e-07	
0.09025000	5.51492082e-07	
0.09183333	4.08607719e-07	
0.09341667	3.09739538e-07	
0.09500000	2.80528544e-07	
0.09658333	3.96292738e-07	
0.09816667	2.97036432e-07	
0.09975000	2.48249535e-07	
0.10133333	6.69779764e-08	
0.10291667	4.08175127e-07	
0.10450000	5.03155585e-07	
0.10608333	5.22037616e-07	
0.10766667	5.50426914e-07	
0.10925000	6.12608016e-07	
0.11083333	4.55708548e-07	
0.11241667	3.04079812e-07	
0.11400000	1.14169339e-08	
0.11558333	5.07130160e-08	
0.11716667	-2.03704520e-08	
0.11875000	-3.68415576e-08	
0.12033333	3.08400182e-07	
0.12191667	2.95436300e-07	
0.12350000	6.38447800e-07	
0.12508333	4.86432115e-07	
0.12666667	4.41448124e-07	
0.12825000	5.77521210e-07	
0.12983333	5.47833550e-07	
0.13141667	5.29462485e-07	
0.13300000	2.08555570e-07	
0.13458333	1.75395460e-07	
0.13616667	3.25814332e-07	
0.13775000	2.22020562e-07	
0.13933333	2.33126099e-07	
0.14091667	3.73285450e-07	
0.14250000	4.66788785e-07	
0.14408333	6.41949469e-07	
0.14566667	5.44465111e-07	
0.14725000	6.73925784e-07	
0.14883333	5.44559027e-07	
0.15041667	5.10239343e-07	
0.15200000	2.72232135e-07	
0.15358333	1.46132957e-07	
0.15516667	1.82698188e-07	
0.15675000	2.01106088e-07	
0.15833333	1.80364353e-07	
0.15991667	2.14674993e-07	
0.16150000	6.26643828e-08	
0.16308333	4.86664525e-07	
0.16466667	5.01728305e-07	
0.16625000	5.59071014e-07	
0.16783333	6.14381728e-07	
0.16941667	5.41007627e-07	
0.17100000	7.46478999e-07	
0.17258333	4.98833479e-07	
0.17416667	1.80926016e-07	
0.17575000	1.47826557e-07	
0.17733333	7.83776309e-08	
0.17891667	8.14969988e-08	
0.18050000	1.63806230e-07	
0.18208333	5.43168204e-07	
0.18366667	5.78471460e-07	
0.18525000	5.83788563e-07	
0.18683333	6.67089389e-07	
0.18841667	6.20301025e-07	
0.19000000	7.31243851e-07	
0.19158333	4.79430344e-07	
0.19316667	2.21657708e-07	
0.19475000	3.44914437e-07	
0.19633333	2.85022773e-07	
0.19791667	2.53392162e-07	
0.19950000	9.27668605e-08	
0.20108333	1.02004937e-07	
0.20266667	3.44128301e-07	
0.20425000	4.54325202e-07	
0.20583333	5.27094811e-07	
0.20741667	4.58086219e-07	
0.20900000	4.52252185e-07	
0.21058333	4.77357579e-07	
0.21216667	1.15358281e-07	
0.21375000	9.91610454e-08	
0.21533333	2.03223123e-07	
0.21691667	2.75862778e-07	
0.21850000	3.06715151e-07	
0.22008333	2.06800073e-07	
0.22166667	4.51112254e-07	
0.22325000	6.17924839e-07	
0.22483333	6.07467042e-07	
0.22641667	5.07390215e-07	
0.22800000	4.58171398e-07	
0.22958333	6.95274894e-07	
0.23116667	4.75585940e-07	
0.23275000	4.30151969e-07	
0.23433333	3.06412289e-07	
0.23591667	1.75611084e-07	
0.23750000	2.88998504e-07	
0.23908333	1.12401181e-07	
0.24066667	2.16998439e-07	
0.24225000	5.12920855e-07	
0.24383333	5.99430905e-07	
0.24541667	6.21424436e-07	
0.24700000	5.75924074e-07	
0.24858333	5.21131496e-07	
0.25016667	3.97286839e-07	
0.25175000	1.75093845e-07	
0.25333333	1.46867276e-07	
0.25491667	9.83058241e-08	
0.25650000	2.78584500e-07	
0.25808333	3.75161702e-07	
0.25966667	1.95920913e-07	
0.26125000	3.72612663e-07	
0.26283333	5.11381402e-07	
0.26441667	5.99429505e-07	
0.26600000	6.21036114e-07	
0.26758333	4.86777202e-07	
0.26916667	6.72802933e-07	
0.27075000	6.18010747e-07	
0.27233333	5.60971795e-07	
0.27391667	1.90086725e-07	
0.27550000	1.65844834e-07	
0.27708333	2.77503876e-07	
0.27866667	1.75177778e-07	
0.28025000	1.36365657e-07	
0.28183333	3.12332791e-07	
0.28341667	3.75092987e-07	
0.28500000	4.01002129e-07	
0.28658333	3.67642300e-07	
0.28816667	6.19047801e-07	
0.28975000	6.69864313e-07	
0.29133333	5.86768849e-07	
0.29291667	3.83027787e-07	
0.29450000	2.73553767e-07	
0.29608333	3.02739476e-07	
0.29766667	1.69552900e-07	
0.29925000	1.07786489e-07	
0.30083333	2.58017437e-07	
0.30241667	3.53745865e-07	
0.30400000	5.99775936e-07	
0.30558333	5.51248751e-07	
0.30716667	4.81289908e-07	
0.30875000	7.16620979e-07	
0.31033333	4.48129476e-07	
0.31191667	4.38985330e-07	
0.31350000	1.57159208e-07	
0.31508333	1.57505667e-07	
0.31666667	3.03171536e-07	
0.31825000	1.86673540e-07	
0.31983333	3.60963245e-07	
0.32141667	4.69622120e-07	
0.32300000	5.82535843e-07	
0.32458333	6.79586126e-07	
0.32616667	5.36125160e-07	
0.32775000	6.09066473e-07	
0.32933333	6.16325967e-07	
0.33091667	3.35710172e-07	
0.33250000	2.99066635e-07	
0.33408333	4.06618075e-08	
0.33566667	1.93804046e-07	
0.33725000	1.68438604e-07	
0.33883333	1.11251631e-07	
0.34041667	1.57273299e-07	
0.34200000	2.66916657e-07	
0.34358333	5.54490120e-07	
0.34516667	5.83354936e-07	
0.34675000	6.69950893e-07	
0.34833333	6.90953348e-07	
0.34991667	7.04758471e-07	
0.35150000	4.44993755e-07	
0.35308333	2.69078158e-07	
0.35466667	2.27508304e-07	
0.35625000	3.25079439e-07	
0.35783333	4.05022578e-07	
0.35941667	3.62717075e-07	
0.36100000	1.65508594e-07	
0.36258333	4.54325258e-07	
0.36416667	4.93431869e-07	
0.36575000	5.67669248e-07	
0.36733333	7.04562518e-07	
0.36891667	7.72621924e-07	
0.37050000	7.85618931e-07	
0.37208333	6.21901353e-07	
0.37366667	4.50176816e-07	
0.37525000	5.98176729e-07	
0.37683333	5.60886391e-07	
0.37841667	6.25227734e-07	
0.38000000	6.17275714e-07	
0.38158333	8.12764469e-07	
0.38316667	1.11775595e-06	
0.38475000	9.26931696e-07	
0.38633333	9.24552877e-07	
0.38791667	8.53731092e-07	
0.38950000	1.11619650e-06	
0.39108333	9.29479362e-07	
0.39266667	6.12384006e-07	
0.39425000	6.52579754e-07	
0.39583333	6.39097205e-07	
0.39741667	5.45890543e-07	
0.39900000	6.42122965e-07	
0.40058333	5.50123324e-07	
0.40216667	7.48180579e-07	
0.40375000	8.96812873e-07	
0.40533333	9.34836955e-07	
0.40691667	9.90797354e-07	
0.40850000	9.55450248e-07	
0.41008333	1.06464036e-06	
0.41166667	9.95718295e-07	
0.41325000	5.33015061e-07	
0.41483333	5.69008940e-07	
0.41641667	5.34051331e-07	
0.41800000	5.35139852e-07	
0.41958333	3.95904977e-07	
0.42116667	6.49643150e-07	
0.42275000	8.99275471e-07	
0.42433333	9.45641072e-07	
0.42591667	1.00345762e-06	
0.42750000	9.08996275e-07	
0.42908333	9.12571756e-07	
0.43066667	9.17594509e-07	
0.43225000	6.82441134e-07	
0.43383333	4.01175401e-07	
0.43541667	4.59510559e-07	
0.43700000	6.02540220e-07	
0.43858333	6.88965426e-07	
0.44016667	5.57211955e-07	
0.44175000	7.44620612e-07	
0.44333333	1.03850231e-06	
0.44491667	9.79604916e-07	
0.44650000	1.10202708e-06	
0.44808333	1.13733118e-06	
0.44966667	1.34753381e-06	
0.45125000	9.57189238e-07	
0.45283333	7.34333566e-07	
0.45441667	6.62864839e-07	
0.45600000	5.24457709e-07	
0.45758333	6.89741621e-07	
0.45916667	4.77485657e-07	
0.46075000	6.00294240e-07	
0.46233333	7.35287177e-07	
0.46391667	8.29227696e-07	
0.46550000	1.01547430e-06	
0.46708333	9.75844795e-07	
0.46866667	1.02030956e-06	
0.47025000	9.18762722e-07	
0.47183333	5.80726346e-07	
0.47341667	6.04528310e-07	
0.47500000	5.66502099e-07	
0.47658333	6.62259004e-07	
0.47816667	6.93562673e-07	
0.47975000	5.59200100e-07	
0.48133333	7.76339259e-07	
0.48291667	7.42406832e-07	
0.48450000	9.16939168e-07	
0.48608333	7.99586966e-07	
0.48766667	7.98245650e-07	
0.48925000	1.00565986e-06	
0.49083333	8.24387343e-07	
0.49241667	7.96736606e-07	
0.49400000	5.60236258e-07	
0.49558333	6.22721230e-07	
0.49716667	6.97177411e-07	
0.49875000	6.69172458e-07	
0.50033333	7.39760770e-07	
0.50191667	1.11510557e-06	
0.50350000	1.04338371e-06	
0.50508333	1.03206348e-06	
0.50666667	9.72822451e-07	
0.50825000	1.11399907e-06	
0.50983333	1.03600213e-06	
0.51141667	9.65606303e-07	
0.51300000	8.84625998e-07	
0.51458333	5.59890387e-07	
0.51616667	6.28856977e-07	
0.51775000	5.95540634e-07	
0.51933333	6.18140672e-07	
0.52091667	8.20030739e-07	
0.52250000	7.58493274e-07	
0.52408333	9.97192841e-07	
0.52566667	9.64998004e-07	
0.52725000	9.76280046e-07	
0.52883333	1.17228548e-06	
0.53041667	9.94988470e-07	
0.53200000	9.56269229e-07	
0.53358333	6.46746700e-07	
0.53516667	5.94461466e-07	
0.53675000	5.71168957e-07	
0.53833333	4.83017529e-07	
0.53991667	4.22392373e-07	
0.54150000	4.56226879e-07	
0.54308333	7.93035680e-07	
0.54466667	8.04250911e-07	
0.54625000	8.03430699e-07	
0.54783333	9.11420008e-07	
0.54941667	8.05808565e-07	
0.55100000	7.74780709e-07	
0.55258333	7.97468727e-07	
0.55416667	6.43850138e-07	
0.55575000	7.33861017e-07	
0.55733333	6.12781064e-07	
0.55891667	7.67089324e-07	
0.56050000	7.24699902e-07	
0.56208333	8.63151554e-07	
0.56366667	1.07893635e-06	
0.56525000	1.00354207e-06	
0.56683333	9.39291115e-07	
0.56841667	9.73897476e-07	
0.57000000	1.13611917e-06	
0.57158333	7.97543602e-07	
0.57316667	7.20983015e-07	
0.57475000	5.57083597e-07	
0.57633333	5.90656991e-07	
0.57791667	5.99809146e-07	
0.57950000	5.38587199e-07	
0.58108333	5.97659545e-07	
0.58266667	9.59338950e-07	
0.58425000	1.13430099e-06	
0.58583333	9.65128378e-07	
0.58741667	9.05929466e-07	
0.58900000	9.13749265e-07	
0.59058333	1.07505739e-06	
0.59216667	7.71568405e-07	
0.59375000	7.24182327e-07	
0.59533333	7.39653581e-07	
0.59691667	6.68611537e-07	
0.59850000	8.97892657e-07	
0.60008333	8.14881028e-07	
0.60166667	9.88420495e-07	
0.60325000	1.34914982e-06	
0.60483333	1.44196312e-06	
0.60641667	1.62636898e-06	
0.60800000	1.80017210e-06	
0.60958333	2.08756871e-06	
0.61116667	2.19859907e-06	
0.61275000	2.43306053e-06	
0.61433333	2.89848689e-06	
0.61591667	3.49256827e-06	
0.61750000	4.31635605e-06	
0.61908333	5.20884748e-06	
0.62066667	6.65409941e-06	
0.62225000	9.04180373e-06	
0.62383333	1.25361446e-05	
0.62541667	1.65852168e-05	
0.62700000	2.14779422e-05	
0.62858333	2.75989792e-05	
0.63016667	3.56692531e-05	
0.63175000	4.63608228e-05	
0.63333333	6.20407414e-05	
0.63491667	8.63569286e-05	
0.63650000	1.24565703e-04	
0.63808333	1.92326285e-04	
0.63966667	2.79196953e-04	
0.64125000	3.34893550e-04	
0.64283333	3.30087420e-04	
0.64441667	3.13693268e-04	
0.64600000	3.10423022e-04	
0.64758333	3.31499665e-04	
0.64916667	3.59081618e-04	
0.65075000	5.10093525e-04	
0.65233333	1.28666201e-03	
0.65391667	1.16037247e-03	
0.65550000	2.50767641e-03	
0.65708333	8.46964936e-03	
0.65866667	1.70862638e-02	
0.66025000	1.90808418e-02	
0.66183333	2.47545448e-02	
0.66341667	3.52658083e-02	
0.66500000	4.14133132e-02	
0.66658333	3.80404869e-02	
0.66816667	4.69734094e-02	
0.66975000	6.65736423e-02	
0.67133333	6.10131130e-02	
0.67291667	8.71468768e-02	
0.67450000	1.07737457e-01	
0.67608333	1.08017851e-01	
0.67766667	9.42731272e-02	
0.67925000	1.06133661e-01	
0.68083333	1.21053731e-01	
0.68241667	1.33148268e-01	
0.68400000	1.72382720e-01	
0.68558333	1.72972459e-01	
0.68716667	1.83845135e-01	
0.68875000	1.67847918e-01	
0.69033333	1.84852908e-01	
0.69191667	1.87853031e-01	
0.69350000	2.26105577e-01	
0.69508333	3.98555461e-01	
0.69666667	7.26296577e-01	
0.69825000	9.36416418e-01	
0.69983333	1.02196152e+00	
0.70141667	1.11806998e+00	
0.70300000	1.33871667e+00	
0.70458333	1.04682704e+01	
0.70616667	1.96204848e+01	
0.70775000	2.21946708e+01	
0.70933333	2.44129003e+01	
0.71091667	2.60242659e+01	
0.71250000	2.71741202e+01	
0.71408333	2.89533768e+01	
0.71566667	2.94204841e+01	
0.71725000	2.96175881e+01	
0.71883333	2.97203786e+01	
0.72041667	3.04931643e+01	
0.72200000	3.11880111e+01	
0.72358333	3.21272692e+01	
0.72516667	3.25790578e+01	
