start voltage : 0.00 V 
set voltage : 0.10 V 
High G : 30.00 G0 
Intermediate G : 20.00 G0 
Low G : 10.00 G0 
Breaking speed 1 : 300.00 V/s 
Breaking speed 2 : 300.00 V/s 
Making speed : 500.00 V/s 
Post breaking : 230.00 V/s 
@ 
0.00000000	4.68681355e+01	
0.00158333	4.77492908e+01	
0.00316667	4.77726484e+01	
0.00475000	4.79099453e+01	
0.00633333	4.79411727e+01	
0.00791667	4.78350205e+01	
0.00950000	4.76122757e+01	
0.01108333	4.75373998e+01	
0.01266667	4.75099043e+01	
0.01425000	4.77840885e+01	
0.01583333	4.76943600e+01	
0.01741667	4.76948974e+01	
0.01900000	4.77389555e+01	
0.02058333	4.77376965e+01	
0.02216667	4.77493133e+01	
0.02375000	4.69885240e+01	
0.02533333	4.73198301e+01	
0.02691667	4.73957959e+01	
0.02850000	4.76508731e+01	
0.03008333	4.78163645e+01	
0.03166667	4.74926351e+01	
0.03325000	4.73954802e+01	
0.03483333	4.74045150e+01	
0.03641667	4.73646925e+01	
0.03800000	4.71906059e+01	
0.03958333	4.68129566e+01	
0.04116667	4.67747952e+01	
0.04275000	4.67502575e+01	
0.04433333	4.67710256e+01	
0.04591667	4.68274184e+01	
0.04750000	4.64989874e+01	
0.04908333	4.67676131e+01	
0.05066667	4.67607806e+01	
0.05225000	4.66504868e+01	
0.05383333	4.67924553e+01	
0.05541667	4.65381335e+01	
0.05700000	4.69054625e+01	
0.05858333	4.66378853e+01	
0.06016667	4.71558156e+01	
0.06175000	4.65554516e+01	
0.06333333	4.62630435e+01	
0.06491667	4.67963376e+01	
0.06650000	4.65122541e+01	
0.06808333	4.65559702e+01	
0.06966667	4.64285537e+01	
0.07125000	4.64101420e+01	
0.07283333	4.69538728e+01	
0.07441667	4.63698572e+01	
0.07600000	4.63946542e+01	
0.07758333	4.62531179e+01	
0.07916667	4.61948648e+01	
0.08075000	4.63049219e+01	
0.08233333	4.61967177e+01	
0.08391667	4.63790010e+01	
0.08550000	4.62703458e+01	
0.08708333	4.63440679e+01	
0.08866667	4.63008028e+01	
0.09025000	4.61524115e+01	
0.09183333	4.61886825e+01	
0.09341667	4.62218116e+01	
0.09500000	4.60317599e+01	
0.09658333	4.60087142e+01	
0.09816667	4.57864053e+01	
0.09975000	4.55094212e+01	
0.10133333	4.51096959e+01	
0.10291667	4.50919268e+01	
0.10450000	4.52388712e+01	
0.10608333	4.51325386e+01	
0.10766667	4.48904462e+01	
0.10925000	4.47023225e+01	
0.11083333	4.42911570e+01	
0.11241667	4.42767591e+01	
0.11400000	4.42852453e+01	
0.11558333	4.43542658e+01	
0.11716667	4.40707273e+01	
0.11875000	4.38599450e+01	
0.12033333	4.39687279e+01	
0.12191667	4.36553826e+01	
0.12350000	4.37956298e+01	
0.12508333	4.35295559e+01	
0.12666667	4.37527104e+01	
0.12825000	4.33881812e+01	
0.12983333	4.33063488e+01	
0.13141667	4.35477872e+01	
0.13300000	4.32612947e+01	
0.13458333	4.34007075e+01	
0.13616667	4.32579498e+01	
0.13775000	4.30937024e+01	
0.13933333	4.32480769e+01	
0.14091667	4.30737347e+01	
0.14250000	4.32558490e+01	
0.14408333	4.28620091e+01	
0.14566667	4.28803081e+01	
0.14725000	4.29291693e+01	
0.14883333	4.26706195e+01	
0.15041667	4.28580103e+01	
0.15200000	4.28238477e+01	
0.15358333	4.25114193e+01	
0.15516667	4.19933763e+01	
0.15675000	4.01942498e+01	
0.15833333	3.97037699e+01	
0.15991667	3.94961408e+01	
0.16150000	3.98442388e+01	
0.16308333	3.96892367e+01	
0.16466667	3.97200995e+01	
0.16625000	3.99000941e+01	
0.16783333	3.95762444e+01	
0.16941667	3.93405561e+01	
0.17100000	3.94163716e+01	
0.17258333	3.94889249e+01	
0.17416667	3.96246697e+01	
0.17575000	3.95739782e+01	
0.17733333	3.93803524e+01	
0.17891667	3.92438184e+01	
0.18050000	3.91996625e+01	
0.18208333	3.93407703e+01	
0.18366667	3.95377598e+01	
0.18525000	3.94460957e+01	
0.18683333	3.94356440e+01	
0.18841667	3.95333551e+01	
0.19000000	3.93869068e+01	
0.19158333	3.93726592e+01	
0.19316667	3.93421421e+01	
0.19475000	3.89842538e+01	
0.19633333	3.91304353e+01	
0.19791667	3.90055594e+01	
0.19950000	3.82173347e+01	
0.20108333	3.79340405e+01	
0.20266667	3.74513101e+01	
0.20425000	3.76069399e+01	
0.20583333	3.76937483e+01	
0.20741667	3.74879607e+01	
0.20900000	3.74783771e+01	
0.21058333	3.64407728e+01	
0.21216667	3.36031286e+01	
0.21375000	3.39010425e+01	
0.21533333	3.32656552e+01	
0.21691667	3.35315863e+01	
0.21850000	3.35508925e+01	
0.22008333	3.34193795e+01	
0.22166667	3.34055716e+01	
0.22325000	3.33494871e+01	
0.22483333	3.33963977e+01	
0.22641667	3.31487017e+01	
0.22800000	3.29979728e+01	
0.22958333	3.31470857e+01	
0.23116667	3.29087854e+01	
0.23275000	3.33185641e+01	
0.23433333	3.31596383e+01	
0.23591667	3.30578833e+01	
0.23750000	3.27078986e+01	
0.23908333	3.25097366e+01	
0.24066667	3.26428242e+01	
0.24225000	3.25829250e+01	
0.24383333	3.28470446e+01	
0.24541667	3.25109542e+01	
0.24700000	3.22964701e+01	
0.24858333	3.23704853e+01	
0.25016667	3.21949706e+01	
0.25175000	3.03869257e+01	
0.25333333	2.98416334e+01	
0.25491667	2.97003996e+01	
0.25650000	2.97012791e+01	
0.25808333	2.91570410e+01	
0.25966667	2.91999603e+01	
0.26125000	2.91863291e+01	
0.26283333	2.90778148e+01	
0.26441667	2.93758847e+01	
0.26600000	2.95721488e+01	
0.26758333	2.96225566e+01	
0.26916667	2.94710872e+01	
0.27075000	2.95865937e+01	
0.27233333	2.95630407e+01	
0.27391667	2.92538501e+01	
0.27550000	2.92015538e+01	
0.27708333	2.92097957e+01	
0.27866667	2.92073472e+01	
0.28025000	2.90864401e+01	
0.28183333	2.87689625e+01	
0.28341667	2.87194962e+01	
0.28500000	2.87717042e+01	
0.28658333	2.84185851e+01	
0.28816667	2.73426671e+01	
0.28975000	2.62046757e+01	
0.29133333	2.59771616e+01	
0.29291667	2.57717706e+01	
0.29450000	2.57103136e+01	
0.29608333	2.57079703e+01	
0.29766667	2.55530753e+01	
0.29925000	2.54962728e+01	
0.30083333	2.56208387e+01	
0.30241667	2.57071716e+01	
0.30400000	2.57664902e+01	
0.30558333	2.55155903e+01	
0.30716667	2.55060612e+01	
0.30875000	2.54421952e+01	
0.31033333	2.54122343e+01	
0.31191667	2.53036467e+01	
0.31350000	2.48704898e+01	
0.31508333	2.47606733e+01	
0.31666667	2.46122049e+01	
0.31825000	2.45392645e+01	
0.31983333	2.42508646e+01	
0.32141667	2.43329207e+01	
0.32300000	2.40206822e+01	
0.32458333	2.18549594e+01	
0.32616667	2.21347585e+01	
0.32775000	2.19245418e+01	
0.32933333	2.21245604e+01	
0.33091667	2.23183065e+01	
0.33250000	2.19906365e+01	
0.33408333	2.18860365e+01	
0.33566667	2.16185307e+01	
0.33725000	2.16141786e+01	
0.33883333	2.17130548e+01	
0.34041667	2.13542965e+01	
0.34200000	2.13320776e+01	
0.34358333	2.10010214e+01	
0.34516667	2.07606729e+01	
0.34675000	2.05437402e+01	
0.34833333	2.02058703e+01	
0.34991667	2.03751482e+01	
0.35150000	2.02284650e+01	
0.35308333	2.02951347e+01	
0.35466667	2.01603295e+01	
0.35625000	1.96620287e+01	
0.35783333	1.95475933e+01	
0.35941667	1.95950789e+01	
0.36100000	1.92757993e+01	
0.36258333	1.95234464e+01	
0.36416667	1.94129572e+01	
0.36575000	1.98054121e+01	
0.36733333	1.96905069e+01	
0.36891667	1.86212185e+01	
0.37050000	1.75153133e+01	
0.37208333	1.73661985e+01	
0.37366667	1.73523681e+01	
0.37525000	1.70963795e+01	
0.37683333	1.69117660e+01	
0.37841667	1.66918511e+01	
0.38000000	1.60903296e+01	
0.38158333	1.56420005e+01	
0.38316667	1.56354076e+01	
0.38475000	1.53954931e+01	
0.38633333	1.54267412e+01	
0.38791667	1.56270839e+01	
0.38950000	1.55235015e+01	
0.39108333	1.55871881e+01	
0.39266667	1.55716523e+01	
0.39425000	1.53522298e+01	
0.39583333	1.55174027e+01	
0.39741667	1.54547553e+01	
0.39900000	1.54050381e+01	
0.40058333	1.51758629e+01	
0.40216667	1.42493153e+01	
0.40375000	1.36722120e+01	
0.40533333	1.35138378e+01	
0.40691667	1.36021928e+01	
0.40850000	1.34427916e+01	
0.41008333	1.29123942e+01	
0.41166667	1.31894131e+01	
0.41325000	1.34632102e+01	
0.41483333	1.33301733e+01	
0.41641667	1.34825474e+01	
0.41800000	1.34078454e+01	
0.41958333	1.33074085e+01	
0.42116667	1.27598960e+01	
0.42275000	1.10996477e+01	
0.42433333	1.10349539e+01	
0.42591667	1.08439100e+01	
0.42750000	1.09392017e+01	
0.42908333	1.10273161e+01	
0.43066667	1.09929947e+01	
0.43225000	1.07662614e+01	
0.43383333	1.04773664e+01	
0.43541667	1.05230049e+01	
0.43700000	1.05893251e+01	
0.43858333	1.02530769e+01	
0.44016667	9.50400863e+00	
0.44175000	9.32000868e+00	
0.44333333	9.05147876e+00	
0.44491667	8.79431384e+00	
0.44650000	8.58919243e+00	
0.44808333	8.40627955e+00	
0.44966667	8.37158325e+00	
0.45125000	8.13842988e+00	
0.45283333	7.85957836e+00	
0.45441667	7.63131309e+00	
0.45600000	7.32273088e+00	
0.45758333	6.60379921e+00	
0.45916667	6.66486913e+00	
0.46075000	7.37469171e+00	
0.46233333	7.35937584e+00	
0.46391667	7.13512627e+00	
0.46550000	6.97295103e+00	
0.46708333	6.45037414e+00	
0.46866667	5.97475537e+00	
0.47025000	5.90307821e+00	
0.47183333	6.00204930e+00	
0.47341667	5.98912698e+00	
0.47500000	5.95188774e+00	
0.47658333	6.03756068e+00	
0.47816667	5.93984579e+00	
0.47975000	5.92815805e+00	
0.48133333	6.16293217e+00	
0.48291667	5.93523815e+00	
0.48450000	5.72141636e+00	
0.48608333	5.53305071e+00	
0.48766667	5.31616781e+00	
0.48925000	5.19409655e+00	
0.49083333	5.14047080e+00	
0.49241667	4.88220565e+00	
0.49400000	4.72113393e+00	
0.49558333	4.61956259e+00	
0.49716667	4.69399409e+00	
0.49875000	4.67541416e+00	
0.50033333	4.57964981e+00	
0.50191667	4.50696450e+00	
0.50350000	4.47658362e+00	
0.50508333	4.32141754e+00	
0.50666667	4.21635384e+00	
0.50825000	4.18213483e+00	
0.50983333	4.09281967e+00	
0.51141667	3.98813272e+00	
0.51300000	3.37772800e+00	
0.51458333	3.61799553e+00	
0.51616667	3.79262237e+00	
0.51775000	3.20537679e+00	
0.51933333	3.17007212e+00	
0.52091667	3.16870622e+00	
0.52250000	3.12759620e+00	
0.52408333	3.07377292e+00	
0.52566667	2.99897264e+00	
0.52725000	3.01072262e+00	
0.52883333	2.89866830e+00	
0.53041667	2.84775109e+00	
0.53200000	2.70592803e+00	
0.53358333	2.47277678e+00	
0.53516667	2.28501926e+00	
0.53675000	2.19251638e+00	
0.53833333	2.12935545e+00	
0.53991667	2.04072593e+00	
0.54150000	1.87679687e+00	
0.54308333	1.84327643e+00	
0.54466667	1.79711307e+00	
0.54625000	1.78143383e+00	
0.54783333	1.61543020e+00	
0.54941667	1.08297202e+00	
0.55100000	9.59428216e-01	
0.55258333	9.68691517e-01	
0.55416667	9.59560108e-01	
0.55575000	9.41816164e-01	
0.55733333	9.49764777e-01	
0.55891667	9.45285336e-01	
0.56050000	9.45399493e-01	
0.56208333	9.47710004e-01	
0.56366667	9.43633814e-01	
0.56525000	9.25813471e-01	
0.56683333	9.00769098e-01	
0.56841667	5.24874419e-01	
0.57000000	-6.40826668e-03	
0.57158333	8.88619703e-05	
0.57316667	2.81693960e-03	
0.57475000	6.19942907e-05	
0.57633333	-2.63102673e-05	
0.57791667	-8.66817109e-05	
0.57950000	-1.27421003e-04	
0.58108333	-1.08170633e-04	
0.58266667	-7.18277513e-05	
0.58425000	-4.66692004e-05	
0.58583333	-3.15224113e-05	
0.58741667	-2.07494955e-05	
0.58900000	-1.30550316e-05	
0.59058333	-7.70127382e-06	
0.59216667	-3.64860023e-06	
0.59375000	-8.24594104e-07	
0.59533333	1.48426092e-06	
0.59691667	2.61563029e-06	
0.59850000	3.43090592e-06	
0.60008333	3.77042339e-06	
0.60166667	3.92313239e-06	
0.60325000	3.73084283e-06	
0.60483333	3.16152599e-06	
0.60641667	2.68317492e-06	
0.60800000	2.37914131e-06	
0.60958333	1.99426830e-06	
0.61116667	1.80556627e-06	
0.61275000	1.30591330e-06	
0.61433333	1.30575851e-06	
0.61591667	1.20197129e-06	
0.61750000	1.18529128e-06	
0.61908333	1.17667373e-06	
0.62066667	1.02493346e-06	
0.62225000	9.46982332e-07	
0.62383333	9.71133191e-07	
0.62541667	5.06438284e-07	
0.62700000	5.54144361e-07	
0.62858333	4.02688309e-07	
0.63016667	4.92136363e-07	
0.63175000	5.47317711e-07	
0.63333333	4.95291488e-07	
0.63491667	5.79337315e-07	
0.63650000	7.20508170e-07	
0.63808333	8.10906194e-07	
0.63966667	7.38352418e-07	
0.64125000	6.78073778e-07	
0.64283333	7.55689396e-07	
0.64441667	5.02679004e-07	
0.64600000	3.30523835e-07	
0.64758333	2.99714164e-07	
0.64916667	2.45051988e-07	
0.65075000	3.72836869e-07	
0.65233333	2.38128929e-07	
0.65391667	4.49313285e-07	
0.65550000	6.02241223e-07	
0.65708333	6.05565532e-07	
0.65866667	6.53140899e-07	
0.66025000	5.31414957e-07	
0.66183333	7.98630835e-07	
0.66341667	6.82609813e-07	
0.66500000	5.50515902e-07	
0.66658333	2.39478030e-07	
0.66816667	2.19341094e-07	
0.66975000	4.20492152e-07	
0.67133333	2.24491267e-07	
0.67291667	2.79794687e-07	
0.67450000	3.00025118e-07	
0.67608333	4.75152928e-07	
0.67766667	7.25780078e-07	
0.67925000	7.00027715e-07	
0.68083333	7.80569017e-07	
0.68241667	7.51310448e-07	
0.68400000	5.58078201e-07	
0.68558333	3.27525320e-07	
0.68716667	2.56580441e-07	
0.68875000	2.57540296e-07	
0.69033333	3.53556996e-07	
0.69191667	1.96456745e-07	
0.69350000	2.82948804e-07	
0.69508333	2.75214017e-07	
0.69666667	6.77426221e-07	
0.69825000	6.16411035e-07	
0.69983333	6.04615450e-07	
0.70141667	7.44448908e-07	
0.70300000	6.87372491e-07	
0.70458333	7.18824790e-07	
0.70616667	4.18710908e-07	
0.70775000	2.57497090e-07	
0.70933333	3.00838947e-07	
0.71091667	2.16747912e-07	
0.71250000	2.99135462e-07	
0.71408333	3.15798674e-07	
0.71566667	6.76388662e-07	
0.71725000	4.47757087e-07	
0.71883333	4.51603508e-07	
0.72041667	4.71393984e-07	
0.72200000	5.90589116e-07	
0.72358333	7.34103620e-07	
0.72516667	6.04007822e-07	
0.72675000	2.29237508e-07	
0.72833333	2.52225966e-07	
0.72991667	1.13732899e-07	
0.73150000	3.41723973e-07	
0.73308333	2.81090641e-07	
0.73466667	3.35795659e-07	
0.73625000	7.47859013e-07	
0.73783333	6.70038817e-07	
0.73941667	6.40739702e-07	
0.74100000	6.09885510e-07	
0.74258333	6.33567965e-07	
0.74416667	6.28356595e-07	
0.74575000	3.87122466e-07	
0.74733333	1.01201749e-07	
0.74891667	1.65361518e-07	
0.75050000	2.65361523e-07	
0.75208333	2.20378163e-07	
0.75366667	3.32081489e-07	
0.75525000	2.77634250e-07	
0.75683333	7.65664396e-07	
0.75841667	5.63737199e-07	
0.76000000	6.85207714e-07	
0.76158333	5.93552713e-07	
0.76316667	7.19601993e-07	
0.76475000	5.27094027e-07	
0.76633333	1.39315057e-07	
0.76791667	1.03491594e-07	
0.76950000	2.38397209e-07	
0.77108333	4.15478527e-07	
0.77266667	3.00621377e-07	
0.77425000	2.89700187e-07	
0.77583333	5.70609492e-07	
0.77741667	4.76407889e-07	
0.77900000	5.65699303e-07	
0.78058333	4.05194981e-07	
0.78216667	6.21252788e-07	
0.78375000	5.69612815e-07	
0.78533333	5.19877599e-07	
0.78691667	1.47221800e-07	
0.78850000	5.90006144e-08	
0.79008333	3.20111092e-07	
0.79166667	2.87572680e-07	
0.79325000	3.02386324e-07	
0.79483333	5.08555627e-07	
0.79641667	7.31222683e-07	
0.79800000	5.92299153e-07	
0.79958333	6.30541533e-07	
0.80116667	5.77997063e-07	
0.80275000	7.31414547e-07	
0.80433333	5.79337651e-07	
0.80591667	3.73693456e-07	
0.80750000	2.43756006e-07	
0.80908333	1.55215963e-07	
0.81066667	3.86310318e-07	
0.81225000	2.08522109e-07	
0.81383333	3.56789405e-07	
0.81541667	4.97579639e-07	
0.81700000	4.66078617e-07	
0.81858333	5.71559630e-07	
0.82016667	5.99473467e-07	
0.82175000	6.84165955e-07	
0.82333333	6.28814079e-07	
0.82491667	5.29738802e-07	
0.82650000	2.60141501e-07	
0.82808333	2.22106624e-07	
0.82966667	3.38000338e-07	
0.83125000	2.79431286e-07	
0.83283333	5.97613245e-08	
0.83441667	2.83251190e-07	
0.83600000	4.40876590e-07	
0.83758333	5.37982932e-07	
0.83916667	5.51793207e-07	
0.84075000	6.98261620e-07	
0.84233333	6.75263236e-07	
0.84391667	5.53580864e-07	
0.84550000	4.29565259e-07	
0.84708333	2.08625909e-07	
0.84866667	1.72716160e-07	
0.85025000	2.88177507e-07	
0.85183333	2.72620905e-07	
0.85341667	1.96655176e-07	
0.85500000	3.36704160e-07	
0.85658333	5.91306956e-07	
0.85816667	6.86198566e-07	
0.85975000	6.37109004e-07	
0.86133333	7.37493508e-07	
0.86291667	6.27690501e-07	
0.86450000	5.59060205e-07	
0.86608333	3.16955938e-07	
0.86766667	1.32659537e-07	
0.86925000	2.45959564e-07	
0.87083333	2.16706764e-07	
0.87241667	1.63676066e-07	
0.87400000	2.04041866e-08	
0.87558333	1.52190259e-07	
0.87716667	3.61982602e-07	
0.87875000	3.67729384e-07	
0.88033333	5.74105673e-07	
0.88191667	7.09013934e-07	
0.88350000	7.46540210e-07	
0.88508333	6.99938951e-07	
0.88666667	3.43229237e-07	
0.88825000	3.15746172e-07	
0.88983333	2.89602659e-07	
0.89141667	4.04244395e-07	
0.89300000	3.53598830e-07	
0.89458333	1.81487399e-07	
0.89616667	7.46739355e-07	
0.89775000	4.74721709e-07	
0.89933333	5.03716338e-07	
0.90091667	5.48527981e-07	
0.90250000	6.81962928e-07	
0.90408333	7.23230564e-07	
0.90566667	7.12600111e-07	
0.90725000	1.11269020e-07	
0.90883333	2.72146171e-07	
0.91041667	2.51231613e-07	
0.91200000	2.94659966e-07	
0.91358333	2.49891053e-07	
0.91516667	3.07761221e-07	
0.91675000	4.99827972e-07	
0.91833333	6.30629625e-07	
0.91991667	7.11693822e-07	
0.92150000	5.91652492e-07	
0.92308333	6.60012127e-07	
0.92466667	4.41492366e-07	
0.92625000	3.85701102e-08	
0.92783333	4.86294600e-08	
0.92941667	-5.84821851e-08	
0.93100000	-2.23924578e-08	
0.93258333	1.08979973e-07	
0.93416667	-6.68132240e-08	
0.93575000	1.07027760e-07	
0.93733333	4.68170311e-07	
0.93891667	6.72415676e-07	
0.94050000	8.07016539e-07	
0.94208333	8.33637446e-07	
0.94366667	7.52357191e-07	
0.94525000	5.16913218e-07	
0.94683333	2.74988243e-07	
0.94841667	2.81359061e-07	
0.95000000	2.73614473e-07	
0.95158333	3.83933655e-07	
0.95316667	4.20102850e-07	
0.95475000	5.50644204e-07	
0.95633333	4.84833019e-07	
0.95791667	5.20568614e-07	
0.95950000	5.45415361e-07	
0.96108333	6.42052401e-07	
0.96266667	7.98162598e-07	
0.96425000	6.84555845e-07	
0.96583333	3.86519487e-07	
0.96741667	3.12936218e-07	
0.96900000	9.69662089e-08	
0.97058333	1.81832893e-07	
0.97216667	1.68952914e-08	
0.97375000	2.62293457e-08	
0.97533333	2.96776273e-07	
0.97691667	2.99886904e-07	
0.97850000	3.94097271e-07	
0.98008333	4.26540647e-07	
0.98166667	5.72424085e-07	
0.98325000	6.37974914e-07	
0.98483333	4.57790385e-07	
0.98641667	2.24440109e-07	
0.98800000	1.07769423e-07	
0.98958333	2.30792278e-07	
0.99116667	2.98427171e-07	
0.99275000	1.02239252e-07	
0.99433333	2.95048455e-07	
0.99591667	4.92913509e-07	
0.99750000	6.39616292e-07	
0.99908333	5.93698880e-07	
1.00066667	4.94901991e-07	
1.00225000	6.73580416e-07	
1.00383333	7.25389741e-07	
1.00541667	5.93423739e-07	
1.00700000	1.93180920e-07	
1.00858333	2.05868541e-07	
1.01016667	2.58663846e-07	
1.01175000	2.36453838e-07	
1.01333333	2.10043193e-07	
1.01491667	3.35019633e-07	
1.01650000	5.47550289e-07	
1.01808333	5.50169191e-07	
1.01966667	4.60244584e-07	
1.02125000	5.61532716e-07	
1.02283333	5.75579547e-07	
1.02441667	5.76656643e-07	
1.02600000	3.11244746e-07	
1.02758333	2.23360324e-07	
1.02916667	1.82153437e-07	
1.03075000	2.48552061e-07	
1.03233333	4.12540271e-07	
1.03391667	3.92273522e-07	
1.03550000	3.37698569e-07	
1.03708333	4.27708664e-07	
1.03866667	5.03501120e-07	
1.04025000	6.41992703e-07	
1.04183333	5.73329534e-07	
1.04341667	6.17916942e-07	
1.04500000	6.80063435e-07	
1.04658333	3.38131048e-07	
1.04816667	1.55733496e-07	
1.04975000	3.07622335e-07	
1.05133333	2.62380369e-07	
1.05291667	1.77254114e-07	
1.05450000	1.36158882e-07	
1.05608333	3.17621584e-07	
1.05766667	5.07648499e-07	
1.05925000	4.61153224e-07	
1.06083333	6.42339414e-07	
1.06241667	5.56995617e-07	
1.06400000	8.05591051e-07	
1.06558333	5.70520616e-07	
1.06716667	2.19168298e-07	
1.06875000	1.65500152e-07	
1.07033333	1.10448499e-07	
1.07191667	2.46868149e-07	
1.07350000	1.58197130e-07	
1.07508333	1.62267141e-07	
1.07666667	2.75366736e-07	
1.07825000	3.75637163e-07	
1.07983333	5.43254392e-07	
1.08141667	4.56139683e-07	
1.08300000	5.44680104e-07	
1.08458333	7.76901076e-07	
1.08616667	4.69146043e-07	
1.08775000	9.80909564e-08	
1.08933333	1.75005949e-07	
1.09091667	2.09532590e-07	
1.09250000	1.95185880e-07	
1.09408333	1.99637338e-07	
1.09566667	4.00924006e-07	
1.09725000	3.22746094e-07	
1.09883333	6.02368517e-07	
1.10041667	6.38276992e-07	
1.10200000	5.80893233e-07	
1.10358333	6.19868014e-07	
1.10516667	5.22385224e-07	
1.10675000	3.23298755e-07	
1.10833333	2.08236916e-07	
1.10991667	-3.57817140e-09	
1.11150000	1.88055836e-07	
1.11308333	5.64686358e-08	
1.11466667	2.00025393e-07	
1.11625000	3.00665171e-07	
1.11783333	4.63269475e-07	
1.11941667	6.04485860e-07	
1.12100000	5.28736245e-07	
1.12258333	6.26136039e-07	
1.12416667	4.99480924e-07	
1.12575000	3.54567282e-07	
1.12733333	-1.73111993e-08	
1.12891667	8.58004209e-08	
1.13050000	2.11822113e-07	
1.13208333	1.63720378e-07	
1.13366667	7.30003606e-08	
1.13525000	1.92981887e-07	
1.13683333	-9.31290568e-08	
1.13841667	6.68828043e-07	
1.14000000	5.23290504e-07	
1.14158333	5.00086479e-07	
1.14316667	6.60964226e-07	
1.14475000	7.77502431e-07	
1.14633333	5.94891341e-07	
1.14791667	1.45666232e-07	
1.14950000	1.49642243e-07	
1.15108333	2.91114615e-07	
1.15266667	2.22929021e-07	
1.15425000	1.47014605e-07	
1.15583333	2.67694784e-07	
1.15741667	5.30278946e-07	
1.15900000	5.62354945e-07	
1.16058333	6.96527110e-07	
1.16216667	7.20551180e-07	
1.16375000	5.86898999e-07	
1.16533333	5.57643958e-07	
1.16691667	3.03604323e-07	
1.16850000	7.61296410e-08	
1.17008333	1.70900978e-07	
1.17166667	1.15029441e-07	
1.17325000	8.94220754e-08	
1.17483333	2.34637774e-07	
1.17641667	2.86138091e-07	
1.17800000	5.54964686e-07	
1.17958333	4.17206708e-07	
1.18116667	4.99395016e-07	
1.18275000	4.02645383e-07	
1.18433333	6.36073629e-07	
1.18591667	6.78680285e-07	
1.18750000	4.50799480e-07	
1.18908333	3.38173498e-07	
1.19066667	2.03180281e-07	
1.19225000	2.02143268e-07	
1.19383333	2.43868067e-07	
1.19541667	1.92783176e-07	
1.19700000	5.47230907e-07	
1.19858333	4.63184743e-07	
1.20016667	5.74582870e-07	
1.20175000	5.83786771e-07	
1.20333333	4.88896057e-07	
1.20491667	5.89791976e-07	
1.20650000	3.43910704e-07	
@ 
0.00000000	1.40930982e-07	
0.00158333	1.74703885e-07	
0.00316667	2.37317453e-07	
0.00475000	2.66451976e-07	
0.00633333	1.03102089e-07	
0.00791667	2.38570173e-07	
0.00950000	3.41319831e-07	
0.01108333	4.37991089e-07	
0.01266667	5.72812239e-07	
0.01425000	4.58472636e-07	
0.01583333	6.15825921e-07	
0.01741667	5.28259943e-07	
0.01900000	3.19654615e-07	
0.02058333	2.82343249e-07	
0.02216667	3.30741566e-08	
0.02375000	1.78160472e-07	
0.02533333	2.20336189e-07	
0.02691667	2.15971157e-07	
0.02850000	3.07148386e-07	
0.03008333	3.45259608e-07	
0.03166667	5.57038459e-07	
0.03325000	5.43039063e-07	
0.03483333	3.07751197e-07	
0.03641667	5.73933129e-07	
0.03800000	4.63789879e-07	
0.03958333	6.49975735e-08	
0.04116667	1.55950324e-07	
0.04275000	2.29063956e-07	
0.04433333	2.27810718e-07	
0.04591667	1.49174846e-07	
0.04750000	8.44002671e-08	
0.04908333	3.45666018e-07	
0.05066667	6.71290921e-07	
0.05225000	5.42780107e-07	
0.05383333	4.95291096e-07	
0.05541667	5.79033838e-07	
0.05700000	5.98652470e-07	
0.05858333	4.30429882e-07	
0.06016667	2.90817952e-08	
0.06175000	1.54731583e-07	
0.06333333	2.49926026e-07	
0.06491667	2.41249557e-07	
0.06650000	1.93198519e-07	
0.06808333	3.93518681e-07	
0.06966667	4.60418555e-07	
0.07125000	4.94987170e-07	
0.07283333	4.45770762e-07	
0.07441667	4.75025523e-07	
0.07600000	5.81237425e-07	
0.07758333	5.11017834e-07	
0.07916667	3.34811303e-07	
0.08075000	1.13473811e-07	
0.08233333	1.26612117e-08	
0.08391667	9.91620465e-08	
0.08550000	6.26912500e-08	
0.08708333	7.08240049e-08	
0.08866667	2.81090669e-07	
0.09025000	4.32331615e-07	
0.09183333	4.29090022e-07	
0.09341667	5.56823185e-07	
0.09500000	6.68869373e-07	
0.09658333	7.36152192e-07	
0.09816667	6.33481833e-07	
0.09975000	2.61325394e-07	
0.10133333	2.07328653e-07	
0.10291667	2.18001584e-07	
0.10450000	6.17925821e-09	
0.10608333	2.35200082e-07	
0.10766667	1.93708128e-07	
0.10925000	1.70857703e-07	
0.11083333	4.36608555e-07	
0.11241667	4.50694923e-07	
0.11400000	5.17156101e-07	
0.11558333	4.89845356e-07	
0.11716667	6.20689011e-07	
0.11875000	4.23386306e-07	
0.12033333	-3.35841924e-08	
0.12191667	1.95617492e-07	
0.12350000	8.36049754e-08	
0.12508333	1.56166101e-07	
0.12666667	2.87053872e-07	
0.12825000	2.95420396e-07	
0.12983333	7.05859592e-07	
0.13141667	5.44507952e-07	
0.13300000	5.68274411e-07	
0.13458333	4.81204000e-07	
0.13616667	4.23516792e-07	
0.13775000	5.86164694e-07	
0.13933333	3.30005980e-07	
0.14091667	1.84426159e-07	
0.14250000	7.14286991e-08	
0.14408333	2.32644746e-08	
0.14566667	2.66010116e-07	
0.14725000	1.18788918e-07	
0.14883333	4.35745724e-07	
0.15041667	5.01728921e-07	
0.15200000	4.72525739e-07	
0.15358333	6.70147350e-07	
0.15516667	6.06256323e-07	
0.15675000	6.65897823e-07	
0.15833333	5.13610358e-07	
0.15991667	3.76587666e-07	
0.16150000	2.12254032e-07	
0.16308333	1.34387550e-07	
0.16466667	2.83208124e-07	
0.16625000	1.30584685e-07	
0.16783333	1.96551529e-07	
0.16941667	4.78178296e-07	
0.17100000	5.34870312e-07	
0.17258333	5.38198709e-07	
0.17416667	4.97968352e-07	
0.17575000	6.25097473e-07	
0.17733333	5.71602080e-07	
0.17891667	3.52779905e-07	
0.18050000	1.65915691e-07	
0.18208333	1.95139671e-08	
0.18366667	1.22460891e-07	
0.18525000	1.88894040e-07	
0.18683333	6.43587458e-08	
0.18841667	3.37134343e-07	
0.19000000	2.44134498e-07	
0.19158333	5.33057455e-07	
0.19316667	3.67384689e-07	
0.19475000	3.93139068e-07	
0.19633333	6.05264127e-07	
0.19791667	6.29764218e-07	
0.19950000	4.39262570e-07	
0.20108333	6.81523070e-08	
0.20266667	-2.70933945e-08	
0.20425000	1.99084215e-07	
0.20583333	1.47316598e-07	
0.20741667	2.28286025e-07	
0.20900000	3.52821431e-07	
0.21058333	2.19903527e-07	
0.21216667	6.51672793e-07	
0.21375000	4.98401700e-07	
0.21533333	5.00130945e-07	
0.21691667	4.57696805e-07	
0.21850000	4.83061491e-07	
0.22008333	3.48993744e-07	
0.22166667	1.08158500e-07	
0.22325000	2.08754351e-07	
0.22483333	1.75023491e-07	
0.22641667	2.90466441e-07	
0.22800000	1.57808627e-07	
0.22958333	1.13128366e-07	
0.23116667	3.71005755e-07	
0.23275000	4.61022906e-07	
0.23433333	4.69838346e-07	
0.23591667	4.73761602e-07	
0.23750000	5.42036394e-07	
0.23908333	7.30360916e-07	
0.24066667	3.95254759e-07	
0.24225000	2.53365841e-07	
0.24383333	2.15970471e-07	
0.24541667	2.12168474e-07	
0.24700000	1.67868204e-07	
0.24858333	1.21459258e-07	
0.25016667	1.99679662e-07	
0.25175000	4.29047768e-07	
0.25333333	4.93129399e-07	
0.25491667	5.81281443e-07	
0.25650000	5.79681003e-07	
0.25808333	4.64480782e-07	
0.25966667	3.72439364e-07	
0.26125000	1.37602458e-07	
0.26283333	2.30921630e-07	
0.26441667	1.92031091e-07	
0.26600000	2.58836194e-07	
0.26758333	1.64376896e-07	
0.26916667	1.32400161e-07	
0.27075000	3.47454011e-07	
0.27233333	2.52700615e-07	
0.27391667	3.53124433e-07	
0.27550000	4.57783553e-07	
0.27708333	4.55277049e-07	
0.27866667	3.94762553e-07	
0.28025000	1.81566433e-07	
0.28183333	1.95402414e-07	
0.28341667	1.36582835e-07	
0.28500000	2.29806802e-07	
0.28658333	3.24647687e-07	
0.28816667	1.29331265e-07	
0.28975000	4.20663575e-07	
0.29133333	5.25623681e-07	
0.29291667	5.17112195e-07	
0.29450000	6.00552747e-07	
0.29608333	4.14917270e-07	
0.29766667	5.87072270e-07	
0.29925000	4.45010248e-07	
0.30083333	9.92480453e-08	
0.30241667	1.98123898e-07	
0.30400000	1.93846384e-07	
0.30558333	2.38189804e-07	
0.30716667	3.54688667e-07	
0.30875000	3.33212319e-07	
0.31033333	5.11063252e-07	
0.31191667	6.17880653e-07	
0.31350000	5.92127113e-07	
0.31508333	3.11346922e-07	
0.31666667	4.35442611e-07	
0.31825000	5.24415651e-07	
0.31983333	2.60020787e-07	
0.32141667	4.32348080e-07	
0.32300000	7.66913952e-08	
0.32458333	1.85056902e-07	
0.32616667	1.08676439e-07	
0.32775000	1.59320429e-07	
0.32933333	2.53694435e-07	
0.33091667	3.01814763e-07	
0.33250000	6.54437525e-07	
0.33408333	6.13923963e-07	
0.33566667	4.66380807e-07	
0.33725000	5.20233215e-07	
0.33883333	4.55924830e-07	
0.34041667	3.55240852e-07	
0.34200000	1.21130033e-07	
0.34358333	3.15440104e-08	
0.34516667	1.62681952e-07	
0.34675000	1.70598621e-07	
0.34833333	1.54870203e-07	
0.34991667	3.46383354e-07	
0.35150000	3.15106371e-07	
0.35308333	4.43824843e-07	
0.35466667	5.13437814e-07	
0.35625000	7.64414420e-07	
0.35783333	6.22979850e-07	
0.35941667	5.32693550e-07	
0.36100000	3.99386205e-07	
0.36258333	1.94468516e-07	
0.36416667	1.86655997e-07	
0.36575000	2.79906384e-07	
0.36733333	4.10206730e-07	
0.36891667	2.86933047e-07	
0.37050000	3.35235326e-07	
0.37208333	7.46652271e-07	
0.37366667	4.51689528e-07	
0.37525000	5.41915820e-07	
0.37683333	5.06524752e-07	
0.37841667	4.46547013e-07	
0.38000000	4.16388372e-07	
0.38158333	2.23359386e-07	
0.38316667	3.97108954e-08	
0.38475000	1.17967123e-07	
0.38633333	1.44343383e-07	
0.38791667	2.54299683e-07	
0.38950000	3.41889601e-07	
0.39108333	6.30241471e-07	
0.39266667	6.15288240e-07	
0.39425000	4.62362599e-07	
0.39583333	3.74514481e-07	
0.39741667	3.46047059e-07	
0.39900000	4.83201778e-07	
0.40058333	1.61749370e-07	
0.40216667	4.33232814e-08	
0.40375000	-4.75397150e-09	
0.40533333	-6.63131915e-08	
0.40691667	1.72327516e-07	
0.40850000	1.65655965e-07	
0.41008333	3.60160029e-07	
0.41166667	5.65510407e-07	
0.41325000	5.99430905e-07	
0.41483333	6.87409229e-07	
0.41641667	6.22256745e-07	
0.41800000	5.41180507e-07	
0.41958333	4.59824117e-07	
0.42116667	1.27170324e-07	
0.42275000	5.59240219e-08	
0.42433333	8.81946684e-08	
0.42591667	1.36893607e-07	
0.42750000	3.49536800e-07	
0.42908333	1.37239198e-07	
0.43066667	4.66737571e-07	
0.43225000	3.24432274e-07	
0.43383333	4.50048458e-07	
0.43541667	4.90709755e-07	
0.43700000	4.84834083e-07	
0.43858333	5.81497332e-07	
0.44016667	1.61800052e-07	
0.44175000	1.08542084e-08	
0.44333333	-9.35959777e-08	
0.44491667	1.21427370e-08	
0.44650000	3.36185241e-07	
0.44808333	2.51404969e-07	
0.44966667	4.21009727e-07	
0.45125000	4.71870005e-07	
0.45283333	5.20655194e-07	
0.45441667	4.72215653e-07	
0.45600000	2.83597089e-07	
0.45758333	5.26221060e-07	
0.45916667	3.36575130e-07	
0.46075000	1.55819880e-07	
0.46233333	4.83368574e-08	
0.46391667	-5.54841711e-08	
0.46550000	1.23230659e-07	
0.46708333	8.84025357e-08	
0.46866667	5.18540252e-08	
0.47025000	2.46279423e-07	
0.47183333	5.23925125e-07	
0.47341667	5.97356908e-07	
0.47500000	5.41050469e-07	
0.47658333	5.60306149e-07	
0.47816667	6.73236113e-07	
0.47975000	5.05877083e-07	
0.48133333	-5.26317873e-09	
0.48291667	8.52128356e-08	
0.48450000	8.43657486e-08	
0.48608333	1.70123202e-07	
0.48766667	2.61488977e-07	
0.48925000	2.22729190e-07	
0.49083333	3.74168049e-07	
0.49241667	5.78040297e-07	
0.49400000	5.44812158e-07	
0.49558333	6.60747944e-07	
0.49716667	8.52516901e-07	
0.49875000	1.12263276e-06	
0.50033333	1.08309711e-06	
0.50191667	1.04965051e-06	
0.50350000	1.16260679e-06	
0.50508333	1.66364033e-06	
0.50666667	1.79843491e-06	
0.50825000	2.33886363e-06	
0.50983333	2.74086334e-06	
0.51141667	3.56771244e-06	
0.51300000	4.19052736e-06	
0.51458333	5.11969417e-06	
0.51616667	6.39114566e-06	
0.51775000	7.76911302e-06	
0.51933333	9.56333766e-06	
0.52091667	1.26381686e-05	
0.52250000	1.88972406e-05	
0.52408333	2.93877532e-05	
0.52566667	4.69494029e-05	
0.52725000	7.62779314e-05	
0.52883333	1.32579629e-04	
0.53041667	2.11122771e-04	
0.53200000	2.63534829e-04	
0.53358333	3.28521314e-04	
0.53516667	5.76060492e-04	
0.53675000	1.06545265e-03	
0.53833333	2.16199861e-03	
0.53991667	2.17798592e-03	
0.54150000	4.95795258e-03	
0.54308333	1.20640243e-02	
0.54466667	1.76022233e-02	
0.54625000	2.07812365e-02	
0.54783333	2.41812956e-02	
0.54941667	2.46317497e-02	
0.55100000	2.79172642e-02	
0.55258333	3.01141959e-02	
0.55416667	3.62505104e-02	
0.55575000	3.76551620e-02	
0.55733333	6.29612083e-02	
0.55891667	6.98826846e-02	
0.56050000	8.29122370e-02	
0.56208333	9.53735208e-02	
0.56366667	8.99164833e-02	
0.56525000	9.39561704e-02	
0.56683333	1.10840646e-01	
0.56841667	1.03924976e-01	
0.57000000	1.13327913e-01	
0.57158333	1.56313979e-01	
0.57316667	1.96514510e-01	
0.57475000	2.37532861e-01	
0.57633333	2.84124894e-01	
0.57791667	3.14810365e-01	
0.57950000	3.42463415e-01	
0.58108333	4.23506289e-01	
0.58266667	9.17205988e-01	
0.58425000	4.31592296e+00	
0.58583333	6.88322292e+00	
0.58741667	1.67562828e+01	
0.58900000	2.18532099e+01	
0.59058333	2.36248993e+01	
0.59216667	2.43283206e+01	
0.59375000	2.46623495e+01	
0.59533333	2.50540228e+01	
0.59691667	2.57344905e+01	
0.59850000	2.62744799e+01	
0.60008333	2.67200053e+01	
0.60166667	2.92205876e+01	
0.60325000	3.04109880e+01	
0.60483333	3.24051704e+01	
0.60641667	3.42621291e+01	
0.60800000	3.40693752e+01	
0.60958333	3.51962534e+01	
0.61116667	3.69747433e+01	
0.61275000	3.80696800e+01	
0.61433333	3.83393693e+01	
0.61591667	3.90519289e+01	
0.61750000	3.94031651e+01	
