start voltage : 0.00 V 
set voltage : 0.10 V 
High G : 30.00 G0 
Intermediate G : 20.00 G0 
Low G : 10.00 G0 
Breaking speed 1 : 300.00 V/s 
Breaking speed 2 : 300.00 V/s 
Making speed : 500.00 V/s 
Post breaking : 230.00 V/s 
@ 
0.00000000	4.28553457e+01	
0.00158333	4.31808678e+01	
0.00316667	4.32184467e+01	
0.00475000	4.32608136e+01	
0.00633333	4.32718855e+01	
0.00791667	4.34817245e+01	
0.00950000	4.31503996e+01	
0.01108333	4.32141999e+01	
0.01266667	4.32838255e+01	
0.01425000	4.30226787e+01	
0.01583333	4.31146960e+01	
0.01741667	4.32483550e+01	
0.01900000	4.31507077e+01	
0.02058333	4.30229831e+01	
0.02216667	4.29799848e+01	
0.02375000	4.32607234e+01	
0.02533333	4.30956980e+01	
0.02691667	4.34628504e+01	
0.02850000	4.31538609e+01	
0.03008333	4.30409063e+01	
0.03166667	4.32773876e+01	
0.03325000	4.30338783e+01	
0.03483333	4.32118059e+01	
0.03641667	4.31537895e+01	
0.03800000	4.30258244e+01	
0.03958333	4.30667819e+01	
0.04116667	4.32616104e+01	
0.04275000	4.31654664e+01	
0.04433333	4.31433942e+01	
0.04591667	4.31025080e+01	
0.04750000	4.31429544e+01	
0.04908333	4.30009822e+01	
0.05066667	4.31424283e+01	
0.05225000	4.31950139e+01	
0.05383333	4.30610205e+01	
0.05541667	4.31838932e+01	
0.05700000	4.29455929e+01	
0.05858333	4.30035754e+01	
0.06016667	4.31387978e+01	
0.06175000	4.29173909e+01	
0.06333333	4.31315631e+01	
0.06491667	4.31338031e+01	
0.06650000	4.31160302e+01	
0.06808333	4.30059619e+01	
0.06966667	4.30645007e+01	
0.07125000	4.32382791e+01	
0.07283333	4.31041654e+01	
0.07441667	4.30740279e+01	
0.07600000	4.31134821e+01	
0.07758333	4.32273763e+01	
0.07916667	4.32299883e+01	
0.08075000	4.29621481e+01	
0.08233333	4.30970472e+01	
0.08391667	4.29189017e+01	
0.08550000	4.29944654e+01	
0.08708333	4.29828373e+01	
0.08866667	4.29177930e+01	
0.09025000	4.32224230e+01	
0.09183333	4.29800374e+01	
0.09341667	4.29742534e+01	
0.09500000	4.31025268e+01	
0.09658333	4.28317889e+01	
0.09816667	4.30502831e+01	
0.09975000	4.27144333e+01	
0.10133333	4.29636739e+01	
0.10291667	4.30133732e+01	
0.10450000	4.28659853e+01	
0.10608333	4.30343857e+01	
0.10766667	4.30048833e+01	
0.10925000	4.29289363e+01	
0.11083333	4.29875013e+01	
0.11241667	4.28646737e+01	
0.11400000	4.30375539e+01	
0.11558333	4.29398503e+01	
0.11716667	4.29859153e+01	
0.11875000	4.28250428e+01	
0.12033333	4.29577246e+01	
0.12191667	4.28996932e+01	
0.12350000	4.28200969e+01	
0.12508333	4.28380915e+01	
0.12666667	4.27618739e+01	
0.12825000	4.26543462e+01	
0.12983333	4.26246070e+01	
0.13141667	4.26626933e+01	
0.13300000	4.27693979e+01	
0.13458333	4.26487163e+01	
0.13616667	4.27017567e+01	
0.13775000	4.27895573e+01	
0.13933333	4.25735735e+01	
0.14091667	4.28328863e+01	
0.14250000	4.26694243e+01	
0.14408333	4.25711156e+01	
0.14566667	4.27981487e+01	
0.14725000	4.26263997e+01	
0.14883333	4.26648280e+01	
0.15041667	4.24064698e+01	
0.15200000	4.23958114e+01	
0.15358333	4.24888885e+01	
0.15516667	4.21100554e+01	
0.15675000	4.22166060e+01	
0.15833333	4.21806281e+01	
0.15991667	4.22450937e+01	
0.16150000	4.22599501e+01	
0.16308333	4.20024112e+01	
0.16466667	4.21101419e+01	
0.16625000	4.19892310e+01	
0.16783333	4.20259567e+01	
0.16941667	4.21505620e+01	
0.17100000	4.23046584e+01	
0.17258333	4.22150877e+01	
0.17416667	4.19982433e+01	
0.17575000	4.20579772e+01	
0.17733333	4.21798427e+01	
0.17891667	4.19445189e+01	
0.18050000	4.20508477e+01	
0.18208333	4.20297864e+01	
0.18366667	4.20087552e+01	
0.18525000	4.19057186e+01	
0.18683333	4.17824738e+01	
0.18841667	4.19036966e+01	
0.19000000	4.16019267e+01	
0.19158333	4.19607358e+01	
0.19316667	4.18368634e+01	
0.19475000	4.15223643e+01	
0.19633333	4.18251526e+01	
0.19791667	4.14298809e+01	
0.19950000	4.14990743e+01	
0.20108333	4.13899455e+01	
0.20266667	4.11848570e+01	
0.20425000	4.13384348e+01	
0.20583333	4.13320044e+01	
0.20741667	4.12902726e+01	
0.20900000	4.12032951e+01	
0.21058333	4.10040319e+01	
0.21216667	4.12782687e+01	
0.21375000	4.11136341e+01	
0.21533333	4.12093947e+01	
0.21691667	4.12641151e+01	
0.21850000	4.11983981e+01	
0.22008333	4.13677868e+01	
0.22166667	4.10242250e+01	
0.22325000	4.10908553e+01	
0.22483333	4.10659681e+01	
0.22641667	4.07110150e+01	
0.22800000	4.07497101e+01	
0.22958333	4.06479024e+01	
0.23116667	4.08509540e+01	
0.23275000	4.08066703e+01	
0.23433333	4.07266343e+01	
0.23591667	4.05627740e+01	
0.23750000	4.05957227e+01	
0.23908333	4.07480452e+01	
0.24066667	4.06205423e+01	
0.24225000	4.05173140e+01	
0.24383333	4.05854062e+01	
0.24541667	4.03247179e+01	
0.24700000	4.05870223e+01	
0.24858333	4.03519541e+01	
0.25016667	4.03838392e+01	
0.25175000	4.04733197e+01	
0.25333333	4.03459747e+01	
0.25491667	4.04412204e+01	
0.25650000	4.03474103e+01	
0.25808333	4.01870377e+01	
0.25966667	3.99884096e+01	
0.26125000	3.99410968e+01	
0.26283333	4.00861470e+01	
0.26441667	4.00414613e+01	
0.26600000	3.97866885e+01	
0.26758333	3.97734180e+01	
0.26916667	3.97278716e+01	
0.27075000	3.96106138e+01	
0.27233333	3.94373690e+01	
0.27391667	3.96106626e+01	
0.27550000	3.95401162e+01	
0.27708333	3.94367564e+01	
0.27866667	3.95026200e+01	
0.28025000	3.95657626e+01	
0.28183333	3.94000269e+01	
0.28341667	3.93827953e+01	
0.28500000	3.91965995e+01	
0.28658333	3.91533720e+01	
0.28816667	3.91150452e+01	
0.28975000	3.94228659e+01	
0.29133333	3.90866590e+01	
0.29291667	3.91225467e+01	
0.29450000	3.92189612e+01	
0.29608333	3.89500799e+01	
0.29766667	3.88098553e+01	
0.29925000	3.88333557e+01	
0.30083333	3.87532107e+01	
0.30241667	3.86432927e+01	
0.30400000	3.87064729e+01	
0.30558333	3.89100844e+01	
0.30716667	3.88037706e+01	
0.30875000	3.87251928e+01	
0.31033333	3.88079573e+01	
0.31191667	3.86167218e+01	
0.31350000	3.86362986e+01	
0.31508333	3.86602726e+01	
0.31666667	3.85214235e+01	
0.31825000	3.86944427e+01	
0.31983333	3.87531167e+01	
0.32141667	3.85177817e+01	
0.32300000	3.84831230e+01	
0.32458333	3.84949465e+01	
0.32616667	3.84253660e+01	
0.32775000	3.84980583e+01	
0.32933333	3.81780646e+01	
0.33091667	3.83510125e+01	
0.33250000	3.82167560e+01	
0.33408333	3.83350135e+01	
0.33566667	3.80594876e+01	
0.33725000	3.79669967e+01	
0.33883333	3.78699132e+01	
0.34041667	3.74845257e+01	
0.34200000	3.74956839e+01	
0.34358333	3.73724580e+01	
0.34516667	3.73897234e+01	
0.34675000	3.72270394e+01	
0.34833333	3.71588419e+01	
0.34991667	3.71094583e+01	
0.35150000	3.68682754e+01	
0.35308333	3.70594922e+01	
0.35466667	3.69771561e+01	
0.35625000	3.70372696e+01	
0.35783333	3.68821810e+01	
0.35941667	3.67515437e+01	
0.36100000	3.68112174e+01	
0.36258333	3.68548284e+01	
0.36416667	3.68262731e+01	
0.36575000	3.69088459e+01	
0.36733333	3.65089064e+01	
0.36891667	3.65374917e+01	
0.37050000	3.62191704e+01	
0.37208333	3.62047500e+01	
0.37366667	3.60821028e+01	
0.37525000	3.59849629e+01	
0.37683333	3.58492707e+01	
0.37841667	3.58645969e+01	
0.38000000	3.55663034e+01	
0.38158333	3.55286607e+01	
0.38316667	3.54805098e+01	
0.38475000	3.56340612e+01	
0.38633333	3.55629886e+01	
0.38791667	3.54729293e+01	
0.38950000	3.56562613e+01	
0.39108333	3.54759284e+01	
0.39266667	3.55118424e+01	
0.39425000	3.52763044e+01	
0.39583333	3.54001430e+01	
0.39741667	3.53542321e+01	
0.39900000	3.51345389e+01	
0.40058333	3.52655896e+01	
0.40216667	3.48615122e+01	
0.40375000	3.49490798e+01	
0.40533333	3.48190213e+01	
0.40691667	3.45991478e+01	
0.40850000	3.46428113e+01	
0.41008333	3.46440816e+01	
0.41166667	3.44922589e+01	
0.41325000	3.44052814e+01	
0.41483333	3.42962729e+01	
0.41641667	3.43582655e+01	
0.41800000	3.43420223e+01	
0.41958333	3.40635724e+01	
0.42116667	3.40815971e+01	
0.42275000	3.35810450e+01	
0.42433333	3.34387909e+01	
0.42591667	3.31518812e+01	
0.42750000	3.33726079e+01	
0.42908333	3.33618066e+01	
0.43066667	3.35521102e+01	
0.43225000	3.33988443e+01	
0.43383333	3.32558348e+01	
0.43541667	3.30551961e+01	
0.43700000	3.28635359e+01	
0.43858333	3.28548242e+01	
0.44016667	3.30146219e+01	
0.44175000	3.26193426e+01	
0.44333333	3.26046478e+01	
0.44491667	3.20816364e+01	
0.44650000	3.20201436e+01	
0.44808333	3.19978984e+01	
0.44966667	3.18068583e+01	
0.45125000	3.18628001e+01	
0.45283333	3.17866125e+01	
0.45441667	3.16464405e+01	
0.45600000	3.17621462e+01	
0.45758333	3.16977145e+01	
0.45916667	3.17360225e+01	
0.46075000	3.17461435e+01	
0.46233333	3.19319334e+01	
0.46391667	3.18809563e+01	
0.46550000	3.17824860e+01	
0.46708333	3.20339590e+01	
0.46866667	3.18317944e+01	
0.47025000	3.17808023e+01	
0.47183333	3.16506160e+01	
0.47341667	3.15615075e+01	
0.47500000	3.16376725e+01	
0.47658333	3.14055339e+01	
0.47816667	3.15409385e+01	
0.47975000	3.14391384e+01	
0.48133333	3.10413993e+01	
0.48291667	3.11398508e+01	
0.48450000	3.09686581e+01	
0.48608333	3.10265805e+01	
0.48766667	3.09357977e+01	
0.48925000	3.07593284e+01	
0.49083333	3.10067594e+01	
0.49241667	3.08274131e+01	
0.49400000	3.09490644e+01	
0.49558333	3.08299443e+01	
0.49716667	3.03851781e+01	
0.49875000	3.06059310e+01	
0.50033333	3.01884648e+01	
0.50191667	3.02407536e+01	
0.50350000	3.02100129e+01	
0.50508333	2.99602592e+01	
0.50666667	2.99570497e+01	
0.50825000	2.94376725e+01	
0.50983333	2.95485977e+01	
0.51141667	2.92647923e+01	
0.51300000	2.92951046e+01	
0.51458333	2.94130746e+01	
0.51616667	2.91117369e+01	
0.51775000	2.90055960e+01	
0.51933333	2.85009099e+01	
0.52091667	2.81791573e+01	
0.52250000	2.81926269e+01	
0.52408333	2.81761131e+01	
0.52566667	2.82529678e+01	
0.52725000	2.78908420e+01	
0.52883333	2.76477274e+01	
0.53041667	2.81003145e+01	
0.53200000	2.79673885e+01	
0.53358333	2.80273046e+01	
0.53516667	2.79833235e+01	
0.53675000	2.77883071e+01	
0.53833333	2.78977290e+01	
0.53991667	2.77187943e+01	
0.54150000	2.76057532e+01	
0.54308333	2.74358946e+01	
0.54466667	2.68533880e+01	
0.54625000	2.65370604e+01	
0.54783333	2.65548840e+01	
0.54941667	2.66641030e+01	
0.55100000	2.61117169e+01	
0.55258333	2.60280542e+01	
0.55416667	2.57416406e+01	
0.55575000	2.54196963e+01	
0.55733333	2.55123845e+01	
0.55891667	2.55398029e+01	
0.56050000	2.55119580e+01	
0.56208333	2.54505141e+01	
0.56366667	2.53064166e+01	
0.56525000	2.52994318e+01	
0.56683333	2.52229399e+01	
0.56841667	2.53844889e+01	
0.57000000	2.53990315e+01	
0.57158333	2.54540375e+01	
0.57316667	2.54918757e+01	
0.57475000	2.53111557e+01	
0.57633333	2.49475286e+01	
0.57791667	2.45049402e+01	
0.57950000	2.44263173e+01	
0.58108333	2.44785178e+01	
0.58266667	2.41221948e+01	
0.58425000	2.41240175e+01	
0.58583333	2.41571654e+01	
0.58741667	2.34757506e+01	
0.58900000	2.34657706e+01	
0.59058333	2.30406056e+01	
0.59216667	2.33177382e+01	
0.59375000	2.32107422e+01	
0.59533333	2.29467166e+01	
0.59691667	2.30270852e+01	
0.59850000	2.25232409e+01	
0.60008333	2.21825636e+01	
0.60166667	2.23362240e+01	
0.60325000	2.25066313e+01	
0.60483333	2.26097111e+01	
0.60641667	2.23488668e+01	
0.60800000	2.24051901e+01	
0.60958333	2.17511805e+01	
0.61116667	2.10802325e+01	
0.61275000	2.10462785e+01	
0.61433333	2.08979830e+01	
0.61591667	2.07885648e+01	
0.61750000	2.07728760e+01	
0.61908333	2.06666129e+01	
0.62066667	2.09050485e+01	
0.62225000	2.06746349e+01	
0.62383333	2.07495315e+01	
0.62541667	2.04888658e+01	
0.62700000	1.98351174e+01	
0.62858333	1.93556417e+01	
0.63016667	1.90729281e+01	
0.63175000	1.90889139e+01	
0.63333333	1.89025716e+01	
0.63491667	1.90501399e+01	
0.63650000	1.90974508e+01	
0.63808333	1.90262035e+01	
0.63966667	1.90727402e+01	
0.64125000	1.88364600e+01	
0.64283333	1.85113926e+01	
0.64441667	1.87567885e+01	
0.64600000	1.83938923e+01	
0.64758333	1.86164455e+01	
0.64916667	1.85364978e+01	
0.65075000	1.86175674e+01	
0.65233333	1.84653745e+01	
0.65391667	1.85261006e+01	
0.65550000	1.84352971e+01	
0.65708333	1.81092395e+01	
0.65866667	1.73252654e+01	
0.66025000	1.71836953e+01	
0.66183333	1.70713871e+01	
0.66341667	1.71338776e+01	
0.66500000	1.69966709e+01	
0.66658333	1.69654979e+01	
0.66816667	1.69423057e+01	
0.66975000	1.67663963e+01	
0.67133333	1.65405302e+01	
0.67291667	1.65398293e+01	
0.67450000	1.58208676e+01	
0.67608333	1.53407596e+01	
0.67766667	1.53363117e+01	
0.67925000	1.53287322e+01	
0.68083333	1.53045947e+01	
0.68241667	1.50634175e+01	
0.68400000	1.39223387e+01	
0.68558333	1.36799024e+01	
0.68716667	1.35920144e+01	
0.68875000	1.34449188e+01	
0.69033333	1.35583197e+01	
0.69191667	1.34133352e+01	
0.69350000	1.31220988e+01	
0.69508333	1.26338015e+01	
0.69666667	1.25108602e+01	
0.69825000	1.24012580e+01	
0.69983333	1.22513389e+01	
0.70141667	1.20239253e+01	
0.70300000	1.21348289e+01	
0.70458333	1.21183611e+01	
0.70616667	1.20157924e+01	
0.70775000	1.20161279e+01	
0.70933333	1.18810699e+01	
0.71091667	1.20945976e+01	
0.71250000	1.22097236e+01	
0.71408333	1.20314428e+01	
0.71566667	1.17073498e+01	
0.71725000	1.18106767e+01	
0.71883333	1.17972954e+01	
0.72041667	1.17601055e+01	
0.72200000	1.10808987e+01	
0.72358333	1.09264368e+01	
0.72516667	1.08781929e+01	
0.72675000	1.09445817e+01	
0.72833333	1.02189302e+01	
0.72991667	1.00694528e+01	
0.73150000	9.68173887e+00	
0.73308333	9.05037007e+00	
0.73466667	8.26641854e+00	
0.73625000	8.44899787e+00	
0.73783333	8.30679640e+00	
0.73941667	8.21990719e+00	
0.74100000	8.11651732e+00	
0.74258333	7.98740588e+00	
0.74416667	7.42630302e+00	
0.74575000	7.16023289e+00	
0.74733333	6.24230908e+00	
0.74891667	6.01808723e+00	
0.75050000	5.92696339e+00	
0.75208333	5.79665401e+00	
0.75366667	5.68953453e+00	
0.75525000	5.60463673e+00	
0.75683333	5.56234451e+00	
0.75841667	5.34571999e+00	
0.76000000	4.69118103e+00	
0.76158333	4.77439559e+00	
0.76316667	4.00888163e+00	
0.76475000	3.67624230e+00	
0.76633333	3.50918976e+00	
0.76791667	3.50992568e+00	
0.76950000	3.31410316e+00	
0.77108333	2.62123553e+00	
0.77266667	2.51486535e+00	
0.77425000	2.36085870e+00	
0.77583333	1.77718088e+00	
0.77741667	7.65687540e-01	
0.77900000	-3.85139035e-03	
0.78058333	-1.81183527e-03	
0.78216667	-2.84473526e-03	
0.78375000	1.78182498e-04	
0.78533333	1.38612264e-03	
0.78691667	1.65706808e-04	
0.78850000	1.70316312e-05	
0.79008333	-1.53497906e-05	
0.79166667	-3.68006831e-05	
0.79325000	-5.05248972e-05	
0.79483333	-5.42297977e-05	
0.79641667	-4.94018650e-05	
0.79800000	-4.11654634e-05	
0.79958333	-3.22801602e-05	
0.80116667	-2.49842926e-05	
0.80275000	-1.90383383e-05	
0.80433333	-1.38382093e-05	
0.80591667	-9.93491568e-06	
0.80750000	-6.80652436e-06	
0.80908333	-4.75909041e-06	
0.81066667	-3.07004768e-06	
0.81225000	-1.58573198e-06	
0.81383333	-5.70278853e-07	
0.81541667	1.90396013e-08	
0.81700000	3.98195647e-07	
0.81858333	7.76769750e-07	
0.82016667	1.07964153e-06	
0.82175000	1.05306285e-06	
0.82333333	1.00877293e-06	
0.82491667	1.02020842e-06	
0.82650000	1.03932308e-06	
0.82808333	8.77685718e-07	
0.82966667	4.71785161e-07	
0.83125000	3.45130410e-07	
0.83283333	4.29434997e-07	
0.83441667	3.14666107e-07	
0.83600000	2.39305738e-07	
0.83758333	2.85091684e-07	
0.83916667	5.14441827e-07	
0.84075000	5.62528329e-07	
0.84233333	4.63140361e-07	
0.84391667	6.10837721e-07	
0.84550000	5.44722890e-07	
0.84708333	7.25803655e-07	
0.84866667	3.92101286e-07	
0.85025000	2.72794681e-07	
0.85183333	2.14329345e-07	
0.85341667	7.92229048e-08	
0.85500000	2.65361355e-07	
0.85658333	2.67224251e-08	
0.85816667	1.09670568e-07	
0.85975000	4.32943863e-07	
0.86133333	3.00795601e-07	
0.86291667	3.75118804e-07	
0.86450000	3.37827963e-07	
0.86608333	4.62276579e-07	
0.86766667	5.27051297e-07	
0.86925000	2.86059604e-07	
0.87083333	1.16195911e-07	
0.87241667	1.90209577e-08	
0.87400000	2.62719461e-08	
0.87558333	1.50695930e-07	
0.87716667	1.07060361e-07	
0.87875000	4.43089866e-07	
0.88033333	5.19359464e-07	
0.88191667	5.99170101e-07	
0.88350000	6.24535991e-07	
0.88508333	6.68656115e-07	
0.88666667	6.76259296e-07	
0.88825000	5.99820458e-07	
0.88983333	7.98547461e-08	
0.89141667	1.41689760e-07	
0.89300000	1.01486340e-07	
0.89458333	1.64152172e-07	
0.89616667	5.83440199e-08	
0.89775000	1.54740809e-07	
0.89933333	3.00016886e-07	
0.90091667	2.81263212e-07	
0.90250000	3.49667678e-07	
0.90408333	3.38044916e-07	
0.90566667	4.75248413e-07	
0.90725000	4.56098437e-07	
0.90883333	2.05470434e-07	
0.91041667	4.92354107e-08	
0.91200000	-3.18990523e-08	
0.91358333	2.06635272e-08	
0.91516667	1.34820127e-07	
0.91675000	-2.91499765e-08	
0.91833333	2.59485095e-07	
0.91991667	3.42492496e-07	
0.92150000	4.45250527e-07	
0.92308333	4.88851703e-07	
0.92466667	5.33834546e-07	
0.92625000	6.18744268e-07	
0.92783333	3.69587548e-07	
0.92941667	1.03016531e-07	
0.93100000	-3.92359485e-08	
0.93258333	-1.22722332e-08	
0.93416667	1.97796465e-07	
0.93575000	4.62189019e-08	
0.93733333	1.57626367e-07	
0.93891667	2.55596141e-07	
0.94050000	4.39977862e-07	
0.94208333	4.75369266e-07	
0.94366667	3.77797348e-07	
0.94525000	4.85178106e-07	
0.94683333	4.86562208e-07	
0.94841667	1.53401509e-07	
0.95000000	9.39763398e-08	
0.95158333	4.12670372e-08	
0.95316667	1.04311919e-07	
0.95475000	1.03620897e-07	
0.95633333	-2.64714025e-08	
0.95791667	8.37447017e-08	
0.95950000	2.06377842e-07	
0.96108333	3.36833806e-07	
0.96266667	2.84072131e-07	
0.96425000	2.10484395e-07	
0.96583333	3.55284758e-07	
0.96741667	1.89266359e-07	
0.96900000	2.28537925e-07	
0.97058333	1.59492763e-07	
0.97216667	1.56597503e-07	
0.97375000	2.59917043e-07	
0.97533333	1.25140695e-07	
0.97691667	1.76302449e-07	
0.97850000	2.87625126e-07	
0.98008333	4.56746555e-07	
0.98166667	4.69752242e-07	
0.98325000	3.88558343e-07	
0.98483333	5.92774670e-07	
0.98641667	5.61619240e-07	
0.98800000	4.54542100e-07	
0.98958333	2.54230436e-07	
0.99116667	2.40342148e-07	
0.99275000	3.08357200e-07	
0.99433333	2.23800000e-07	
0.99591667	2.11442920e-07	
0.99750000	4.02678536e-07	
0.99908333	4.66874021e-07	
1.00066667	6.99680891e-07	
1.00225000	7.37447530e-07	
1.00383333	7.28027571e-07	
1.00541667	8.17951702e-07	
1.00700000	5.35388615e-07	
1.00858333	4.04070563e-07	
1.01016667	-6.48345222e-08	
1.01175000	1.84383121e-07	
1.01333333	1.46313957e-07	
1.01491667	8.83210643e-09	
1.01650000	1.27775263e-07	
1.01808333	3.34327638e-07	
1.01966667	6.57204497e-07	
1.02125000	6.75050202e-07	
1.02283333	5.71083105e-07	
1.02441667	6.25185005e-07	
1.02600000	5.03456990e-07	
1.02758333	2.27940812e-07	
1.02916667	3.10733919e-07	
1.03075000	1.70296347e-07	
1.03233333	3.17258688e-07	
1.03391667	3.56883378e-07	
1.03550000	2.90381906e-07	
1.03708333	1.92411684e-07	
1.03866667	5.27786050e-07	
1.04025000	4.84531669e-07	
1.04183333	3.57142977e-07	
1.04341667	5.51464753e-07	
1.04500000	5.89490963e-07	
1.04658333	5.83053250e-07	
1.04816667	3.82897609e-07	
1.04975000	2.51447027e-07	
1.05133333	3.17154775e-07	
1.05291667	3.19030439e-07	
1.05450000	2.24864286e-07	
1.05608333	3.00587552e-07	
1.05766667	3.29988983e-07	
1.05925000	5.94054608e-07	
1.06083333	6.00854433e-07	
1.06241667	6.04876085e-07	
1.06400000	5.80113902e-07	
1.06558333	5.08340242e-07	
1.06716667	4.50790435e-07	
1.06875000	-3.13181943e-08	
1.07033333	1.16065586e-07	
1.07191667	1.73363941e-07	
1.07350000	1.22054117e-07	
1.07508333	1.64514956e-07	
1.07666667	1.61602321e-07	
1.07825000	3.81572813e-07	
1.07983333	7.07588390e-07	
1.08141667	5.91263218e-07	
1.08300000	6.92638183e-07	
1.08458333	6.03144936e-07	
1.08616667	6.49426756e-07	
1.08775000	5.84780704e-07	
1.08933333	1.80925890e-07	
1.09091667	2.94529536e-07	
1.09250000	2.26860467e-07	
1.09408333	2.01123561e-07	
1.09566667	2.55855460e-07	
1.09725000	3.17648633e-07	
1.09883333	6.62778371e-07	
1.10041667	5.86561359e-07	
1.10200000	5.81886886e-07	
1.10358333	5.96924512e-07	
1.10516667	3.75498753e-07	
1.10675000	5.09290940e-07	
1.10833333	3.05074109e-07	
1.10991667	1.98946701e-07	
1.11150000	1.03456718e-07	
1.11308333	8.98707396e-08	
1.11466667	1.07432400e-07	
1.11625000	1.54333335e-07	
1.11783333	3.47697005e-07	
1.11941667	5.71602416e-07	
1.12100000	4.98617085e-07	
1.12258333	5.21173553e-07	
1.12416667	3.33073545e-07	
1.12575000	6.81704701e-07	
1.12733333	6.96871525e-07	
1.12891667	3.84365575e-07	
1.13050000	1.80026826e-07	
1.13208333	1.49555579e-07	
1.13366667	2.45336676e-07	
1.13525000	2.30707476e-07	
1.13683333	2.40437689e-07	
1.13841667	4.00959231e-07	
1.14000000	4.87943566e-07	
1.14158333	6.16802156e-07	
1.14316667	6.21045467e-07	
1.14475000	5.51249535e-07	
1.14633333	5.16084269e-07	
1.14791667	2.52070587e-07	
1.14950000	1.09541433e-07	
1.15108333	1.13905030e-07	
1.15266667	3.57142641e-07	
1.15425000	3.51179578e-07	
1.15583333	3.02220277e-07	
1.15741667	2.85084124e-07	
1.15900000	4.04028785e-07	
1.16058333	5.18711291e-07	
1.16216667	5.28865555e-07	
1.16375000	3.98236585e-07	
1.16533333	6.75698095e-07	
1.16691667	7.29716663e-07	
1.16850000	2.97416129e-07	
1.17008333	2.35693156e-07	
1.17166667	1.92550346e-07	
1.17325000	4.44560828e-07	
1.17483333	2.96404500e-07	
1.17641667	2.53003140e-07	
1.17800000	4.86258899e-07	
1.17958333	4.37733029e-07	
1.18116667	4.84616849e-07	
1.18275000	4.65992877e-07	
1.18433333	5.61965784e-07	
1.18591667	5.92472649e-07	
1.18750000	3.59069632e-07	
1.18908333	2.42252170e-07	
1.19066667	8.57311248e-08	
1.19225000	2.35286129e-07	
1.19383333	3.25685246e-07	
1.19541667	2.66053042e-07	
1.19700000	3.33980954e-07	
1.19858333	5.37273324e-07	
1.20016667	5.41829464e-07	
1.20175000	5.67237244e-07	
1.20333333	4.39106967e-07	
1.20491667	6.35902149e-07	
1.20650000	6.12610648e-07	
1.20808333	5.52890521e-07	
1.20966667	3.33117283e-07	
1.21125000	1.91556035e-07	
1.21283333	2.79318525e-07	
1.21441667	1.16558618e-07	
1.21600000	8.88425124e-08	
1.21758333	2.19082418e-07	
1.21916667	3.68075676e-07	
1.22075000	5.41007347e-07	
1.22233333	3.24950325e-07	
1.22391667	5.27871790e-07	
1.22550000	5.41269775e-07	
1.22708333	2.34334605e-07	
1.22866667	3.80263251e-07	
1.23025000	5.20433767e-08	
1.23183333	2.01970263e-07	
1.23341667	3.34500321e-07	
1.23500000	1.88012000e-07	
1.23658333	3.59044739e-07	
1.23816667	5.35200055e-07	
1.23975000	5.48569535e-07	
1.24133333	5.74280960e-07	
1.24291667	6.23281703e-07	
1.24450000	7.45272369e-07	
1.24608333	7.09835771e-07	
1.24766667	5.21823911e-07	
1.24925000	2.13593416e-07	
1.25083333	6.65021090e-08	
1.25241667	1.81142354e-07	
1.25400000	4.98135632e-08	
1.25558333	2.21676133e-07	
1.25716667	2.80355048e-07	
1.25875000	5.50342518e-07	
1.26033333	5.34440045e-07	
1.26191667	4.79215575e-07	
1.26350000	6.33828040e-07	
1.26508333	5.58034071e-07	
1.26666667	4.41924341e-07	
1.26825000	2.40307343e-07	
1.26983333	1.78955904e-07	
1.27141667	2.69120524e-07	
1.27300000	2.30205133e-07	
1.27458333	1.22115509e-07	
1.27616667	2.26488765e-07	
1.27775000	2.35813617e-07	
1.27933333	6.25227902e-07	
1.28091667	5.92603135e-07	
1.28250000	4.90277303e-07	
1.28408333	5.84867731e-07	
1.28566667	4.73728505e-07	
1.28725000	4.27059118e-07	
1.28883333	3.76984584e-07	
1.29041667	2.53953475e-07	
1.29200000	2.23299156e-07	
1.29358333	1.07467310e-07	
1.29516667	1.14181850e-07	
1.29675000	2.37135192e-07	
1.29833333	5.25364109e-07	
1.29991667	6.06127629e-07	
1.30150000	5.13829272e-07	
1.30308333	5.78299477e-07	
1.30466667	5.09592906e-07	
1.30625000	6.25054799e-07	
1.30783333	6.85419571e-07	
1.30941667	1.46754529e-07	
1.31100000	1.67150364e-07	
1.31258333	4.25630018e-08	
1.31416667	1.25148984e-07	
1.31575000	1.40869575e-07	
1.31733333	2.26807909e-07	
1.31891667	4.76017159e-07	
1.32050000	4.22781675e-07	
1.32208333	5.00993944e-07	
1.32366667	4.80036572e-07	
1.32525000	5.48613497e-07	
1.32683333	5.93019289e-07	
1.32841667	3.64506020e-07	
1.33000000	2.35546233e-07	
1.33158333	2.98720736e-07	
1.33316667	2.81176857e-07	
1.33475000	2.37187779e-07	
1.33633333	1.47264348e-07	
1.33791667	4.31811268e-07	
1.33950000	5.05660185e-07	
1.34108333	4.74376062e-07	
1.34266667	4.47498244e-07	
1.34425000	2.42891187e-07	
1.34583333	6.09714478e-07	
1.34741667	1.85982063e-07	
1.34900000	2.94054634e-07	
1.35058333	2.04191364e-07	
1.35216667	1.86241985e-07	
1.35375000	3.11467888e-07	
1.35533333	2.16316552e-07	
1.35691667	2.74367399e-07	
1.35850000	4.82102952e-07	
1.36008333	6.01979635e-07	
1.36166667	5.54792534e-07	
1.36325000	4.60901941e-07	
1.36483333	6.43281153e-07	
1.36641667	6.95875968e-07	
1.36800000	3.05678376e-07	
1.36958333	2.46219192e-07	
1.37116667	2.19075093e-08	
1.37275000	1.46919022e-07	
1.37433333	1.46746297e-07	
1.37591667	1.69120953e-07	
1.37750000	1.86398148e-07	
1.37908333	3.30136185e-07	
1.38066667	4.57220560e-07	
1.38225000	5.06525088e-07	
1.38383333	5.50644764e-07	
1.38541667	7.01323501e-07	
1.38700000	4.50220722e-07	
1.38858333	4.59044982e-07	
1.39016667	2.07544865e-07	
1.39175000	2.01710887e-07	
1.39333333	2.66450380e-07	
1.39491667	1.84730001e-07	
1.39650000	3.03335819e-07	
1.39808333	4.44733288e-07	
1.39966667	4.42830938e-07	
1.40125000	5.74151371e-07	
1.40283333	5.62310591e-07	
1.40441667	4.92566910e-07	
1.40600000	6.05825104e-07	
1.40758333	4.06688596e-07	
1.40916667	2.89586418e-07	
1.41075000	1.77478488e-07	
1.41233333	2.54429300e-07	
1.41391667	4.70740567e-08	
1.41550000	2.07849599e-08	
1.41708333	3.44317786e-07	
1.41866667	5.42433787e-07	
1.42025000	6.87928036e-07	
1.42183333	5.65336631e-07	
1.42341667	5.77521938e-07	
1.42500000	5.47230123e-07	
1.42658333	5.78645292e-07	
1.42816667	2.38543012e-07	
1.42975000	1.39569288e-08	
1.43133333	1.24795706e-07	
1.43291667	1.74798893e-07	
1.43450000	-1.53058368e-08	
1.43608333	2.66354196e-07	
1.43766667	2.64022055e-07	
1.43925000	4.04805932e-07	
1.44083333	5.88152671e-07	
1.44241667	5.37032233e-07	
1.44400000	6.87149601e-07	
1.44558333	6.35459114e-07	
1.44716667	4.94814123e-07	
1.44875000	3.95383677e-07	
1.45033333	1.93544320e-07	
1.45191667	2.45657711e-07	
1.45350000	2.05694780e-07	
1.45508333	3.81773386e-07	
1.45666667	4.18313542e-07	
1.45825000	3.68551333e-07	
1.45983333	6.33133945e-07	
1.46141667	5.76744063e-07	
1.46300000	6.00422933e-07	
1.46458333	6.06862102e-07	
1.46616667	4.51644922e-07	
1.46775000	2.82127639e-07	
1.46933333	-1.47789634e-08	
1.47091667	1.26108713e-07	
1.47250000	1.35251851e-07	
1.47408333	-2.39657976e-08	
1.47566667	1.39220269e-08	
1.47725000	3.05592748e-07	
1.47883333	3.55276218e-07	
1.48041667	4.79733766e-07	
1.48200000	4.73900320e-07	
1.48358333	6.30022166e-07	
1.48516667	6.49855680e-07	
1.48675000	3.96178941e-07	
1.48833333	3.17378869e-07	
1.48991667	6.44017348e-08	
1.49150000	3.60168289e-07	
1.49308333	1.80882810e-07	
1.49466667	2.07855441e-07	
1.49625000	2.60997555e-07	
1.49783333	4.05757275e-07	
@ 
0.00000000	5.25884485e-07	
0.00158333	5.19963675e-07	
0.00316667	6.92248406e-07	
0.00475000	5.80804973e-07	
0.00633333	6.23931108e-07	
0.00791667	4.89631258e-07	
0.00950000	1.18442515e-07	
0.01108333	2.85973556e-07	
0.01266667	2.88696202e-07	
0.01425000	1.04434123e-07	
0.01583333	1.44982861e-07	
0.01741667	3.31992221e-07	
0.01900000	4.31596666e-07	
0.02058333	5.80416036e-07	
0.02216667	6.32011263e-07	
0.02375000	7.13724865e-07	
0.02533333	4.39331285e-07	
0.02691667	5.74366420e-07	
0.02850000	1.71324945e-07	
0.03008333	7.66051023e-08	
0.03166667	2.02229960e-07	
0.03325000	1.89656136e-07	
0.03483333	1.82524776e-07	
0.03641667	2.64861057e-07	
0.03800000	2.60607778e-07	
0.03958333	4.69838962e-07	
0.04116667	4.67159382e-07	
0.04275000	5.81800138e-07	
0.04433333	5.97484594e-07	
0.04591667	4.92482794e-07	
0.04750000	3.72205161e-07	
0.04908333	1.19203533e-07	
0.05066667	2.50539478e-07	
0.05225000	2.39435300e-07	
0.05383333	4.52467291e-07	
0.05541667	2.97606006e-07	
0.05700000	4.14526260e-07	
0.05858333	4.67832728e-07	
0.06016667	4.21485188e-07	
0.06175000	4.42657582e-07	
0.06333333	6.08937107e-07	
0.06491667	5.48957296e-07	
0.06650000	6.98305245e-07	
0.06808333	2.67903393e-07	
0.06966667	2.62215722e-07	
0.07125000	2.35112774e-07	
0.07283333	2.45310999e-07	
0.07441667	3.90502638e-07	
0.07600000	2.81219391e-07	
0.07758333	5.90413492e-07	
0.07916667	6.16628157e-07	
0.08075000	4.67548627e-07	
0.08233333	4.88980789e-07	
0.08391667	4.32504327e-07	
0.08550000	5.50256498e-07	
0.08708333	4.38725114e-07	
0.08866667	2.74738668e-07	
0.09025000	2.50712274e-07	
0.09183333	2.10136185e-07	
0.09341667	2.23273548e-07	
0.09500000	8.15222980e-08	
0.09658333	8.65608581e-08	
0.09816667	4.37775731e-07	
0.09975000	5.18623031e-07	
0.10133333	5.89449353e-07	
0.10291667	5.74149243e-07	
0.10450000	5.03015915e-07	
0.10608333	5.97571677e-07	
0.10766667	2.56773146e-07	
0.10925000	2.64653147e-07	
0.11083333	1.79716110e-07	
0.11241667	3.48413558e-07	
0.11400000	2.35027090e-07	
0.11558333	4.43002978e-08	
0.11716667	2.92929964e-07	
0.11875000	2.66769902e-07	
0.12033333	4.66338217e-07	
0.12191667	5.46192116e-07	
0.12350000	5.99387111e-07	
0.12508333	6.43030261e-07	
0.12666667	4.50566117e-07	
0.12825000	1.26419611e-07	
0.12983333	1.25226169e-07	
0.13141667	1.44801805e-07	
0.13300000	2.65750432e-07	
0.13458333	1.71549250e-07	
0.13616667	1.16757602e-07	
0.13775000	3.21322370e-07	
0.13933333	3.97415252e-07	
0.14091667	6.12436480e-07	
0.14250000	5.18711235e-07	
0.14408333	5.42347824e-07	
0.14566667	5.93096573e-07	
0.14725000	5.47792780e-07	
0.14883333	2.66734873e-07	
0.15041667	1.94883537e-07	
0.15200000	4.63098108e-07	
0.15358333	3.13923962e-07	
0.15516667	1.90130449e-07	
0.15675000	2.48984400e-07	
0.15833333	3.47938880e-07	
0.15991667	4.45164507e-07	
0.16150000	5.32322926e-07	
0.16308333	4.49183723e-07	
0.16466667	6.31537146e-07	
0.16625000	6.21857727e-07	
0.16783333	4.97062232e-07	
0.16941667	2.32771435e-07	
0.17100000	1.74988994e-07	
0.17258333	2.68533057e-07	
0.17416667	1.02779870e-09	
0.17575000	2.81695636e-07	
0.17733333	4.50002984e-07	
0.17891667	3.70623314e-07	
0.18050000	6.05998712e-07	
0.18208333	3.69199590e-07	
0.18366667	4.65992205e-07	
0.18525000	6.14337934e-07	
0.18683333	4.12108744e-07	
0.18841667	3.78447229e-07	
0.19000000	1.35554572e-07	
0.19158333	2.36798701e-07	
0.19316667	1.32874964e-07	
0.19475000	1.59804865e-07	
0.19633333	1.67212177e-07	
0.19791667	2.63928559e-07	
0.19950000	6.38016356e-07	
0.20108333	5.64557524e-07	
0.20266667	5.35088330e-07	
0.20425000	6.32613626e-07	
0.20583333	4.72489449e-07	
0.20741667	3.17025129e-07	
0.20900000	2.12280955e-07	
0.21058333	1.32010971e-07	
0.21216667	2.80701087e-07	
0.21375000	2.46903067e-07	
0.21533333	9.68090379e-08	
0.21691667	1.38872973e-07	
0.21850000	4.02211980e-07	
0.22008333	6.02756950e-07	
0.22166667	4.96414506e-07	
0.22325000	4.81418938e-07	
0.22483333	5.05921717e-07	
0.22641667	4.78742242e-07	
0.22800000	3.78402259e-07	
0.22958333	1.87841207e-07	
0.23116667	2.78541042e-07	
0.23275000	2.11450970e-07	
0.23433333	2.19817339e-07	
0.23591667	1.55656058e-07	
0.23750000	4.38940584e-07	
0.23908333	6.82915083e-07	
0.24066667	4.97926686e-07	
0.24225000	5.95582972e-07	
0.24383333	4.76751912e-07	
0.24541667	5.13266671e-07	
0.24700000	4.62924164e-07	
0.24858333	1.25269711e-07	
0.25016667	2.09187096e-07	
0.25175000	2.83380359e-07	
0.25333333	1.14683500e-07	
0.25491667	1.65975207e-07	
0.25650000	1.68031788e-07	
0.25808333	4.91315478e-07	
0.25966667	6.42986187e-07	
0.26125000	4.78394634e-07	
0.26283333	6.08548170e-07	
0.26441667	5.40835028e-07	
0.26600000	5.17328085e-07	
0.26758333	3.47470055e-07	
0.26916667	3.18640193e-08	
0.27075000	2.19384664e-07	
0.27233333	1.32226917e-07	
0.27391667	2.47645688e-07	
0.27550000	2.22703219e-07	
0.27708333	4.10294038e-07	
0.27866667	6.21987933e-07	
0.28025000	4.76019287e-07	
0.28183333	5.66200638e-07	
0.28341667	5.76829075e-07	
0.28500000	4.90579045e-07	
0.28658333	3.18097829e-07	
0.28816667	1.96309487e-07	
0.28975000	2.78758108e-07	
0.29133333	1.55751235e-07	
0.29291667	1.54438060e-07	
0.29450000	2.52830261e-07	
0.29608333	1.72681018e-07	
0.29766667	2.68757375e-07	
0.29925000	5.67322648e-07	
0.30083333	5.15081208e-07	
0.30241667	5.97269376e-07	
0.30400000	4.10983737e-07	
0.30558333	5.90571643e-07	
0.30716667	3.66519590e-07	
0.30875000	8.14705586e-08	
0.31033333	9.76573500e-08	
0.31191667	1.98513815e-07	
0.31350000	2.19298462e-07	
0.31508333	1.90199514e-07	
0.31666667	1.84832444e-07	
0.31825000	4.42487475e-07	
0.31983333	4.34274482e-07	
0.32141667	4.39892822e-07	
0.32300000	4.28830282e-07	
0.32458333	5.94458946e-07	
0.32616667	7.08278061e-07	
0.32775000	4.58094143e-07	
0.32933333	2.35372709e-07	
0.33091667	1.97951172e-07	
0.33250000	3.80347422e-07	
0.33408333	3.38518838e-07	
0.33566667	2.40298410e-07	
0.33725000	4.69198629e-07	
0.33883333	6.24935681e-07	
0.34041667	6.30584487e-07	
0.34200000	4.83494559e-07	
0.34358333	5.15684299e-07	
0.34516667	5.60798579e-07	
0.34675000	4.98660263e-07	
0.34833333	1.99742315e-07	
0.34991667	1.10491306e-07	
0.35150000	1.83000573e-07	
0.35308333	4.47541898e-07	
0.35466667	2.51274091e-07	
0.35625000	3.32425624e-07	
0.35783333	5.00216685e-07	
0.35941667	5.75878936e-07	
0.36100000	6.54913490e-07	
0.36258333	5.09767074e-07	
0.36416667	4.91660565e-07	
0.36575000	6.46273479e-07	
0.36733333	1.73969286e-07	
0.36891667	1.58932779e-07	
0.37050000	6.70204823e-08	
0.37208333	2.71929918e-07	
0.37366667	2.41828903e-07	
0.37525000	3.45174120e-07	
0.37683333	7.33879778e-07	
0.37841667	8.11383447e-07	
0.38000000	9.95892798e-07	
0.38158333	9.41536535e-07	
0.38316667	9.97278077e-07	
0.38475000	1.03417287e-06	
0.38633333	7.93796194e-07	
0.38791667	7.52167342e-07	
0.38950000	4.72560124e-07	
0.39108333	5.21735987e-07	
0.39266667	5.36426846e-07	
0.39425000	6.10581173e-07	
0.39583333	6.54178177e-07	
0.39741667	9.31511974e-07	
0.39900000	8.72699703e-07	
0.40058333	9.79690823e-07	
0.40216667	8.36447988e-07	
0.40375000	9.98488627e-07	
0.40533333	8.99541371e-07	
0.40691667	7.58316138e-07	
0.40850000	6.48647257e-07	
0.41008333	4.49658765e-07	
0.41166667	6.98331791e-07	
0.41325000	6.81360173e-07	
0.41483333	4.54239238e-07	
0.41641667	7.07961591e-07	
0.41800000	7.49416163e-07	
0.41958333	8.60513892e-07	
0.42116667	7.06766217e-07	
0.42275000	8.62588393e-07	
0.42433333	9.89718521e-07	
0.42591667	8.81946446e-07	
0.42750000	9.78222886e-07	
0.42908333	5.49952069e-07	
0.43066667	7.01019799e-07	
0.43225000	7.58188732e-07	
0.43383333	6.47307005e-07	
0.43541667	6.60485404e-07	
0.43700000	7.11779114e-07	
0.43858333	9.93213862e-07	
0.44016667	9.25678472e-07	
0.44175000	9.04027060e-07	
0.44333333	9.99178802e-07	
0.44491667	9.51950651e-07	
0.44650000	8.42380614e-07	
0.44808333	6.72156160e-07	
0.44966667	5.14174303e-07	
0.45125000	6.29461916e-07	
0.45283333	5.35347453e-07	
0.45441667	5.79854667e-07	
0.45600000	5.71515612e-07	
0.45758333	8.66732523e-07	
0.45916667	1.01836672e-06	
0.46075000	8.79828935e-07	
0.46233333	8.82121117e-07	
0.46391667	9.52297978e-07	
0.46550000	1.00216217e-06	
0.46708333	8.87219194e-07	
0.46866667	5.06585403e-07	
0.47025000	5.54490400e-07	
0.47183333	6.66797112e-07	
0.47341667	6.17145116e-07	
0.47500000	6.40738694e-07	
0.47658333	5.89101969e-07	
0.47816667	9.07839711e-07	
0.47975000	9.25501896e-07	
0.48133333	9.28355952e-07	
0.48291667	1.11599624e-06	
0.48450000	1.06355503e-06	
0.48608333	8.94003171e-07	
0.48766667	9.46591546e-07	
0.48925000	7.37968297e-07	
0.49083333	6.98168879e-07	
0.49241667	5.88367048e-07	
0.49400000	5.68965090e-07	
0.49558333	6.12350405e-07	
0.49716667	7.05949868e-07	
0.49875000	9.25244340e-07	
0.50033333	8.82812580e-07	
0.50191667	9.88679675e-07	
0.50350000	9.84140223e-07	
0.50508333	1.01564264e-06	
0.50666667	9.64392841e-07	
0.50825000	5.59847209e-07	
0.50983333	6.25356932e-07	
0.51141667	6.82224236e-07	
0.51300000	6.09194999e-07	
0.51458333	6.09109147e-07	
0.51616667	7.40041454e-07	
0.51775000	9.88843538e-07	
0.51933333	9.79734841e-07	
0.52091667	9.12324841e-07	
0.52250000	9.09908052e-07	
0.52408333	9.55448568e-07	
0.52566667	9.78909700e-07	
0.52725000	5.43338508e-07	
0.52883333	5.27223393e-07	
0.53041667	5.82880482e-07	
0.53200000	5.39064004e-07	
0.53358333	5.48828490e-07	
0.53516667	5.47965492e-07	
0.53675000	7.85757482e-07	
0.53833333	8.66434590e-07	
0.53991667	9.64655717e-07	
0.54150000	1.14311780e-06	
0.54308333	9.63876498e-07	
0.54466667	1.09199737e-06	
0.54625000	1.08323029e-06	
0.54783333	4.72562476e-07	
0.54941667	6.51974591e-07	
0.55100000	6.31579091e-07	
0.55258333	7.15885330e-07	
0.55416667	5.39065292e-07	
0.55575000	5.77323241e-07	
0.55733333	8.45215125e-07	
0.55891667	9.51646781e-07	
0.56050000	9.60114361e-07	
0.56208333	8.69846991e-07	
0.56366667	9.43003129e-07	
0.56525000	9.77446131e-07	
0.56683333	7.24051337e-07	
0.56841667	5.06870736e-07	
0.57000000	5.00604839e-07	
0.57158333	4.66856380e-07	
0.57316667	6.76950199e-07	
0.57475000	5.96144901e-07	
0.57633333	9.01667899e-07	
0.57791667	1.03741978e-06	
0.57950000	8.79701361e-07	
0.58108333	1.04403323e-06	
0.58266667	8.67427570e-07	
0.58425000	1.17232737e-06	
0.58583333	8.84326216e-07	
0.58741667	7.77633645e-07	
0.58900000	6.30109753e-07	
0.59058333	4.99049425e-07	
0.59216667	5.67669696e-07	
0.59375000	6.42942057e-07	
0.59533333	5.46753933e-07	
0.59691667	7.91291762e-07	
0.59850000	9.47454657e-07	
0.60008333	1.01394050e-06	
0.60166667	9.83278008e-07	
0.60325000	1.19020091e-06	
0.60483333	1.17768513e-06	
0.60641667	1.07864626e-06	
0.60800000	9.16428705e-07	
0.60958333	9.35483504e-07	
0.61116667	1.09817579e-06	
0.61275000	1.16377209e-06	
0.61433333	1.15457021e-06	
0.61591667	1.49538683e-06	
0.61750000	1.66930386e-06	
0.61908333	1.89368600e-06	
0.62066667	2.02558155e-06	
0.62225000	2.12189086e-06	
0.62383333	2.39655451e-06	
0.62541667	2.46665420e-06	
0.62700000	2.55620132e-06	
0.62858333	3.03148860e-06	
0.63016667	4.05250760e-06	
0.63175000	6.22374832e-06	
0.63333333	8.52323211e-06	
0.63491667	1.13601492e-05	
0.63650000	1.52379002e-05	
0.63808333	2.01170686e-05	
0.63966667	2.54730270e-05	
0.64125000	3.15567583e-05	
0.64283333	3.77248590e-05	
0.64441667	4.37669943e-05	
0.64600000	5.01558111e-05	
0.64758333	6.00816535e-05	
0.64916667	7.57973098e-05	
0.65075000	9.47232273e-05	
0.65233333	1.16126968e-04	
0.65391667	1.41480577e-04	
0.65550000	1.81051447e-04	
0.65708333	2.36637939e-04	
0.65866667	2.61611741e-04	
0.66025000	2.62138813e-04	
0.66183333	3.35136929e-04	
0.66341667	5.51202473e-04	
0.66500000	8.93239285e-04	
0.66658333	7.92405429e-04	
0.66816667	9.92596122e-04	
0.66975000	2.30009489e-03	
0.67133333	7.55315156e-03	
0.67291667	1.45993805e-02	
0.67450000	1.22254866e-02	
0.67608333	1.04043273e-02	
0.67766667	1.23976547e-02	
0.67925000	1.89829929e-02	
0.68083333	2.87461433e-02	
0.68241667	4.00016516e-02	
0.68400000	6.62128562e-02	
0.68558333	9.72420905e-02	
0.68716667	8.08349368e-02	
0.68875000	8.67596141e-02	
0.69033333	1.07194035e-01	
0.69191667	1.15097483e-01	
0.69350000	1.35900625e-01	
0.69508333	1.55419600e-01	
0.69666667	1.76796729e-01	
0.69825000	1.96695744e-01	
0.69983333	2.18285317e-01	
0.70141667	2.27252171e-01	
0.70300000	2.60831814e-01	
0.70458333	2.79613244e-01	
0.70616667	3.16353867e-01	
0.70775000	3.09098683e-01	
0.70933333	2.89597721e-01	
0.71091667	3.13205644e-01	
0.71250000	2.85680581e-01	
0.71408333	3.50325294e-01	
0.71566667	9.66945216e-01	
0.71725000	2.80338454e+00	
0.71883333	4.94982482e+00	
0.72041667	5.56820223e+00	
0.72200000	7.69570908e+00	
0.72358333	2.06272864e+01	
0.72516667	2.33812434e+01	
0.72675000	2.50601826e+01	
0.72833333	2.81060177e+01	
0.72991667	2.88669348e+01	
0.73150000	2.91014092e+01	
0.73308333	2.96025457e+01	
0.73466667	3.03489860e+01	
