start voltage : 0.00 V 
set voltage : 0.10 V 
High G : 30.00 G0 
Intermediate G : 20.00 G0 
Low G : 10.00 G0 
Breaking speed 1 : 300.00 V/s 
Breaking speed 2 : 300.00 V/s 
Making speed : 500.00 V/s 
Post breaking : 230.00 V/s 
@ 
0.00000000	3.00462070e+01	
0.00158333	3.02983885e+01	
0.00316667	3.04709661e+01	
0.00475000	3.02364466e+01	
0.00633333	3.04349149e+01	
0.00791667	3.03373823e+01	
0.00950000	3.02407686e+01	
0.01108333	3.01227741e+01	
0.01266667	2.95156847e+01	
0.01425000	2.97190463e+01	
0.01583333	2.96722634e+01	
0.01741667	2.96735205e+01	
0.01900000	2.96336077e+01	
0.02058333	2.94997402e+01	
0.02216667	2.96322698e+01	
0.02375000	2.95211266e+01	
0.02533333	2.94287748e+01	
0.02691667	2.93006724e+01	
0.02850000	2.93905438e+01	
0.03008333	2.94306652e+01	
0.03166667	2.92633510e+01	
0.03325000	2.93268093e+01	
0.03483333	2.92533954e+01	
0.03641667	2.92894052e+01	
0.03800000	2.93336644e+01	
0.03958333	2.91787900e+01	
0.04116667	2.92181353e+01	
0.04275000	2.91014600e+01	
0.04433333	2.90962059e+01	
0.04591667	2.92439602e+01	
0.04750000	2.92696498e+01	
0.04908333	2.93466529e+01	
0.05066667	2.90267663e+01	
0.05225000	2.89539838e+01	
0.05383333	2.90251146e+01	
0.05541667	2.89784933e+01	
0.05700000	2.89836290e+01	
0.05858333	2.89290890e+01	
0.06016667	2.88248648e+01	
0.06175000	2.88927034e+01	
0.06333333	2.87258233e+01	
0.06491667	2.88435904e+01	
0.06650000	2.88860118e+01	
0.06808333	2.87925043e+01	
0.06966667	2.87901291e+01	
0.07125000	2.87243200e+01	
0.07283333	2.88693458e+01	
0.07441667	2.85082517e+01	
0.07600000	2.82444684e+01	
0.07758333	2.79235521e+01	
0.07916667	2.75936873e+01	
0.08075000	2.77036917e+01	
0.08233333	2.79469529e+01	
0.08391667	2.79018462e+01	
0.08550000	2.79120179e+01	
0.08708333	2.77556459e+01	
0.08866667	2.77168888e+01	
0.09025000	2.76660658e+01	
0.09183333	2.76802401e+01	
0.09341667	2.77031486e+01	
0.09500000	2.76881870e+01	
0.09658333	2.75895494e+01	
0.09816667	2.72607895e+01	
0.09975000	2.66994814e+01	
0.10133333	2.64970462e+01	
0.10291667	2.58459869e+01	
0.10450000	2.57520660e+01	
0.10608333	2.56972310e+01	
0.10766667	2.57542853e+01	
0.10925000	2.57391131e+01	
0.11083333	2.57090433e+01	
0.11241667	2.57665861e+01	
0.11400000	2.56958950e+01	
0.11558333	2.56768763e+01	
0.11716667	2.56954102e+01	
0.11875000	2.55252415e+01	
0.12033333	2.56386077e+01	
0.12191667	2.55392317e+01	
0.12350000	2.57106236e+01	
0.12508333	2.55484338e+01	
0.12666667	2.52650061e+01	
0.12825000	2.51531752e+01	
0.12983333	2.49656754e+01	
0.13141667	2.31910113e+01	
0.13300000	2.24821424e+01	
0.13458333	2.28147789e+01	
0.13616667	2.27845174e+01	
0.13775000	2.25506857e+01	
0.13933333	2.27127251e+01	
0.14091667	2.25729102e+01	
0.14250000	2.21958547e+01	
0.14408333	2.20134022e+01	
0.14566667	2.17281687e+01	
0.14725000	2.18599579e+01	
0.14883333	2.16630643e+01	
0.15041667	2.17161629e+01	
0.15200000	2.17654150e+01	
0.15358333	2.15806192e+01	
0.15516667	2.16821976e+01	
0.15675000	2.16812731e+01	
0.15833333	2.16010792e+01	
0.15991667	2.14814574e+01	
0.16150000	2.13522106e+01	
0.16308333	2.15755737e+01	
0.16466667	2.13578142e+01	
0.16625000	2.12579609e+01	
0.16783333	2.12317094e+01	
0.16941667	2.09198016e+01	
0.17100000	2.01687537e+01	
0.17258333	2.00010054e+01	
0.17416667	1.89230504e+01	
0.17575000	1.80742199e+01	
0.17733333	1.79542956e+01	
0.17891667	1.78160760e+01	
0.18050000	1.80075145e+01	
0.18208333	1.79756745e+01	
0.18366667	1.80178479e+01	
0.18525000	1.77801526e+01	
0.18683333	1.74477247e+01	
0.18841667	1.74762837e+01	
0.19000000	1.74705580e+01	
0.19158333	1.73746790e+01	
0.19316667	1.73409843e+01	
0.19475000	1.74070452e+01	
0.19633333	1.73506374e+01	
0.19791667	1.70207313e+01	
0.19950000	1.69783362e+01	
0.20108333	1.69761357e+01	
0.20266667	1.71126227e+01	
0.20425000	1.70184838e+01	
0.20583333	1.67939538e+01	
0.20741667	1.65750048e+01	
0.20900000	1.65021245e+01	
0.21058333	1.63972915e+01	
0.21216667	1.63452095e+01	
0.21375000	1.63172931e+01	
0.21533333	1.63584310e+01	
0.21691667	1.62440107e+01	
0.21850000	1.62231786e+01	
0.22008333	1.59047483e+01	
0.22166667	1.58943191e+01	
0.22325000	1.57544637e+01	
0.22483333	1.52147224e+01	
0.22641667	1.51754560e+01	
0.22800000	1.39400598e+01	
0.22958333	1.34161370e+01	
0.23116667	1.32360212e+01	
0.23275000	1.26051598e+01	
0.23433333	1.26520564e+01	
0.23591667	1.25396241e+01	
0.23750000	1.25166423e+01	
0.23908333	1.23186926e+01	
0.24066667	1.22041435e+01	
0.24225000	1.21254934e+01	
0.24383333	1.21213630e+01	
0.24541667	1.21286757e+01	
0.24700000	1.19808349e+01	
0.24858333	1.19125106e+01	
0.25016667	1.18580693e+01	
0.25175000	1.18699689e+01	
0.25333333	1.20030914e+01	
0.25491667	1.19684646e+01	
0.25650000	1.19459366e+01	
0.25808333	1.18565519e+01	
0.25966667	1.17816168e+01	
0.26125000	1.16745598e+01	
0.26283333	1.15403306e+01	
0.26441667	1.15435289e+01	
0.26600000	1.14572278e+01	
0.26758333	1.14283183e+01	
0.26916667	1.13879226e+01	
0.27075000	1.12721351e+01	
0.27233333	1.10895784e+01	
0.27391667	9.63377965e+00	
0.27550000	9.69939613e+00	
0.27708333	9.57881408e+00	
0.27866667	9.53405972e+00	
0.28025000	9.35859196e+00	
0.28183333	9.08017124e+00	
0.28341667	8.85700734e+00	
0.28500000	8.95390950e+00	
0.28658333	9.03950869e+00	
0.28816667	9.08660069e+00	
0.28975000	9.00724680e+00	
0.29133333	8.98196683e+00	
0.29291667	8.88072011e+00	
0.29450000	8.71055527e+00	
0.29608333	8.79437021e+00	
0.29766667	8.81369803e+00	
0.29925000	8.78390814e+00	
0.30083333	8.72002421e+00	
0.30241667	8.62815718e+00	
0.30400000	8.62360874e+00	
0.30558333	8.49331345e+00	
0.30716667	8.40340730e+00	
0.30875000	8.52201626e+00	
0.31033333	8.47047542e+00	
0.31191667	8.03445654e+00	
0.31350000	6.59565787e+00	
0.31508333	6.57437716e+00	
0.31666667	6.52022432e+00	
0.31825000	6.37066698e+00	
0.31983333	5.91035656e+00	
0.32141667	5.74439581e+00	
0.32300000	5.50741699e+00	
0.32458333	5.55913166e+00	
0.32616667	5.58801299e+00	
0.32775000	5.91494446e+00	
0.32933333	5.34263680e+00	
0.33091667	4.90164950e+00	
0.33250000	4.48669617e+00	
0.33408333	4.35627733e+00	
0.33566667	4.43615315e+00	
0.33725000	4.28242883e+00	
0.33883333	4.31907427e+00	
0.34041667	4.32873770e+00	
0.34200000	4.10266820e+00	
0.34358333	4.13577147e+00	
0.34516667	4.45127875e+00	
0.34675000	4.50120355e+00	
0.34833333	4.45764948e+00	
0.34991667	4.22232901e+00	
0.35150000	4.28667332e+00	
0.35308333	4.02973672e+00	
0.35466667	3.96455995e+00	
0.35625000	3.88854904e+00	
0.35783333	3.82526737e+00	
0.35941667	3.74812827e+00	
0.36100000	3.56861616e+00	
0.36258333	3.47440514e+00	
0.36416667	3.29666129e+00	
0.36575000	3.29299416e+00	
0.36733333	3.26768389e+00	
0.36891667	3.21588560e+00	
0.37050000	3.11642171e+00	
0.37208333	3.02510174e+00	
0.37366667	3.11010547e+00	
0.37525000	3.43451421e+00	
0.37683333	3.35065511e+00	
0.37841667	3.42218147e+00	
0.38000000	3.38156096e+00	
0.38158333	2.91088901e+00	
0.38316667	2.05717022e+00	
0.38475000	2.00802150e+00	
0.38633333	2.03705950e+00	
0.38791667	2.02952935e+00	
0.38950000	1.49652751e+00	
0.39108333	1.48524202e+00	
0.39266667	1.49722737e+00	
0.39425000	1.62135652e+00	
0.39583333	1.69941005e+00	
0.39741667	1.54703366e+00	
0.39900000	1.55571090e+00	
0.40058333	1.59377109e+00	
0.40216667	1.57921662e+00	
0.40375000	1.54940900e+00	
0.40533333	1.51545730e+00	
0.40691667	1.46172116e+00	
0.40850000	1.43501246e+00	
0.41008333	1.44651745e+00	
0.41166667	1.40527331e+00	
0.41325000	1.42015651e+00	
0.41483333	1.38882374e+00	
0.41641667	1.35445840e+00	
0.41800000	1.33695580e+00	
0.41958333	1.30046011e+00	
0.42116667	1.29644946e+00	
0.42275000	1.26422703e+00	
0.42433333	1.19529352e+00	
0.42591667	1.17402092e+00	
0.42750000	8.90785267e-01	
0.42908333	7.34599407e-01	
0.43066667	7.55453961e-01	
0.43225000	7.19472096e-01	
0.43383333	7.47743469e-01	
0.43541667	7.68653046e-01	
0.43700000	6.35671125e-01	
0.43858333	4.75566363e-01	
0.44016667	5.63949276e-01	
0.44175000	4.55648880e-01	
0.44333333	1.42946197e-01	
0.44491667	1.68495411e-01	
0.44650000	1.19412639e-01	
0.44808333	9.96493400e-02	
0.44966667	1.05669354e-01	
0.45125000	1.31214142e-01	
0.45283333	1.40943042e-01	
0.45441667	1.12511664e-01	
0.45600000	1.19920695e-01	
0.45758333	9.89138138e-02	
0.45916667	9.58960958e-02	
0.46075000	8.07483646e-02	
0.46233333	7.41648972e-02	
0.46391667	7.90462963e-02	
0.46550000	9.25736867e-02	
0.46708333	8.87218908e-02	
0.46866667	1.02101977e-02	
0.47025000	3.10852154e-05	
0.47183333	-2.23451066e-05	
0.47341667	1.86311624e-06	
0.47500000	1.03965036e-04	
0.47658333	1.65815070e-03	
0.47816667	1.22512959e-03	
0.47975000	5.05430331e-04	
0.48133333	1.75190432e-03	
0.48291667	6.28266519e-04	
0.48450000	1.24639537e-04	
0.48608333	1.70364311e-04	
0.48766667	1.84548406e-03	
0.48925000	9.59567994e-04	
0.49083333	1.11730608e-04	
0.49241667	1.15241093e-04	
0.49400000	6.30713726e-04	
0.49558333	9.72738839e-04	
0.49716667	3.07242581e-04	
0.49875000	3.02746094e-04	
0.50033333	5.90842088e-04	
0.50191667	6.04091383e-04	
0.50350000	3.77900183e-04	
0.50508333	3.86444421e-04	
0.50666667	5.04673356e-04	
0.50825000	5.05050697e-04	
0.50983333	4.22308624e-04	
0.51141667	2.98527794e-04	
0.51300000	1.49382332e-04	
0.51458333	6.52179208e-05	
0.51616667	3.41400745e-05	
0.51775000	1.85841391e-05	
0.51933333	9.56452222e-06	
0.52091667	3.46305987e-06	
0.52250000	1.34016393e-07	
0.52408333	-1.74527239e-06	
0.52566667	-2.64562748e-06	
0.52725000	-2.65871751e-06	
0.52883333	-2.67375329e-06	
0.53041667	-2.04277745e-06	
0.53200000	-1.65751724e-06	
0.53358333	-1.53892912e-06	
0.53516667	-1.10328221e-06	
0.53675000	-9.25614237e-07	
0.53833333	-4.14423972e-07	
0.53991667	-1.65137200e-07	
0.54150000	-3.36957915e-08	
0.54308333	2.26169914e-07	
0.54466667	6.70642916e-07	
0.54625000	7.22279753e-07	
0.54783333	6.82137040e-07	
0.54941667	7.08107029e-07	
0.55100000	8.47972465e-07	
0.55258333	8.26421634e-07	
0.55416667	6.27173318e-07	
0.55575000	4.66277678e-07	
0.55733333	4.40109496e-07	
0.55891667	4.10121102e-07	
0.56050000	3.81385177e-07	
0.56208333	4.91530639e-07	
0.56366667	6.59625990e-07	
0.56525000	8.50015437e-07	
0.56683333	6.42468220e-07	
0.56841667	6.31406324e-07	
0.57000000	7.91892725e-07	
0.57158333	6.97261135e-07	
0.57316667	5.62051468e-07	
0.57475000	4.43133380e-07	
0.57633333	2.09662250e-07	
0.57791667	3.82982985e-07	
0.57950000	4.22436139e-07	
0.58108333	4.44256258e-07	
0.58266667	5.88367720e-07	
0.58425000	5.28037837e-07	
0.58583333	8.30612862e-07	
0.58741667	9.12670992e-07	
0.58900000	1.00385008e-06	
0.59058333	9.35141609e-07	
0.59216667	7.12039022e-07	
0.59375000	4.51343656e-07	
0.59533333	1.36202704e-07	
0.59691667	2.05599449e-07	
0.59850000	2.79016028e-07	
0.60008333	3.00492123e-07	
0.60166667	3.33637547e-07	
0.60325000	4.56840387e-07	
0.60483333	5.61012789e-07	
0.60641667	6.66925637e-07	
0.60800000	6.55389064e-07	
0.60958333	6.02711756e-07	
0.61116667	7.13981413e-07	
0.61275000	6.34214122e-07	
0.61433333	4.92911885e-07	
0.61591667	3.99749717e-07	
0.61750000	2.51663140e-07	
0.61908333	1.50980801e-07	
0.62066667	2.28415979e-07	
0.62225000	2.05297456e-07	
0.62383333	2.53279429e-07	
0.62541667	5.10112385e-07	
0.62700000	4.74635409e-07	
0.62858333	6.13948268e-07	
0.63016667	6.68481555e-07	
0.63175000	7.57024440e-07	
0.63333333	5.75706056e-07	
0.63491667	2.32944468e-07	
0.63650000	3.77028210e-07	
0.63808333	2.79405161e-07	
0.63966667	3.68938955e-07	
0.64125000	2.82257425e-07	
0.64283333	1.59752180e-07	
0.64441667	4.56660563e-07	
0.64600000	4.59425575e-07	
0.64758333	6.93933689e-07	
0.64916667	7.12471025e-07	
0.65075000	6.09540759e-07	
0.65233333	6.36722306e-07	
0.65391667	3.51138780e-07	
0.65550000	1.28484647e-07	
0.65708333	2.02142974e-07	
0.65866667	1.20845036e-07	
0.66025000	1.65992358e-07	
0.66183333	5.70303471e-09	
0.66341667	2.83554079e-07	
0.66500000	3.77150015e-07	
0.66658333	4.09688539e-07	
0.66816667	5.28519403e-07	
0.66975000	5.23860946e-07	
0.67133333	7.08839654e-07	
0.67291667	4.36523291e-07	
0.67450000	1.43851023e-07	
0.67608333	1.08460879e-07	
0.67766667	7.04775594e-08	
0.67925000	2.02574698e-07	
0.68083333	1.21061122e-07	
0.68241667	1.98080678e-07	
0.68400000	3.06698014e-07	
0.68558333	7.26386137e-07	
0.68716667	6.06559353e-07	
0.68875000	5.23853890e-07	
0.69033333	7.12817737e-07	
0.69191667	6.84124681e-07	
0.69350000	4.95635512e-07	
0.69508333	3.29642523e-07	
0.69666667	2.93276424e-07	
0.69825000	2.33471242e-07	
0.69983333	3.53946018e-07	
0.70141667	1.48595150e-07	
0.70300000	4.24336920e-07	
0.70458333	6.81014750e-07	
0.70616667	5.50688838e-07	
0.70775000	6.42727288e-07	
0.70933333	6.73278507e-07	
0.71091667	8.44222089e-07	
0.71250000	6.34820181e-07	
0.71408333	2.33593552e-07	
0.71566667	1.78350713e-07	
0.71725000	9.37254765e-08	
0.71883333	2.11917611e-07	
0.72041667	2.40238908e-07	
0.72200000	4.33971789e-07	
0.72358333	4.28658270e-07	
0.72516667	6.87709850e-07	
0.72675000	5.95583868e-07	
0.72833333	5.45069882e-07	
0.72991667	6.66667298e-07	
0.73150000	5.39277766e-07	
0.73308333	3.21363252e-07	
0.73466667	1.10000087e-07	
0.73625000	1.19073327e-07	
0.73783333	2.55336849e-07	
0.73941667	2.49331700e-07	
0.74100000	2.14821397e-07	
0.74258333	2.72448249e-07	
0.74416667	3.99316678e-07	
0.74575000	6.25574222e-07	
0.74733333	5.89362549e-07	
0.74891667	6.38623031e-07	
0.75050000	6.09281523e-07	
0.75208333	5.14847230e-07	
0.75366667	4.00700080e-07	
0.75525000	9.90837480e-08	
0.75683333	2.31094117e-07	
0.75841667	3.43271995e-07	
0.76000000	3.13863255e-07	
0.76158333	2.68170553e-07	
0.76316667	3.30179111e-07	
0.76475000	5.03674056e-07	
0.76633333	7.98937393e-07	
0.76791667	6.58845315e-07	
0.76950000	5.55137789e-07	
0.77108333	6.12047711e-07	
0.77266667	4.90520634e-07	
0.77425000	4.71781374e-08	
0.77583333	-4.08784637e-08	
0.77741667	1.45752406e-07	
0.77900000	7.58883052e-08	
0.78058333	8.84970959e-08	
0.78216667	1.53098102e-07	
0.78375000	3.19202675e-07	
0.78533333	4.75240180e-07	
0.78691667	4.07570692e-07	
0.78850000	6.46573204e-07	
0.79008333	5.57645078e-07	
0.79166667	6.54395915e-07	
0.79325000	4.41725057e-07	
0.79483333	2.01184491e-07	
0.79641667	8.06758060e-08	
0.79800000	2.50626534e-07	
0.79958333	3.49366300e-07	
0.80116667	3.73754807e-07	
0.80275000	3.76518923e-07	
0.80433333	4.90666745e-07	
0.80591667	4.48059389e-07	
0.80750000	5.15211134e-07	
0.80908333	5.40195423e-07	
0.81066667	6.13005746e-07	
0.81225000	6.34127878e-07	
0.81383333	4.20049592e-07	
0.81541667	8.91706942e-08	
0.81700000	1.64549159e-07	
0.81858333	2.23126010e-07	
0.82016667	2.67841958e-07	
0.82175000	1.72284703e-07	
0.82333333	3.99577705e-07	
0.82491667	4.73079211e-07	
0.82650000	5.42175056e-07	
0.82808333	7.35502395e-07	
0.82966667	5.39366474e-07	
0.83125000	6.03707649e-07	
0.83283333	4.98876937e-07	
0.83441667	3.90579638e-09	
0.83600000	2.69682985e-07	
0.83758333	9.63611368e-08	
0.83916667	2.77305403e-07	
0.84075000	1.79802466e-07	
0.84233333	1.40653895e-07	
0.84391667	3.18770923e-07	
0.84550000	3.13110722e-07	
0.84708333	5.25191846e-07	
0.84866667	6.51413781e-07	
0.85025000	5.36989167e-07	
0.85183333	6.15158763e-07	
0.85341667	4.35918716e-07	
0.85500000	1.66883176e-07	
0.85658333	2.21760991e-07	
0.85816667	1.57678113e-07	
0.85975000	3.32814534e-07	
0.86133333	2.90640469e-07	
0.86291667	5.02220007e-07	
0.86450000	5.53218303e-07	
0.86608333	5.72465023e-07	
0.86766667	6.16498231e-07	
0.86925000	6.37931176e-07	
0.87083333	7.05989350e-07	
0.87241667	5.59545299e-07	
0.87400000	2.45060276e-07	
0.87558333	8.34589419e-08	
0.87716667	1.83933127e-07	
0.87875000	2.36435805e-07	
0.88033333	2.48077383e-07	
0.88191667	1.57047441e-07	
0.88350000	4.08393285e-07	
0.88508333	3.68723597e-07	
0.88666667	4.99870478e-07	
0.88825000	5.58896790e-07	
0.88983333	6.21034098e-07	
0.89141667	5.53702725e-07	
0.89300000	3.31974412e-07	
0.89458333	1.77399874e-07	
0.89616667	7.76166687e-08	
0.89775000	1.97390811e-07	
0.89933333	3.42191650e-07	
0.90091667	2.53565574e-07	
0.90250000	1.94209056e-07	
0.90408333	4.64835278e-07	
0.90566667	7.40037870e-07	
0.90725000	4.25114823e-07	
0.90883333	4.67591945e-07	
0.91041667	6.47982059e-07	
0.91200000	6.51446767e-07	
0.91358333	5.28778359e-07	
0.91516667	1.65327566e-07	
0.91675000	6.09282209e-08	
0.91833333	2.30758270e-07	
0.91991667	1.84210774e-07	
0.92150000	2.07025399e-07	
0.92308333	3.76907216e-07	
0.92466667	6.37154926e-07	
0.92625000	4.02773601e-07	
0.92783333	3.78489315e-07	
0.92941667	5.14001760e-07	
0.93100000	5.03543290e-07	
0.93258333	5.50215505e-07	
0.93416667	4.16948201e-07	
0.93575000	2.42476936e-07	
0.93733333	3.80348010e-07	
0.93891667	2.49675947e-07	
0.94050000	9.89111692e-08	
0.94208333	1.12271458e-07	
0.94366667	2.27551384e-07	
0.94525000	3.90372516e-07	
0.94683333	4.18961995e-07	
0.94841667	4.63443307e-07	
0.95000000	6.20682010e-07	
0.95158333	5.75335432e-07	
0.95316667	6.38967167e-07	
0.95475000	1.20317549e-07	
0.95633333	1.30931047e-07	
0.95791667	3.24086458e-07	
0.95950000	3.01615478e-07	
0.96108333	2.32995375e-07	
0.96266667	1.50290402e-07	
0.96425000	3.94176319e-07	
0.96583333	5.16421068e-07	
0.96741667	5.02981977e-07	
0.96900000	5.09117164e-07	
0.97058333	4.91271404e-07	
0.97216667	7.09487883e-07	
0.97375000	2.57462285e-07	
0.97533333	-1.16878728e-07	
0.97691667	2.02056884e-07	
0.97850000	1.55345398e-07	
0.98008333	3.15790134e-07	
0.98166667	1.04485883e-07	
0.98325000	1.75221992e-07	
0.98483333	2.44404879e-07	
0.98641667	4.54723912e-07	
0.98800000	4.79517540e-07	
0.98958333	4.28095697e-07	
0.99116667	5.06491431e-07	
0.99275000	6.57074459e-07	
0.99433333	3.89508118e-07	
0.99591667	3.31346512e-07	
0.99750000	2.07760670e-07	
0.99908333	3.24388592e-07	
1.00066667	3.55198794e-07	
1.00225000	1.76293670e-07	
1.00383333	3.63453424e-07	
1.00541667	4.01045391e-07	
1.00700000	5.75274781e-07	
1.00858333	5.66286210e-07	
1.01016667	5.50213208e-07	
1.01175000	6.37414441e-07	
1.01333333	4.60591323e-07	
1.01491667	2.77764175e-07	
1.01650000	5.32020267e-08	
1.01808333	8.77968335e-08	
1.01966667	2.20205983e-07	
1.02125000	1.16601439e-07	
1.02283333	1.20525444e-07	
1.02441667	4.78523496e-07	
1.02600000	4.35744632e-07	
1.02758333	5.69441615e-07	
1.02916667	6.30068872e-07	
1.03075000	6.27260346e-07	
1.03233333	6.37716127e-07	
1.03391667	3.50487555e-07	
1.03550000	2.13870125e-07	
1.03708333	-4.92526175e-08	
1.03866667	6.95962688e-08	
1.04025000	1.32658823e-07	
@ 
0.00000000	2.02765414e-07	
0.00158333	3.85403945e-07	
0.00316667	4.81625923e-07	
0.00475000	5.26479792e-07	
0.00633333	4.54196172e-07	
0.00791667	5.31975430e-07	
0.00950000	6.37628931e-07	
0.01108333	5.89751823e-07	
0.01266667	4.43004546e-07	
0.01425000	2.00500953e-07	
0.01583333	1.03879887e-07	
0.01741667	1.93284595e-07	
0.01900000	-1.82087813e-08	
0.02058333	1.95981592e-07	
0.02216667	3.33316512e-07	
0.02375000	4.63616243e-07	
0.02533333	4.65603856e-07	
0.02691667	3.60340413e-07	
0.02850000	4.42442813e-07	
0.03008333	4.58084483e-07	
0.03166667	4.70054404e-07	
0.03325000	3.86466957e-07	
0.03483333	1.48992991e-07	
0.03641667	2.18779557e-07	
0.03800000	1.97130791e-07	
0.03958333	2.32641467e-07	
0.04116667	2.96802454e-07	
0.04275000	3.08399874e-07	
0.04433333	5.06266357e-07	
0.04591667	3.41759675e-07	
0.04750000	5.47792668e-07	
0.04908333	5.53886581e-07	
0.05066667	7.28935372e-07	
0.05225000	5.90097470e-07	
0.05383333	2.34862036e-07	
0.05541667	2.32304962e-07	
0.05700000	2.31138121e-07	
0.05858333	2.29843301e-07	
0.06016667	1.32451263e-07	
0.06175000	3.09549410e-07	
0.06333333	4.31509750e-07	
0.06491667	6.68611313e-07	
0.06650000	5.29167352e-07	
0.06808333	6.56816960e-07	
0.06966667	5.26229908e-07	
0.07125000	4.83666822e-07	
0.07283333	9.37004714e-08	
0.07441667	-2.33008448e-08	
0.07600000	1.43980613e-07	
0.07758333	1.56468515e-07	
0.07916667	8.90764979e-08	
0.08075000	2.20422475e-07	
0.08233333	3.07795635e-07	
0.08391667	4.25071617e-07	
0.08550000	4.70530145e-07	
0.08708333	5.53020894e-07	
0.08866667	4.87296961e-07	
0.09025000	7.49546705e-07	
0.09183333	4.71047608e-07	
0.09341667	2.71195333e-07	
0.09500000	1.22201445e-07	
0.09658333	1.52951081e-07	
0.09816667	1.68958167e-07	
0.09975000	1.39174939e-07	
0.10133333	1.75568004e-07	
0.10291667	4.74340388e-07	
0.10450000	3.69543950e-07	
0.10608333	4.56746359e-07	
0.10766667	5.13007939e-07	
0.10925000	4.49658877e-07	
0.11083333	4.89197015e-07	
0.11241667	1.07492924e-07	
0.11400000	8.30007363e-08	
0.11558333	2.53702948e-07	
0.11716667	1.39814222e-07	
0.11875000	3.53773026e-07	
0.12033333	2.80787919e-07	
0.12191667	3.30914032e-07	
0.12350000	5.49951565e-07	
0.12508333	6.17017934e-07	
0.12666667	6.08936323e-07	
0.12825000	6.18746060e-07	
0.12983333	6.62218178e-07	
0.13141667	5.87894219e-07	
0.13300000	4.68845113e-07	
0.13458333	2.92325081e-07	
0.13616667	1.18529164e-07	
0.13775000	2.86231521e-08	
0.13933333	-2.20989398e-08	
0.14091667	-4.15088280e-08	
0.14250000	1.82257462e-07	
0.14408333	1.42165557e-07	
0.14566667	4.47714917e-07	
0.14725000	5.15686035e-07	
0.14883333	5.78556976e-07	
0.15041667	6.01504230e-07	
0.15200000	3.60211999e-07	
0.15358333	2.00372021e-07	
0.15516667	-2.53209018e-09	
0.15675000	-1.17539179e-09	
0.15833333	1.98512471e-07	
0.15991667	2.39122750e-08	
0.16150000	2.96317976e-07	
0.16308333	3.24674232e-07	
0.16466667	4.39721539e-07	
0.16625000	6.05565364e-07	
0.16783333	6.38019324e-07	
0.16941667	6.76085912e-07	
0.17100000	6.17278346e-07	
0.17258333	4.37844950e-07	
0.17416667	-2.25475147e-08	
0.17575000	8.52561255e-08	
0.17733333	1.23878427e-07	
0.17891667	1.46175855e-07	
0.18050000	3.69674716e-07	
0.18208333	3.03403778e-07	
0.18366667	4.83839758e-07	
0.18525000	6.64118175e-07	
0.18683333	6.81617281e-07	
0.18841667	6.38709947e-07	
0.19000000	6.21942347e-07	
0.19158333	4.14381046e-07	
0.19316667	2.06844511e-07	
0.19475000	1.03278399e-08	
0.19633333	1.75956801e-07	
0.19791667	6.51798407e-08	
0.19950000	9.44770793e-08	
0.20108333	1.80711499e-07	
0.20266667	4.38508580e-07	
0.20425000	7.42332685e-07	
0.20583333	5.28691555e-07	
0.20741667	6.66623616e-07	
0.20900000	6.02333627e-07	
0.21058333	6.23973558e-07	
0.21216667	5.00604222e-07	
0.21375000	2.17120062e-07	
0.21533333	6.45836449e-08	
0.21691667	2.01408515e-07	
0.21850000	1.23454487e-07	
0.22008333	1.41534745e-07	
0.22166667	3.79871989e-07	
0.22325000	5.63954433e-07	
0.22483333	4.81375032e-07	
0.22641667	4.91444115e-07	
0.22800000	4.99265090e-07	
0.22958333	4.43869421e-07	
0.23116667	4.94876733e-07	
0.23275000	2.16446618e-07	
0.23433333	-5.51810960e-08	
0.23591667	1.26479547e-07	
0.23750000	1.32442905e-07	
0.23908333	1.31492724e-07	
0.24066667	1.09195387e-07	
0.24225000	3.45000120e-07	
0.24383333	7.53004804e-07	
0.24541667	6.26782924e-07	
0.24700000	5.77306888e-07	
0.24858333	5.71429256e-07	
0.25016667	5.61965280e-07	
0.25175000	4.82241111e-07	
0.25333333	1.18502955e-07	
0.25491667	1.81099092e-07	
0.25650000	1.64246270e-07	
0.25808333	1.51118791e-07	
0.25966667	1.81055788e-07	
0.26125000	1.03551887e-07	
0.26283333	2.23169706e-07	
0.26441667	4.70055580e-07	
0.26600000	3.81945118e-07	
0.26758333	4.03638672e-07	
0.26916667	4.51647190e-07	
0.27075000	5.65481846e-07	
0.27233333	3.51395075e-07	
0.27391667	1.78955988e-07	
0.27550000	3.62544196e-07	
0.27708333	3.62155370e-07	
0.27866667	5.00164211e-07	
0.28025000	1.91410065e-07	
0.28183333	1.97598202e-07	
0.28341667	4.01131271e-07	
0.28500000	4.14442928e-07	
0.28658333	5.31112991e-07	
0.28816667	5.60280052e-07	
0.28975000	5.68620394e-07	
0.29133333	5.75274445e-07	
0.29291667	1.19211681e-07	
0.29450000	1.23844335e-07	
0.29608333	5.28649091e-08	
0.29766667	6.84460682e-08	
0.29925000	2.31656817e-07	
0.30083333	1.10188857e-07	
0.30241667	4.34403512e-07	
0.30400000	3.99922541e-07	
0.30558333	6.19480701e-07	
0.30716667	5.93638677e-07	
0.30875000	5.09108988e-07	
0.31033333	7.36065500e-07	
0.31191667	4.38899086e-07	
0.31350000	1.48561618e-07	
0.31508333	-4.80428407e-08	
0.31666667	7.62245933e-08	
0.31825000	1.50937483e-07	
0.31983333	1.87494551e-07	
0.32141667	1.81183992e-07	
0.32300000	4.07189343e-07	
0.32458333	3.99447079e-07	
0.32616667	6.34906705e-07	
0.32775000	5.51292769e-07	
0.32933333	7.32348389e-07	
0.33091667	5.81972514e-07	
0.33250000	3.69373086e-07	
0.33408333	2.64238561e-07	
0.33566667	-9.63528204e-08	
0.33725000	8.59832044e-09	
0.33883333	2.06930909e-07	
0.34041667	1.03525041e-07	
0.34200000	2.04822667e-07	
0.34358333	3.47290595e-07	
0.34516667	5.59805207e-07	
0.34675000	5.50904559e-07	
0.34833333	5.47368785e-07	
0.34991667	5.08901891e-07	
0.35150000	3.79094702e-07	
0.35308333	3.82058635e-07	
0.35466667	4.24851408e-08	
0.35625000	6.32274111e-08	
0.35783333	2.17457421e-07	
0.35941667	3.58448060e-07	
0.36100000	4.21094991e-07	
0.36258333	2.99498695e-07	
0.36416667	2.65749956e-07	
0.36575000	5.76398919e-07	
0.36733333	6.30889196e-07	
0.36891667	6.88834437e-07	
0.37050000	4.28528624e-07	
0.37208333	5.12859420e-07	
0.37366667	2.96171865e-07	
0.37525000	1.69812052e-07	
0.37683333	2.93189788e-07	
0.37841667	3.09887693e-07	
0.38000000	3.62440563e-07	
0.38158333	5.64905356e-07	
0.38316667	6.21856719e-07	
0.38475000	7.62127557e-07	
0.38633333	7.64368162e-07	
0.38791667	9.34370286e-07	
0.38950000	1.06689155e-06	
0.39108333	8.26766106e-07	
0.39266667	7.96651706e-07	
0.39425000	3.50861651e-07	
0.39583333	6.98296341e-07	
0.39741667	8.24958288e-07	
0.39900000	9.25313448e-07	
0.40058333	1.21723803e-06	
0.40216667	1.59155210e-06	
0.40375000	2.36303454e-06	
0.40533333	3.02345403e-06	
0.40691667	4.05474367e-06	
0.40850000	5.24600582e-06	
0.41008333	6.59069695e-06	
0.41166667	8.36348696e-06	
0.41325000	1.03913451e-05	
0.41483333	1.32573745e-05	
0.41641667	1.75869646e-05	
0.41800000	2.31390036e-05	
0.41958333	3.08925882e-05	
0.42116667	4.26162708e-05	
0.42275000	6.01230219e-05	
0.42433333	8.25507433e-05	
0.42591667	1.21364990e-04	
0.42750000	2.20759877e-04	
0.42908333	5.12628415e-04	
0.43066667	9.74874655e-04	
0.43225000	1.28916450e-03	
0.43383333	1.76905427e-03	
0.43541667	1.92006156e-03	
0.43700000	2.88175407e-03	
0.43858333	4.89332437e-03	
0.44016667	1.17429771e-03	
0.44175000	2.09960944e-03	
0.44333333	1.54641262e-03	
0.44491667	2.80496472e-03	
0.44650000	2.32824954e-03	
0.44808333	3.97148371e-03	
0.44966667	4.82917511e-03	
0.45125000	5.80387601e-03	
0.45283333	8.57060318e-03	
0.45441667	1.15696913e-02	
0.45600000	1.65516395e-02	
0.45758333	1.77836385e-02	
0.45916667	2.41075506e-02	
0.46075000	3.07396002e-02	
0.46233333	3.66573426e-02	
0.46391667	4.78095867e-02	
0.46550000	9.01350205e-02	
0.46708333	1.54573124e-01	
0.46866667	3.22373227e-01	
0.47025000	1.02994654e+00	
0.47183333	1.22449865e+00	
0.47341667	1.45741736e+00	
0.47500000	1.32949142e+00	
0.47658333	1.68545432e+00	
0.47816667	1.85512965e+00	
0.47975000	1.80425836e+00	
0.48133333	1.85500245e+00	
0.48291667	1.94536183e+00	
0.48450000	2.02890712e+00	
0.48608333	2.46982161e+00	
0.48766667	5.78835012e+00	
0.48925000	7.24624830e+00	
0.49083333	7.81707098e+00	
0.49241667	8.30195857e+00	
0.49400000	8.61210282e+00	
0.49558333	8.89171210e+00	
0.49716667	9.21280886e+00	
0.49875000	9.46846484e+00	
0.50033333	1.12324676e+01	
0.50191667	1.33854733e+01	
0.50350000	1.41426472e+01	
0.50508333	1.45304194e+01	
0.50666667	1.48061003e+01	
0.50825000	1.53140703e+01	
0.50983333	1.57381031e+01	
0.51141667	1.63044511e+01	
0.51300000	1.70337180e+01	
0.51458333	1.70924503e+01	
0.51616667	1.73133893e+01	
0.51775000	1.75429929e+01	
0.51933333	1.90996550e+01	
0.52091667	2.03576102e+01	
0.52250000	2.04577830e+01	
0.52408333	2.03279481e+01	
