start voltage : 0.00 V 
set voltage : 0.10 V 
High G : 30.00 G0 
Intermediate G : 20.00 G0 
Low G : 10.00 G0 
Breaking speed 1 : 300.00 V/s 
Breaking speed 2 : 300.00 V/s 
Making speed : 500.00 V/s 
Post breaking : 230.00 V/s 
@ 
0.00000000	6.20103994e+01	
0.00158333	6.26338317e+01	
0.00316667	6.27458543e+01	
0.00475000	6.26183477e+01	
0.00633333	6.27970156e+01	
0.00791667	6.26838805e+01	
0.00950000	6.25432838e+01	
0.01108333	6.24989551e+01	
0.01266667	6.25261537e+01	
0.01425000	6.21520560e+01	
0.01583333	6.25894729e+01	
0.01741667	6.26528636e+01	
0.01900000	6.26814301e+01	
0.02058333	6.24623346e+01	
0.02216667	6.27034836e+01	
0.02375000	6.25883830e+01	
0.02533333	6.26628455e+01	
0.02691667	6.26217639e+01	
0.02850000	6.24422053e+01	
0.03008333	6.28352296e+01	
0.03166667	6.24408298e+01	
0.03325000	6.24318099e+01	
0.03483333	6.22362975e+01	
0.03641667	6.22192086e+01	
0.03800000	6.24715686e+01	
0.03958333	6.19824530e+01	
0.04116667	6.22749212e+01	
0.04275000	6.21455955e+01	
0.04433333	6.23726924e+01	
0.04591667	6.25465009e+01	
0.04750000	6.21184270e+01	
0.04908333	6.24214935e+01	
0.05066667	6.20276461e+01	
0.05225000	6.22321333e+01	
0.05383333	6.21186037e+01	
0.05541667	6.18315323e+01	
0.05700000	6.22342041e+01	
0.05858333	6.21237938e+01	
0.06016667	6.22371393e+01	
0.06175000	6.22689079e+01	
0.06333333	6.21840350e+01	
0.06491667	6.16158605e+01	
0.06650000	6.20744666e+01	
0.06808333	6.20278979e+01	
0.06966667	6.20279430e+01	
0.07125000	6.19546832e+01	
0.07283333	6.21925099e+01	
0.07441667	6.18878612e+01	
0.07600000	6.19390939e+01	
0.07758333	6.18698478e+01	
0.07916667	6.18065136e+01	
0.08075000	6.19344487e+01	
0.08233333	6.18291534e+01	
0.08391667	6.16447165e+01	
0.08550000	6.16267106e+01	
0.08708333	6.17125607e+01	
0.08866667	6.17211859e+01	
0.09025000	6.17892368e+01	
0.09183333	6.16353885e+01	
0.09341667	6.16376660e+01	
0.09500000	6.14427812e+01	
0.09658333	6.17639625e+01	
0.09816667	6.15205359e+01	
0.09975000	6.16505080e+01	
0.10133333	6.17056868e+01	
0.10291667	6.14843476e+01	
0.10450000	6.12135646e+01	
0.10608333	6.17230538e+01	
0.10766667	6.16502750e+01	
0.10925000	6.12101633e+01	
0.11083333	6.13370236e+01	
0.11241667	6.13650527e+01	
0.11400000	6.13175934e+01	
0.11558333	6.12879632e+01	
0.11716667	6.12360165e+01	
0.11875000	6.12650566e+01	
0.12033333	6.06931276e+01	
0.12191667	6.03905308e+01	
0.12350000	6.05214913e+01	
0.12508333	6.02324018e+01	
0.12666667	6.03628174e+01	
0.12825000	6.05632983e+01	
0.12983333	6.03085744e+01	
0.13141667	6.01652755e+01	
0.13300000	6.00898058e+01	
0.13458333	6.03322477e+01	
0.13616667	6.00637384e+01	
0.13775000	5.97540010e+01	
0.13933333	5.98184590e+01	
0.14091667	5.97732433e+01	
0.14250000	5.98036477e+01	
0.14408333	6.00194698e+01	
0.14566667	5.94101160e+01	
0.14725000	5.96977360e+01	
0.14883333	5.95516523e+01	
0.15041667	5.97256336e+01	
0.15200000	5.97040612e+01	
0.15358333	5.99248480e+01	
0.15516667	5.97254044e+01	
0.15675000	5.93401709e+01	
0.15833333	5.95034337e+01	
0.15991667	5.92840901e+01	
0.16150000	5.93569967e+01	
0.16308333	5.92525695e+01	
0.16466667	5.91446773e+01	
0.16625000	5.91940496e+01	
0.16783333	5.90153704e+01	
0.16941667	5.90121157e+01	
0.17100000	5.89391152e+01	
0.17258333	5.86307947e+01	
0.17416667	5.86279835e+01	
0.17575000	5.84683061e+01	
0.17733333	5.87652128e+01	
0.17891667	5.86951888e+01	
0.18050000	5.84944711e+01	
0.18208333	5.86788253e+01	
0.18366667	5.85558511e+01	
0.18525000	5.87151264e+01	
0.18683333	5.83862895e+01	
0.18841667	5.84979287e+01	
0.19000000	5.87545017e+01	
0.19158333	5.85063547e+01	
0.19316667	5.84184640e+01	
0.19475000	5.84097185e+01	
0.19633333	5.83083919e+01	
0.19791667	5.82486204e+01	
0.19950000	5.81314077e+01	
0.20108333	5.82290549e+01	
0.20266667	5.81385409e+01	
0.20425000	5.81214069e+01	
0.20583333	5.81613159e+01	
0.20741667	5.79667468e+01	
0.20900000	5.80751915e+01	
0.21058333	5.76263607e+01	
0.21216667	5.75512631e+01	
0.21375000	5.77707082e+01	
0.21533333	5.74549200e+01	
0.21691667	5.76219786e+01	
0.21850000	5.73264963e+01	
0.22008333	5.73595615e+01	
0.22166667	5.62175300e+01	
0.22325000	5.49932677e+01	
0.22483333	5.49872807e+01	
0.22641667	5.47728304e+01	
0.22800000	5.50940643e+01	
0.22958333	5.48870328e+01	
0.23116667	5.50443199e+01	
0.23275000	5.52758291e+01	
0.23433333	5.49617170e+01	
0.23591667	5.47200080e+01	
0.23750000	5.45494316e+01	
0.23908333	5.46503936e+01	
0.24066667	5.47666292e+01	
0.24225000	5.42970829e+01	
0.24383333	5.46989617e+01	
0.24541667	5.47469059e+01	
0.24700000	5.43897392e+01	
0.24858333	5.44115634e+01	
0.25016667	5.43081472e+01	
0.25175000	5.45803997e+01	
0.25333333	5.42626234e+01	
0.25491667	5.42849174e+01	
0.25650000	5.44473007e+01	
0.25808333	5.39750296e+01	
0.25966667	5.41089517e+01	
0.26125000	5.37771232e+01	
0.26283333	5.39268449e+01	
0.26441667	5.38696253e+01	
0.26600000	5.37919157e+01	
0.26758333	5.40951325e+01	
0.26916667	5.38688737e+01	
0.27075000	5.39167314e+01	
0.27233333	5.42568582e+01	
0.27391667	5.40639051e+01	
0.27550000	5.42223799e+01	
0.27708333	5.39302837e+01	
0.27866667	5.39600266e+01	
0.28025000	5.39758302e+01	
0.28183333	5.30891013e+01	
0.28341667	5.11869645e+01	
0.28500000	5.12651364e+01	
0.28658333	5.09038657e+01	
0.28816667	5.07965822e+01	
0.28975000	5.07116342e+01	
0.29133333	5.07911666e+01	
0.29291667	5.03176665e+01	
0.29450000	5.07908358e+01	
0.29608333	5.05242809e+01	
0.29766667	5.05839772e+01	
0.29925000	5.08445114e+01	
0.30083333	5.06594206e+01	
0.30241667	5.06499761e+01	
0.30400000	5.07430382e+01	
0.30558333	5.08313537e+01	
0.30716667	5.08347549e+01	
0.30875000	5.06549144e+01	
0.31033333	5.07844769e+01	
0.31191667	5.07844806e+01	
0.31350000	5.09165573e+01	
0.31508333	5.04924747e+01	
0.31666667	5.07795874e+01	
0.31825000	5.08856606e+01	
0.31983333	5.10540647e+01	
0.32141667	5.08758252e+01	
0.32300000	5.08671474e+01	
0.32458333	5.06825753e+01	
0.32616667	5.11266143e+01	
0.32775000	5.07077932e+01	
0.32933333	5.06992770e+01	
0.33091667	4.97809449e+01	
0.33250000	4.70245281e+01	
0.33408333	4.57425952e+01	
0.33566667	4.57462670e+01	
0.33725000	4.56534717e+01	
0.33883333	4.57003711e+01	
0.34041667	4.55613642e+01	
0.34200000	4.58643931e+01	
0.34358333	4.56451923e+01	
0.34516667	4.58302079e+01	
0.34675000	4.58175350e+01	
0.34833333	4.57911708e+01	
0.34991667	4.58220938e+01	
0.35150000	4.59942674e+01	
0.35308333	4.59563428e+01	
0.35466667	4.58306965e+01	
0.35625000	4.59622620e+01	
0.35783333	4.60682226e+01	
0.35941667	4.60358451e+01	
0.36100000	4.61062600e+01	
0.36258333	4.60130174e+01	
0.36416667	4.58755551e+01	
0.36575000	4.59700642e+01	
0.36733333	4.55806441e+01	
0.36891667	4.58190158e+01	
0.37050000	4.54965341e+01	
0.37208333	4.56959439e+01	
0.37366667	4.58242849e+01	
0.37525000	4.55590040e+01	
0.37683333	4.59192337e+01	
0.37841667	4.56783702e+01	
0.38000000	4.56493602e+01	
0.38158333	4.33526769e+01	
0.38316667	4.07263374e+01	
0.38475000	4.06275777e+01	
0.38633333	4.02558289e+01	
0.38791667	4.07151904e+01	
0.38950000	4.08696288e+01	
0.39108333	4.05104289e+01	
0.39266667	4.04809227e+01	
0.39425000	4.03569864e+01	
0.39583333	4.04031943e+01	
0.39741667	4.09007096e+01	
0.39900000	4.08010968e+01	
0.40058333	4.09652391e+01	
0.40216667	4.07488569e+01	
0.40375000	4.01438740e+01	
0.40533333	3.93765565e+01	
0.40691667	3.94250532e+01	
0.40850000	3.98241809e+01	
0.41008333	3.95534430e+01	
0.41166667	4.00353766e+01	
0.41325000	3.97892178e+01	
0.41483333	3.97295816e+01	
0.41641667	3.99398754e+01	
0.41800000	3.98041832e+01	
0.41958333	3.81332435e+01	
0.42116667	3.77031740e+01	
0.42275000	3.76959769e+01	
0.42433333	3.78064361e+01	
0.42591667	3.75494647e+01	
0.42750000	3.75871188e+01	
0.42908333	3.75832590e+01	
0.43066667	3.77183574e+01	
0.43225000	3.75902983e+01	
0.43383333	3.76536250e+01	
0.43541667	3.75700938e+01	
0.43700000	3.72361682e+01	
0.43858333	3.70435835e+01	
0.44016667	3.67101164e+01	
0.44175000	3.66641828e+01	
0.44333333	3.66110259e+01	
0.44491667	3.64225226e+01	
0.44650000	3.69520810e+01	
0.44808333	3.65094927e+01	
0.44966667	3.63733796e+01	
0.45125000	3.65882960e+01	
0.45283333	3.64690951e+01	
0.45441667	3.49016392e+01	
0.45600000	3.37959426e+01	
0.45758333	3.37692740e+01	
0.45916667	3.37954052e+01	
0.46075000	3.34493329e+01	
0.46233333	3.37372498e+01	
0.46391667	3.22827411e+01	
0.46550000	3.13540889e+01	
0.46708333	3.16698696e+01	
0.46866667	3.15259656e+01	
0.47025000	3.16047088e+01	
0.47183333	3.14520424e+01	
0.47341667	3.15592375e+01	
0.47500000	3.14510540e+01	
0.47658333	3.08000886e+01	
0.47816667	3.08388514e+01	
0.47975000	3.10111040e+01	
0.48133333	3.12067442e+01	
0.48291667	3.09591798e+01	
0.48450000	3.06611982e+01	
0.48608333	3.09690659e+01	
0.48766667	3.06944006e+01	
0.48925000	2.97164324e+01	
0.49083333	2.94481468e+01	
0.49241667	2.88408412e+01	
0.49400000	2.87281534e+01	
0.49558333	2.84528924e+01	
0.49716667	2.87307635e+01	
0.49875000	2.85682542e+01	
0.50033333	2.84961914e+01	
0.50191667	2.82589284e+01	
0.50350000	2.78310236e+01	
0.50508333	2.76795467e+01	
0.50666667	2.72656039e+01	
0.50825000	2.72258847e+01	
0.50983333	2.72413950e+01	
0.51141667	2.69524070e+01	
0.51300000	2.71205706e+01	
0.51458333	2.69161021e+01	
0.51616667	2.68439566e+01	
0.51775000	2.68851697e+01	
0.51933333	2.57745780e+01	
0.52091667	2.56198671e+01	
0.52250000	2.55756117e+01	
0.52408333	2.51703298e+01	
0.52566667	2.31804299e+01	
0.52725000	2.30786881e+01	
0.52883333	2.32384500e+01	
0.53041667	2.29865749e+01	
0.53200000	2.30712110e+01	
0.53358333	2.30636663e+01	
0.53516667	2.29797499e+01	
0.53675000	2.32630761e+01	
0.53833333	2.32183865e+01	
0.53991667	2.33015889e+01	
0.54150000	2.29003809e+01	
0.54308333	2.23091889e+01	
0.54466667	2.19447951e+01	
0.54625000	2.15744556e+01	
0.54783333	2.15521485e+01	
0.54941667	2.14036444e+01	
0.55100000	2.09973703e+01	
0.55258333	2.10371121e+01	
0.55416667	2.07755105e+01	
0.55575000	2.05928062e+01	
0.55733333	2.05499601e+01	
0.55891667	2.03775272e+01	
0.56050000	2.06776791e+01	
0.56208333	2.05187909e+01	
0.56366667	2.00894768e+01	
0.56525000	2.00076481e+01	
0.56683333	1.99416680e+01	
0.56841667	1.95534035e+01	
0.57000000	1.96840634e+01	
0.57158333	1.97633158e+01	
0.57316667	1.96238654e+01	
0.57475000	1.94770788e+01	
0.57633333	1.95959339e+01	
0.57791667	1.94516410e+01	
0.57950000	1.90887110e+01	
0.58108333	1.64227406e+01	
0.58266667	1.58567872e+01	
0.58425000	1.62038254e+01	
0.58583333	1.59147397e+01	
0.58741667	1.61553156e+01	
0.58900000	1.60082434e+01	
0.59058333	1.59221002e+01	
0.59216667	1.59680957e+01	
0.59375000	1.57364015e+01	
0.59533333	1.56492051e+01	
0.59691667	1.56092914e+01	
0.59850000	1.56798218e+01	
0.60008333	1.51599090e+01	
0.60166667	1.50914184e+01	
0.60325000	1.48797943e+01	
0.60483333	1.47339210e+01	
0.60641667	1.40409242e+01	
0.60800000	1.41112310e+01	
0.60958333	1.34269232e+01	
0.61116667	1.29346826e+01	
0.61275000	1.27786657e+01	
0.61433333	1.24539432e+01	
0.61591667	1.21259190e+01	
0.61750000	1.21584261e+01	
0.61908333	1.20570140e+01	
0.62066667	1.19835869e+01	
0.62225000	1.14330011e+01	
0.62383333	1.14387118e+01	
0.62541667	1.14592949e+01	
0.62700000	1.12648178e+01	
0.62858333	1.07640891e+01	
0.63016667	1.01718721e+01	
0.63175000	1.01637251e+01	
0.63333333	1.02030159e+01	
0.63491667	9.84737218e+00	
0.63650000	9.78749926e+00	
0.63808333	8.53846337e+00	
0.63966667	8.14529529e+00	
0.64125000	8.37940326e+00	
0.64283333	8.21423127e+00	
0.64441667	8.11417498e+00	
0.64600000	8.24806411e+00	
0.64758333	8.38283080e+00	
0.64916667	8.12068899e+00	
0.65075000	6.40193387e+00	
0.65233333	5.92915540e+00	
0.65391667	5.74571355e+00	
0.65550000	5.34236339e+00	
0.65708333	5.40567559e+00	
0.65866667	5.52369263e+00	
0.66025000	5.15734072e+00	
0.66183333	4.84855321e+00	
0.66341667	4.02095553e+00	
0.66500000	3.94164580e+00	
0.66658333	3.84319664e+00	
0.66816667	3.77941654e+00	
0.66975000	3.57582263e+00	
0.67133333	3.05035000e+00	
0.67291667	3.07197341e+00	
0.67450000	3.00200368e+00	
0.67608333	2.88465326e+00	
0.67766667	2.72619494e+00	
0.67925000	2.92263288e+00	
0.68083333	2.72722776e+00	
0.68241667	2.64012151e+00	
0.68400000	1.86610777e+00	
0.68558333	1.67668664e+00	
0.68716667	1.62862007e+00	
0.68875000	1.77637873e+00	
0.69033333	6.77817953e-01	
0.69191667	8.09808852e-02	
0.69350000	5.21995081e-02	
0.69508333	8.99169035e-03	
0.69666667	7.98418630e-03	
0.69825000	5.93715862e-03	
0.69983333	5.03750145e-03	
0.70141667	4.74255747e-03	
0.70300000	2.29090293e-03	
0.70458333	1.66135477e-03	
0.70616667	9.87432078e-05	
0.70775000	2.83288201e-05	
0.70933333	1.53128809e-05	
0.71091667	1.07489772e-05	
0.71250000	9.53213216e-06	
0.71408333	9.67644750e-06	
0.71566667	1.01764290e-05	
0.71725000	1.04462527e-05	
0.71883333	1.05763246e-05	
0.72041667	1.06983590e-05	
0.72200000	1.02658421e-05	
0.72358333	9.87651536e-06	
0.72516667	9.56001783e-06	
0.72675000	9.67038937e-06	
0.72833333	9.30674221e-06	
0.72991667	8.65262121e-06	
0.73150000	8.25698631e-06	
0.73308333	7.33480547e-06	
0.73466667	6.55695655e-06	
0.73625000	5.64618948e-06	
0.73783333	4.92612529e-06	
0.73941667	4.30140069e-06	
0.74100000	3.80650110e-06	
0.74258333	3.55073203e-06	
0.74416667	3.01382653e-06	
0.74575000	2.88480234e-06	
0.74733333	2.85316697e-06	
0.74891667	2.64168580e-06	
0.75050000	2.75137411e-06	
0.75208333	2.53867455e-06	
0.75366667	2.38235407e-06	
0.75525000	2.07405620e-06	
0.75683333	1.36194505e-06	
0.75841667	1.25904581e-06	
0.76000000	1.03867749e-06	
0.76158333	7.76897436e-07	
0.76316667	7.35504243e-07	
0.76475000	8.68750966e-07	
0.76633333	9.01000797e-07	
0.76791667	8.89684369e-07	
0.76950000	9.49315172e-07	
0.77108333	1.00553027e-06	
0.77266667	1.01666413e-06	
0.77425000	7.80399217e-07	
0.77583333	5.52632069e-07	
0.77741667	5.37422795e-07	
0.77900000	4.06750003e-07	
0.78058333	3.98454967e-07	
0.78216667	3.87909526e-07	
0.78375000	3.14362882e-07	
0.78533333	8.91153091e-07	
0.78691667	6.55545367e-07	
0.78850000	6.73408656e-07	
0.79008333	7.77848247e-07	
0.79166667	6.90078644e-07	
0.79325000	6.29765114e-07	
0.79483333	4.79906926e-07	
0.79641667	2.34855386e-07	
0.79800000	2.74608714e-07	
0.79958333	2.05263028e-07	
0.80116667	2.89196808e-07	
0.80275000	2.20750425e-07	
0.80433333	3.48845701e-07	
0.80591667	7.04527573e-07	
0.80750000	4.89326492e-07	
0.80908333	6.38448304e-07	
0.81066667	6.61740029e-07	
0.81225000	6.78507293e-07	
0.81383333	6.85551961e-07	
0.81541667	4.41906057e-07	
0.81700000	3.32520016e-07	
0.81858333	1.55957898e-07	
0.82016667	3.06455383e-07	
0.82175000	2.42719119e-07	
0.82333333	1.95479865e-07	
0.82491667	2.14847102e-07	
0.82650000	6.38321066e-07	
0.82808333	5.66372734e-07	
0.82966667	6.03318431e-07	
0.83125000	5.72769005e-07	
0.83283333	5.68016295e-07	
0.83441667	3.93742720e-07	
0.83600000	1.49183568e-07	
0.83758333	1.55042453e-07	
0.83916667	1.22158477e-07	
0.84075000	3.24821211e-07	
0.84233333	2.86084497e-07	
0.84391667	3.24925348e-07	
0.84550000	3.58784859e-07	
0.84708333	3.65093514e-07	
0.84866667	5.90658447e-07	
0.85025000	6.66623448e-07	
0.85183333	7.19340685e-07	
0.85341667	5.58767312e-07	
0.85500000	2.65057625e-07	
0.85658333	5.13178803e-07	
0.85816667	1.60081755e-07	
0.85975000	1.88617555e-07	
0.86133333	2.45691592e-07	
0.86291667	2.83683445e-07	
0.86450000	3.09782688e-07	
0.86608333	4.36565181e-07	
0.86766667	5.55441099e-07	
0.86925000	5.60238554e-07	
0.87083333	5.51811968e-07	
0.87241667	5.56088880e-07	
0.87400000	4.63935233e-07	
0.87558333	3.62560184e-07	
0.87716667	1.74055670e-07	
0.87875000	2.67003881e-07	
0.88033333	4.70314199e-07	
0.88191667	2.49113738e-07	
0.88350000	3.49495134e-07	
0.88508333	4.73596339e-07	
0.88666667	5.86985242e-07	
0.88825000	3.65352330e-07	
0.88983333	5.16722978e-07	
0.89141667	7.12428743e-07	
0.89300000	6.72715513e-07	
0.89458333	4.03249230e-07	
0.89616667	8.41060369e-08	
0.89775000	6.69350364e-08	
0.89933333	2.33384662e-07	
0.90091667	2.27343909e-07	
0.90250000	1.37974189e-07	
0.90408333	1.44620231e-07	
0.90566667	4.79560326e-07	
0.90725000	7.24140437e-07	
0.90883333	5.37248739e-07	
0.91041667	7.33038340e-07	
0.91200000	7.64670743e-07	
0.91358333	6.75177888e-07	
0.91516667	3.28018450e-07	
0.91675000	9.53330217e-08	
0.91833333	2.95307383e-07	
0.91991667	1.99032693e-07	
0.92150000	2.42597594e-07	
0.92308333	1.94278065e-07	
0.92466667	3.35580722e-07	
0.92625000	6.32445394e-07	
0.92783333	5.70997533e-07	
0.92941667	5.84132586e-07	
0.93100000	5.45976786e-07	
0.93258333	5.92048598e-07	
0.93416667	4.75940996e-07	
0.93575000	1.86759238e-07	
0.93733333	2.21596917e-07	
0.93891667	2.09618610e-07	
0.94050000	2.41767496e-07	
0.94208333	2.24051437e-07	
0.94366667	2.44965072e-07	
0.94525000	6.45018574e-07	
0.94683333	1.86267312e-07	
0.94841667	4.27664702e-07	
0.95000000	5.98869032e-07	
0.95158333	5.08358834e-07	
0.95316667	6.52381617e-07	
0.95475000	3.83130299e-07	
0.95633333	3.08426811e-07	
0.95791667	3.59000693e-07	
0.95950000	3.55501040e-07	
0.96108333	2.56001655e-07	
0.96266667	2.73658799e-07	
0.96425000	2.84304065e-07	
0.96583333	4.90537379e-07	
0.96741667	4.67444547e-07	
0.96900000	5.03844304e-07	
0.97058333	4.82378149e-07	
0.97216667	6.31578755e-07	
0.97375000	5.71186150e-07	
0.97533333	1.44109320e-07	
0.97691667	7.52306747e-08	
0.97850000	8.99667209e-08	
0.98008333	1.53841227e-07	
0.98166667	2.42372855e-07	
0.98325000	2.04397901e-07	
0.98483333	5.51465985e-07	
0.98641667	3.76457180e-07	
0.98800000	5.00345715e-07	
0.98958333	5.04925880e-07	
0.99116667	6.06041666e-07	
0.99275000	8.08791091e-07	
0.99433333	5.79295537e-07	
0.99591667	3.31224958e-07	
0.99750000	1.61480404e-07	
0.99908333	9.33797870e-08	
1.00066667	2.32935676e-07	
1.00225000	8.42186650e-08	
1.00383333	1.86241635e-07	
1.00541667	5.16162169e-07	
1.00700000	5.11753035e-07	
1.00858333	6.39141503e-07	
1.01016667	6.77729698e-07	
1.01175000	7.59484855e-07	
1.01333333	7.16858822e-07	
1.01491667	4.52174005e-07	
1.01650000	2.62078012e-07	
1.01808333	2.04130671e-07	
1.01966667	2.67997617e-07	
1.02125000	2.13853100e-07	
1.02283333	2.01719707e-07	
1.02441667	2.94444188e-07	
1.02600000	2.95998678e-07	
1.02758333	4.77399749e-07	
1.02916667	3.70451918e-07	
1.03075000	4.62019275e-07	
1.03233333	6.87882674e-07	
1.03391667	5.87746373e-07	
1.03550000	4.70659903e-07	
1.03708333	-5.65221112e-09	
1.03866667	1.66277089e-07	
1.04025000	1.83639940e-07	
1.04183333	1.11054418e-07	
1.04341667	2.78211552e-07	
1.04500000	1.92852185e-07	
1.04658333	5.29944891e-07	
1.04816667	5.17890686e-07	
1.04975000	4.41579450e-07	
1.05133333	5.15555101e-07	
1.05291667	5.27525022e-07	
1.05450000	5.36428134e-07	
1.05608333	3.26678030e-07	
1.05766667	4.77221213e-08	
1.05925000	2.26047437e-07	
1.06083333	2.78325405e-07	
1.06241667	3.69199142e-07	
1.06400000	3.00016830e-07	
1.06558333	4.08219117e-07	
1.06716667	5.54559732e-07	
1.06875000	5.54707634e-07	
1.07033333	8.18745258e-07	
1.07191667	7.19858261e-07	
1.07350000	7.25701899e-07	
1.07508333	4.75108742e-07	
1.07666667	9.91269819e-08	
1.07825000	1.08244604e-07	
1.07983333	5.86816136e-08	
1.08141667	2.23750130e-07	
1.08300000	1.86353808e-07	
1.08458333	2.16835724e-07	
1.08616667	5.57661767e-07	
1.08775000	4.73295717e-07	
1.08933333	6.25398710e-07	
1.09091667	5.21390339e-07	
1.09250000	5.35476259e-07	
1.09408333	6.53919614e-07	
1.09566667	1.31976754e-07	
1.09725000	1.86242009e-08	
1.09883333	4.43779663e-08	
1.10041667	1.39788824e-07	
1.10200000	1.82586533e-07	
1.10358333	4.61492032e-08	
1.10516667	3.94902588e-07	
1.10675000	5.56651369e-07	
1.10833333	5.61446585e-07	
1.10991667	6.83301388e-07	
1.11150000	5.60972187e-07	
1.11308333	6.36246173e-07	
1.11466667	4.78263532e-07	
1.11625000	3.17328383e-07	
1.11783333	5.24594159e-08	
1.11941667	1.13643309e-08	
1.12100000	7.52318297e-08	
1.12258333	1.54862069e-07	
1.12416667	1.70554645e-07	
1.12575000	4.47099450e-07	
1.12733333	4.43997555e-07	
1.12891667	6.30067920e-07	
1.13050000	5.94762591e-07	
1.13208333	6.20043694e-07	
1.13366667	5.99947192e-07	
1.13525000	2.56028200e-07	
1.13683333	7.13602220e-08	
1.13841667	-6.36073461e-08	
1.14000000	7.39348745e-08	
1.14158333	2.80485758e-07	
1.14316667	1.56581122e-07	
1.14475000	4.11933960e-07	
1.14633333	3.62208069e-07	
1.14791667	6.22290011e-07	
1.14950000	5.58163717e-07	
1.15108333	4.31724716e-07	
1.15266667	5.51638640e-07	
1.15425000	4.85767589e-07	
1.15583333	4.36952746e-07	
1.15741667	2.94702332e-07	
1.15900000	1.86932650e-07	
1.16058333	2.25270024e-07	
1.16216667	9.46846316e-08	
1.16375000	2.10526508e-07	
1.16533333	3.32901730e-07	
1.16691667	6.31406100e-07	
1.16850000	5.50212872e-07	
1.17008333	4.81851165e-07	
1.17166667	5.80416652e-07	
1.17325000	5.12740023e-07	
1.17483333	5.53625442e-07	
1.17641667	3.91883940e-07	
1.17800000	3.41883931e-08	
1.17958333	1.42382189e-07	
1.18116667	9.31204394e-08	
1.18275000	1.05003816e-07	
1.18433333	1.49614661e-07	
1.18591667	3.81731833e-07	
1.18750000	4.14899993e-07	
1.18908333	5.08858321e-07	
1.19066667	6.65369720e-07	
1.19225000	6.80061923e-07	
1.19383333	6.71074976e-07	
1.19541667	4.38984714e-07	
1.19700000	2.07319889e-07	
1.19858333	1.89482458e-07	
1.20016667	1.20257220e-07	
1.20175000	2.45441289e-07	
1.20333333	2.94201809e-07	
1.20491667	3.22272425e-07	
1.20650000	6.32141301e-07	
1.20808333	5.78298917e-07	
1.20966667	4.86777370e-07	
1.21125000	5.71256433e-07	
1.21283333	4.35356087e-07	
1.21441667	5.25107170e-07	
1.21600000	5.97698159e-08	
1.21758333	3.20629507e-08	
1.21916667	1.49166039e-07	
1.22075000	1.51153652e-07	
1.22233333	1.99419908e-07	
1.22391667	1.56122741e-07	
1.22550000	3.97200427e-07	
1.22708333	7.14588200e-07	
1.22866667	6.42424986e-07	
1.23025000	6.10708019e-07	
1.23183333	6.28035308e-07	
1.23341667	5.91010647e-07	
1.23500000	4.37301474e-07	
1.23658333	1.82793406e-07	
1.23816667	2.59052420e-07	
1.23975000	1.00076848e-07	
1.24133333	7.32868134e-08	
1.24291667	2.18995222e-07	
1.24450000	1.90519793e-07	
1.24608333	4.81403817e-07	
1.24766667	5.79897956e-07	
1.24925000	6.69863697e-07	
1.25083333	6.47092292e-07	
1.25241667	4.48580688e-07	
1.25400000	7.46539258e-07	
1.25558333	6.02672218e-07	
1.25716667	8.80475498e-08	
1.25875000	1.95878225e-07	
1.26033333	1.46227671e-07	
1.26191667	2.26851493e-07	
1.26350000	1.59147759e-07	
1.26508333	3.75725031e-07	
1.26666667	5.61532660e-07	
1.26825000	5.79379877e-07	
1.26983333	7.03831853e-07	
1.27141667	5.19445820e-07	
1.27300000	6.48606207e-07	
1.27458333	5.96751913e-07	
1.27616667	3.76389613e-07	
1.27775000	2.27119143e-07	
1.27933333	1.63296159e-07	
1.28091667	1.54092398e-07	
1.28250000	1.92972507e-07	
1.28408333	3.02221733e-07	
1.28566667	5.45456915e-07	
1.28725000	4.44118604e-07	
1.28883333	7.11651260e-07	
1.29041667	5.56348676e-07	
1.29200000	5.40057321e-07	
1.29358333	6.35123882e-07	
1.29516667	3.97675384e-07	
1.29675000	3.26679766e-07	
1.29833333	1.29841728e-07	
1.29991667	1.49857656e-07	
1.30150000	1.29254248e-07	
1.30308333	7.83864093e-08	
1.30466667	2.37240561e-07	
1.30625000	5.74565341e-07	
1.30783333	5.40314484e-07	
1.30941667	6.66796832e-07	
1.31100000	5.62268365e-07	
1.31258333	5.94545358e-07	
1.31416667	3.70927268e-07	
1.31575000	1.97528087e-07	
1.31733333	-4.89157239e-08	
1.31891667	-4.63317609e-08	
1.32050000	1.43462491e-07	
1.32208333	-1.37417820e-08	
1.32366667	2.33990217e-07	
1.32525000	3.90156375e-07	
1.32683333	4.70487247e-07	
1.32841667	4.75067077e-07	
1.33000000	4.38597008e-07	
1.33158333	5.50212816e-07	
1.33316667	5.98472030e-07	
1.33475000	4.69147275e-07	
1.33633333	4.29747099e-07	
1.33791667	2.61602214e-07	
1.33950000	4.14570222e-07	
1.34108333	2.23964535e-07	
1.34266667	-5.48798550e-09	
1.34425000	1.88808034e-07	
1.34583333	4.32157839e-07	
1.34741667	5.10415303e-07	
1.34900000	4.08650364e-07	
1.35058333	5.37681190e-07	
1.35216667	7.22106873e-07	
1.35375000	6.31468318e-07	
1.35533333	4.65603772e-07	
1.35691667	-6.19488247e-08	
1.35850000	-8.22839601e-08	
1.36008333	1.39296212e-07	
1.36166667	1.77589373e-07	
1.36325000	8.75025613e-08	
1.36483333	1.24405774e-07	
1.36641667	3.60668951e-07	
1.36800000	4.24509100e-07	
1.36958333	4.79041855e-07	
1.37116667	5.80849831e-07	
1.37275000	6.44888425e-07	
1.37433333	7.86623168e-07	
1.37591667	3.82119398e-07	
1.37750000	1.40350894e-07	
1.37908333	1.47056929e-07	
1.38066667	5.64769837e-08	
1.38225000	2.70226293e-07	
1.38383333	2.28372283e-07	
1.38541667	5.98349552e-07	
1.38700000	7.08368841e-07	
1.38858333	6.19738928e-07	
1.39016667	7.25910732e-07	
1.39175000	6.32831084e-07	
1.39333333	6.69087558e-07	
1.39491667	3.23697297e-07	
1.39650000	1.07985144e-07	
1.39808333	4.47057910e-08	
1.39966667	8.16180833e-08	
1.40125000	2.90596339e-07	
@ 
0.00000000	3.42191706e-07	
0.00158333	2.51188659e-07	
0.00316667	4.30343022e-07	
0.00475000	5.29254436e-07	
0.00633333	7.14330645e-07	
0.00791667	5.37809940e-07	
0.00950000	5.83528711e-07	
0.01108333	6.26350753e-07	
0.01266667	1.46365396e-07	
0.01425000	1.88142752e-07	
0.01583333	1.73234211e-07	
0.01741667	1.24604261e-07	
0.01900000	1.49010702e-07	
0.02058333	-4.93647345e-08	
0.02216667	2.91159109e-07	
0.02375000	7.78714662e-07	
0.02533333	5.26678264e-07	
0.02691667	6.07164572e-07	
0.02850000	5.07994314e-07	
0.03008333	6.63078993e-07	
0.03166667	5.22426946e-07	
0.03325000	3.52718527e-07	
0.03483333	2.95048959e-08	
0.03641667	9.49095237e-08	
0.03800000	1.06472446e-07	
0.03958333	6.57670830e-08	
0.04116667	2.61818300e-07	
0.04275000	2.98418854e-07	
0.04433333	4.29867308e-07	
0.04591667	6.15116033e-07	
0.04750000	5.08384036e-07	
0.04908333	6.13648823e-07	
0.05066667	6.54092046e-07	
0.05225000	4.15868584e-07	
0.05383333	2.41421989e-07	
0.05541667	-1.91260850e-08	
0.05700000	8.97147236e-08	
0.05858333	7.89473584e-08	
0.06016667	1.17621840e-07	
0.06175000	1.93017155e-07	
0.06333333	2.51534559e-07	
0.06491667	5.65380593e-07	
0.06650000	5.92517003e-07	
0.06808333	4.80165433e-07	
0.06966667	7.46971205e-07	
0.07125000	5.36454567e-07	
0.07283333	3.77582018e-07	
0.07441667	1.37153808e-07	
0.07600000	5.12656313e-08	
0.07758333	2.91242136e-08	
0.07916667	8.37611944e-08	
0.08075000	2.15797437e-07	
0.08233333	7.45747942e-08	
0.08391667	3.32383062e-07	
0.08550000	5.08858545e-07	
0.08708333	5.21001514e-07	
0.08866667	5.96536527e-07	
0.09025000	6.25876356e-07	
0.09183333	4.88006065e-07	
0.09341667	3.05367142e-07	
0.09500000	9.79688709e-08	
0.09658333	9.08993797e-08	
0.09816667	-2.22288289e-08	
0.09975000	2.12643291e-07	
0.10133333	2.33341068e-08	
0.10291667	3.49623520e-07	
0.10450000	7.33774437e-07	
0.10608333	5.84135051e-07	
0.10766667	6.45017062e-07	
0.10925000	5.92905604e-07	
0.11083333	5.34009889e-07	
0.11241667	4.38508720e-07	
0.11400000	-4.45132473e-09	
0.11558333	1.85720521e-08	
0.11716667	6.14550225e-08	
0.11875000	1.45060509e-07	
0.12033333	9.56704788e-08	
0.12191667	7.88946461e-08	
0.12350000	1.86958201e-07	
0.12508333	5.93336823e-07	
0.12666667	6.62994821e-07	
0.12825000	6.75784843e-07	
0.12983333	6.01589466e-07	
0.13141667	6.92505121e-07	
0.13300000	6.11875895e-07	
0.13458333	-2.05603146e-08	
0.13616667	1.18537621e-07	
0.13775000	1.19306241e-07	
0.13933333	1.27214566e-07	
0.14091667	7.14551182e-08	
0.14250000	2.36452718e-07	
0.14408333	3.98539783e-07	
0.14566667	4.88591515e-07	
0.14725000	4.95679754e-07	
0.14883333	4.48225072e-07	
0.15041667	4.68067911e-07	
0.15200000	5.32899752e-07	
0.15358333	2.05279843e-07	
0.15516667	6.46535081e-08	
0.15675000	4.75150660e-08	
0.15833333	1.66364019e-07	
0.15991667	1.77943770e-07	
0.16150000	2.15927279e-07	
0.16308333	4.37429664e-07	
0.16466667	4.64740633e-07	
0.16625000	5.71125107e-07	
0.16783333	5.17068345e-07	
0.16941667	5.99479291e-07	
0.17100000	5.41441311e-07	
0.17258333	2.07328891e-07	
0.17416667	9.38553044e-08	
0.17575000	-6.22685920e-08	
0.17733333	-6.32189197e-08	
0.17891667	8.85667911e-08	
0.18050000	-4.49232067e-08	
0.18208333	1.98789390e-07	
0.18366667	2.24725204e-07	
0.18525000	3.10560451e-07	
0.18683333	5.18321737e-07	
0.18841667	4.53373999e-07	
0.19000000	5.91347950e-07	
0.19158333	5.30161341e-07	
0.19316667	1.99508140e-07	
0.19475000	2.54446689e-07	
0.19633333	6.81873576e-08	
0.19791667	2.88134833e-07	
0.19950000	1.96499979e-07	
0.20108333	2.18606929e-07	
0.20266667	3.75421357e-07	
0.20425000	6.48992289e-07	
0.20583333	6.83475276e-07	
0.20741667	5.27611602e-07	
0.20900000	5.81063929e-07	
0.21058333	6.52155367e-07	
0.21216667	4.37809725e-07	
0.21375000	2.14035710e-07	
0.21533333	8.82546541e-08	
0.21691667	8.39162724e-08	
0.21850000	1.42408104e-07	
0.22008333	-3.59442853e-08	
0.22166667	1.68300026e-07	
0.22325000	2.35113922e-07	
0.22483333	5.81524885e-07	
0.22641667	4.95419398e-07	
0.22800000	5.22167374e-07	
0.22958333	5.50557960e-07	
0.23116667	5.33723437e-07	
0.23275000	4.78809333e-07	
0.23433333	2.22946032e-07	
0.23591667	1.78903990e-07	
0.23750000	3.01832039e-07	
0.23908333	2.93889455e-07	
0.24066667	2.02013707e-07	
0.24225000	2.22799151e-07	
0.24383333	5.68665868e-07	
0.24541667	6.62172032e-07	
0.24700000	4.27922817e-07	
0.24858333	6.00078350e-07	
0.25016667	4.73080331e-07	
0.25175000	4.01304375e-07	
0.25333333	1.80451171e-07	
0.25491667	1.82789629e-08	
0.25650000	4.31686515e-08	
0.25808333	1.07725384e-07	
0.25966667	1.05988844e-07	
0.26125000	7.28211455e-08	
0.26283333	3.29054945e-07	
0.26441667	5.45717887e-07	
0.26600000	3.94131881e-07	
0.26758333	5.72224324e-07	
0.26916667	5.49736739e-07	
0.27075000	5.57558554e-07	
0.27233333	3.42321128e-07	
0.27391667	-4.00311842e-08	
0.27550000	8.49962178e-08	
0.27708333	1.04960806e-07	
0.27866667	2.45528405e-08	
0.28025000	8.50913941e-08	
0.28183333	-1.61961910e-08	
0.28341667	4.24120387e-07	
0.28500000	4.51300786e-07	
0.28658333	5.18969631e-07	
0.28816667	6.15632712e-07	
0.28975000	6.81185669e-07	
0.29133333	6.40350597e-07	
0.29291667	3.55544218e-07	
0.29450000	2.23066241e-07	
0.29608333	1.29685845e-07	
0.29766667	4.58473252e-08	
0.29925000	1.63080396e-07	
0.30083333	-1.07337979e-07	
0.30241667	9.82891493e-08	
0.30400000	3.32503664e-07	
0.30558333	4.35528602e-07	
0.30716667	6.23713819e-07	
0.30875000	4.80908139e-07	
0.31033333	6.25921270e-07	
0.31191667	6.42511398e-07	
0.31350000	3.60254477e-07	
0.31508333	1.07509907e-07	
0.31666667	-5.47947881e-09	
0.31825000	1.20209578e-08	
0.31983333	4.11281335e-08	
0.32141667	-4.43524291e-08	
0.32300000	2.02056590e-07	
0.32458333	2.59398571e-07	
0.32616667	5.36340658e-07	
0.32775000	5.26618510e-07	
0.32933333	6.19219169e-07	
0.33091667	5.83872175e-07	
0.33250000	4.10198526e-07	
0.33408333	2.12963976e-07	
0.33566667	-3.69548262e-08	
0.33725000	8.72612395e-08	
0.33883333	2.56805571e-07	
0.34041667	7.43310643e-08	
0.34200000	3.44231262e-07	
0.34358333	5.43815313e-07	
0.34516667	5.25018686e-07	
0.34675000	5.42865791e-07	
0.34833333	5.37550144e-07	
0.34991667	7.30791351e-07	
0.35150000	5.87763341e-07	
0.35308333	4.84833299e-07	
0.35466667	4.94854129e-08	
0.35625000	-1.46443897e-07	
0.35783333	1.28772388e-08	
0.35941667	-7.64936153e-08	
0.36100000	5.42223225e-08	
0.36258333	2.14216360e-07	
0.36416667	1.99075185e-07	
0.36575000	5.28995144e-07	
0.36733333	4.72604590e-07	
0.36891667	5.91350022e-07	
0.37050000	5.54334209e-07	
0.37208333	2.76933630e-07	
0.37366667	2.44637373e-07	
0.37525000	-6.52321470e-08	
0.37683333	9.60587582e-08	
0.37841667	1.86067733e-07	
0.38000000	1.66415821e-07	
0.38158333	2.15537879e-07	
0.38316667	5.14278020e-07	
0.38475000	6.04701973e-07	
0.38633333	5.29642813e-07	
0.38791667	5.35909271e-07	
0.38950000	6.41603037e-07	
0.39108333	7.29972818e-07	
0.39266667	4.08988788e-07	
0.39425000	1.47212462e-07	
0.39583333	1.16731743e-07	
0.39741667	2.27940266e-07	
0.39900000	1.09108814e-07	
0.40058333	1.55821014e-07	
0.40216667	2.02782061e-07	
0.40375000	5.73935985e-07	
0.40533333	5.35259810e-07	
0.40691667	3.27327575e-07	
0.40850000	3.53910400e-07	
0.41008333	4.25744599e-07	
0.41166667	5.85342689e-07	
0.41325000	3.87995266e-07	
0.41483333	-1.01858539e-07	
0.41641667	-9.63571186e-09	
0.41800000	5.84571870e-08	
0.41958333	3.48111620e-07	
0.42116667	1.57816747e-07	
0.42275000	1.97779104e-07	
0.42433333	5.10586782e-07	
0.42591667	4.70399435e-07	
0.42750000	6.33471584e-07	
0.42908333	5.12142812e-07	
0.43066667	4.14951039e-07	
0.43225000	4.71825931e-07	
0.43383333	2.52268387e-07	
0.43541667	5.83352135e-08	
0.43700000	1.63209761e-07	
0.43858333	1.47350284e-07	
0.44016667	1.87147993e-07	
0.44175000	1.85852571e-07	
0.44333333	5.47661174e-07	
0.44491667	4.74108090e-07	
0.44650000	4.87512067e-07	
0.44808333	5.31371499e-07	
0.44966667	4.44128964e-07	
0.45125000	4.94684533e-07	
0.45283333	5.07909582e-07	
0.45441667	2.38570733e-07	
0.45600000	-3.30569883e-08	
0.45758333	-6.27869163e-08	
0.45916667	2.00241997e-07	
0.46075000	7.15148239e-08	
0.46233333	1.08875003e-07	
0.46391667	5.69353971e-07	
0.46550000	5.38025718e-07	
0.46708333	6.03017306e-07	
0.46866667	5.24008177e-07	
0.47025000	6.69172178e-07	
0.47183333	4.96613203e-07	
0.47341667	2.58828914e-07	
0.47500000	4.80859662e-08	
0.47658333	6.50764740e-08	
0.47816667	5.17147365e-08	
0.47975000	1.20871974e-07	
0.48133333	4.95540195e-08	
0.48291667	2.29323472e-07	
0.48450000	3.08979780e-07	
0.48608333	4.63226521e-07	
0.48766667	4.70615997e-07	
0.48925000	5.11452525e-07	
0.49083333	6.22246833e-07	
0.49241667	3.30698367e-07	
0.49400000	2.72447829e-07	
0.49558333	-4.63491357e-08	
0.49716667	7.26815453e-08	
0.49875000	1.84615980e-07	
0.50033333	1.08026668e-08	
0.50191667	1.87943761e-07	
0.50350000	1.12876635e-07	
0.50508333	4.39071825e-07	
0.50666667	6.22719382e-07	
0.50825000	6.36204227e-07	
0.50983333	6.70513214e-07	
0.51141667	7.07068295e-07	
0.51300000	5.04622907e-07	
0.51458333	9.90576928e-08	
0.51616667	1.69337161e-09	
0.51775000	1.90433171e-07	
0.51933333	1.00033775e-07	
0.52091667	4.96409739e-08	
0.52250000	1.51239896e-07	
0.52408333	2.60202095e-07	
0.52566667	5.76656643e-07	
0.52725000	4.56831286e-07	
0.52883333	6.93544640e-07	
0.53041667	5.74064903e-07	
0.53200000	5.05850706e-07	
0.53358333	3.69847819e-07	
0.53516667	7.55412856e-08	
0.53675000	1.18546245e-07	
0.53833333	1.49426143e-07	
0.53991667	4.79130374e-08	
0.54150000	1.72084662e-07	
0.54308333	1.00924803e-07	
0.54466667	2.06379186e-07	
0.54625000	3.64359153e-07	
0.54783333	4.58604214e-07	
0.54941667	6.38579238e-07	
0.55100000	6.87886202e-07	
0.55258333	6.17665827e-07	
0.55416667	3.28078849e-07	
0.55575000	9.21611933e-08	
0.55733333	1.13490345e-07	
0.55891667	-7.72444970e-08	
0.56050000	1.45536096e-07	
0.56208333	2.16316818e-07	
0.56366667	3.52156794e-07	
0.56525000	5.07735582e-07	
0.56683333	5.06006617e-07	
0.56841667	5.33574750e-07	
0.57000000	5.01340936e-07	
0.57158333	7.59525232e-07	
0.57316667	2.28415335e-07	
0.57475000	1.10491705e-07	
0.57633333	4.78176791e-08	
0.57791667	3.36183260e-08	
0.57950000	2.68386359e-07	
0.58108333	1.71705287e-07	
0.58266667	2.77226691e-07	
0.58425000	5.16074525e-07	
0.58583333	4.00354012e-07	
0.58741667	5.35951945e-07	
0.58900000	5.87286312e-07	
0.59058333	6.16802548e-07	
0.59216667	5.44853712e-07	
0.59375000	1.23196344e-07	
0.59533333	6.40914178e-08	
0.59691667	2.07846802e-07	
0.59850000	3.77236259e-07	
0.60008333	6.02109225e-07	
0.60166667	4.07863921e-07	
0.60325000	7.99543732e-07	
0.60483333	1.05837671e-06	
0.60641667	1.35338697e-06	
0.60800000	1.56300684e-06	
0.60958333	1.69009166e-06	
0.61116667	2.33658971e-06	
0.61275000	2.66173358e-06	
0.61433333	3.14380545e-06	
0.61591667	3.63167246e-06	
0.61750000	4.28550090e-06	
0.61908333	4.96941569e-06	
0.62066667	5.68212965e-06	
0.62225000	6.63175172e-06	
0.62383333	7.62314090e-06	
0.62541667	8.79403965e-06	
0.62700000	1.06241883e-05	
0.62858333	1.34352036e-05	
0.63016667	1.79466441e-05	
0.63175000	2.42958972e-05	
0.63333333	3.71727727e-05	
0.63491667	6.56838904e-05	
0.63650000	1.43264342e-04	
0.63808333	4.00082210e-04	
0.63966667	8.35415817e-04	
0.64125000	5.38008919e-04	
0.64283333	9.37213268e-04	
0.64441667	4.73250439e-03	
0.64600000	5.80056642e-03	
0.64758333	8.35861079e-03	
0.64916667	1.56402199e-02	
0.65075000	1.36623100e-02	
0.65233333	2.68851874e-02	
0.65391667	3.00768573e-02	
0.65550000	2.33411985e-02	
0.65708333	2.26924409e-02	
0.65866667	2.89609609e-02	
0.66025000	6.36513123e-02	
0.66183333	8.39356155e-02	
0.66341667	1.13905819e-01	
0.66500000	1.24001165e-01	
0.66658333	1.60393165e-01	
0.66816667	1.67850326e-01	
0.66975000	2.20631693e-01	
0.67133333	3.17865746e-01	
0.67291667	4.01095990e-01	
0.67450000	4.95723142e-01	
0.67608333	8.01858081e-01	
0.67766667	6.33881662e+00	
0.67925000	1.56691812e+01	
0.68083333	2.23830351e+01	
0.68241667	2.77963028e+01	
0.68400000	3.26578686e+01	
0.68558333	3.39066874e+01	
0.68716667	3.41420300e+01	
0.68875000	3.45647371e+01	
0.69033333	3.47519663e+01	
0.69191667	3.51939045e+01	
0.69350000	3.64221806e+01	
