start voltage : 0.00 V 
set voltage : 0.10 V 
High G : 30.00 G0 
Intermediate G : 20.00 G0 
Low G : 10.00 G0 
Breaking speed 1 : 300.00 V/s 
Breaking speed 2 : 300.00 V/s 
Making speed : 500.00 V/s 
Post breaking : 230.00 V/s 
@ 
0.00000000	2.60765020e+01	
0.00158333	2.65138832e+01	
0.00316667	2.65689211e+01	
0.00475000	2.64209263e+01	
0.00633333	2.64183425e+01	
0.00791667	2.63145242e+01	
0.00950000	2.64121752e+01	
0.01108333	2.62835843e+01	
0.01266667	2.62520524e+01	
0.01425000	2.64045478e+01	
0.01583333	2.62461031e+01	
0.01741667	2.62842344e+01	
0.01900000	2.62996415e+01	
0.02058333	2.62939608e+01	
0.02216667	2.62010753e+01	
0.02375000	2.62363992e+01	
0.02533333	2.62389342e+01	
0.02691667	2.61334491e+01	
0.02850000	2.62308445e+01	
0.03008333	2.61893834e+01	
0.03166667	2.61586332e+01	
0.03325000	2.61875324e+01	
0.03483333	2.60017257e+01	
0.03641667	2.60240610e+01	
0.03800000	2.59453799e+01	
0.03958333	2.59915408e+01	
0.04116667	2.60452483e+01	
0.04275000	2.58900958e+01	
0.04433333	2.59219095e+01	
0.04591667	2.58971914e+01	
0.04750000	2.59111721e+01	
0.04908333	2.59617377e+01	
0.05066667	2.57540898e+01	
0.05225000	2.57865857e+01	
0.05383333	2.57616796e+01	
0.05541667	2.57211731e+01	
0.05700000	2.57373486e+01	
0.05858333	2.57071998e+01	
0.06016667	2.56713178e+01	
0.06175000	2.56791200e+01	
0.06333333	2.56497228e+01	
0.06491667	2.55499465e+01	
0.06650000	2.55354734e+01	
0.06808333	2.51474833e+01	
0.06966667	2.49588447e+01	
0.07125000	2.49769708e+01	
0.07283333	2.48956852e+01	
0.07441667	2.48630146e+01	
0.07600000	2.48590928e+01	
0.07758333	2.48035269e+01	
0.07916667	2.48341924e+01	
0.08075000	2.48257288e+01	
0.08233333	2.46193024e+01	
0.08391667	2.46903993e+01	
0.08550000	2.45273696e+01	
0.08708333	2.44415270e+01	
0.08866667	2.43391406e+01	
0.09025000	2.39606439e+01	
0.09183333	2.40182149e+01	
0.09341667	2.38172398e+01	
0.09500000	2.38409939e+01	
0.09658333	2.36714059e+01	
0.09816667	2.37366795e+01	
0.09975000	2.37374292e+01	
0.10133333	2.36390341e+01	
0.10291667	2.36641863e+01	
0.10450000	2.36641656e+01	
0.10608333	2.36898891e+01	
0.10766667	2.35595694e+01	
0.10925000	2.31831960e+01	
0.11083333	2.13192601e+01	
0.11241667	2.12477985e+01	
0.11400000	2.13987135e+01	
0.11558333	2.12510607e+01	
0.11716667	2.09492927e+01	
0.11875000	2.10127416e+01	
0.12033333	2.10403066e+01	
0.12191667	2.10292423e+01	
0.12350000	2.09539398e+01	
0.12508333	2.07243511e+01	
0.12666667	2.08053305e+01	
0.12825000	2.07493793e+01	
0.12983333	2.03768488e+01	
0.13141667	2.01787807e+01	
0.13300000	2.00130675e+01	
0.13458333	2.01526814e+01	
0.13616667	2.00434663e+01	
0.13775000	2.00783768e+01	
0.13933333	2.00149373e+01	
0.14091667	1.97906722e+01	
0.14250000	1.98002013e+01	
0.14408333	1.99666342e+01	
0.14566667	2.00158336e+01	
0.14725000	1.99624700e+01	
0.14883333	1.97774431e+01	
0.15041667	1.96150635e+01	
0.15200000	1.95135772e+01	
0.15358333	1.96032907e+01	
0.15516667	1.95365872e+01	
0.15675000	1.95175365e+01	
0.15833333	1.94730537e+01	
0.15991667	1.93522424e+01	
0.16150000	1.72322013e+01	
0.16308333	1.69486196e+01	
0.16466667	1.71261638e+01	
0.16625000	1.71568801e+01	
0.16783333	1.70087856e+01	
0.16941667	1.70676100e+01	
0.17100000	1.69844866e+01	
0.17258333	1.70299259e+01	
0.17416667	1.68111122e+01	
0.17575000	1.67715019e+01	
0.17733333	1.67386058e+01	
0.17891667	1.64985072e+01	
0.18050000	1.60410869e+01	
0.18208333	1.59619416e+01	
0.18366667	1.57922691e+01	
0.18525000	1.55463865e+01	
0.18683333	1.52842672e+01	
0.18841667	1.46602327e+01	
0.19000000	1.46829476e+01	
0.19158333	1.46733979e+01	
0.19316667	1.43826839e+01	
0.19475000	1.43297712e+01	
0.19633333	1.44070468e+01	
0.19791667	1.42912368e+01	
0.19950000	1.44159501e+01	
0.20108333	1.43428040e+01	
0.20266667	1.44968609e+01	
0.20425000	1.44419968e+01	
0.20583333	1.43031768e+01	
0.20741667	1.42284860e+01	
0.20900000	1.42560472e+01	
0.21058333	1.42081820e+01	
0.21216667	1.42423371e+01	
0.21375000	1.41483570e+01	
0.21533333	1.40527608e+01	
0.21691667	1.39740092e+01	
0.21850000	1.34496974e+01	
0.22008333	1.32927475e+01	
0.22166667	1.25625740e+01	
0.22325000	1.20941635e+01	
0.22483333	1.18718387e+01	
0.22641667	1.16339659e+01	
0.22800000	1.16499019e+01	
0.22958333	1.16195943e+01	
0.23116667	1.16271521e+01	
0.23275000	1.16943753e+01	
0.23433333	1.16101112e+01	
0.23591667	1.15562318e+01	
0.23750000	1.14915699e+01	
0.23908333	1.13622781e+01	
0.24066667	1.13497048e+01	
0.24225000	1.12701592e+01	
0.24383333	1.13073708e+01	
0.24541667	1.11866515e+01	
0.24700000	1.10824940e+01	
0.24858333	1.11455878e+01	
0.25016667	1.11151120e+01	
0.25175000	1.12376005e+01	
0.25333333	1.11941850e+01	
0.25491667	1.08816204e+01	
0.25650000	1.03159733e+01	
0.25808333	9.75384306e+00	
0.25966667	9.32885563e+00	
0.26125000	9.26741551e+00	
0.26283333	9.48186963e+00	
0.26441667	9.36553536e+00	
0.26600000	9.34057860e+00	
0.26758333	9.25680499e+00	
0.26916667	8.81114241e+00	
0.27075000	8.65699247e+00	
0.27233333	8.36968815e+00	
0.27391667	8.26633868e+00	
0.27550000	8.16478942e+00	
0.27708333	8.02399353e+00	
0.27866667	8.14666800e+00	
0.28025000	8.12950307e+00	
0.28183333	8.14549542e+00	
0.28341667	8.09538460e+00	
0.28500000	8.14153797e+00	
0.28658333	8.03387025e+00	
0.28816667	8.01308047e+00	
0.28975000	7.70816022e+00	
0.29133333	7.70229685e+00	
0.29291667	7.58819734e+00	
0.29450000	7.56994015e+00	
0.29608333	7.52481185e+00	
0.29766667	7.43059543e+00	
0.29925000	7.45508757e+00	
0.30083333	7.40060307e+00	
0.30241667	7.23488472e+00	
0.30400000	7.10825985e+00	
0.30558333	7.06648532e+00	
0.30716667	6.97706774e+00	
0.30875000	6.89679120e+00	
0.31033333	6.86553277e+00	
0.31191667	6.96916458e+00	
0.31350000	6.90623760e+00	
0.31508333	6.75677328e+00	
0.31666667	6.47924138e+00	
0.31825000	6.09031028e+00	
0.31983333	6.06381310e+00	
0.32141667	6.00408299e+00	
0.32300000	5.94786311e+00	
0.32458333	5.91203697e+00	
0.32616667	5.86316591e+00	
0.32775000	5.77752209e+00	
0.32933333	5.63576409e+00	
0.33091667	5.60088833e+00	
0.33250000	5.51332123e+00	
0.33408333	4.87458624e+00	
0.33566667	4.79637486e+00	
0.33725000	4.76992889e+00	
0.33883333	4.82220871e+00	
0.34041667	4.69581825e+00	
0.34200000	4.70230314e+00	
0.34358333	4.65488511e+00	
0.34516667	4.54355966e+00	
0.34675000	4.37604675e+00	
0.34833333	4.31892206e+00	
0.34991667	4.29344384e+00	
0.35150000	4.24716315e+00	
0.35308333	4.24918322e+00	
0.35466667	4.22590218e+00	
0.35625000	4.18861126e+00	
0.35783333	4.07785801e+00	
0.35941667	3.97001319e+00	
0.36100000	3.98714383e+00	
0.36258333	3.86470425e+00	
0.36416667	3.71136587e+00	
0.36575000	3.62813650e+00	
0.36733333	3.60473590e+00	
0.36891667	3.60208374e+00	
0.37050000	3.85251009e+00	
0.37208333	3.76707909e+00	
0.37366667	3.31352627e+00	
0.37525000	3.23982669e+00	
0.37683333	3.23880796e+00	
0.37841667	3.26001116e+00	
0.38000000	3.22172947e+00	
0.38158333	2.84535543e+00	
0.38316667	2.37396400e+00	
0.38475000	2.37821014e+00	
0.38633333	2.33736696e+00	
0.38791667	2.32521132e+00	
0.38950000	2.31380076e+00	
0.39108333	2.30377042e+00	
0.39266667	2.29396440e+00	
0.39425000	2.28290336e+00	
0.39583333	2.29164884e+00	
0.39741667	2.25703428e+00	
0.39900000	2.20921435e+00	
0.40058333	1.90666439e+00	
0.40216667	1.93956083e+00	
0.40375000	2.29426741e+00	
0.40533333	2.28821214e+00	
0.40691667	2.17024326e+00	
0.40850000	1.97083300e+00	
0.41008333	1.99507264e+00	
0.41166667	1.96629184e+00	
0.41325000	1.96557084e+00	
0.41483333	1.84840646e+00	
0.41641667	1.64908946e+00	
0.41800000	1.61763713e+00	
0.41958333	1.21362634e+00	
0.42116667	1.05854095e+00	
0.42275000	1.06133122e+00	
0.42433333	9.98356208e-01	
0.42591667	5.30015490e-01	
0.42750000	1.69996339e-01	
0.42908333	4.91697740e-02	
0.43066667	3.19663929e-02	
0.43225000	2.16923956e-02	
0.43383333	2.00307543e-02	
0.43541667	1.75553239e-02	
0.43700000	1.10070104e-02	
0.43858333	7.10478669e-03	
0.44016667	2.42435689e-03	
0.44175000	5.38497799e-05	
0.44333333	3.11040143e-05	
0.44491667	7.49412473e-05	
0.44650000	3.01539149e-04	
0.44808333	6.43133560e-04	
0.44966667	2.85711638e-04	
0.45125000	1.20151415e-04	
0.45283333	1.07446776e-04	
0.45441667	1.17334759e-04	
0.45600000	1.28662772e-04	
0.45758333	1.27907861e-04	
0.45916667	1.22471879e-04	
0.46075000	1.13741265e-04	
0.46233333	1.03856916e-04	
0.46391667	9.28715352e-05	
0.46550000	8.10079055e-05	
0.46708333	7.37238369e-05	
0.46866667	6.86575038e-05	
0.47025000	6.35304334e-05	
0.47183333	5.88112728e-05	
0.47341667	5.50761686e-05	
0.47500000	5.14316720e-05	
0.47658333	4.85508024e-05	
0.47816667	4.63045945e-05	
0.47975000	4.32904514e-05	
0.48133333	4.12512574e-05	
0.48291667	3.98313491e-05	
0.48450000	3.76845586e-05	
0.48608333	3.58821308e-05	
0.48766667	3.35201509e-05	
0.48925000	3.12283488e-05	
0.49083333	2.87790247e-05	
0.49241667	2.60367295e-05	
0.49400000	2.39275673e-05	
0.49558333	2.16608849e-05	
0.49716667	1.91793105e-05	
0.49875000	1.70827323e-05	
0.50033333	1.52595737e-05	
0.50191667	1.38841609e-05	
0.50350000	1.25108807e-05	
0.50508333	1.11985080e-05	
0.50666667	1.01936329e-05	
0.50825000	9.16494564e-06	
0.50983333	8.35213413e-06	
0.51141667	7.83359028e-06	
0.51300000	7.33220740e-06	
0.51458333	6.82638061e-06	
0.51616667	6.44075447e-06	
0.51775000	6.00336947e-06	
0.51933333	5.43942820e-06	
0.52091667	5.14817257e-06	
0.52250000	4.63050147e-06	
0.52408333	3.78831059e-06	
0.52566667	3.38717467e-06	
0.52725000	2.97817779e-06	
0.52883333	2.77866996e-06	
0.53041667	2.53703323e-06	
0.53200000	2.21121285e-06	
0.53358333	2.39087541e-06	
0.53516667	2.50208273e-06	
0.53675000	2.44098444e-06	
0.53833333	2.56887984e-06	
0.53991667	2.20107662e-06	
0.54150000	2.18205234e-06	
0.54308333	1.99367691e-06	
0.54466667	1.68698061e-06	
0.54625000	1.48201276e-06	
0.54783333	1.18628465e-06	
0.54941667	1.17760382e-06	
0.55100000	1.01158302e-06	
0.55258333	7.99586854e-07	
0.55416667	9.90907791e-07	
0.55575000	1.09280324e-06	
0.55733333	1.19164365e-06	
0.55891667	1.13857589e-06	
0.56050000	1.13529437e-06	
0.56208333	1.14197703e-06	
0.56366667	7.58922309e-07	
0.56525000	4.73080107e-07	
0.56683333	3.38258874e-07	
0.56841667	3.96076736e-07	
0.57000000	4.13489626e-07	
0.57158333	3.51092886e-07	
0.57316667	5.09696230e-07	
0.57475000	7.05643255e-07	
0.57633333	9.09013636e-07	
0.57791667	7.91376214e-07	
0.57950000	6.73538526e-07	
0.58108333	8.12289400e-07	
0.58266667	7.30186412e-07	
0.58425000	6.36246453e-07	
0.58583333	3.73994077e-07	
0.58741667	2.60175886e-07	
0.58900000	3.54852727e-07	
0.59058333	2.68516817e-07	
0.59216667	2.55812086e-07	
0.59375000	5.09679150e-07	
0.59533333	5.78514974e-07	
0.59691667	6.81532717e-07	
0.59850000	5.39279446e-07	
0.60008333	5.82664089e-07	
0.60166667	7.09057000e-07	
0.60325000	3.84192387e-07	
0.60483333	1.90390959e-07	
0.60641667	8.42879471e-08	
0.60800000	2.65577609e-07	
0.60958333	2.72924186e-07	
0.61116667	2.86094185e-07	
0.61275000	2.32823461e-07	
0.61433333	3.86682035e-07	
0.61591667	7.07716076e-07	
0.61750000	6.52104684e-07	
0.61908333	6.61739693e-07	
0.62066667	7.24528982e-07	
0.62225000	5.60452484e-07	
0.62383333	4.26756397e-07	
0.62541667	1.42124213e-07	
0.62700000	1.63166219e-07	
0.62858333	2.33774090e-07	
0.63016667	1.22867959e-07	
0.63175000	1.65629266e-07	
0.63333333	3.08228618e-07	
0.63491667	6.81836251e-07	
0.63650000	7.59052907e-07	
0.63808333	6.86890757e-07	
0.63966667	5.84177052e-07	
0.64125000	7.16147310e-07	
0.64283333	6.72414108e-07	
0.64441667	4.55708744e-07	
0.64600000	5.02420328e-07	
0.64758333	3.89897643e-07	
0.64916667	2.10829230e-07	
0.65075000	2.06930587e-07	
0.65233333	2.13420760e-07	
0.65391667	2.50850572e-07	
0.65550000	5.17328421e-07	
0.65708333	5.03932564e-07	
0.65866667	4.08995984e-07	
0.66025000	4.52061160e-07	
0.66183333	4.84573615e-07	
0.66341667	4.20663575e-07	
0.66500000	2.13680780e-07	
0.66658333	1.08408523e-07	
0.66816667	2.90208270e-07	
0.66975000	2.32891910e-07	
0.67133333	2.24362741e-07	
0.67291667	1.09670239e-07	
0.67450000	3.66087307e-07	
0.67608333	5.17723575e-07	
0.67766667	6.12263265e-07	
0.67925000	5.70997029e-07	
0.68083333	4.93821310e-07	
0.68241667	6.05090239e-07	
0.68400000	4.24510416e-07	
0.68558333	2.11130748e-07	
0.68716667	2.80096876e-07	
0.68875000	2.99153327e-07	
0.69033333	5.43213174e-07	
0.69191667	3.51828115e-07	
0.69350000	2.65983739e-07	
0.69508333	4.97476258e-07	
0.69666667	6.13561011e-07	
0.69825000	6.89180588e-07	
0.69983333	5.10890316e-07	
0.70141667	6.18442414e-07	
0.70300000	6.85032594e-07	
0.70458333	1.94106236e-07	
0.70616667	4.55455767e-08	
0.70775000	-3.11984819e-08	
0.70933333	1.89655296e-07	
0.71091667	1.99524003e-07	
0.71250000	1.15071996e-07	
0.71408333	2.85350444e-07	
0.71566667	4.34061113e-07	
0.71725000	5.64472680e-07	
0.71883333	6.67791100e-07	
0.72041667	5.22599377e-07	
0.72200000	7.48727388e-07	
0.72358333	5.79205877e-07	
0.72516667	3.61818627e-07	
0.72675000	8.18688275e-08	
0.72833333	7.29667171e-08	
0.72991667	3.12289529e-07	
0.73150000	6.39499389e-09	
0.73308333	1.38362902e-07	
0.73466667	5.05661977e-07	
0.73625000	5.67020571e-07	
0.73783333	4.72517450e-07	
0.73941667	4.75673640e-07	
0.74100000	6.78074226e-07	
0.74258333	6.56297481e-07	
0.74416667	4.44854057e-07	
0.74575000	3.34845073e-07	
0.74733333	2.73182162e-07	
0.74891667	2.68688604e-07	
0.75050000	2.33040233e-07	
0.75208333	3.08063887e-07	
0.75366667	3.22037018e-07	
0.75525000	4.65170117e-07	
0.75683333	5.89016398e-07	
0.75841667	5.03111119e-07	
0.76000000	4.91746865e-07	
0.76158333	5.54275015e-07	
0.76316667	5.34438869e-07	
0.76475000	2.14199419e-07	
0.76633333	1.11200074e-07	
0.76791667	-4.55450691e-08	
0.76950000	1.34629327e-07	
0.77108333	1.45363497e-07	
0.77266667	1.57004403e-07	
0.77425000	1.52432974e-07	
0.77583333	4.86216337e-07	
0.77741667	4.70399883e-07	
0.77900000	4.10206310e-07	
0.78058333	5.76527501e-07	
0.78216667	4.93993742e-07	
0.78375000	4.16989279e-07	
0.78533333	2.17136947e-07	
0.78691667	1.47783463e-07	
0.78850000	3.01054669e-07	
0.79008333	2.83294396e-07	
0.79166667	2.88282119e-07	
0.79325000	3.20629843e-07	
0.79483333	3.96068728e-07	
0.79641667	6.61610775e-07	
0.79800000	6.41561371e-07	
0.79958333	5.90658111e-07	
0.80116667	4.52250841e-07	
0.80275000	4.38883097e-07	
0.80433333	4.45381881e-07	
0.80591667	4.15001091e-08	
0.80750000	1.07898473e-07	
0.80908333	2.00112281e-07	
0.81066667	2.67583227e-07	
0.81225000	3.88081313e-07	
0.81383333	2.47817980e-07	
0.81541667	4.44956458e-07	
0.81700000	4.14485126e-07	
0.81858333	4.31120309e-07	
0.82016667	4.93260333e-07	
0.82175000	3.76769366e-07	
0.82333333	4.94294811e-07	
0.82491667	1.48094277e-07	
0.82650000	2.48292993e-07	
0.82808333	1.94615915e-07	
0.82966667	2.44844386e-07	
0.83125000	1.87391254e-07	
0.83283333	1.44524159e-07	
0.83441667	5.51639368e-07	
0.83600000	5.03456766e-07	
0.83758333	5.03673440e-07	
0.83916667	5.74973599e-07	
0.84075000	4.51455381e-07	
0.84233333	6.72890465e-07	
0.84391667	4.88332560e-07	
0.84550000	2.01753757e-07	
0.84708333	2.23497474e-07	
0.84866667	2.82732578e-07	
0.85025000	3.58871943e-07	
0.85183333	1.58111377e-07	
0.85341667	1.65370688e-07	
0.85500000	5.00475361e-07	
0.85658333	5.38372541e-07	
0.85816667	5.75663158e-07	
0.85975000	4.93301831e-07	
0.86133333	6.30755574e-07	
0.86291667	7.25520115e-07	
0.86450000	3.74556959e-07	
0.86608333	1.76969145e-07	
0.86766667	1.47048598e-07	
0.86925000	2.54126271e-07	
0.87083333	2.57238218e-07	
0.87241667	5.77995985e-08	
0.87400000	1.25986991e-07	
0.87558333	3.48501034e-07	
0.87716667	5.27957642e-07	
0.87875000	5.70261492e-07	
0.88033333	4.54843813e-07	
0.88191667	5.18278448e-07	
0.88350000	5.56176300e-07	
0.88508333	3.49728945e-07	
0.88666667	2.88306957e-07	
0.88825000	1.26436103e-07	
0.88983333	3.21528431e-07	
0.89141667	1.87459801e-07	
0.89300000	1.33652909e-07	
0.89458333	2.30404502e-07	
0.89616667	5.98608844e-07	
0.89775000	7.70115700e-07	
0.89933333	5.80330520e-07	
0.90091667	6.16370545e-07	
0.90250000	6.35468970e-07	
0.90408333	5.16680752e-07	
0.90566667	4.09765402e-07	
0.90725000	7.95951885e-08	
0.90883333	2.47516014e-07	
0.91041667	3.04295170e-07	
0.91200000	1.85420022e-07	
0.91358333	2.25320790e-07	
0.91516667	4.41447508e-07	
0.91675000	6.64680329e-07	
0.91833333	5.58638227e-07	
0.91991667	4.76061065e-07	
0.92150000	6.45061192e-07	
0.92308333	6.08636094e-07	
0.92466667	3.80640932e-07	
0.92625000	1.42537414e-07	
0.92783333	1.07345183e-07	
0.92941667	2.40212475e-07	
0.93100000	2.68861960e-07	
0.93258333	2.54922627e-07	
0.93416667	9.63525404e-08	
0.93575000	5.46366676e-07	
0.93733333	5.08987799e-07	
0.93891667	3.73866280e-07	
0.94050000	3.22944455e-07	
0.94208333	4.44083854e-07	
0.94366667	4.09602183e-07	
0.94525000	3.65828939e-07	
0.94683333	1.99662441e-07	
0.94841667	1.73104831e-07	
0.95000000	1.22936338e-07	
0.95158333	9.50235168e-08	
0.95316667	2.86017042e-07	
0.95475000	4.94183534e-07	
0.95633333	5.59027388e-07	
0.95791667	5.44941412e-07	
0.95950000	5.56779391e-07	
0.96108333	7.08235611e-07	
0.96266667	6.86974761e-07	
0.96425000	4.85169986e-07	
0.96583333	2.50549978e-07	
0.96741667	7.04778394e-08	
0.96900000	1.89698320e-07	
0.97058333	1.35243436e-07	
0.97216667	1.82645923e-07	
0.97375000	1.08486367e-07	
0.97533333	4.99829596e-07	
0.97691667	5.43098481e-07	
0.97850000	5.33073863e-07	
0.98008333	5.21993654e-07	
0.98166667	5.26445574e-07	
0.98325000	6.18928684e-07	
0.98483333	4.40644880e-07	
0.98641667	2.85593775e-07	
0.98800000	2.12989163e-07	
0.98958333	1.52450069e-07	
0.99116667	1.69674341e-07	
0.99275000	1.14423921e-07	
0.99433333	1.09808313e-07	
0.99591667	5.75223203e-07	
0.99750000	6.44153896e-07	
0.99908333	4.35744128e-07	
1.00066667	4.89932104e-07	
1.00225000	7.01020415e-07	
1.00383333	5.71730550e-07	
1.00541667	2.85585206e-07	
1.00700000	1.02929616e-07	
1.00858333	8.08487767e-08	
1.01016667	3.50008705e-08	
1.01175000	3.49058448e-08	
1.01333333	-2.99540851e-08	
1.01491667	2.47064718e-07	
1.01650000	4.66899726e-07	
1.01808333	5.09636196e-07	
1.01966667	4.98272558e-07	
1.02125000	4.72213973e-07	
1.02283333	6.59450310e-07	
1.02441667	4.22228146e-07	
@ 
0.00000000	2.34741967e-07	
0.00158333	1.66104181e-07	
0.00316667	2.10698856e-07	
0.00475000	2.43280740e-07	
0.00633333	1.30333836e-07	
0.00791667	1.06689281e-07	
0.00950000	3.29703510e-07	
0.01108333	5.35908935e-07	
0.01266667	7.30232334e-07	
0.01425000	5.89189613e-07	
0.01583333	7.39436347e-07	
0.01741667	6.98123405e-07	
0.01900000	4.80123263e-07	
0.02058333	2.76811993e-07	
0.02216667	1.30800883e-07	
0.02375000	2.16748948e-07	
0.02533333	2.19522066e-07	
0.02691667	1.21415856e-07	
0.02850000	2.72578399e-07	
0.03008333	3.54410895e-07	
0.03166667	5.03067157e-07	
0.03325000	5.49003330e-07	
0.03483333	4.63615963e-07	
0.03641667	6.99290834e-07	
0.03800000	5.61708284e-07	
0.03958333	3.31431888e-07	
0.04116667	2.05427256e-07	
0.04275000	1.35899814e-07	
0.04433333	2.05643635e-07	
0.04591667	1.66346098e-07	
0.04750000	2.02013118e-07	
0.04908333	2.66822125e-07	
0.05066667	4.79949488e-07	
0.05225000	5.28476001e-07	
0.05383333	4.29133144e-07	
0.05541667	5.72049260e-07	
0.05700000	5.09161070e-07	
0.05858333	4.00967716e-07	
0.06016667	1.06403325e-07	
0.06175000	5.79895765e-08	
0.06333333	1.49511925e-07	
0.06491667	2.30990835e-07	
0.06650000	1.32970841e-07	
0.06808333	2.89818912e-07	
0.06966667	3.17475081e-07	
0.07125000	6.05565084e-07	
0.07283333	5.64774366e-07	
0.07441667	4.93345849e-07	
0.07600000	6.29333615e-07	
0.07758333	6.56298321e-07	
0.07916667	5.50472276e-07	
0.08075000	1.12021623e-07	
0.08233333	9.03977372e-08	
0.08391667	3.04252384e-07	
0.08550000	3.31345504e-07	
0.08708333	2.03974564e-07	
0.08866667	1.93846734e-07	
0.09025000	4.00613920e-07	
0.09183333	5.59371915e-07	
0.09341667	4.74462137e-07	
0.09500000	5.67021859e-07	
0.09658333	5.34785636e-07	
0.09816667	5.98046299e-07	
0.09975000	2.71800132e-07	
0.10133333	1.33721694e-07	
0.10291667	2.26341884e-07	
0.10450000	2.24484085e-07	
0.10608333	1.33652811e-07	
0.10766667	1.36073100e-07	
0.10925000	4.49314741e-07	
0.11083333	5.37293653e-07	
0.11241667	3.93051677e-07	
0.11400000	4.79474866e-07	
0.11558333	5.62527153e-07	
0.11716667	6.52364816e-07	
0.11875000	4.97409447e-07	
0.12033333	2.53002748e-07	
0.12191667	2.30368465e-07	
0.12350000	9.48397235e-08	
0.12508333	1.95877679e-07	
0.12666667	1.54005608e-07	
0.12825000	6.64158231e-08	
0.12983333	3.29357443e-07	
0.13141667	3.84884606e-07	
0.13300000	3.41370010e-07	
0.13458333	3.64833886e-07	
0.13616667	3.94997008e-07	
0.13775000	5.84797168e-07	
0.13933333	3.55673695e-07	
0.14091667	1.39935537e-07	
0.14250000	2.83424181e-07	
0.14408333	2.14674923e-07	
0.14566667	3.47248061e-07	
0.14725000	2.66916433e-07	
0.14883333	3.34671801e-07	
0.15041667	4.34698113e-07	
0.15200000	5.50384744e-07	
0.15358333	6.29634404e-07	
0.15516667	5.05791903e-07	
0.15675000	5.90312072e-07	
0.15833333	5.06741258e-07	
0.15991667	3.32211303e-07	
0.16150000	1.76389197e-07	
0.16308333	6.03232047e-08	
0.16466667	1.65862166e-07	
0.16625000	2.38958858e-07	
0.16783333	1.70183978e-07	
0.16941667	4.55647477e-07	
0.17100000	5.52158344e-07	
0.17258333	4.57523869e-07	
0.17416667	4.91747873e-07	
0.17575000	2.23584082e-07	
0.17733333	3.79137292e-07	
0.17891667	1.78895687e-07	
0.18050000	1.66028074e-07	
0.18208333	1.38362734e-07	
0.18366667	1.71705385e-07	
0.18525000	2.38095748e-07	
0.18683333	1.21242542e-07	
0.18841667	1.34672575e-07	
0.19000000	4.30603237e-07	
0.19158333	4.66287619e-07	
0.19316667	4.69579306e-07	
0.19475000	4.45986316e-07	
0.19633333	4.70141880e-07	
0.19791667	5.16334040e-07	
0.19950000	2.53307122e-07	
0.20108333	2.57798804e-07	
0.20266667	1.52320241e-07	
0.20425000	2.03612102e-07	
0.20583333	1.73692788e-07	
0.20741667	-9.94010696e-10	
0.20900000	9.67425209e-08	
0.21058333	2.98202965e-07	
0.21216667	5.54188099e-07	
0.21375000	4.68585122e-07	
0.21533333	4.56701697e-07	
0.21691667	5.63780881e-07	
0.21850000	5.29374225e-07	
0.22008333	3.45130046e-07	
0.22166667	1.18788386e-07	
0.22325000	2.05168356e-07	
0.22483333	2.63545950e-07	
0.22641667	1.59916352e-07	
0.22800000	1.84315008e-07	
0.22958333	2.10630827e-07	
0.23116667	4.98100014e-07	
0.23275000	4.68888067e-07	
0.23433333	4.30126992e-07	
0.23591667	5.72940484e-07	
0.23750000	6.62043394e-07	
0.23908333	6.01592042e-07	
0.24066667	3.34327862e-07	
0.24225000	2.17655684e-07	
0.24383333	2.86276053e-07	
0.24541667	2.16748710e-07	
0.24700000	4.67114160e-08	
0.24858333	2.41206295e-07	
0.25016667	3.02964466e-07	
0.25175000	4.50263872e-07	
0.25333333	3.32555746e-07	
0.25491667	4.26021644e-07	
0.25650000	4.97485275e-07	
0.25808333	5.71729766e-07	
0.25966667	4.68493670e-07	
0.26125000	2.64713294e-07	
0.26283333	9.13922718e-08	
0.26441667	1.18615002e-07	
0.26600000	2.13732400e-07	
0.26758333	2.40644954e-07	
0.26916667	1.93111925e-07	
0.27075000	2.98885327e-07	
0.27233333	5.16896250e-07	
0.27391667	4.63054230e-07	
0.27550000	4.85395172e-07	
0.27708333	3.20214472e-07	
0.27866667	5.24547257e-07	
0.28025000	2.21096479e-07	
0.28183333	-2.14162535e-08	
0.28341667	1.90777670e-07	
0.28500000	2.60046156e-07	
0.28658333	3.39038149e-07	
0.28816667	1.65784757e-07	
0.28975000	2.29453426e-07	
0.29133333	4.14313395e-07	
0.29291667	4.91227554e-07	
0.29450000	5.65164143e-07	
0.29608333	5.62699081e-07	
0.29766667	6.18743539e-07	
0.29925000	5.95168386e-07	
0.30083333	1.28251649e-07	
0.30241667	6.04523325e-08	
0.30400000	4.24334960e-08	
0.30558333	7.30270108e-08	
0.30716667	1.62372160e-07	
0.30875000	1.43842118e-07	
0.31033333	3.30135149e-07	
0.31191667	5.15953279e-07	
0.31350000	5.53712245e-07	
0.31508333	5.48786264e-07	
0.31666667	5.72466087e-07	
0.31825000	4.65429968e-07	
0.31983333	6.78583009e-08	
0.32141667	2.37101535e-07	
0.32300000	1.35165131e-07	
0.32458333	1.78377244e-07	
0.32616667	1.58888075e-07	
0.32775000	2.46513877e-07	
0.32933333	2.70935257e-07	
0.33091667	5.22385224e-07	
0.33250000	5.80806261e-07	
0.33408333	6.06170191e-07	
0.33566667	4.75801886e-07	
0.33725000	5.10198237e-07	
0.33883333	5.39088589e-07	
0.34041667	3.02869122e-07	
0.34200000	1.10370872e-07	
0.34358333	-3.00319111e-08	
0.34516667	2.19359155e-07	
0.34675000	2.96433446e-08	
0.34833333	6.96646059e-08	
0.34991667	3.32640842e-07	
0.35150000	4.45648649e-07	
0.35308333	6.09325149e-07	
0.35466667	7.03613108e-07	
0.35625000	7.78842795e-07	
0.35783333	8.18383817e-07	
0.35941667	4.35467896e-07	
0.36100000	3.77797740e-07	
0.36258333	3.97372522e-07	
0.36416667	4.64480166e-07	
0.36575000	5.74408590e-07	
0.36733333	6.17104626e-07	
0.36891667	8.15876865e-07	
0.37050000	9.95382056e-07	
0.37208333	1.36354392e-06	
0.37366667	1.57882497e-06	
0.37525000	1.79636068e-06	
0.37683333	2.35049110e-06	
0.37841667	2.86570503e-06	
0.38000000	3.50924850e-06	
0.38158333	4.39992658e-06	
0.38316667	5.71641036e-06	
0.38475000	7.33635472e-06	
0.38633333	9.17113728e-06	
0.38791667	1.14109959e-05	
0.38950000	1.47332719e-05	
0.39108333	1.90445192e-05	
0.39266667	2.52076934e-05	
0.39425000	3.08571695e-05	
0.39583333	3.66823018e-05	
0.39741667	4.39760584e-05	
0.39900000	5.23705501e-05	
0.40058333	6.45217979e-05	
0.40216667	8.25237905e-05	
0.40375000	1.11312136e-04	
0.40533333	1.51033426e-04	
0.40691667	1.91714268e-04	
0.40850000	2.32402049e-04	
0.41008333	2.72247007e-04	
0.41166667	4.23122429e-04	
0.41325000	6.39219542e-04	
0.41483333	6.10207452e-04	
0.41641667	7.55245079e-04	
0.41800000	1.17426307e-03	
0.41958333	1.29413473e-03	
0.42116667	1.82960422e-03	
0.42275000	5.10566084e-03	
0.42433333	8.16778158e-03	
0.42591667	1.70091129e-02	
0.42750000	2.07619993e-02	
0.42908333	1.04153544e-02	
0.43066667	1.42761553e-03	
0.43225000	7.14138986e-03	
0.43383333	7.11787134e-03	
0.43541667	8.72396352e-03	
0.43700000	1.16689404e-02	
0.43858333	1.44125876e-02	
0.44016667	1.82733929e-02	
0.44175000	2.51104569e-02	
0.44333333	5.23224665e-02	
0.44491667	1.12800309e-01	
0.44650000	2.29233745e-01	
0.44808333	4.93945190e-01	
0.44966667	7.28989903e-01	
0.45125000	7.84302109e-01	
0.45283333	8.74760319e-01	
0.45441667	9.52597041e-01	
0.45600000	9.95949978e-01	
0.45758333	1.05484739e+00	
0.45916667	1.12364631e+00	
0.46075000	1.12266998e+00	
0.46233333	1.18458599e+00	
0.46391667	1.39454863e+00	
0.46550000	1.87278539e+00	
0.46708333	2.35791903e+00	
0.46866667	2.51015883e+00	
0.47025000	2.70262076e+00	
0.47183333	3.35907996e+00	
0.47341667	3.59653490e+00	
0.47500000	4.45155311e+00	
0.47658333	6.36078040e+00	
0.47816667	8.02026533e+00	
0.47975000	8.22289031e+00	
0.48133333	8.70039104e+00	
0.48291667	8.99853138e+00	
0.48450000	8.98684036e+00	
0.48608333	9.16877139e+00	
0.48766667	9.38716135e+00	
0.48925000	9.88692134e+00	
0.49083333	1.07230395e+01	
0.49241667	1.12349199e+01	
0.49400000	1.31872230e+01	
0.49558333	1.44821106e+01	
0.49716667	1.44365605e+01	
0.49875000	1.50043704e+01	
0.50033333	1.52187879e+01	
0.50191667	1.56014253e+01	
0.50350000	1.57334964e+01	
0.50508333	1.67603944e+01	
0.50666667	1.69986421e+01	
0.50825000	1.87293137e+01	
