start voltage : 0.00 V 
set voltage : 0.10 V 
High G : 30.00 G0 
Intermediate G : 20.00 G0 
Low G : 10.00 G0 
Breaking speed 1 : 300.00 V/s 
Breaking speed 2 : 300.00 V/s 
Making speed : 500.00 V/s 
Post breaking : 230.00 V/s 
@ 
0.00000000	3.66064296e+01	
0.00158333	3.72150656e+01	
0.00316667	3.71658849e+01	
0.00475000	3.73972174e+01	
0.00633333	3.72961088e+01	
0.00791667	3.72688276e+01	
0.00950000	3.73868747e+01	
0.01108333	3.72591162e+01	
0.01266667	3.72147010e+01	
0.01425000	3.71257166e+01	
0.01583333	3.68971502e+01	
0.01741667	3.72690305e+01	
0.01900000	3.70212105e+01	
0.02058333	3.70838044e+01	
0.02216667	3.71969507e+01	
0.02375000	3.69711016e+01	
0.02533333	3.71399040e+01	
0.02691667	3.69369840e+01	
0.02850000	3.70136226e+01	
0.03008333	3.69436286e+01	
0.03166667	3.69017992e+01	
0.03325000	3.70599620e+01	
0.03483333	3.68694104e+01	
0.03641667	3.69870779e+01	
0.03800000	3.69484806e+01	
0.03958333	3.68139384e+01	
0.04116667	3.69599245e+01	
0.04275000	3.68428733e+01	
0.04433333	3.68451809e+01	
0.04591667	3.69571697e+01	
0.04750000	3.67431177e+01	
0.04908333	3.68053358e+01	
0.05066667	3.66179412e+01	
0.05225000	3.67022653e+01	
0.05383333	3.65711094e+01	
0.05541667	3.62890328e+01	
0.05700000	3.65533366e+01	
0.05858333	3.64601241e+01	
0.06016667	3.63013938e+01	
0.06175000	3.62635405e+01	
0.06333333	3.62188209e+01	
0.06491667	3.64406074e+01	
0.06650000	3.63037915e+01	
0.06808333	3.63886269e+01	
0.06966667	3.63386231e+01	
0.07125000	3.62005558e+01	
0.07283333	3.63766042e+01	
0.07441667	3.62822454e+01	
0.07600000	3.63546296e+01	
0.07758333	3.62291637e+01	
0.07916667	3.61938360e+01	
0.08075000	3.63304301e+01	
0.08233333	3.61150515e+01	
0.08391667	3.62861766e+01	
0.08550000	3.60016533e+01	
0.08708333	3.57476435e+01	
0.08866667	3.58805207e+01	
0.09025000	3.56177804e+01	
0.09183333	3.56191897e+01	
0.09341667	3.56488688e+01	
0.09500000	3.56752931e+01	
0.09658333	3.56662733e+01	
0.09816667	3.54692124e+01	
0.09975000	3.56002594e+01	
0.10133333	3.52921681e+01	
0.10291667	3.55411343e+01	
0.10450000	3.54593545e+01	
0.10608333	3.53049086e+01	
0.10766667	3.54799498e+01	
0.10925000	3.53667884e+01	
0.11083333	3.53025258e+01	
0.11241667	3.54706180e+01	
0.11400000	3.52952423e+01	
0.11558333	3.54994777e+01	
0.11716667	3.53207234e+01	
0.11875000	3.51799162e+01	
0.12033333	3.49244745e+01	
0.12191667	3.48439386e+01	
0.12350000	3.46913756e+01	
0.12508333	3.43573260e+01	
0.12666667	3.44955625e+01	
0.12825000	3.44867268e+01	
0.12983333	3.43780039e+01	
0.13141667	3.43584873e+01	
0.13300000	3.43323297e+01	
0.13458333	3.44483060e+01	
0.13616667	3.41377681e+01	
0.13775000	3.41662182e+01	
0.13933333	3.43587052e+01	
0.14091667	3.41594946e+01	
0.14250000	3.42177064e+01	
0.14408333	3.41500877e+01	
0.14566667	3.40034590e+01	
0.14725000	3.41765760e+01	
0.14883333	3.39428682e+01	
0.15041667	3.38347016e+01	
0.15200000	3.38870204e+01	
0.15358333	3.38593897e+01	
0.15516667	3.42273877e+01	
0.15675000	3.39049737e+01	
0.15833333	3.39518242e+01	
0.15991667	3.38020761e+01	
0.16150000	3.37959314e+01	
0.16308333	3.38014522e+01	
0.16466667	3.36734608e+01	
0.16625000	3.37198941e+01	
0.16783333	3.36915230e+01	
0.16941667	3.36308533e+01	
0.17100000	3.37211494e+01	
0.17258333	3.24945644e+01	
0.17416667	3.04714246e+01	
0.17575000	3.01548509e+01	
0.17733333	2.99849661e+01	
0.17891667	3.00244335e+01	
0.18050000	2.97402410e+01	
0.18208333	2.94834388e+01	
0.18366667	2.93845663e+01	
0.18525000	2.92860208e+01	
0.18683333	2.94625372e+01	
0.18841667	2.92923535e+01	
0.19000000	2.94034948e+01	
0.19158333	2.92014148e+01	
0.19316667	2.93427894e+01	
0.19475000	2.88669781e+01	
0.19633333	2.89090518e+01	
0.19791667	2.89583358e+01	
0.19950000	2.88502688e+01	
0.20108333	2.88064099e+01	
0.20266667	2.86822236e+01	
0.20425000	2.85862883e+01	
0.20583333	2.87033056e+01	
0.20741667	2.86124552e+01	
0.20900000	2.86482489e+01	
0.21058333	2.86385394e+01	
0.21216667	2.84788470e+01	
0.21375000	2.85209471e+01	
0.21533333	2.82840599e+01	
0.21691667	2.82473604e+01	
0.21850000	2.74456962e+01	
0.22008333	2.72104250e+01	
0.22166667	2.70453169e+01	
0.22325000	2.52244263e+01	
0.22483333	2.55081001e+01	
0.22641667	2.54272767e+01	
0.22800000	2.54714138e+01	
0.22958333	2.54776863e+01	
0.23116667	2.52803305e+01	
0.23275000	2.53764180e+01	
0.23433333	2.54532351e+01	
0.23591667	2.52682326e+01	
0.23750000	2.53602067e+01	
0.23908333	2.52133225e+01	
0.24066667	2.48385896e+01	
0.24225000	2.48039628e+01	
0.24383333	2.45559681e+01	
0.24541667	2.41350800e+01	
0.24700000	2.37538228e+01	
0.24858333	2.37745928e+01	
0.25016667	2.37266731e+01	
0.25175000	2.37495628e+01	
0.25333333	2.37634759e+01	
0.25491667	2.40812485e+01	
0.25650000	2.37503614e+01	
0.25808333	2.37150243e+01	
0.25966667	2.35773929e+01	
0.26125000	2.36209550e+01	
0.26283333	2.35492041e+01	
0.26441667	2.34008916e+01	
0.26600000	2.28862950e+01	
0.26758333	2.21046322e+01	
0.26916667	2.22243856e+01	
0.27075000	2.19646895e+01	
0.27233333	2.16992376e+01	
0.27391667	2.14661537e+01	
0.27550000	2.12749351e+01	
0.27708333	2.14969978e+01	
0.27866667	2.14071734e+01	
0.28025000	2.15627148e+01	
0.28183333	2.12521656e+01	
0.28341667	2.11958067e+01	
0.28500000	2.14332708e+01	
0.28658333	2.12893461e+01	
0.28816667	2.11949536e+01	
0.28975000	2.08056368e+01	
0.29133333	2.04036997e+01	
0.29291667	2.06940163e+01	
0.29450000	2.06372176e+01	
0.29608333	2.07743887e+01	
0.29766667	2.06407034e+01	
0.29925000	2.06937682e+01	
0.30083333	1.97187127e+01	
0.30241667	1.85602858e+01	
0.30400000	1.84762528e+01	
0.30558333	1.82465702e+01	
0.30716667	1.83407787e+01	
0.30875000	1.83675243e+01	
0.31033333	1.78887646e+01	
0.31191667	1.76559288e+01	
0.31350000	1.74999871e+01	
0.31508333	1.74970632e+01	
0.31666667	1.77368931e+01	
0.31825000	1.77648490e+01	
0.31983333	1.76206255e+01	
0.32141667	1.76100573e+01	
0.32300000	1.76124363e+01	
0.32458333	1.75157549e+01	
0.32616667	1.75276686e+01	
0.32775000	1.75099446e+01	
0.32933333	1.72302038e+01	
0.33091667	1.70724845e+01	
0.33250000	1.72382916e+01	
0.33408333	1.75649431e+01	
0.33566667	1.74193968e+01	
0.33725000	1.73698685e+01	
0.33883333	1.74269753e+01	
0.34041667	1.73551323e+01	
0.34200000	1.73575151e+01	
0.34358333	1.73720764e+01	
0.34516667	1.72821111e+01	
0.34675000	1.72650110e+01	
0.34833333	1.72501301e+01	
0.34991667	1.71142313e+01	
0.35150000	1.71498634e+01	
0.35308333	1.68648366e+01	
0.35466667	1.65750180e+01	
0.35625000	1.64332600e+01	
0.35783333	1.63869788e+01	
0.35941667	1.65008524e+01	
0.36100000	1.62715061e+01	
0.36258333	1.63362404e+01	
0.36416667	1.61247158e+01	
0.36575000	1.60917370e+01	
0.36733333	1.60080912e+01	
0.36891667	1.53023294e+01	
0.37050000	1.33584646e+01	
0.37208333	1.33641706e+01	
0.37366667	1.33068044e+01	
0.37525000	1.29942549e+01	
0.37683333	1.30951539e+01	
0.37841667	1.30958323e+01	
0.38000000	1.29456060e+01	
0.38158333	1.30365259e+01	
0.38316667	1.30788609e+01	
0.38475000	1.32361838e+01	
0.38633333	1.32165374e+01	
0.38791667	1.30440622e+01	
0.38950000	1.29700103e+01	
0.39108333	1.30808321e+01	
0.39266667	1.29986595e+01	
0.39425000	1.29117957e+01	
0.39583333	1.29714657e+01	
0.39741667	1.29300036e+01	
0.39900000	1.28863964e+01	
0.40058333	1.27904329e+01	
0.40216667	1.28192437e+01	
0.40375000	1.27588973e+01	
0.40533333	1.27608544e+01	
0.40691667	1.26854363e+01	
0.40850000	1.26271663e+01	
0.41008333	1.26440738e+01	
0.41166667	1.23216532e+01	
0.41325000	1.10234733e+01	
0.41483333	1.11145802e+01	
0.41641667	1.09411100e+01	
0.41800000	1.10282266e+01	
0.41958333	1.09423765e+01	
0.42116667	1.09344306e+01	
0.42275000	1.09245661e+01	
0.42433333	1.08487440e+01	
0.42591667	1.08450553e+01	
0.42750000	1.07663168e+01	
0.42908333	1.07949341e+01	
0.43066667	1.06716715e+01	
0.43225000	1.08647289e+01	
0.43383333	1.10435434e+01	
0.43541667	1.09234865e+01	
0.43700000	1.09250312e+01	
0.43858333	1.05201975e+01	
0.44016667	1.04654377e+01	
0.44175000	1.01904407e+01	
0.44333333	9.87566722e+00	
0.44491667	9.98453100e+00	
0.44650000	9.90460210e+00	
0.44808333	9.99123293e+00	
0.44966667	9.20385950e+00	
0.45125000	8.65995305e+00	
0.45283333	8.62887595e+00	
0.45441667	8.52874356e+00	
0.45600000	8.53529327e+00	
0.45758333	8.43372522e+00	
0.45916667	8.33041240e+00	
0.46075000	8.36077918e+00	
0.46233333	8.27385239e+00	
0.46391667	8.20720144e+00	
0.46550000	8.22022476e+00	
0.46708333	8.13427230e+00	
0.46866667	8.11946474e+00	
0.47025000	7.97287455e+00	
0.47183333	7.71677369e+00	
0.47341667	7.67826932e+00	
0.47500000	7.37294834e+00	
0.47658333	7.25922747e+00	
0.47816667	7.21758824e+00	
0.47975000	7.18462074e+00	
0.48133333	7.20708014e+00	
0.48291667	7.25155357e+00	
0.48450000	6.20428342e+00	
0.48608333	5.82953883e+00	
0.48766667	5.36997067e+00	
0.48925000	5.22840857e+00	
0.49083333	5.08538028e+00	
0.49241667	5.04818708e+00	
0.49400000	4.98463622e+00	
0.49558333	5.00866469e+00	
0.49716667	5.00643792e+00	
0.49875000	4.92827775e+00	
0.50033333	4.91279652e+00	
0.50191667	4.84571196e+00	
0.50350000	4.79739147e+00	
0.50508333	4.76870980e+00	
0.50666667	4.70234683e+00	
0.50825000	4.70843663e+00	
0.50983333	4.43610241e+00	
0.51141667	3.95903389e+00	
0.51300000	4.05327849e+00	
0.51458333	4.13479432e+00	
0.51616667	4.13518565e+00	
0.51775000	3.98102303e+00	
0.51933333	3.90164401e+00	
0.52091667	3.88753501e+00	
0.52250000	3.85259442e+00	
0.52408333	3.84332889e+00	
0.52566667	3.84097645e+00	
0.52725000	3.85258361e+00	
0.52883333	3.81628629e+00	
0.53041667	3.81434585e+00	
0.53200000	3.80604760e+00	
0.53358333	3.79230668e+00	
0.53516667	3.80579486e+00	
0.53675000	3.76490564e+00	
0.53833333	2.72597579e+00	
0.53991667	2.32218639e+00	
0.54150000	2.13044675e+00	
0.54308333	2.10905612e+00	
0.54466667	1.95506685e+00	
0.54625000	1.89157613e+00	
0.54783333	1.65501742e+00	
0.54941667	1.45526751e+00	
0.55100000	1.33767927e+00	
0.55258333	1.35177863e+00	
0.55416667	1.34278933e+00	
0.55575000	1.37105818e+00	
0.55733333	1.27090406e+00	
0.55891667	1.27226702e+00	
0.56050000	1.25405247e+00	
0.56208333	1.26277564e+00	
0.56366667	1.37068271e+00	
0.56525000	1.32184922e+00	
0.56683333	1.30502089e+00	
0.56841667	1.26269002e+00	
0.57000000	1.25321050e+00	
0.57158333	1.17578672e+00	
0.57316667	9.86349960e-01	
0.57475000	9.16533728e-01	
0.57633333	8.79641130e-01	
0.57791667	8.73810887e-01	
0.57950000	8.36110204e-01	
0.58108333	8.35488152e-01	
0.58266667	8.30460650e-01	
0.58425000	8.33840916e-01	
0.58583333	8.32400033e-01	
0.58741667	8.27395903e-01	
0.58900000	8.08089284e-01	
0.59058333	7.96803391e-01	
0.59216667	7.77478803e-01	
0.59375000	7.72339904e-01	
0.59533333	7.32222422e-01	
0.59691667	6.96605872e-01	
0.59850000	5.09349143e-01	
0.60008333	4.72915729e-01	
0.60166667	4.63134610e-01	
0.60325000	3.81688779e-01	
0.60483333	2.29266483e-01	
0.60641667	2.41752247e-01	
0.60800000	2.69884681e-01	
0.60958333	2.71811820e-01	
0.61116667	2.04445918e-01	
0.61275000	1.96307615e-01	
0.61433333	2.06469376e-01	
0.61591667	1.04504453e-01	
0.61750000	6.23357581e-02	
0.61908333	4.83030021e-02	
0.62066667	4.43154609e-02	
0.62225000	4.18255993e-02	
0.62383333	3.87324334e-02	
0.62541667	3.14460310e-02	
0.62700000	3.12301730e-02	
0.62858333	3.03545138e-02	
0.63016667	3.44670412e-02	
0.63175000	2.79390449e-02	
0.63333333	3.48928005e-02	
0.63491667	4.96868029e-04	
0.63650000	3.48471201e-06	
0.63808333	3.87473562e-04	
0.63966667	1.68925606e-03	
0.64125000	2.15816373e-04	
0.64283333	7.41065608e-05	
0.64441667	6.69336586e-05	
0.64600000	9.38834584e-05	
0.64758333	1.59457552e-04	
0.64916667	2.29515237e-04	
0.65075000	2.13281497e-04	
0.65233333	1.37874825e-04	
0.65391667	8.23663526e-05	
0.65550000	5.15839594e-05	
0.65708333	3.58047201e-05	
0.65866667	2.65877297e-05	
0.66025000	2.07348184e-05	
0.66183333	1.67798672e-05	
0.66341667	1.40361912e-05	
0.66500000	1.24894403e-05	
0.66658333	1.12100723e-05	
0.66816667	1.01535127e-05	
0.66975000	9.49627801e-06	
0.67133333	8.84890778e-06	
0.67291667	8.27636497e-06	
0.67450000	7.33751420e-06	
0.67608333	6.78372820e-06	
0.67766667	6.42390713e-06	
0.67925000	5.95649178e-06	
0.68083333	5.54744585e-06	
0.68241667	4.98786381e-06	
0.68400000	4.73519660e-06	
0.68558333	4.32028115e-06	
0.68716667	3.98241037e-06	
0.68875000	3.62553682e-06	
0.69033333	3.25157758e-06	
0.69191667	3.06330676e-06	
0.69350000	2.65323486e-06	
0.69508333	2.20484940e-06	
0.69666667	1.84549292e-06	
0.69825000	1.64278074e-06	
0.69983333	1.63306643e-06	
0.70141667	1.35887824e-06	
0.70300000	1.23960767e-06	
0.70458333	1.49949629e-06	
0.70616667	1.44865822e-06	
0.70775000	1.37788952e-06	
0.70933333	1.13516556e-06	
0.71091667	9.88551317e-07	
0.71250000	1.03189189e-06	
0.71408333	7.73614737e-07	
0.71566667	5.96232321e-07	
0.71725000	4.72864162e-07	
0.71883333	5.32927641e-07	
0.72041667	5.13871162e-07	
0.72200000	2.95393179e-07	
0.72358333	3.28406156e-07	
0.72516667	4.88202186e-07	
0.72675000	5.92299769e-07	
0.72833333	6.08115215e-07	
0.72991667	5.07518517e-07	
0.73150000	7.98463332e-07	
0.73308333	6.42770466e-07	
0.73466667	4.40195208e-07	
0.73625000	3.51913519e-07	
0.73783333	2.63373602e-07	
0.73941667	2.89085111e-07	
0.74100000	1.28431865e-07	
0.74258333	1.68525548e-07	
0.74416667	6.33918414e-08	
0.74575000	4.17466588e-07	
0.74733333	3.76285560e-07	
0.74891667	3.72396774e-07	
0.75050000	4.76234169e-07	
0.75208333	7.44698567e-07	
0.75366667	4.94511709e-07	
0.75525000	3.30368680e-07	
0.75683333	2.18321204e-07	
0.75841667	3.11684618e-07	
0.76000000	2.54999238e-07	
0.76158333	2.46262678e-07	
0.76316667	2.02056646e-07	
0.76475000	4.56404064e-08	
0.76633333	4.43999207e-07	
0.76791667	4.21700350e-07	
0.76950000	5.04062490e-07	
0.77108333	4.53756972e-07	
0.77266667	6.02280761e-07	
0.77425000	4.72317745e-07	
0.77583333	1.66537347e-07	
0.77741667	1.69993598e-07	
0.77900000	4.04502398e-07	
0.78058333	2.60133408e-07	
0.78216667	1.55612432e-07	
0.78375000	2.51405221e-07	
0.78533333	4.95117544e-07	
0.78691667	4.61982622e-07	
0.78850000	5.21951484e-07	
0.79008333	5.90313136e-07	
0.79166667	5.65120405e-07	
0.79325000	5.49867449e-07	
0.79483333	3.11771253e-07	
0.79641667	1.03146135e-07	
0.79800000	2.33514756e-07	
0.79958333	2.80442300e-07	
0.80116667	1.05003403e-07	
0.80275000	1.15849899e-07	
0.80433333	1.32228667e-07	
0.80591667	4.56011466e-07	
0.80750000	4.27880507e-07	
0.80908333	3.72785627e-07	
0.81066667	4.35009683e-07	
0.81225000	4.60141315e-07	
0.81383333	3.66044801e-07	
0.81541667	1.40671522e-07	
0.81700000	9.99217556e-08	
0.81858333	2.77634082e-07	
0.82016667	1.73260910e-07	
0.82175000	2.29512746e-07	
0.82333333	1.06109907e-07	
0.82491667	3.61983246e-07	
0.82650000	4.72560740e-07	
0.82808333	3.42667000e-07	
0.82966667	4.39797702e-07	
0.83125000	4.56659191e-07	
0.83283333	5.61101889e-07	
0.83441667	4.33531077e-07	
0.83600000	1.93009384e-07	
0.83758333	2.39867275e-07	
0.83916667	1.97553512e-07	
0.84075000	1.51758424e-07	
0.84233333	1.29652202e-07	
0.84391667	1.31872743e-07	
0.84550000	4.03837536e-07	
0.84708333	4.58517494e-07	
0.84866667	3.84582276e-07	
0.85025000	5.09073595e-07	
0.85183333	5.07000830e-07	
0.85341667	5.48786152e-07	
0.85500000	3.54205337e-07	
0.85658333	1.92031889e-07	
0.85816667	5.68314271e-08	
0.85975000	1.43850925e-07	
0.86133333	6.20944452e-08	
0.86291667	-3.24861267e-08	
0.86450000	1.20256996e-07	
0.86608333	3.69241648e-07	
0.86766667	3.74729306e-07	
0.86925000	5.76527837e-07	
0.87083333	4.20405880e-07	
0.87241667	6.46143329e-07	
0.87400000	5.62620677e-07	
0.87558333	4.43668988e-07	
0.87716667	2.61213557e-07	
0.87875000	1.73061401e-07	
0.88033333	7.66577027e-08	
0.88191667	3.53731507e-08	
0.88350000	8.75119347e-08	
0.88508333	4.05176781e-07	
0.88666667	3.45604192e-07	
0.88825000	4.52856256e-07	
0.88983333	4.33584083e-07	
0.89141667	4.41102449e-07	
0.89300000	4.96801036e-07	
0.89458333	1.83604840e-07	
0.89616667	1.63684873e-07	
0.89775000	1.36547830e-08	
0.89933333	1.25753685e-07	
0.90091667	1.03966649e-07	
0.90250000	-4.73596188e-09	
0.90408333	2.84591638e-07	
0.90566667	4.31855678e-07	
0.90725000	4.73641477e-07	
0.90883333	4.95722707e-07	
0.91041667	5.46884755e-07	
0.91200000	6.40480635e-07	
0.91358333	3.75056613e-07	
0.91516667	5.64360598e-08	
0.91675000	2.02618254e-07	
0.91833333	9.00523977e-08	
0.91991667	1.41119570e-07	
0.92150000	9.45993677e-08	
0.92308333	1.36462275e-07	
0.92466667	2.64758152e-07	
0.92625000	3.78274293e-07	
0.92783333	4.85178274e-07	
0.92941667	3.48846653e-07	
0.93100000	5.57513360e-07	
0.93258333	5.81155661e-07	
0.93416667	4.00094861e-07	
0.93575000	2.42071478e-07	
0.93733333	3.77405624e-08	
0.93891667	4.96928813e-08	
0.94050000	1.01201154e-07	
0.94208333	4.76968327e-08	
0.94366667	2.53158155e-07	
0.94525000	2.81307286e-07	
0.94683333	4.37473794e-07	
0.94841667	3.80995848e-07	
0.95000000	3.39165975e-07	
0.95158333	5.84390982e-07	
0.95316667	2.53617740e-07	
0.95475000	8.16520628e-08	
0.95633333	1.34561536e-07	
0.95791667	1.50332054e-07	
0.95950000	2.24491911e-07	
0.96108333	1.04700093e-07	
0.96266667	1.20187847e-07	
0.96425000	1.73900025e-07	
0.96583333	4.83874256e-07	
0.96741667	5.60020817e-07	
0.96900000	4.10552378e-07	
0.97058333	4.65017286e-07	
0.97216667	5.05747325e-07	
0.97375000	2.54429720e-07	
0.97533333	5.79906441e-08	
0.97691667	-4.60813387e-08	
0.97850000	1.06991541e-07	
0.98008333	6.58107580e-08	
0.98166667	8.30098017e-08	
0.98325000	1.51732830e-07	
0.98483333	1.90329664e-07	
0.98641667	4.29003666e-07	
0.98800000	3.90242618e-07	
0.98958333	3.35839817e-07	
0.99116667	5.54101967e-07	
0.99275000	5.31069645e-07	
0.99433333	3.12998156e-07	
0.99591667	8.12291668e-08	
0.99750000	2.53694659e-07	
0.99908333	4.49702194e-07	
1.00066667	3.00432117e-07	
1.00225000	2.30835848e-07	
1.00383333	2.30766405e-07	
1.00541667	5.46280320e-07	
1.00700000	5.25366126e-07	
1.00858333	3.14925679e-07	
1.01016667	4.51732482e-07	
1.01175000	5.63607385e-07	
1.01333333	4.97452401e-07	
1.01491667	2.81651730e-07	
1.01650000	1.48645667e-08	
1.01808333	7.84808225e-08	
1.01966667	1.05945330e-07	
1.02125000	1.78981707e-07	
1.02283333	5.28642721e-08	
1.02441667	2.85196297e-08	
1.02600000	5.25149956e-07	
1.02758333	3.83155304e-07	
1.02916667	4.20880361e-07	
1.03075000	4.93387851e-07	
1.03233333	4.52985398e-07	
1.03391667	3.89551015e-07	
1.03550000	-6.86033933e-08	
1.03708333	1.98774147e-08	
1.03866667	8.91373027e-08	
1.04025000	1.28104740e-07	
1.04183333	1.51629198e-07	
1.04341667	2.22582421e-07	
1.04500000	1.88868447e-07	
1.04658333	5.84997657e-07	
1.04816667	5.67108159e-07	
1.04975000	6.69432310e-07	
1.05133333	6.29764722e-07	
1.05291667	8.26203672e-07	
1.05450000	5.77609470e-07	
1.05608333	2.40903322e-07	
1.05766667	3.15141121e-07	
1.05925000	1.57324317e-07	
1.06083333	2.65102371e-07	
1.06241667	1.93328683e-07	
1.06400000	2.40989817e-07	
1.06558333	4.59034901e-07	
1.06716667	3.12159351e-07	
1.06875000	3.83026219e-07	
1.07033333	3.59952343e-07	
1.07191667	4.48536138e-07	
1.07350000	5.15756038e-07	
1.07508333	4.13490102e-07	
1.07666667	2.62596287e-07	
1.07825000	2.83726679e-07	
1.07983333	2.36107574e-07	
1.08141667	2.21156163e-07	
1.08300000	-3.90638913e-08	
1.08458333	1.74937416e-07	
1.08616667	5.96663765e-07	
1.08775000	5.39149688e-07	
1.08933333	5.64903004e-07	
1.09091667	4.07829788e-07	
1.09250000	6.05393940e-07	
1.09408333	5.65248987e-07	
1.09566667	2.92756496e-07	
1.09725000	1.23930593e-07	
1.09883333	8.52134376e-08	
1.10041667	3.11589721e-07	
1.10200000	2.25564205e-07	
1.10358333	1.52881792e-07	
1.10516667	5.64757789e-07	
1.10675000	4.34837335e-07	
1.10833333	6.54524609e-07	
1.10991667	5.16377666e-07	
1.11150000	5.95202659e-07	
1.11308333	4.68370156e-07	
1.11466667	-1.22993751e-08	
1.11625000	1.20516582e-07	
1.11783333	-5.42733968e-08	
1.11941667	1.34386696e-07	
1.12100000	1.70313134e-07	
1.12258333	1.29461569e-07	
1.12416667	3.05228396e-07	
1.12575000	5.41827000e-07	
1.12733333	6.72457062e-07	
1.12891667	5.31717315e-07	
1.13050000	5.09333110e-07	
1.13208333	6.27042384e-07	
1.13366667	2.58706996e-07	
1.13525000	2.91192430e-07	
1.13683333	6.52920487e-08	
1.13841667	9.85221548e-08	
1.14000000	1.96059519e-07	
1.14158333	1.78891329e-08	
1.14316667	1.22989275e-07	
1.14475000	2.38312113e-07	
1.14633333	4.19670231e-07	
1.14791667	4.64220090e-07	
1.14950000	5.16031795e-07	
1.15108333	7.49935642e-07	
1.15266667	6.51941829e-07	
1.15425000	4.20326860e-07	
1.15583333	2.83086290e-07	
1.15741667	2.14414903e-07	
1.15900000	4.20015542e-07	
1.16058333	1.49831293e-07	
1.16216667	1.13447475e-07	
1.16375000	2.39297113e-07	
1.16533333	2.79578517e-07	
1.16691667	5.15081992e-07	
1.16850000	4.64869047e-07	
1.17008333	5.85212203e-07	
1.17166667	5.20092929e-07	
1.17325000	5.38025214e-07	
1.17483333	5.87069246e-07	
1.17641667	1.70685677e-07	
1.17800000	2.27508262e-07	
1.17958333	3.38647923e-07	
1.18116667	1.70918535e-07	
1.18275000	1.60893049e-07	
1.18433333	2.70019112e-07	
1.18591667	4.45123737e-07	
1.18750000	5.87893211e-07	
1.18908333	3.92394991e-07	
1.19066667	5.35953177e-07	
1.19225000	4.98227812e-07	
1.19383333	4.19876712e-07	
1.19541667	1.84470093e-07	
1.19700000	8.43047478e-08	
1.19858333	1.16627200e-07	
1.20016667	-1.73880505e-08	
1.20175000	1.11482811e-08	
1.20333333	-2.89615311e-09	
1.20491667	3.92533009e-07	
1.20650000	4.77532027e-07	
1.20808333	4.34406368e-07	
1.20966667	4.71610546e-07	
@ 
0.00000000	4.75586668e-07	
0.00158333	6.63252545e-07	
0.00316667	3.96095273e-07	
0.00475000	1.39953528e-07	
0.00633333	2.42484692e-07	
0.00791667	3.62803767e-07	
0.00950000	2.74565928e-07	
0.01108333	1.69949986e-07	
0.01266667	1.73374749e-07	
0.01425000	5.70278237e-07	
0.01583333	5.35088106e-07	
0.01741667	5.47576274e-07	
0.01900000	5.73373216e-07	
0.02058333	4.70097862e-07	
0.02216667	4.82758966e-07	
0.02375000	3.83009222e-07	
0.02533333	2.24438905e-07	
0.02691667	2.63027758e-07	
0.02850000	1.59285749e-07	
0.03008333	2.41939676e-07	
0.03166667	2.76752322e-07	
0.03325000	4.33713645e-07	
0.03483333	5.66331012e-07	
0.03641667	6.37672669e-07	
0.03800000	6.23585237e-07	
0.03958333	4.18718356e-07	
0.04116667	5.99817994e-07	
0.04275000	5.09594026e-07	
0.04433333	1.18701960e-07	
0.04591667	1.84002584e-07	
0.04750000	1.61912771e-07	
0.04908333	2.33774174e-07	
0.05066667	2.35891209e-07	
0.05225000	1.37498826e-07	
0.05383333	3.44222694e-07	
0.05541667	4.74506323e-07	
0.05700000	4.73771514e-07	
0.05858333	5.06827166e-07	
0.06016667	3.92403307e-07	
0.06175000	6.04227464e-07	
0.06333333	2.07674171e-08	
0.06491667	1.24587404e-07	
0.06650000	1.32183711e-07	
0.06808333	1.30680520e-07	
0.06966667	7.60002892e-08	
0.07125000	1.87581089e-07	
0.07283333	3.45129906e-07	
0.07441667	6.32858525e-07	
0.07600000	4.92221934e-07	
0.07758333	5.25192742e-07	
0.07916667	4.63962086e-07	
0.08075000	6.44499655e-07	
0.08233333	5.92255191e-07	
0.08391667	2.24698994e-07	
0.08550000	2.00276537e-07	
0.08708333	2.40039875e-07	
0.08866667	2.27854372e-07	
0.09025000	1.67271498e-07	
0.09183333	2.38311889e-07	
0.09341667	5.25018798e-07	
0.09500000	4.94858029e-07	
0.09658333	6.11267876e-07	
0.09816667	6.23065869e-07	
0.09975000	6.35600016e-07	
0.10133333	8.11168398e-07	
0.10291667	5.18565516e-07	
0.10450000	4.32624900e-07	
0.10608333	2.33773852e-07	
0.10766667	2.30144035e-07	
0.10925000	2.54601424e-07	
0.11083333	1.32656381e-08	
0.11241667	2.08971599e-07	
0.11400000	5.69006140e-07	
0.11558333	4.27880479e-07	
0.11716667	5.10285601e-07	
0.11875000	3.24432190e-07	
0.12033333	4.03162258e-07	
0.12191667	3.45434420e-07	
0.12350000	2.82378531e-07	
0.12508333	8.65093007e-08	
0.12666667	1.93241781e-07	
0.12825000	2.16186556e-07	
0.12983333	1.96914356e-07	
0.13141667	1.36159260e-07	
0.13300000	2.75005940e-07	
0.13458333	4.45579709e-07	
0.13616667	5.47231075e-07	
0.13775000	4.45423238e-07	
0.13933333	6.56166155e-07	
0.14091667	7.65882022e-07	
0.14250000	5.81281443e-07	
0.14408333	3.21061230e-07	
0.14566667	3.53468680e-08	
0.14725000	2.13854444e-07	
0.14883333	1.80752605e-07	
0.15041667	1.72681438e-07	
0.15200000	2.64272050e-07	
0.15358333	8.30613702e-07	
0.15516667	4.84487539e-07	
0.15675000	5.11191218e-07	
0.15833333	4.99049761e-07	
0.15991667	7.35241423e-07	
0.16150000	7.60047456e-07	
0.16308333	7.07293537e-07	
0.16466667	3.20197307e-07	
0.16625000	1.50202926e-07	
0.16783333	3.49666502e-07	
0.16941667	1.70037126e-07	
0.17100000	2.13325906e-07	
0.17258333	2.95861080e-07	
0.17416667	4.10369446e-07	
0.17575000	7.63506507e-07	
0.17733333	5.89274737e-07	
0.17891667	6.02455265e-07	
0.18050000	6.97345810e-07	
0.18208333	7.17136314e-07	
0.18366667	6.66477337e-07	
0.18525000	2.94270804e-07	
0.18683333	3.52390240e-07	
0.18841667	2.29928607e-07	
0.19000000	1.55820832e-07	
0.19158333	2.77686164e-07	
0.19316667	3.20853937e-07	
0.19475000	5.78039513e-07	
0.19633333	4.51645818e-07	
0.19791667	4.23256660e-07	
0.19950000	5.57296686e-07	
0.20108333	6.01028377e-07	
0.20266667	6.91645315e-07	
0.20425000	3.93008555e-07	
0.20583333	2.89386853e-07	
0.20741667	3.66606030e-07	
0.20900000	2.47610098e-07	
0.21058333	2.90856611e-07	
0.21216667	2.63287162e-07	
0.21375000	4.04036513e-07	
0.21533333	6.81574159e-07	
0.21691667	6.20170428e-07	
0.21850000	6.96224080e-07	
0.22008333	5.87029484e-07	
0.22166667	4.13878283e-07	
0.22325000	4.48837488e-07	
0.22483333	2.62734445e-07	
0.22641667	2.92066321e-07	
0.22800000	3.19116739e-07	
0.22958333	4.03077638e-07	
0.23116667	3.19029571e-07	
0.23275000	3.35233702e-07	
0.23433333	5.49521129e-07	
0.23591667	6.35598672e-07	
0.23750000	5.94806721e-07	
0.23908333	7.13940811e-07	
0.24066667	6.20041958e-07	
0.24225000	8.27583014e-07	
0.24383333	6.56426174e-07	
0.24541667	3.44697007e-07	
0.24700000	3.65352778e-07	
0.24858333	3.16783254e-07	
0.25016667	3.23022802e-07	
0.25175000	2.30403844e-07	
0.25333333	3.62458820e-07	
0.25491667	6.12002909e-07	
0.25650000	5.43427832e-07	
0.25808333	7.24440890e-07	
0.25966667	6.93198936e-07	
0.26125000	7.09291538e-07	
0.26283333	6.03188338e-07	
0.26441667	2.55603953e-07	
0.26600000	3.82075548e-07	
0.26758333	2.77806149e-07	
0.26916667	2.93491641e-07	
0.27075000	2.52743485e-07	
0.27233333	3.20638383e-07	
0.27391667	5.22643003e-07	
0.27550000	5.35260538e-07	
0.27708333	5.77262534e-07	
0.27866667	5.14172959e-07	
0.28025000	6.60229417e-07	
0.28183333	7.57022088e-07	
0.28341667	4.77098120e-07	
0.28500000	2.80702151e-07	
0.28658333	2.67997925e-07	
0.28816667	4.24077573e-07	
0.28975000	4.59640848e-07	
0.29133333	2.82931779e-07	
0.29291667	5.56045870e-07	
0.29450000	4.84142452e-07	
0.29608333	5.49952181e-07	
0.29766667	6.09412065e-07	
0.29925000	5.30205191e-07	
0.30083333	7.97640935e-07	
0.30241667	7.44794443e-07	
0.30400000	4.36350971e-07	
0.30558333	3.16792999e-07	
0.30716667	3.66865910e-07	
0.30875000	3.93139208e-07	
0.31033333	2.67349640e-07	
0.31191667	2.42520142e-07	
0.31350000	4.50350284e-07	
0.31508333	4.27137886e-07	
0.31666667	6.10577813e-07	
0.31825000	5.41613855e-07	
0.31983333	6.95231772e-07	
0.32141667	9.09299697e-07	
0.32300000	3.78661355e-07	
0.32458333	3.65509501e-07	
0.32616667	1.97458714e-07	
0.32775000	2.76595683e-07	
0.32933333	3.28234536e-07	
0.33091667	7.85580850e-08	
0.33250000	4.77401037e-07	
0.33408333	5.73762097e-07	
0.33566667	7.22538597e-07	
0.33725000	6.36246621e-07	
0.33883333	6.85851687e-07	
0.34041667	7.30792527e-07	
0.34200000	5.33756534e-07	
0.34358333	5.74419119e-07	
0.34516667	2.50409972e-07	
0.34675000	1.94062316e-07	
0.34833333	3.80649864e-07	
0.34991667	3.31474029e-07	
0.35150000	4.38554278e-07	
0.35308333	5.87069078e-07	
0.35466667	6.14898407e-07	
0.35625000	7.91160940e-07	
0.35783333	6.10232782e-07	
0.35941667	4.92698180e-07	
0.36100000	8.09784744e-07	
0.36258333	6.72521241e-07	
0.36416667	5.04927112e-07	
0.36575000	2.60219876e-07	
0.36733333	3.94953354e-07	
0.36891667	3.95730641e-07	
0.37050000	3.09593176e-07	
0.37208333	4.44463859e-07	
0.37366667	6.02429503e-07	
0.37525000	5.81409296e-07	
0.37683333	6.50463867e-07	
0.37841667	4.93561066e-07	
0.38000000	5.86380583e-07	
0.38158333	6.60798739e-07	
0.38316667	4.73638901e-07	
0.38475000	3.82681355e-07	
0.38633333	3.48197864e-07	
0.38791667	5.63693069e-07	
0.38950000	4.25936016e-07	
0.39108333	4.14071072e-07	
0.39266667	3.23792585e-07	
0.39425000	5.31802886e-07	
0.39583333	6.13689369e-07	
0.39741667	5.39667655e-07	
0.39900000	6.20517083e-07	
0.40058333	7.30060406e-07	
0.40216667	6.33351291e-07	
0.40375000	5.21390003e-07	
0.40533333	2.09722690e-07	
0.40691667	4.15003150e-07	
0.40850000	3.39123077e-07	
0.41008333	3.95298637e-07	
0.41166667	4.09211426e-07	
0.41325000	2.99930278e-07	
0.41483333	7.38357011e-07	
0.41641667	7.70374599e-07	
0.41800000	8.12937013e-07	
0.41958333	9.35658960e-07	
0.42116667	8.43056005e-07	
0.42275000	9.96246958e-07	
0.42433333	6.36160153e-07	
0.42591667	6.71420455e-07	
0.42750000	9.34146612e-07	
0.42908333	1.06680542e-06	
0.43066667	1.40083185e-06	
0.43225000	1.51819105e-06	
0.43383333	1.81746915e-06	
0.43541667	2.10186884e-06	
0.43700000	2.39059024e-06	
0.43858333	2.96587583e-06	
0.44016667	3.57510387e-06	
0.44175000	4.46504272e-06	
0.44333333	5.41595822e-06	
0.44491667	6.48698791e-06	
0.44650000	8.34779819e-06	
0.44808333	1.06190693e-05	
0.44966667	1.36182538e-05	
0.45125000	1.74814308e-05	
0.45283333	2.23988349e-05	
0.45441667	2.92899343e-05	
0.45600000	3.85652551e-05	
0.45758333	5.17573181e-05	
0.45916667	7.42691527e-05	
0.46075000	1.25664506e-04	
0.46233333	2.61127334e-04	
0.46391667	5.79081567e-04	
0.46550000	7.15597895e-04	
0.46708333	4.03591276e-04	
0.46866667	3.88883600e-04	
0.47025000	8.78614303e-04	
0.47183333	1.18136831e-03	
0.47341667	1.02846342e-03	
0.47500000	1.19993105e-03	
0.47658333	1.47525631e-03	
0.47816667	1.54277903e-03	
0.47975000	1.92275295e-03	
0.48133333	1.76850684e-03	
0.48291667	2.02596956e-03	
0.48450000	2.04291272e-03	
0.48608333	2.71660512e-03	
0.48766667	4.97906438e-03	
0.48925000	6.20305587e-03	
0.49083333	7.00232396e-03	
0.49241667	1.04380700e-02	
0.49400000	1.54559970e-02	
0.49558333	2.08672986e-02	
0.49716667	1.92711939e-02	
0.49875000	4.69667921e-02	
0.50033333	6.34964160e-02	
0.50191667	7.87811771e-02	
0.50350000	9.21119854e-02	
0.50508333	1.17843130e-01	
0.50666667	1.59156607e-01	
0.50825000	2.87168208e-01	
0.50983333	3.11601129e-01	
0.51141667	3.24650648e-01	
0.51300000	3.49053092e-01	
0.51458333	3.71748080e-01	
0.51616667	1.69731364e+00	
0.51775000	3.62645397e+00	
0.51933333	4.07760809e+00	
0.52091667	4.53907840e+00	
0.52250000	5.32098779e+00	
0.52408333	5.41614471e+00	
0.52566667	5.53892911e+00	
0.52725000	5.63953316e+00	
0.52883333	5.82311595e+00	
0.53041667	5.96891033e+00	
0.53200000	6.36856188e+00	
0.53358333	6.57045306e+00	
0.53516667	8.14685779e+00	
0.53675000	9.34464880e+00	
0.53833333	9.57149862e+00	
0.53991667	9.71060234e+00	
0.54150000	9.84740976e+00	
0.54308333	1.01544206e+01	
0.54466667	1.09822254e+01	
0.54625000	1.23357035e+01	
0.54783333	1.24583845e+01	
0.54941667	1.25841267e+01	
0.55100000	1.26904922e+01	
0.55258333	1.31235063e+01	
0.55416667	1.31884087e+01	
0.55575000	1.36884553e+01	
0.55733333	1.42494543e+01	
0.55891667	1.44417262e+01	
0.56050000	1.46630185e+01	
0.56208333	1.64992232e+01	
0.56366667	1.69497114e+01	
0.56525000	1.73158171e+01	
0.56683333	1.73284411e+01	
0.56841667	1.87528649e+01	
0.57000000	1.92881715e+01	
0.57158333	2.02857785e+01	
0.57316667	2.12716522e+01	
0.57475000	2.16528531e+01	
0.57633333	2.19961781e+01	
0.57791667	2.22611207e+01	
0.57950000	2.26973707e+01	
0.58108333	2.28395854e+01	
0.58266667	2.34577241e+01	
0.58425000	2.34676629e+01	
0.58583333	2.39039241e+01	
0.58741667	2.42400014e+01	
0.58900000	2.59931174e+01	
0.59058333	2.63191318e+01	
0.59216667	2.72057855e+01	
0.59375000	2.74958596e+01	
0.59533333	2.77237420e+01	
0.59691667	2.75484678e+01	
0.59850000	2.76482498e+01	
0.60008333	2.82073913e+01	
0.60166667	2.95279178e+01	
0.60325000	3.12205746e+01	
0.60483333	3.13389806e+01	
0.60641667	3.14364926e+01	
0.60800000	3.16148523e+01	
0.60958333	3.19660472e+01	
0.61116667	3.24435159e+01	
0.61275000	3.28273438e+01	
0.61433333	3.28373332e+01	
0.61591667	3.29090259e+01	
