start voltage : 0.00 V 
set voltage : 0.10 V 
High G : 30.00 G0 
Intermediate G : 20.00 G0 
Low G : 10.00 G0 
Breaking speed 1 : 300.00 V/s 
Breaking speed 2 : 300.00 V/s 
Making speed : 500.00 V/s 
Post breaking : 230.00 V/s 
@ 
0.00000000	4.35938560e+01	
0.00158333	4.49023449e+01	
0.00316667	4.45165928e+01	
0.00475000	4.43588847e+01	
0.00633333	4.44787771e+01	
0.00791667	4.44396122e+01	
0.00950000	4.44979706e+01	
0.01108333	4.46002405e+01	
0.01266667	4.44334186e+01	
0.01425000	4.45518679e+01	
0.01583333	4.43661194e+01	
0.01741667	4.44825805e+01	
0.01900000	4.44809193e+01	
0.02058333	4.43278264e+01	
0.02216667	4.44148753e+01	
0.02375000	4.44083999e+01	
0.02533333	4.43428444e+01	
0.02691667	4.42516050e+01	
0.02850000	4.43816260e+01	
0.03008333	4.42280558e+01	
0.03166667	4.42233466e+01	
0.03325000	4.44151272e+01	
0.03483333	4.43324340e+01	
0.03641667	4.42125379e+01	
0.03800000	4.42245305e+01	
0.03958333	4.40600463e+01	
0.04116667	4.43796191e+01	
0.04275000	4.40765601e+01	
0.04433333	4.41552882e+01	
0.04591667	4.41099222e+01	
0.04750000	4.40627748e+01	
0.04908333	4.41515863e+01	
0.05066667	4.41568479e+01	
0.05225000	4.40321374e+01	
0.05383333	4.40854785e+01	
0.05541667	4.39326862e+01	
0.05700000	4.42203100e+01	
0.05858333	4.40735911e+01	
0.06016667	4.40467270e+01	
0.06175000	4.40431341e+01	
0.06333333	4.39790519e+01	
0.06491667	4.39469563e+01	
0.06650000	4.38957424e+01	
0.06808333	4.39540219e+01	
0.06966667	4.39085957e+01	
0.07125000	4.45171866e+01	
0.07283333	4.39272818e+01	
0.07441667	4.40593735e+01	
0.07600000	4.39941000e+01	
0.07758333	4.37640265e+01	
0.07916667	4.38503877e+01	
0.08075000	4.40291608e+01	
0.08233333	4.31273125e+01	
0.08391667	4.29816384e+01	
0.08550000	4.28351563e+01	
0.08708333	4.28642340e+01	
0.08866667	4.26989305e+01	
0.09025000	4.27655119e+01	
0.09183333	4.29062176e+01	
0.09341667	4.26398693e+01	
0.09500000	4.27866747e+01	
0.09658333	4.26250730e+01	
0.09816667	4.24459165e+01	
0.09975000	4.28086944e+01	
0.10133333	4.23407377e+01	
0.10291667	4.20390017e+01	
0.10450000	4.13027012e+01	
0.10608333	4.10242250e+01	
0.10766667	4.08915808e+01	
0.10925000	4.08555503e+01	
0.11083333	4.08291748e+01	
0.11241667	4.08139275e+01	
0.11400000	4.07566403e+01	
0.11558333	4.11224059e+01	
0.11716667	4.07454820e+01	
0.11875000	4.06400852e+01	
0.12033333	4.00850271e+01	
0.12191667	3.99137930e+01	
0.12350000	3.98552392e+01	
0.12508333	3.96176755e+01	
0.12666667	3.94355500e+01	
0.12825000	3.90453707e+01	
0.12983333	3.94259815e+01	
0.13141667	3.96061038e+01	
0.13300000	3.93802960e+01	
0.13458333	3.92216221e+01	
0.13616667	3.92584455e+01	
0.13775000	3.94376020e+01	
0.13933333	3.94117677e+01	
0.14091667	3.92578856e+01	
0.14250000	3.93427509e+01	
0.14408333	3.88827543e+01	
0.14566667	3.88211263e+01	
0.14725000	3.87871817e+01	
0.14883333	3.89426686e+01	
0.15041667	3.89297702e+01	
0.15200000	3.88255611e+01	
0.15358333	3.87019743e+01	
0.15516667	3.84582358e+01	
0.15675000	3.83646963e+01	
0.15833333	3.80945898e+01	
0.15991667	3.67870255e+01	
0.16150000	3.66048098e+01	
0.16308333	3.61894538e+01	
0.16466667	3.61034459e+01	
0.16625000	3.61253491e+01	
0.16783333	3.58289460e+01	
0.16941667	3.58375675e+01	
0.17100000	3.58412919e+01	
0.17258333	3.59251012e+01	
0.17416667	3.60923891e+01	
0.17575000	3.59389730e+01	
0.17733333	3.59300584e+01	
0.17891667	3.58007816e+01	
0.18050000	3.57619362e+01	
0.18208333	3.57281231e+01	
0.18366667	3.55498234e+01	
0.18525000	3.54971476e+01	
0.18683333	3.56651834e+01	
0.18841667	3.55270145e+01	
0.19000000	3.54829639e+01	
0.19158333	3.51678108e+01	
0.19316667	3.47441040e+01	
0.19475000	3.47417777e+01	
0.19633333	3.50103696e+01	
0.19791667	3.49324345e+01	
0.19950000	3.43302815e+01	
0.20108333	3.34289405e+01	
0.20266667	3.28087404e+01	
0.20425000	3.28255097e+01	
0.20583333	3.26185308e+01	
0.20741667	3.21596730e+01	
0.20900000	3.24372810e+01	
0.21058333	3.22166896e+01	
0.21216667	3.17620410e+01	
0.21375000	3.17539232e+01	
0.21533333	3.06518909e+01	
0.21691667	3.04476235e+01	
0.21850000	3.01760832e+01	
0.22008333	2.99736330e+01	
0.22166667	2.94181577e+01	
0.22325000	2.94775082e+01	
0.22483333	2.97382040e+01	
0.22641667	2.95431726e+01	
0.22800000	2.96118568e+01	
0.22958333	2.96564993e+01	
0.23116667	2.99086470e+01	
0.23275000	2.96701851e+01	
0.23433333	2.97303361e+01	
0.23591667	2.94041713e+01	
0.23750000	2.78885758e+01	
0.23908333	2.79192733e+01	
0.24066667	2.76252041e+01	
0.24225000	2.74485356e+01	
0.24383333	2.75748057e+01	
0.24541667	2.74647769e+01	
0.24700000	2.74518353e+01	
0.24858333	2.74279572e+01	
0.25016667	2.73516118e+01	
0.25175000	2.71991578e+01	
0.25333333	2.72138714e+01	
0.25491667	2.70769221e+01	
0.25650000	2.71170509e+01	
0.25808333	2.69809529e+01	
0.25966667	2.69971961e+01	
0.26125000	2.69357804e+01	
0.26283333	2.71604100e+01	
0.26441667	2.70727598e+01	
0.26600000	2.69183082e+01	
0.26758333	2.69640426e+01	
0.26916667	2.61357416e+01	
0.27075000	2.51967767e+01	
0.27233333	2.51771830e+01	
0.27391667	2.51346300e+01	
0.27550000	2.53354811e+01	
0.27708333	2.53740428e+01	
0.27866667	2.48930055e+01	
0.28025000	2.46522699e+01	
0.28183333	2.46345139e+01	
0.28341667	2.42807203e+01	
0.28500000	2.41311827e+01	
0.28658333	2.40864292e+01	
0.28816667	2.38734409e+01	
0.28975000	2.39595934e+01	
0.29133333	2.40717156e+01	
0.29291667	2.30812042e+01	
0.29450000	2.25375881e+01	
0.29608333	2.24584747e+01	
0.29766667	2.25580725e+01	
0.29925000	2.26326666e+01	
0.30083333	2.25297634e+01	
0.30241667	2.25707022e+01	
0.30400000	2.23922729e+01	
0.30558333	2.22685621e+01	
0.30716667	2.25504432e+01	
0.30875000	2.19230328e+01	
0.31033333	2.16011130e+01	
0.31191667	1.98380902e+01	
0.31350000	1.97905181e+01	
0.31508333	1.97834300e+01	
0.31666667	1.95937222e+01	
0.31825000	1.98954338e+01	
0.31983333	1.98235495e+01	
0.32141667	1.98745886e+01	
0.32300000	1.95315793e+01	
0.32458333	1.95319608e+01	
0.32616667	1.95983956e+01	
0.32775000	1.93554219e+01	
0.32933333	1.94420443e+01	
0.33091667	1.94266166e+01	
0.33250000	1.96183971e+01	
0.33408333	1.96162023e+01	
0.33566667	1.90767184e+01	
0.33725000	1.86822358e+01	
0.33883333	1.84275852e+01	
0.34041667	1.80136950e+01	
0.34200000	1.78774654e+01	
0.34358333	1.77559964e+01	
0.34516667	1.75574566e+01	
0.34675000	1.74459583e+01	
0.34833333	1.73643814e+01	
0.34991667	1.72316094e+01	
0.35150000	1.72889060e+01	
0.35308333	1.70608263e+01	
0.35466667	1.69408306e+01	
0.35625000	1.69840299e+01	
0.35783333	1.70843831e+01	
0.35941667	1.69159640e+01	
0.36100000	1.71185646e+01	
0.36258333	1.64208727e+01	
0.36416667	1.60428552e+01	
0.36575000	1.51244686e+01	
0.36733333	1.49437816e+01	
0.36891667	1.46870958e+01	
0.37050000	1.44686053e+01	
0.37208333	1.47700445e+01	
0.37366667	1.45788277e+01	
0.37525000	1.44704046e+01	
0.37683333	1.45966344e+01	
0.37841667	1.43912987e+01	
0.38000000	1.38981430e+01	
0.38158333	1.37712226e+01	
0.38316667	1.31182964e+01	
0.38475000	1.32277239e+01	
0.38633333	1.32327835e+01	
0.38791667	1.32734836e+01	
0.38950000	1.32692537e+01	
0.39108333	1.30938329e+01	
0.39266667	1.31422723e+01	
0.39425000	1.29219815e+01	
0.39583333	1.30023812e+01	
0.39741667	1.28091180e+01	
0.39900000	1.27442072e+01	
0.40058333	1.25197758e+01	
0.40216667	1.25077409e+01	
0.40375000	1.24972506e+01	
0.40533333	1.17474119e+01	
0.40691667	1.13250017e+01	
0.40850000	1.13144495e+01	
0.41008333	1.12292599e+01	
0.41166667	1.12869897e+01	
0.41325000	1.11017861e+01	
0.41483333	1.07019979e+01	
0.41641667	1.04237491e+01	
0.41800000	1.03087368e+01	
0.41958333	1.02388227e+01	
0.42116667	1.01083320e+01	
0.42275000	1.00899757e+01	
0.42433333	1.01644852e+01	
0.42591667	9.99687221e+00	
0.42750000	9.87553850e+00	
0.42908333	9.77469955e+00	
0.43066667	9.63301202e+00	
0.43225000	9.64813998e+00	
0.43383333	9.23010910e+00	
0.43541667	9.16158747e+00	
0.43700000	9.22038365e+00	
0.43858333	8.74299755e+00	
0.44016667	7.91450776e+00	
0.44175000	7.53088567e+00	
0.44333333	7.44559843e+00	
0.44491667	7.39192194e+00	
0.44650000	7.09594542e+00	
0.44808333	6.95100464e+00	
0.44966667	6.82825971e+00	
0.45125000	6.65867974e+00	
0.45283333	6.59054569e+00	
0.45441667	6.36265342e+00	
0.45600000	6.25668585e+00	
0.45758333	6.23260289e+00	
0.45916667	6.15007890e+00	
0.46075000	5.83791271e+00	
0.46233333	5.75529289e+00	
0.46391667	5.85131798e+00	
0.46550000	5.77854998e+00	
0.46708333	5.60215111e+00	
0.46866667	5.71791460e+00	
0.47025000	5.65259032e+00	
0.47183333	5.56347903e+00	
0.47341667	5.51334472e+00	
0.47500000	5.32141670e+00	
0.47658333	4.99148143e+00	
0.47816667	4.49281134e+00	
0.47975000	4.22546340e+00	
0.48133333	4.23670766e+00	
0.48291667	4.21604331e+00	
0.48450000	4.23416707e+00	
0.48608333	4.54166456e+00	
0.48766667	4.39094968e+00	
0.48925000	4.26097807e+00	
0.49083333	4.23854357e+00	
0.49241667	3.93749668e+00	
0.49400000	3.95953280e+00	
0.49558333	4.00078445e+00	
0.49716667	4.08625492e+00	
0.49875000	3.38140429e+00	
0.50033333	3.05905461e+00	
0.50191667	2.95816845e+00	
0.50350000	2.71399233e+00	
0.50508333	2.79687828e+00	
0.50666667	2.78823098e+00	
0.50825000	2.65228537e+00	
0.50983333	2.85183257e+00	
0.51141667	2.87667517e+00	
0.51300000	2.81837297e+00	
0.51458333	2.93299559e+00	
0.51616667	2.76282276e+00	
0.51775000	2.63329181e+00	
0.51933333	2.14500979e+00	
0.52091667	2.00212901e+00	
0.52250000	1.95835321e+00	
0.52408333	1.95095648e+00	
0.52566667	2.03330617e+00	
0.52725000	2.04969925e+00	
0.52883333	1.82656425e+00	
0.53041667	1.57896117e+00	
0.53200000	8.44997032e-01	
0.53358333	8.11278055e-01	
0.53516667	8.21191829e-01	
0.53675000	8.61493819e-01	
0.53833333	8.80967093e-01	
0.53991667	8.89519730e-01	
0.54150000	8.56992827e-01	
0.54308333	8.57910842e-01	
0.54466667	8.64182388e-01	
0.54625000	8.70600506e-01	
0.54783333	8.34428380e-01	
0.54941667	8.23274202e-01	
0.55100000	-1.30212606e-02	
0.55258333	9.44318680e-03	
0.55416667	-4.40293684e-03	
0.55575000	5.48965036e-06	
0.55733333	9.54145073e-04	
0.55891667	6.25613322e-04	
0.56050000	5.34050823e-05	
0.56208333	4.87174148e-06	
0.56366667	-1.54567222e-05	
0.56525000	-2.69094153e-05	
0.56683333	-3.12631295e-05	
0.56841667	-3.00418052e-05	
0.57000000	-2.59841069e-05	
0.57158333	-2.02247099e-05	
0.57316667	-1.42204968e-05	
0.57475000	-9.40876355e-06	
0.57633333	-5.43774723e-06	
0.57791667	-2.67060662e-06	
0.57950000	-4.11096442e-07	
0.58108333	9.45986943e-07	
0.58266667	1.34635092e-06	
0.58425000	2.31517278e-06	
0.58583333	2.54805072e-06	
0.58741667	2.67586704e-06	
0.58900000	2.51131396e-06	
0.59058333	2.41131722e-06	
0.59216667	2.48284005e-06	
0.59375000	2.06776622e-06	
0.59533333	1.92896086e-06	
0.59691667	1.65541311e-06	
0.59850000	1.52889291e-06	
0.60008333	1.56140774e-06	
0.60166667	1.06452377e-06	
0.60325000	9.78480945e-07	
0.60483333	6.97908580e-07	
0.60641667	6.95920434e-07	
0.60800000	6.92419549e-07	
0.60958333	6.41301464e-07	
0.61116667	7.10309832e-07	
0.61275000	6.41515617e-07	
0.61433333	7.66703523e-07	
0.61591667	6.40652003e-07	
0.61750000	5.90961085e-07	
0.61908333	8.05157088e-07	
0.62066667	7.19687957e-07	
0.62225000	5.20525716e-07	
0.62383333	2.66856650e-07	
0.62541667	2.66486165e-07	
0.62700000	4.89152717e-07	
0.62858333	3.64705669e-07	
0.63016667	3.33074637e-07	
0.63175000	5.48313491e-07	
0.63333333	6.06559353e-07	
0.63491667	8.13586586e-07	
0.63650000	7.25391757e-07	
0.63808333	9.38339912e-07	
0.63966667	9.33411019e-07	
0.64125000	7.26774291e-07	
0.64283333	6.17060384e-07	
0.64441667	2.58879904e-07	
0.64600000	2.68905166e-07	
0.64758333	3.66259178e-07	
0.64916667	4.75498744e-07	
0.65075000	4.71220824e-07	
0.65233333	4.10336460e-07	
0.65391667	6.41907635e-07	
0.65550000	7.19602553e-07	
0.65708333	7.27940823e-07	
0.65866667	5.93197377e-07	
0.66025000	6.10709083e-07	
0.66183333	4.67160278e-07	
0.66341667	1.74858970e-07	
0.66500000	2.27421319e-07	
0.66658333	2.06291234e-07	
0.66816667	2.52095620e-07	
0.66975000	3.88620450e-07	
0.67133333	2.99110429e-07	
0.67291667	5.63694637e-07	
0.67450000	4.89413856e-07	
0.67608333	7.08667782e-07	
0.67766667	7.02791439e-07	
0.67925000	6.89656665e-07	
0.68083333	5.45416033e-07	
0.68241667	6.14292796e-07	
0.68400000	1.82049525e-07	
0.68558333	3.04493587e-07	
0.68716667	2.50021707e-07	
0.68875000	3.88100690e-07	
0.69033333	2.40281358e-07	
0.69191667	4.89845300e-07	
0.69350000	7.78282882e-07	
0.69508333	6.42207640e-07	
0.69666667	6.77988486e-07	
0.69825000	7.36634317e-07	
0.69983333	7.41810014e-07	
0.70141667	4.71394656e-07	
0.70300000	6.10147308e-08	
0.70458333	7.03464584e-09	
0.70616667	-3.80294208e-09	
0.70775000	1.40221220e-07	
0.70933333	2.11563703e-07	
0.71091667	2.19186555e-07	
0.71250000	5.53712469e-07	
0.71408333	2.45320100e-07	
0.71566667	6.52666390e-07	
0.71725000	8.00794604e-07	
0.71883333	7.42415457e-07	
0.72041667	7.03830845e-07	
0.72200000	3.95945970e-07	
0.72358333	-1.75291715e-07	
0.72516667	1.80537807e-07	
0.72675000	1.53357505e-07	
0.72833333	3.32788100e-07	
0.72991667	2.49788008e-07	
0.73150000	3.40350652e-07	
0.73308333	7.54086884e-07	
0.73466667	7.59789060e-07	
0.73625000	7.32260913e-07	
0.73783333	6.43115665e-07	
0.73941667	6.63903910e-07	
0.74100000	6.94036398e-07	
0.74258333	3.05159485e-07	
0.74416667	7.48424092e-08	
0.74575000	7.38922356e-08	
0.74733333	1.20128358e-07	
0.74891667	1.96213792e-07	
0.75050000	1.14347065e-07	
0.75208333	4.78696879e-07	
0.75366667	4.71740247e-07	
0.75525000	6.53997121e-07	
0.75683333	5.65983852e-07	
0.75841667	5.94847603e-07	
0.76000000	7.92754996e-07	
0.76158333	5.71517348e-07	
0.76316667	2.31916094e-07	
0.76475000	1.09194652e-07	
0.76633333	6.93110550e-08	
0.76791667	3.69890045e-07	
0.76950000	2.59139252e-07	
0.77108333	2.58923138e-07	
0.77266667	4.02040556e-07	
0.77425000	4.81850661e-07	
0.77583333	6.18531010e-07	
0.77741667	6.81791785e-07	
0.77900000	7.33558323e-07	
0.78058333	6.69346458e-07	
0.78216667	5.28781215e-07	
0.78375000	3.57056425e-07	
0.78533333	1.07285428e-07	
0.78691667	1.18918382e-07	
0.78850000	4.02044735e-08	
0.79008333	1.98681935e-08	
0.79166667	2.76007797e-07	
0.79325000	5.44941076e-07	
0.79483333	7.09835155e-07	
0.79641667	5.63521254e-07	
0.79800000	7.23404396e-07	
0.79958333	7.44922745e-07	
0.80116667	6.51370547e-07	
0.80275000	4.11242413e-07	
0.80433333	1.17241331e-07	
0.80591667	2.48163347e-07	
0.80750000	2.24612779e-07	
0.80908333	2.19048131e-07	
0.81066667	2.65077282e-07	
0.81225000	3.95644761e-07	
0.81383333	5.51249479e-07	
0.81541667	5.13914452e-07	
0.81700000	4.08694774e-07	
0.81858333	4.87685171e-07	
0.82016667	6.49425972e-07	
0.82175000	5.76960457e-07	
0.82333333	3.09221151e-07	
0.82491667	6.17753919e-08	
0.82650000	1.08418128e-07	
0.82808333	1.15608486e-07	
0.82966667	2.86932347e-07	
0.83125000	9.41232274e-08	
0.83283333	2.82689652e-07	
0.83441667	6.34716744e-07	
0.83600000	5.51680362e-07	
0.83758333	6.55304724e-07	
0.83916667	5.75490447e-07	
0.84075000	6.40611233e-07	
0.84233333	4.65474910e-07	
0.84391667	1.83155574e-07	
0.84550000	2.46779777e-07	
0.84708333	2.85411767e-07	
0.84866667	3.01011043e-07	
0.85025000	4.04504442e-07	
0.85183333	3.61549983e-07	
0.85341667	4.45986036e-07	
0.85500000	5.06395778e-07	
0.85658333	5.78213009e-07	
0.85816667	7.07716244e-07	
0.85975000	6.68350285e-07	
0.86133333	7.76076831e-07	
0.86291667	2.64437285e-07	
0.86450000	3.16231008e-09	
0.86608333	1.06559432e-07	
0.86766667	1.51144972e-07	
0.86925000	2.86967460e-07	
0.87083333	8.97237050e-08	
0.87241667	2.30922974e-07	
0.87400000	3.91972592e-07	
0.87558333	5.12056120e-07	
0.87716667	5.19055650e-07	
0.87875000	5.50558576e-07	
0.88033333	6.95921891e-07	
0.88191667	6.06561425e-07	
0.88350000	4.00398534e-07	
0.88508333	2.38483761e-07	
0.88666667	2.39910033e-07	
0.88825000	3.59891637e-07	
0.88983333	2.76856151e-07	
0.89141667	3.55240824e-07	
0.89300000	5.48724662e-07	
0.89458333	3.61464271e-07	
0.89616667	4.76648252e-07	
0.89775000	5.21433125e-07	
0.89933333	5.25840187e-07	
0.90091667	6.26523689e-07	
0.90250000	2.11244069e-07	
0.90408333	1.06732998e-07	
0.90566667	7.48338829e-08	
0.90725000	2.33731402e-07	
0.90883333	3.26030277e-07	
0.91041667	1.52536116e-07	
0.91200000	2.82300995e-07	
0.91358333	3.74334237e-07	
0.91516667	6.13863032e-07	
0.91675000	6.10880619e-07	
0.91833333	5.29730289e-07	
0.91991667	6.03838639e-07	
0.92150000	4.19540501e-07	
0.92308333	2.82983946e-07	
0.92466667	7.70548165e-08	
0.92625000	5.43164487e-08	
0.92783333	1.27042162e-07	
0.92941667	1.35113973e-07	
0.93100000	2.44559306e-07	
0.93258333	4.02653363e-07	
0.93416667	4.70529417e-07	
0.93575000	7.65839404e-07	
0.93733333	5.80330632e-07	
0.93891667	6.52968803e-07	
0.94050000	7.00241924e-07	
0.94208333	4.89378463e-07	
0.94366667	4.09947495e-07	
0.94525000	1.23299725e-07	
0.94683333	1.93595451e-07	
0.94841667	2.37144125e-07	
0.95000000	2.65318513e-07	
0.95158333	4.25441766e-07	
0.95316667	5.63521254e-07	
0.95475000	6.51672681e-07	
0.95633333	5.67021579e-07	
0.95791667	4.36998892e-07	
0.95950000	6.31447654e-07	
0.96108333	5.09032601e-07	
0.96266667	5.03889162e-07	
0.96425000	1.32883729e-07	
0.96583333	6.80059025e-08	
0.96741667	1.41993223e-07	
0.96900000	1.22936856e-07	
0.97058333	2.05210652e-07	
0.97216667	2.07285909e-07	
0.97375000	4.47369242e-07	
0.97533333	6.06041442e-07	
0.97691667	4.71273130e-07	
0.97850000	5.98910866e-07	
0.98008333	6.05824432e-07	
0.98166667	4.11150541e-07	
0.98325000	2.26643752e-07	
0.98483333	-3.17687660e-08	
0.98641667	1.30671307e-07	
0.98800000	1.75136070e-07	
0.98958333	2.03828202e-07	
0.99116667	2.60736667e-07	
0.99275000	2.47515062e-07	
0.99433333	5.82015747e-07	
0.99591667	4.45466948e-07	
0.99750000	3.51612785e-07	
0.99908333	4.76104131e-07	
1.00066667	3.81773470e-07	
1.00225000	5.50938161e-07	
1.00383333	1.79337267e-07	
1.00541667	1.70165560e-08	
1.00700000	2.49329768e-07	
1.00858333	3.48976271e-07	
1.01016667	3.11164914e-07	
1.01175000	2.30127654e-07	
1.01333333	5.19661654e-07	
1.01491667	5.23853386e-07	
1.01650000	4.52597440e-07	
1.01808333	6.29720536e-07	
1.01966667	5.66155276e-07	
1.02125000	5.31415685e-07	
1.02283333	4.85870857e-07	
1.02441667	3.15531122e-07	
1.02600000	2.02212319e-07	
1.02758333	9.54974450e-08	
1.02916667	2.32010822e-07	
1.03075000	1.77668728e-07	
1.03233333	2.25503064e-07	
1.03391667	4.05349072e-07	
1.03550000	4.33670859e-07	
1.03708333	6.04225336e-07	
1.03866667	5.58983482e-07	
1.04025000	5.83700023e-07	
1.04183333	6.57460653e-07	
1.04341667	3.16870254e-07	
1.04500000	-3.84643459e-09	
1.04658333	7.81696515e-08	
1.04816667	1.74902498e-07	
1.04975000	2.67392342e-07	
1.05133333	2.44681055e-07	
1.05291667	4.74790592e-07	
1.05450000	5.89707693e-07	
1.05608333	5.54748796e-07	
1.05766667	5.84003109e-07	
1.05925000	6.52104740e-07	
1.06083333	8.08013104e-07	
1.06241667	5.36513874e-07	
1.06400000	1.49529243e-07	
1.06558333	1.48815670e-08	
1.06716667	5.51293497e-08	
1.06875000	2.73649643e-07	
1.07033333	1.71239402e-07	
1.07191667	2.58024942e-07	
1.07350000	3.49346111e-07	
1.07508333	3.97026679e-07	
1.07666667	5.84652850e-07	
1.07825000	5.10110985e-07	
1.07983333	4.57306104e-07	
1.08141667	5.28970335e-07	
1.08300000	4.45770370e-07	
1.08458333	1.97001258e-07	
1.08616667	2.41945622e-09	
1.08775000	2.06810588e-07	
1.08933333	2.45354737e-07	
1.09091667	2.91763404e-07	
1.09250000	3.74989746e-07	
1.09408333	4.50133162e-07	
1.09566667	5.04104772e-07	
1.09725000	5.16809110e-07	
1.09883333	5.47318271e-07	
1.10041667	6.30974768e-07	
1.10200000	6.09498309e-07	
1.10358333	4.36003252e-07	
1.10516667	1.05997538e-07	
1.10675000	2.07846312e-07	
1.10833333	1.62483563e-07	
1.10991667	1.04787821e-07	
1.11150000	1.95532172e-07	
1.11308333	4.20230788e-07	
1.11466667	6.59406012e-07	
1.11625000	7.00362218e-07	
1.11783333	5.24458213e-07	
1.11941667	6.07424928e-07	
1.12100000	5.95844392e-07	
1.12258333	5.09895431e-07	
1.12416667	2.30446924e-07	
1.12575000	-1.27690588e-07	
1.12733333	2.48068367e-07	
1.12891667	3.03206761e-07	
1.13050000	1.81116649e-07	
1.13208333	2.85282093e-07	
1.13366667	6.77599772e-07	
1.13525000	6.31103966e-07	
1.13683333	6.58846715e-07	
1.13841667	6.98175824e-07	
1.14000000	6.57162607e-07	
1.14158333	7.33997607e-07	
1.14316667	6.64332945e-07	
1.14475000	6.53095775e-08	
1.14633333	3.69971886e-08	
1.14791667	1.34603944e-07	
1.14950000	1.38366354e-08	
1.15108333	3.21325548e-08	
1.15266667	-6.39183911e-08	
1.15425000	3.32832314e-07	
1.15583333	3.90458284e-07	
1.15741667	3.90329982e-07	
1.15900000	5.64124793e-07	
1.16058333	4.23429512e-07	
1.16216667	5.23768934e-07	
1.16375000	3.83803982e-07	
1.16533333	2.04778817e-07	
1.16691667	2.64117091e-07	
1.16850000	1.83648410e-07	
1.17008333	2.46694849e-07	
1.17166667	1.04459177e-07	
1.17325000	3.64316619e-07	
1.17483333	7.56935956e-07	
1.17641667	5.85645998e-07	
1.17800000	5.96925016e-07	
1.17958333	5.08253494e-07	
1.18116667	6.40352613e-07	
1.18275000	6.86543486e-07	
1.18433333	2.21579612e-07	
1.18591667	2.66139678e-07	
1.18750000	1.13084047e-07	
1.18908333	2.15365602e-07	
1.19066667	1.28346979e-07	
1.19225000	1.66363851e-07	
@ 
0.00000000	3.69769696e-07	
0.00158333	4.78653534e-07	
0.00316667	4.89111107e-07	
0.00475000	4.86345479e-07	
0.00633333	5.41397517e-07	
0.00791667	7.48292864e-07	
0.00950000	4.40454612e-07	
0.01108333	-7.82741102e-08	
0.01266667	7.50493455e-08	
0.01425000	1.17491998e-07	
0.01583333	1.61956509e-07	
0.01741667	8.49956438e-08	
0.01900000	2.24845945e-07	
0.02058333	7.48006384e-08	
0.02216667	4.11416917e-07	
0.02375000	5.77779661e-07	
0.02533333	6.14105579e-07	
0.02691667	7.87355233e-07	
0.02850000	7.70462355e-07	
0.03008333	3.34111076e-07	
0.03166667	2.35943431e-07	
0.03325000	1.55475352e-07	
0.03483333	3.11813619e-07	
0.03641667	3.13672259e-07	
0.03800000	1.79016079e-07	
0.03958333	3.67859898e-07	
0.04116667	4.78203945e-07	
0.04275000	4.58040325e-07	
0.04433333	4.27059594e-07	
0.04591667	4.69146575e-07	
0.04750000	5.60409306e-07	
0.04908333	5.41742772e-07	
0.05066667	2.48647965e-07	
0.05225000	1.38708830e-07	
0.05383333	2.14284851e-07	
0.05541667	1.75394830e-07	
0.05700000	1.06421078e-07	
0.05858333	2.46261698e-07	
0.06016667	3.05116447e-07	
0.06175000	5.38199941e-07	
0.06333333	4.70054516e-07	
0.06491667	4.60287985e-07	
0.06650000	5.09428650e-07	
0.06808333	4.77486329e-07	
0.06966667	3.43143301e-07	
0.07125000	3.13499771e-07	
0.07283333	1.56079605e-07	
0.07441667	3.53090243e-07	
0.07600000	1.74868112e-07	
0.07758333	2.61040481e-07	
0.07916667	2.24485051e-07	
0.08075000	4.17292868e-07	
0.08233333	5.72854464e-07	
0.08391667	5.04709823e-07	
0.08550000	5.41854273e-07	
0.08708333	5.06697464e-07	
0.08866667	5.16626709e-07	
0.09025000	4.21347450e-07	
0.09183333	1.66830898e-07	
0.09341667	1.33480127e-07	
0.09500000	1.92291166e-07	
0.09658333	9.46328432e-08	
0.09816667	2.26255262e-07	
0.09975000	3.31692971e-07	
0.10133333	6.46790774e-07	
0.10291667	5.22471636e-07	
0.10450000	4.62492384e-07	
0.10608333	4.72042549e-07	
0.10766667	3.91280989e-07	
0.10925000	5.38935534e-07	
0.11083333	-5.62271950e-08	
0.11241667	3.96850467e-08	
0.11400000	1.51931191e-07	
0.11558333	1.43245650e-07	
0.11716667	3.26584198e-07	
0.11875000	1.52415529e-07	
0.12033333	2.85791884e-07	
0.12191667	3.59000665e-07	
0.12350000	4.94339613e-07	
0.12508333	6.47782802e-07	
0.12666667	5.71257441e-07	
0.12825000	5.89448233e-07	
0.12983333	3.40246151e-07	
0.13141667	9.21955369e-08	
0.13300000	1.85981881e-07	
0.13458333	5.98910614e-08	
0.13616667	1.87719863e-07	
0.13775000	2.56563108e-07	
0.13933333	2.53608080e-07	
0.14091667	5.19142398e-07	
0.14250000	3.83155388e-07	
0.14408333	5.10371229e-07	
0.14566667	6.17259417e-07	
0.14725000	4.89326436e-07	
0.14883333	4.05825094e-07	
0.15041667	1.35736525e-07	
0.15200000	3.97718261e-08	
0.15358333	4.81804074e-08	
0.15516667	1.56166283e-07	
0.15675000	2.06118915e-07	
0.15833333	2.20733372e-07	
0.15991667	4.72129017e-07	
0.16150000	5.09507614e-07	
0.16308333	4.26584077e-07	
0.16466667	5.57946427e-07	
0.16625000	5.45587849e-07	
0.16783333	5.94355397e-07	
0.16941667	4.86992420e-07	
0.17100000	1.48084911e-07	
0.17258333	2.20291835e-07	
0.17416667	1.59882176e-07	
0.17575000	3.45087400e-07	
0.17733333	2.63321743e-07	
0.17891667	4.32201689e-07	
0.18050000	5.60067467e-07	
0.18208333	5.03629086e-07	
0.18366667	5.07821714e-07	
0.18525000	4.13577130e-07	
0.18683333	6.06990908e-07	
0.18841667	6.47870950e-07	
0.19000000	3.00103046e-07	
0.19158333	3.54032682e-07	
0.19316667	3.33588768e-08	
0.19475000	9.60417895e-08	
0.19633333	5.14903484e-08	
0.19791667	7.28973790e-08	
0.19950000	2.11296277e-07	
0.20108333	2.43713024e-07	
0.20266667	5.32019448e-07	
0.20425000	5.58334469e-07	
0.20583333	5.13958078e-07	
0.20741667	6.76303818e-07	
0.20900000	6.56901300e-07	
0.21058333	2.24828542e-07	
0.21216667	3.51482495e-07	
0.21375000	1.58024573e-07	
0.21533333	1.92117908e-07	
0.21691667	-4.33240515e-08	
0.21850000	7.37019741e-08	
0.22008333	2.05175902e-07	
0.22166667	2.79189075e-07	
0.22325000	5.22383824e-07	
0.22483333	5.00432631e-07	
0.22641667	5.42304478e-07	
0.22800000	6.14112636e-07	
0.22958333	5.23465848e-07	
0.23116667	3.85964727e-07	
0.23275000	9.32849678e-08	
0.23433333	1.89007151e-07	
0.23591667	2.20551616e-07	
0.23750000	1.91573578e-07	
0.23908333	8.66039450e-08	
0.24066667	2.41422381e-07	
0.24225000	4.57782685e-07	
0.24383333	4.11416301e-07	
0.24541667	5.74409710e-07	
0.24700000	5.39626213e-07	
0.24858333	5.51940270e-07	
0.25016667	5.08382131e-07	
0.25175000	9.41578929e-08	
0.25333333	7.00027211e-08	
0.25491667	1.20948725e-07	
0.25650000	8.67343748e-08	
0.25808333	3.24260598e-07	
0.25966667	1.20421307e-07	
0.26125000	4.24406811e-07	
0.26283333	4.63183595e-07	
0.26441667	5.35130724e-07	
0.26600000	5.80073636e-07	
0.26758333	5.82489529e-07	
0.26916667	6.42987027e-07	
0.27075000	4.54870750e-07	
0.27233333	-1.08918188e-07	
0.27391667	1.44110426e-07	
0.27550000	9.23856724e-08	
0.27708333	1.94019880e-07	
0.27866667	1.18226513e-07	
0.28025000	2.90570998e-07	
0.28183333	4.90839904e-07	
0.28341667	3.99749381e-07	
0.28500000	5.48223831e-07	
0.28658333	4.91919521e-07	
0.28816667	4.88635981e-07	
0.28975000	5.05574670e-07	
0.29133333	1.18416291e-07	
0.29291667	3.27024770e-07	
0.29450000	1.09238971e-07	
0.29608333	1.71341774e-07	
0.29766667	3.37690140e-07	
0.29925000	2.17440467e-07	
0.30083333	4.24423444e-07	
0.30241667	3.49105525e-07	
0.30400000	5.04797355e-07	
0.30558333	5.33403494e-07	
0.30716667	6.16714400e-07	
0.30875000	7.04778968e-07	
0.31033333	2.89516947e-07	
0.31191667	1.48698404e-07	
0.31350000	1.52588521e-07	
0.31508333	2.16143169e-07	
0.31666667	3.31994321e-07	
0.31825000	1.19393535e-07	
0.31983333	1.55224363e-07	
0.32141667	1.51022606e-07	
0.32300000	4.40583501e-07	
0.32458333	4.49139929e-07	
0.32616667	5.27266963e-07	
0.32775000	5.97528612e-07	
0.32933333	5.47101317e-07	
0.33091667	2.49918606e-07	
0.33250000	4.45944930e-08	
0.33408333	4.82410371e-08	
0.33566667	1.78592686e-07	
0.33725000	1.73788090e-07	
0.33883333	1.54058769e-07	
0.34041667	3.60857848e-07	
0.34200000	4.98520481e-07	
0.34358333	5.76787465e-07	
0.34516667	5.53150708e-07	
0.34675000	6.24752049e-07	
0.34833333	7.52537519e-07	
0.34991667	3.69588052e-07	
0.35150000	2.55337185e-07	
0.35308333	-7.77856003e-09	
0.35466667	-1.34027719e-09	
0.35625000	9.93166484e-08	
0.35783333	5.41439365e-08	
0.35941667	5.34695297e-08	
0.36100000	3.68489758e-07	
0.36258333	5.29900705e-07	
0.36416667	6.12176909e-07	
0.36575000	5.17284459e-07	
0.36733333	5.78646468e-07	
0.36891667	6.07595399e-07	
0.37050000	3.85161370e-07	
0.37208333	1.29323061e-07	
0.37366667	5.21566733e-08	
0.37525000	1.56123049e-07	
0.37683333	3.01832683e-07	
0.37841667	2.72966860e-07	
0.38000000	3.19419601e-07	
0.38158333	2.32944062e-07	
0.38316667	5.84779976e-07	
0.38475000	4.36090560e-07	
0.38633333	5.05108505e-07	
0.38791667	5.21260021e-07	
0.38950000	4.33712973e-07	
0.39108333	5.18885011e-07	
0.39266667	1.66285629e-07	
0.39425000	1.03195445e-08	
0.39583333	-3.45432810e-08	
0.39741667	-2.41726341e-08	
0.39900000	1.39374840e-07	
0.40058333	3.53357599e-07	
0.40216667	7.07199565e-07	
0.40375000	5.97139898e-07	
0.40533333	5.95972470e-07	
0.40691667	7.70849277e-07	
0.40850000	4.75629174e-07	
0.41008333	3.80598370e-07	
0.41166667	2.11909057e-07	
0.41325000	1.35658443e-07	
0.41483333	1.11442334e-07	
0.41641667	5.30121432e-08	
0.41800000	5.44899620e-08	
0.41958333	1.15124436e-07	
0.42116667	3.07882187e-07	
0.42275000	2.81747354e-07	
0.42433333	3.77451925e-07	
0.42591667	4.47903478e-07	
0.42750000	4.60116366e-07	
0.42908333	4.64134686e-07	
0.43066667	4.32166940e-07	
0.43225000	1.83259669e-07	
0.43383333	1.23973309e-07	
0.43541667	9.00441233e-08	
0.43700000	6.69260060e-08	
0.43858333	-4.38599920e-08	
0.44016667	9.56450257e-08	
0.44175000	2.64869121e-07	
0.44333333	5.10283417e-07	
0.44491667	6.32486276e-07	
0.44650000	5.02713109e-07	
0.44808333	5.46539892e-07	
0.44966667	5.65983348e-07	
0.45125000	3.03760150e-07	
0.45283333	-6.60531369e-08	
0.45441667	1.08331058e-07	
0.45600000	2.41855000e-07	
0.45758333	2.30317615e-07	
0.45916667	1.00043953e-07	
0.46075000	3.03645597e-07	
0.46233333	4.10077981e-07	
0.46391667	5.84652066e-07	
0.46550000	6.56858346e-07	
0.46708333	5.26271574e-07	
0.46866667	6.95143064e-07	
0.47025000	5.24631149e-07	
0.47183333	2.71454708e-07	
0.47341667	1.22487282e-07	
0.47500000	1.08805903e-07	
0.47658333	2.61386773e-07	
0.47816667	6.68828561e-08	
0.47975000	1.82438672e-07	
0.48133333	4.88808749e-07	
0.48291667	5.65768186e-07	
0.48450000	6.75178616e-07	
0.48608333	6.51197668e-07	
0.48766667	7.65404544e-07	
0.48925000	7.62378897e-07	
0.49083333	5.49953189e-07	
0.49241667	3.76803723e-07	
0.49400000	3.43229097e-07	
0.49558333	5.80200426e-07	
0.49716667	8.56670439e-07	
0.49875000	9.67849764e-07	
0.50033333	1.37593414e-06	
0.50191667	1.79771023e-06	
0.50350000	2.32456776e-06	
0.50508333	2.96949158e-06	
0.50666667	3.81367794e-06	
0.50825000	4.83001065e-06	
0.50983333	5.77780389e-06	
0.51141667	6.68433763e-06	
0.51300000	7.86545258e-06	
0.51458333	9.70148466e-06	
0.51616667	1.26358712e-05	
0.51775000	1.66599591e-05	
0.51933333	2.15438208e-05	
0.52091667	2.76147047e-05	
0.52250000	3.65967192e-05	
0.52408333	5.07260009e-05	
0.52566667	7.34026675e-05	
0.52725000	1.24430021e-04	
0.52883333	2.57392753e-04	
0.53041667	4.01600002e-04	
0.53200000	3.83498527e-04	
0.53358333	3.76106955e-04	
0.53516667	5.78340592e-04	
0.53675000	1.13611819e-03	
0.53833333	1.22513659e-03	
0.53991667	1.88507281e-03	
0.54150000	2.17707021e-03	
0.54308333	3.25878004e-03	
0.54466667	7.44452018e-03	
0.54625000	1.17535316e-02	
0.54783333	1.38244778e-02	
0.54941667	1.49317365e-02	
0.55100000	1.64192084e-02	
0.55258333	1.88250449e-02	
0.55416667	2.29435712e-02	
0.55575000	3.35424603e-02	
0.55733333	4.30081902e-02	
0.55891667	7.23756621e-02	
0.56050000	8.20681542e-02	
0.56208333	9.56396015e-02	
0.56366667	1.18907960e-01	
0.56525000	1.77531293e-01	
0.56683333	2.55441845e-01	
0.56841667	2.87323824e-01	
0.57000000	3.96606918e-01	
0.57158333	3.12699512e+00	
0.57316667	6.78772494e+00	
0.57475000	8.16722289e+00	
0.57633333	9.33413130e+00	
0.57791667	1.02752497e+01	
0.57950000	1.36553450e+01	
0.58108333	1.61982406e+01	
0.58266667	1.75899750e+01	
0.58425000	1.90852778e+01	
0.58583333	1.97514171e+01	
0.58741667	2.07093669e+01	
0.58900000	2.38180534e+01	
0.59058333	2.52065087e+01	
0.59216667	2.63634286e+01	
0.59375000	2.73417144e+01	
0.59533333	2.85260226e+01	
0.59691667	2.96328110e+01	
0.59850000	3.00961712e+01	
0.60008333	3.28003106e+01	
0.60166667	3.42632829e+01	
0.60325000	3.43703521e+01	
