start voltage : 0.00 V 
set voltage : 0.10 V 
High G : 30.00 G0 
Intermediate G : 20.00 G0 
Low G : 10.00 G0 
Breaking speed 1 : 300.00 V/s 
Breaking speed 2 : 300.00 V/s 
Making speed : 500.00 V/s 
Post breaking : 230.00 V/s 
@ 
0.00000000	4.44944002e+01	
0.00158333	4.50494772e+01	
0.00316667	4.52870221e+01	
0.00475000	4.52109360e+01	
0.00633333	4.56412574e+01	
0.00791667	4.50279949e+01	
0.00950000	4.49721960e+01	
0.01108333	4.50595606e+01	
0.01266667	4.51696778e+01	
0.01425000	4.51282880e+01	
0.01583333	4.48023337e+01	
0.01741667	4.45127406e+01	
0.01900000	4.50157881e+01	
0.02058333	4.49492743e+01	
0.02216667	4.47572871e+01	
0.02375000	4.48979064e+01	
0.02533333	4.48613760e+01	
0.02691667	4.49776116e+01	
0.02850000	4.49846621e+01	
0.03008333	4.50393449e+01	
0.03166667	4.50385519e+01	
0.03325000	4.49919118e+01	
0.03483333	4.50429829e+01	
0.03641667	4.49505634e+01	
0.03800000	4.47948397e+01	
0.03958333	4.49769539e+01	
0.04116667	4.48230981e+01	
0.04275000	4.50333655e+01	
0.04433333	4.46563927e+01	
0.04591667	4.46629659e+01	
0.04750000	4.48409574e+01	
0.04908333	4.46384884e+01	
0.05066667	4.48258942e+01	
0.05225000	4.46671489e+01	
0.05383333	4.49895441e+01	
0.05541667	4.46507854e+01	
0.05700000	4.45175587e+01	
0.05858333	4.49072494e+01	
0.06016667	4.46173444e+01	
0.06175000	4.45471926e+01	
0.06333333	4.45813289e+01	
0.06491667	4.45277360e+01	
0.06650000	4.47090348e+01	
0.06808333	4.44227903e+01	
0.06966667	4.47168031e+01	
0.07125000	4.48631349e+01	
0.07283333	4.46395858e+01	
0.07441667	4.48521269e+01	
0.07600000	4.44531683e+01	
0.07758333	4.45128007e+01	
0.07916667	4.44868724e+01	
0.08075000	4.44484968e+01	
0.08233333	4.45077759e+01	
0.08391667	4.44515410e+01	
0.08550000	4.43207308e+01	
0.08708333	4.49367518e+01	
0.08866667	4.45199564e+01	
0.09025000	4.43510525e+01	
0.09183333	4.41892254e+01	
0.09341667	4.42303633e+01	
0.09500000	4.43189757e+01	
0.09658333	4.44440733e+01	
0.09816667	4.41410406e+01	
0.09975000	4.42832759e+01	
0.10133333	4.43580203e+01	
0.10291667	4.39877260e+01	
0.10450000	4.38922961e+01	
0.10608333	4.40544089e+01	
0.10766667	4.38123202e+01	
0.10925000	4.41109971e+01	
0.11083333	4.37936792e+01	
0.11241667	4.38197654e+01	
0.11400000	4.40013008e+01	
0.11558333	4.38835394e+01	
0.11716667	4.39718323e+01	
0.11875000	4.38308785e+01	
0.12033333	4.38708101e+01	
0.12191667	4.39193331e+01	
0.12350000	4.37410447e+01	
0.12508333	4.36241665e+01	
0.12666667	4.33910901e+01	
0.12825000	4.34299393e+01	
0.12983333	4.33169433e+01	
0.13141667	4.30408499e+01	
0.13300000	4.24731076e+01	
0.13458333	4.20399037e+01	
0.13616667	4.21446127e+01	
0.13775000	4.20373405e+01	
0.13933333	4.21619270e+01	
0.14091667	4.20987318e+01	
0.14250000	4.19694663e+01	
0.14408333	4.20101758e+01	
0.14566667	4.20489686e+01	
0.14725000	4.19011448e+01	
0.14883333	4.19653246e+01	
0.15041667	4.17982510e+01	
0.15200000	4.18314252e+01	
0.15358333	4.18792754e+01	
0.15516667	4.18075677e+01	
0.15675000	4.15505663e+01	
0.15833333	4.15425649e+01	
0.15991667	4.15931512e+01	
0.16150000	4.16697258e+01	
0.16308333	4.14221313e+01	
0.16466667	4.16296965e+01	
0.16625000	4.15746680e+01	
0.16783333	4.15008933e+01	
0.16941667	4.13990255e+01	
0.17100000	4.12946660e+01	
0.17258333	4.13724320e+01	
0.17416667	4.12170315e+01	
0.17575000	4.12571097e+01	
0.17733333	4.10544978e+01	
0.17891667	4.02679531e+01	
0.18050000	3.97939983e+01	
0.18208333	3.97650221e+01	
0.18366667	3.95320284e+01	
0.18525000	3.89336450e+01	
0.18683333	3.86596637e+01	
0.18841667	3.88862946e+01	
0.19000000	3.85889106e+01	
0.19158333	3.86851523e+01	
0.19316667	3.86892338e+01	
0.19475000	3.87419660e+01	
0.19633333	3.88752265e+01	
0.19791667	3.84952208e+01	
0.19950000	3.86001328e+01	
0.20108333	3.85241933e+01	
0.20266667	3.83954088e+01	
0.20425000	3.85457996e+01	
0.20583333	3.81522792e+01	
0.20741667	3.81167185e+01	
0.20900000	3.80989381e+01	
0.21058333	3.80052220e+01	
0.21216667	3.80053799e+01	
0.21375000	3.78701011e+01	
0.21533333	3.79952438e+01	
0.21691667	3.77879266e+01	
0.21850000	3.73297753e+01	
0.22008333	3.68970900e+01	
0.22166667	3.65552608e+01	
0.22325000	3.66210004e+01	
0.22483333	3.64895400e+01	
0.22641667	3.62936254e+01	
0.22800000	3.59990526e+01	
0.22958333	3.60400478e+01	
0.23116667	3.60612669e+01	
0.23275000	3.58841587e+01	
0.23433333	3.56025632e+01	
0.23591667	3.52680325e+01	
0.23750000	3.50977944e+01	
0.23908333	3.49146090e+01	
0.24066667	3.45398123e+01	
0.24225000	3.42719720e+01	
0.24383333	3.40359492e+01	
0.24541667	3.36893507e+01	
0.24700000	3.41459123e+01	
0.24858333	3.36774934e+01	
0.25016667	3.32325862e+01	
0.25175000	3.32375847e+01	
0.25333333	3.30947180e+01	
0.25491667	3.32368819e+01	
0.25650000	3.32613520e+01	
0.25808333	3.32138438e+01	
0.25966667	3.31288844e+01	
0.26125000	3.26700641e+01	
0.26283333	3.25828461e+01	
0.26441667	3.23387693e+01	
0.26600000	3.22221729e+01	
0.26758333	3.21721955e+01	
0.26916667	3.15517698e+01	
0.27075000	3.13420098e+01	
0.27233333	3.10376768e+01	
0.27391667	3.11018191e+01	
0.27550000	3.10104914e+01	
0.27708333	3.09170928e+01	
0.27866667	3.07448459e+01	
0.28025000	3.06136618e+01	
0.28183333	3.05857266e+01	
0.28341667	3.06321449e+01	
0.28500000	3.06466180e+01	
0.28658333	3.01926854e+01	
0.28816667	3.03006998e+01	
0.28975000	3.03977044e+01	
0.29133333	3.02939293e+01	
0.29291667	3.01895303e+01	
0.29450000	3.01836317e+01	
0.29608333	3.00615351e+01	
0.29766667	3.01263858e+01	
0.29925000	3.01065347e+01	
0.30083333	2.99732609e+01	
0.30241667	2.95999243e+01	
0.30400000	2.95507230e+01	
0.30558333	2.89137403e+01	
0.30716667	2.83729353e+01	
0.30875000	2.78877001e+01	
0.31033333	2.76480637e+01	
0.31191667	2.75733945e+01	
0.31350000	2.75590304e+01	
0.31508333	2.75798606e+01	
0.31666667	2.78227817e+01	
0.31825000	2.76054131e+01	
0.31983333	2.69659180e+01	
0.32141667	2.68152547e+01	
0.32300000	2.62973019e+01	
0.32458333	2.64944812e+01	
0.32616667	2.62047096e+01	
0.32775000	2.61547791e+01	
0.32933333	2.55943485e+01	
0.33091667	2.53439861e+01	
0.33250000	2.49730303e+01	
0.33408333	2.49707189e+01	
0.33566667	2.44194397e+01	
0.33725000	2.44793803e+01	
0.33883333	2.45496016e+01	
0.34041667	2.43461028e+01	
0.34200000	2.42549254e+01	
0.34358333	2.41813236e+01	
0.34516667	2.42054516e+01	
0.34675000	2.43536287e+01	
0.34833333	2.38176250e+01	
0.34991667	2.39003688e+01	
0.35150000	2.36863056e+01	
0.35308333	2.39611080e+01	
0.35466667	2.36872245e+01	
0.35625000	2.33517035e+01	
0.35783333	2.30716639e+01	
0.35941667	2.30684750e+01	
0.36100000	2.30932758e+01	
0.36258333	2.25749096e+01	
0.36416667	2.21518172e+01	
0.36575000	2.18597061e+01	
0.36733333	2.15109579e+01	
0.36891667	2.17944739e+01	
0.37050000	2.16041215e+01	
0.37208333	2.17044559e+01	
0.37366667	2.15758312e+01	
0.37525000	2.05990393e+01	
0.37683333	2.07093782e+01	
0.37841667	2.06208241e+01	
0.38000000	2.06725754e+01	
0.38158333	2.05831381e+01	
0.38316667	2.04825989e+01	
0.38475000	2.04447569e+01	
0.38633333	2.03585160e+01	
0.38791667	2.02444019e+01	
0.38950000	1.99581856e+01	
0.39108333	1.96883967e+01	
0.39266667	1.97779204e+01	
0.39425000	1.95377729e+01	
0.39583333	1.96533339e+01	
0.39741667	1.94929838e+01	
0.39900000	1.80933739e+01	
0.40058333	1.76636483e+01	
0.40216667	1.76533168e+01	
0.40375000	1.75538487e+01	
0.40533333	1.72785257e+01	
0.40691667	1.72240948e+01	
0.40850000	1.71386506e+01	
0.41008333	1.70260530e+01	
0.41166667	1.67583518e+01	
0.41325000	1.65956621e+01	
0.41483333	1.65281035e+01	
0.41641667	1.63999561e+01	
0.41800000	1.63562043e+01	
0.41958333	1.63978646e+01	
0.42116667	1.62461510e+01	
0.42275000	1.61119584e+01	
0.42433333	1.58907507e+01	
0.42591667	1.52786627e+01	
0.42750000	1.53765636e+01	
0.42908333	1.50851675e+01	
0.43066667	1.51767320e+01	
0.43225000	1.49553692e+01	
0.43383333	1.46625299e+01	
0.43541667	1.47430470e+01	
0.43700000	1.48523834e+01	
0.43858333	1.46800444e+01	
0.44016667	1.45765361e+01	
0.44175000	1.40515055e+01	
0.44333333	1.35070147e+01	
0.44491667	1.31100602e+01	
0.44650000	1.31175015e+01	
0.44808333	1.28266099e+01	
0.44966667	1.25614455e+01	
0.45125000	1.24215019e+01	
0.45283333	1.21925418e+01	
0.45441667	1.21893895e+01	
0.45600000	1.21379060e+01	
0.45758333	1.20719231e+01	
0.45916667	1.20218404e+01	
0.46075000	1.19291616e+01	
0.46233333	1.19821212e+01	
0.46391667	1.18895721e+01	
0.46550000	1.17530963e+01	
0.46708333	1.16523100e+01	
0.46866667	1.16240581e+01	
0.47025000	1.16276323e+01	
0.47183333	1.10939445e+01	
0.47341667	1.00069613e+01	
0.47500000	1.01691003e+01	
0.47658333	9.89914698e+00	
0.47816667	9.43448073e+00	
0.47975000	9.41597973e+00	
0.48133333	9.35742408e+00	
0.48291667	9.31010941e+00	
0.48450000	9.22857009e+00	
0.48608333	9.12950692e+00	
0.48766667	9.25180838e+00	
0.48925000	9.14983913e+00	
0.49083333	9.02967049e+00	
0.49241667	8.79961863e+00	
0.49400000	8.13399607e+00	
0.49558333	8.31794059e+00	
0.49716667	8.24791754e+00	
0.49875000	8.26071631e+00	
0.50033333	8.02306900e+00	
0.50191667	8.09516756e+00	
0.50350000	7.85965024e+00	
0.50508333	7.58378654e+00	
0.50666667	7.88767093e+00	
0.50825000	7.80950230e+00	
0.50983333	7.53738230e+00	
0.51141667	7.57139977e+00	
0.51300000	7.23346879e+00	
0.51458333	6.57113472e+00	
0.51616667	6.25360736e+00	
0.51775000	6.25933965e+00	
0.51933333	6.08447651e+00	
0.52091667	6.08556828e+00	
0.52250000	5.43496986e+00	
0.52408333	5.05565616e+00	
0.52566667	5.05508725e+00	
0.52725000	5.01550661e+00	
0.52883333	4.92834211e+00	
0.53041667	4.87751440e+00	
0.53200000	4.83516110e+00	
0.53358333	4.82620139e+00	
0.53516667	4.88847538e+00	
0.53675000	4.93383904e+00	
0.53833333	4.69645434e+00	
0.53991667	4.66452365e+00	
0.54150000	4.67375912e+00	
0.54308333	4.50358488e+00	
0.54466667	4.63726918e+00	
0.54625000	4.48586748e+00	
0.54783333	4.45804598e+00	
0.54941667	4.42979181e+00	
0.55100000	4.40082264e+00	
0.55258333	4.27606421e+00	
0.55416667	4.27739558e+00	
0.55575000	4.21803237e+00	
0.55733333	4.25756227e+00	
0.55891667	4.12395971e+00	
0.56050000	3.99531007e+00	
0.56208333	4.02197872e+00	
0.56366667	3.46418008e+00	
0.56525000	3.23665612e+00	
0.56683333	2.99050574e+00	
0.56841667	2.82824664e+00	
0.57000000	2.78320641e+00	
0.57158333	2.56811245e+00	
0.57316667	2.67076100e+00	
0.57475000	2.71811467e+00	
0.57633333	2.72570543e+00	
0.57791667	2.69793185e+00	
0.57950000	2.45781700e+00	
0.58108333	2.40148601e+00	
0.58266667	2.60478278e+00	
0.58425000	2.45645651e+00	
0.58583333	2.57417289e+00	
0.58741667	2.47374923e+00	
0.58900000	2.03260267e+00	
0.59058333	1.61567473e+00	
0.59216667	1.58638845e+00	
0.59375000	1.57126977e+00	
0.59533333	1.55737946e+00	
0.59691667	1.57538342e+00	
0.59850000	1.50478688e+00	
0.60008333	1.47451852e+00	
0.60166667	1.47200224e+00	
0.60325000	1.45795585e+00	
0.60483333	1.47899908e+00	
0.60641667	1.46754882e+00	
0.60800000	1.45189823e+00	
0.60958333	1.34848733e+00	
0.61116667	1.46869638e+00	
0.61275000	1.45723485e+00	
0.61433333	7.77928796e-01	
0.61591667	5.89154257e-01	
0.61750000	5.82959638e-01	
0.61908333	5.57560284e-01	
0.62066667	5.54162402e-01	
0.62225000	5.64262152e-01	
0.62383333	6.17981676e-01	
0.62541667	7.05036483e-01	
0.62700000	8.86673725e-01	
0.62858333	9.37746080e-01	
0.63016667	9.47193948e-01	
0.63175000	9.28879805e-01	
0.63333333	9.11778759e-01	
0.63491667	8.83286413e-01	
0.63650000	8.20469303e-01	
0.63808333	8.29911650e-01	
0.63966667	7.98426609e-01	
0.64125000	9.01115857e-01	
0.64283333	9.71715159e-01	
0.64441667	7.94358228e-01	
0.64600000	8.76414425e-01	
0.64758333	8.30843994e-01	
0.64916667	4.06144220e-01	
0.65075000	1.11931702e-02	
0.65233333	-3.11297821e-03	
0.65391667	4.07284401e-03	
0.65550000	5.64921021e-05	
0.65708333	-4.47582549e-05	
0.65866667	-7.88781684e-05	
0.66025000	-4.59519238e-05	
0.66183333	-7.29982272e-06	
0.66341667	3.64477830e-05	
0.66500000	1.49388339e-04	
0.66658333	3.84140149e-04	
0.66816667	3.59322388e-04	
0.66975000	2.24135640e-04	
0.67133333	1.63092436e-04	
0.67291667	1.27483339e-04	
0.67450000	1.26220295e-04	
0.67608333	1.33917452e-04	
0.67766667	1.34930408e-04	
0.67925000	1.46003529e-04	
0.68083333	1.66561014e-04	
0.68241667	1.55027529e-04	
0.68400000	1.19843507e-04	
0.68558333	9.16541821e-05	
0.68716667	7.43098974e-05	
0.68875000	6.40021663e-05	
0.69033333	5.56682755e-05	
0.69191667	4.83575588e-05	
0.69350000	4.61642495e-05	
0.69508333	4.77481547e-05	
0.69666667	4.97844992e-05	
0.69825000	5.20134745e-05	
0.69983333	5.29703487e-05	
0.70141667	5.07171086e-05	
0.70300000	4.54726892e-05	
0.70458333	3.91957412e-05	
0.70616667	3.35731857e-05	
0.70775000	2.90053591e-05	
0.70933333	2.36166181e-05	
0.71091667	1.93158850e-05	
0.71250000	1.53936912e-05	
0.71408333	1.24490979e-05	
0.71566667	9.76555512e-06	
0.71725000	7.14616392e-06	
0.71883333	5.53889269e-06	
0.72041667	4.40194894e-06	
0.72200000	3.61874641e-06	
0.72358333	2.80260633e-06	
0.72516667	2.46309132e-06	
0.72675000	2.21997254e-06	
0.72833333	1.92102306e-06	
0.72991667	2.22559676e-06	
0.73150000	2.11541652e-06	
0.73308333	2.00885337e-06	
0.73466667	1.93497172e-06	
0.73625000	1.45326308e-06	
0.73783333	1.21860897e-06	
0.73941667	1.21567712e-06	
0.74100000	1.31140166e-06	
0.74258333	1.14403434e-06	
0.74416667	1.10320481e-06	
0.74575000	9.77633403e-07	
0.74733333	9.84358745e-07	
0.74891667	9.82588729e-07	
0.75050000	1.04489858e-06	
0.75208333	9.39297555e-07	
0.75366667	1.06261554e-06	
0.75525000	8.31914193e-07	
0.75683333	6.68006206e-07	
0.75841667	4.83364577e-07	
0.76000000	4.51559686e-07	
0.76158333	6.40696693e-07	
0.76316667	3.18650350e-07	
0.76475000	4.59197589e-07	
0.76633333	4.67323973e-07	
0.76791667	5.16983221e-07	
0.76950000	8.35840921e-07	
0.77108333	7.10268502e-07	
0.77266667	8.85964458e-07	
0.77425000	8.50188485e-07	
0.77583333	5.06516016e-07	
0.77741667	4.05278761e-07	
0.77900000	3.39572273e-07	
0.78058333	5.25062704e-07	
0.78216667	3.52000911e-07	
0.78375000	3.47878342e-07	
0.78533333	4.63659505e-07	
0.78691667	4.88291398e-07	
0.78850000	6.57461941e-07	
0.79008333	5.46193236e-07	
0.79166667	5.76139012e-07	
0.79325000	8.03861918e-07	
0.79483333	6.90303326e-07	
0.79641667	5.19793428e-07	
0.79800000	3.86439824e-07	
0.79958333	1.81358944e-07	
0.80116667	2.77461454e-07	
0.80275000	8.62497851e-08	
0.80433333	2.36462210e-07	
0.80591667	4.38102730e-07	
0.80750000	6.45319644e-07	
0.80908333	7.05687049e-07	
0.81066667	6.59063053e-07	
0.81225000	6.42122853e-07	
0.81383333	6.19912760e-07	
0.81541667	4.96759594e-07	
0.81700000	2.89179532e-07	
0.81858333	1.84685759e-07	
0.82016667	3.13326611e-07	
0.82175000	2.26342206e-07	
0.82333333	3.20818767e-07	
0.82491667	5.28215533e-07	
0.82650000	4.80599789e-07	
0.82808333	6.95315887e-07	
0.82966667	6.86328772e-07	
0.83125000	7.36627037e-07	
0.83283333	7.45700620e-07	
0.83441667	6.57547737e-07	
0.83600000	5.75747274e-07	
0.83758333	2.97856589e-07	
0.83916667	3.09393863e-07	
0.84075000	3.38735175e-07	
0.84233333	2.12643431e-07	
0.84391667	2.53954455e-07	
0.84550000	2.17828130e-07	
0.84708333	5.56865971e-07	
0.84866667	8.36141990e-07	
0.85025000	6.03146000e-07	
0.85183333	6.97736260e-07	
0.85341667	7.37007350e-07	
0.85500000	7.55577391e-07	
0.85658333	4.58137209e-07	
0.85816667	3.10215168e-07	
0.85975000	2.39011333e-07	
0.86133333	2.72275481e-07	
0.86291667	2.12642535e-07	
0.86450000	1.41232695e-07	
0.86608333	2.76422215e-07	
0.86766667	6.51369763e-07	
0.86925000	4.63269727e-07	
0.87083333	5.62009466e-07	
0.87241667	5.51291817e-07	
0.87400000	6.93460300e-07	
0.87558333	6.46953517e-07	
0.87716667	4.24768420e-07	
0.87875000	3.62198800e-07	
0.88033333	5.05010780e-07	
0.88191667	6.51975207e-07	
0.88350000	5.40315940e-07	
0.88508333	3.71966142e-07	
0.88666667	6.65368544e-07	
0.88825000	7.13508472e-07	
0.88983333	6.92377267e-07	
0.89141667	7.09837843e-07	
0.89300000	6.97302688e-07	
0.89458333	8.19027790e-07	
0.89616667	5.69188092e-07	
0.89775000	9.84540487e-08	
0.89933333	2.13767514e-07	
0.90091667	2.40057768e-07	
0.90250000	4.13058462e-07	
0.90408333	2.40169577e-07	
0.90566667	3.77323343e-07	
0.90725000	8.29531566e-07	
0.90883333	5.93812285e-07	
0.91041667	6.65845629e-07	
0.91200000	5.60150462e-07	
0.91358333	6.42468668e-07	
0.91516667	5.54066573e-07	
0.91675000	4.41839834e-07	
0.91833333	2.27007516e-07	
0.91991667	2.82516297e-07	
0.92150000	3.04382310e-07	
0.92308333	3.17552757e-07	
0.92466667	2.95349693e-07	
0.92625000	6.65286388e-07	
0.92783333	5.41105408e-07	
0.92941667	5.62786109e-07	
0.93100000	6.48258040e-07	
0.93258333	6.15764150e-07	
0.93416667	7.72578858e-07	
0.93575000	5.40401624e-07	
0.93733333	3.75992107e-07	
0.93891667	3.18684568e-07	
0.94050000	3.41024978e-07	
0.94208333	4.16151005e-07	
0.94366667	2.06593270e-07	
0.94525000	2.87009742e-07	
0.94683333	4.84737535e-07	
0.94841667	6.52104908e-07	
0.95000000	7.37924223e-07	
0.95158333	5.58161757e-07	
0.95316667	8.13974068e-07	
0.95475000	7.48207853e-07	
0.95633333	5.28216597e-07	
0.95791667	4.82629880e-07	
0.95950000	2.90942575e-07	
0.96108333	3.12289109e-07	
0.96266667	2.44965520e-07	
0.96425000	1.78247472e-07	
0.96583333	2.98953958e-07	
0.96741667	4.87641153e-07	
0.96900000	6.57593547e-07	
0.97058333	6.82569043e-07	
0.97216667	6.83475332e-07	
0.97375000	8.37136987e-07	
0.97533333	7.64628069e-07	
0.97691667	6.11519551e-07	
0.97850000	6.94755918e-07	
0.98008333	4.18719364e-07	
0.98166667	3.83588848e-07	
0.98325000	1.75524308e-07	
0.98483333	2.22927215e-07	
0.98641667	2.82861860e-07	
0.98800000	5.49649599e-07	
0.98958333	6.41865017e-07	
0.99116667	5.27740968e-07	
0.99275000	6.03232692e-07	
0.99433333	5.39020770e-07	
0.99591667	4.96414002e-07	
0.99750000	2.54514312e-07	
0.99908333	1.75265548e-07	
1.00066667	3.40290477e-07	
1.00225000	3.79440294e-07	
1.00383333	2.19132975e-07	
1.00541667	3.37964777e-07	
1.00700000	2.53133150e-07	
1.00858333	4.81246170e-07	
1.01016667	5.21173105e-07	
1.01175000	5.25276466e-07	
1.01333333	4.98789797e-07	
1.01491667	6.26177929e-07	
1.01650000	7.35587574e-07	
1.01808333	5.10112273e-07	
1.01966667	2.36583400e-07	
1.02125000	3.22530680e-07	
1.02283333	3.15139665e-07	
1.02441667	4.71046768e-07	
1.02600000	5.05625464e-07	
1.02758333	6.41576436e-07	
1.02916667	7.11000903e-07	
1.03075000	6.57896184e-07	
1.03233333	8.36400890e-07	
1.03391667	7.18823502e-07	
1.03550000	5.98564490e-07	
1.03708333	3.03301377e-07	
1.03866667	1.51853852e-07	
1.04025000	2.97554259e-07	
1.04183333	2.99325591e-07	
1.04341667	3.50098953e-07	
1.04500000	3.61896667e-07	
1.04658333	3.24526946e-07	
1.04816667	5.37982820e-07	
1.04975000	4.74764439e-07	
1.05133333	4.84487259e-07	
1.05291667	5.58854172e-07	
1.05450000	6.55735551e-07	
1.05608333	5.77738500e-07	
1.05766667	2.81306922e-07	
1.05925000	3.12202641e-07	
1.06083333	3.33203527e-07	
1.06241667	3.49278908e-07	
1.06400000	3.89638099e-07	
1.06558333	3.51594024e-07	
1.06716667	8.31911056e-07	
1.06875000	6.11226490e-07	
1.07033333	6.93242226e-07	
1.07191667	6.38148018e-07	
1.07350000	5.60713456e-07	
1.07508333	6.27025471e-07	
1.07666667	3.71575049e-07	
1.07825000	2.21752856e-07	
1.07983333	3.05893846e-07	
1.08141667	4.31466460e-07	
1.08300000	4.20232468e-07	
1.08458333	3.85749593e-07	
1.08616667	3.25028784e-07	
1.08775000	1.38404414e-07	
1.08933333	6.15418278e-07	
1.09091667	5.27050793e-07	
1.09250000	4.03197680e-07	
1.09408333	5.60369096e-07	
1.09566667	5.21304599e-07	
1.09725000	4.51386890e-07	
1.09883333	3.73345736e-07	
1.10041667	2.26281037e-07	
1.10200000	3.72656653e-07	
1.10358333	3.46383158e-07	
1.10516667	2.49450229e-07	
1.10675000	6.77038459e-07	
1.10833333	7.70847821e-07	
1.10991667	7.72151727e-07	
1.11150000	5.48743031e-07	
1.11308333	4.76666060e-07	
1.11466667	6.72155152e-07	
1.11625000	4.10465210e-07	
1.11783333	2.44957595e-07	
1.11941667	1.07052752e-07	
1.12100000	3.24691481e-07	
1.12258333	6.21596756e-07	
1.12416667	2.20594696e-07	
1.12575000	2.06101820e-07	
1.12733333	5.96535967e-07	
1.12891667	6.84071815e-07	
1.13050000	7.60436393e-07	
1.13208333	5.72768053e-07	
1.13366667	7.32259849e-07	
1.13525000	7.17613624e-07	
1.13683333	4.06680476e-07	
1.13841667	4.15227944e-07	
1.14000000	1.33687365e-07	
1.14158333	3.73951095e-07	
1.14316667	1.79621634e-07	
1.14475000	3.47826035e-07	
1.14633333	5.23931565e-07	
1.14791667	4.23539809e-07	
1.14950000	7.00199194e-07	
1.15108333	6.35598504e-07	
1.15266667	5.57860968e-07	
1.15425000	6.97648840e-07	
1.15583333	5.61143611e-07	
1.15741667	2.34561037e-07	
1.15900000	7.79962958e-08	
1.16058333	1.25140219e-07	
1.16216667	3.29877678e-07	
1.16375000	1.89137189e-07	
1.16533333	3.60193070e-07	
1.16691667	4.92655002e-07	
1.16850000	7.53219182e-07	
1.17008333	7.32693589e-07	
1.17166667	6.19480701e-07	
1.17325000	6.52742385e-07	
1.17483333	5.35736335e-07	
1.17641667	4.92308346e-07	
1.17800000	2.48760110e-07	
1.17958333	2.35805161e-07	
1.18116667	3.37317584e-07	
1.18275000	3.71142905e-07	
1.18433333	2.69467571e-07	
1.18591667	3.17085696e-07	
1.18750000	7.11132957e-07	
1.18908333	4.86267691e-07	
1.19066667	5.09161014e-07	
1.19225000	5.99043368e-07	
1.19383333	6.88487893e-07	
1.19541667	7.03657070e-07	
1.19700000	6.49641134e-07	
1.19858333	4.49856509e-07	
1.20016667	2.21026686e-07	
1.20175000	2.74348778e-07	
1.20333333	1.04830453e-07	
1.20491667	2.49286478e-07	
1.20650000	3.99619819e-07	
1.20808333	5.07042719e-07	
1.20966667	5.58465291e-07	
1.21125000	4.13534428e-07	
1.21283333	6.80711272e-07	
1.21441667	5.71860756e-07	
1.21600000	5.39756195e-07	
1.21758333	3.14405976e-07	
1.21916667	2.24587143e-07	
1.22075000	2.99628369e-07	
1.22233333	2.34206205e-07	
1.22391667	1.97994896e-07	
1.22550000	2.38223013e-07	
1.22708333	3.79914327e-07	
1.22866667	6.86546230e-07	
1.23025000	6.05220277e-07	
1.23183333	6.06559073e-07	
1.23341667	5.54359915e-07	
1.23500000	4.84745375e-07	
1.23658333	4.22954218e-07	
1.23816667	1.60090169e-07	
1.23975000	2.99238731e-07	
1.24133333	3.80952082e-07	
1.24291667	3.89855221e-07	
@ 
0.00000000	3.81212773e-07	
0.00158333	3.72223502e-07	
0.00316667	6.58586975e-07	
0.00475000	7.63201909e-07	
0.00633333	6.60659852e-07	
0.00791667	6.83953145e-07	
0.00950000	5.13742860e-07	
0.01108333	4.83104389e-07	
0.01266667	2.56805711e-07	
0.01425000	-7.26088002e-10	
0.01583333	2.00804234e-07	
0.01741667	1.15512785e-07	
0.01900000	1.98340922e-07	
0.02058333	7.77812181e-08	
0.02216667	2.74133393e-07	
0.02375000	4.47281906e-07	
0.02533333	4.34404772e-07	
0.02691667	4.78411827e-07	
0.02850000	3.54333975e-07	
0.03008333	4.07095203e-07	
0.03166667	2.76207754e-07	
0.03325000	3.45217550e-07	
0.03483333	-8.74572080e-09	
0.03641667	5.91930067e-09	
0.03800000	7.65791242e-08	
0.03958333	4.56311030e-08	
0.04116667	-7.02188698e-08	
0.04275000	4.42296814e-07	
0.04433333	3.59605940e-07	
0.04591667	5.31588117e-07	
0.04750000	5.18970303e-07	
0.04908333	5.28908845e-07	
0.05066667	6.23661960e-07	
0.05225000	4.28830562e-07	
0.05383333	-3.02477587e-08	
0.05541667	8.41499919e-08	
0.05700000	9.66636974e-08	
0.05858333	3.78921851e-07	
0.06016667	1.48214837e-07	
0.06175000	3.64144551e-07	
0.06333333	4.88894321e-07	
0.06491667	4.55967616e-07	
0.06650000	4.31380440e-07	
0.06808333	3.94183935e-07	
0.06966667	5.76700829e-07	
0.07125000	4.74264337e-07	
0.07283333	1.05428798e-07	
0.07441667	-2.49932110e-08	
0.07600000	4.28221710e-08	
0.07758333	4.12767641e-08	
0.07916667	1.71203658e-07	
0.08075000	-6.02328027e-09	
0.08233333	3.81166655e-07	
0.08391667	3.75938429e-07	
0.08550000	4.53850637e-07	
0.08708333	4.45553836e-07	
0.08866667	2.96300195e-07	
0.09025000	4.69925486e-07	
0.09183333	3.79744863e-07	
0.09341667	4.96197441e-07	
0.09500000	-2.71541712e-08	
0.09658333	1.62996381e-08	
0.09816667	6.12828358e-08	
0.09975000	-5.19569088e-08	
0.10133333	-6.59341954e-09	
0.10291667	2.55180826e-07	
0.10450000	5.46581110e-07	
0.10608333	5.29556906e-07	
0.10766667	3.41284522e-07	
0.10925000	4.74332156e-07	
0.11083333	4.88427428e-07	
0.11241667	2.74325621e-07	
0.11400000	3.56753760e-07	
0.11558333	4.14826329e-08	
0.11716667	1.71808793e-07	
0.11875000	2.78022113e-08	
0.12033333	6.39014713e-08	
0.12191667	3.39218813e-07	
0.12350000	6.55387832e-07	
0.12508333	5.05574894e-07	
0.12666667	5.73589833e-07	
0.12825000	3.72958479e-07	
0.12983333	5.49995583e-07	
0.13141667	3.93958329e-07	
0.13300000	1.30791671e-07	
0.13458333	1.46529455e-07	
0.13616667	1.58154404e-08	
0.13775000	1.78463698e-07	
0.13933333	1.19488306e-07	
0.14091667	1.05850539e-07	
0.14250000	1.56944228e-07	
0.14408333	4.09903393e-07	
0.14566667	4.65647370e-07	
0.14725000	3.58785335e-07	
0.14883333	4.77402885e-07	
0.15041667	4.88982861e-07	
0.15200000	3.37093602e-07	
0.15358333	4.44645252e-07	
0.15516667	4.73934076e-08	
0.15675000	7.97771687e-08	
0.15833333	8.14792320e-08	
0.15991667	9.60597593e-08	
0.16150000	2.49504187e-07	
0.16308333	1.66960236e-07	
0.16466667	3.68896253e-07	
0.16625000	3.95385133e-07	
0.16783333	3.92879049e-07	
0.16941667	4.20878821e-07	
0.17100000	3.72050734e-07	
0.17258333	2.53115285e-07	
0.17416667	-7.03479766e-08	
0.17575000	8.61566109e-09	
0.17733333	8.30956046e-08	
0.17891667	5.22516431e-08	
0.18050000	1.27473760e-07	
0.18208333	1.98297170e-07	
0.18366667	3.64056375e-07	
0.18525000	3.97934004e-07	
0.18683333	2.53348592e-07	
0.18841667	3.27801441e-07	
0.19000000	3.77642725e-07	
0.19158333	4.25756248e-07	
0.19316667	1.77814657e-07	
0.19475000	9.39851392e-08	
0.19633333	5.05571575e-08	
0.19791667	7.59401705e-08	
0.19950000	1.20473460e-07	
0.20108333	-9.39266708e-09	
0.20266667	3.35882687e-07	
0.20425000	2.38570341e-07	
0.20583333	4.92265168e-07	
0.20741667	5.00994504e-07	
0.20900000	5.28216317e-07	
0.21058333	5.25150572e-07	
0.21216667	4.32874055e-07	
0.21375000	-4.83978048e-09	
0.21533333	1.22503817e-07	
0.21691667	1.11874071e-07	
0.21850000	8.46248442e-08	
0.22008333	8.53177703e-08	
0.22166667	2.20413766e-07	
0.22325000	3.04320063e-07	
0.22483333	4.12324073e-07	
0.22641667	3.50574555e-07	
0.22800000	5.09246922e-07	
0.22958333	3.54766539e-07	
0.23116667	4.63616579e-07	
0.23275000	3.55900030e-08	
0.23433333	-1.68308384e-07	
0.23591667	1.97560292e-08	
0.23750000	9.57996696e-08	
0.23908333	9.76322608e-08	
0.24066667	1.17034534e-07	
0.24225000	2.27708345e-07	
0.24383333	3.61187367e-07	
0.24541667	3.16697122e-07	
0.24700000	4.63184127e-07	
0.24858333	5.07000830e-07	
0.25016667	4.54110124e-07	
0.25175000	3.60442925e-07	
0.25333333	-2.44754730e-08	
0.25491667	-1.14933684e-07	
0.25650000	-3.80957934e-08	
0.25808333	-4.46377969e-08	
0.25966667	1.18232934e-08	
0.26125000	1.24734327e-07	
0.26283333	1.86362362e-07	
0.26441667	4.55811089e-07	
0.26600000	5.20828578e-07	
0.26758333	4.78999965e-07	
0.26916667	3.18426228e-07	
0.27075000	3.76821476e-07	
0.27233333	1.96810303e-07	
0.27391667	3.40418891e-07	
0.27550000	-4.01433678e-08	
0.27708333	1.31707384e-08	
0.27866667	4.74030785e-08	
0.28025000	2.67581687e-08	
0.28183333	7.63372563e-08	
0.28341667	4.51304006e-07	
0.28500000	3.58784327e-07	
0.28658333	4.60332507e-07	
0.28816667	4.66140360e-07	
0.28975000	4.31121317e-07	
0.29133333	3.50506175e-07	
0.29291667	1.59121522e-07	
0.29450000	3.70496559e-08	
0.29608333	-2.22112039e-08	
0.29766667	7.38050047e-08	
0.29925000	1.77685977e-07	
0.30083333	1.00164029e-07	
0.30241667	2.85282681e-07	
0.30400000	4.46286125e-07	
0.30558333	5.49909843e-07	
0.30716667	4.38770224e-07	
0.30875000	3.71704723e-07	
0.31033333	3.63747578e-07	
0.31191667	3.02652280e-07	
0.31350000	2.87744131e-07	
0.31508333	1.69735426e-07	
0.31666667	-4.04206432e-08	
0.31825000	-2.57114519e-08	
0.31983333	-1.22107053e-07	
0.32141667	3.03949823e-08	
0.32300000	3.06205024e-07	
0.32458333	3.38475268e-07	
0.32616667	3.74427649e-07	
0.32775000	3.09006353e-07	
0.32933333	3.37005286e-07	
0.33091667	3.69353681e-07	
0.33250000	2.00495699e-08	
0.33408333	-1.77431221e-08	
0.33566667	-1.48218001e-08	
0.33725000	4.60112691e-08	
0.33883333	5.90104428e-08	
0.34041667	2.12602672e-08	
0.34200000	1.38752736e-07	
0.34358333	3.50400695e-07	
0.34516667	5.67410796e-07	
0.34675000	3.81255167e-07	
0.34833333	4.62579496e-07	
0.34991667	4.66069937e-07	
0.35150000	2.52141010e-07	
0.35308333	1.33955337e-07	
0.35466667	-2.63659831e-07	
0.35625000	-9.35355580e-08	
0.35783333	1.40021725e-07	
0.35941667	-2.90815117e-08	
0.36100000	6.15765760e-08	
0.36258333	1.96776842e-07	
0.36416667	5.18753797e-07	
0.36575000	4.52423385e-07	
0.36733333	3.02954722e-07	
0.36891667	2.86587791e-07	
0.37050000	2.03137131e-07	
0.37208333	2.62050822e-07	
0.37366667	4.19834878e-08	
0.37525000	2.51149692e-08	
0.37683333	3.62109343e-08	
0.37841667	4.39034185e-08	
0.38000000	-1.00341164e-08	
0.38158333	2.14422544e-08	
0.38316667	1.40178462e-07	
0.38475000	1.01312907e-07	
0.38633333	3.69241676e-07	
0.38791667	4.77581197e-07	
0.38950000	5.06179889e-07	
0.39108333	5.30808730e-07	
0.39266667	3.79121219e-07	
0.39425000	2.10261522e-08	
0.39583333	1.06455884e-07	
0.39741667	3.18374041e-08	
0.39900000	4.88335743e-09	
0.40058333	6.23969778e-08	
0.40216667	1.16498065e-07	
0.40375000	1.55898143e-07	
0.40533333	4.08434783e-07	
0.40691667	3.93397576e-07	
0.40850000	4.62882666e-07	
0.41008333	3.83934635e-07	
0.41166667	3.04986241e-07	
0.41325000	2.35632113e-07	
0.41483333	8.44622269e-08	
0.41641667	1.79759470e-07	
0.41800000	3.77928198e-08	
0.41958333	-8.55327849e-08	
0.42116667	-1.28036627e-07	
0.42275000	8.83242862e-08	
0.42433333	2.30127038e-07	
0.42591667	3.88686813e-07	
0.42750000	5.37724312e-07	
0.42908333	5.04452099e-07	
0.43066667	5.83055042e-07	
0.43225000	4.08373852e-07	
0.43383333	1.04803880e-07	
0.43541667	-8.98805593e-09	
0.43700000	-2.16056837e-08	
0.43858333	6.64421093e-08	
0.44016667	1.58456688e-07	
0.44175000	1.32693516e-07	
0.44333333	3.95826713e-07	
0.44491667	4.42528469e-07	
0.44650000	6.08461254e-07	
0.44808333	6.49856408e-07	
0.44966667	5.85776204e-07	
0.45125000	8.19506276e-07	
0.45283333	7.36369705e-07	
0.45441667	8.94868073e-07	
0.45600000	5.82533547e-07	
0.45758333	5.37162439e-07	
0.45916667	7.81826049e-07	
0.46075000	7.39523823e-07	
0.46233333	1.10256773e-06	
0.46391667	1.37287237e-06	
0.46550000	1.65543820e-06	
0.46708333	1.87605226e-06	
0.46866667	2.01412926e-06	
0.47025000	2.28413171e-06	
0.47183333	2.49521615e-06	
0.47341667	2.79193472e-06	
0.47500000	3.64653396e-06	
0.47658333	5.21027174e-06	
0.47816667	7.35501118e-06	
0.47975000	9.93229565e-06	
0.48133333	1.35389211e-05	
0.48291667	1.89611946e-05	
0.48450000	2.69073598e-05	
0.48608333	3.77730050e-05	
0.48766667	5.48880467e-05	
0.48925000	8.55792876e-05	
0.49083333	1.34670943e-04	
0.49241667	1.88849405e-04	
0.49400000	2.34561735e-04	
0.49558333	2.11052722e-04	
0.49716667	1.81530262e-04	
0.49875000	1.96164219e-04	
0.50033333	2.90092314e-04	
0.50191667	4.36015716e-04	
0.50350000	4.24770541e-04	
0.50508333	4.24228271e-04	
0.50666667	7.74356226e-04	
0.50825000	1.06266492e-03	
0.50983333	6.66619333e-04	
0.51141667	1.52158443e-03	
0.51300000	1.57126067e-03	
0.51458333	1.83521123e-03	
0.51616667	1.93560030e-03	
0.51775000	1.31530651e-03	
0.51933333	1.90198133e-03	
0.52091667	1.58844812e-03	
0.52250000	2.03515969e-03	
0.52408333	3.62216233e-03	
0.52566667	7.50159057e-03	
0.52725000	1.28339897e-02	
0.52883333	1.72664770e-02	
0.53041667	1.84100429e-02	
0.53200000	2.77445639e-02	
0.53358333	3.02859236e-02	
0.53516667	3.97693622e-02	
0.53675000	8.20681469e-02	
0.53833333	1.28135638e-01	
0.53991667	1.09215240e-01	
0.54150000	2.87478911e-01	
0.54308333	3.75895648e-01	
0.54466667	1.15885068e+00	
0.54625000	1.29975556e+00	
0.54783333	1.36332461e+00	
0.54941667	1.33978272e+00	
0.55100000	1.54702003e+00	
0.55258333	1.80591317e+00	
0.55416667	2.48515627e+00	
0.55575000	3.51980545e+00	
0.55733333	5.42771782e+00	
0.55891667	5.91935854e+00	
0.56050000	6.44253346e+00	
0.56208333	7.19345079e+00	
0.56366667	7.34503054e+00	
0.56525000	7.46172326e+00	
0.56683333	7.89622756e+00	
0.56841667	9.02348157e+00	
0.57000000	1.04009853e+01	
0.57158333	1.17235441e+01	
0.57316667	1.23780920e+01	
0.57475000	1.27801878e+01	
0.57633333	1.29512603e+01	
0.57791667	1.30446833e+01	
0.57950000	1.37112379e+01	
0.58108333	1.53228881e+01	
0.58266667	1.65319614e+01	
0.58425000	1.66728719e+01	
0.58583333	1.71130155e+01	
0.58741667	1.75160443e+01	
0.58900000	1.88953708e+01	
0.59058333	1.97006204e+01	
0.59216667	2.01481997e+01	
0.59375000	2.14325981e+01	
0.59533333	2.19196147e+01	
0.59691667	2.25786697e+01	
0.59850000	2.27315052e+01	
0.60008333	2.35389402e+01	
0.60166667	2.39013140e+01	
0.60325000	2.44000377e+01	
0.60483333	2.48719142e+01	
0.60641667	2.58262541e+01	
0.60800000	2.68979366e+01	
0.60958333	2.68114176e+01	
0.61116667	2.74336791e+01	
0.61275000	2.81447203e+01	
0.61433333	2.86450751e+01	
0.61591667	2.86503817e+01	
0.61750000	2.93260276e+01	
0.61908333	2.94474552e+01	
0.62066667	3.00302269e+01	
0.62225000	3.04985687e+01	
0.62383333	3.12536680e+01	
0.62541667	3.14618045e+01	
0.62700000	3.16265330e+01	
0.62858333	3.19252625e+01	
0.63016667	3.23067489e+01	
0.63175000	3.27566997e+01	
