start voltage : 0.00 V 
set voltage : 0.10 V 
High G : 30.00 G0 
Intermediate G : 20.00 G0 
Low G : 10.00 G0 
Breaking speed 1 : 300.00 V/s 
Breaking speed 2 : 300.00 V/s 
Making speed : 500.00 V/s 
Post breaking : 230.00 V/s 
@ 
0.00000000	3.72147837e+01	
0.00158333	3.76067294e+01	
0.00316667	3.76486904e+01	
0.00475000	3.74302563e+01	
0.00633333	3.74277045e+01	
0.00791667	3.76278997e+01	
0.00950000	3.75183087e+01	
0.01108333	3.77153170e+01	
0.01266667	3.75699736e+01	
0.01425000	3.76539595e+01	
0.01583333	3.73974241e+01	
0.01741667	3.72533773e+01	
0.01900000	3.76301133e+01	
0.02058333	3.73397949e+01	
0.02216667	3.74125737e+01	
0.02375000	3.74534674e+01	
0.02533333	3.74629044e+01	
0.02691667	3.75001600e+01	
0.02850000	3.71039487e+01	
0.03008333	3.73462892e+01	
0.03166667	3.73195641e+01	
0.03325000	3.73420649e+01	
0.03483333	3.74115853e+01	
0.03641667	3.72073724e+01	
0.03800000	3.73844431e+01	
0.03958333	3.74419934e+01	
0.04116667	3.72565380e+01	
0.04275000	3.72299107e+01	
0.04433333	3.72117245e+01	
0.04591667	3.72693011e+01	
0.04750000	3.72002994e+01	
0.04908333	3.70034038e+01	
0.05066667	3.72311923e+01	
0.05225000	3.70869087e+01	
0.05383333	3.71741381e+01	
0.05541667	3.69657874e+01	
0.05700000	3.69714999e+01	
0.05858333	3.70886488e+01	
0.06016667	3.71867884e+01	
0.06175000	3.70705716e+01	
0.06333333	3.70540803e+01	
0.06491667	3.69342367e+01	
0.06650000	3.72234089e+01	
0.06808333	3.69450004e+01	
0.06966667	3.70355408e+01	
0.07125000	3.69257844e+01	
0.07283333	3.68993713e+01	
0.07441667	3.68634010e+01	
0.07600000	3.69014534e+01	
0.07758333	3.69414714e+01	
0.07916667	3.70142239e+01	
0.08075000	3.69109054e+01	
0.08233333	3.68739767e+01	
0.08391667	3.67251156e+01	
0.08550000	3.67056478e+01	
0.08708333	3.65864168e+01	
0.08866667	3.63743981e+01	
0.09025000	3.64396603e+01	
0.09183333	3.62509578e+01	
0.09341667	3.64718649e+01	
0.09500000	3.62590306e+01	
0.09658333	3.64422347e+01	
0.09816667	3.62042840e+01	
0.09975000	3.62535323e+01	
0.10133333	3.63214855e+01	
0.10291667	3.61998642e+01	
0.10450000	3.63119056e+01	
0.10608333	3.62852708e+01	
0.10766667	3.63056556e+01	
0.10925000	3.63457601e+01	
0.11083333	3.60195352e+01	
0.11241667	3.60744058e+01	
0.11400000	3.56685057e+01	
0.11558333	3.53410293e+01	
0.11716667	3.54042846e+01	
0.11875000	3.52154468e+01	
0.12033333	3.51651988e+01	
0.12191667	3.52981400e+01	
0.12350000	3.52952837e+01	
0.12508333	3.52518757e+01	
0.12666667	3.51676154e+01	
0.12825000	3.52207197e+01	
0.12983333	3.47041875e+01	
0.13141667	3.45366328e+01	
0.13300000	3.45689050e+01	
0.13458333	3.43019028e+01	
0.13616667	3.39322812e+01	
0.13775000	3.38414327e+01	
0.13933333	3.39723857e+01	
0.14091667	3.39815220e+01	
0.14250000	3.36590178e+01	
0.14408333	3.37388583e+01	
0.14566667	3.37527188e+01	
0.14725000	3.36392681e+01	
0.14883333	3.34373102e+01	
0.15041667	3.33034709e+01	
0.15200000	3.34445787e+01	
0.15358333	3.33097810e+01	
0.15516667	3.33193570e+01	
0.15675000	3.33778807e+01	
0.15833333	3.30758440e+01	
0.15991667	3.33427447e+01	
0.16150000	3.32079997e+01	
0.16308333	3.24204853e+01	
0.16466667	3.10875226e+01	
0.16625000	3.07851571e+01	
0.16783333	3.10919292e+01	
0.16941667	3.07102924e+01	
0.17100000	3.08080036e+01	
0.17258333	3.08883872e+01	
0.17416667	3.07323610e+01	
0.17575000	3.08555963e+01	
0.17733333	3.06056417e+01	
0.17891667	3.05496755e+01	
0.18050000	3.06289429e+01	
0.18208333	3.04496793e+01	
0.18366667	3.05424840e+01	
0.18525000	3.03675123e+01	
0.18683333	3.03531126e+01	
0.18841667	2.95304772e+01	
0.19000000	2.94943227e+01	
0.19158333	2.96677910e+01	
0.19316667	2.94409572e+01	
0.19475000	2.93532393e+01	
0.19633333	2.92496540e+01	
0.19791667	2.84193330e+01	
0.19950000	2.84184742e+01	
0.20108333	2.81431794e+01	
0.20266667	2.81127751e+01	
0.20425000	2.79057623e+01	
0.20583333	2.79388783e+01	
0.20741667	2.79209852e+01	
0.20900000	2.74077753e+01	
0.21058333	2.76104454e+01	
0.21216667	2.74007549e+01	
0.21375000	2.70462659e+01	
0.21533333	2.73240900e+01	
0.21691667	2.69069714e+01	
0.21850000	2.70326986e+01	
0.22008333	2.56194819e+01	
0.22166667	2.52771566e+01	
0.22325000	2.53343292e+01	
0.22483333	2.51692418e+01	
0.22641667	2.52447566e+01	
0.22800000	2.50700349e+01	
0.22958333	2.46056787e+01	
0.23116667	2.48592263e+01	
0.23275000	2.46432500e+01	
0.23433333	2.47284067e+01	
0.23591667	2.46367069e+01	
0.23750000	2.44798463e+01	
0.23908333	2.38655278e+01	
0.24066667	2.33673623e+01	
0.24225000	2.34409867e+01	
0.24383333	2.32187774e+01	
0.24541667	2.33190761e+01	
0.24700000	2.32762112e+01	
0.24858333	2.30784757e+01	
0.25016667	2.31897955e+01	
0.25175000	2.30262997e+01	
0.25333333	2.30463125e+01	
0.25491667	2.30330158e+01	
0.25650000	2.30135066e+01	
0.25808333	2.31411448e+01	
0.25966667	2.28792783e+01	
0.26125000	2.28873792e+01	
0.26283333	2.29141061e+01	
0.26441667	2.28781903e+01	
0.26600000	2.30352876e+01	
0.26758333	2.29423495e+01	
0.26916667	2.21114779e+01	
0.27075000	2.12691079e+01	
0.27233333	2.12555293e+01	
0.27391667	2.13646298e+01	
0.27550000	2.12102121e+01	
0.27708333	2.12982326e+01	
0.27866667	2.11562021e+01	
0.28025000	2.05210835e+01	
0.28183333	2.04602898e+01	
0.28341667	2.01349612e+01	
0.28500000	2.01746203e+01	
0.28658333	2.01154915e+01	
0.28816667	1.99978033e+01	
0.28975000	1.98064832e+01	
0.29133333	1.97335954e+01	
0.29291667	1.97429103e+01	
0.29450000	1.97100311e+01	
0.29608333	1.96692502e+01	
0.29766667	1.95040462e+01	
0.29925000	1.92969395e+01	
0.30083333	1.94202595e+01	
0.30241667	1.92871511e+01	
0.30400000	1.89451885e+01	
0.30558333	1.88478137e+01	
0.30716667	1.86351015e+01	
0.30875000	1.85726204e+01	
0.31033333	1.84739340e+01	
0.31191667	1.85828335e+01	
0.31350000	1.85895457e+01	
0.31508333	1.80885258e+01	
0.31666667	1.66863115e+01	
0.31825000	1.67836731e+01	
0.31983333	1.70539487e+01	
0.32141667	1.67912516e+01	
0.32300000	1.66776130e+01	
0.32458333	1.66545447e+01	
0.32616667	1.66098157e+01	
0.32775000	1.67979939e+01	
0.32933333	1.69448012e+01	
0.33091667	1.68506717e+01	
0.33250000	1.69053112e+01	
0.33408333	1.66174488e+01	
0.33566667	1.65443843e+01	
0.33725000	1.65597951e+01	
0.33883333	1.65082937e+01	
0.34041667	1.65697188e+01	
0.34200000	1.64818374e+01	
0.34358333	1.65295467e+01	
0.34516667	1.62316779e+01	
0.34675000	1.60750710e+01	
0.34833333	1.61084613e+01	
0.34991667	1.59166639e+01	
0.35150000	1.59450876e+01	
0.35308333	1.58060506e+01	
0.35466667	1.54341121e+01	
0.35625000	1.49549972e+01	
0.35783333	1.37310186e+01	
0.35941667	1.35444771e+01	
0.36100000	1.32611255e+01	
0.36258333	1.34422842e+01	
0.36416667	1.36091775e+01	
0.36575000	1.36098023e+01	
0.36733333	1.35385315e+01	
0.36891667	1.28655324e+01	
0.37050000	1.26887417e+01	
0.37208333	1.26713588e+01	
0.37366667	1.24652885e+01	
0.37525000	1.19521406e+01	
0.37683333	1.20545138e+01	
0.37841667	1.22968449e+01	
0.38000000	1.22164847e+01	
0.38158333	1.20440039e+01	
0.38316667	1.21070685e+01	
0.38475000	1.20449613e+01	
0.38633333	1.19948345e+01	
0.38791667	1.20257471e+01	
0.38950000	1.18467128e+01	
0.39108333	1.18360365e+01	
0.39266667	1.01608820e+01	
0.39425000	9.87059450e+00	
0.39583333	9.89117006e+00	
0.39741667	9.75101121e+00	
0.39900000	9.81904238e+00	
0.40058333	9.69841147e+00	
0.40216667	9.55298258e+00	
0.40375000	9.49924785e+00	
0.40533333	9.43875951e+00	
0.40691667	9.43761512e+00	
0.40850000	9.37010823e+00	
0.41008333	9.60054155e+00	
0.41166667	9.59154426e+00	
0.41325000	9.52584321e+00	
0.41483333	9.39455104e+00	
0.41641667	9.35867183e+00	
0.41800000	9.38569375e+00	
0.41958333	9.11844071e+00	
0.42116667	8.91420061e+00	
0.42275000	9.02463911e+00	
0.42433333	8.52537615e+00	
0.42591667	8.20041495e+00	
0.42750000	8.10698918e+00	
0.42908333	8.08156827e+00	
0.43066667	8.13017955e+00	
0.43225000	7.98774883e+00	
0.43383333	8.13354696e+00	
0.43541667	8.21876092e+00	
0.43700000	8.19180288e+00	
0.43858333	7.97844806e+00	
0.44016667	6.75425665e+00	
0.44175000	6.72701111e+00	
0.44333333	6.90869128e+00	
0.44491667	6.94393816e+00	
0.44650000	7.02673791e+00	
0.44808333	7.09283499e+00	
0.44966667	7.09298955e+00	
0.45125000	7.03541574e+00	
0.45283333	6.97180711e+00	
0.45441667	6.96178569e+00	
0.45600000	6.85519002e+00	
0.45758333	6.83865789e+00	
0.45916667	6.71506076e+00	
0.46075000	6.79354743e+00	
0.46233333	6.79619419e+00	
0.46391667	6.51166393e+00	
0.46550000	6.43603308e+00	
0.46708333	5.99658619e+00	
0.46866667	5.88596307e+00	
0.47025000	5.86214695e+00	
0.47183333	5.74006534e+00	
0.47341667	5.76543504e+00	
0.47500000	5.60845842e+00	
0.47658333	5.56423679e+00	
0.47816667	5.45905000e+00	
0.47975000	5.34191428e+00	
0.48133333	5.34794723e+00	
0.48291667	5.28612142e+00	
0.48450000	5.18623144e+00	
0.48608333	5.07052197e+00	
0.48766667	5.04056860e+00	
0.48925000	4.88792573e+00	
0.49083333	4.65412124e+00	
0.49241667	4.48202841e+00	
0.49400000	4.06453355e+00	
0.49558333	3.92013584e+00	
0.49716667	3.90047307e+00	
0.49875000	3.81465121e+00	
0.50033333	3.68492624e+00	
0.50191667	3.57507802e+00	
0.50350000	3.08482903e+00	
0.50508333	2.94324109e+00	
0.50666667	2.88710530e+00	
0.50825000	2.88793517e+00	
0.50983333	2.88149350e+00	
0.51141667	2.82632992e+00	
0.51300000	2.54458665e+00	
0.51458333	2.38490478e+00	
0.51616667	2.37483757e+00	
0.51775000	2.37865549e+00	
0.51933333	2.40247491e+00	
0.52091667	2.38708411e+00	
0.52250000	2.36061559e+00	
0.52408333	2.46666255e+00	
0.52566667	2.69048626e+00	
0.52725000	2.79262510e+00	
0.52883333	2.76852898e+00	
0.53041667	2.62663733e+00	
0.53200000	2.59232108e+00	
0.53358333	2.60238994e+00	
0.53516667	2.57342875e+00	
0.53675000	2.55140649e+00	
0.53833333	2.55171091e+00	
0.53991667	2.51032349e+00	
0.54150000	2.46389177e+00	
0.54308333	2.37543255e+00	
0.54466667	2.19387476e+00	
0.54625000	2.14472229e+00	
0.54783333	2.15632757e+00	
0.54941667	2.09319013e+00	
0.55100000	1.72065141e+00	
0.55258333	1.69726478e+00	
0.55416667	1.66342630e+00	
0.55575000	1.23402045e+00	
0.55733333	1.29631557e+00	
0.55891667	1.22379550e+00	
0.56050000	1.30011882e+00	
0.56208333	1.31035163e+00	
0.56366667	1.27743545e+00	
0.56525000	1.22954835e+00	
0.56683333	1.21058332e+00	
0.56841667	9.79788675e-01	
0.57000000	8.34584054e-01	
0.57158333	8.73321197e-01	
0.57316667	9.05274729e-01	
0.57475000	9.13723544e-01	
0.57633333	8.91217937e-01	
0.57791667	6.68906402e-01	
0.57950000	6.46031781e-01	
0.58108333	4.53798991e-01	
0.58266667	1.13865007e-01	
0.58425000	1.09472351e-01	
0.58583333	1.11561528e-01	
0.58741667	1.03742971e-01	
0.58900000	9.28293515e-02	
0.59058333	9.66032662e-02	
0.59216667	9.59526386e-02	
0.59375000	8.69795460e-02	
0.59533333	6.89386187e-02	
0.59691667	7.01355820e-02	
0.59850000	6.39524433e-02	
0.60008333	4.68712646e-02	
0.60166667	2.30199091e-02	
0.60325000	2.14058370e-02	
0.60483333	2.09430291e-02	
0.60641667	2.02879257e-02	
0.60800000	1.51284710e-03	
0.60958333	5.17311830e-03	
0.61116667	4.09047601e-03	
0.61275000	2.47872603e-03	
0.61433333	2.57399314e-03	
0.61591667	1.84743534e-03	
0.61750000	1.01644220e-03	
0.61908333	1.16883628e-04	
0.62066667	8.93282051e-05	
0.62225000	1.48940018e-04	
0.62383333	2.78573710e-04	
0.62541667	3.40007087e-04	
0.62700000	2.83816105e-04	
0.62858333	2.09564880e-04	
0.63016667	1.60227372e-04	
0.63175000	1.27765685e-04	
0.63333333	1.07635217e-04	
0.63491667	9.48750380e-05	
0.63650000	8.45295227e-05	
0.63808333	7.89124402e-05	
0.63966667	8.07820388e-05	
0.64125000	9.28016870e-05	
0.64283333	1.09171238e-04	
0.64441667	1.19849800e-04	
0.64600000	1.16477399e-04	
0.64758333	1.01075256e-04	
0.64916667	8.13783930e-05	
0.65075000	6.55436493e-05	
0.65233333	5.30520926e-05	
0.65391667	4.43177185e-05	
0.65550000	3.83965594e-05	
0.65708333	3.35755835e-05	
0.65866667	2.89679727e-05	
0.66025000	2.48671085e-05	
0.66183333	2.15515375e-05	
0.66341667	1.86118052e-05	
0.66500000	1.61318545e-05	
0.66658333	1.40331034e-05	
0.66816667	1.25953298e-05	
0.66975000	1.11912877e-05	
0.67133333	9.64515957e-06	
0.67291667	8.47437910e-06	
0.67450000	7.62098772e-06	
0.67608333	6.68477176e-06	
0.67766667	5.78437904e-06	
0.67925000	4.79907172e-06	
0.68083333	4.33752858e-06	
0.68241667	4.00031236e-06	
0.68400000	3.46724393e-06	
0.68558333	3.35606147e-06	
0.68716667	3.08810893e-06	
0.68875000	3.11494668e-06	
0.69033333	2.81565984e-06	
0.69191667	2.55790021e-06	
0.69350000	2.51677152e-06	
0.69508333	1.96584613e-06	
0.69666667	1.77306061e-06	
0.69825000	1.39694158e-06	
0.69983333	1.24505291e-06	
0.70141667	1.22496357e-06	
0.70300000	1.00153640e-06	
0.70458333	1.00449075e-06	
0.70616667	9.64746441e-07	
0.70775000	1.12596311e-06	
0.70933333	1.23980233e-06	
0.71091667	1.02035470e-06	
0.71250000	9.89890001e-07	
0.71408333	9.73383260e-07	
0.71566667	8.96898725e-07	
0.71725000	6.57679007e-07	
0.71883333	4.74072920e-07	
0.72041667	4.30602677e-07	
0.72200000	5.84696196e-07	
0.72358333	4.69060975e-07	
0.72516667	5.35778897e-07	
0.72675000	4.50954859e-07	
0.72833333	7.43025660e-07	
0.72991667	6.83907839e-07	
0.73150000	6.02584462e-07	
0.73308333	5.27136085e-07	
0.73466667	3.96507928e-07	
0.73625000	4.61859808e-07	
0.73783333	-1.16559354e-09	
0.73941667	1.23282182e-07	
0.74100000	2.02143268e-07	
0.74258333	2.12504867e-07	
0.74416667	3.60471011e-07	
0.74575000	4.00492002e-07	
0.74733333	5.96515862e-07	
0.74891667	7.71669881e-07	
0.75050000	6.95746883e-07	
0.75208333	6.74446775e-07	
0.75366667	5.73201568e-07	
0.75525000	6.79067430e-07	
0.75683333	5.52535521e-07	
0.75841667	1.56762570e-07	
0.76000000	5.52240184e-08	
0.76158333	2.29755013e-07	
0.76316667	2.75559749e-07	
0.76475000	3.16956498e-07	
0.76633333	3.11295764e-07	
0.76791667	5.89925542e-07	
0.76950000	5.43816433e-07	
0.77108333	6.01502830e-07	
0.77266667	5.19575578e-07	
0.77425000	5.03024259e-07	
0.77583333	5.67694001e-07	
0.77741667	2.98980139e-07	
0.77900000	2.37187583e-07	
0.78058333	1.75655018e-07	
0.78216667	9.90399120e-08	
0.78375000	1.90778692e-07	
0.78533333	8.21019240e-08	
0.78691667	3.00967921e-07	
0.78850000	3.59598491e-07	
0.79008333	5.14018560e-07	
0.79166667	6.01503558e-07	
0.79325000	6.24345135e-07	
0.79483333	7.39175375e-07	
0.79641667	4.88547778e-07	
0.79800000	-7.31963606e-09	
0.79958333	1.13775461e-07	
0.80116667	3.17857593e-08	
0.80275000	1.34344442e-07	
0.80433333	5.65989703e-09	
0.80591667	1.15902073e-07	
0.80750000	5.24243051e-07	
0.80908333	5.29038378e-07	
0.81066667	5.68187047e-07	
0.81225000	5.25149116e-07	
0.81383333	5.24198473e-07	
0.81541667	4.31232986e-07	
0.81700000	4.78868247e-07	
0.81858333	2.73270544e-08	
0.82016667	1.42209015e-07	
0.82175000	1.91729167e-07	
0.82333333	2.55016431e-07	
0.82491667	1.39865842e-07	
0.82650000	3.76750717e-07	
0.82808333	3.98971702e-07	
0.82966667	5.23809872e-07	
0.83125000	6.29720984e-07	
0.83283333	4.65172301e-07	
0.83441667	7.02964991e-07	
0.83600000	4.50488274e-07	
0.83758333	1.56458070e-07	
0.83916667	4.36010154e-08	
0.84075000	-8.15658889e-08	
0.84233333	2.08840847e-07	
0.84391667	1.05392578e-07	
0.84550000	8.11942982e-08	
0.84708333	2.11305097e-07	
0.84866667	5.29988797e-07	
0.85025000	6.44500047e-07	
0.85183333	5.28433495e-07	
0.85341667	6.17968297e-07	
0.85500000	7.07457680e-07	
0.85658333	3.94391481e-07	
0.85816667	2.87831019e-07	
0.85975000	7.77376341e-08	
0.86133333	1.59709968e-07	
0.86291667	2.22711003e-07	
0.86450000	1.60444777e-07	
0.86608333	2.61498022e-07	
0.86766667	3.75230865e-07	
0.86925000	5.96968138e-07	
0.87083333	4.51646658e-07	
0.87241667	3.72526392e-07	
0.87400000	4.94209912e-07	
0.87558333	4.28355409e-07	
0.87716667	2.31198506e-07	
0.87875000	-7.75994129e-08	
0.88033333	-3.64793754e-08	
0.88191667	2.13032593e-07	
0.88350000	1.37432135e-09	
0.88508333	5.97700399e-08	
0.88666667	3.70925952e-07	
0.88825000	5.99300195e-07	
0.88983333	6.28294600e-07	
0.89141667	4.33757075e-07	
0.89300000	4.11675592e-07	
0.89458333	4.85998375e-07	
0.89616667	2.87399856e-07	
0.89775000	1.46045243e-07	
0.89933333	-1.50807641e-07	
0.90091667	5.82052282e-08	
0.90250000	1.02618711e-07	
0.90408333	1.56296321e-07	
0.90566667	2.01200424e-07	
0.90725000	2.52787447e-07	
0.90883333	7.03526024e-07	
0.91041667	5.06004769e-07	
0.91200000	5.25841027e-07	
0.91358333	6.47351415e-07	
0.91516667	6.93761314e-07	
0.91675000	4.43453350e-07	
0.91833333	4.59776431e-08	
0.91991667	1.19001175e-08	
0.92150000	9.23436565e-08	
0.92308333	2.11134531e-08	
0.92466667	1.12221181e-07	
0.92625000	6.23357601e-08	
0.92783333	2.72016666e-07	
0.92941667	4.48189791e-07	
0.93100000	3.16481261e-07	
0.93258333	3.70538918e-07	
0.93416667	4.12678541e-07	
0.93575000	4.02038708e-07	
0.93733333	4.29604692e-08	
0.93891667	1.05219929e-07	
0.94050000	2.86448457e-07	
0.94208333	1.94676061e-07	
0.94366667	2.07717632e-07	
0.94525000	2.47359459e-07	
0.94683333	3.33299683e-07	
0.94841667	5.93448100e-07	
0.95000000	5.99559431e-07	
0.95158333	6.37758857e-07	
0.95316667	5.99863804e-07	
0.95475000	5.77044348e-07	
0.95633333	3.80996660e-07	
0.95791667	3.07926912e-08	
0.95950000	7.23356458e-08	
0.96108333	1.75481844e-07	
0.96266667	9.91793303e-08	
0.96425000	1.33713084e-07	
0.96583333	1.98496021e-07	
0.96741667	5.19013201e-07	
0.96900000	3.99965103e-07	
0.97058333	4.08434643e-07	
0.97216667	5.63606825e-07	
0.97375000	4.13922413e-07	
0.97533333	5.41614639e-07	
0.97691667	2.94096244e-07	
0.97850000	1.63832033e-07	
0.98008333	2.94616564e-07	
0.98166667	3.02385428e-07	
0.98325000	3.11296100e-07	
0.98483333	1.00947251e-08	
0.98641667	5.87589566e-08	
0.98800000	4.43479335e-07	
0.98958333	4.54645620e-07	
0.99116667	4.95895587e-07	
0.99275000	3.78489203e-07	
0.99433333	5.27352759e-07	
0.99591667	3.31302130e-07	
0.99750000	4.56753660e-08	
0.99908333	-4.24176088e-08	
1.00066667	6.24057562e-08	
1.00225000	2.22322122e-07	
1.00383333	1.54091348e-07	
1.00541667	1.83467032e-07	
1.00700000	4.61524521e-07	
1.00858333	3.86829713e-07	
1.01016667	4.75932203e-07	
1.01175000	4.46850239e-07	
1.01333333	4.43393567e-07	
1.01491667	6.88056338e-07	
1.01650000	1.31405724e-07	
1.01808333	5.12233529e-08	
1.01966667	9.61452611e-08	
1.02125000	1.35251697e-07	
1.02283333	2.10810455e-07	
1.02441667	1.04355664e-07	
1.02600000	3.34068290e-07	
1.02758333	5.29774307e-07	
1.02916667	5.06049571e-07	
1.03075000	5.56477482e-07	
1.03233333	4.30948073e-07	
1.03391667	6.03190634e-07	
1.03550000	5.53520829e-07	
1.03708333	3.02740008e-07	
1.03866667	6.21810671e-08	
1.04025000	2.07198237e-07	
1.04183333	2.25953003e-07	
1.04341667	2.01711531e-07	
1.04500000	1.63788645e-07	
1.04658333	3.35346799e-07	
1.04816667	6.16887672e-07	
1.04975000	4.97018662e-07	
1.05133333	5.62268533e-07	
1.05291667	4.72906556e-07	
1.05450000	6.83692958e-07	
1.05608333	3.77408915e-07	
1.05766667	2.37662596e-07	
1.05925000	1.78749003e-07	
1.06083333	2.34292141e-07	
1.06241667	3.92575907e-07	
1.06400000	4.23301364e-08	
1.06558333	2.45873965e-07	
1.06716667	4.58171286e-07	
1.06875000	5.87891811e-07	
1.07033333	6.21942403e-07	
1.07191667	3.82853367e-07	
1.07350000	4.99868741e-07	
1.07508333	4.70401339e-07	
1.07666667	4.69190649e-07	
1.07825000	1.44750045e-07	
1.07983333	5.19227123e-08	
1.08141667	2.19945963e-07	
1.08300000	6.75045540e-08	
1.08458333	2.91422516e-08	
1.08616667	1.24102871e-07	
1.08775000	3.47143113e-07	
1.08933333	5.24759730e-07	
1.09091667	4.31294196e-07	
1.09250000	5.90529866e-07	
1.09408333	7.07093384e-07	
1.09566667	5.55700895e-07	
1.09725000	4.89611993e-07	
1.09883333	1.88056998e-07	
1.10041667	2.70374588e-07	
1.10200000	1.63814630e-07	
1.10358333	2.12944935e-08	
1.10516667	1.60738356e-07	
1.10675000	5.67280310e-07	
1.10833333	5.05444856e-07	
1.10991667	6.61740645e-07	
1.11150000	4.22824152e-07	
1.11308333	5.63694301e-07	
1.11466667	6.08505216e-07	
1.11625000	3.71005251e-07	
1.11783333	2.49762891e-07	
1.11941667	7.52656762e-08	
1.12100000	1.67816206e-07	
1.12258333	-1.03021794e-08	
1.12416667	1.77141156e-07	
1.12575000	2.60799502e-07	
1.12733333	3.77235895e-07	
1.12891667	3.50575507e-07	
1.13050000	3.21709263e-07	
1.13208333	4.56010458e-07	
1.13366667	4.29392463e-07	
1.13525000	5.38415327e-07	
1.13683333	6.42650620e-07	
1.13841667	2.49951816e-07	
1.14000000	2.28942725e-07	
1.14158333	1.93328319e-07	
1.14316667	2.32003178e-07	
1.14475000	2.34170839e-07	
1.14633333	4.49789866e-07	
1.14791667	4.77443431e-07	
1.14950000	5.44162697e-07	
1.15108333	3.89464688e-07	
1.15266667	4.98055156e-07	
1.15425000	4.51040795e-07	
1.15583333	4.51155628e-07	
1.15741667	1.61576168e-07	
1.15900000	1.86543838e-07	
1.16058333	2.02367684e-07	
@ 
0.00000000	1.72257975e-07	
0.00158333	1.79006992e-07	
0.00316667	2.03319377e-07	
0.00475000	4.12159202e-07	
0.00633333	4.49010563e-07	
0.00791667	4.48923732e-07	
0.00950000	6.39098157e-07	
0.01108333	6.30283585e-07	
0.01266667	6.91382607e-07	
0.01425000	3.36486870e-07	
0.01583333	5.77135261e-08	
0.01741667	1.57332970e-07	
0.01900000	1.46227531e-07	
0.02058333	1.49693863e-07	
0.02216667	1.44023664e-07	
0.02375000	1.15719392e-07	
0.02533333	4.38207511e-07	
0.02691667	4.83190969e-07	
0.02850000	3.49407826e-07	
0.03008333	4.44515774e-07	
0.03166667	4.40108600e-07	
0.03325000	5.39928403e-07	
0.03483333	2.46322041e-07	
0.03641667	2.09489006e-07	
0.03800000	2.55639151e-07	
0.03958333	2.46693813e-07	
0.04116667	3.30741209e-07	
0.04275000	3.47808674e-07	
0.04433333	3.70191899e-07	
0.04591667	7.99671194e-07	
0.04750000	6.50636187e-07	
0.04908333	6.22591024e-07	
0.05066667	5.43426376e-07	
0.05225000	6.20731909e-07	
0.05383333	5.67324496e-07	
0.05541667	1.91772793e-07	
0.05700000	1.83043961e-07	
0.05858333	2.02143394e-07	
0.06016667	2.98850830e-07	
0.06175000	1.52449971e-07	
0.06333333	2.43755109e-07	
0.06491667	4.20188338e-07	
0.06650000	5.57341096e-07	
0.06808333	5.57169729e-07	
0.06966667	5.18950870e-07	
0.07125000	5.23490489e-07	
0.07283333	4.96327591e-07	
0.07441667	2.16031373e-07	
0.07600000	1.34604000e-07	
0.07758333	1.77037048e-07	
0.07916667	3.01529290e-07	
0.08075000	3.71333622e-07	
0.08233333	2.68904522e-07	
0.08391667	2.68472883e-07	
0.08550000	4.61721090e-07	
0.08708333	5.88541440e-07	
0.08866667	6.01115629e-07	
0.09025000	5.63347758e-07	
0.09183333	6.28381516e-07	
0.09341667	4.80815343e-07	
0.09500000	1.27127692e-07	
0.09658333	1.68740542e-07	
0.09816667	1.82740848e-07	
0.09975000	3.30567965e-07	
0.10133333	3.79155605e-07	
0.10291667	3.99014544e-07	
0.10450000	7.17007341e-07	
0.10608333	6.87191603e-07	
0.10766667	7.18866680e-07	
0.10925000	6.05004723e-07	
0.11083333	5.41569837e-07	
0.11241667	4.57308540e-07	
0.11400000	3.85058298e-07	
0.11558333	2.15236362e-07	
0.11716667	1.63148649e-07	
0.11875000	2.32650847e-07	
0.12033333	3.29272767e-07	
0.12191667	2.05203554e-07	
0.12350000	3.27327435e-07	
0.12508333	4.49268203e-07	
0.12666667	4.74893805e-07	
0.12825000	4.94037312e-07	
0.12983333	4.37948807e-07	
0.13141667	5.08252822e-07	
0.13300000	5.46285360e-07	
0.13458333	3.91072436e-07	
0.13616667	1.81488282e-07	
0.13775000	1.69561916e-07	
0.13933333	3.38043068e-07	
0.14091667	3.44266123e-07	
0.14250000	3.58706987e-07	
0.14408333	5.31802326e-07	
0.14566667	5.06215786e-07	
0.14725000	6.79760741e-07	
0.14883333	5.42347824e-07	
0.15041667	5.82015523e-07	
0.15200000	6.17103618e-07	
0.15358333	6.95506016e-07	
0.15516667	3.81211597e-07	
0.15675000	3.45605732e-07	
0.15833333	4.41405590e-07	
0.15991667	2.47057690e-07	
0.16150000	2.51318417e-07	
0.16308333	3.98409885e-07	
0.16466667	3.22055779e-07	
0.16625000	6.14597393e-07	
0.16783333	6.96742775e-07	
0.16941667	6.54308383e-07	
0.17100000	6.61137218e-07	
0.17258333	4.91702063e-07	
0.17416667	4.18408522e-07	
0.17575000	2.06637386e-07	
0.17733333	1.47817695e-07	
0.17891667	2.43038613e-07	
0.18050000	5.46193698e-08	
0.18208333	1.92446041e-07	
0.18366667	3.26116745e-07	
0.18525000	4.88981013e-07	
0.18683333	6.17449825e-07	
0.18841667	5.04450867e-07	
0.19000000	5.84652066e-07	
0.19158333	6.12867140e-07	
0.19316667	5.54878442e-07	
0.19475000	1.48993033e-07	
0.19633333	1.38405198e-07	
0.19791667	4.21008887e-07	
0.19950000	2.55942600e-07	
0.20108333	3.09922358e-07	
0.20266667	3.40247103e-07	
0.20425000	3.28267186e-07	
0.20583333	5.56736381e-07	
0.20741667	6.24147390e-07	
0.20900000	5.94634514e-07	
0.21058333	6.38319554e-07	
0.21216667	6.00527938e-07	
0.21375000	4.47974489e-07	
0.21533333	3.47143533e-07	
0.21691667	3.51437749e-07	
0.21850000	4.95160554e-07	
0.22008333	3.38121024e-07	
0.22166667	1.99584794e-07	
0.22325000	2.48500482e-07	
0.22483333	5.08900715e-07	
0.22641667	5.24112229e-07	
0.22800000	4.76708958e-07	
0.22958333	6.35469474e-07	
0.23116667	6.93630044e-07	
0.23275000	5.53565967e-07	
0.23433333	2.56719859e-07	
0.23591667	2.77340068e-07	
0.23750000	4.52354950e-07	
0.23908333	3.66303112e-07	
0.24066667	3.33852876e-07	
0.24225000	2.30481912e-07	
0.24383333	6.20257399e-07	
0.24541667	6.35209118e-07	
0.24700000	5.96188583e-07	
0.24858333	6.67489975e-07	
0.25016667	6.79414478e-07	
0.25175000	7.40645273e-07	
0.25333333	6.68874413e-07	
0.25491667	1.69917084e-07	
0.25650000	1.05001973e-08	
0.25808333	1.14034872e-07	
0.25966667	3.00318740e-07	
0.26125000	4.11167845e-07	
0.26283333	3.45683547e-07	
0.26441667	5.94373486e-07	
0.26600000	8.42794473e-07	
0.26758333	7.94659865e-07	
0.26916667	7.22323659e-07	
0.27075000	6.87540386e-07	
0.27233333	7.05340897e-07	
0.27391667	4.62276775e-07	
0.27550000	5.05444184e-07	
0.27708333	3.10949669e-07	
0.27866667	3.06844768e-07	
0.28025000	4.19497155e-07	
0.28183333	2.75214045e-07	
0.28341667	5.23204933e-07	
0.28500000	7.00110430e-07	
0.28658333	6.24709207e-07	
0.28816667	6.70815292e-07	
0.28975000	5.88237123e-07	
0.29133333	6.27864725e-07	
0.29291667	5.49865881e-07	
0.29450000	1.22849380e-07	
0.29608333	2.31094285e-07	
0.29766667	1.78895127e-07	
0.29925000	3.46642842e-07	
0.30083333	2.62897972e-07	
0.30241667	1.88713138e-07	
0.30400000	5.19930354e-07	
0.30558333	5.77001955e-07	
0.30716667	6.16540289e-07	
0.30875000	7.20119288e-07	
0.31033333	8.35323570e-07	
0.31191667	8.56754947e-07	
0.31350000	5.98089365e-07	
0.31508333	2.99024801e-07	
0.31666667	2.57670586e-07	
0.31825000	2.65534571e-07	
0.31983333	3.07796167e-07	
0.32141667	2.13931391e-07	
0.32300000	4.28227527e-07	
0.32458333	6.41909035e-07	
0.32616667	6.94194157e-07	
0.32775000	6.48042598e-07	
0.32933333	5.37223538e-07	
0.33091667	6.29592514e-07	
0.33250000	5.68703782e-07	
0.33408333	5.40862413e-07	
0.33566667	2.31095391e-07	
0.33725000	2.95522460e-07	
0.33883333	4.37516524e-07	
0.34041667	3.97588356e-07	
0.34200000	3.06837292e-07	
0.34358333	5.44463094e-07	
0.34516667	5.17066553e-07	
0.34675000	6.03881369e-07	
0.34833333	5.71514996e-07	
0.34991667	5.93768715e-07	
0.35150000	7.59872000e-07	
0.35308333	4.98618149e-07	
0.35466667	2.87771013e-07	
0.35625000	1.77062977e-07	
0.35783333	1.65024495e-07	
0.35941667	3.04770687e-07	
0.36100000	1.88142920e-07	
0.36258333	3.59156156e-07	
0.36416667	7.73596760e-07	
0.36575000	7.07069247e-07	
0.36733333	7.39478125e-07	
0.36891667	7.43539707e-07	
0.37050000	8.22273472e-07	
0.37208333	7.16579761e-07	
0.37366667	4.18130218e-07	
0.37525000	3.52588321e-07	
0.37683333	3.77365457e-07	
0.37841667	6.08288710e-07	
0.38000000	3.95558237e-07	
0.38158333	4.98877105e-07	
0.38316667	5.11064652e-07	
0.38475000	1.16956981e-06	
0.38633333	1.14471903e-06	
0.38791667	1.11623738e-06	
0.38950000	1.32460134e-06	
0.39108333	1.83927989e-06	
0.39266667	1.93376879e-06	
0.39425000	2.47629783e-06	
0.39583333	2.85204804e-06	
0.39741667	3.65803687e-06	
0.39900000	4.37637730e-06	
0.40058333	5.05099432e-06	
0.40216667	6.26691595e-06	
0.40375000	7.69600779e-06	
0.40533333	9.12677522e-06	
0.40691667	1.02448829e-05	
0.40850000	1.14585030e-05	
0.41008333	1.34683194e-05	
0.41166667	1.54984401e-05	
0.41325000	1.75687804e-05	
0.41483333	2.03563382e-05	
0.41641667	2.39291623e-05	
0.41800000	2.86165224e-05	
0.41958333	3.40801724e-05	
0.42116667	4.12470210e-05	
0.42275000	5.11396023e-05	
0.42433333	6.44233339e-05	
0.42591667	8.31481943e-05	
0.42750000	1.07707101e-04	
0.42908333	1.35675885e-04	
0.43066667	1.63415583e-04	
0.43225000	1.73544035e-04	
0.43383333	1.68717159e-04	
0.43541667	1.97249115e-04	
0.43700000	3.76699518e-04	
0.43858333	4.60736505e-04	
0.44016667	4.49255119e-04	
0.44175000	5.89847010e-04	
0.44333333	7.48108011e-04	
0.44491667	8.16482617e-04	
0.44650000	1.00240112e-03	
0.44808333	1.43510166e-03	
0.44966667	1.75894843e-03	
0.45125000	2.14023329e-03	
0.45283333	1.60559222e-03	
0.45441667	1.64888223e-03	
0.45600000	2.63968226e-03	
0.45758333	2.95740430e-03	
0.45916667	3.22845792e-03	
0.46075000	6.65139184e-03	
0.46233333	8.66308072e-03	
0.46391667	1.15028399e-02	
0.46550000	1.67890250e-02	
0.46708333	2.16707800e-02	
0.46866667	2.36858927e-02	
0.47025000	2.53084558e-02	
0.47183333	3.14361546e-02	
0.47341667	3.81756413e-02	
0.47500000	4.44176938e-02	
0.47658333	5.33491665e-02	
0.47816667	6.22285888e-02	
0.47975000	7.26837298e-02	
0.48133333	8.58464437e-02	
0.48291667	1.48244294e-01	
0.48450000	2.33971655e-01	
0.48608333	2.60214842e-01	
0.48766667	3.71494955e-01	
0.48925000	3.80314575e-01	
0.49083333	8.21696670e-01	
0.49241667	1.74144530e+00	
0.49400000	2.88648918e+00	
0.49558333	5.13349828e+00	
0.49716667	5.54814202e+00	
0.49875000	5.80301628e+00	
0.50033333	6.01631333e+00	
0.50191667	6.00139489e+00	
0.50350000	6.17150618e+00	
0.50508333	6.39343408e+00	
0.50666667	7.30641061e+00	
0.50825000	8.10598384e+00	
0.50983333	8.26344011e+00	
0.51141667	8.48508191e+00	
0.51300000	8.66734743e+00	
0.51458333	8.74880031e+00	
0.51616667	9.12025689e+00	
0.51775000	1.19848018e+01	
0.51933333	1.21785037e+01	
0.52091667	1.26400234e+01	
0.52250000	1.28382530e+01	
0.52408333	1.31579329e+01	
0.52566667	1.39833381e+01	
0.52725000	1.41961029e+01	
0.52883333	1.42909108e+01	
0.53041667	1.44897080e+01	
0.53200000	1.47308477e+01	
0.53358333	1.60401736e+01	
0.53516667	1.77432145e+01	
0.53675000	1.79457700e+01	
0.53833333	1.80095139e+01	
0.53991667	1.83184508e+01	
0.54150000	1.84484022e+01	
0.54308333	1.94727286e+01	
0.54466667	1.99020954e+01	
0.54625000	2.01348597e+01	
0.54783333	2.05163969e+01	
0.54941667	2.07049979e+01	
0.55100000	2.11086262e+01	
0.55258333	2.15908868e+01	
0.55416667	2.35348963e+01	
0.55575000	2.36898383e+01	
0.55733333	2.36547343e+01	
0.55891667	2.43928481e+01	
0.56050000	2.52272187e+01	
0.56208333	2.70070409e+01	
0.56366667	2.74917443e+01	
0.56525000	2.74871592e+01	
0.56683333	2.76916934e+01	
0.56841667	2.80249407e+01	
0.57000000	2.79106443e+01	
0.57158333	2.90795361e+01	
0.57316667	2.94914082e+01	
0.57475000	2.98197490e+01	
0.57633333	3.01592800e+01	
0.57791667	3.05310401e+01	
0.57950000	3.17509015e+01	
0.58108333	3.26602739e+01	
0.58266667	3.28891071e+01	
0.58425000	3.28098115e+01	
0.58583333	3.29238335e+01	
0.58741667	3.34263060e+01	
0.58900000	3.42428943e+01	
