start voltage : 0.00 V 
set voltage : 0.10 V 
High G : 30.00 G0 
Intermediate G : 20.00 G0 
Low G : 10.00 G0 
Breaking speed 1 : 300.00 V/s 
Breaking speed 2 : 300.00 V/s 
Making speed : 500.00 V/s 
Post breaking : 230.00 V/s 
@ 
0.00000000	3.97828212e+01	
0.00158333	4.04303816e+01	
0.00316667	4.04375974e+01	
0.00475000	4.03824261e+01	
0.00633333	4.03997292e+01	
0.00791667	4.03264543e+01	
0.00950000	4.04229740e+01	
0.01108333	4.04885520e+01	
0.01266667	4.03844706e+01	
0.01425000	4.03893338e+01	
0.01583333	4.02342565e+01	
0.01741667	4.03339295e+01	
0.01900000	4.02981733e+01	
0.02058333	4.02008380e+01	
0.02216667	4.02386011e+01	
0.02375000	4.01566408e+01	
0.02533333	4.02028600e+01	
0.02691667	4.01885184e+01	
0.02850000	4.03482560e+01	
0.03008333	4.04202906e+01	
0.03166667	4.01706779e+01	
0.03325000	4.02793820e+01	
0.03483333	4.03469518e+01	
0.03641667	4.01554983e+01	
0.03800000	4.03341850e+01	
0.03958333	4.00618198e+01	
0.04116667	4.00810170e+01	
0.04275000	4.00806337e+01	
0.04433333	4.01715724e+01	
0.04591667	4.03379395e+01	
0.04750000	4.00043146e+01	
0.04908333	4.02231245e+01	
0.05066667	4.01440168e+01	
0.05225000	4.01094032e+01	
0.05383333	3.98469635e+01	
0.05541667	3.96590428e+01	
0.05700000	4.00316597e+01	
0.05858333	3.98936525e+01	
0.06016667	3.98514096e+01	
0.06175000	3.99159578e+01	
0.06333333	3.99165140e+01	
0.06491667	4.01091514e+01	
0.06650000	3.97964487e+01	
0.06808333	3.97847229e+01	
0.06966667	3.96807167e+01	
0.07125000	3.94733770e+01	
0.07283333	3.96568780e+01	
0.07441667	3.91299505e+01	
0.07600000	3.94103584e+01	
0.07758333	3.93001811e+01	
0.07916667	3.92173865e+01	
0.08075000	3.93923600e+01	
0.08233333	3.92413266e+01	
0.08391667	3.91972760e+01	
0.08550000	3.92053488e+01	
0.08708333	3.92912364e+01	
0.08866667	3.92552999e+01	
0.09025000	3.91078030e+01	
0.09183333	3.91476782e+01	
0.09341667	3.91275038e+01	
0.09500000	3.88982797e+01	
0.09658333	3.90618319e+01	
0.09816667	3.89686833e+01	
0.09975000	3.90675745e+01	
0.10133333	3.89291877e+01	
0.10291667	3.88172440e+01	
0.10450000	3.86825365e+01	
0.10608333	3.84297030e+01	
0.10766667	3.86113738e+01	
0.10925000	3.86207882e+01	
0.11083333	3.84748473e+01	
0.11241667	3.86257642e+01	
0.11400000	3.83703638e+01	
0.11558333	3.86530116e+01	
0.11716667	3.84236296e+01	
0.11875000	3.84559207e+01	
0.12033333	3.81997273e+01	
0.12191667	3.77236415e+01	
0.12350000	3.75497391e+01	
0.12508333	3.74266672e+01	
0.12666667	3.73277384e+01	
0.12825000	3.74479427e+01	
0.12983333	3.72750588e+01	
0.13141667	3.74699737e+01	
0.13300000	3.70121381e+01	
0.13458333	3.70572448e+01	
0.13616667	3.70470636e+01	
0.13775000	3.70017427e+01	
0.13933333	3.70395133e+01	
0.14091667	3.70306212e+01	
0.14250000	3.69887090e+01	
0.14408333	3.71031632e+01	
0.14566667	3.64851880e+01	
0.14725000	3.67175427e+01	
0.14883333	3.66180577e+01	
0.15041667	3.65699594e+01	
0.15200000	3.66207937e+01	
0.15358333	3.65475188e+01	
0.15516667	3.68295240e+01	
0.15675000	3.61151266e+01	
0.15833333	3.49443594e+01	
0.15991667	3.49050668e+01	
0.16150000	3.48271617e+01	
0.16308333	3.49636995e+01	
0.16466667	3.48815363e+01	
0.16625000	3.48227758e+01	
0.16783333	3.47771016e+01	
0.16941667	3.46966898e+01	
0.17100000	3.44900829e+01	
0.17258333	3.42162745e+01	
0.17416667	3.34866036e+01	
0.17575000	3.30897383e+01	
0.17733333	3.25489277e+01	
0.17891667	3.24416969e+01	
0.18050000	3.18877399e+01	
0.18208333	3.19207413e+01	
0.18366667	3.19649948e+01	
0.18525000	3.18132436e+01	
0.18683333	3.20192078e+01	
0.18841667	3.19998377e+01	
0.19000000	3.17186255e+01	
0.19158333	3.14476396e+01	
0.19316667	3.14941500e+01	
0.19475000	3.14332360e+01	
0.19633333	3.14110566e+01	
0.19791667	3.14691575e+01	
0.19950000	3.13652114e+01	
0.20108333	3.14059492e+01	
0.20266667	3.16030288e+01	
0.20425000	3.12549439e+01	
0.20583333	3.10234724e+01	
0.20741667	3.01878598e+01	
0.20900000	3.01758258e+01	
0.21058333	3.00069218e+01	
0.21216667	2.99417028e+01	
0.21375000	2.99828239e+01	
0.21533333	2.98313695e+01	
0.21691667	2.99945496e+01	
0.21850000	2.99253280e+01	
0.22008333	2.99104942e+01	
0.22166667	2.98975338e+01	
0.22325000	2.97757566e+01	
0.22483333	2.98049095e+01	
0.22641667	2.99384970e+01	
0.22800000	2.97643803e+01	
0.22958333	2.98469287e+01	
0.23116667	2.97484866e+01	
0.23275000	2.96755425e+01	
0.23433333	2.96205591e+01	
0.23591667	2.91901644e+01	
0.23750000	2.92173686e+01	
0.23908333	2.91809886e+01	
0.24066667	2.91578189e+01	
0.24225000	2.91252066e+01	
0.24383333	2.91195410e+01	
0.24541667	2.89254567e+01	
0.24700000	2.87423822e+01	
0.24858333	2.87385055e+01	
0.25016667	2.87676809e+01	
0.25175000	2.87883514e+01	
0.25333333	2.89052222e+01	
0.25491667	2.73114773e+01	
0.25650000	2.56573201e+01	
0.25808333	2.55525002e+01	
0.25966667	2.55587822e+01	
0.26125000	2.57558524e+01	
0.26283333	2.54802194e+01	
0.26441667	2.55010195e+01	
0.26600000	2.53530736e+01	
0.26758333	2.53113925e+01	
0.26916667	2.53188170e+01	
0.27075000	2.52672479e+01	
0.27233333	2.52447209e+01	
0.27391667	2.51123586e+01	
0.27550000	2.49946459e+01	
0.27708333	2.48477354e+01	
0.27866667	2.37046196e+01	
0.28025000	2.36057678e+01	
0.28183333	2.33069125e+01	
0.28341667	2.33597198e+01	
0.28500000	2.34229057e+01	
0.28658333	2.32283253e+01	
0.28816667	2.32974435e+01	
0.28975000	2.32228495e+01	
0.29133333	2.32694426e+01	
0.29291667	2.32144310e+01	
0.29450000	2.31725770e+01	
0.29608333	2.31273463e+01	
0.29766667	2.31685144e+01	
0.29925000	2.30289324e+01	
0.30083333	2.07455064e+01	
0.30241667	2.06249225e+01	
0.30400000	2.05022414e+01	
0.30558333	2.04045077e+01	
0.30716667	2.04227579e+01	
0.30875000	2.04938492e+01	
0.31033333	2.03573622e+01	
0.31191667	2.03907788e+01	
0.31350000	2.02585067e+01	
0.31508333	2.02909931e+01	
0.31666667	2.02086852e+01	
0.31825000	2.00735399e+01	
0.31983333	1.99966815e+01	
0.32141667	1.92034170e+01	
0.32300000	1.92087688e+01	
0.32458333	1.94479729e+01	
0.32616667	1.93032609e+01	
0.32775000	1.93407271e+01	
0.32933333	1.92335620e+01	
0.33091667	1.91837462e+01	
0.33250000	1.90864353e+01	
0.33408333	1.89832635e+01	
0.33566667	1.91079270e+01	
0.33725000	1.89273499e+01	
0.33883333	1.90303489e+01	
0.34041667	1.71314291e+01	
0.34200000	1.68181965e+01	
0.34358333	1.67374502e+01	
0.34516667	1.66145737e+01	
0.34675000	1.64606464e+01	
0.34833333	1.64007585e+01	
0.34991667	1.63567849e+01	
0.35150000	1.53746460e+01	
0.35308333	1.48915342e+01	
0.35466667	1.48285804e+01	
0.35625000	1.47853547e+01	
0.35783333	1.47694338e+01	
0.35941667	1.48250627e+01	
0.36100000	1.47117153e+01	
0.36258333	1.47606169e+01	
0.36416667	1.47518996e+01	
0.36575000	1.47643404e+01	
0.36733333	1.47808035e+01	
0.36891667	1.44476906e+01	
0.37050000	1.44372727e+01	
0.37208333	1.43812708e+01	
0.37366667	1.42591882e+01	
0.37525000	1.42264641e+01	
0.37683333	1.41499345e+01	
0.37841667	1.41881345e+01	
0.38000000	1.41368191e+01	
0.38158333	1.40452866e+01	
0.38316667	1.40853177e+01	
0.38475000	1.38087104e+01	
0.38633333	1.38831212e+01	
0.38791667	1.38137164e+01	
0.38950000	1.37434565e+01	
0.39108333	1.37047013e+01	
0.39266667	1.35887532e+01	
0.39425000	1.35949055e+01	
0.39583333	1.35235727e+01	
0.39741667	1.12345713e+01	
0.39900000	1.11825870e+01	
0.40058333	1.13253334e+01	
0.40216667	1.11839625e+01	
0.40375000	1.08278969e+01	
0.40533333	1.10982703e+01	
0.40691667	1.10189615e+01	
0.40850000	1.09325101e+01	
0.41008333	1.09374090e+01	
0.41166667	1.08465455e+01	
0.41325000	1.09638240e+01	
0.41483333	1.08289568e+01	
0.41641667	1.07015403e+01	
0.41800000	1.06987395e+01	
0.41958333	1.06883657e+01	
0.42116667	1.06231542e+01	
0.42275000	1.05464405e+01	
0.42433333	9.12614233e+00	
0.42591667	8.99860279e+00	
0.42750000	8.87846515e+00	
0.42908333	8.86277533e+00	
0.43066667	8.86243521e+00	
0.43225000	8.77636155e+00	
0.43383333	8.69354818e+00	
0.43541667	8.71624340e+00	
0.43700000	8.56832279e+00	
0.43858333	8.26293463e+00	
0.44016667	8.16544899e+00	
0.44175000	8.21728486e+00	
0.44333333	7.93830697e+00	
0.44491667	7.79568504e+00	
0.44650000	7.83022584e+00	
0.44808333	7.60378192e+00	
0.44966667	7.88926067e+00	
0.45125000	7.91759423e+00	
0.45283333	7.89713612e+00	
0.45441667	7.82598887e+00	
0.45600000	7.82218926e+00	
0.45758333	7.75987253e+00	
0.45916667	7.69869690e+00	
0.46075000	7.58697355e+00	
0.46233333	7.54296427e+00	
0.46391667	7.52686339e+00	
0.46550000	7.48796582e+00	
0.46708333	7.42441356e+00	
0.46866667	6.33983605e+00	
0.47025000	5.88374006e+00	
0.47183333	5.76145175e+00	
0.47341667	5.84694335e+00	
0.47500000	5.78538814e+00	
0.47658333	5.98370051e+00	
0.47816667	5.94532957e+00	
0.47975000	5.91559699e+00	
0.48133333	5.75208569e+00	
0.48291667	5.76149356e+00	
0.48450000	5.74056989e+00	
0.48608333	5.61743457e+00	
0.48766667	5.37270152e+00	
0.48925000	5.43002680e+00	
0.49083333	4.90131690e+00	
0.49241667	4.86550627e+00	
0.49400000	4.80483942e+00	
0.49558333	4.83465937e+00	
0.49716667	4.83651031e+00	
0.49875000	4.78313262e+00	
0.50033333	4.71147425e+00	
0.50191667	4.62008311e+00	
0.50350000	4.56728042e+00	
0.50508333	4.48665061e+00	
0.50666667	4.45948868e+00	
0.50825000	4.09971937e+00	
0.50983333	3.83190681e+00	
0.51141667	3.81802543e+00	
0.51300000	3.85171170e+00	
0.51458333	3.60794264e+00	
0.51616667	3.22689520e+00	
0.51775000	3.11778431e+00	
0.51933333	2.78139752e+00	
0.52091667	2.43596528e+00	
0.52250000	2.46541081e+00	
0.52408333	2.42697668e+00	
0.52566667	2.40162601e+00	
0.52725000	2.41250854e+00	
0.52883333	2.37311581e+00	
0.53041667	2.34925858e+00	
0.53200000	2.32647433e+00	
0.53358333	2.27847683e+00	
0.53516667	2.26953286e+00	
0.53675000	2.23846915e+00	
0.53833333	2.11004313e+00	
0.53991667	2.07882557e+00	
0.54150000	2.02552234e+00	
0.54308333	2.06192231e+00	
0.54466667	2.02328147e+00	
0.54625000	2.01682477e+00	
0.54783333	2.00414579e+00	
0.54941667	1.97337312e+00	
0.55100000	1.97141224e+00	
0.55258333	1.95615780e+00	
0.55416667	1.94932386e+00	
0.55575000	1.85629694e+00	
0.55733333	1.60016683e+00	
0.55891667	1.64584091e+00	
0.56050000	1.59404532e+00	
0.56208333	1.57006853e+00	
0.56366667	1.52025907e+00	
0.56525000	1.48913923e+00	
0.56683333	1.48966151e+00	
0.56841667	1.45589902e+00	
0.57000000	1.44792539e+00	
0.57158333	1.30115187e+00	
0.57316667	1.20321759e+00	
0.57475000	1.14919793e+00	
0.57633333	1.14212523e+00	
0.57791667	1.12401744e+00	
0.57950000	1.11233346e+00	
0.58108333	1.05342442e+00	
0.58266667	9.51717724e-01	
0.58425000	8.59578396e-01	
0.58583333	7.54777238e-01	
0.58741667	2.42126547e-01	
0.58900000	2.38770636e-01	
0.59058333	2.29301262e-01	
0.59216667	2.16922359e-01	
0.59375000	2.13577136e-01	
0.59533333	2.04125981e-01	
0.59691667	1.99052778e-01	
0.59850000	1.89782004e-01	
0.60008333	1.87063267e-01	
0.60166667	1.79381358e-01	
0.60325000	1.80568074e-01	
0.60483333	1.60190130e-01	
0.60641667	1.65714354e-01	
0.60800000	1.42908938e-01	
0.60958333	1.21402369e-01	
0.61116667	7.80247896e-02	
0.61275000	8.27704139e-02	
0.61433333	6.59605093e-02	
0.61591667	5.87040703e-02	
0.61750000	7.06533491e-02	
0.61908333	8.87143156e-02	
0.62066667	7.50564942e-02	
0.62225000	6.38694605e-02	
0.62383333	5.81049206e-02	
0.62541667	4.46329498e-02	
0.62700000	3.97964004e-02	
0.62858333	5.00985572e-02	
0.63016667	4.96814412e-02	
0.63175000	4.55129491e-02	
0.63333333	4.10788900e-02	
0.63491667	3.96059915e-02	
0.63650000	3.63516202e-02	
0.63808333	4.07838735e-02	
0.63966667	3.89481850e-02	
0.64125000	3.31167156e-02	
0.64283333	3.53408084e-02	
0.64441667	3.44986194e-02	
0.64600000	2.15602654e-02	
0.64758333	5.23523473e-03	
0.64916667	9.39369933e-06	
0.65075000	-1.33089970e-04	
0.65233333	-2.72005721e-04	
0.65391667	-1.26946690e-04	
0.65550000	-4.01917006e-05	
0.65708333	-8.29906525e-06	
0.65866667	1.27746687e-05	
0.66025000	3.15508624e-05	
0.66183333	4.76908153e-05	
0.66341667	5.80453734e-05	
0.66500000	6.04458831e-05	
0.66658333	5.70519014e-05	
0.66816667	4.98851389e-05	
0.66975000	4.25887157e-05	
0.67133333	3.62326008e-05	
0.67291667	3.11713929e-05	
0.67450000	2.68773640e-05	
0.67608333	2.33531787e-05	
0.67766667	2.03136275e-05	
0.67925000	1.78137148e-05	
0.68083333	1.62781868e-05	
0.68241667	1.46719048e-05	
0.68400000	1.31033327e-05	
0.68558333	1.20670720e-05	
0.68716667	1.13656795e-05	
0.68875000	1.06566608e-05	
0.69033333	9.63220372e-06	
0.69191667	8.87904340e-06	
0.69350000	8.08747163e-06	
0.69508333	7.24096452e-06	
0.69666667	6.31674475e-06	
0.69825000	5.31090736e-06	
0.69983333	4.92036644e-06	
0.70141667	4.38255370e-06	
0.70300000	3.55851324e-06	
0.70458333	3.04836440e-06	
0.70616667	2.65776569e-06	
0.70775000	2.38594562e-06	
0.70933333	2.21112817e-06	
0.71091667	1.83359955e-06	
0.71250000	2.03675651e-06	
0.71408333	1.89522226e-06	
0.71566667	1.92395491e-06	
0.71725000	1.71556104e-06	
0.71883333	1.58091734e-06	
0.72041667	1.60977734e-06	
0.72200000	1.28190267e-06	
0.72358333	1.21466796e-06	
0.72516667	1.18300705e-06	
0.72675000	1.10526425e-06	
0.72833333	1.06374018e-06	
0.72991667	8.87661278e-07	
0.73150000	8.26678182e-07	
0.73308333	7.81611055e-07	
0.73466667	8.62415681e-07	
0.73625000	8.49884503e-07	
0.73783333	7.91503451e-07	
0.73941667	8.76504009e-07	
0.74100000	8.43535106e-07	
0.74258333	6.31925747e-07	
0.74416667	4.43566083e-07	
0.74575000	1.52485140e-07	
0.74733333	3.47032004e-07	
0.74891667	3.09627729e-07	
0.75050000	1.97200669e-07	
0.75208333	5.13656392e-07	
0.75366667	6.88445779e-07	
0.75525000	6.44110158e-07	
0.75683333	5.00432183e-07	
0.75841667	5.08643271e-07	
0.76000000	5.60107396e-07	
0.76158333	5.63133436e-07	
0.76316667	5.56979656e-07	
0.76475000	8.50829447e-08	
0.76633333	1.73641349e-07	
0.76791667	2.14760676e-07	
0.76950000	-1.83654046e-08	
0.77108333	2.27387325e-07	
0.77266667	2.09082428e-07	
0.77425000	4.44083798e-07	
0.77583333	5.69397877e-07	
0.77741667	5.03586412e-07	
0.77900000	5.61923894e-07	
0.78058333	5.20700164e-07	
0.78216667	5.16594340e-07	
0.78375000	2.87140816e-07	
0.78533333	2.80313158e-07	
0.78691667	3.05547834e-07	
0.78850000	2.18347763e-07	
0.79008333	3.72525804e-07	
0.79166667	1.60124513e-07	
0.79325000	9.82886733e-08	
0.79483333	4.83449365e-07	
0.79641667	5.37983492e-07	
0.79800000	5.71040879e-07	
0.79958333	5.03370691e-07	
0.80116667	5.47664198e-07	
0.80275000	4.34000238e-07	
0.80433333	1.36591599e-07	
0.80591667	1.87797245e-07	
0.80750000	1.04830859e-07	
0.80908333	1.59899383e-07	
0.81066667	3.06628179e-07	
0.81225000	1.98496553e-07	
0.81383333	5.57817566e-07	
0.81541667	5.43558430e-07	
0.81700000	4.99394848e-07	
0.81858333	5.43816713e-07	
0.82016667	5.70998429e-07	
0.82175000	4.75154161e-07	
0.82333333	3.92613702e-08	
0.82491667	1.00768444e-07	
0.82650000	2.89905604e-07	
0.82808333	2.62336295e-07	
0.82966667	2.30022971e-07	
0.83125000	1.01149107e-07	
0.83283333	3.21363672e-07	
0.83441667	4.82888612e-07	
0.83600000	4.48103855e-07	
0.83758333	4.54195248e-07	
0.83916667	4.36867287e-07	
0.84075000	4.42615805e-07	
0.84233333	2.52397669e-07	
0.84391667	9.16089036e-08	
0.84550000	1.23757377e-07	
0.84708333	5.11622087e-08	
0.84866667	7.52999708e-08	
0.85025000	1.57065474e-07	
0.85183333	2.86699600e-07	
0.85341667	4.19902641e-07	
0.85500000	5.11495087e-07	
0.85658333	6.01548080e-07	
0.85816667	5.06697128e-07	
0.85975000	3.34318425e-07	
0.86133333	5.09808515e-07	
0.86291667	3.45821705e-07	
0.86450000	9.87808584e-08	
0.86608333	1.48802527e-07	
0.86766667	6.49812418e-08	
0.86925000	8.91704141e-08	
0.87083333	3.36937719e-09	
0.87241667	1.53625407e-07	
0.87400000	4.23299782e-07	
0.87558333	4.23861627e-07	
0.87716667	5.00432351e-07	
0.87875000	5.25064496e-07	
0.88033333	6.50593121e-07	
0.88191667	3.78058180e-07	
0.88350000	4.20629974e-08	
0.88508333	1.35813528e-07	
0.88666667	9.13916488e-08	
0.88825000	2.62042394e-07	
0.88983333	1.34345072e-07	
0.89141667	1.28406972e-07	
0.89300000	2.86258301e-07	
0.89458333	3.81177492e-07	
0.89616667	5.06697744e-07	
0.89775000	3.99748961e-07	
0.89933333	3.38086330e-07	
0.90091667	3.91711144e-07	
0.90250000	1.75628599e-07	
0.90408333	1.20551597e-07	
0.90566667	1.62993956e-07	
0.90725000	2.83804018e-07	
0.90883333	2.74306776e-07	
0.91041667	1.44802015e-07	
0.91200000	5.03845872e-07	
0.91358333	3.06932608e-07	
0.91516667	5.21217459e-07	
0.91675000	5.29556906e-07	
0.91833333	5.08642319e-07	
0.91991667	6.03277157e-07	
0.92150000	4.68803056e-07	
0.92308333	2.44776623e-07	
0.92466667	1.53054938e-07	
0.92625000	1.42079033e-07	
0.92783333	1.61143311e-07	
0.92941667	4.02300772e-08	
0.93100000	1.04528172e-07	
0.93258333	5.96794307e-07	
0.93416667	3.82076304e-07	
0.93575000	5.16161105e-07	
0.93733333	3.49624276e-07	
0.93891667	4.24120723e-07	
0.94050000	4.28831962e-07	
0.94208333	1.29064203e-07	
0.94366667	7.56113027e-08	
0.94525000	-8.39984228e-09	
0.94683333	8.55151091e-08	
0.94841667	1.18313191e-07	
0.95000000	-2.63419370e-08	
0.95158333	1.93829499e-07	
0.95316667	1.88169087e-07	
0.95475000	4.91012560e-07	
0.95633333	3.35062475e-07	
0.95791667	3.07190388e-07	
0.95950000	5.17267266e-07	
0.96108333	4.60849327e-07	
0.96266667	4.49287944e-07	
0.96425000	2.56632719e-07	
0.96583333	1.74746811e-07	
0.96741667	2.72405267e-07	
0.96900000	7.63717259e-08	
0.97058333	1.07034607e-07	
0.97216667	3.00103046e-07	
0.97375000	4.15391975e-07	
0.97533333	4.41405478e-07	
0.97691667	2.39694059e-07	
0.97850000	4.27930658e-07	
0.98008333	4.59467829e-07	
0.98166667	4.72301225e-07	
0.98325000	4.24709813e-07	
0.98483333	1.36975575e-08	
0.98641667	1.34516986e-07	
0.98800000	9.37778459e-08	
0.98958333	8.37870606e-08	
0.99116667	1.60315033e-07	
0.99275000	3.10950509e-07	
0.99433333	4.72343954e-07	
0.99591667	3.70711350e-07	
0.99750000	4.36133430e-07	
0.99908333	5.53667611e-07	
1.00066667	3.76588394e-07	
1.00225000	2.29928747e-07	
1.00383333	2.19950762e-08	
1.00541667	-2.16101250e-09	
1.00700000	2.19600848e-07	
1.00858333	3.01746132e-07	
1.01016667	2.94270356e-07	
1.01175000	5.09983691e-07	
1.01333333	6.59279670e-07	
1.01491667	6.06561313e-07	
1.01650000	4.41924341e-07	
1.01808333	4.53374923e-07	
1.01966667	4.19064704e-07	
1.02125000	5.78644676e-07	
1.02283333	5.59674497e-07	
1.02441667	9.60073619e-08	
1.02600000	1.12911195e-07	
1.02758333	1.68179340e-07	
1.02916667	5.38676691e-08	
1.03075000	6.95016036e-08	
1.03233333	3.43618594e-07	
1.03391667	3.51274586e-07	
1.03550000	4.22824488e-07	
1.03708333	5.04925992e-07	
1.03866667	4.19583987e-07	
1.04025000	2.99222238e-07	
1.04183333	3.42960313e-07	
1.04341667	7.46099848e-08	
1.04500000	1.14821455e-07	
1.04658333	1.22720295e-07	
1.04816667	1.73709616e-07	
1.04975000	2.01356601e-07	
1.05133333	7.10217148e-08	
1.05291667	3.94978415e-07	
1.05450000	5.77997455e-07	
1.05608333	5.79726981e-07	
1.05766667	5.31285871e-07	
1.05925000	4.34066489e-07	
1.06083333	6.18719682e-07	
1.06241667	2.81391878e-07	
1.06400000	2.62224150e-07	
1.06558333	2.82257369e-07	
1.06716667	1.60789599e-07	
1.06875000	5.64777922e-08	
1.07033333	9.14006162e-08	
1.07191667	2.02939456e-07	
1.07350000	4.10984017e-07	
1.07508333	5.41223741e-07	
1.07666667	6.14942369e-07	
1.07825000	4.73944338e-07	
1.07983333	6.10060854e-07	
1.08141667	4.89889878e-07	
1.08300000	1.46641950e-07	
1.08458333	1.54092076e-07	
1.08616667	6.52489758e-08	
1.08775000	1.84858289e-07	
1.08933333	1.03318721e-07	
1.09091667	1.21813348e-07	
1.09250000	3.55397715e-07	
1.09408333	5.08729347e-07	
1.09566667	4.88894321e-07	
1.09725000	5.52329431e-07	
1.09883333	4.60462181e-07	
1.10041667	6.38495010e-07	
1.10200000	4.35745304e-07	
1.10358333	1.21735532e-07	
1.10516667	1.32011391e-07	
1.10675000	9.90833489e-08	
1.10833333	1.15555550e-07	
1.10991667	1.55249648e-07	
1.11150000	2.73227692e-07	
1.11308333	5.27436874e-07	
1.11466667	4.98445214e-07	
1.11625000	5.43212222e-07	
1.11783333	4.20231768e-07	
1.11941667	6.63470226e-07	
1.12100000	3.51092970e-07	
1.12258333	1.33567337e-07	
1.12416667	7.64409100e-08	
1.12575000	8.30959196e-08	
1.12733333	2.67868167e-07	
1.12891667	2.17354027e-07	
1.13050000	2.27637838e-07	
1.13208333	2.93101668e-07	
1.13366667	5.81800306e-07	
1.13525000	6.73191871e-07	
1.13683333	5.65595755e-07	
1.13841667	5.74971527e-07	
1.14000000	4.65949588e-07	
1.14158333	2.59286090e-07	
1.14316667	2.22280008e-07	
1.14475000	1.88911821e-07	
1.14633333	1.97520065e-07	
1.14791667	1.35104704e-07	
1.14950000	5.33135382e-08	
1.15108333	2.19825208e-07	
1.15266667	3.11035492e-07	
1.15425000	4.88462542e-07	
1.15583333	4.88548226e-07	
1.15741667	3.80175971e-07	
1.15900000	5.17502589e-07	
1.16058333	4.21061893e-07	
1.16216667	1.27482496e-07	
1.16375000	5.65646416e-08	
1.16533333	8.14098659e-08	
1.16691667	3.43314473e-07	
1.16850000	3.05159009e-07	
1.17008333	5.94160480e-08	
1.17166667	3.06396244e-07	
1.17325000	3.86137074e-07	
1.17483333	5.21866921e-07	
1.17641667	5.23161587e-07	
1.17800000	6.49078701e-07	
1.17958333	6.58501011e-07	
1.18116667	5.46384205e-07	
1.18275000	3.08695595e-07	
1.18433333	-5.66150964e-08	
1.18591667	-2.59545123e-10	
1.18750000	2.54170093e-07	
1.18908333	-3.93221732e-09	
1.19066667	2.42166066e-07	
@ 
0.00000000	5.51680698e-07	
0.00158333	4.70918242e-07	
0.00316667	5.16680864e-07	
0.00475000	5.22556143e-07	
0.00633333	6.49943939e-07	
0.00791667	5.37552552e-07	
0.00950000	4.52363070e-07	
0.01108333	1.75886840e-07	
0.01266667	1.82741016e-07	
0.01425000	1.32227113e-07	
0.01583333	-1.14862711e-08	
0.01741667	-2.10894438e-09	
0.01900000	3.97934144e-07	
0.02058333	4.52225640e-07	
0.02216667	5.88886360e-07	
0.02375000	5.53236784e-07	
0.02533333	7.67350240e-07	
0.02691667	7.07845834e-07	
0.02850000	4.65231103e-07	
0.03008333	4.12659332e-07	
0.03166667	3.05423670e-08	
0.03325000	2.88393228e-07	
0.03483333	5.32021877e-08	
0.03641667	-2.01365855e-08	
0.03800000	1.37999712e-07	
0.03958333	3.73961568e-07	
0.04116667	5.74902252e-07	
0.04275000	5.22599937e-07	
0.04433333	4.29694765e-07	
0.04591667	6.85075156e-07	
0.04750000	4.85091302e-07	
0.04908333	4.58862526e-07	
0.05066667	3.30999492e-07	
0.05225000	2.28285857e-07	
0.05383333	4.14095965e-07	
0.05541667	2.51714775e-07	
0.05700000	4.70010946e-07	
0.05858333	3.18253040e-07	
0.06016667	4.65734062e-07	
0.06175000	5.82750444e-07	
0.06333333	4.68455336e-07	
0.06491667	4.98012706e-07	
0.06650000	3.96569418e-07	
0.06808333	4.86016184e-07	
0.06966667	3.22486970e-07	
0.07125000	1.30299521e-07	
0.07283333	2.58447817e-07	
0.07441667	2.55682889e-07	
0.07600000	3.43453079e-07	
0.07758333	3.33428097e-07	
0.07916667	3.68716205e-07	
0.08075000	5.47920354e-07	
0.08233333	5.73114820e-07	
0.08391667	6.60358335e-07	
0.08550000	6.95359681e-07	
0.08708333	6.67358705e-07	
0.08866667	7.08939395e-07	
0.09025000	4.51085177e-07	
0.09183333	2.18909105e-07	
0.09341667	2.97380484e-07	
0.09500000	2.55725563e-07	
0.09658333	1.30550776e-07	
0.09816667	2.29970343e-07	
0.09975000	6.03449365e-07	
0.10133333	5.76484659e-07	
0.10291667	4.87684667e-07	
0.10450000	4.77703059e-07	
0.10608333	5.44248381e-07	
0.10766667	6.09108867e-07	
0.10925000	3.19678556e-07	
0.11083333	-3.72049264e-08	
0.11241667	2.40471458e-07	
0.11400000	1.92679824e-07	
0.11558333	2.26539993e-07	
0.11716667	2.13135848e-07	
0.11875000	3.03561537e-07	
0.12033333	6.27690389e-07	
0.12191667	5.69227014e-07	
0.12350000	5.89577711e-07	
0.12508333	5.31586549e-07	
0.12666667	4.53333565e-07	
0.12825000	4.24336248e-07	
0.12983333	1.69734754e-07	
0.13141667	2.26462416e-07	
0.13300000	2.42527926e-07	
0.13458333	2.66269408e-07	
0.13616667	1.52658552e-07	
0.13775000	1.65136752e-07	
0.13933333	4.63657377e-07	
0.14091667	4.50350984e-07	
0.14250000	4.78005920e-07	
0.14408333	5.46928605e-07	
0.14566667	5.86337125e-07	
0.14725000	7.76512083e-07	
0.14883333	3.97633634e-07	
0.15041667	3.46478979e-07	
0.15200000	1.93414507e-07	
0.15358333	1.21813292e-07	
0.15516667	2.24068770e-07	
0.15675000	1.52494003e-07	
0.15833333	2.98634156e-07	
0.15991667	4.78653198e-07	
0.16150000	6.64854441e-07	
0.16308333	6.16497727e-07	
0.16466667	5.64904740e-07	
0.16625000	6.10622279e-07	
0.16783333	6.21943187e-07	
0.16941667	2.17128127e-07	
0.17100000	3.88557111e-07	
0.17258333	2.26125420e-07	
0.17416667	3.57445531e-07	
0.17575000	4.12151194e-07	
0.17733333	2.30102495e-07	
0.17891667	3.92793421e-07	
0.18050000	4.40860826e-07	
0.18208333	5.96967242e-07	
0.18366667	6.09714142e-07	
0.18525000	5.44767188e-07	
0.18683333	8.03035097e-07	
0.18841667	6.17317491e-07	
0.19000000	3.82992029e-07	
0.19158333	2.42200200e-07	
0.19316667	2.44317991e-07	
0.19475000	4.42096185e-07	
0.19633333	3.22616000e-07	
0.19791667	4.76147701e-07	
0.19950000	6.16437244e-07	
0.20108333	5.15945159e-07	
0.20266667	5.97268648e-07	
0.20425000	5.17285243e-07	
0.20583333	6.57333975e-07	
0.20741667	5.72639471e-07	
0.20900000	4.16213308e-07	
0.21058333	2.23489494e-07	
0.21216667	2.04217041e-07	
0.21375000	3.85706051e-07	
0.21533333	3.79397172e-07	
0.21691667	2.07475086e-07	
0.21850000	4.34446886e-07	
0.22008333	5.94590664e-07	
0.22166667	5.85903554e-07	
0.22325000	4.86950362e-07	
0.22483333	4.45223702e-07	
0.22641667	6.27602297e-07	
0.22800000	4.87339803e-07	
0.22958333	4.76492957e-07	
0.23116667	2.80087944e-07	
0.23275000	2.88004487e-07	
0.23433333	3.69760539e-07	
0.23591667	2.46383363e-07	
0.23750000	3.38215836e-07	
0.23908333	3.44004844e-07	
0.24066667	4.55838530e-07	
0.24225000	6.58414320e-07	
0.24383333	5.90442110e-07	
0.24541667	7.04172517e-07	
0.24700000	4.95783582e-07	
0.24858333	4.19022786e-07	
0.25016667	2.09575572e-07	
0.25175000	1.63771425e-07	
0.25333333	2.69639919e-07	
0.25491667	2.90925746e-07	
0.25650000	2.90899089e-07	
0.25808333	7.12559005e-07	
0.25966667	7.96520884e-07	
0.26125000	8.15833743e-07	
0.26283333	6.43894156e-07	
0.26441667	5.92645472e-07	
0.26600000	5.69094288e-07	
0.26758333	6.42987643e-07	
0.26916667	3.37654215e-07	
0.27075000	1.17837253e-07	
0.27233333	2.19168368e-07	
0.27391667	3.47773925e-07	
0.27550000	3.09524741e-07	
0.27708333	2.42805755e-07	
0.27866667	4.52891930e-07	
0.28025000	6.21512920e-07	
0.28183333	7.40471666e-07	
0.28341667	6.31709129e-07	
0.28500000	7.82951364e-07	
0.28658333	7.96386758e-07	
0.28816667	5.87373116e-07	
0.28975000	4.43999851e-07	
0.29133333	1.82654408e-07	
0.29291667	3.27975328e-07	
0.29450000	2.46435530e-07	
0.29608333	3.03690959e-07	
0.29766667	5.06698136e-07	
0.29925000	5.19530440e-07	
0.30083333	7.14027447e-07	
0.30241667	6.31535521e-07	
0.30400000	5.99300587e-07	
0.30558333	6.27216832e-07	
0.30716667	6.50525582e-07	
0.30875000	5.88408938e-07	
0.31033333	1.99895887e-07	
0.31191667	2.70632928e-07	
0.31350000	3.82335680e-07	
0.31508333	2.70633152e-07	
0.31666667	2.99671014e-07	
0.31825000	4.28700944e-07	
0.31983333	4.96973972e-07	
0.32141667	5.96535575e-07	
0.32300000	6.14294084e-07	
0.32458333	6.07554125e-07	
0.32616667	5.72378443e-07	
0.32775000	6.33541195e-07	
0.32933333	3.28528241e-07	
0.33091667	2.05903389e-07	
0.33250000	3.10258346e-07	
0.33408333	2.30940516e-07	
0.33566667	2.74263234e-07	
0.33725000	3.19850428e-07	
0.33883333	5.39710217e-07	
0.34041667	6.44498871e-07	
0.34200000	7.19687005e-07	
0.34358333	8.33706665e-07	
0.34516667	8.39599193e-07	
0.34675000	7.39394961e-07	
0.34833333	7.77980973e-07	
0.34991667	2.44534076e-07	
0.35150000	3.11554832e-07	
0.35308333	1.56209293e-07	
0.35466667	2.04387489e-08	
0.35625000	1.08571813e-07	
0.35783333	3.32254228e-07	
0.35941667	6.89052062e-07	
0.36100000	6.64981902e-07	
0.36258333	6.27516557e-07	
0.36416667	6.64594029e-07	
0.36575000	5.93034410e-07	
0.36733333	6.45754784e-07	
0.36891667	5.37897472e-07	
0.37050000	3.02419394e-07	
0.37208333	3.99533519e-07	
0.37366667	2.70417038e-07	
0.37525000	3.55285654e-07	
0.37683333	2.82948160e-07	
0.37841667	7.00076717e-07	
0.38000000	7.58360940e-07	
0.38158333	7.33082862e-07	
0.38316667	8.26893903e-07	
0.38475000	9.04459400e-07	
0.38633333	1.03789390e-06	
0.38791667	8.51610388e-07	
0.38950000	6.54611749e-07	
0.39108333	7.33213572e-07	
0.39266667	7.01798122e-07	
0.39425000	8.38129576e-07	
0.39583333	8.43489408e-07	
0.39741667	1.10059722e-06	
0.39900000	1.54755205e-06	
0.40058333	1.68500327e-06	
0.40216667	2.09489362e-06	
0.40375000	2.20551829e-06	
0.40533333	2.70373748e-06	
0.40691667	3.16395067e-06	
0.40850000	3.38194695e-06	
0.41008333	4.43207337e-06	
0.41166667	5.39910191e-06	
0.41325000	6.61352671e-06	
0.41483333	8.00673482e-06	
0.41641667	9.91560511e-06	
0.41800000	1.28751829e-05	
0.41958333	1.58544583e-05	
0.42116667	1.88684580e-05	
0.42275000	2.29573995e-05	
0.42433333	2.91152781e-05	
0.42591667	3.94561878e-05	
0.42750000	5.36072146e-05	
0.42908333	8.39790099e-05	
0.43066667	1.93716079e-04	
0.43225000	5.25893882e-04	
0.43383333	6.45793925e-04	
0.43541667	4.13201844e-04	
0.43700000	6.02233124e-04	
0.43858333	9.05982152e-04	
0.44016667	8.34746984e-04	
0.44175000	1.03502376e-03	
0.44333333	8.63120234e-04	
0.44491667	1.67595154e-03	
0.44650000	1.58392187e-03	
0.44808333	2.82646464e-03	
0.44966667	4.12543678e-03	
0.45125000	5.69938826e-03	
0.45283333	5.30973894e-03	
0.45441667	9.68275326e-04	
0.45600000	4.09001449e-03	
0.45758333	4.98073110e-03	
0.45916667	7.02291551e-03	
0.46075000	9.32969931e-03	
0.46233333	1.22152284e-02	
0.46391667	1.72895147e-02	
0.46550000	2.16020761e-02	
0.46708333	5.49582838e-02	
0.46866667	1.06198902e-01	
0.47025000	1.12137467e-01	
0.47183333	1.80824737e-01	
0.47341667	2.65737847e-01	
0.47500000	3.16035148e-01	
0.47658333	2.29635160e-01	
0.47816667	2.47120019e-01	
0.47975000	2.82603296e-01	
0.48133333	3.25052136e-01	
0.48291667	5.43486815e-01	
0.48450000	5.98589381e-01	
0.48608333	6.75096206e-01	
0.48766667	7.18979411e-01	
0.48925000	8.05187962e-01	
0.49083333	8.47938873e-01	
0.49241667	9.01904564e-01	
0.49400000	1.00823833e+00	
0.49558333	1.07020860e+00	
0.49716667	1.09870658e+00	
0.49875000	1.30971308e+00	
0.50033333	1.82284791e+00	
0.50191667	1.92223864e+00	
0.50350000	2.07465930e+00	
0.50508333	2.20354031e+00	
0.50666667	2.35466249e+00	
0.50825000	2.49719117e+00	
0.50983333	2.92362436e+00	
0.51141667	3.91253029e+00	
0.51300000	3.94711220e+00	
0.51458333	4.26182133e+00	
0.51616667	5.02011284e+00	
0.51775000	4.95439816e+00	
0.51933333	5.18317362e+00	
0.52091667	5.57788165e+00	
0.52250000	5.59836278e+00	
0.52408333	6.18942277e+00	
0.52566667	6.70818737e+00	
0.52725000	7.13308741e+00	
0.52883333	7.28125936e+00	
0.53041667	9.87276208e+00	
0.53200000	1.01744690e+01	
0.53358333	1.02481996e+01	
0.53516667	1.03883340e+01	
0.53675000	1.05579915e+01	
0.53833333	1.07649018e+01	
0.53991667	1.10494232e+01	
0.54150000	1.23122200e+01	
0.54308333	1.42792376e+01	
0.54466667	1.45992172e+01	
0.54625000	1.48383359e+01	
0.54783333	1.52791024e+01	
0.54941667	1.54774045e+01	
0.55100000	1.57119512e+01	
0.55258333	1.61100041e+01	
0.55416667	1.63572566e+01	
0.55575000	1.80007196e+01	
0.55733333	1.98821784e+01	
0.55891667	2.06953336e+01	
0.56050000	2.10461263e+01	
0.56208333	2.12483284e+01	
0.56366667	2.15287326e+01	
0.56525000	2.16304707e+01	
0.56683333	2.17908396e+01	
0.56841667	2.19960428e+01	
0.57000000	2.36483283e+01	
0.57158333	2.45773714e+01	
0.57316667	2.46316595e+01	
0.57475000	2.65290403e+01	
0.57633333	2.76587297e+01	
0.57791667	2.81296534e+01	
0.57950000	2.86383083e+01	
0.58108333	2.88044499e+01	
0.58266667	2.98697922e+01	
0.58425000	3.11021103e+01	
0.58583333	3.17885518e+01	
0.58741667	3.21641791e+01	
0.58900000	3.23962783e+01	
0.59058333	3.25950980e+01	
0.59216667	3.27079662e+01	
0.59375000	3.28017425e+01	
0.59533333	3.29252165e+01	
