start voltage : 0.00 V 
set voltage : 0.10 V 
High G : 30.00 G0 
Intermediate G : 20.00 G0 
Low G : 10.00 G0 
Breaking speed 1 : 300.00 V/s 
Breaking speed 2 : 300.00 V/s 
Making speed : 500.00 V/s 
Post breaking : 230.00 V/s 
@ 
0.00000000	4.91307613e+01	
0.00158333	4.96485751e+01	
0.00316667	4.95585158e+01	
0.00475000	4.97244996e+01	
0.00633333	4.94737068e+01	
0.00791667	4.97773032e+01	
0.00950000	4.96140592e+01	
0.01108333	4.96125935e+01	
0.01266667	4.97187795e+01	
0.01425000	4.95561330e+01	
0.01583333	4.98444220e+01	
0.01741667	4.94988270e+01	
0.01900000	4.96838426e+01	
0.02058333	4.96496124e+01	
0.02216667	4.94534648e+01	
0.02375000	4.95753002e+01	
0.02533333	4.94920509e+01	
0.02691667	4.96610412e+01	
0.02850000	4.95180280e+01	
0.03008333	4.95715983e+01	
0.03166667	4.96185428e+01	
0.03325000	4.94309715e+01	
0.03483333	4.95033557e+01	
0.03641667	4.94833204e+01	
0.03800000	4.95491539e+01	
0.03958333	4.95915998e+01	
0.04116667	4.94258265e+01	
0.04275000	4.95259993e+01	
0.04433333	4.95051484e+01	
0.04591667	4.93079786e+01	
0.04750000	4.95459970e+01	
0.04908333	4.94149388e+01	
0.05066667	4.95068697e+01	
0.05225000	4.94999094e+01	
0.05383333	4.93910588e+01	
0.05541667	4.95104513e+01	
0.05700000	4.95390555e+01	
0.05858333	4.95245411e+01	
0.06016667	4.94872403e+01	
0.06175000	4.93804642e+01	
0.06333333	4.96736841e+01	
0.06491667	4.94042954e+01	
0.06650000	4.94942081e+01	
0.06808333	4.95524424e+01	
0.06966667	4.93611016e+01	
0.07125000	4.95029686e+01	
0.07283333	4.93512249e+01	
0.07441667	4.93877252e+01	
0.07600000	4.94113722e+01	
0.07758333	4.92735491e+01	
0.07916667	4.93232409e+01	
0.08075000	4.92256726e+01	
0.08233333	4.94452304e+01	
0.08391667	4.92488798e+01	
0.08550000	4.91388491e+01	
0.08708333	4.94122967e+01	
0.08866667	4.92005110e+01	
0.09025000	4.92509168e+01	
0.09183333	4.91709146e+01	
0.09341667	4.91957492e+01	
0.09500000	4.90880674e+01	
0.09658333	4.90320392e+01	
0.09816667	4.91932124e+01	
0.09975000	4.89294837e+01	
0.10133333	4.90981847e+01	
0.10291667	4.89385749e+01	
0.10450000	4.89596400e+01	
0.10608333	4.90748947e+01	
0.10766667	4.89826519e+01	
0.10925000	4.90559343e+01	
0.11083333	4.89468995e+01	
0.11241667	4.86720012e+01	
0.11400000	4.87813554e+01	
0.11558333	4.86440622e+01	
0.11716667	4.87428219e+01	
0.11875000	4.86909128e+01	
0.12033333	4.86139247e+01	
0.12191667	4.87240269e+01	
0.12350000	4.82757260e+01	
0.12508333	4.81291048e+01	
0.12666667	4.82270151e+01	
0.12825000	4.80422701e+01	
0.12983333	4.82288341e+01	
0.13141667	4.80230916e+01	
0.13300000	4.82473924e+01	
0.13458333	4.81979562e+01	
0.13616667	4.80096897e+01	
0.13775000	4.80166349e+01	
0.13933333	4.76444540e+01	
0.14091667	4.76459310e+01	
0.14250000	4.73319993e+01	
0.14408333	4.72750353e+01	
0.14566667	4.73851637e+01	
0.14725000	4.71654931e+01	
0.14883333	4.72595888e+01	
0.15041667	4.70774069e+01	
0.15200000	4.71339087e+01	
0.15358333	4.70931165e+01	
0.15516667	4.68727919e+01	
0.15675000	4.68087511e+01	
0.15833333	4.64373218e+01	
0.15991667	4.64176322e+01	
0.16150000	4.64818723e+01	
0.16308333	4.62513328e+01	
0.16466667	4.62718191e+01	
0.16625000	4.62584096e+01	
0.16783333	4.62524001e+01	
0.16941667	4.62664447e+01	
0.17100000	4.61358789e+01	
0.17258333	4.60060759e+01	
0.17416667	4.59073012e+01	
0.17575000	4.58457107e+01	
0.17733333	4.59980407e+01	
0.17891667	4.57869239e+01	
0.18050000	4.59490893e+01	
0.18208333	4.57703801e+01	
0.18366667	4.55929373e+01	
0.18525000	4.57710415e+01	
0.18683333	4.52930090e+01	
0.18841667	4.53885704e+01	
0.19000000	4.47486995e+01	
0.19158333	4.46868986e+01	
0.19316667	4.46762401e+01	
0.19475000	4.45637365e+01	
0.19633333	4.47803290e+01	
0.19791667	4.44303932e+01	
0.19950000	4.42308369e+01	
0.20108333	4.42743989e+01	
0.20266667	4.40441375e+01	
0.20425000	4.40925853e+01	
0.20583333	4.29092730e+01	
0.20741667	4.28076834e+01	
0.20900000	4.29219534e+01	
0.21058333	4.26821536e+01	
0.21216667	4.28772451e+01	
0.21375000	4.25418838e+01	
0.21533333	4.26813794e+01	
0.21691667	4.25546432e+01	
0.21850000	4.24989156e+01	
0.22008333	4.25919477e+01	
0.22166667	4.24862916e+01	
0.22325000	4.24222658e+01	
0.22483333	4.23727920e+01	
0.22641667	4.21612355e+01	
0.22800000	4.23728070e+01	
0.22958333	4.20078569e+01	
0.23116667	4.20007952e+01	
0.23275000	4.19902344e+01	
0.23433333	4.14526672e+01	
0.23591667	4.13621043e+01	
0.23750000	4.10163665e+01	
0.23908333	4.08735562e+01	
0.24066667	4.07116727e+01	
0.24225000	4.06629731e+01	
0.24383333	4.07195350e+01	
0.24541667	4.05415999e+01	
0.24700000	4.05777243e+01	
0.24858333	4.06970906e+01	
0.25016667	4.02464182e+01	
0.25175000	3.98889546e+01	
0.25333333	3.97653904e+01	
0.25491667	3.97832046e+01	
0.25650000	3.97295403e+01	
0.25808333	3.92934162e+01	
0.25966667	3.93261281e+01	
0.26125000	3.91159246e+01	
0.26283333	3.89798341e+01	
0.26441667	3.84517340e+01	
0.26600000	3.81925753e+01	
0.26758333	3.80755204e+01	
0.26916667	3.78709354e+01	
0.27075000	3.79774334e+01	
0.27233333	3.79543576e+01	
0.27391667	3.76525878e+01	
0.27550000	3.77750621e+01	
0.27708333	3.73288884e+01	
0.27866667	3.70711541e+01	
0.28025000	3.69279604e+01	
0.28183333	3.66123038e+01	
0.28341667	3.65250744e+01	
0.28500000	3.62073996e+01	
0.28658333	3.61274537e+01	
0.28816667	3.57033486e+01	
0.28975000	3.56965875e+01	
0.29133333	3.56702157e+01	
0.29291667	3.56328661e+01	
0.29450000	3.57300210e+01	
0.29608333	3.56155555e+01	
0.29766667	3.54237524e+01	
0.29925000	3.51854070e+01	
0.30083333	3.51210167e+01	
0.30241667	3.54121056e+01	
0.30400000	3.53842869e+01	
0.30558333	3.52375755e+01	
0.30716667	3.53262029e+01	
0.30875000	3.51566262e+01	
0.31033333	3.52337458e+01	
0.31191667	3.48987679e+01	
0.31350000	3.38513507e+01	
0.31508333	3.31644827e+01	
0.31666667	3.26897499e+01	
0.31825000	3.25978040e+01	
0.31983333	3.20065124e+01	
0.32141667	3.21267618e+01	
0.32300000	3.20821625e+01	
0.32458333	3.20166635e+01	
0.32616667	3.21190386e+01	
0.32775000	3.19808284e+01	
0.32933333	3.20529007e+01	
0.33091667	3.21441401e+01	
0.33250000	3.18923964e+01	
0.33408333	3.19918063e+01	
0.33566667	3.19122513e+01	
0.33725000	3.18151340e+01	
0.33883333	3.16828656e+01	
0.34041667	3.14627271e+01	
0.34200000	3.11097208e+01	
0.34358333	3.10177786e+01	
0.34516667	3.09852884e+01	
0.34675000	3.08313537e+01	
0.34833333	2.99173586e+01	
0.34991667	2.96435258e+01	
0.35150000	2.86053089e+01	
0.35308333	2.85068404e+01	
0.35466667	2.84323629e+01	
0.35625000	2.83644567e+01	
0.35783333	2.86911721e+01	
0.35941667	2.85098940e+01	
0.36100000	2.85633403e+01	
0.36258333	2.87048691e+01	
0.36416667	2.87251768e+01	
0.36575000	2.87571747e+01	
0.36733333	2.80597027e+01	
0.36891667	2.74412314e+01	
0.37050000	2.71526624e+01	
0.37208333	2.72698752e+01	
0.37366667	2.71369134e+01	
0.37525000	2.70865620e+01	
0.37683333	2.70787862e+01	
0.37841667	2.70998343e+01	
0.38000000	2.68850739e+01	
0.38158333	2.68688288e+01	
0.38316667	2.64078400e+01	
0.38475000	2.64380715e+01	
0.38633333	2.62287380e+01	
0.38791667	2.63077762e+01	
0.38950000	2.58056908e+01	
0.39108333	2.51765197e+01	
0.39266667	2.47302915e+01	
0.39425000	2.45914405e+01	
0.39583333	2.45775762e+01	
0.39741667	2.42041437e+01	
0.39900000	2.39218886e+01	
0.40058333	2.38705583e+01	
0.40216667	2.37566509e+01	
0.40375000	2.36286688e+01	
0.40533333	2.31412106e+01	
0.40691667	2.23448342e+01	
0.40850000	2.23115134e+01	
0.41008333	2.23980362e+01	
0.41166667	2.25841737e+01	
0.41325000	2.25756481e+01	
0.41483333	2.23136425e+01	
0.41641667	2.21780518e+01	
0.41800000	2.18910463e+01	
0.41958333	2.19482771e+01	
0.42116667	2.17874591e+01	
0.42275000	2.15971744e+01	
0.42433333	2.16288077e+01	
0.42591667	2.12810160e+01	
0.42750000	2.11243076e+01	
0.42908333	2.12771600e+01	
0.43066667	2.11320534e+01	
0.43225000	2.03442590e+01	
0.43383333	2.00349857e+01	
0.43541667	1.90142597e+01	
0.43700000	1.87023858e+01	
0.43858333	1.86845265e+01	
0.44016667	1.87366386e+01	
0.44175000	1.86702056e+01	
0.44333333	1.88129915e+01	
0.44491667	1.87986781e+01	
0.44650000	1.87146640e+01	
0.44808333	1.88989054e+01	
0.44966667	1.86371028e+01	
0.45125000	1.83713803e+01	
0.45283333	1.83748811e+01	
0.45441667	1.82945595e+01	
0.45600000	1.83450424e+01	
0.45758333	1.80674588e+01	
0.45916667	1.79557576e+01	
0.46075000	1.78821350e+01	
0.46233333	1.78766292e+01	
0.46391667	1.75515392e+01	
0.46550000	1.75700243e+01	
0.46708333	1.75001036e+01	
0.46866667	1.72570961e+01	
0.47025000	1.71255681e+01	
0.47183333	1.65279927e+01	
0.47341667	1.62347973e+01	
0.47500000	1.62088784e+01	
0.47658333	1.59933588e+01	
0.47816667	1.57860153e+01	
0.47975000	1.52512377e+01	
0.48133333	1.52102576e+01	
0.48291667	1.49242574e+01	
0.48450000	1.48277827e+01	
0.48608333	1.41550166e+01	
0.48766667	1.38964752e+01	
0.48925000	1.36180254e+01	
0.49083333	1.34429720e+01	
0.49241667	1.30217531e+01	
0.49400000	1.31631842e+01	
0.49558333	1.30872541e+01	
0.49716667	1.29925449e+01	
0.49875000	1.29686902e+01	
0.50033333	1.28305815e+01	
0.50191667	1.27729861e+01	
0.50350000	1.25075971e+01	
0.50508333	1.23971840e+01	
0.50666667	1.26212095e+01	
0.50825000	1.22899973e+01	
0.50983333	1.21122417e+01	
0.51141667	1.20832693e+01	
0.51300000	1.18486586e+01	
0.51458333	1.17401998e+01	
0.51616667	1.15344386e+01	
0.51775000	1.18618539e+01	
0.51933333	1.18064881e+01	
0.52091667	1.19388504e+01	
0.52250000	1.12648009e+01	
0.52408333	1.12166763e+01	
0.52566667	1.12203979e+01	
0.52725000	1.12054720e+01	
0.52883333	1.11040336e+01	
0.53041667	1.10841862e+01	
0.53200000	1.09837390e+01	
0.53358333	1.06779572e+01	
0.53516667	1.06733045e+01	
0.53675000	1.03864925e+01	
0.53833333	1.00382780e+01	
0.53991667	9.70612249e+00	
0.54150000	9.20277993e+00	
0.54308333	9.57160009e+00	
0.54466667	9.73769285e+00	
0.54625000	9.61780514e+00	
0.54783333	9.30884851e+00	
0.54941667	9.36147079e+00	
0.55100000	8.96307121e+00	
0.55258333	8.88824322e+00	
0.55416667	8.99804093e+00	
0.55575000	8.80363152e+00	
0.55733333	8.86202556e+00	
0.55891667	8.73185617e+00	
0.56050000	8.08172236e+00	
0.56208333	8.06678796e+00	
0.56366667	7.88802608e+00	
0.56525000	7.99046699e+00	
0.56683333	7.89815085e+00	
0.56841667	7.79697882e+00	
0.57000000	7.79192678e+00	
0.57158333	7.77798596e+00	
0.57316667	7.56961037e+00	
0.57475000	7.57224726e+00	
0.57633333	7.72790755e+00	
0.57791667	7.81969472e+00	
0.57950000	7.66417677e+00	
0.58108333	7.57922589e+00	
0.58266667	7.45397419e+00	
0.58425000	7.04695174e+00	
0.58583333	6.70059003e+00	
0.58741667	6.35347621e+00	
0.58900000	6.44978410e+00	
0.59058333	6.27485941e+00	
0.59216667	6.17901191e+00	
0.59375000	6.19892601e+00	
0.59533333	5.68551742e+00	
0.59691667	5.43634491e+00	
0.59850000	5.38587236e+00	
0.60008333	5.31510704e+00	
0.60166667	5.38244341e+00	
0.60325000	5.32892524e+00	
0.60483333	5.33249466e+00	
0.60641667	5.23895426e+00	
0.60800000	5.21995153e+00	
0.60958333	5.12802531e+00	
0.61116667	5.02661276e+00	
0.61275000	4.98180061e+00	
0.61433333	4.95727699e+00	
0.61591667	4.62203459e+00	
0.61750000	4.12724396e+00	
0.61908333	4.07876892e+00	
0.62066667	3.85385837e+00	
0.62225000	3.63908222e+00	
0.62383333	3.43891726e+00	
0.62541667	3.12761711e+00	
0.62700000	3.05749211e+00	
0.62858333	3.14966145e+00	
0.63016667	3.02047813e+00	
0.63175000	2.98348553e+00	
0.63333333	2.96444640e+00	
0.63491667	2.90931265e+00	
0.63650000	2.97509286e+00	
0.63808333	2.98555187e+00	
0.63966667	2.95973518e+00	
0.64125000	2.87710408e+00	
0.64283333	2.89536314e+00	
0.64441667	2.74421160e+00	
0.64600000	2.11048543e+00	
0.64758333	2.10529292e+00	
0.64916667	2.05733346e+00	
0.65075000	2.04901642e+00	
0.65233333	2.05901693e+00	
0.65391667	2.02204735e+00	
0.65550000	2.01974165e+00	
0.65708333	1.97478294e+00	
0.65866667	1.92382721e+00	
0.66025000	2.01949784e+00	
0.66183333	1.99148772e+00	
0.66341667	1.95833912e+00	
0.66500000	1.94992225e+00	
0.66658333	1.89649593e+00	
0.66816667	1.85714314e+00	
0.66975000	1.80377213e+00	
0.67133333	1.77121017e+00	
0.67291667	1.27221264e+00	
0.67450000	1.07736997e+00	
0.67608333	1.04136368e+00	
0.67766667	1.01157367e+00	
0.67925000	9.96432446e-01	
0.68083333	9.69679530e-01	
0.68241667	9.55838544e-01	
0.68400000	9.42957326e-01	
0.68558333	9.35457179e-01	
0.68716667	9.78538054e-01	
0.68875000	9.35366394e-01	
0.69033333	9.30365846e-01	
0.69191667	9.67932171e-01	
0.69350000	9.85647752e-01	
0.69508333	9.29051510e-01	
0.69666667	3.73705989e-01	
0.69825000	1.32766628e-01	
0.69983333	6.30863981e-02	
0.70141667	5.88756402e-02	
0.70300000	5.59247892e-02	
0.70458333	4.81333039e-02	
0.70616667	4.82829666e-02	
0.70775000	4.24112904e-02	
0.70933333	2.25693467e-02	
0.71091667	-4.67267649e-04	
0.71250000	-2.37551642e-03	
0.71408333	-2.09879462e-05	
0.71566667	7.87270387e-05	
0.71725000	3.24801614e-04	
0.71883333	3.05780071e-04	
0.72041667	1.11427725e-04	
0.72200000	4.74878120e-05	
0.72358333	2.38612335e-05	
0.72516667	1.16990119e-05	
0.72675000	4.30196967e-06	
0.72833333	-1.14495913e-07	
0.72991667	-2.42298053e-06	
0.73150000	-3.46590435e-06	
0.73308333	-3.74081957e-06	
0.73466667	-3.17207059e-06	
0.73625000	-2.32096456e-06	
0.73783333	-1.14754223e-06	
0.73941667	-2.31095069e-07	
0.74100000	7.91072848e-07	
0.74258333	1.65209967e-06	
0.74416667	2.40110393e-06	
0.74575000	2.91937448e-06	
0.74733333	3.44974382e-06	
0.74891667	4.01249000e-06	
0.75050000	4.41661040e-06	
0.75208333	4.38553483e-06	
0.75366667	4.24337805e-06	
0.75525000	4.01274850e-06	
0.75683333	3.68567860e-06	
0.75841667	3.29465763e-06	
0.76000000	2.86042803e-06	
0.76158333	2.56635704e-06	
0.76316667	2.32649895e-06	
0.76475000	2.09175546e-06	
0.76633333	1.99800837e-06	
0.76791667	1.68334997e-06	
0.76950000	1.89203370e-06	
0.77108333	1.74642212e-06	
0.77266667	1.65236187e-06	
0.77425000	1.49402697e-06	
0.77583333	1.42262243e-06	
0.77741667	1.57544623e-06	
0.77900000	1.30781167e-06	
0.78058333	1.04887297e-06	
0.78216667	7.75734152e-07	
0.78375000	8.72958770e-07	
0.78533333	9.66343521e-07	
0.78691667	9.35563027e-07	
0.78850000	1.08458174e-06	
0.79008333	1.34386340e-06	
0.79166667	1.23429494e-06	
0.79325000	1.25560412e-06	
0.79483333	1.04001561e-06	
0.79641667	1.11857661e-06	
0.79800000	1.18585623e-06	
0.79958333	1.03148340e-06	
0.80116667	1.19850485e-06	
0.80275000	5.76787857e-07	
0.80433333	6.73192599e-07	
0.80591667	5.98349048e-07	
0.80750000	4.30489692e-07	
0.80908333	5.52113710e-07	
0.81066667	5.67972109e-07	
0.81225000	7.82603252e-07	
0.81383333	7.79363339e-07	
0.81541667	7.20767573e-07	
0.81700000	9.53696249e-07	
0.81858333	7.40384414e-07	
0.82016667	8.68550533e-07	
0.82175000	3.39694442e-07	
0.82333333	3.53167051e-07	
0.82491667	4.67987379e-07	
0.82650000	2.85023109e-07	
0.82808333	3.75032756e-07	
0.82966667	3.79094758e-07	
0.83125000	5.88973220e-07	
0.83283333	7.03138318e-07	
0.83441667	6.92723923e-07	
0.83600000	6.87065093e-07	
0.83758333	7.17839482e-07	
0.83916667	6.09937760e-07	
0.84075000	4.41966091e-07	
0.84233333	3.84149937e-07	
0.84391667	3.99662661e-07	
0.84550000	3.93093818e-07	
0.84708333	3.60729546e-07	
0.84866667	4.31286608e-07	
0.85025000	5.07260625e-07	
0.85183333	8.75378639e-07	
0.85341667	6.84385429e-07	
0.85500000	5.85862112e-07	
0.85658333	6.24147894e-07	
0.85816667	5.51810568e-07	
0.85975000	5.03888602e-07	
0.86133333	1.73926500e-07	
0.86291667	2.16541108e-07	
0.86450000	3.33488608e-07	
0.86608333	3.96464442e-07	
0.86766667	3.86740977e-07	
0.86925000	4.18911565e-07	
0.87083333	5.78772866e-07	
0.87241667	7.26470365e-07	
0.87400000	6.58111234e-07	
0.87558333	7.32779440e-07	
0.87716667	6.17455258e-07	
0.87875000	6.99812049e-07	
0.88033333	5.66555470e-07	
0.88191667	3.72914181e-07	
0.88350000	4.00267656e-07	
0.88508333	3.81556657e-07	
0.88666667	3.67021569e-07	
0.88825000	1.03491097e-07	
0.88983333	3.24913783e-07	
0.89141667	5.74064119e-07	
0.89300000	5.72163505e-07	
0.89458333	6.16022713e-07	
0.89616667	5.52502759e-07	
0.89775000	5.54617918e-07	
0.89933333	6.09878734e-07	
0.90091667	3.36997109e-07	
0.90250000	3.04338348e-07	
0.90408333	2.87053872e-07	
0.90566667	1.28736140e-07	
0.90725000	2.67393098e-07	
0.90883333	2.44567958e-07	
0.91041667	4.41837146e-07	
0.91200000	5.66838562e-07	
0.91358333	6.03664359e-07	
0.91516667	6.04008886e-07	
0.91675000	5.59198196e-07	
0.91833333	8.79985406e-07	
0.91991667	6.35123434e-07	
0.92150000	4.77053990e-07	
0.92308333	4.53505857e-07	
0.92466667	3.27975216e-07	
0.92625000	3.90329702e-07	
0.92783333	2.54635866e-07	
0.92941667	3.74644939e-07	
0.93100000	6.80711832e-07	
0.93258333	5.24025593e-07	
0.93416667	5.17414441e-07	
0.93575000	4.72604926e-07	
0.93733333	5.29039946e-07	
0.93891667	7.45616392e-07	
0.94050000	4.81894679e-07	
0.94208333	3.49554721e-07	
0.94366667	3.80952306e-07	
0.94525000	2.58361713e-07	
0.94683333	3.76502430e-07	
0.94841667	2.28805211e-07	
0.95000000	5.10326875e-07	
0.95158333	6.51585989e-07	
0.95316667	7.03526752e-07	
0.95475000	6.90215514e-07	
0.95633333	6.10225837e-07	
0.95791667	7.97292879e-07	
0.95950000	5.89015110e-07	
0.96108333	3.84918740e-07	
0.96266667	2.70374224e-07	
0.96425000	3.55975801e-07	
0.96583333	4.63876150e-07	
0.96741667	3.05893622e-07	
0.96900000	4.13663457e-07	
0.97058333	5.53193046e-07	
0.97216667	5.92680586e-07	
0.97375000	7.21851222e-07	
0.97533333	5.75491959e-07	
0.97691667	5.73157326e-07	
0.97850000	5.13785814e-07	
0.98008333	4.05366741e-07	
0.98166667	1.40282165e-07	
0.98325000	1.19954722e-07	
0.98483333	3.41932079e-07	
0.98641667	4.42528693e-07	
0.98800000	2.68774988e-07	
0.98958333	5.32151894e-07	
0.99116667	5.42606163e-07	
0.99275000	8.03602234e-07	
0.99433333	7.27811233e-07	
0.99591667	6.05677145e-07	
0.99750000	7.58147851e-07	
0.99908333	4.99375471e-07	
1.00066667	2.15392119e-07	
1.00225000	2.08193948e-07	
1.00383333	2.08062958e-07	
1.00541667	2.72837662e-07	
1.00700000	2.05600247e-07	
1.00858333	1.56399240e-07	
1.01016667	4.00026173e-07	
1.01175000	6.27905719e-07	
1.01333333	6.13517833e-07	
1.01491667	5.56132394e-07	
1.01650000	5.45072738e-07	
1.01808333	5.16808942e-07	
1.01966667	4.38354713e-07	
1.02125000	3.32598560e-07	
1.02283333	7.11264185e-08	
1.02441667	2.42934645e-07	
1.02600000	3.57272063e-07	
1.02758333	3.33117787e-07	
1.02916667	3.47160137e-07	
1.03075000	3.07968851e-07	
1.03233333	7.99066087e-07	
1.03391667	5.73849125e-07	
1.03550000	5.56002524e-07	
1.03708333	6.81230471e-07	
1.03866667	6.24019368e-07	
1.04025000	4.21008915e-07	
1.04183333	1.37584930e-07	
1.04341667	2.82429829e-07	
1.04500000	2.91548158e-07	
1.04658333	3.26220238e-07	
1.04816667	3.43403293e-07	
1.04975000	5.87262063e-07	
1.05133333	6.17234160e-07	
1.05291667	6.96310268e-07	
1.05450000	6.21208266e-07	
1.05608333	6.50808786e-07	
1.05766667	5.79378365e-07	
1.05925000	5.84737246e-07	
1.06083333	2.02057514e-07	
1.06241667	2.03405649e-07	
1.06400000	4.04934374e-07	
1.06558333	3.10881681e-07	
1.06716667	3.94693502e-07	
1.06875000	3.44828753e-07	
1.07033333	3.52605822e-07	
1.07191667	6.29850910e-07	
1.07350000	4.94728383e-07	
1.07508333	6.19220569e-07	
1.07666667	5.60539008e-07	
1.07825000	7.15754228e-07	
1.07983333	7.34379712e-07	
1.08141667	3.10214468e-07	
1.08300000	3.23610801e-07	
1.08458333	4.17984499e-07	
1.08616667	2.22557472e-07	
1.08775000	3.26161519e-07	
1.08933333	3.03256855e-07	
1.09091667	5.34787036e-07	
1.09250000	4.70312519e-07	
1.09408333	4.59553737e-07	
1.09566667	4.81643340e-07	
1.09725000	4.97882556e-07	
1.09883333	7.22363981e-07	
1.10041667	4.66667736e-07	
1.10200000	2.75023413e-07	
1.10358333	3.67816356e-07	
1.10516667	3.75386524e-07	
1.10675000	4.57437066e-07	
1.10833333	2.42217084e-07	
1.10991667	3.73002525e-07	
1.11150000	6.14553879e-07	
1.11308333	5.80806429e-07	
1.11466667	5.89317803e-07	
1.11625000	5.65810860e-07	
1.11783333	6.60877478e-07	
1.11941667	8.37662627e-07	
1.12100000	2.94226534e-07	
1.12258333	2.23715016e-07	
1.12416667	2.14760606e-07	
1.12575000	3.31830709e-07	
1.12733333	3.85748725e-07	
1.12891667	2.86594652e-07	
1.13050000	5.23896004e-07	
1.13208333	6.99637881e-07	
1.13366667	7.54818165e-07	
1.13525000	6.50938040e-07	
1.13683333	5.15081488e-07	
1.13841667	6.70513718e-07	
1.14000000	3.73001741e-07	
1.14158333	2.81393558e-07	
1.14316667	2.06811008e-07	
1.14475000	2.52700531e-07	
1.14633333	3.85748557e-07	
1.14791667	2.95254600e-07	
1.14950000	7.16343403e-08	
1.15108333	3.88693841e-07	
1.15266667	5.57471302e-07	
1.15425000	6.66364940e-07	
1.15583333	6.17665099e-07	
1.15741667	6.82454126e-07	
1.15900000	8.25729331e-07	
1.16058333	4.33524049e-07	
1.16216667	2.60953481e-07	
1.16375000	1.11623929e-07	
1.16533333	2.66450548e-07	
1.16691667	3.93267622e-07	
1.16850000	2.99499087e-07	
1.17008333	4.96637228e-07	
1.17166667	5.20120930e-07	
1.17325000	6.56902084e-07	
1.17483333	7.40169532e-07	
1.17641667	6.74315729e-07	
1.17800000	7.40862339e-07	
1.17958333	5.45050561e-07	
1.18116667	5.67238980e-07	
1.18275000	3.31346204e-07	
1.18433333	2.74435918e-07	
1.18591667	3.75810575e-07	
1.18750000	3.23869476e-07	
1.18908333	1.59839894e-07	
1.19066667	3.17309874e-07	
1.19225000	5.25884261e-07	
1.19383333	5.95627774e-07	
1.19541667	5.67105806e-07	
1.19700000	5.93492006e-07	
1.19858333	4.98617981e-07	
1.20016667	5.23376300e-07	
1.20175000	3.68833390e-07	
1.20333333	1.57894787e-07	
1.20491667	3.42537998e-07	
1.20650000	3.00969265e-07	
1.20808333	3.36556118e-07	
1.20966667	4.65431900e-07	
1.21125000	5.95021211e-07	
1.21283333	7.15495105e-07	
1.21441667	7.35026709e-07	
1.21600000	6.36159705e-07	
1.21758333	6.79975679e-07	
1.21916667	6.10293768e-07	
1.22075000	5.26056245e-07	
1.22233333	2.47126433e-07	
1.22391667	2.36237220e-07	
1.22550000	3.08486594e-07	
1.22708333	1.96698116e-07	
1.22866667	2.16359618e-07	
1.23025000	2.84805091e-07	
1.23183333	4.69535960e-07	
1.23341667	7.05644039e-07	
1.23500000	6.18053421e-07	
1.23658333	6.99422048e-07	
1.23816667	5.90313416e-07	
1.23975000	6.29589938e-07	
1.24133333	4.89973769e-07	
1.24291667	2.64971969e-07	
1.24450000	3.10344953e-07	
1.24608333	2.91486667e-07	
1.24766667	2.08909604e-07	
1.24925000	3.49968579e-07	
1.25083333	3.24665832e-07	
1.25241667	5.56261592e-07	
1.25400000	5.35303939e-07	
1.25558333	5.67539490e-07	
1.25716667	5.19013145e-07	
1.25875000	6.55519718e-07	
1.26033333	4.98684400e-07	
1.26191667	2.44517668e-07	
1.26350000	2.61602326e-07	
1.26508333	3.87088641e-07	
1.26666667	3.22660410e-07	
1.26825000	2.21510645e-07	
1.26983333	1.43765003e-07	
1.27141667	3.47204463e-07	
1.27300000	6.42726784e-07	
1.27458333	7.33773709e-07	
1.27616667	8.62087843e-07	
1.27775000	6.95357833e-07	
1.27933333	6.03061100e-07	
1.28091667	4.55146535e-07	
1.28250000	1.49823173e-07	
1.28408333	2.31915954e-07	
1.28566667	3.38777905e-07	
1.28725000	3.53383473e-07	
1.28883333	3.54161207e-07	
1.29041667	4.47671403e-07	
1.29200000	5.93768435e-07	
1.29358333	5.88108989e-07	
1.29516667	6.80105325e-07	
1.29675000	5.89621057e-07	
1.29833333	6.16972908e-07	
1.29991667	6.37890183e-07	
1.30150000	3.09297034e-07	
1.30308333	3.01962189e-07	
1.30466667	2.67003517e-07	
1.30625000	3.20301136e-07	
@ 
0.00000000	1.82387136e-07	
0.00158333	1.16341769e-07	
0.00316667	3.39444783e-07	
0.00475000	5.63946761e-07	
0.00633333	6.16326191e-07	
0.00791667	6.02886372e-07	
0.00950000	4.67347914e-07	
0.01108333	5.12314852e-07	
0.01266667	4.28484578e-07	
0.01425000	1.27507361e-07	
0.01583333	2.14026750e-07	
0.01741667	1.54740277e-07	
0.01900000	3.48076926e-07	
0.02058333	2.41620910e-07	
0.02216667	-2.06993548e-08	
0.02375000	3.28476775e-07	
0.02533333	2.76942367e-07	
0.02691667	4.04113321e-07	
0.02850000	4.39115451e-07	
0.03008333	5.41355963e-07	
0.03166667	4.85048460e-07	
0.03325000	2.58793240e-07	
0.03483333	2.76727289e-07	
0.03641667	6.28893729e-08	
0.03800000	7.04508532e-08	
0.03958333	1.03310314e-07	
0.04116667	1.01140090e-07	
0.04275000	2.86183117e-07	
0.04433333	2.32865589e-07	
0.04591667	3.25987015e-07	
0.04750000	3.91539273e-07	
0.04908333	4.66382179e-07	
0.05066667	5.65984636e-07	
0.05225000	4.99395464e-07	
0.05383333	3.60165237e-07	
0.05541667	2.22833145e-07	
0.05700000	2.15322466e-07	
0.05858333	3.97805674e-07	
0.06016667	2.53088852e-07	
0.06175000	2.29237760e-07	
0.06333333	4.02384859e-07	
0.06491667	4.28180037e-07	
0.06650000	4.24811766e-07	
0.06808333	2.69682761e-07	
0.06966667	3.55448341e-07	
0.07125000	4.42140147e-07	
0.07283333	3.32988841e-07	
0.07441667	1.46580809e-07	
0.07600000	-9.48050265e-09	
0.07758333	9.90840070e-08	
0.07916667	1.34033600e-07	
0.08075000	7.92585784e-08	
0.08233333	2.90319295e-07	
0.08391667	2.79033864e-07	
0.08550000	4.83355281e-07	
0.08708333	3.75334834e-07	
0.08866667	4.56960512e-07	
0.09025000	5.51118209e-07	
0.09183333	5.86079066e-07	
0.09341667	4.02343921e-07	
0.09500000	3.16393757e-07	
0.09658333	1.63684397e-07	
0.09816667	2.74047261e-07	
0.09975000	2.52354995e-07	
0.10133333	1.82146087e-07	
0.10291667	3.65741106e-08	
0.10450000	3.02204820e-07	
0.10608333	4.91444731e-07	
0.10766667	4.17336102e-07	
0.10925000	3.79007422e-07	
0.11083333	3.78012510e-07	
0.11241667	3.09266289e-07	
0.11400000	2.05349916e-07	
0.11558333	-1.87626321e-08	
0.11716667	5.18968497e-08	
0.11875000	9.07636390e-10	
0.12033333	1.05747326e-07	
0.12191667	1.36505033e-07	
0.12350000	1.79673058e-07	
0.12508333	3.61213884e-07	
0.12666667	3.96681115e-07	
0.12825000	3.74038347e-07	
0.12983333	6.53099177e-07	
0.13141667	4.46676379e-07	
0.13300000	4.51040235e-07	
0.13458333	2.09877677e-07	
0.13616667	1.00682270e-07	
0.13775000	1.14855967e-07	
0.13933333	1.77858283e-07	
0.14091667	2.65292192e-07	
0.14250000	1.87962340e-07	
0.14408333	3.41673655e-07	
0.14566667	4.14442368e-07	
0.14725000	2.56805599e-07	
0.14883333	2.44231159e-07	
0.15041667	1.12695068e-07	
0.15200000	3.46011918e-07	
0.15358333	2.04562745e-07	
0.15516667	-4.32721512e-08	
0.15675000	1.17058952e-07	
0.15833333	1.48345056e-07	
0.15991667	1.37282768e-07	
0.16150000	1.39192034e-07	
0.16308333	2.17267321e-07	
0.16466667	5.05790391e-07	
0.16625000	4.82456048e-07	
0.16783333	5.08642767e-07	
0.16941667	3.71921032e-07	
0.17100000	3.44525863e-07	
0.17258333	5.35173566e-07	
0.17416667	1.12884475e-07	
0.17575000	1.11310420e-08	
0.17733333	1.07268403e-07	
0.17891667	2.16014643e-07	
0.18050000	1.11486274e-07	
0.18208333	1.95278115e-09	
0.18366667	2.56104672e-07	
0.18525000	3.90916721e-07	
0.18683333	4.54325538e-07	
0.18841667	4.82109505e-07	
0.19000000	3.99317070e-07	
0.19158333	3.57764717e-07	
0.19316667	2.37921748e-07	
0.19475000	3.52163122e-08	
0.19633333	1.24163339e-07	
0.19791667	1.03803031e-07	
0.19950000	2.08633288e-07	
0.20108333	8.78659896e-08	
0.20266667	2.59051328e-07	
0.20425000	3.75897771e-07	
0.20583333	3.19409716e-07	
0.20741667	3.40722508e-07	
0.20900000	2.37447406e-07	
0.21058333	3.59304254e-07	
0.21216667	3.30758905e-07	
0.21375000	2.67602660e-07	
0.21533333	8.11164758e-08	
0.21691667	1.30325422e-07	
0.21850000	1.70296879e-07	
0.22008333	2.17179397e-07	
0.22166667	-1.24181652e-07	
0.22325000	1.03835617e-07	
0.22483333	3.26852730e-07	
0.22641667	4.31640068e-07	
0.22800000	4.14008685e-07	
0.22958333	2.58567550e-07	
0.23116667	3.74039271e-07	
0.23275000	3.01660560e-07	
0.23433333	2.79060438e-07	
0.23591667	1.98176652e-07	
0.23750000	1.65024257e-07	
0.23908333	3.40593619e-07	
0.24066667	2.22901916e-07	
0.24225000	1.51465054e-07	
0.24383333	2.72759399e-07	
0.24541667	3.83985962e-07	
0.24700000	4.23948067e-07	
0.24858333	2.64972810e-07	
0.25016667	2.98435151e-07	
0.25175000	4.12928844e-07	
0.25333333	2.25044866e-07	
0.25491667	6.99670965e-08	
0.25650000	-4.81811249e-08	
0.25808333	4.43255094e-08	
0.25966667	9.95585653e-08	
0.26125000	9.14955615e-08	
0.26283333	2.63996126e-07	
0.26441667	3.28511021e-07	
0.26600000	5.73934473e-07	
0.26758333	4.85998935e-07	
0.26916667	4.75801494e-07	
0.27075000	4.68412802e-07	
0.27233333	4.74913462e-07	
0.27391667	2.42328529e-07	
0.27550000	-9.62333251e-08	
0.27708333	-3.72919858e-08	
0.27866667	1.37758523e-07	
0.28025000	-8.28453643e-08	
0.28183333	-1.15270749e-07	
0.28341667	1.86666526e-09	
0.28500000	2.23402466e-07	
0.28658333	3.77667786e-07	
0.28816667	3.36833526e-07	
0.28975000	4.06316180e-07	
0.29133333	4.31830085e-07	
0.29291667	3.86776119e-07	
0.29450000	1.22497251e-07	
0.29608333	-3.89508958e-08	
0.29766667	1.01788354e-07	
0.29925000	1.12090059e-07	
0.30083333	4.10680533e-08	
0.30241667	8.40809968e-08	
0.30400000	1.41077022e-07	
0.30558333	4.05653530e-07	
0.30716667	3.85100832e-07	
0.30875000	4.49831336e-07	
0.31033333	5.16505912e-07	
0.31191667	4.32805620e-07	
0.31350000	3.74643987e-07	
0.31508333	5.29674777e-08	
0.31666667	3.97550288e-09	
0.31825000	1.58344039e-07	
0.31983333	8.07446471e-08	
0.32141667	1.15512834e-07	
0.32300000	7.09535597e-08	
0.32458333	3.05288683e-07	
0.32616667	5.31544491e-07	
0.32775000	4.47324860e-07	
0.32933333	4.72240294e-07	
0.33091667	4.78611084e-07	
0.33250000	4.01451801e-07	
0.33408333	2.00405594e-07	
0.33566667	-8.10139282e-08	
0.33725000	-1.92289161e-08	
0.33883333	-8.57661894e-08	
0.34041667	-4.27788670e-09	
0.34200000	-1.24968321e-08	
0.34358333	8.91018461e-08	
0.34516667	3.45864799e-07	
0.34675000	3.04770267e-07	
0.34833333	3.75430010e-07	
0.34991667	3.46642394e-07	
0.35150000	4.35441575e-07	
0.35308333	3.82161428e-07	
0.35466667	1.65630218e-07	
0.35625000	2.11088396e-07	
0.35783333	2.26860047e-07	
0.35941667	8.62850947e-08	
0.36100000	1.97148684e-07	
0.36258333	-3.94781419e-08	
0.36416667	2.51602938e-07	
0.36575000	3.40887604e-07	
0.36733333	1.82611678e-07	
0.36891667	3.16998976e-07	
0.37050000	3.28054208e-07	
0.37208333	5.22772481e-07	
0.37366667	4.16817575e-07	
0.37525000	1.94425380e-07	
0.37683333	2.57108433e-07	
0.37841667	1.93587792e-07	
0.38000000	2.49736626e-07	
0.38158333	-2.08990510e-08	
0.38316667	6.54741479e-08	
0.38475000	2.02608789e-07	
0.38633333	2.89395421e-07	
0.38791667	3.54852755e-07	
0.38950000	1.86154915e-07	
0.39108333	2.17568516e-07	
0.39266667	4.01693872e-07	
0.39425000	-4.06301556e-09	
0.39583333	3.57364810e-08	
0.39741667	-1.08896300e-08	
0.39900000	-4.82240263e-08	
0.40058333	4.13531900e-08	
0.40216667	-7.58967825e-08	
0.40375000	2.19774469e-07	
0.40533333	3.66563972e-07	
0.40691667	3.33980422e-07	
0.40850000	4.03897515e-07	
0.41008333	2.43262511e-07	
0.41166667	4.08623987e-07	
0.41325000	3.66563440e-07	
0.41483333	1.39356975e-07	
0.41641667	1.61870223e-07	
0.41800000	8.78050869e-08	
0.41958333	1.21208815e-07	
0.42116667	9.15753528e-10	
0.42275000	-1.07907847e-07	
0.42433333	2.64150049e-07	
0.42591667	2.50782641e-07	
0.42750000	3.41586767e-07	
0.42908333	2.68904718e-07	
0.43066667	3.32296202e-07	
0.43225000	5.22986859e-07	
0.43383333	3.17724741e-07	
0.43541667	1.45016827e-07	
0.43700000	-1.06059232e-07	
0.43858333	4.00220208e-08	
0.44016667	3.04204005e-08	
0.44175000	-1.00138408e-07	
0.44333333	1.95661033e-07	
0.44491667	2.69758644e-07	
0.44650000	4.72042885e-07	
0.44808333	4.35571892e-07	
0.44966667	3.87390270e-07	
0.45125000	5.76096058e-07	
0.45283333	6.64940180e-07	
0.45441667	3.59087749e-07	
0.45600000	1.83821808e-07	
0.45758333	1.38397764e-07	
0.45916667	1.92636520e-07	
0.46075000	2.27784901e-07	
0.46233333	2.20594038e-07	
0.46391667	3.60297403e-07	
0.46550000	5.34525113e-07	
0.46708333	8.04297505e-07	
0.46866667	8.35580117e-07	
0.47025000	1.05689074e-06	
0.47183333	1.06862573e-06	
0.47341667	1.22936671e-06	
0.47500000	1.54831133e-06	
0.47658333	2.20556690e-06	
0.47816667	2.94771735e-06	
0.47975000	3.63676466e-06	
0.48133333	3.99654944e-06	
0.48291667	4.61084593e-06	
0.48450000	5.25183009e-06	
0.48608333	6.19657321e-06	
0.48766667	7.31341923e-06	
0.48925000	8.65309611e-06	
0.49083333	1.04811749e-05	
0.49241667	1.25698742e-05	
0.49400000	1.52198325e-05	
0.49558333	1.89472558e-05	
0.49716667	2.62779059e-05	
0.49875000	3.82378240e-05	
0.50033333	5.24382083e-05	
0.50191667	8.59187649e-05	
0.50350000	1.57026272e-04	
0.50508333	2.55234458e-04	
0.50666667	2.71683605e-04	
0.50825000	2.09052230e-04	
0.50983333	1.85581482e-04	
0.51141667	2.33633251e-04	
0.51300000	3.84619538e-04	
0.51458333	4.62206039e-04	
0.51616667	3.37995598e-04	
0.51775000	2.20685771e-04	
0.51933333	5.44977560e-04	
0.52091667	1.05420745e-03	
0.52250000	5.59878264e-04	
0.52408333	6.83870903e-04	
0.52566667	1.00841873e-03	
0.52725000	8.48739204e-04	
0.52883333	1.18952529e-03	
0.53041667	1.15310608e-03	
0.53200000	1.12696660e-03	
0.53358333	1.60120888e-03	
0.53516667	2.44905721e-03	
0.53675000	2.00450772e-03	
0.53833333	4.45085105e-03	
0.53991667	5.20525165e-03	
0.54150000	6.12215775e-03	
0.54308333	6.54722936e-03	
0.54466667	1.10559963e-02	
0.54625000	1.38638405e-02	
0.54783333	1.81649959e-02	
0.54941667	2.07460285e-02	
0.55100000	2.40834247e-02	
0.55258333	2.48367440e-02	
0.55416667	3.73266918e-02	
0.55575000	5.52254106e-02	
0.55733333	7.19442177e-02	
0.55891667	8.49801049e-02	
0.56050000	1.07557552e-01	
0.56208333	1.28077165e-01	
0.56366667	1.38077820e-01	
0.56525000	1.49557764e-01	
0.56683333	1.60722350e-01	
0.56841667	4.01699367e-01	
0.57000000	5.07791225e-01	
0.57158333	5.21451990e-01	
0.57316667	5.63481842e-01	
0.57475000	6.95637591e-01	
0.57633333	2.36300255e+00	
0.57791667	2.71442100e+00	
0.57950000	2.83932812e+00	
0.58108333	4.88964983e+00	
0.58266667	5.16466323e+00	
0.58425000	6.27336080e+00	
0.58583333	7.26626294e+00	
0.58741667	8.17226930e+00	
0.58900000	8.95408238e+00	
0.59058333	9.72558560e+00	
0.59216667	1.16687618e+01	
0.59375000	1.21844803e+01	
0.59533333	1.33484901e+01	
0.59691667	1.41644640e+01	
0.59850000	1.44206066e+01	
0.60008333	1.51636138e+01	
0.60166667	1.60932817e+01	
0.60325000	1.72783716e+01	
0.60483333	1.78834899e+01	
0.60641667	1.80254358e+01	
0.60800000	1.82768092e+01	
0.60958333	2.03412186e+01	
0.61116667	2.10897315e+01	
0.61275000	2.15264043e+01	
0.61433333	2.22678368e+01	
0.61591667	2.32706377e+01	
0.61750000	2.38221499e+01	
0.61908333	2.45555378e+01	
0.62066667	2.51140554e+01	
0.62225000	2.52452828e+01	
0.62383333	2.54555126e+01	
0.62541667	2.61376358e+01	
0.62700000	2.75945498e+01	
0.62858333	2.78639009e+01	
0.63016667	2.80717367e+01	
0.63175000	2.93212208e+01	
0.63333333	2.98674564e+01	
0.63491667	2.99222744e+01	
0.63650000	3.03842611e+01	
0.63808333	3.04347158e+01	
