start voltage : 0.00 V 
set voltage : 0.10 V 
High G : 30.00 G0 
Intermediate G : 20.00 G0 
Low G : 10.00 G0 
Breaking speed 1 : 300.00 V/s 
Breaking speed 2 : 300.00 V/s 
Making speed : 500.00 V/s 
Post breaking : 230.00 V/s 
@ 
0.00000000	4.05848951e+01	
0.00158333	4.09007247e+01	
0.00316667	4.11240032e+01	
0.00475000	4.11835679e+01	
0.00633333	4.11695233e+01	
0.00791667	4.10908553e+01	
0.00950000	4.12819931e+01	
0.01108333	4.12397540e+01	
0.01266667	4.10491536e+01	
0.01425000	4.10550503e+01	
0.01583333	4.09466394e+01	
0.01741667	4.09748978e+01	
0.01900000	4.08118004e+01	
0.02058333	4.08315914e+01	
0.02216667	4.06209218e+01	
0.02375000	4.08318094e+01	
0.02533333	4.09429488e+01	
0.02691667	4.06951964e+01	
0.02850000	4.07598273e+01	
0.03008333	4.08515327e+01	
0.03166667	4.06770064e+01	
0.03325000	4.09402917e+01	
0.03483333	4.07365637e+01	
0.03641667	4.07244808e+01	
0.03800000	4.07079896e+01	
0.03958333	4.07395891e+01	
0.04116667	4.06709894e+01	
0.04275000	4.07229024e+01	
0.04433333	4.08134465e+01	
0.04591667	4.07933698e+01	
0.04750000	4.06489961e+01	
0.04908333	4.09063019e+01	
0.05066667	4.03813813e+01	
0.05225000	4.06438961e+01	
0.05383333	4.05632851e+01	
0.05541667	4.06704220e+01	
0.05700000	4.04486618e+01	
0.05858333	4.06805242e+01	
0.06016667	4.04252177e+01	
0.06175000	4.03097563e+01	
0.06333333	4.04238647e+01	
0.06491667	4.05376424e+01	
0.06650000	4.04515481e+01	
0.06808333	4.07434638e+01	
0.06966667	4.02638566e+01	
0.07125000	4.02658973e+01	
0.07283333	4.03578583e+01	
0.07441667	4.02529689e+01	
0.07600000	4.03962340e+01	
0.07758333	4.01361019e+01	
0.07916667	4.02163860e+01	
0.08075000	4.03044947e+01	
0.08233333	4.02415400e+01	
0.08391667	4.01634621e+01	
0.08550000	4.00745603e+01	
0.08708333	4.01717227e+01	
0.08866667	4.03692571e+01	
0.09025000	4.01783448e+01	
0.09183333	3.99429947e+01	
0.09341667	4.01258569e+01	
0.09500000	4.02505260e+01	
0.09658333	4.02334785e+01	
0.09816667	3.99998949e+01	
0.09975000	3.99764658e+01	
0.10133333	3.97272102e+01	
0.10291667	3.99783525e+01	
0.10450000	3.99521912e+01	
0.10608333	3.97859256e+01	
0.10766667	3.98696108e+01	
0.10925000	3.97818854e+01	
0.11083333	3.94231665e+01	
0.11241667	3.91599489e+01	
0.11400000	3.88081528e+01	
0.11558333	3.89536352e+01	
0.11716667	3.86861219e+01	
0.11875000	3.90279511e+01	
0.12033333	3.89216186e+01	
0.12191667	3.88719042e+01	
0.12350000	3.88559617e+01	
0.12508333	3.84629599e+01	
0.12666667	3.79896590e+01	
0.12825000	3.73211201e+01	
0.12983333	3.72979616e+01	
0.13141667	3.71440719e+01	
0.13300000	3.70381528e+01	
0.13458333	3.70641337e+01	
0.13616667	3.69152011e+01	
0.13775000	3.68333837e+01	
0.13933333	3.67110484e+01	
0.14091667	3.64675504e+01	
0.14250000	3.67630478e+01	
0.14408333	3.65887845e+01	
0.14566667	3.64580871e+01	
0.14725000	3.66304073e+01	
0.14883333	3.64204255e+01	
0.15041667	3.65275662e+01	
0.15200000	3.63606278e+01	
0.15358333	3.62408519e+01	
0.15516667	3.63724212e+01	
0.15675000	3.62184789e+01	
0.15833333	3.63837411e+01	
0.15991667	3.61586210e+01	
0.16150000	3.60537279e+01	
0.16308333	3.63507060e+01	
0.16466667	3.61775477e+01	
0.16625000	3.63565350e+01	
0.16783333	3.61832414e+01	
0.16941667	3.62102333e+01	
0.17100000	3.61681482e+01	
0.17258333	3.55858276e+01	
0.17416667	3.56299083e+01	
0.17575000	3.42172253e+01	
0.17733333	3.39147940e+01	
0.17891667	3.38170791e+01	
0.18050000	3.37346641e+01	
0.18208333	3.38578901e+01	
0.18366667	3.32869157e+01	
0.18525000	3.30341987e+01	
0.18683333	3.30617092e+01	
0.18841667	3.30267536e+01	
0.19000000	3.29058765e+01	
0.19158333	3.27642087e+01	
0.19316667	3.28406105e+01	
0.19475000	3.27726911e+01	
0.19633333	3.25788999e+01	
0.19791667	3.27062675e+01	
0.19950000	3.25418472e+01	
0.20108333	3.24427756e+01	
0.20266667	3.24854694e+01	
0.20425000	3.23634799e+01	
0.20583333	3.24082860e+01	
0.20741667	3.23030733e+01	
0.20900000	3.23223870e+01	
0.21058333	3.07834752e+01	
0.21216667	2.98675823e+01	
0.21375000	2.97329556e+01	
0.21533333	2.94361992e+01	
0.21691667	2.92795078e+01	
0.21850000	2.92205162e+01	
0.22008333	2.94122986e+01	
0.22166667	2.93377026e+01	
0.22325000	2.92349629e+01	
0.22483333	2.90012627e+01	
0.22641667	2.89400556e+01	
0.22800000	2.88366564e+01	
0.22958333	2.88241677e+01	
0.23116667	2.85546305e+01	
0.23275000	2.87144169e+01	
0.23433333	2.84477492e+01	
0.23591667	2.85236643e+01	
0.23750000	2.85660838e+01	
0.23908333	2.83453403e+01	
0.24066667	2.86054855e+01	
0.24225000	2.85927130e+01	
0.24383333	2.82586409e+01	
0.24541667	2.82933296e+01	
0.24700000	2.80879405e+01	
0.24858333	2.79729451e+01	
0.25016667	2.67479499e+01	
0.25175000	2.58082408e+01	
0.25333333	2.57356499e+01	
0.25491667	2.54810462e+01	
0.25650000	2.56030320e+01	
0.25808333	2.56576264e+01	
0.25966667	2.56244071e+01	
0.26125000	2.58134704e+01	
0.26283333	2.55301705e+01	
0.26441667	2.56249596e+01	
0.26600000	2.54798943e+01	
0.26758333	2.53779608e+01	
0.26916667	2.49156134e+01	
0.27075000	2.47469274e+01	
0.27233333	2.48536509e+01	
0.27391667	2.44606923e+01	
0.27550000	2.45392325e+01	
0.27708333	2.43205673e+01	
0.27866667	2.41677637e+01	
0.28025000	2.39300272e+01	
0.28183333	2.35963515e+01	
0.28341667	2.38151483e+01	
0.28500000	2.36518291e+01	
0.28658333	2.37939235e+01	
0.28816667	2.37226818e+01	
0.28975000	2.36636244e+01	
0.29133333	2.34246401e+01	
0.29291667	2.31829893e+01	
0.29450000	2.31239489e+01	
0.29608333	2.32231783e+01	
0.29766667	2.31363718e+01	
0.29925000	2.30990391e+01	
0.30083333	2.26154894e+01	
0.30241667	2.23258531e+01	
0.30400000	2.12678132e+01	
0.30558333	2.09357028e+01	
0.30716667	2.11108868e+01	
0.30875000	2.09323711e+01	
0.31033333	2.08076117e+01	
0.31191667	2.07507097e+01	
0.31350000	2.03978650e+01	
0.31508333	2.03171563e+01	
0.31666667	1.99205315e+01	
0.31825000	1.93366663e+01	
0.31983333	1.95919201e+01	
0.32141667	1.92743937e+01	
0.32300000	1.90906145e+01	
0.32458333	1.91724789e+01	
0.32616667	1.91262260e+01	
0.32775000	1.91335527e+01	
0.32933333	1.90416293e+01	
0.33091667	1.91243431e+01	
0.33250000	1.88606764e+01	
0.33408333	1.90428301e+01	
0.33566667	1.90319781e+01	
0.33725000	1.90010400e+01	
0.33883333	1.87887018e+01	
0.34041667	1.76765072e+01	
0.34200000	1.72852868e+01	
0.34358333	1.72252542e+01	
0.34516667	1.70665427e+01	
0.34675000	1.70645414e+01	
0.34833333	1.67615313e+01	
0.34991667	1.68192357e+01	
0.35150000	1.67580492e+01	
0.35308333	1.68356104e+01	
0.35466667	1.68133239e+01	
0.35625000	1.67170691e+01	
0.35783333	1.68345882e+01	
0.35941667	1.63185878e+01	
0.36100000	1.55034380e+01	
0.36258333	1.51940134e+01	
0.36416667	1.51429198e+01	
0.36575000	1.49754853e+01	
0.36733333	1.47238967e+01	
0.36891667	1.46502582e+01	
0.37050000	1.46764937e+01	
0.37208333	1.45760428e+01	
0.37366667	1.44965743e+01	
0.37525000	1.43220584e+01	
0.37683333	1.41525503e+01	
0.37841667	1.42381372e+01	
0.38000000	1.41138458e+01	
0.38158333	1.42791521e+01	
0.38316667	1.43372934e+01	
0.38475000	1.42257660e+01	
0.38633333	1.42727321e+01	
0.38791667	1.41539944e+01	
0.38950000	1.41414916e+01	
0.39108333	1.39225106e+01	
0.39266667	1.38791149e+01	
0.39425000	1.38061547e+01	
0.39583333	1.21018144e+01	
0.39741667	1.18744488e+01	
0.39900000	1.18913779e+01	
0.40058333	1.19240447e+01	
0.40216667	1.20994420e+01	
0.40375000	1.19247015e+01	
0.40533333	1.18823938e+01	
0.40691667	1.13912891e+01	
0.40850000	1.13244286e+01	
0.41008333	1.09755573e+01	
0.41166667	1.05840241e+01	
0.41325000	1.02589388e+01	
0.41483333	1.02126060e+01	
0.41641667	1.01267719e+01	
0.41800000	1.01118554e+01	
0.41958333	1.01005017e+01	
0.42116667	1.00855701e+01	
0.42275000	9.46216505e+00	
0.42433333	8.46195637e+00	
0.42591667	8.91126353e+00	
0.42750000	8.90923501e+00	
0.42908333	9.03166989e+00	
0.43066667	8.96093840e+00	
0.43225000	8.93622499e+00	
0.43383333	9.02842368e+00	
0.43541667	8.86640770e+00	
0.43700000	8.93021364e+00	
0.43858333	8.85417173e+00	
0.44016667	8.89560002e+00	
0.44175000	8.77211659e+00	
0.44333333	8.55132227e+00	
0.44491667	8.61681380e+00	
0.44650000	8.39715918e+00	
0.44808333	8.37683073e+00	
0.44966667	7.98528528e+00	
0.45125000	7.88843103e+00	
0.45283333	7.86722737e+00	
0.45441667	7.74413762e+00	
0.45600000	7.66177571e+00	
0.45758333	6.44043541e+00	
0.45916667	6.19146680e+00	
0.46075000	6.18108177e+00	
0.46233333	6.19900870e+00	
0.46391667	6.25221351e+00	
0.46550000	6.20915601e+00	
0.46708333	6.18039307e+00	
0.46866667	6.18942653e+00	
0.47025000	6.09511381e+00	
0.47183333	6.16222327e+00	
0.47341667	6.10166493e+00	
0.47500000	6.03755457e+00	
0.47658333	6.05062300e+00	
0.47816667	5.95754299e+00	
0.47975000	6.32147552e+00	
0.48133333	5.93874509e+00	
0.48291667	6.14153073e+00	
0.48450000	5.84898409e+00	
0.48608333	5.82607794e+00	
0.48766667	5.59196152e+00	
0.48925000	5.52685850e+00	
0.49083333	4.92279068e+00	
0.49241667	4.78467632e+00	
0.49400000	4.64984575e+00	
0.49558333	4.64844016e+00	
0.49716667	4.64543824e+00	
0.49875000	4.65028171e+00	
0.50033333	4.27969235e+00	
0.50191667	4.04260643e+00	
0.50350000	4.13956168e+00	
0.50508333	4.09404204e+00	
0.50666667	4.05712601e+00	
0.50825000	4.05172680e+00	
0.50983333	4.00704901e+00	
0.51141667	3.85749261e+00	
0.51300000	3.76289826e+00	
0.51458333	3.88359964e+00	
0.51616667	3.74697402e+00	
0.51775000	3.73095394e+00	
0.51933333	3.41547202e+00	
0.52091667	3.30272924e+00	
0.52250000	3.29639351e+00	
0.52408333	3.28493550e+00	
0.52566667	3.19573660e+00	
0.52725000	3.21932300e+00	
0.52883333	3.20468574e+00	
0.53041667	2.85032903e+00	
0.53200000	2.69490504e+00	
0.53358333	2.59461903e+00	
0.53516667	2.50190545e+00	
0.53675000	2.57654670e+00	
0.53833333	2.50400820e+00	
0.53991667	2.40140991e+00	
0.54150000	2.19861651e+00	
0.54308333	2.32720438e+00	
0.54466667	2.21881272e+00	
0.54625000	2.07535247e+00	
0.54783333	2.11261050e+00	
0.54941667	2.01427291e+00	
0.55100000	1.93650360e+00	
0.55258333	1.89824998e+00	
0.55416667	1.83954588e+00	
0.55575000	1.47726934e+00	
0.55733333	1.18681464e+00	
0.55891667	1.19011041e+00	
0.56050000	1.17355677e+00	
0.56208333	1.14820364e+00	
0.56366667	1.13868900e+00	
0.56525000	1.13927576e+00	
0.56683333	1.14069638e+00	
0.56841667	1.12562281e+00	
0.57000000	1.12936122e+00	
0.57158333	1.03396647e+00	
0.57316667	9.27673813e-01	
0.57475000	9.68961231e-01	
0.57633333	9.88289342e-01	
0.57791667	9.67846906e-01	
0.57950000	9.35665646e-01	
0.58108333	1.00677590e+00	
0.58266667	9.10654040e-01	
0.58425000	8.38886681e-01	
0.58583333	8.41663040e-01	
0.58741667	9.39820055e-01	
0.58900000	8.90239731e-01	
0.59058333	9.74788304e-01	
0.59216667	9.82582945e-01	
0.59375000	9.47468418e-01	
0.59533333	9.33839657e-01	
0.59691667	9.20070549e-01	
0.59850000	9.14918437e-01	
0.60008333	8.86112041e-01	
0.60166667	8.95321786e-01	
0.60325000	8.83315304e-01	
0.60483333	8.45985045e-01	
0.60641667	8.44048188e-01	
0.60800000	8.32946156e-01	
0.60958333	7.46299825e-01	
0.61116667	6.48199713e-01	
0.61275000	1.71502229e-01	
0.61433333	1.60754266e-01	
0.61591667	1.47776258e-01	
0.61750000	1.48691381e-01	
0.61908333	1.42885434e-01	
0.62066667	1.20621567e-01	
0.62225000	1.10822310e-01	
0.62383333	1.01532143e-01	
0.62541667	1.00119674e-01	
0.62700000	7.79189048e-02	
0.62858333	6.78496026e-02	
0.63016667	6.73465603e-02	
0.63175000	5.74882715e-02	
0.63333333	5.66279628e-02	
0.63491667	5.90298245e-02	
0.63650000	6.34444022e-02	
0.63808333	5.82431433e-02	
0.63966667	5.74310424e-02	
0.64125000	5.40876216e-02	
0.64283333	4.99655279e-02	
0.64441667	4.81650767e-02	
0.64600000	4.32372132e-02	
0.64758333	3.34410899e-02	
0.64916667	2.96745926e-02	
0.65075000	2.86319365e-02	
0.65233333	2.71212259e-02	
0.65391667	2.56598499e-02	
0.65550000	2.74853977e-02	
0.65708333	2.33640546e-02	
0.65866667	1.37396774e-02	
0.66025000	9.24347300e-03	
0.66183333	1.63278521e-02	
0.66341667	1.41824957e-02	
0.66500000	1.43600646e-02	
0.66658333	1.12748694e-02	
0.66816667	8.74941071e-03	
0.66975000	8.68128390e-03	
0.67133333	5.23823006e-03	
0.67291667	5.78261190e-03	
0.67450000	9.02953106e-04	
0.67608333	1.29001162e-03	
0.67766667	1.27188414e-03	
0.67925000	8.02738192e-04	
0.68083333	1.15108943e-03	
0.68241667	7.65607203e-04	
0.68400000	5.29122035e-04	
0.68558333	2.54167754e-04	
0.68716667	1.53399288e-04	
0.68875000	4.19990130e-04	
0.69033333	6.60347453e-04	
0.69191667	1.84706746e-04	
0.69350000	1.02997406e-04	
0.69508333	6.60128733e-04	
0.69666667	1.02568487e-03	
0.69825000	2.56125623e-04	
0.69983333	5.99594408e-05	
0.70141667	2.11113596e-05	
0.70300000	4.58083979e-06	
0.70458333	-3.72392159e-06	
0.70616667	-7.45822291e-06	
0.70775000	-8.61391496e-06	
0.70933333	-8.10328494e-06	
0.71091667	-6.64180484e-06	
0.71250000	-4.90725424e-06	
0.71408333	-3.35550951e-06	
0.71566667	-2.08582322e-06	
0.71725000	-1.05303037e-06	
0.71883333	1.52725559e-07	
0.72041667	9.48025995e-07	
0.72200000	9.47366509e-07	
0.72358333	1.22125475e-06	
0.72516667	1.19522837e-06	
0.72675000	1.35514589e-06	
0.72833333	1.25743081e-06	
0.72991667	1.18304312e-06	
0.73150000	1.29627202e-06	
0.73308333	1.26730091e-06	
0.73466667	1.15854101e-06	
0.73625000	9.40499481e-07	
0.73783333	9.01218086e-07	
0.73941667	8.73104993e-07	
0.74100000	6.92422574e-07	
0.74258333	4.81979859e-07	
0.74416667	4.31942594e-07	
0.74575000	4.91746193e-07	
0.74733333	7.01363543e-07	
0.74891667	3.68465089e-07	
0.75050000	3.90373692e-07	
0.75208333	5.89757591e-07	
0.75366667	5.98824286e-07	
0.75525000	6.96309988e-07	
0.75683333	6.04571992e-07	
0.75841667	6.27906559e-07	
0.76000000	6.55241777e-07	
0.76158333	3.35753013e-07	
0.76316667	2.00673468e-07	
0.76475000	1.27084164e-07	
0.76633333	1.84124194e-07	
0.76791667	9.22995546e-08	
0.76950000	1.37326268e-07	
0.77108333	2.89473769e-07	
0.77266667	3.92663159e-07	
0.77425000	6.56901748e-07	
0.77583333	5.12574648e-07	
0.77741667	5.92905548e-07	
0.77900000	6.74746668e-07	
0.78058333	4.64091396e-07	
0.78216667	2.27594520e-07	
0.78375000	1.28364186e-07	
0.78533333	1.74315340e-07	
0.78691667	1.48992711e-07	
0.78850000	-1.29884931e-08	
0.79008333	1.34084884e-07	
0.79166667	3.72050454e-07	
0.79325000	4.09827229e-07	
0.79483333	4.26713387e-07	
0.79641667	3.31432644e-07	
0.79800000	6.15329906e-07	
0.79958333	6.21295406e-07	
0.80116667	5.66943343e-07	
0.80275000	1.98081574e-07	
0.80433333	2.35710208e-07	
0.80591667	3.15703106e-07	
0.80750000	2.02679184e-07	
0.80908333	1.83779064e-07	
0.81066667	2.17490631e-07	
0.81225000	3.98876246e-07	
0.81383333	6.96440530e-07	
0.81541667	4.65863176e-07	
0.81700000	4.53505437e-07	
0.81858333	5.12618890e-07	
0.82016667	4.43755428e-07	
0.82175000	3.19116767e-07	
0.82333333	1.87581831e-07	
0.82491667	1.72457372e-07	
0.82650000	2.00198371e-07	
0.82808333	8.79355657e-08	
0.82966667	1.62129025e-07	
0.83125000	1.01062961e-07	
0.83283333	4.78005920e-07	
0.83441667	4.59467437e-07	
0.83600000	5.19272548e-07	
0.83758333	6.02886316e-07	
0.83916667	5.11840175e-07	
0.84075000	5.67409620e-07	
0.84233333	2.07336633e-07	
0.84391667	2.54083149e-07	
0.84550000	2.10569560e-07	
0.84708333	1.09333363e-07	
0.84866667	1.69561202e-07	
0.85025000	2.08054306e-07	
0.85183333	3.56536890e-07	
0.85341667	5.03741539e-07	
0.85500000	5.20914374e-07	
0.85658333	5.58596225e-07	
0.85816667	5.01988269e-07	
0.85975000	4.86906904e-07	
0.86133333	3.86353664e-07	
0.86291667	1.21294555e-07	
0.86450000	1.83951230e-07	
0.86608333	2.20680982e-07	
0.86766667	2.32865925e-07	
0.86925000	8.66050860e-08	
0.87083333	2.26903099e-07	
0.87241667	5.47360664e-07	
0.87400000	4.67547983e-07	
0.87558333	4.76924904e-07	
0.87716667	3.78360453e-07	
0.87875000	4.55448836e-07	
0.88033333	5.04390888e-07	
0.88191667	2.12211890e-07	
0.88350000	6.52409604e-08	
0.88508333	1.13170655e-07	
0.88666667	2.17050745e-07	
0.88825000	2.29720656e-07	
0.88983333	1.70166744e-07	
0.89141667	2.11382395e-07	
0.89300000	3.70495572e-07	
0.89458333	4.09730989e-07	
0.89616667	4.87338795e-07	
0.89775000	4.36263215e-07	
0.89933333	6.15808392e-07	
0.90091667	3.59648894e-07	
0.90250000	-4.48112647e-08	
0.90408333	1.79759176e-07	
0.90566667	1.45017457e-07	
0.90725000	2.97130768e-07	
0.90883333	2.37870197e-07	
0.91041667	2.96949320e-07	
0.91200000	5.14952290e-07	
0.91358333	4.75585156e-07	
0.91516667	5.77781061e-07	
0.91675000	5.49391036e-07	
0.91833333	5.40532782e-07	
0.91991667	4.84488547e-07	
0.92150000	4.96935953e-08	
0.92308333	1.29849274e-07	
0.92466667	3.35835414e-08	
0.92625000	-1.74661145e-08	
0.92783333	1.08547074e-07	
0.92941667	-5.30468718e-08	
0.93100000	1.85983715e-07	
0.93258333	3.54196237e-07	
0.93416667	3.54853791e-07	
0.93575000	3.41673207e-07	
0.93733333	2.12159990e-07	
0.93891667	5.64558924e-07	
0.94050000	3.82595391e-07	
0.94208333	5.15946426e-08	
0.94366667	3.86224795e-08	
0.94525000	6.52058748e-08	
0.94683333	3.07751897e-07	
0.94841667	2.14673873e-07	
0.95000000	2.85834474e-07	
0.95158333	4.12514930e-07	
0.95316667	5.36875314e-07	
0.95475000	5.53711685e-07	
0.95633333	5.20654354e-07	
0.95791667	6.77037003e-07	
0.95950000	6.26479783e-07	
0.96108333	2.27319786e-07	
0.96266667	3.31808764e-09	
0.96425000	9.16513045e-08	
0.96583333	2.01192934e-07	
0.96741667	1.47610261e-07	
0.96900000	-1.37827616e-07	
0.97058333	1.60271632e-07	
0.97216667	4.45113013e-07	
0.97375000	4.02212316e-07	
0.97533333	3.44006496e-07	
0.97691667	2.90899733e-07	
0.97850000	4.71223848e-07	
0.98008333	4.78170680e-07	
0.98166667	2.17249708e-07	
0.98325000	1.17828027e-07	
0.98483333	6.54571721e-08	
0.98641667	2.88220069e-07	
0.98800000	2.35928804e-08	
0.98958333	4.45600199e-08	
0.99116667	2.86613665e-07	
0.99275000	3.74470771e-07	
0.99433333	6.82137544e-07	
0.99591667	6.01203384e-07	
0.99750000	5.46841353e-07	
0.99908333	6.80623572e-07	
1.00066667	4.50135290e-07	
1.00225000	3.80996100e-07	
1.00383333	1.53828192e-08	
1.00541667	1.93371203e-07	
1.00700000	3.30895132e-07	
1.00858333	1.79905805e-07	
1.01016667	1.77971898e-07	
1.01175000	3.21951530e-07	
1.01333333	3.43704082e-07	
1.01491667	3.65698425e-07	
1.01650000	3.95022041e-07	
1.01808333	5.92947214e-07	
1.01966667	5.67539154e-07	
1.02125000	3.47075490e-07	
1.02283333	1.29375591e-07	
1.02441667	4.44200950e-09	
1.02600000	1.68446808e-07	
1.02758333	8.86353101e-08	
1.02916667	2.35588823e-07	
1.03075000	2.53218526e-07	
1.03233333	3.47550531e-07	
1.03391667	4.27189324e-07	
1.03550000	4.29608325e-07	
1.03708333	4.59554073e-07	
1.03866667	4.15564491e-07	
1.04025000	3.45346608e-07	
1.04183333	-2.30486165e-08	
1.04341667	-4.99611753e-08	
1.04500000	1.41759105e-07	
1.04658333	1.20498913e-07	
1.04816667	1.38363462e-07	
1.04975000	9.63697122e-08	
1.05133333	2.33610534e-07	
1.05291667	5.15902317e-07	
1.05450000	4.06792341e-07	
1.05608333	5.12488628e-07	
1.05766667	5.20440201e-07	
1.05925000	5.25366686e-07	
1.06083333	5.75664558e-07	
1.06241667	2.65534291e-07	
1.06400000	1.69604912e-07	
1.06558333	1.42968731e-07	
1.06716667	1.08590266e-07	
1.06875000	2.70295708e-07	
1.07033333	2.85549757e-07	
1.07191667	3.96033558e-07	
1.07350000	6.03231851e-07	
1.07508333	5.56607575e-07	
1.07666667	5.70348240e-07	
1.07825000	6.31190770e-07	
1.07983333	6.91186318e-07	
1.08141667	6.38105120e-07	
1.08300000	3.02393773e-07	
1.08458333	2.07674455e-07	
1.08616667	1.26047544e-07	
1.08775000	2.44368897e-07	
1.08933333	1.71548886e-07	
1.09091667	2.74653376e-07	
1.09250000	6.95101678e-07	
1.09408333	4.78437364e-07	
1.09566667	4.65802357e-07	
1.09725000	5.11105646e-07	
1.09883333	5.44593356e-07	
1.10041667	5.43082241e-07	
1.10200000	5.16558218e-08	
1.10358333	-2.03010789e-08	
1.10516667	6.67614426e-08	
1.10675000	6.06082085e-08	
1.10833333	2.38743081e-07	
1.10991667	1.73667139e-07	
1.11150000	4.76189983e-07	
1.11308333	5.55959346e-07	
1.11466667	6.54741227e-07	
1.11625000	6.40653123e-07	
1.11783333	5.32321918e-07	
1.11941667	7.50497795e-07	
1.12100000	4.60349000e-07	
1.12258333	2.85507699e-07	
1.12416667	8.70278140e-08	
1.12575000	1.53875725e-07	
1.12733333	3.00069444e-07	
1.12891667	1.36072498e-07	
1.13050000	2.10336716e-07	
1.13208333	2.17214623e-07	
1.13366667	4.45338031e-07	
1.13525000	3.71877826e-07	
1.13683333	3.45683295e-07	
1.13841667	5.80632093e-07	
1.14000000	4.64911161e-07	
1.14158333	3.80693126e-07	
1.14316667	1.55094871e-07	
1.14475000	2.06551128e-07	
1.14633333	3.64661343e-07	
1.14791667	2.50843516e-07	
1.14950000	9.97750780e-08	
1.15108333	4.95937645e-07	
1.15266667	4.31725668e-07	
1.15425000	5.07043167e-07	
1.15583333	4.78566786e-07	
1.15741667	3.39600050e-07	
1.15900000	4.99739992e-07	
1.16058333	2.27162797e-07	
1.16216667	2.22036495e-07	
1.16375000	1.84815167e-07	
1.16533333	1.97000782e-07	
1.16691667	3.64842791e-07	
1.16850000	5.81713677e-08	
1.17008333	1.20438836e-07	
1.17166667	1.88401470e-07	
1.17325000	5.55482989e-07	
1.17483333	6.26306287e-07	
1.17641667	4.61108898e-07	
1.17800000	4.45379417e-07	
1.17958333	6.40565591e-07	
1.18116667	4.00614956e-07	
1.18275000	2.65828696e-07	
1.18433333	1.53574011e-07	
1.18591667	1.82741016e-07	
1.18750000	1.29263180e-07	
1.18908333	-4.06540687e-08	
@ 
0.00000000	2.07716862e-07	
0.00158333	1.94700940e-07	
0.00316667	5.33014669e-07	
0.00475000	4.21570592e-07	
0.00633333	4.93519065e-07	
0.00791667	6.46979222e-07	
0.00950000	5.29902889e-07	
0.01108333	3.11209772e-07	
0.01266667	1.49036463e-07	
0.01425000	1.31664890e-07	
0.01583333	3.42890870e-07	
0.01741667	2.79880566e-07	
0.01900000	3.27327295e-07	
0.02058333	4.87079056e-07	
0.02216667	4.61325684e-07	
0.02375000	6.38666489e-07	
0.02533333	5.15211022e-07	
0.02691667	6.40177885e-07	
0.02850000	5.87848801e-07	
0.03008333	4.97502467e-07	
0.03166667	3.32867624e-07	
0.03325000	2.75862358e-08	
0.03483333	1.97346443e-07	
0.03641667	2.32434356e-07	
0.03800000	1.57549055e-07	
0.03958333	1.99852598e-07	
0.04116667	2.58293082e-07	
0.04275000	5.50342518e-07	
0.04433333	4.04459444e-07	
0.04591667	3.18339704e-07	
0.04750000	4.97883284e-07	
0.04908333	4.26222833e-07	
0.05066667	2.84546780e-07	
0.05225000	1.60815276e-07	
0.05383333	2.00630878e-07	
0.05541667	3.08313742e-07	
0.05700000	3.65309684e-07	
0.05858333	3.82378214e-07	
0.06016667	3.05150888e-07	
0.06175000	5.19686015e-07	
0.06333333	6.03146560e-07	
0.06491667	5.75317679e-07	
0.06650000	6.85896041e-07	
0.06808333	6.36634718e-07	
0.06966667	4.71592457e-07	
0.07125000	5.45199191e-07	
0.07283333	8.28443423e-08	
0.07441667	1.59361871e-08	
0.07600000	2.94699468e-08	
0.07758333	1.12781942e-07	
0.07916667	1.05452662e-07	
0.08075000	5.08254782e-07	
0.08233333	7.35211181e-07	
0.08391667	5.15512259e-07	
0.08550000	6.22289899e-07	
0.08708333	5.74280624e-07	
0.08866667	5.72146481e-07	
0.09025000	5.86942177e-07	
0.09183333	3.45423611e-07	
0.09341667	4.51516256e-07	
0.09500000	3.96032970e-07	
0.09658333	3.04424816e-07	
0.09816667	2.75213793e-07	
0.09975000	1.83804209e-07	
0.10133333	4.02126716e-07	
0.10291667	5.70089228e-07	
0.10450000	5.45502277e-07	
0.10608333	5.82274983e-07	
0.10766667	5.52372721e-07	
0.10925000	5.03267926e-07	
0.11083333	2.90001733e-07	
0.11241667	8.96462605e-08	
0.11400000	1.28657667e-07	
0.11558333	1.08262161e-07	
0.11716667	2.64929968e-07	
0.11875000	2.05384848e-07	
0.12033333	2.48077047e-07	
0.12191667	4.48991971e-07	
0.12350000	5.53842115e-07	
0.12508333	6.97260631e-07	
0.12666667	6.08416508e-07	
0.12825000	6.62777699e-07	
0.12983333	5.81497892e-07	
0.13141667	7.11433103e-08	
0.13300000	3.34154422e-07	
0.13458333	1.02246455e-07	
0.13616667	2.86794889e-07	
0.13775000	2.45035103e-07	
0.13933333	1.02921397e-07	
0.14091667	5.56825817e-07	
0.14250000	5.17328197e-07	
0.14408333	6.23067438e-07	
0.14566667	5.96577185e-07	
0.14725000	5.32236962e-07	
0.14883333	6.87365995e-07	
0.15041667	2.72569942e-07	
0.15200000	2.47643700e-07	
0.15358333	2.50280690e-07	
0.15516667	2.46823543e-07	
0.15675000	2.81694656e-07	
0.15833333	3.20196691e-07	
0.15991667	5.12946000e-07	
0.16150000	4.38251613e-07	
0.16308333	5.39711113e-07	
0.16466667	5.89792928e-07	
0.16625000	5.30896038e-07	
0.16783333	6.20992936e-07	
0.16941667	6.11331439e-07	
0.17100000	4.88333400e-07	
0.17258333	1.79717034e-07	
0.17416667	1.00682508e-07	
0.17575000	2.73995542e-07	
0.17733333	2.58655390e-07	
0.17891667	1.38095588e-07	
0.18050000	3.87962700e-07	
0.18208333	5.18712523e-07	
0.18366667	6.28468880e-07	
0.18525000	5.21477143e-07	
0.18683333	6.35943311e-07	
0.18841667	7.40301474e-07	
0.19000000	7.03006880e-07	
0.19158333	6.39520864e-07	
0.19316667	2.66096080e-07	
0.19475000	4.29478567e-07	
0.19633333	4.44992327e-07	
0.19791667	2.20205395e-07	
0.19950000	4.17768834e-07	
0.20108333	4.88289774e-07	
0.20266667	6.33696434e-07	
0.20425000	7.31527896e-07	
0.20583333	5.48571551e-07	
0.20741667	6.44498759e-07	
0.20900000	6.35122986e-07	
0.21058333	6.76864907e-07	
0.21216667	2.49867420e-07	
0.21375000	1.26998845e-07	
0.21533333	3.78057060e-07	
0.21691667	2.95219403e-07	
0.21850000	2.25650771e-07	
0.22008333	3.36921254e-07	
0.22166667	2.98790907e-07	
0.22325000	7.09099842e-07	
0.22483333	5.10285153e-07	
0.22641667	6.76606680e-07	
0.22800000	6.76216286e-07	
0.22958333	6.41602533e-07	
0.23116667	4.12039049e-07	
0.23275000	2.65533703e-07	
0.23433333	2.68386191e-07	
0.23591667	2.41033191e-07	
0.23750000	3.01183978e-07	
0.23908333	3.90967459e-07	
0.24066667	4.26808283e-07	
0.24225000	7.45961032e-07	
0.24383333	6.55778785e-07	
0.24541667	5.70218762e-07	
0.24700000	5.88023249e-07	
0.24858333	6.45793649e-07	
0.25016667	4.66846748e-07	
0.25175000	3.38874426e-07	
0.25333333	3.14320432e-07	
0.25491667	5.21865576e-07	
0.25650000	3.28883073e-07	
0.25808333	3.36056323e-07	
0.25966667	2.00086884e-07	
0.26125000	4.48707982e-07	
0.26283333	5.64210085e-07	
0.26441667	6.56383332e-07	
0.26600000	6.83519854e-07	
0.26758333	6.14856517e-07	
0.26916667	6.72586539e-07	
0.27075000	5.66675539e-07	
0.27233333	2.38622283e-07	
0.27391667	2.68603144e-07	
0.27550000	2.47515258e-07	
0.27708333	3.21009820e-07	
0.27866667	2.61714163e-07	
0.28025000	2.98548556e-07	
0.28183333	7.12731101e-07	
0.28341667	5.29298566e-07	
0.28500000	3.91971136e-07	
0.28658333	5.20525044e-07	
0.28816667	5.79554493e-07	
0.28975000	7.40516468e-07	
0.29133333	3.74012110e-07	
0.29291667	2.26194051e-07	
0.29450000	3.81341495e-07	
0.29608333	4.10396411e-07	
0.29766667	3.77928282e-07	
0.29925000	2.70849741e-07	
0.30083333	5.64540107e-07	
0.30241667	6.94019485e-07	
0.30400000	6.58932959e-07	
0.30558333	6.79198644e-07	
0.30716667	7.66054061e-07	
0.30875000	8.40854434e-07	
0.31033333	7.34422050e-07	
0.31191667	4.40782226e-07	
0.31350000	3.14709173e-07	
0.31508333	3.15098139e-07	
0.31666667	2.06852912e-07	
0.31825000	2.91722074e-07	
0.31983333	2.19731109e-07	
0.32141667	2.96128492e-07	
0.32300000	6.33005083e-07	
0.32458333	5.67799902e-07	
0.32616667	5.52805173e-07	
0.32775000	6.01677726e-07	
0.32933333	5.75576747e-07	
0.33091667	5.33360596e-07	
0.33250000	3.59174146e-08	
0.33408333	1.98772351e-07	
0.33566667	3.02177883e-07	
0.33725000	4.47791417e-07	
0.33883333	2.75835029e-07	
0.34041667	4.79518212e-07	
0.34200000	6.67618781e-07	
0.34358333	7.46996014e-07	
0.34516667	7.01884198e-07	
0.34675000	6.28130793e-07	
0.34833333	7.24180647e-07	
0.34991667	6.20559029e-07	
0.35150000	5.60323958e-07	
0.35308333	3.25226865e-07	
0.35466667	2.98591146e-07	
0.35625000	3.65093458e-07	
0.35783333	2.83251666e-07	
0.35941667	2.52830849e-07	
0.36100000	3.65700245e-07	
0.36258333	6.31492624e-07	
0.36416667	6.71203501e-07	
0.36575000	5.73633963e-07	
0.36733333	6.18616134e-07	
0.36891667	8.22487458e-07	
0.37050000	3.72482794e-07	
0.37208333	4.17180723e-07	
0.37366667	1.59286239e-07	
0.37525000	3.04338488e-07	
0.37683333	3.45959415e-07	
0.37841667	2.75603095e-07	
0.38000000	3.66562208e-07	
0.38158333	6.11487966e-07	
0.38316667	6.64100703e-07	
0.38475000	8.43835504e-07	
0.38633333	7.32866580e-07	
0.38791667	8.07365211e-07	
0.38950000	8.65354245e-07	
0.39108333	6.48822769e-07	
0.39266667	5.30828051e-07	
0.39425000	8.19938951e-07	
0.39583333	1.07752150e-06	
0.39741667	1.03885647e-06	
0.39900000	1.27495343e-06	
0.40058333	1.77066236e-06	
0.40216667	2.32192668e-06	
0.40375000	2.94391680e-06	
0.40533333	3.11399621e-06	
0.40691667	3.54627804e-06	
0.40850000	3.96388295e-06	
0.41008333	4.24778343e-06	
0.41166667	4.22677667e-06	
0.41325000	4.74281473e-06	
0.41483333	5.73351890e-06	
0.41641667	6.76764338e-06	
0.41800000	8.27718395e-06	
0.41958333	1.02832612e-05	
0.42116667	1.28881728e-05	
0.42275000	1.64651707e-05	
0.42433333	2.09388342e-05	
0.42591667	2.77724149e-05	
0.42750000	3.73226516e-05	
0.42908333	5.30133407e-05	
0.43066667	9.38263556e-05	
0.43225000	2.15493096e-04	
0.43383333	4.84786654e-04	
0.43541667	5.98007083e-04	
0.43700000	5.12898059e-04	
0.43858333	5.28600354e-04	
0.44016667	6.82417339e-04	
0.44175000	1.04040573e-03	
0.44333333	9.18728116e-04	
0.44491667	2.07437328e-03	
0.44650000	1.23407853e-03	
0.44808333	2.54100429e-04	
0.44966667	3.52395696e-04	
0.45125000	1.38110746e-03	
0.45283333	1.16320826e-03	
0.45441667	1.71501637e-03	
0.45600000	2.09241313e-03	
0.45758333	3.16384531e-03	
0.45916667	4.17178061e-03	
0.46075000	5.25165007e-03	
0.46233333	6.11962578e-03	
0.46391667	7.91888553e-03	
0.46550000	9.14970172e-03	
0.46708333	9.08059222e-03	
0.46866667	3.11032467e-03	
0.47025000	5.14105973e-03	
0.47183333	4.30231196e-03	
0.47341667	5.36561102e-03	
0.47500000	5.12740803e-03	
0.47658333	5.92250267e-03	
0.47816667	7.15838830e-03	
0.47975000	8.81283602e-03	
0.48133333	1.03932066e-02	
0.48291667	1.32413797e-02	
0.48450000	1.57369457e-02	
0.48608333	1.84632495e-02	
0.48766667	2.03628965e-01	
0.48925000	6.74406741e-01	
0.49083333	1.01071620e+00	
0.49241667	1.92023889e+00	
0.49400000	2.40905469e+00	
0.49558333	2.52350725e+00	
0.49716667	2.83100239e+00	
0.49875000	3.29471568e+00	
0.50033333	3.31339966e+00	
0.50191667	3.40459913e+00	
0.50350000	3.55157242e+00	
0.50508333	4.22864571e+00	
0.50666667	5.18070585e+00	
0.50825000	5.47950718e+00	
0.50983333	5.96124206e+00	
0.51141667	6.62128219e+00	
0.51300000	7.25795765e+00	
0.51458333	7.29464912e+00	
0.51616667	7.55070958e+00	
0.51775000	7.68413128e+00	
0.51933333	7.71634807e+00	
0.52091667	8.63530540e+00	
0.52250000	9.42905567e+00	
0.52408333	9.72684932e+00	
0.52566667	9.87333616e+00	
0.52725000	1.03492706e+01	
0.52883333	1.07995775e+01	
0.53041667	1.09194558e+01	
0.53200000	1.09641397e+01	
0.53358333	1.13170530e+01	
0.53516667	1.23484891e+01	
0.53675000	1.28505482e+01	
0.53833333	1.43576726e+01	
0.53991667	1.44883343e+01	
0.54150000	1.48665727e+01	
0.54308333	1.50455422e+01	
0.54466667	1.53532868e+01	
0.54625000	1.62656113e+01	
0.54783333	1.65040262e+01	
0.54941667	1.68507186e+01	
0.55100000	1.69078424e+01	
0.55258333	1.72095240e+01	
0.55416667	1.75006862e+01	
0.55575000	1.76738219e+01	
0.55733333	1.80557857e+01	
0.55891667	1.84100153e+01	
0.56050000	2.13364410e+01	
0.56208333	2.14104901e+01	
0.56366667	2.19549180e+01	
0.56525000	2.21005902e+01	
0.56683333	2.20999757e+01	
0.56841667	2.25927707e+01	
0.57000000	2.31326286e+01	
0.57158333	2.36547963e+01	
0.57316667	2.50165961e+01	
0.57475000	2.53707787e+01	
0.57633333	2.57985820e+01	
0.57791667	2.57228229e+01	
0.57950000	2.59580697e+01	
0.58108333	2.65643642e+01	
0.58266667	2.70524182e+01	
0.58425000	2.79617605e+01	
0.58583333	2.87557560e+01	
0.58741667	3.01755477e+01	
0.58900000	3.06086652e+01	
0.59058333	3.08090089e+01	
0.59216667	3.11056112e+01	
0.59375000	3.12023151e+01	
0.59533333	3.17089142e+01	
0.59691667	3.22146752e+01	
