start voltage : 0.00 V 
set voltage : 0.10 V 
High G : 30.00 G0 
Intermediate G : 20.00 G0 
Low G : 10.00 G0 
Breaking speed 1 : 300.00 V/s 
Breaking speed 2 : 300.00 V/s 
Making speed : 500.00 V/s 
Post breaking : 230.00 V/s 
@ 
0.00000000	4.53431856e+01	
0.00158333	4.56986235e+01	
0.00316667	4.60750175e+01	
0.00475000	4.59772425e+01	
0.00633333	4.59811661e+01	
0.00791667	4.61814816e+01	
0.00950000	4.58729356e+01	
0.01108333	4.60141073e+01	
0.01266667	4.59648590e+01	
0.01425000	4.59339022e+01	
0.01583333	4.60858413e+01	
0.01741667	4.58924109e+01	
0.01900000	4.60149078e+01	
0.02058333	4.58981874e+01	
0.02216667	4.58998899e+01	
0.02375000	4.59958985e+01	
0.02533333	4.58486271e+01	
0.02691667	4.59583459e+01	
0.02850000	4.58183167e+01	
0.03008333	4.58211843e+01	
0.03166667	4.59236571e+01	
0.03325000	4.57784040e+01	
0.03483333	4.59651146e+01	
0.03641667	4.58404229e+01	
0.03800000	4.57997998e+01	
0.03958333	4.58797042e+01	
0.04116667	4.57641113e+01	
0.04275000	4.58270547e+01	
0.04433333	4.56328238e+01	
0.04591667	4.57452110e+01	
0.04750000	4.57708085e+01	
0.04908333	4.57213573e+01	
0.05066667	4.58807115e+01	
0.05225000	4.57951733e+01	
0.05383333	4.58592067e+01	
0.05541667	4.59345373e+01	
0.05700000	4.57003523e+01	
0.05858333	4.58995516e+01	
0.06016667	4.56983680e+01	
0.06175000	4.56444068e+01	
0.06333333	4.56545579e+01	
0.06491667	4.56315310e+01	
0.06650000	4.57338610e+01	
0.06808333	4.57351538e+01	
0.06966667	4.54737177e+01	
0.07125000	4.56493602e+01	
0.07283333	4.55622849e+01	
0.07441667	4.57159566e+01	
0.07600000	4.55680990e+01	
0.07758333	4.56776186e+01	
0.07916667	4.55794076e+01	
0.08075000	4.55830343e+01	
0.08233333	4.56595639e+01	
0.08391667	4.54843799e+01	
0.08550000	4.56211769e+01	
0.08708333	4.55607065e+01	
0.08866667	4.54913326e+01	
0.09025000	4.54550992e+01	
0.09183333	4.53599625e+01	
0.09341667	4.55179637e+01	
0.09500000	4.55224135e+01	
0.09658333	4.54413402e+01	
0.09816667	4.52141117e+01	
0.09975000	4.50189187e+01	
0.10133333	4.52211284e+01	
0.10291667	4.50572869e+01	
0.10450000	4.49246652e+01	
0.10608333	4.51364810e+01	
0.10766667	4.49414308e+01	
0.10925000	4.50712488e+01	
0.11083333	4.47562273e+01	
0.11241667	4.48057424e+01	
0.11400000	4.46771797e+01	
0.11558333	4.44897776e+01	
0.11716667	4.47015558e+01	
0.11875000	4.44824715e+01	
0.12033333	4.44837982e+01	
0.12191667	4.44968995e+01	
0.12350000	4.40754777e+01	
0.12508333	4.41822124e+01	
0.12666667	4.41114443e+01	
0.12825000	4.41179311e+01	
0.12983333	4.42389021e+01	
0.13141667	4.39850501e+01	
0.13300000	4.40964526e+01	
0.13458333	4.40288376e+01	
0.13616667	4.39896427e+01	
0.13775000	4.38637972e+01	
0.13933333	4.36252188e+01	
0.14091667	4.39179538e+01	
0.14250000	4.38565700e+01	
0.14408333	4.39918037e+01	
0.14566667	4.39475501e+01	
0.14725000	4.38096443e+01	
0.14883333	4.39163490e+01	
0.15041667	4.38989520e+01	
0.15200000	4.37927848e+01	
0.15358333	4.37737003e+01	
0.15516667	4.37296497e+01	
0.15675000	4.35484524e+01	
0.15833333	4.35799129e+01	
0.15991667	4.35448934e+01	
0.16150000	4.36980051e+01	
0.16308333	4.33898161e+01	
0.16466667	4.34899964e+01	
0.16625000	4.33635909e+01	
0.16783333	4.32911353e+01	
0.16941667	4.32965247e+01	
0.17100000	4.31372832e+01	
0.17258333	4.31923756e+01	
0.17416667	4.31278913e+01	
0.17575000	4.28896098e+01	
0.17733333	4.28999563e+01	
0.17891667	4.27595964e+01	
0.18050000	4.26209953e+01	
0.18208333	4.24515464e+01	
0.18366667	4.26942815e+01	
0.18525000	4.25862426e+01	
0.18683333	4.24557557e+01	
0.18841667	4.22911737e+01	
0.19000000	4.16749912e+01	
0.19158333	4.15881677e+01	
0.19316667	4.14162496e+01	
0.19475000	4.13133145e+01	
0.19633333	4.13397276e+01	
0.19791667	4.11537348e+01	
0.19950000	4.10965453e+01	
0.20108333	4.10123113e+01	
0.20266667	4.08351655e+01	
0.20425000	3.98564268e+01	
0.20583333	3.97896688e+01	
0.20741667	3.98676265e+01	
0.20900000	3.98101476e+01	
0.21058333	3.97722981e+01	
0.21216667	3.98897251e+01	
0.21375000	3.98430211e+01	
0.21533333	3.99220274e+01	
0.21691667	3.97053070e+01	
0.21850000	3.95428710e+01	
0.22008333	3.90969717e+01	
0.22166667	3.87425297e+01	
0.22325000	3.86015572e+01	
0.22483333	3.84511890e+01	
0.22641667	3.84484530e+01	
0.22800000	3.86240542e+01	
0.22958333	3.81346567e+01	
0.23116667	3.80151476e+01	
0.23275000	3.79049853e+01	
0.23433333	3.74616604e+01	
0.23591667	3.74369460e+01	
0.23750000	3.74128255e+01	
0.23908333	3.75067257e+01	
0.24066667	3.73154601e+01	
0.24225000	3.73969506e+01	
0.24383333	3.74003405e+01	
0.24541667	3.71921477e+01	
0.24700000	3.70346839e+01	
0.24858333	3.67511378e+01	
0.25016667	3.63528068e+01	
0.25175000	3.61490487e+01	
0.25333333	3.59255447e+01	
0.25491667	3.60708543e+01	
0.25650000	3.59287430e+01	
0.25808333	3.58815580e+01	
0.25966667	3.57987784e+01	
0.26125000	3.54741245e+01	
0.26283333	3.57067686e+01	
0.26441667	3.54546567e+01	
0.26600000	3.53510864e+01	
0.26758333	3.52732490e+01	
0.26916667	3.51371847e+01	
0.27075000	3.49971593e+01	
0.27233333	3.43939803e+01	
0.27391667	3.45099265e+01	
0.27550000	3.45594304e+01	
0.27708333	3.46274513e+01	
0.27866667	3.46592048e+01	
0.28025000	3.43714984e+01	
0.28183333	3.43209535e+01	
0.28341667	3.43794847e+01	
0.28500000	3.43781618e+01	
0.28658333	3.45041501e+01	
0.28816667	3.43392337e+01	
0.28975000	3.43758467e+01	
0.29133333	3.44039209e+01	
0.29291667	3.42821456e+01	
0.29450000	3.42063339e+01	
0.29608333	3.40205854e+01	
0.29766667	3.40501291e+01	
0.29925000	3.36769522e+01	
0.30083333	3.34668276e+01	
0.30241667	3.26367246e+01	
0.30400000	3.25646411e+01	
0.30558333	3.21970489e+01	
0.30716667	3.16313624e+01	
0.30875000	3.15511836e+01	
0.31033333	3.14686088e+01	
0.31191667	3.12387966e+01	
0.31350000	3.12833226e+01	
0.31508333	3.12175323e+01	
0.31666667	3.12109328e+01	
0.31825000	3.12981922e+01	
0.31983333	3.11371956e+01	
0.32141667	3.11770915e+01	
0.32300000	3.11644957e+01	
0.32458333	3.10077403e+01	
0.32616667	3.07769490e+01	
0.32775000	3.05290539e+01	
0.32933333	3.04387728e+01	
0.33091667	3.00899476e+01	
0.33250000	2.96540377e+01	
0.33408333	2.98005762e+01	
0.33566667	2.97897580e+01	
0.33725000	2.96963990e+01	
0.33883333	2.93625955e+01	
0.34041667	2.94187834e+01	
0.34200000	2.95525439e+01	
0.34358333	2.93789383e+01	
0.34516667	2.94035268e+01	
0.34675000	2.93350004e+01	
0.34833333	2.88119834e+01	
0.34991667	2.84671907e+01	
0.35150000	2.82973021e+01	
0.35308333	2.82258086e+01	
0.35466667	2.81998935e+01	
0.35625000	2.75755085e+01	
0.35783333	2.69290945e+01	
0.35941667	2.67215142e+01	
0.36100000	2.68605775e+01	
0.36258333	2.67169442e+01	
0.36416667	2.67351267e+01	
0.36575000	2.66867352e+01	
0.36733333	2.65476475e+01	
0.36891667	2.65695356e+01	
0.37050000	2.61857529e+01	
0.37208333	2.55080099e+01	
0.37366667	2.55384988e+01	
0.37525000	2.52962749e+01	
0.37683333	2.51019388e+01	
0.37841667	2.47080200e+01	
0.38000000	2.44804232e+01	
0.38158333	2.42669594e+01	
0.38316667	2.41843339e+01	
0.38475000	2.41071110e+01	
0.38633333	2.40391409e+01	
0.38791667	2.40247561e+01	
0.38950000	2.40479427e+01	
0.39108333	2.39148720e+01	
0.39266667	2.38806135e+01	
0.39425000	2.36930667e+01	
0.39583333	2.36213327e+01	
0.39741667	2.35714248e+01	
0.39900000	2.36160655e+01	
0.40058333	2.37451450e+01	
0.40216667	2.36075492e+01	
0.40375000	2.35865330e+01	
0.40533333	2.34516094e+01	
0.40691667	2.33667159e+01	
0.40850000	2.34878372e+01	
0.41008333	2.30987835e+01	
0.41166667	2.29231015e+01	
0.41325000	2.27248098e+01	
0.41483333	2.24675265e+01	
0.41641667	2.22149918e+01	
0.41800000	2.20047187e+01	
0.41958333	2.22212437e+01	
0.42116667	2.21572911e+01	
0.42275000	2.14312507e+01	
0.42433333	2.14924014e+01	
0.42591667	2.15207331e+01	
0.42750000	2.08210964e+01	
0.42908333	2.06487931e+01	
0.43066667	2.09424357e+01	
0.43225000	2.12034021e+01	
0.43383333	2.10365464e+01	
0.43541667	2.13112568e+01	
0.43700000	2.09365165e+01	
0.43858333	2.07642620e+01	
0.44016667	2.05721264e+01	
0.44175000	2.03088824e+01	
0.44333333	2.00876597e+01	
0.44491667	1.95073498e+01	
0.44650000	1.89311532e+01	
0.44808333	1.86920562e+01	
0.44966667	1.86022731e+01	
0.45125000	1.85937418e+01	
0.45283333	1.85499223e+01	
0.45441667	1.84181068e+01	
0.45600000	1.80098803e+01	
0.45758333	1.77199527e+01	
0.45916667	1.76631560e+01	
0.46075000	1.75476851e+01	
0.46233333	1.74913713e+01	
0.46391667	1.75271049e+01	
0.46550000	1.75805418e+01	
0.46708333	1.76251580e+01	
0.46866667	1.75871356e+01	
0.47025000	1.75842136e+01	
0.47183333	1.75610740e+01	
0.47341667	1.75151592e+01	
0.47500000	1.72269398e+01	
0.47658333	1.56581902e+01	
0.47816667	1.56407744e+01	
0.47975000	1.55699019e+01	
0.48133333	1.56974725e+01	
0.48291667	1.55963263e+01	
0.48450000	1.54765889e+01	
0.48608333	1.56748440e+01	
0.48766667	1.56062678e+01	
0.48925000	1.55546312e+01	
0.49083333	1.55344474e+01	
0.49241667	1.54373066e+01	
0.49400000	1.53278471e+01	
0.49558333	1.48950838e+01	
0.49716667	1.46160017e+01	
0.49875000	1.44654972e+01	
0.50033333	1.43365859e+01	
0.50191667	1.44495951e+01	
0.50350000	1.43827647e+01	
0.50508333	1.43226183e+01	
0.50666667	1.41514801e+01	
0.50825000	1.36278138e+01	
0.50983333	1.34568663e+01	
0.51141667	1.33264423e+01	
0.51300000	1.33330314e+01	
0.51458333	1.33820834e+01	
0.51616667	1.31751496e+01	
0.51775000	1.27195548e+01	
0.51933333	1.24255608e+01	
0.52091667	1.24407611e+01	
0.52250000	1.22457081e+01	
0.52408333	1.19035594e+01	
0.52566667	1.18519518e+01	
0.52725000	1.19901357e+01	
0.52883333	1.16408801e+01	
0.53041667	1.15325651e+01	
0.53200000	1.13935778e+01	
0.53358333	1.13792570e+01	
0.53516667	1.12326292e+01	
0.53675000	1.05557910e+01	
0.53833333	1.05116098e+01	
0.53991667	1.04966275e+01	
0.54150000	1.04472636e+01	
0.54308333	1.03015801e+01	
0.54466667	1.01931589e+01	
0.54625000	1.02317093e+01	
0.54783333	1.00975439e+01	
0.54941667	1.01233369e+01	
0.55100000	9.78494740e+00	
0.55258333	9.52643514e+00	
0.55416667	9.23539510e+00	
0.55575000	9.06702670e+00	
0.55733333	9.03780619e+00	
0.55891667	8.99769987e+00	
0.56050000	8.56284981e+00	
0.56208333	8.22605947e+00	
0.56366667	7.74207010e+00	
0.56525000	7.95376377e+00	
0.56683333	7.86522986e+00	
0.56841667	7.77940940e+00	
0.57000000	7.72373212e+00	
0.57158333	7.67659643e+00	
0.57316667	7.49669110e+00	
0.57475000	7.39266091e+00	
0.57633333	7.39233254e+00	
0.57791667	7.09015863e+00	
0.57950000	6.71378342e+00	
0.58108333	6.40905813e+00	
0.58266667	6.21768258e+00	
0.58425000	6.10941495e+00	
0.58583333	6.03553873e+00	
0.58741667	6.01458311e+00	
0.58900000	6.01376898e+00	
0.59058333	6.09448994e+00	
0.59216667	6.20383666e+00	
0.59375000	5.96303992e+00	
0.59533333	5.92189115e+00	
0.59691667	5.77261944e+00	
0.59850000	5.86810661e+00	
0.60008333	5.80150969e+00	
0.60166667	5.80975673e+00	
0.60325000	5.64545431e+00	
0.60483333	5.74081935e+00	
0.60641667	5.77106351e+00	
0.60800000	5.68265691e+00	
0.60958333	5.68750131e+00	
0.61116667	5.64257924e+00	
0.61275000	5.61626481e+00	
0.61433333	5.54547882e+00	
0.61591667	5.34978643e+00	
0.61750000	5.46038137e+00	
0.61908333	5.32277672e+00	
0.62066667	4.62976017e+00	
0.62225000	4.30542707e+00	
0.62383333	4.30198168e+00	
0.62541667	4.24811775e+00	
0.62700000	4.29340250e+00	
0.62858333	4.08159608e+00	
0.63016667	3.88372789e+00	
0.63175000	3.85447848e+00	
0.63333333	3.77687313e+00	
0.63491667	3.81437122e+00	
0.63650000	3.64982709e+00	
0.63808333	3.58615715e+00	
0.63966667	3.61662047e+00	
0.64125000	3.52187015e+00	
0.64283333	3.68198140e+00	
0.64441667	3.53097079e+00	
0.64600000	3.48402959e+00	
0.64758333	3.59787542e+00	
0.64916667	3.46184784e+00	
0.65075000	2.75807584e+00	
0.65233333	2.68025532e+00	
0.65391667	2.39379848e+00	
0.65550000	2.36136419e+00	
0.65708333	2.46004824e+00	
0.65866667	2.39598180e+00	
0.66025000	2.21062957e+00	
0.66183333	2.24742393e+00	
0.66341667	2.27365192e+00	
0.66500000	2.24592884e+00	
0.66658333	2.27714616e+00	
0.66816667	2.21008392e+00	
0.66975000	1.52828226e+00	
0.67133333	1.22787298e+00	
0.67291667	1.25865411e+00	
0.67450000	1.24588693e+00	
0.67608333	1.21974562e+00	
0.67766667	1.23544166e+00	
0.67925000	1.26014156e+00	
0.68083333	1.23654952e+00	
0.68241667	1.20627952e+00	
0.68400000	1.21545286e+00	
0.68558333	1.26242929e+00	
0.68716667	1.25609614e+00	
0.68875000	1.29650301e+00	
0.69033333	1.37771383e+00	
0.69191667	1.22629251e+00	
0.69350000	1.17927368e+00	
0.69508333	1.05459406e+00	
0.69666667	9.07628401e-01	
0.69825000	8.15374094e-01	
0.69983333	8.94431782e-01	
0.70141667	8.74389660e-01	
0.70300000	8.58135809e-01	
0.70458333	8.48641081e-01	
0.70616667	7.70810231e-01	
0.70775000	3.66863833e-01	
0.70933333	-2.07770864e-05	
0.71091667	2.13102285e-05	
0.71250000	4.77264705e-04	
0.71408333	1.45593705e-03	
0.71566667	2.24996585e-04	
0.71725000	1.46001408e-04	
0.71883333	3.07149164e-04	
0.72041667	6.23306441e-04	
0.72200000	5.63444131e-04	
0.72358333	3.18221726e-04	
0.72516667	2.03662498e-04	
0.72675000	1.78334897e-04	
0.72833333	1.75650561e-04	
0.72991667	1.87534735e-04	
0.73150000	1.80334729e-04	
0.73308333	1.49763701e-04	
0.73466667	1.23718751e-04	
0.73625000	9.62228976e-05	
0.73783333	7.61875604e-05	
0.73941667	6.39164475e-05	
0.74100000	5.62677874e-05	
0.74258333	5.12596466e-05	
0.74416667	4.80819404e-05	
0.74575000	4.62662834e-05	
0.74733333	4.38005348e-05	
0.74891667	3.98988174e-05	
0.75050000	3.57987309e-05	
0.75208333	3.16398678e-05	
0.75366667	2.78315590e-05	
0.75525000	2.43956552e-05	
0.75683333	2.13488783e-05	
0.75841667	1.87166581e-05	
0.76000000	1.64730863e-05	
0.76158333	1.50782474e-05	
0.76316667	1.40931282e-05	
0.76475000	1.30541616e-05	
0.76633333	1.18901847e-05	
0.76791667	1.09078836e-05	
0.76950000	1.01126533e-05	
0.77108333	9.19348989e-06	
0.77266667	8.32825017e-06	
0.77425000	7.53881546e-06	
0.77583333	6.96300972e-06	
0.77741667	6.55720431e-06	
0.77900000	5.86397115e-06	
0.78058333	5.33242711e-06	
0.78216667	4.94602769e-06	
0.78375000	4.61900931e-06	
0.78533333	4.22444607e-06	
0.78691667	3.63919203e-06	
0.78850000	3.33726658e-06	
0.79008333	3.11175319e-06	
0.79166667	2.85455650e-06	
0.79325000	2.71023780e-06	
0.79483333	2.67695573e-06	
0.79641667	2.83104396e-06	
0.79800000	2.70874634e-06	
0.79958333	2.60880493e-06	
0.80116667	2.59713849e-06	
0.80275000	2.57078751e-06	
0.80433333	2.56200542e-06	
0.80591667	2.29204979e-06	
0.80750000	2.15629051e-06	
0.80908333	2.16727126e-06	
0.81066667	2.10987496e-06	
0.81225000	2.01065172e-06	
0.81383333	1.75480480e-06	
0.81541667	1.81871398e-06	
0.81700000	1.86741040e-06	
0.81858333	1.82791900e-06	
0.82016667	1.88353408e-06	
0.82175000	1.73408567e-06	
0.82333333	1.63109391e-06	
0.82491667	1.49042825e-06	
0.82650000	1.15171845e-06	
0.82808333	1.04511408e-06	
0.82966667	1.07851835e-06	
0.83125000	1.16438655e-06	
0.83283333	1.10215387e-06	
0.83441667	9.25762140e-07	
0.83600000	1.10388513e-06	
0.83758333	1.11748949e-06	
0.83916667	1.11957020e-06	
0.84075000	1.14661516e-06	
0.84233333	9.97970940e-07	
0.84391667	1.03080667e-06	
0.84550000	8.20888362e-07	
0.84708333	6.34776835e-07	
0.84866667	5.87719211e-07	
0.85025000	5.31155609e-07	
0.85183333	4.27274924e-07	
0.85341667	3.62631308e-07	
0.85500000	5.09680102e-07	
0.85658333	6.33609799e-07	
0.85816667	6.45407736e-07	
0.85975000	8.00838398e-07	
0.86133333	7.58750550e-07	
0.86291667	8.28149144e-07	
0.86450000	6.87451958e-07	
0.86608333	5.23419982e-07	
0.86766667	3.89940037e-07	
0.86925000	3.71963986e-07	
0.87083333	5.44032659e-07	
0.87241667	6.33004747e-07	
0.87400000	5.67799062e-07	
0.87558333	7.97468335e-07	
0.87716667	8.80869517e-07	
0.87875000	9.91013636e-07	
0.88033333	8.32685907e-07	
0.88191667	7.10180410e-07	
0.88350000	7.63978832e-07	
0.88508333	6.98255067e-07	
0.88666667	5.02722798e-07	
0.88825000	4.29305939e-07	
0.88983333	4.56572387e-07	
0.89141667	5.00042797e-07	
0.89300000	4.13697983e-07	
0.89458333	4.81937745e-07	
0.89616667	5.90831327e-07	
0.89775000	7.27336052e-07	
0.89933333	8.26116420e-07	
0.90091667	8.13930834e-07	
0.90250000	9.77185271e-07	
0.90408333	8.59952523e-07	
0.90566667	5.89880124e-07	
0.90725000	5.31025852e-07	
0.90883333	4.61756819e-07	
0.91041667	5.76139124e-07	
0.91200000	5.23722116e-07	
0.91358333	3.67773626e-07	
0.91516667	5.51508435e-07	
0.91675000	6.27085394e-07	
0.91833333	8.23308902e-07	
0.91991667	7.67910937e-07	
0.92150000	6.95921107e-07	
0.92308333	7.37491324e-07	
0.92466667	6.06300397e-07	
0.92625000	4.87079840e-07	
0.92783333	2.50237428e-07	
0.92941667	3.00794341e-07	
0.93100000	4.35485453e-07	
0.93258333	4.50738325e-07	
0.93416667	5.04018304e-07	
0.93575000	6.18054149e-07	
0.93733333	7.92629830e-07	
0.93891667	8.08269932e-07	
0.94050000	6.61050302e-07	
0.94208333	8.00623237e-07	
0.94366667	8.06111147e-07	
0.94525000	5.21475463e-07	
0.94683333	3.30697079e-07	
0.94841667	1.32615631e-07	
0.95000000	2.70512914e-07	
0.95158333	2.24397029e-07	
0.95316667	2.04432805e-07	
0.95475000	3.20196775e-07	
0.95633333	5.40489716e-07	
0.95791667	6.78506509e-07	
0.95950000	6.23585629e-07	
0.96108333	8.00706736e-07	
0.96266667	8.21235353e-07	
0.96425000	6.23716171e-07	
0.96583333	3.23827166e-07	
0.96741667	1.42770454e-07	
0.96900000	2.05816305e-07	
0.97058333	2.59311712e-07	
0.97216667	2.08495213e-07	
0.97375000	2.85800900e-07	
0.97533333	4.95937981e-07	
0.97691667	7.41553074e-07	
0.97850000	7.10527178e-07	
0.98008333	6.84556013e-07	
0.98166667	7.70936192e-07	
0.98325000	7.44836949e-07	
0.98483333	7.13033010e-07	
0.98641667	5.10025693e-07	
0.98800000	3.93223520e-07	
0.98958333	4.17767854e-07	
0.99116667	2.15106856e-07	
0.99275000	3.17128902e-07	
0.99433333	3.43444987e-07	
0.99591667	5.10068367e-07	
0.99750000	6.16325519e-07	
0.99908333	5.16896026e-07	
1.00066667	6.08935819e-07	
1.00225000	7.16358720e-07	
1.00383333	7.36625189e-07	
1.00541667	5.65421923e-07	
1.00700000	3.11942733e-07	
1.00858333	3.03517463e-07	
1.01016667	3.06585169e-07	
1.01175000	3.68811129e-07	
1.01333333	3.30222037e-07	
1.01491667	4.65863176e-07	
1.01650000	7.04607600e-07	
1.01808333	6.40134875e-07	
1.01966667	5.28779367e-07	
1.02125000	6.25917853e-07	
1.02283333	5.17846500e-07	
1.02441667	5.45933944e-07	
1.02600000	3.01053997e-07	
1.02758333	2.13854234e-07	
1.02916667	2.56373456e-07	
1.03075000	1.48560526e-07	
1.03233333	1.53140888e-07	
1.03391667	7.32521409e-08	
1.03550000	3.69155460e-07	
1.03708333	5.94288306e-07	
1.03866667	5.37421170e-07	
1.04025000	6.34647189e-07	
1.04183333	5.79249951e-07	
1.04341667	7.49805772e-07	
1.04500000	6.40351493e-07	
1.04658333	3.69847147e-07	
1.04816667	3.92489915e-07	
1.04975000	4.13317782e-07	
1.05133333	3.77797488e-07	
1.05291667	3.02566400e-07	
1.05450000	3.04899997e-07	
1.05608333	5.93466133e-07	
1.05766667	6.37585529e-07	
1.05925000	7.04002549e-07	
1.06083333	6.68136132e-07	
1.06241667	6.63771352e-07	
1.06400000	6.72844991e-07	
1.06558333	4.03292996e-07	
1.06716667	4.14096693e-07	
1.06875000	4.14441052e-07	
1.07033333	3.68464193e-07	
1.07191667	3.97242933e-07	
1.07350000	3.02178275e-07	
1.07508333	4.97753191e-07	
1.07666667	6.76432176e-07	
1.07825000	6.22115227e-07	
1.07983333	7.72057531e-07	
1.08141667	5.95066741e-07	
1.08300000	6.86630626e-07	
1.08458333	4.80598445e-07	
1.08616667	2.32477253e-07	
1.08775000	2.20507808e-07	
1.08933333	1.51024301e-07	
1.09091667	2.25045090e-07	
1.09250000	1.96655624e-07	
1.09408333	2.35501991e-07	
1.09566667	4.33239164e-07	
1.09725000	4.84012022e-07	
1.09883333	5.96663765e-07	
1.10041667	6.48000428e-07	
1.10200000	6.98211945e-07	
1.10358333	7.08452453e-07	
1.10516667	4.68370072e-07	
1.10675000	3.69674744e-07	
1.10833333	3.49494322e-07	
1.10991667	3.27629261e-07	
1.11150000	3.58006900e-07	
1.11308333	1.49347389e-07	
1.11466667	3.22443372e-07	
1.11625000	4.95765213e-07	
1.11783333	6.11659054e-07	
1.11941667	7.24744424e-07	
1.12100000	7.28286583e-07	
1.12258333	9.11977569e-07	
1.12416667	6.85506599e-07	
1.12575000	3.17172304e-07	
1.12733333	2.59312692e-07	
1.12891667	1.56814260e-07	
1.13050000	3.11814403e-07	
1.13208333	1.65802776e-07	
1.13366667	2.30429046e-07	
1.13525000	4.22132465e-07	
1.13683333	5.84176324e-07	
1.13841667	6.51759541e-07	
1.14000000	5.99645787e-07	
1.14158333	6.02756838e-07	
1.14316667	6.87062349e-07	
1.14475000	4.49183303e-07	
1.14633333	4.25287563e-07	
1.14791667	2.82239868e-07	
1.14950000	3.24259786e-07	
1.15108333	2.37464459e-07	
1.15266667	1.61480628e-07	
1.15425000	3.21753029e-07	
1.15583333	4.44602942e-07	
1.15741667	5.86681933e-07	
1.15900000	6.45449514e-07	
1.16058333	6.68048880e-07	
1.16216667	7.71671505e-07	
1.16375000	5.44810198e-07	
1.16533333	4.47887209e-07	
1.16691667	3.65698817e-07	
1.16850000	3.26332971e-07	
1.17008333	4.19108106e-07	
1.17166667	1.67011814e-07	
1.17325000	1.36340470e-07	
1.17483333	3.75378011e-07	
1.17641667	5.14129725e-07	
1.17800000	5.13352579e-07	
1.17958333	4.99784570e-07	
1.18116667	4.84618025e-07	
1.18275000	5.02680516e-07	
1.18433333	3.86526740e-07	
1.18591667	2.48508855e-07	
1.18750000	1.08244331e-07	
1.18908333	3.73649914e-07	
1.19066667	5.20655138e-07	
1.19225000	4.32763226e-07	
1.19383333	4.64566717e-07	
1.19541667	5.48095081e-07	
1.19700000	6.73667556e-07	
1.19858333	6.02022925e-07	
1.20016667	5.90355362e-07	
1.20175000	6.29980668e-07	
1.20333333	5.81540006e-07	
1.20491667	4.88850919e-07	
1.20650000	2.75688834e-07	
1.20808333	3.04312167e-07	
1.20966667	2.95221055e-07	
1.21125000	2.20162273e-07	
1.21283333	3.51654815e-07	
1.21441667	4.60981101e-07	
1.21600000	5.65163359e-07	
1.21758333	6.00682169e-07	
1.21916667	4.50392901e-07	
1.22075000	5.83095476e-07	
1.22233333	7.85368768e-07	
1.22391667	7.66657544e-07	
1.22550000	6.02065599e-07	
1.22708333	3.50185505e-07	
1.22866667	3.69631398e-07	
1.23025000	3.22833206e-07	
1.23183333	2.59614125e-07	
1.23341667	3.11986611e-07	
1.23500000	4.16860865e-07	
1.23658333	5.39279166e-07	
1.23816667	6.18140224e-07	
1.23975000	5.89750535e-07	
1.24133333	7.15670169e-07	
1.24291667	7.08539313e-07	
1.24450000	5.49088062e-07	
1.24608333	3.58223266e-07	
1.24766667	3.00578283e-07	
1.24925000	3.50359169e-07	
1.25083333	2.59579852e-07	
1.25241667	2.25346915e-07	
1.25400000	2.13767304e-07	
1.25558333	4.76276787e-07	
1.25716667	6.59666312e-07	
1.25875000	6.12997738e-07	
1.26033333	6.22159301e-07	
1.26191667	5.57687248e-07	
1.26350000	7.46306791e-07	
1.26508333	5.30852916e-07	
1.26666667	3.12634168e-07	
1.26825000	3.09178309e-07	
1.26983333	2.25649455e-07	
1.27141667	3.20801827e-07	
1.27300000	2.36150864e-07	
1.27458333	3.44222442e-07	
1.27616667	6.02281601e-07	
1.27775000	6.08244636e-07	
1.27933333	6.15850506e-07	
1.28091667	6.38536620e-07	
1.28250000	5.72941156e-07	
1.28408333	6.05220277e-07	
1.28566667	2.62682923e-07	
1.28725000	1.96266365e-07	
1.28883333	2.01408123e-07	
1.29041667	1.92075263e-07	
1.29200000	2.42805531e-07	
1.29358333	1.47394232e-07	
1.29516667	4.72561188e-07	
1.29675000	5.20266649e-07	
1.29833333	5.01987709e-07	
1.29991667	6.62906785e-07	
1.30150000	6.58629089e-07	
1.30308333	7.21632756e-07	
1.30466667	5.86899391e-07	
1.30625000	3.06844012e-07	
1.30783333	3.79396892e-07	
1.30941667	3.50963828e-07	
1.31100000	3.74643819e-07	
1.31258333	2.05643299e-07	
1.31416667	2.48379321e-07	
1.31575000	5.55785963e-07	
1.31733333	6.50894638e-07	
@ 
0.00000000	8.10604732e-07	
0.00158333	5.17197319e-07	
0.00316667	6.46790326e-07	
0.00475000	6.07769511e-07	
0.00633333	3.05591376e-07	
0.00791667	3.19635826e-07	
0.00950000	2.73009478e-07	
0.01108333	3.03085320e-07	
0.01266667	1.89611922e-07	
0.01425000	1.51110390e-07	
0.01583333	4.00052299e-07	
0.01741667	4.35355135e-07	
0.01900000	5.12748311e-07	
0.02058333	6.04530550e-07	
0.02216667	4.59251351e-07	
0.02375000	5.01038074e-07	
0.02533333	3.31993677e-07	
0.02691667	6.56550220e-08	
0.02850000	6.81882467e-08	
0.03008333	3.03345906e-08	
0.03166667	6.16885670e-08	
0.03325000	7.62764866e-08	
0.03483333	1.13387189e-07	
0.03641667	3.02522634e-07	
0.03800000	3.33506025e-07	
0.03958333	3.76675142e-07	
0.04116667	4.05280861e-07	
0.04275000	4.63615599e-07	
0.04433333	3.78662839e-07	
0.04591667	7.82816286e-08	
0.04750000	7.18175245e-08	
0.04908333	1.02754548e-08	
0.05066667	8.49967499e-08	
0.05225000	1.64220439e-07	
0.05383333	6.48202267e-09	
0.05541667	2.86793825e-07	
0.05700000	4.24250760e-07	
0.05858333	5.74972143e-07	
0.06016667	4.73079995e-07	
0.06175000	4.64177360e-07	
0.06333333	6.51932477e-07	
0.06491667	5.14043874e-07	
0.06650000	3.42536682e-07	
0.06808333	1.55906404e-07	
0.06966667	1.49511379e-07	
0.07125000	1.34431106e-07	
0.07283333	-1.23498421e-07	
0.07441667	-7.32949478e-08	
0.07600000	2.31474962e-07	
0.07758333	3.53383361e-07	
0.07916667	5.34095965e-07	
0.08075000	4.50652473e-07	
0.08233333	4.75153040e-07	
0.08391667	6.00987159e-07	
0.08550000	3.29530210e-07	
0.08708333	1.61308406e-07	
0.08866667	1.68497528e-09	
0.09025000	2.41854552e-07	
0.09183333	2.17180769e-07	
0.09341667	1.02713103e-07	
0.09500000	1.17362499e-07	
0.09658333	3.14493256e-07	
0.09816667	4.39893382e-07	
0.09975000	3.90847922e-07	
0.10133333	4.94641859e-07	
0.10291667	5.86595577e-07	
0.10450000	4.74635185e-07	
0.10608333	3.26117277e-07	
0.10766667	1.04485435e-07	
0.10925000	1.55086457e-07	
0.11083333	1.45821429e-07	
0.11241667	1.37848873e-08	
0.11400000	8.97064702e-08	
0.11558333	3.10647983e-07	
0.11716667	4.82586030e-07	
0.11875000	5.84262568e-07	
0.12033333	4.64307958e-07	
0.12191667	5.32322534e-07	
0.12350000	5.22642947e-07	
0.12508333	3.81125185e-07	
0.12666667	1.28942412e-07	
0.12825000	-3.79833158e-08	
0.12983333	6.16621478e-08	
0.13141667	3.87427344e-08	
0.13300000	-4.93566212e-08	
0.13458333	1.00078038e-07	
0.13616667	2.30835848e-07	
0.13775000	5.27007055e-07	
0.13933333	4.99999563e-07	
0.14091667	4.18200417e-07	
0.14250000	4.74462249e-07	
0.14408333	4.05755679e-07	
0.14566667	2.62293453e-07	
0.14725000	-8.41851895e-08	
0.14883333	-4.42655517e-08	
0.15041667	5.35388836e-10	
0.15200000	-1.13741384e-07	
0.15358333	-6.43425051e-08	
0.15516667	9.23833116e-09	
0.15675000	3.36746442e-07	
0.15833333	4.13966795e-07	
0.15991667	4.43133856e-07	
0.16150000	5.77780501e-07	
0.16308333	5.08642991e-07	
0.16466667	4.44040984e-07	
0.16625000	2.11564053e-07	
0.16783333	6.00634371e-08	
0.16941667	5.36685171e-08	
0.17100000	2.48035462e-08	
0.17258333	-7.60531188e-09	
0.17416667	5.00828128e-08	
0.17575000	2.18131370e-07	
0.17733333	4.14829318e-07	
0.17891667	4.19583707e-07	
0.18050000	4.02212260e-07	
0.18208333	3.71229821e-07	
0.18366667	5.22988819e-07	
0.18525000	4.26150674e-07	
0.18683333	8.98797210e-08	
0.18841667	4.42914669e-08	
0.19000000	7.62421010e-08	
0.19158333	1.98773027e-08	
0.19316667	6.42563172e-08	
0.19475000	9.23421095e-08	
0.19633333	3.79051832e-07	
0.19791667	5.63694357e-07	
0.19950000	5.41309817e-07	
0.20108333	4.74333052e-07	
0.20266667	4.59597642e-07	
0.20425000	4.62622954e-07	
0.20583333	1.83691966e-07	
0.20741667	5.11192058e-08	
0.20900000	2.88650357e-08	
0.21058333	-3.46989680e-08	
0.21216667	1.20776251e-07	
0.21375000	7.85495236e-08	
0.21533333	2.87658811e-07	
0.21691667	4.35960914e-07	
0.21850000	4.18805188e-07	
0.22008333	4.36954958e-07	
0.22166667	3.16610599e-07	
0.22325000	4.03637972e-07	
0.22483333	4.02342717e-07	
0.22641667	3.22354559e-08	
0.22800000	-2.63936431e-08	
0.22958333	-1.07250993e-07	
0.23116667	-5.66076638e-09	
0.23275000	-5.32537905e-08	
0.23433333	-5.18111378e-08	
0.23591667	2.54169701e-07	
0.23750000	4.23601495e-07	
0.23908333	3.92273606e-07	
0.24066667	3.16826292e-07	
0.24225000	3.13887840e-07	
0.24383333	4.59295453e-07	
0.24541667	3.25383028e-07	
0.24700000	2.20007020e-07	
0.24858333	1.83406718e-07	
0.25016667	1.54307938e-07	
0.25175000	1.94581739e-07	
0.25333333	6.55524674e-08	
0.25491667	1.55647336e-07	
0.25650000	3.10474235e-07	
0.25808333	3.75982979e-07	
0.25966667	4.54238482e-07	
0.26125000	3.13369397e-07	
0.26283333	5.42779771e-07	
0.26441667	4.76104243e-07	
0.26600000	2.67478166e-07	
0.26758333	1.10750499e-07	
0.26916667	1.21251405e-07	
0.27075000	2.04951248e-07	
0.27233333	1.17439678e-07	
0.27391667	-4.20015031e-08	
0.27550000	2.21847836e-07	
0.27708333	2.76683663e-07	
0.27866667	3.65828155e-07	
0.28025000	3.76631600e-07	
0.28183333	4.13922721e-07	
0.28341667	5.77737884e-07	
0.28500000	3.16221493e-07	
0.28658333	1.88617611e-07	
0.28816667	1.45186191e-08	
0.28975000	1.31535561e-08	
0.29133333	7.33301594e-08	
0.29291667	2.94613085e-08	
0.29450000	1.93154739e-07	
0.29608333	3.87866572e-07	
0.29766667	4.12928844e-07	
0.29925000	4.70356929e-07	
0.30083333	4.27318130e-07	
0.30241667	5.86552455e-07	
0.30400000	4.68066931e-07	
0.30558333	1.61134742e-07	
0.30716667	5.12048371e-08	
0.30875000	-1.29737409e-07	
0.31033333	3.53904170e-08	
0.31191667	-1.20396386e-07	
0.31350000	-1.24354518e-07	
0.31508333	2.22106512e-07	
0.31666667	3.14492892e-07	
0.31825000	3.65656283e-07	
0.31983333	4.03293416e-07	
0.32141667	4.44127004e-07	
0.32300000	5.51551109e-07	
0.32458333	4.17984471e-07	
0.32616667	2.16748262e-07	
0.32775000	6.30884671e-09	
0.32933333	2.25133322e-08	
0.33091667	1.12392997e-07	
0.33250000	3.14320684e-08	
0.33408333	2.81825170e-07	
0.33566667	2.86966704e-07	
0.33725000	4.04200433e-07	
0.33883333	3.71402785e-07	
0.34041667	4.48275838e-07	
0.34200000	6.02585078e-07	
0.34358333	4.63832160e-07	
0.34516667	3.80001775e-07	
0.34675000	2.08754617e-07	
0.34833333	-5.43168267e-08	
0.34991667	1.98336259e-08	
0.35150000	-6.21384282e-08	
0.35308333	-1.02515169e-07	
0.35466667	3.94521777e-08	
0.35625000	2.39262224e-07	
0.35783333	5.06783708e-07	
0.35941667	5.37205393e-07	
0.36100000	4.88549346e-07	
0.36258333	3.29012663e-07	
0.36416667	2.43453144e-07	
0.36575000	2.55725171e-07	
0.36733333	1.07553260e-07	
0.36891667	2.66612021e-08	
0.37050000	-1.68527137e-08	
0.37208333	-1.04476636e-07	
0.37366667	-1.02635287e-07	
0.37525000	1.01114644e-07	
0.37683333	3.69328172e-07	
0.37841667	2.65102707e-07	
0.38000000	2.01840701e-07	
0.38158333	3.41889433e-07	
0.38316667	3.95256691e-07	
0.38475000	2.93190096e-07	
0.38633333	6.58108490e-08	
0.38791667	-3.81128462e-08	
0.38950000	4.04030794e-08	
0.39108333	1.27130359e-08	
0.39266667	-6.91466198e-10	
0.39425000	1.13776098e-07	
0.39583333	3.46988406e-07	
0.39741667	5.02808313e-07	
0.39900000	3.78749027e-07	
0.40058333	4.14009049e-07	
0.40216667	3.96941863e-07	
0.40375000	4.35355135e-07	
0.40533333	2.91202118e-07	
0.40691667	-2.87274970e-08	
0.40850000	1.07423194e-07	
0.41008333	7.47554653e-08	
0.41166667	2.15881672e-08	
0.41325000	6.76651324e-09	
0.41483333	8.40897542e-08	
0.41641667	2.45052352e-07	
0.41800000	3.35363768e-07	
0.41958333	3.80174235e-07	
0.42116667	4.70054516e-07	
0.42275000	4.34145116e-07	
0.42433333	5.57687752e-07	
0.42591667	2.01451861e-07	
0.42750000	4.95632494e-08	
0.42908333	-8.51277660e-09	
0.43066667	-6.04011812e-08	
0.43225000	-3.08960508e-08	
0.43383333	-4.88467043e-08	
0.43541667	2.31008462e-07	
0.43700000	3.38258958e-07	
0.43858333	2.55812422e-07	
0.44016667	3.76199820e-07	
0.44175000	3.88082434e-07	
0.44333333	5.60280668e-07	
0.44491667	4.06360842e-07	
0.44650000	1.11009987e-07	
0.44808333	9.02686024e-08	
0.44966667	7.35546455e-08	
0.45125000	8.30784328e-08	
0.45283333	1.83692512e-07	
0.45441667	1.41214760e-07	
0.45600000	4.06230160e-07	
0.45758333	3.86224158e-07	
0.45916667	4.10724894e-07	
0.46075000	4.64220594e-07	
0.46233333	4.22003576e-07	
0.46391667	4.70011338e-07	
0.46550000	1.93284665e-07	
0.46708333	1.66666460e-07	
0.46866667	2.11044616e-07	
0.47025000	1.84556253e-07	
0.47183333	2.66398942e-07	
0.47341667	1.25218721e-07	
0.47500000	3.37005538e-07	
0.47658333	6.42597026e-07	
0.47816667	6.59579340e-07	
0.47975000	7.76684346e-07	
0.48133333	7.57151286e-07	
0.48291667	1.11187243e-06	
0.48450000	1.12453819e-06	
0.48608333	1.10427177e-06	
0.48766667	1.14073949e-06	
0.48925000	1.32318392e-06	
0.49083333	1.77275630e-06	
0.49241667	1.76647427e-06	
0.49400000	1.91211261e-06	
0.49558333	2.27246414e-06	
0.49716667	2.66515220e-06	
0.49875000	3.14337938e-06	
0.50033333	3.48941667e-06	
0.50191667	4.01945357e-06	
0.50350000	4.37279179e-06	
0.50508333	4.42572313e-06	
0.50666667	4.58875989e-06	
0.50825000	5.06409040e-06	
0.50983333	6.63979816e-06	
0.51141667	9.51266390e-06	
0.51300000	1.31428238e-05	
0.51458333	1.81865661e-05	
0.51616667	2.52559344e-05	
0.51775000	3.59036321e-05	
0.51933333	5.25707326e-05	
0.52091667	7.88543696e-05	
0.52250000	1.21656784e-04	
0.52408333	1.79354361e-04	
0.52566667	2.31932337e-04	
0.52725000	2.67751351e-04	
0.52883333	2.91230414e-04	
0.53041667	3.80111352e-04	
0.53200000	4.91037029e-04	
0.53358333	5.17345974e-04	
0.53516667	6.20450009e-04	
0.53675000	8.46090710e-04	
0.53833333	1.04114699e-03	
0.53991667	1.00738374e-03	
0.54150000	1.37367729e-03	
0.54308333	1.91740068e-03	
0.54466667	2.62141485e-03	
0.54625000	2.88502306e-03	
0.54783333	4.16835862e-03	
0.54941667	6.25010759e-03	
0.55100000	8.34429617e-03	
0.55258333	1.27208316e-02	
0.55416667	2.25383098e-02	
0.55575000	3.25477202e-02	
0.55733333	8.81230568e-02	
0.55891667	1.53201357e-01	
0.56050000	1.96766931e-01	
0.56208333	2.23081656e-01	
0.56366667	2.17104136e-01	
0.56525000	1.25205454e-01	
0.56683333	1.37540197e-01	
0.56841667	1.65858930e-01	
0.57000000	1.87765695e-01	
0.57158333	1.92803576e-01	
0.57316667	2.29509919e-01	
0.57475000	2.77670456e-01	
0.57633333	1.69405543e-01	
0.57791667	1.52698513e-01	
0.57950000	2.23788166e-01	
0.58108333	2.81139599e-01	
0.58266667	3.03183438e-01	
0.58425000	3.77803232e-01	
0.58583333	7.66369548e-01	
0.58741667	1.01461423e+00	
0.58900000	1.43054259e+00	
0.59058333	5.31577085e+00	
0.59216667	7.00620651e+00	
0.59375000	7.78913251e+00	
0.59533333	8.05968672e+00	
0.59691667	8.41236324e+00	
0.59850000	1.03330622e+01	
0.60008333	1.11032256e+01	
0.60166667	1.19791240e+01	
0.60325000	1.34411840e+01	
0.60483333	1.38576524e+01	
0.60641667	1.49936481e+01	
0.60800000	1.59390744e+01	
0.60958333	1.68563955e+01	
0.61116667	1.71619932e+01	
0.61275000	1.73829510e+01	
0.61433333	1.87161316e+01	
0.61591667	1.94382371e+01	
0.61750000	1.99789632e+01	
0.61908333	2.09390740e+01	
0.62066667	2.18374121e+01	
0.62225000	2.22547599e+01	
0.62383333	2.23692197e+01	
0.62541667	2.32393501e+01	
0.62700000	2.35735839e+01	
0.62858333	2.40490627e+01	
0.63016667	2.44507705e+01	
0.63175000	2.55015081e+01	
0.63333333	2.59118223e+01	
0.63491667	2.62046776e+01	
0.63650000	2.64949077e+01	
0.63808333	2.69817722e+01	
0.63966667	2.78757187e+01	
0.64125000	2.81179314e+01	
0.64283333	2.88528094e+01	
0.64441667	2.91343936e+01	
0.64600000	2.97583089e+01	
0.64758333	2.99715923e+01	
0.64916667	3.01886246e+01	
0.65075000	3.04740761e+01	
