start voltage : 0.00 V 
set voltage : 0.10 V 
High G : 30.00 G0 
Intermediate G : 20.00 G0 
Low G : 10.00 G0 
Breaking speed 1 : 300.00 V/s 
Breaking speed 2 : 300.00 V/s 
Making speed : 500.00 V/s 
Post breaking : 230.00 V/s 
@ 
0.00000000	3.67093722e+01	
0.00158333	3.71034864e+01	
0.00316667	3.71260511e+01	
0.00475000	3.72182075e+01	
0.00633333	3.70296027e+01	
0.00791667	3.72011525e+01	
0.00950000	3.70691697e+01	
0.01108333	3.70323688e+01	
0.01266667	3.70516600e+01	
0.01425000	3.69736835e+01	
0.01583333	3.69903176e+01	
0.01741667	3.69736534e+01	
0.01900000	3.69855784e+01	
0.02058333	3.71058128e+01	
0.02216667	3.67974171e+01	
0.02375000	3.69867021e+01	
0.02533333	3.68500253e+01	
0.02691667	3.69103830e+01	
0.02850000	3.69176327e+01	
0.03008333	3.69827935e+01	
0.03166667	3.71290239e+01	
0.03325000	3.69241383e+01	
0.03483333	3.71991343e+01	
0.03641667	3.72600370e+01	
0.03800000	3.70036218e+01	
0.03958333	3.73136336e+01	
0.04116667	3.74275541e+01	
0.04275000	3.71236871e+01	
0.04433333	3.70254122e+01	
0.04591667	3.68423659e+01	
0.04750000	3.69656633e+01	
0.04908333	3.71549784e+01	
0.05066667	3.72831165e+01	
0.05225000	3.72328309e+01	
0.05383333	3.70608527e+01	
0.05541667	3.70285993e+01	
0.05700000	3.69761301e+01	
0.05858333	3.69951169e+01	
0.06016667	3.69393743e+01	
0.06175000	3.68932942e+01	
0.06333333	3.70934105e+01	
0.06491667	3.69700643e+01	
0.06650000	3.69735482e+01	
0.06808333	3.67173360e+01	
0.06966667	3.66974322e+01	
0.07125000	3.72546777e+01	
0.07283333	3.67881079e+01	
0.07441667	3.67631568e+01	
0.07600000	3.67460754e+01	
0.07758333	3.67771300e+01	
0.07916667	3.69834512e+01	
0.08075000	3.64883487e+01	
0.08233333	3.65403593e+01	
0.08391667	3.64173250e+01	
0.08550000	3.64983005e+01	
0.08708333	3.68415241e+01	
0.08866667	3.62959706e+01	
0.09025000	3.64168176e+01	
0.09183333	3.63387058e+01	
0.09341667	3.63556368e+01	
0.09500000	3.62643711e+01	
0.09658333	3.57801788e+01	
0.09816667	3.58811408e+01	
0.09975000	3.55692424e+01	
0.10133333	3.56968242e+01	
0.10291667	3.55948587e+01	
0.10450000	3.55097228e+01	
0.10608333	3.55784915e+01	
0.10766667	3.55426489e+01	
0.10925000	3.54642026e+01	
0.11083333	3.55701932e+01	
0.11241667	3.54525746e+01	
0.11400000	3.54560622e+01	
0.11558333	3.53795966e+01	
0.11716667	3.53929272e+01	
0.11875000	3.55009585e+01	
0.12033333	3.52144735e+01	
0.12191667	3.53790892e+01	
0.12350000	3.52175026e+01	
0.12508333	3.53542997e+01	
0.12666667	3.52142217e+01	
0.12825000	3.51895562e+01	
0.12983333	3.54615756e+01	
0.13141667	3.50905108e+01	
0.13300000	3.51977567e+01	
0.13458333	3.51563632e+01	
0.13616667	3.51642442e+01	
0.13775000	3.50503688e+01	
0.13933333	3.48782403e+01	
0.14091667	3.49947502e+01	
0.14250000	3.48301157e+01	
0.14408333	3.46566755e+01	
0.14566667	3.45777745e+01	
0.14725000	3.45677888e+01	
0.14883333	3.47152255e+01	
0.15041667	3.45276881e+01	
0.15200000	3.46480014e+01	
0.15358333	3.45083330e+01	
0.15516667	3.41707995e+01	
0.15675000	3.42396021e+01	
0.15833333	3.41708784e+01	
0.15991667	3.41417744e+01	
0.16150000	3.39832395e+01	
0.16308333	3.38296919e+01	
0.16466667	3.39715664e+01	
0.16625000	3.38325444e+01	
0.16783333	3.37879300e+01	
0.16941667	3.38079315e+01	
0.17100000	3.38570858e+01	
0.17258333	3.36834127e+01	
0.17416667	3.36650460e+01	
0.17575000	3.34347734e+01	
0.17733333	3.25265510e+01	
0.17891667	3.21082035e+01	
0.18050000	3.21088838e+01	
0.18208333	3.21620670e+01	
0.18366667	3.18603084e+01	
0.18525000	3.15075914e+01	
0.18683333	3.13310112e+01	
0.18841667	3.13224537e+01	
0.19000000	3.13996409e+01	
0.19158333	3.13038596e+01	
0.19316667	3.13494267e+01	
0.19475000	3.11402530e+01	
0.19633333	3.12183967e+01	
0.19791667	2.99577656e+01	
0.19950000	2.98968517e+01	
0.20108333	2.99976746e+01	
0.20266667	2.97756363e+01	
0.20425000	2.98016680e+01	
0.20583333	2.96328580e+01	
0.20741667	2.96606936e+01	
0.20900000	2.95511157e+01	
0.21058333	2.95963389e+01	
0.21216667	2.98782426e+01	
0.21375000	2.96832432e+01	
0.21533333	2.97483814e+01	
0.21691667	2.97648125e+01	
0.21850000	2.96197942e+01	
0.22008333	2.90157170e+01	
0.22166667	2.90201048e+01	
0.22325000	2.89920381e+01	
0.22483333	2.87700712e+01	
0.22641667	2.87044951e+01	
0.22800000	2.87067858e+01	
0.22958333	2.83798186e+01	
0.23116667	2.86240382e+01	
0.23275000	2.84013553e+01	
0.23433333	2.82160766e+01	
0.23591667	2.83994536e+01	
0.23750000	2.81652047e+01	
0.23908333	2.82215130e+01	
0.24066667	2.80693408e+01	
0.24225000	2.80613075e+01	
0.24383333	2.80801270e+01	
0.24541667	2.79989955e+01	
0.24700000	2.82172811e+01	
0.24858333	2.80634441e+01	
0.25016667	2.79678113e+01	
0.25175000	2.68949675e+01	
0.25333333	2.53677026e+01	
0.25491667	2.56103663e+01	
0.25650000	2.54858718e+01	
0.25808333	2.55791050e+01	
0.25966667	2.56051216e+01	
0.26125000	2.54661673e+01	
0.26283333	2.55169020e+01	
0.26441667	2.51026641e+01	
0.26600000	2.48208224e+01	
0.26758333	2.46339352e+01	
0.26916667	2.44909388e+01	
0.27075000	2.44129003e+01	
0.27233333	2.44410178e+01	
0.27391667	2.45332475e+01	
0.27550000	2.45766968e+01	
0.27708333	2.43107000e+01	
0.27866667	2.43466666e+01	
0.28025000	2.42714317e+01	
0.28183333	2.42825787e+01	
0.28341667	2.39603169e+01	
0.28500000	2.39403041e+01	
0.28658333	2.36157103e+01	
0.28816667	2.34667252e+01	
0.28975000	2.33459890e+01	
0.29133333	2.32093667e+01	
0.29291667	2.32021602e+01	
0.29450000	2.18553521e+01	
0.29608333	2.12399456e+01	
0.29766667	2.11973006e+01	
0.29925000	2.12625948e+01	
0.30083333	2.11777276e+01	
0.30241667	2.12719754e+01	
0.30400000	2.12246758e+01	
0.30558333	2.12156898e+01	
0.30716667	2.12286351e+01	
0.30875000	2.10926010e+01	
0.31033333	2.11957879e+01	
0.31191667	2.09940029e+01	
0.31350000	2.10186101e+01	
0.31508333	2.10388427e+01	
0.31666667	2.10046181e+01	
0.31825000	2.08828635e+01	
0.31983333	2.08838651e+01	
0.32141667	2.09331509e+01	
0.32300000	2.08475884e+01	
0.32458333	2.07423814e+01	
0.32616667	1.96838473e+01	
0.32775000	1.89721183e+01	
0.32933333	1.84663273e+01	
0.33091667	1.81092075e+01	
0.33250000	1.80159067e+01	
0.33408333	1.81792447e+01	
0.33566667	1.82276662e+01	
0.33725000	1.79725495e+01	
0.33883333	1.75594241e+01	
0.34041667	1.76497314e+01	
0.34200000	1.74021971e+01	
0.34358333	1.73922452e+01	
0.34516667	1.75799498e+01	
0.34675000	1.71270470e+01	
0.34833333	1.71486269e+01	
0.34991667	1.70261676e+01	
0.35150000	1.69196358e+01	
0.35308333	1.69199215e+01	
0.35466667	1.69015717e+01	
0.35625000	1.68797757e+01	
0.35783333	1.68103831e+01	
0.35941667	1.67027069e+01	
0.36100000	1.68706469e+01	
0.36258333	1.65988247e+01	
0.36416667	1.65155697e+01	
0.36575000	1.65296651e+01	
0.36733333	1.65850112e+01	
0.36891667	1.66288852e+01	
0.37050000	1.63803812e+01	
0.37208333	1.63444465e+01	
0.37366667	1.63937775e+01	
0.37525000	1.62667519e+01	
0.37683333	1.63522355e+01	
0.37841667	1.62897863e+01	
0.38000000	1.62151641e+01	
0.38158333	1.62077002e+01	
0.38316667	1.60312496e+01	
0.38475000	1.61218125e+01	
0.38633333	1.51644932e+01	
0.38791667	1.36861421e+01	
0.38950000	1.37085206e+01	
0.39108333	1.36628145e+01	
0.39266667	1.36793997e+01	
0.39425000	1.37061454e+01	
0.39583333	1.36310741e+01	
0.39741667	1.35826883e+01	
0.39900000	1.33816709e+01	
0.40058333	1.33283092e+01	
0.40216667	1.32304101e+01	
0.40375000	1.30203513e+01	
0.40533333	1.28545968e+01	
0.40691667	1.28209678e+01	
0.40850000	1.30397487e+01	
0.41008333	1.31066223e+01	
0.41166667	1.31553407e+01	
0.41325000	1.30704913e+01	
0.41483333	1.30376046e+01	
0.41641667	1.30737337e+01	
0.41800000	1.30950252e+01	
0.41958333	1.30155699e+01	
0.42116667	1.27159488e+01	
0.42275000	1.24624839e+01	
0.42433333	1.23816436e+01	
0.42591667	1.08080890e+01	
0.42750000	1.04241625e+01	
0.42908333	1.05633489e+01	
0.43066667	1.06304358e+01	
0.43225000	1.06472963e+01	
0.43383333	1.07643964e+01	
0.43541667	1.08184994e+01	
0.43700000	1.07794097e+01	
0.43858333	1.07658856e+01	
0.44016667	1.07443676e+01	
0.44175000	1.05918281e+01	
0.44333333	1.07256496e+01	
0.44491667	1.06670178e+01	
0.44650000	1.05422707e+01	
0.44808333	1.02273271e+01	
0.44966667	1.02275620e+01	
0.45125000	1.02567140e+01	
0.45283333	1.01611356e+01	
0.45441667	9.92791274e+00	
0.45600000	9.86913160e+00	
0.45758333	1.00261162e+01	
0.45916667	9.59252329e+00	
0.46075000	8.99740954e+00	
0.46233333	8.95487256e+00	
0.46391667	8.76155304e+00	
0.46550000	7.84248624e+00	
0.46708333	7.89799112e+00	
0.46866667	7.81870958e+00	
0.47025000	7.76545074e+00	
0.47183333	7.76579650e+00	
0.47341667	7.70982513e+00	
0.47500000	7.82405900e+00	
0.47658333	7.76971214e+00	
0.47816667	7.73536536e+00	
0.47975000	7.59111516e+00	
0.48133333	7.60751717e+00	
0.48291667	7.50551551e+00	
0.48450000	6.87081595e+00	
0.48608333	6.80721013e+00	
0.48766667	6.56040957e+00	
0.48925000	6.43518089e+00	
0.49083333	6.38244914e+00	
0.49241667	6.47150217e+00	
0.49400000	6.49177613e+00	
0.49558333	6.46638013e+00	
0.49716667	6.56205569e+00	
0.49875000	6.55500048e+00	
0.50033333	6.39019352e+00	
0.50191667	6.06249677e+00	
0.50350000	5.81756688e+00	
0.50508333	5.67468281e+00	
0.50666667	5.61687130e+00	
0.50825000	5.54946775e+00	
0.50983333	5.60727410e+00	
0.51141667	5.51668723e+00	
0.51300000	5.56290120e+00	
0.51458333	5.48312451e+00	
0.51616667	5.33791407e+00	
0.51775000	5.35698163e+00	
0.51933333	5.19453298e+00	
0.52091667	5.20267526e+00	
0.52250000	5.24478803e+00	
0.52408333	5.23237448e+00	
0.52566667	5.21699707e+00	
0.52725000	5.14385324e+00	
0.52883333	4.45343365e+00	
0.53041667	3.67939994e+00	
0.53200000	3.41991312e+00	
0.53358333	3.37863985e+00	
0.53516667	3.22845019e+00	
0.53675000	3.20643568e+00	
0.53833333	3.17440046e+00	
0.53991667	3.14821663e+00	
0.54150000	3.14564974e+00	
0.54308333	3.04091863e+00	
0.54466667	2.97089464e+00	
0.54625000	2.92308646e+00	
0.54783333	2.91491058e+00	
0.54941667	2.97419252e+00	
0.55100000	3.02281765e+00	
0.55258333	3.01447219e+00	
0.55416667	2.99020390e+00	
0.55575000	2.90850627e+00	
0.55733333	2.76815245e+00	
0.55891667	2.79571674e+00	
0.56050000	2.79675613e+00	
0.56208333	2.76989910e+00	
0.56366667	2.74322200e+00	
0.56525000	2.71449828e+00	
0.56683333	2.72532162e+00	
0.56841667	2.69418016e+00	
0.57000000	2.58787247e+00	
0.57158333	2.35021412e+00	
0.57316667	2.14355981e+00	
0.57475000	2.10339664e+00	
0.57633333	2.11815300e+00	
0.57791667	2.02260169e+00	
0.57950000	1.98242631e+00	
0.58108333	1.98398951e+00	
0.58266667	1.96816229e+00	
0.58425000	1.99251702e+00	
0.58583333	1.96313643e+00	
0.58741667	1.94598359e+00	
0.58900000	1.95792489e+00	
0.59058333	1.94062783e+00	
0.59216667	1.79293353e+00	
0.59375000	1.43696147e+00	
0.59533333	1.34718040e+00	
0.59691667	1.36489392e+00	
0.59850000	1.28652893e+00	
0.60008333	1.29355266e+00	
0.60166667	1.28372385e+00	
0.60325000	1.27828330e+00	
0.60483333	1.25962234e+00	
0.60641667	1.24568164e+00	
0.60800000	1.25526028e+00	
0.60958333	1.23184688e+00	
0.61116667	1.21831994e+00	
0.61275000	1.21186982e+00	
0.61433333	1.17587198e+00	
0.61591667	8.95974550e-01	
0.61750000	7.94107775e-01	
0.61908333	5.58815604e-01	
0.62066667	2.66663701e-01	
0.62225000	1.75869538e-01	
0.62383333	3.84688043e-02	
0.62541667	1.93216534e-02	
0.62700000	2.64938067e-02	
0.62858333	2.51330395e-02	
0.63016667	1.79425885e-02	
0.63175000	1.54126522e-02	
0.63333333	1.66229824e-02	
0.63491667	1.77707213e-02	
0.63650000	1.45842438e-02	
0.63808333	1.50755617e-02	
0.63966667	1.46487500e-02	
0.64125000	1.47966536e-02	
0.64283333	1.26147156e-02	
0.64441667	1.81680550e-02	
0.64600000	1.22178480e-02	
0.64758333	1.26879935e-02	
0.64916667	1.22061979e-02	
0.65075000	1.11329912e-02	
0.65233333	1.06345320e-02	
0.65391667	1.21645111e-02	
0.65550000	1.10944938e-02	
0.65708333	1.11543902e-02	
0.65866667	1.04094967e-02	
0.66025000	7.85975708e-03	
0.66183333	5.00347337e-03	
0.66341667	4.19171565e-03	
0.66500000	4.82072544e-03	
0.66658333	3.92517704e-03	
0.66816667	3.43322831e-03	
0.66975000	2.68018959e-03	
0.67133333	2.68895971e-03	
0.67291667	2.42239747e-03	
0.67450000	5.41583560e-04	
0.67608333	2.04477723e-04	
0.67766667	1.14102032e-04	
0.67925000	6.29004741e-05	
0.68083333	4.07976281e-05	
0.68241667	3.16538819e-05	
0.68400000	2.92900185e-05	
0.68558333	2.95460495e-05	
0.68716667	2.88927949e-05	
0.68875000	2.77278101e-05	
0.69033333	2.60425036e-05	
0.69191667	2.36557213e-05	
0.69350000	2.10200011e-05	
0.69508333	1.87929649e-05	
0.69666667	1.66167000e-05	
0.69825000	1.49307538e-05	
0.69983333	1.28144627e-05	
0.70141667	1.13146617e-05	
0.70300000	9.95149690e-06	
0.70458333	8.84916136e-06	
0.70616667	8.20531346e-06	
0.70775000	7.55196933e-06	
0.70933333	7.12721536e-06	
0.71091667	6.91543894e-06	
0.71250000	6.38627120e-06	
0.71408333	6.14000440e-06	
0.71566667	5.78671636e-06	
0.71725000	5.56473494e-06	
0.71883333	5.20707243e-06	
0.72041667	4.50152007e-06	
0.72200000	4.08530581e-06	
0.72358333	3.69268429e-06	
0.72516667	3.47333924e-06	
0.72675000	3.22011649e-06	
0.72833333	2.99248935e-06	
0.72991667	3.03374685e-06	
0.73150000	2.97493973e-06	
0.73308333	2.69190012e-06	
0.73466667	2.56165014e-06	
0.73625000	2.33994560e-06	
0.73783333	2.24005504e-06	
0.73941667	1.63041101e-06	
0.74100000	1.30703223e-06	
0.74258333	1.28106241e-06	
0.74416667	1.20391704e-06	
0.74575000	1.07406760e-06	
0.74733333	7.12081472e-07	
0.74891667	6.80969220e-07	
0.75050000	7.76682778e-07	
0.75208333	8.30915836e-07	
0.75366667	7.52529175e-07	
0.75525000	6.78679949e-07	
0.75683333	8.08832085e-07	
0.75841667	6.73629586e-07	
0.76000000	4.61887081e-07	
0.76158333	4.43522877e-07	
0.76316667	3.67859394e-07	
0.76475000	4.19497211e-07	
0.76633333	3.12247415e-07	
0.76791667	2.80528656e-07	
0.76950000	5.59545915e-07	
0.77108333	5.09850629e-07	
0.77266667	5.94286626e-07	
0.77425000	4.60764147e-07	
0.77583333	5.33531348e-07	
0.77741667	6.89481938e-07	
0.77900000	5.55658501e-07	
0.78058333	3.96550378e-07	
0.78216667	3.31475374e-07	
0.78375000	4.71091010e-07	
0.78533333	4.30681585e-07	
0.78691667	3.15780445e-07	
0.78850000	4.58558292e-07	
0.79008333	5.86473996e-07	
0.79166667	5.91739408e-07	
0.79325000	6.17059544e-07	
0.79483333	5.53323252e-07	
0.79641667	5.86725951e-07	
0.79800000	3.89966022e-07	
0.79958333	2.18261338e-07	
0.80116667	-2.96862110e-08	
0.80275000	9.01735942e-08	
0.80433333	2.17871490e-07	
0.80591667	2.25910672e-08	
0.80750000	1.45536600e-07	
0.80908333	4.05065924e-07	
0.81066667	4.63572617e-07	
0.81225000	6.66666682e-07	
0.81383333	4.15089393e-07	
0.81541667	4.75500312e-07	
0.81700000	5.38673443e-07	
0.81858333	3.79430913e-07	
0.82016667	1.31855494e-07	
0.82175000	1.08244982e-07	
0.82333333	1.69994060e-07	
0.82491667	1.23800681e-07	
0.82650000	-3.44399248e-08	
0.82808333	6.92081294e-08	
0.82966667	5.03804486e-07	
0.83125000	5.00043077e-07	
0.83283333	6.23368899e-07	
0.83441667	5.38415943e-07	
0.83600000	6.57160535e-07	
0.83758333	5.66711829e-07	
0.83916667	3.86570898e-07	
0.84075000	3.12721112e-07	
0.84233333	2.74885310e-07	
0.84391667	3.37352053e-07	
0.84550000	2.35156680e-07	
0.84708333	2.06439151e-07	
0.84866667	2.85583526e-07	
0.85025000	4.71266130e-07	
0.85183333	5.64395117e-07	
0.85341667	4.85222068e-07	
0.85500000	7.26731449e-07	
0.85658333	6.45468779e-07	
0.85816667	5.25952696e-07	
0.85975000	1.03491321e-07	
0.86133333	7.18611645e-08	
0.86291667	1.32227253e-07	
0.86450000	1.49711014e-07	
0.86608333	1.59536487e-07	
0.86766667	6.22249801e-08	
0.86925000	2.81004313e-07	
0.87083333	5.84954087e-07	
0.87241667	4.18546288e-07	
0.87400000	4.00138683e-07	
0.87558333	4.42442953e-07	
0.87716667	3.29185543e-07	
0.87875000	4.11581536e-07	
0.88033333	1.34516566e-07	
0.88191667	6.87925348e-08	
0.88350000	2.48379573e-07	
0.88508333	1.94822802e-07	
0.88666667	1.79846106e-07	
0.88825000	1.12791371e-08	
0.88983333	3.82561566e-07	
0.89141667	4.76147253e-07	
0.89300000	4.27491402e-07	
0.89458333	4.64263380e-07	
0.89616667	5.54187483e-07	
0.89775000	6.17378310e-07	
0.89933333	5.19989380e-07	
0.90091667	2.46218492e-07	
0.90250000	3.38994075e-07	
0.90408333	2.87831747e-07	
0.90566667	2.05064149e-07	
0.90725000	1.93621632e-07	
0.90883333	4.47394331e-07	
0.91041667	5.07907622e-07	
0.91200000	2.91072193e-07	
0.91358333	3.47377091e-07	
0.91516667	3.74514425e-07	
0.91675000	3.73046291e-07	
0.91833333	4.18504623e-07	
0.91991667	6.39014783e-08	
0.92150000	1.24224634e-07	
0.92308333	1.11943871e-07	
0.92466667	1.52709430e-07	
0.92625000	1.42105214e-07	
0.92783333	-1.23074071e-08	
0.92941667	2.48102417e-07	
0.93100000	4.54455520e-07	
0.93258333	2.98029329e-07	
0.93416667	4.64825701e-07	
0.93575000	5.68103155e-07	
0.93733333	5.61448153e-07	
0.93891667	2.35674955e-07	
0.94050000	1.13386965e-07	
0.94208333	2.44576778e-07	
0.94366667	1.09903727e-07	
0.94525000	9.86603760e-08	
0.94683333	1.54252884e-08	
0.94841667	2.21416043e-07	
0.95000000	5.03457102e-07	
0.95158333	4.00440704e-07	
0.95316667	5.40186351e-07	
0.95475000	5.72681249e-07	
0.95633333	4.61497724e-07	
0.95791667	4.57332453e-07	
0.95950000	1.70080346e-07	
0.96108333	-2.30228833e-08	
0.96266667	7.87281751e-09	
0.96425000	8.84186714e-08	
0.96583333	2.33144145e-07	
0.96741667	6.47218381e-08	
0.96900000	3.52745296e-07	
0.97058333	4.74367997e-07	
0.97216667	4.72084831e-07	
0.97375000	5.03413701e-07	
0.97533333	5.20870524e-07	
0.97691667	5.64341186e-07	
0.97850000	3.37481923e-07	
0.98008333	-2.03940053e-07	
0.98166667	-1.77165105e-08	
0.98325000	7.86446578e-08	
0.98483333	1.94622887e-07	
0.98641667	-2.76566638e-09	
0.98800000	1.43168338e-07	
0.98958333	3.48587529e-07	
0.99116667	6.87623774e-07	
0.99275000	6.54612253e-07	
0.99433333	3.86034478e-07	
0.99591667	4.58206008e-07	
0.99750000	5.23438463e-07	
0.99908333	2.68447401e-07	
1.00066667	2.68342873e-07	
1.00225000	2.40558038e-07	
1.00383333	2.02627578e-07	
1.00541667	1.83095554e-07	
1.00700000	3.53037321e-08	
1.00858333	3.07830525e-07	
1.01016667	5.22556816e-07	
1.01175000	5.40575848e-07	
1.01333333	4.82932294e-07	
1.01491667	3.98842644e-07	
1.01650000	4.39851100e-07	
1.01808333	2.52397137e-07	
1.01966667	1.47238909e-07	
1.02125000	-2.38519428e-09	
1.02283333	3.80608898e-08	
1.02441667	2.13464456e-07	
1.02600000	2.06292344e-08	
1.02758333	2.15453204e-07	
1.02916667	4.95766501e-07	
1.03075000	6.29635300e-07	
1.03233333	5.53149252e-07	
1.03391667	3.15400524e-07	
1.03550000	4.94252137e-07	
1.03708333	3.53772578e-07	
1.03866667	3.08114737e-07	
1.04025000	2.02662748e-07	
1.04183333	1.24535070e-07	
1.04341667	2.06291710e-07	
1.04500000	1.98471044e-07	
1.04658333	9.18586538e-08	
1.04816667	1.42210009e-07	
1.04975000	3.64185377e-07	
1.05133333	5.31760829e-07	
1.05291667	4.24681924e-07	
1.05450000	5.33402206e-07	
1.05608333	6.20214557e-07	
1.05766667	4.16127540e-07	
1.05925000	5.11105030e-07	
1.06083333	1.86622564e-07	
1.06241667	2.12902765e-07	
1.06400000	2.65414417e-07	
1.06558333	1.05893584e-07	
1.06716667	1.52857095e-07	
1.06875000	3.07829678e-08	
1.07033333	4.71394824e-07	
1.07191667	4.76017719e-07	
1.07350000	4.02299791e-07	
1.07508333	6.42641996e-07	
1.07666667	6.50428865e-07	
1.07825000	5.14346511e-07	
1.07983333	1.59130412e-07	
1.08141667	1.75438722e-08	
1.08300000	1.28856420e-07	
1.08458333	-6.06430001e-08	
1.08616667	3.45084964e-08	
1.08775000	-3.37075734e-09	
1.08933333	1.73831618e-07	
1.09091667	4.79993450e-07	
1.09250000	4.01867200e-07	
1.09408333	4.16255702e-07	
1.09566667	4.92482738e-07	
1.09725000	4.99896183e-07	
1.09883333	1.64833302e-07	
1.10041667	1.79457028e-07	
1.10200000	3.14017710e-07	
1.10358333	3.29788494e-07	
1.10516667	1.47341491e-07	
1.10675000	1.39010460e-07	
1.10833333	3.38994747e-07	
1.10991667	5.43471290e-07	
1.11150000	6.56642120e-07	
1.11308333	6.04830891e-07	
1.11466667	5.26833391e-07	
1.11625000	4.91071531e-07	
1.11783333	3.66989059e-07	
1.11941667	2.39867247e-07	
1.12100000	8.31041869e-08	
1.12258333	1.27914444e-07	
1.12416667	1.18917780e-07	
1.12575000	1.12798553e-07	
1.12733333	2.32079244e-07	
1.12891667	4.58315689e-07	
1.13050000	6.85551065e-07	
1.13208333	5.52890409e-07	
1.13366667	5.87313529e-07	
1.13525000	5.47533600e-07	
1.13683333	4.35528939e-07	
1.13841667	1.40835567e-07	
1.14000000	1.42693331e-09	
1.14158333	1.90907806e-07	
1.14316667	1.08599450e-07	
1.14475000	1.41188789e-07	
1.14633333	1.34811447e-07	
1.14791667	2.20127173e-07	
1.14950000	4.75155169e-07	
1.15108333	5.65033489e-07	
1.15266667	4.98487944e-07	
1.15425000	4.72215205e-07	
1.15583333	6.38831473e-07	
1.15741667	7.21431987e-07	
1.15900000	2.91936899e-07	
1.16058333	1.40567623e-07	
1.16216667	1.39745576e-07	
1.16375000	1.02782098e-07	
1.16533333	2.26774266e-07	
1.16691667	2.74237781e-07	
1.16850000	3.87866292e-07	
1.17008333	5.67669808e-07	
1.17166667	3.97588132e-07	
1.17325000	4.47368682e-07	
1.17483333	5.14259819e-07	
1.17641667	7.01002775e-07	
1.17800000	5.66976497e-07	
1.17958333	2.02402672e-07	
1.18116667	2.37619586e-07	
1.18275000	1.78550040e-07	
1.18433333	1.83891307e-07	
1.18591667	-8.25302294e-09	
1.18750000	8.99224789e-08	
1.18908333	5.00605063e-07	
1.19066667	4.18676354e-07	
1.19225000	4.49313285e-07	
1.19383333	4.37472590e-07	
1.19541667	4.19194966e-07	
1.19700000	4.89500324e-07	
1.19858333	3.62329034e-07	
1.20016667	1.42882809e-07	
1.20175000	2.19427744e-07	
1.20333333	2.42026956e-07	
1.20491667	3.14881857e-07	
1.20650000	1.27543021e-07	
1.20808333	4.07545631e-07	
1.20966667	4.75801270e-07	
1.21125000	4.36738005e-07	
1.21283333	3.77495579e-07	
1.21441667	3.15789826e-07	
1.21600000	5.18147850e-07	
1.21758333	4.11891426e-07	
1.21916667	3.21812168e-07	
1.22075000	2.18649085e-07	
@ 
0.00000000	6.42980321e-08	
0.00158333	3.32425736e-07	
0.00316667	1.57678925e-07	
0.00475000	2.24569293e-07	
0.00633333	5.59977135e-07	
0.00791667	4.81894847e-07	
0.00950000	5.25321716e-07	
0.01108333	4.75542314e-07	
0.01266667	7.19040512e-07	
0.01425000	6.22160421e-07	
0.01583333	1.29808211e-07	
0.01741667	1.44153198e-07	
0.01900000	1.08547263e-07	
0.02058333	2.65879602e-07	
0.02216667	2.18477269e-07	
0.02375000	7.74259032e-08	
0.02533333	2.54774444e-07	
0.02691667	4.32762946e-07	
0.02850000	6.46097687e-07	
0.03008333	6.84471617e-07	
0.03166667	4.97364197e-07	
0.03325000	6.84080775e-07	
0.03483333	6.47395825e-07	
0.03641667	3.83433161e-07	
0.03800000	2.32563371e-07	
0.03958333	2.21069276e-07	
0.04116667	3.85359199e-07	
0.04275000	2.55855880e-07	
0.04433333	2.96388483e-07	
0.04591667	2.43211073e-07	
0.04750000	5.36471368e-07	
0.04908333	5.17242569e-07	
0.05066667	4.11848892e-07	
0.05225000	4.72562252e-07	
0.05383333	6.10621271e-07	
0.05541667	4.02644907e-07	
0.05700000	2.25780249e-07	
0.05858333	2.11732078e-08	
0.06016667	1.85636920e-07	
0.06175000	2.06014022e-07	
0.06333333	1.34042113e-07	
0.06491667	1.86025493e-07	
0.06650000	1.39336968e-07	
0.06808333	5.18365979e-07	
0.06966667	5.00129993e-07	
0.07125000	4.21225113e-07	
0.07283333	4.97448537e-07	
0.07441667	3.17344735e-07	
0.07600000	2.85828089e-07	
0.07758333	5.13692080e-08	
0.07916667	1.80105761e-07	
0.08075000	2.66701467e-07	
0.08233333	2.26687000e-07	
0.08391667	3.87001753e-07	
0.08550000	4.70486855e-07	
0.08708333	7.40904621e-07	
0.08866667	6.78247945e-07	
0.09025000	5.43945855e-07	
0.09183333	5.78645796e-07	
0.09341667	6.52104012e-07	
0.09500000	4.77962351e-07	
0.09658333	3.01443242e-07	
0.09816667	3.90804856e-08	
0.09975000	2.59614573e-07	
0.10133333	2.64022027e-07	
0.10291667	1.58974711e-07	
0.10450000	2.20654787e-07	
0.10608333	4.21639867e-07	
0.10766667	5.25235360e-07	
0.10925000	5.27093635e-07	
0.11083333	5.31933820e-07	
0.11241667	5.69942726e-07	
0.11400000	5.16281622e-07	
0.11558333	4.64049142e-07	
0.11716667	1.19065137e-07	
0.11875000	2.23057449e-07	
0.12033333	3.45605760e-07	
0.12191667	2.16057275e-07	
0.12350000	2.17353551e-07	
0.12508333	2.26168122e-07	
0.12666667	5.99298571e-07	
0.12825000	4.81289572e-07	
0.12983333	3.65785089e-07	
0.13141667	5.30896542e-07	
0.13300000	5.27439563e-07	
0.13458333	5.53150148e-07	
0.13616667	4.47912214e-07	
0.13775000	1.01338941e-07	
0.13933333	2.70460804e-07	
0.14091667	2.15599748e-07	
0.14250000	2.81020918e-07	
0.14408333	8.27502231e-08	
0.14566667	2.47403449e-07	
0.14725000	5.55700279e-07	
0.14883333	4.75715250e-07	
0.15041667	6.35599120e-07	
0.15200000	5.18348339e-07	
0.15358333	5.94201334e-07	
0.15516667	5.37983212e-07	
0.15675000	2.36383051e-07	
0.15833333	1.62864296e-07	
0.15991667	2.72361949e-07	
0.16150000	2.08228963e-07	
0.16308333	3.41629637e-07	
0.16466667	2.42174999e-07	
0.16625000	6.23324825e-07	
0.16783333	6.35640730e-07	
0.16941667	5.78213681e-07	
0.17100000	5.19098268e-07	
0.17258333	6.07509995e-07	
0.17416667	6.57678167e-07	
0.17575000	3.24777249e-07	
0.17733333	3.14061000e-07	
0.17891667	2.03698682e-07	
0.18050000	1.75654304e-07	
0.18208333	2.27758846e-07	
0.18366667	2.82637150e-07	
0.18525000	4.25935680e-07	
0.18683333	5.76259921e-07	
0.18841667	5.56608527e-07	
0.19000000	6.81834234e-07	
0.19158333	6.94841658e-07	
0.19316667	7.07461040e-07	
0.19475000	6.94322515e-07	
0.19633333	3.94434183e-07	
0.19791667	3.99922093e-07	
0.19950000	2.81912002e-07	
0.20108333	3.34845353e-07	
0.20266667	3.46383130e-07	
0.20425000	2.17888963e-07	
0.20583333	6.66059783e-07	
0.20741667	5.97484986e-07	
0.20900000	6.67487343e-07	
0.21058333	6.37241057e-07	
0.21216667	6.55345886e-07	
0.21375000	7.71499746e-07	
0.21533333	3.60124495e-07	
0.21691667	2.20317470e-07	
0.21850000	2.14156325e-07	
0.22008333	1.11424805e-07	
0.22166667	1.99464654e-07	
0.22325000	1.69517688e-07	
0.22483333	3.02827652e-07	
0.22641667	5.28003340e-07	
0.22800000	5.06741930e-07	
0.22958333	6.89959247e-07	
0.23116667	6.06602643e-07	
0.23275000	7.80675141e-07	
0.23433333	5.80407187e-07	
0.23591667	1.00941288e-07	
0.23750000	8.15654759e-08	
0.23908333	1.72456700e-07	
0.24066667	3.81038885e-07	
0.24225000	2.70720095e-07	
0.24383333	4.05410339e-07	
0.24541667	8.76191403e-07	
0.24700000	7.78368902e-07	
0.24858333	7.80269627e-07	
0.25016667	5.95670448e-07	
0.25175000	5.65551177e-07	
0.25333333	7.59443525e-07	
0.25491667	5.85947404e-07	
0.25650000	3.33160965e-07	
0.25808333	2.46071653e-07	
0.25966667	2.07025819e-07	
0.26125000	2.52329290e-07	
0.26283333	2.87183546e-07	
0.26441667	3.65568527e-07	
0.26600000	3.34544283e-07	
0.26758333	6.44628405e-07	
0.26916667	6.39659750e-07	
0.27075000	5.02634258e-07	
0.27233333	7.46303655e-07	
0.27391667	6.52149430e-07	
0.27550000	3.67859982e-07	
0.27708333	3.33333145e-07	
0.27866667	2.00803086e-07	
0.28025000	3.51481851e-07	
0.28183333	3.59907989e-07	
0.28341667	3.66260242e-07	
0.28500000	4.35485117e-07	
0.28658333	4.55751278e-07	
0.28816667	5.84738758e-07	
0.28975000	5.17673004e-07	
0.29133333	6.02497379e-07	
0.29291667	6.38537068e-07	
0.29450000	4.60808529e-07	
0.29608333	4.53245277e-07	
0.29766667	2.30274129e-07	
0.29925000	3.92446849e-07	
0.30083333	4.68931133e-07	
0.30241667	4.32461317e-07	
0.30400000	4.49364443e-07	
0.30558333	4.12410009e-07	
0.30716667	7.89606030e-07	
0.30875000	7.22886876e-07	
0.31033333	5.76008414e-07	
0.31191667	7.64498368e-07	
0.31350000	5.30897326e-07	
0.31508333	5.46278472e-07	
0.31666667	3.51092774e-07	
0.31825000	1.07552581e-07	
0.31983333	2.29798191e-07	
0.32141667	3.80338826e-07	
0.32300000	1.27871014e-07	
0.32458333	4.02600861e-07	
0.32616667	5.42520591e-07	
0.32775000	6.82611605e-07	
0.32933333	6.05651944e-07	
0.33091667	5.94849843e-07	
0.33250000	5.90009602e-07	
0.33408333	6.19524551e-07	
0.33566667	5.63563536e-07	
0.33725000	1.30326458e-07	
0.33883333	3.70235945e-07	
0.34041667	4.00441348e-07	
0.34200000	3.58758286e-07	
0.34358333	3.62707303e-07	
0.34516667	4.30646303e-07	
0.34675000	6.52406202e-07	
0.34833333	5.02117298e-07	
0.34991667	4.81505350e-07	
0.35150000	6.19221857e-07	
0.35308333	7.37707661e-07	
0.35466667	6.56728084e-07	
0.35625000	2.66615391e-07	
0.35783333	2.19643914e-07	
0.35941667	3.37048688e-07	
0.36100000	2.53210378e-07	
0.36258333	3.17257848e-07	
0.36416667	4.06187710e-07	
0.36575000	4.47238476e-07	
0.36733333	6.60921216e-07	
0.36891667	4.84400287e-07	
0.37050000	5.78127997e-07	
0.37208333	6.99549789e-07	
0.37366667	6.51327090e-07	
0.37525000	5.11278189e-07	
0.37683333	1.67574037e-07	
0.37841667	2.12540149e-07	
0.38000000	2.42416621e-07	
0.38158333	1.88704135e-07	
0.38316667	4.06851312e-07	
0.38475000	4.30041672e-07	
0.38633333	7.26428363e-07	
0.38791667	7.56459991e-07	
0.38950000	8.09438648e-07	
0.39108333	7.17137434e-07	
0.39266667	7.00890209e-07	
0.39425000	5.96707167e-07	
0.39583333	2.18019533e-07	
0.39741667	3.52492361e-07	
0.39900000	4.41016709e-07	
0.40058333	3.67643420e-07	
0.40216667	4.50955167e-07	
0.40375000	2.73355098e-07	
0.40533333	4.54153302e-07	
0.40691667	5.63478804e-07	
0.40850000	5.91132621e-07	
0.41008333	7.23230452e-07	
0.41166667	6.63080841e-07	
0.41325000	8.03775394e-07	
0.41483333	4.92568814e-07	
0.41641667	2.78541602e-07	
0.41800000	2.96905974e-07	
0.41958333	3.20024316e-07	
0.42116667	3.79265566e-07	
0.42275000	3.44351947e-07	
0.42433333	4.68843601e-07	
0.42591667	7.78584624e-07	
0.42750000	1.03470276e-06	
0.42908333	1.16550201e-06	
0.43066667	1.23547132e-06	
0.43225000	1.45803394e-06	
0.43383333	2.00950703e-06	
0.43541667	2.06815578e-06	
0.43700000	2.61429251e-06	
0.43858333	3.19207581e-06	
0.44016667	4.01867715e-06	
0.44175000	4.91751300e-06	
0.44333333	5.77404590e-06	
0.44491667	7.28416307e-06	
0.44650000	9.23839047e-06	
0.44808333	1.20124261e-05	
0.44966667	1.62349403e-05	
0.45125000	2.25018957e-05	
0.45283333	3.09741458e-05	
0.45441667	4.02340941e-05	
0.45600000	5.41162156e-05	
0.45758333	7.23262293e-05	
0.45916667	9.84275292e-05	
0.46075000	1.51989250e-04	
0.46233333	2.03987166e-04	
0.46391667	2.69484307e-04	
0.46550000	5.20310505e-04	
0.46708333	6.59919418e-04	
0.46866667	2.69096157e-04	
0.47025000	1.52906853e-04	
0.47183333	2.66792918e-04	
0.47341667	1.04582659e-03	
0.47500000	8.26116554e-04	
0.47658333	7.96328393e-04	
0.47816667	1.22508681e-03	
0.47975000	1.24808474e-03	
0.48133333	1.71442271e-03	
0.48291667	1.82387679e-03	
0.48450000	2.49291954e-03	
0.48608333	2.79354128e-03	
0.48766667	3.49110064e-03	
0.48925000	6.56205735e-03	
0.49083333	9.22634886e-03	
0.49241667	1.32917456e-02	
0.49400000	1.81638857e-02	
0.49558333	2.60680951e-02	
0.49716667	3.64581729e-02	
0.49875000	8.06976427e-02	
0.50033333	2.40657535e-01	
0.50191667	3.94059049e-01	
0.50350000	2.73029116e-01	
0.50508333	5.72790595e-01	
0.50666667	4.46642345e-01	
0.50825000	3.51196742e-01	
0.50983333	9.15668035e-01	
0.51141667	1.14049590e+00	
0.51300000	1.71254072e+00	
0.51458333	1.96116158e+00	
0.51616667	3.43886112e+00	
0.51775000	3.99347557e+00	
0.51933333	4.11630600e+00	
0.52091667	4.59184022e+00	
0.52250000	4.72758076e+00	
0.52408333	5.06182676e+00	
0.52566667	5.39157975e+00	
0.52725000	5.75419877e+00	
0.52883333	5.84439337e+00	
0.53041667	5.94653221e+00	
0.53200000	6.52198601e+00	
0.53358333	6.95405682e+00	
0.53516667	7.03323595e+00	
0.53675000	7.22748329e+00	
0.53833333	7.81380974e+00	
0.53991667	8.08198920e+00	
0.54150000	8.44071935e+00	
0.54308333	9.19162634e+00	
0.54466667	1.00402191e+01	
0.54625000	1.10654719e+01	
0.54783333	1.16047482e+01	
0.54941667	1.23772755e+01	
0.55100000	1.27206973e+01	
0.55258333	1.29947763e+01	
0.55416667	1.32382677e+01	
0.55575000	1.34922456e+01	
0.55733333	1.36365311e+01	
0.55891667	1.40915376e+01	
0.56050000	1.63861971e+01	
0.56208333	1.71153757e+01	
0.56366667	1.72484634e+01	
0.56525000	1.77296415e+01	
0.56683333	1.78747594e+01	
0.56841667	1.79472470e+01	
0.57000000	1.94496078e+01	
0.57158333	2.07535059e+01	
0.57316667	2.10562097e+01	
0.57475000	2.15026014e+01	
0.57633333	2.24204373e+01	
0.57791667	2.27746275e+01	
0.57950000	2.29000878e+01	
0.58108333	2.31462241e+01	
0.58266667	2.35706788e+01	
0.58425000	2.43649336e+01	
0.58583333	2.47539629e+01	
0.58741667	2.53802289e+01	
0.58900000	2.65761051e+01	
0.59058333	2.69662750e+01	
0.59216667	2.70900403e+01	
0.59375000	2.73089010e+01	
0.59533333	2.82423826e+01	
0.59691667	2.86520786e+01	
0.59850000	2.87840275e+01	
0.60008333	2.96243511e+01	
0.60166667	3.08376074e+01	
0.60325000	3.16357708e+01	
0.60483333	3.20358081e+01	
0.60641667	3.22571548e+01	
