start voltage : 0.00 V 
set voltage : 0.10 V 
High G : 30.00 G0 
Intermediate G : 20.00 G0 
Low G : 10.00 G0 
Breaking speed 1 : 300.00 V/s 
Breaking speed 2 : 300.00 V/s 
Making speed : 500.00 V/s 
Post breaking : 230.00 V/s 
@ 
0.00000000	4.53243116e+01	
0.00158333	4.58894682e+01	
0.00316667	4.56633522e+01	
0.00475000	4.59388932e+01	
0.00633333	4.59019644e+01	
0.00791667	4.58866645e+01	
0.00950000	4.59270584e+01	
0.01108333	4.57145736e+01	
0.01266667	4.58838346e+01	
0.01425000	4.57595224e+01	
0.01583333	4.58016714e+01	
0.01741667	4.58755589e+01	
0.01900000	4.57150697e+01	
0.02058333	4.57592368e+01	
0.02216667	4.57175464e+01	
0.02375000	4.56392767e+01	
0.02533333	4.57605409e+01	
0.02691667	4.56436551e+01	
0.02850000	4.57542308e+01	
0.03008333	4.56437077e+01	
0.03166667	4.56498450e+01	
0.03325000	4.57090038e+01	
0.03483333	4.56689821e+01	
0.03641667	4.57454590e+01	
0.03800000	4.55975675e+01	
0.03958333	4.56657161e+01	
0.04116667	4.56793887e+01	
0.04275000	4.55605862e+01	
0.04433333	4.56107553e+01	
0.04591667	4.55595188e+01	
0.04750000	4.56514498e+01	
0.04908333	4.56580079e+01	
0.05066667	4.54977480e+01	
0.05225000	4.55852141e+01	
0.05383333	4.55522616e+01	
0.05541667	4.55595151e+01	
0.05700000	4.55506418e+01	
0.05858333	4.54856088e+01	
0.06016667	4.56612025e+01	
0.06175000	4.54889950e+01	
0.06333333	4.55775247e+01	
0.06491667	4.54770851e+01	
0.06650000	4.54494092e+01	
0.06808333	4.56215753e+01	
0.06966667	4.54843122e+01	
0.07125000	4.55550277e+01	
0.07283333	4.55042197e+01	
0.07441667	4.54688169e+01	
0.07600000	4.55291521e+01	
0.07758333	4.54987665e+01	
0.07916667	4.54688131e+01	
0.08075000	4.54840454e+01	
0.08233333	4.53905322e+01	
0.08391667	4.54162876e+01	
0.08550000	4.53359622e+01	
0.08708333	4.53951023e+01	
0.08866667	4.52923363e+01	
0.09025000	4.53090606e+01	
0.09183333	4.53725113e+01	
0.09341667	4.52059037e+01	
0.09500000	4.53858231e+01	
0.09658333	4.53196701e+01	
0.09816667	4.53141643e+01	
0.09975000	4.53528406e+01	
0.10133333	4.52240975e+01	
0.10291667	4.52983269e+01	
0.10450000	4.50059114e+01	
0.10608333	4.50338917e+01	
0.10766667	4.49689451e+01	
0.10925000	4.49471810e+01	
0.11083333	4.49723050e+01	
0.11241667	4.48627064e+01	
0.11400000	4.48153147e+01	
0.11558333	4.46172279e+01	
0.11716667	4.43793936e+01	
0.11875000	4.43246732e+01	
0.12033333	4.40647892e+01	
0.12191667	4.38801306e+01	
0.12350000	4.41347869e+01	
0.12508333	4.38903005e+01	
0.12666667	4.39777628e+01	
0.12825000	4.38674164e+01	
0.12983333	4.36809576e+01	
0.13141667	4.39604748e+01	
0.13300000	4.38614220e+01	
0.13458333	4.40824944e+01	
0.13616667	4.38941828e+01	
0.13775000	4.39858581e+01	
0.13933333	4.38511619e+01	
0.14091667	4.37487567e+01	
0.14250000	4.37713777e+01	
0.14408333	4.35835095e+01	
0.14566667	4.35492605e+01	
0.14725000	4.34627753e+01	
0.14883333	4.33210737e+01	
0.15041667	4.33458331e+01	
0.15200000	4.31237535e+01	
0.15358333	4.31408461e+01	
0.15516667	4.30234792e+01	
0.15675000	4.28886101e+01	
0.15833333	4.25053685e+01	
0.15991667	4.22065075e+01	
0.16150000	4.23142908e+01	
0.16308333	4.22101643e+01	
0.16466667	4.20095369e+01	
0.16625000	4.19853186e+01	
0.16783333	4.18218115e+01	
0.16941667	4.19316017e+01	
0.17100000	4.16445868e+01	
0.17258333	4.15405467e+01	
0.17416667	4.13490819e+01	
0.17575000	4.08777429e+01	
0.17733333	4.09022167e+01	
0.17891667	4.07968537e+01	
0.18050000	4.05051335e+01	
0.18208333	4.02949036e+01	
0.18366667	4.01950728e+01	
0.18525000	4.02536454e+01	
0.18683333	4.01390709e+01	
0.18841667	4.00967604e+01	
0.19000000	4.02280629e+01	
0.19158333	4.00768867e+01	
0.19316667	3.99517440e+01	
0.19475000	3.96383798e+01	
0.19633333	3.94917925e+01	
0.19791667	3.96023381e+01	
0.19950000	3.95291910e+01	
0.20108333	3.96430138e+01	
0.20266667	3.95752861e+01	
0.20425000	3.93733470e+01	
0.20583333	3.91310742e+01	
0.20741667	3.90187847e+01	
0.20900000	3.91944573e+01	
0.21058333	3.90664320e+01	
0.21216667	3.89740576e+01	
0.21375000	3.87158535e+01	
0.21533333	3.85700141e+01	
0.21691667	3.86818300e+01	
0.21850000	3.84915603e+01	
0.22008333	3.85065370e+01	
0.22166667	3.85339836e+01	
0.22325000	3.84627306e+01	
0.22483333	3.85583597e+01	
0.22641667	3.84673270e+01	
0.22800000	3.82729458e+01	
0.22958333	3.83386666e+01	
0.23116667	3.83417634e+01	
0.23275000	3.82665943e+01	
0.23433333	3.76547262e+01	
0.23591667	3.75628216e+01	
0.23750000	3.75619910e+01	
0.23908333	3.70018141e+01	
0.24066667	3.65506194e+01	
0.24225000	3.62235639e+01	
0.24383333	3.60314150e+01	
0.24541667	3.59862933e+01	
0.24700000	3.59697720e+01	
0.24858333	3.57717941e+01	
0.25016667	3.54027550e+01	
0.25175000	3.52004100e+01	
0.25333333	3.52370644e+01	
0.25491667	3.52142442e+01	
0.25650000	3.53335127e+01	
0.25808333	3.50495458e+01	
0.25966667	3.50981552e+01	
0.26125000	3.50029771e+01	
0.26283333	3.47048828e+01	
0.26441667	3.44974078e+01	
0.26600000	3.40038499e+01	
0.26758333	3.35862127e+01	
0.26916667	3.33718337e+01	
0.27075000	3.33863744e+01	
0.27233333	3.35046621e+01	
0.27391667	3.32270992e+01	
0.27550000	3.32221570e+01	
0.27708333	3.32082627e+01	
0.27866667	3.32401629e+01	
0.28025000	3.33685828e+01	
0.28183333	3.31882086e+01	
0.28341667	3.33379830e+01	
0.28500000	3.32083078e+01	
0.28658333	3.29546738e+01	
0.28816667	3.27826092e+01	
0.28975000	3.27495853e+01	
0.29133333	3.28404752e+01	
0.29291667	3.25851499e+01	
0.29450000	3.19742026e+01	
0.29608333	3.17878565e+01	
0.29766667	3.12059230e+01	
0.29925000	3.11599406e+01	
0.30083333	3.10792413e+01	
0.30241667	3.09875584e+01	
0.30400000	3.10159089e+01	
0.30558333	3.08891915e+01	
0.30716667	3.08656253e+01	
0.30875000	3.08403190e+01	
0.31033333	3.08577141e+01	
0.31191667	3.07596704e+01	
0.31350000	3.00747980e+01	
0.31508333	2.92422803e+01	
0.31666667	2.91080802e+01	
0.31825000	2.87508439e+01	
0.31983333	2.90278168e+01	
0.32141667	2.89897982e+01	
0.32300000	2.88173727e+01	
0.32458333	2.85045592e+01	
0.32616667	2.84203421e+01	
0.32775000	2.83282439e+01	
0.32933333	2.81128690e+01	
0.33091667	2.80464173e+01	
0.33250000	2.80152537e+01	
0.33408333	2.79819517e+01	
0.33566667	2.80705961e+01	
0.33725000	2.79383352e+01	
0.33883333	2.78683845e+01	
0.34041667	2.74268015e+01	
0.34200000	2.74688640e+01	
0.34358333	2.74602068e+01	
0.34516667	2.73197755e+01	
0.34675000	2.73131102e+01	
0.34833333	2.69969255e+01	
0.34991667	2.61561453e+01	
0.35150000	2.60336277e+01	
0.35308333	2.57128635e+01	
0.35466667	2.52976091e+01	
0.35625000	2.50802987e+01	
0.35783333	2.47059097e+01	
0.35941667	2.42603373e+01	
0.36100000	2.42448552e+01	
0.36258333	2.43852339e+01	
0.36416667	2.41916738e+01	
0.36575000	2.39331522e+01	
0.36733333	2.38071319e+01	
0.36891667	2.39678710e+01	
0.37050000	2.41125266e+01	
0.37208333	2.36325643e+01	
0.37366667	2.38101385e+01	
0.37525000	2.36968719e+01	
0.37683333	2.37365630e+01	
0.37841667	2.38338569e+01	
0.38000000	2.37229693e+01	
0.38158333	2.37424277e+01	
0.38316667	2.34244917e+01	
0.38475000	2.31458633e+01	
0.38633333	2.32324688e+01	
0.38791667	2.30377004e+01	
0.38950000	2.31112910e+01	
0.39108333	2.28845098e+01	
0.39266667	2.17541026e+01	
0.39425000	2.15244143e+01	
0.39583333	2.13857175e+01	
0.39741667	2.13112080e+01	
0.39900000	2.12924505e+01	
0.40058333	2.11537122e+01	
0.40216667	2.11147033e+01	
0.40375000	2.09637244e+01	
0.40533333	2.07809694e+01	
0.40691667	2.06014709e+01	
0.40850000	2.08388222e+01	
0.41008333	2.07984322e+01	
0.41166667	2.06089611e+01	
0.41325000	2.04296581e+01	
0.41483333	2.03993439e+01	
0.41641667	2.03422201e+01	
0.41800000	2.00592679e+01	
0.41958333	1.92965975e+01	
0.42116667	1.89454083e+01	
0.42275000	1.82211249e+01	
0.42433333	1.84251235e+01	
0.42591667	1.86052064e+01	
0.42750000	1.84492008e+01	
0.42908333	1.83149331e+01	
0.43066667	1.82518788e+01	
0.43225000	1.82219029e+01	
0.43383333	1.81841022e+01	
0.43541667	1.81419815e+01	
0.43700000	1.81045510e+01	
0.43858333	1.77657152e+01	
0.44016667	1.76349934e+01	
0.44175000	1.75867110e+01	
0.44333333	1.69731103e+01	
0.44491667	1.68889609e+01	
0.44650000	1.68500027e+01	
0.44808333	1.64898237e+01	
0.44966667	1.59366616e+01	
0.45125000	1.53587391e+01	
0.45283333	1.53462513e+01	
0.45441667	1.52267366e+01	
0.45600000	1.51416448e+01	
0.45758333	1.49498324e+01	
0.45916667	1.48484447e+01	
0.46075000	1.47431344e+01	
0.46233333	1.45029267e+01	
0.46391667	1.44583791e+01	
0.46550000	1.44834373e+01	
0.46708333	1.44045307e+01	
0.46866667	1.43139358e+01	
0.47025000	1.40273643e+01	
0.47183333	1.39572417e+01	
0.47341667	1.38770403e+01	
0.47500000	1.37575773e+01	
0.47658333	1.36296478e+01	
0.47816667	1.36281370e+01	
0.47975000	1.33034943e+01	
0.48133333	1.30977114e+01	
0.48291667	1.27018618e+01	
0.48450000	1.26420585e+01	
0.48608333	1.20110514e+01	
0.48766667	1.18584809e+01	
0.48925000	1.18741801e+01	
0.49083333	1.23819715e+01	
0.49241667	1.25755475e+01	
0.49400000	1.21188544e+01	
0.49558333	1.20022101e+01	
0.49716667	1.18487084e+01	
0.49875000	1.18659899e+01	
0.50033333	1.12835152e+01	
0.50191667	1.12157471e+01	
0.50350000	1.11824066e+01	
0.50508333	1.11258841e+01	
0.50666667	1.11237072e+01	
0.50825000	1.10856143e+01	
0.50983333	1.08997268e+01	
0.51141667	1.07748547e+01	
0.51300000	1.04103161e+01	
0.51458333	1.02763565e+01	
0.51616667	1.01615547e+01	
0.51775000	9.86675074e+00	
0.51933333	9.59681147e+00	
0.52091667	8.85103639e+00	
0.52250000	9.07509476e+00	
0.52408333	9.12287640e+00	
0.52566667	8.87242656e+00	
0.52725000	8.85606213e+00	
0.52883333	8.91194002e+00	
0.53041667	9.08828627e+00	
0.53200000	8.98474419e+00	
0.53358333	8.82516168e+00	
0.53516667	8.85176456e+00	
0.53675000	8.77020363e+00	
0.53833333	8.72177087e+00	
0.53991667	8.72104176e+00	
0.54150000	8.67117710e+00	
0.54308333	8.68549046e+00	
0.54466667	8.28294833e+00	
0.54625000	7.85745213e+00	
0.54783333	7.63428870e+00	
0.54941667	7.53325385e+00	
0.55100000	7.69096803e+00	
0.55258333	7.61648251e+00	
0.55416667	7.59607325e+00	
0.55575000	7.56727789e+00	
0.55733333	6.94778193e+00	
0.55891667	6.26747348e+00	
0.56050000	6.21292320e+00	
0.56208333	6.31186939e+00	
0.56366667	6.35455483e+00	
0.56525000	6.53355911e+00	
0.56683333	6.45460924e+00	
0.56841667	6.38905194e+00	
0.57000000	6.10301227e+00	
0.57158333	5.98943281e+00	
0.57316667	5.82811680e+00	
0.57475000	5.59380307e+00	
0.57633333	5.49485265e+00	
0.57791667	5.72396212e+00	
0.57950000	5.37946686e+00	
0.58108333	5.32933255e+00	
0.58266667	5.31772984e+00	
0.58425000	5.26186041e+00	
0.58583333	5.28628397e+00	
0.58741667	5.22851380e+00	
0.58900000	5.20821259e+00	
0.59058333	5.22345799e+00	
0.59216667	5.17241700e+00	
0.59375000	5.14806955e+00	
0.59533333	5.09658789e+00	
0.59691667	5.06414655e+00	
0.59850000	4.64283095e+00	
0.60008333	4.33151036e+00	
0.60166667	4.73354654e+00	
0.60325000	4.63265403e+00	
0.60483333	4.55224220e+00	
0.60641667	4.21560923e+00	
0.60800000	4.06578693e+00	
0.60958333	4.05209276e+00	
0.61116667	4.01910881e+00	
0.61275000	3.98759106e+00	
0.61433333	3.32630672e+00	
0.61591667	2.82531261e+00	
0.61750000	2.88876974e+00	
0.61908333	3.08669007e+00	
0.62066667	2.73761678e+00	
0.62225000	2.81758937e+00	
0.62383333	2.99516880e+00	
0.62541667	2.80491791e+00	
0.62700000	2.75356897e+00	
0.62858333	2.72598753e+00	
0.63016667	2.71499085e+00	
0.63175000	2.67402177e+00	
0.63333333	2.68007399e+00	
0.63491667	2.63746207e+00	
0.63650000	2.58430869e+00	
0.63808333	2.54682587e+00	
0.63966667	2.39542041e+00	
0.64125000	2.35987991e+00	
0.64283333	2.31304723e+00	
0.64441667	2.33033924e+00	
0.64600000	2.28166642e+00	
0.64758333	2.34597057e+00	
0.64916667	2.53293063e+00	
0.65075000	2.44717571e+00	
0.65233333	2.44058489e+00	
0.65391667	2.23652919e+00	
0.65550000	1.73246974e+00	
0.65708333	1.68017489e+00	
0.65866667	1.67545991e+00	
0.66025000	1.73635144e+00	
0.66183333	1.69521547e+00	
0.66341667	1.70714303e+00	
0.66500000	1.68980216e+00	
0.66658333	1.65048977e+00	
0.66816667	1.65641996e+00	
0.66975000	1.67999132e+00	
0.67133333	1.65352092e+00	
0.67291667	1.66494229e+00	
0.67450000	1.66781044e+00	
0.67608333	1.66624441e+00	
0.67766667	1.79959259e+00	
0.67925000	1.82347859e+00	
0.68083333	1.79158983e+00	
0.68241667	1.75310955e+00	
0.68400000	1.75327080e+00	
0.68558333	1.72617582e+00	
0.68716667	8.82656022e-01	
0.68875000	3.40159422e-01	
0.69033333	1.34969529e-01	
0.69191667	3.62743409e-02	
0.69350000	-8.77387373e-05	
0.69508333	-1.47688564e-03	
0.69666667	-1.28436167e-04	
0.69825000	2.42354396e-05	
0.69983333	4.44586477e-04	
0.70141667	1.00581313e-03	
0.70300000	2.02658560e-04	
0.70458333	8.04834424e-05	
0.70616667	6.98087649e-05	
0.70775000	9.54019670e-05	
0.70933333	1.61569884e-04	
0.71091667	2.29290624e-04	
0.71250000	2.13612731e-04	
0.71408333	1.45159718e-04	
0.71566667	9.86802914e-05	
0.71725000	7.79797053e-05	
0.71883333	7.03172785e-05	
0.72041667	6.52956541e-05	
0.72200000	6.52709521e-05	
0.72358333	7.42345153e-05	
0.72516667	9.15396968e-05	
0.72675000	1.08715483e-04	
0.72833333	1.08977406e-04	
0.72991667	9.23536813e-05	
0.73150000	7.23252687e-05	
0.73308333	5.50629896e-05	
0.73466667	4.15927133e-05	
0.73625000	3.12568752e-05	
0.73783333	2.35333993e-05	
0.73941667	1.81787132e-05	
0.74100000	1.38623629e-05	
0.74258333	1.07607404e-05	
0.74416667	8.50174596e-06	
0.74575000	6.99317177e-06	
0.74733333	6.12509698e-06	
0.74891667	5.28585408e-06	
0.75050000	4.81181924e-06	
0.75208333	4.41064815e-06	
0.75366667	3.96745949e-06	
0.75525000	3.64303425e-06	
0.75683333	2.96120164e-06	
0.75841667	2.77297025e-06	
0.76000000	2.69755749e-06	
0.76158333	2.55549457e-06	
0.76316667	2.38928314e-06	
0.76475000	2.12882531e-06	
0.76633333	2.20490674e-06	
0.76791667	2.17897780e-06	
0.76950000	2.10301891e-06	
0.77108333	2.07080335e-06	
0.77266667	2.14786079e-06	
0.77425000	2.15798045e-06	
0.77583333	1.94805659e-06	
0.77741667	1.73286481e-06	
0.77900000	1.79934931e-06	
0.78058333	1.75577499e-06	
0.78216667	1.85309302e-06	
0.78375000	1.80754551e-06	
0.78533333	1.80073370e-06	
0.78691667	1.95724482e-06	
0.78850000	2.00911389e-06	
0.79008333	1.94868920e-06	
0.79166667	1.98896710e-06	
0.79325000	2.16618437e-06	
0.79483333	2.17576214e-06	
0.79641667	1.83775069e-06	
0.79800000	1.78041565e-06	
0.79958333	1.81007436e-06	
0.80116667	1.73289539e-06	
0.80275000	1.55059254e-06	
0.80433333	1.38873161e-06	
0.80591667	1.61889544e-06	
0.80750000	1.63290425e-06	
0.80908333	1.56440354e-06	
0.81066667	1.62267483e-06	
0.81225000	1.48888370e-06	
0.81383333	1.46848154e-06	
0.81541667	1.14493150e-06	
0.81700000	8.79870824e-07	
0.81858333	8.82075195e-07	
0.82016667	8.42491779e-07	
0.82175000	8.49582705e-07	
0.82333333	5.75751474e-07	
0.82491667	7.07547228e-07	
0.82650000	9.45079478e-07	
0.82808333	8.40291721e-07	
0.82966667	8.10041963e-07	
0.83125000	7.68905765e-07	
0.83283333	9.78956743e-07	
0.83441667	9.89068108e-07	
0.83600000	6.79976967e-07	
0.83758333	6.95834135e-07	
0.83916667	6.64333505e-07	
0.84075000	7.21675150e-07	
0.84233333	6.69260326e-07	
0.84391667	4.81117140e-07	
0.84550000	6.34561505e-07	
0.84708333	8.33853224e-07	
0.84866667	8.78750774e-07	
0.85025000	8.79181546e-07	
0.85183333	9.24380054e-07	
0.85341667	1.04697258e-06	
0.85500000	9.09215413e-07	
0.85658333	7.03568418e-07	
0.85816667	6.95705609e-07	
0.85975000	7.41552290e-07	
0.86133333	8.17172091e-07	
0.86291667	7.12774167e-07	
0.86450000	7.87357417e-07	
0.86608333	9.48839039e-07	
0.86766667	1.01205658e-06	
0.86925000	1.05202434e-06	
0.87083333	9.07051420e-07	
0.87241667	9.24985777e-07	
0.87400000	8.60470602e-07	
0.87558333	5.54188323e-07	
0.87716667	4.36004540e-07	
0.87875000	3.64359041e-07	
0.88033333	4.52553506e-07	
0.88191667	3.95169440e-07	
0.88350000	4.23472046e-07	
0.88508333	5.41440079e-07	
0.88666667	5.84523260e-07	
0.88825000	9.06359173e-07	
0.88983333	7.73960552e-07	
0.89141667	7.00328784e-07	
0.89300000	7.12211285e-07	
0.89458333	6.46962366e-07	
0.89616667	5.10154667e-07	
0.89775000	5.10155115e-07	
0.89933333	4.41145067e-07	
0.90091667	4.35183235e-07	
0.90250000	3.22789804e-07	
0.90408333	3.70538330e-07	
0.90566667	4.44127228e-07	
0.90725000	5.80201210e-07	
0.90883333	6.38881651e-07	
0.91041667	5.69139930e-07	
0.91200000	6.62864391e-07	
0.91358333	6.37110404e-07	
0.91516667	5.47662126e-07	
0.91675000	4.31552816e-07	
0.91833333	3.25901975e-07	
0.91991667	4.19064844e-07	
0.92150000	4.33108762e-07	
0.92308333	3.54721877e-07	
0.92466667	3.57142641e-07	
0.92625000	4.59165387e-07	
0.92783333	6.14769713e-07	
0.92941667	5.87329882e-07	
0.93100000	6.17362294e-07	
0.93258333	7.27204894e-07	
0.93416667	6.88663293e-07	
0.93575000	5.87244814e-07	
0.93733333	4.17984779e-07	
0.93891667	4.84962329e-07	
0.94050000	3.99879531e-07	
0.94208333	3.68636989e-07	
0.94366667	2.55076745e-07	
0.94525000	3.54118478e-07	
0.94683333	6.63815594e-07	
0.94841667	7.21329671e-07	
0.95000000	7.80789107e-07	
0.95158333	8.17387869e-07	
0.95316667	8.26721864e-07	
0.95475000	7.00372354e-07	
0.95633333	4.08434643e-07	
0.95791667	1.79068945e-07	
0.95950000	3.00579123e-07	
0.96108333	2.20853330e-07	
0.96266667	2.82387127e-07	
0.96425000	2.77589672e-07	
0.96583333	4.91272132e-07	
0.96741667	7.07630784e-07	
0.96900000	6.97130481e-07	
0.97058333	6.79544404e-07	
0.97216667	6.19954818e-07	
0.97375000	6.33697162e-07	
0.97533333	4.88116838e-07	
0.97691667	1.31863923e-07	
0.97850000	2.07423619e-07	
0.98008333	2.33687454e-07	
0.98166667	3.14579415e-07	
0.98325000	4.15607697e-07	
0.98483333	2.44749630e-07	
0.98641667	5.23334354e-07	
0.98800000	5.25452985e-07	
0.98958333	3.68507623e-07	
0.99116667	5.34482495e-07	
0.99275000	6.00985983e-07	
0.99433333	6.22980186e-07	
0.99591667	4.26843649e-07	
0.99750000	3.41975425e-07	
0.99908333	4.00959259e-07	
1.00066667	3.40593171e-07	
1.00225000	3.47463139e-07	
1.00383333	1.94537735e-07	
1.00541667	3.92662487e-07	
1.00700000	5.81627202e-07	
1.00858333	5.55267547e-07	
1.01016667	6.33611367e-07	
1.01175000	5.31761613e-07	
1.01333333	5.46497218e-07	
1.01491667	6.16454661e-07	
1.01650000	4.06836387e-07	
1.01808333	3.82421140e-07	
1.01966667	3.70451890e-07	
1.02125000	4.00873435e-07	
1.02283333	3.13283265e-07	
1.02441667	1.88920459e-07	
1.02600000	5.67885809e-07	
1.02758333	5.52285917e-07	
1.02916667	5.97659153e-07	
1.03075000	5.65378857e-07	
1.03233333	6.39488102e-07	
1.03391667	7.31397522e-07	
1.03550000	6.06602307e-07	
1.03708333	4.62362963e-07	
1.03866667	4.25374199e-07	
1.04025000	3.20585629e-07	
1.04183333	3.65612405e-07	
1.04341667	1.60919007e-07	
1.04500000	3.69760343e-07	
1.04658333	5.30809346e-07	
1.04816667	5.72336273e-07	
1.04975000	6.12565846e-07	
1.05133333	5.93121718e-07	
1.05291667	7.00328112e-07	
1.05450000	6.98556977e-07	
1.05608333	4.24681784e-07	
1.05766667	3.84236601e-07	
1.05925000	2.79404853e-07	
1.06083333	4.73944618e-07	
1.06241667	3.57324005e-07	
1.06400000	3.74124983e-07	
1.06558333	5.24803580e-07	
1.06716667	5.58422281e-07	
1.06875000	6.20085360e-07	
1.07033333	5.67625790e-07	
1.07191667	5.89837730e-07	
1.07350000	7.43064694e-07	
1.07508333	4.48491840e-07	
1.07666667	3.04122402e-07	
1.07825000	2.44663442e-07	
1.07983333	1.91512913e-07	
1.08141667	2.58534593e-07	
1.08300000	5.29771696e-08	
1.08458333	2.58836894e-07	
1.08616667	4.02817647e-07	
1.08775000	5.31544211e-07	
1.08933333	5.41310489e-07	
1.09091667	4.69709288e-07	
1.09250000	5.68921968e-07	
1.09408333	6.74098999e-07	
1.09566667	4.17595758e-07	
1.09725000	3.62846861e-07	
1.09883333	2.11044840e-07	
1.10041667	2.20248363e-07	
1.10200000	3.15659844e-07	
1.10358333	3.23178405e-07	
1.10516667	4.57176794e-07	
1.10675000	6.20128202e-07	
1.10833333	7.79059805e-07	
1.10991667	7.18046971e-07	
1.11150000	6.56557276e-07	
1.11308333	6.95142728e-07	
1.11466667	5.41914924e-07	
1.11625000	3.74773268e-07	
1.11783333	1.83345675e-07	
1.11941667	2.77547110e-07	
1.12100000	2.99326039e-07	
1.12258333	1.97346415e-07	
1.12416667	2.33385432e-07	
1.12575000	3.76544460e-07	
1.12733333	6.53012037e-07	
1.12891667	6.90778172e-07	
1.13050000	5.59155970e-07	
1.13208333	6.87969982e-07	
1.13366667	7.19256402e-07	
1.13525000	7.12904317e-07	
1.13683333	3.92274166e-07	
1.13841667	2.34897780e-07	
1.14000000	2.79621051e-07	
1.14158333	2.25477415e-07	
1.14316667	3.10043100e-07	
1.14475000	3.46901910e-07	
1.14633333	5.48742582e-07	
1.14791667	7.71757189e-07	
1.14950000	6.95661759e-07	
1.15108333	6.87667288e-07	
1.15266667	6.15850674e-07	
1.15425000	4.38121267e-07	
1.15583333	4.24941355e-07	
1.15741667	1.68308860e-07	
1.15900000	3.12029733e-07	
1.16058333	4.76924792e-07	
1.16216667	3.27067304e-07	
1.16375000	4.06835743e-07	
1.16533333	4.54887019e-07	
1.16691667	6.36679128e-07	
1.16850000	6.83908679e-07	
1.17008333	6.13560115e-07	
1.17166667	6.10059286e-07	
1.17325000	6.33265495e-07	
1.17483333	5.84133258e-07	
1.17641667	4.62664900e-07	
1.17800000	3.11511262e-07	
1.17958333	2.75256943e-07	
1.18116667	2.31941911e-07	
1.18275000	2.43280348e-07	
1.18433333	2.89084999e-07	
1.18591667	3.77883984e-07	
1.18750000	6.28899763e-07	
1.18908333	4.74937207e-07	
1.19066667	5.61533612e-07	
1.19225000	6.27475283e-07	
1.19383333	7.21244211e-07	
1.19541667	5.11926643e-07	
1.19700000	2.53261760e-07	
1.19858333	4.35441491e-07	
1.20016667	3.57142949e-07	
1.20175000	4.37300970e-07	
1.20333333	3.51050548e-07	
1.20491667	3.68420847e-07	
1.20650000	5.62397339e-07	
1.20808333	5.13179083e-07	
1.20966667	5.73589273e-07	
1.21125000	7.07588502e-07	
1.21283333	6.70210073e-07	
1.21441667	6.80105661e-07	
1.21600000	3.23697437e-07	
1.21758333	2.62638933e-07	
1.21916667	2.97726859e-07	
1.22075000	1.95618136e-07	
1.22233333	2.48509583e-07	
1.22391667	1.35520145e-07	
1.22550000	4.36133906e-07	
1.22708333	6.23844584e-07	
1.22866667	5.47014121e-07	
1.23025000	6.05349362e-07	
1.23183333	5.68101979e-07	
1.23341667	6.01374584e-07	
1.23500000	4.82370252e-07	
1.23658333	2.74305572e-07	
1.23816667	3.40506899e-07	
1.23975000	2.38699987e-07	
1.24133333	3.36315475e-07	
1.24291667	2.08754925e-07	
1.24450000	2.46650887e-07	
1.24608333	5.64212829e-07	
1.24766667	5.39668439e-07	
1.24925000	5.97613511e-07	
1.25083333	5.78903184e-07	
1.25241667	5.53411344e-07	
1.25400000	6.59320496e-07	
1.25558333	4.37602656e-07	
1.25716667	3.08788756e-07	
1.25875000	2.34983800e-07	
1.26033333	2.85325719e-07	
1.26191667	4.15565303e-07	
1.26350000	1.37153066e-07	
1.26508333	3.73606540e-07	
1.26666667	6.43548396e-07	
1.26825000	5.69051950e-07	
1.26983333	6.32271114e-07	
1.27141667	5.85644934e-07	
1.27300000	8.58006995e-07	
1.27458333	6.49770780e-07	
1.27616667	3.54551097e-07	
1.27775000	3.17605483e-07	
1.27933333	3.38821139e-07	
1.28091667	3.88039620e-07	
1.28250000	2.51058229e-07	
1.28408333	2.56053821e-07	
@ 
0.00000000	4.52554010e-07	
0.00158333	4.97970536e-07	
0.00316667	6.24017464e-07	
0.00475000	5.19358736e-07	
0.00633333	4.57912191e-07	
0.00791667	5.26100487e-07	
0.00950000	3.20413253e-07	
0.01108333	2.21501853e-07	
0.01266667	8.07624629e-08	
0.01425000	1.26997808e-07	
0.01583333	2.16532778e-07	
0.01741667	1.18744732e-07	
0.01900000	3.39123077e-07	
0.02058333	5.03198483e-07	
0.02216667	5.15556277e-07	
0.02375000	4.95247078e-07	
0.02533333	4.35355695e-07	
0.02691667	4.93476391e-07	
0.02850000	4.51257160e-07	
0.03008333	2.84677322e-07	
0.03166667	2.61991712e-07	
0.03325000	1.59320485e-07	
0.03483333	1.99895957e-07	
0.03641667	9.51771877e-08	
0.03800000	1.65759066e-07	
0.03958333	2.76898265e-07	
0.04116667	3.16913040e-07	
0.04275000	3.94693250e-07	
0.04433333	3.17691363e-07	
0.04591667	3.42104875e-07	
0.04750000	4.83536953e-07	
0.04908333	3.76113240e-07	
0.05066667	2.64281150e-07	
0.05225000	1.40307478e-07	
0.05383333	2.13291451e-07	
0.05541667	2.41855196e-07	
0.05700000	1.23126579e-07	
0.05858333	1.45925328e-07	
0.06016667	3.05677816e-07	
0.06175000	4.65993969e-07	
0.06333333	4.72560628e-07	
0.06491667	3.50575031e-07	
0.06650000	4.47800797e-07	
0.06808333	3.75680173e-07	
0.06966667	1.92489135e-07	
0.07125000	4.58067829e-09	
0.07283333	-2.96432151e-08	
0.07441667	7.42375051e-08	
0.07600000	-4.15005922e-08	
0.07758333	4.65387007e-08	
0.07916667	2.13292515e-07	
0.08075000	3.65612601e-07	
0.08233333	5.69440775e-07	
0.08391667	4.22046054e-07	
0.08550000	5.12920239e-07	
0.08708333	6.31061572e-07	
0.08866667	5.28433439e-07	
0.09025000	2.27378785e-07	
0.09183333	9.26025841e-08	
0.09341667	2.19643200e-07	
0.09500000	1.74487561e-07	
0.09658333	1.81315486e-07	
0.09816667	2.18217600e-07	
0.09975000	2.45354765e-07	
0.10133333	4.27922873e-07	
0.10291667	3.95428535e-07	
0.10450000	5.04451035e-07	
0.10608333	4.95895755e-07	
0.10766667	4.37775255e-07	
0.10925000	3.13629109e-07	
0.11083333	5.57255699e-08	
0.11241667	8.42625884e-09	
0.11400000	1.72932148e-07	
0.11558333	7.84288102e-08	
0.11716667	1.22678391e-07	
0.11875000	1.60271085e-07	
0.12033333	3.77019837e-07	
0.12191667	4.13188864e-07	
0.12350000	3.28753063e-07	
0.12508333	5.28606543e-07	
0.12666667	5.09205144e-07	
0.12825000	4.73424635e-07	
0.12983333	3.57186827e-07	
0.13141667	1.25356291e-07	
0.13300000	1.02497332e-07	
0.13458333	4.63651279e-08	
0.13616667	1.78891014e-08	
0.13775000	4.01953976e-08	
0.13933333	1.81359014e-07	
0.14091667	4.72085559e-07	
0.14250000	3.73908562e-07	
0.14408333	3.11597842e-07	
0.14566667	3.39858166e-07	
0.14725000	4.08953730e-07	
0.14883333	3.87650262e-07	
0.15041667	2.21890734e-07	
0.15200000	1.35856594e-07	
0.15358333	1.10889029e-07	
0.15516667	-1.24449904e-08	
0.15675000	-6.72466064e-08	
0.15833333	-3.97541328e-08	
0.15991667	2.82818290e-07	
0.16150000	3.98755140e-07	
0.16308333	2.98850102e-07	
0.16466667	4.24510080e-07	
0.16625000	3.23912878e-07	
0.16783333	4.27793731e-07	
0.16941667	3.31215522e-07	
0.17100000	4.23333769e-10	
0.17258333	1.61524352e-07	
0.17416667	8.17125595e-08	
0.17575000	1.38198815e-07	
0.17733333	7.90780070e-09	
0.17891667	1.50591919e-07	
0.18050000	4.75283694e-07	
0.18208333	4.62881014e-07	
0.18366667	4.03639148e-07	
0.18525000	3.31172820e-07	
0.18683333	4.33497363e-07	
0.18841667	4.56054279e-07	
0.19000000	1.66709526e-07	
0.19158333	7.85150260e-08	
0.19316667	5.45328704e-08	
0.19475000	5.94149420e-08	
0.19633333	4.26929312e-08	
0.19791667	1.06602526e-07	
0.19950000	4.00051627e-07	
0.20108333	5.01382713e-07	
0.20266667	3.92360354e-07	
0.20425000	4.50091608e-07	
0.20583333	3.91755414e-07	
0.20741667	4.25071057e-07	
0.20900000	2.87252485e-07	
0.21058333	-1.07169209e-08	
0.21216667	8.06756870e-08	
0.21375000	7.23791317e-08	
0.21533333	7.19909573e-08	
0.21691667	8.08920037e-08	
0.21850000	1.05349288e-07	
0.22008333	3.03992364e-07	
0.22166667	3.97805058e-07	
0.22325000	4.55535528e-07	
0.22483333	4.13059246e-07	
0.22641667	4.79344941e-07	
0.22800000	5.52632797e-07	
0.22958333	2.76380409e-07	
0.23116667	8.51266617e-08	
0.23275000	2.75172792e-08	
0.23433333	1.03490719e-07	
0.23591667	1.82006809e-07	
0.23750000	4.99950883e-08	
0.23908333	2.74177523e-07	
0.24066667	4.13014976e-07	
0.24225000	5.24112285e-07	
0.24383333	5.06610772e-07	
0.24541667	3.80174431e-07	
0.24700000	4.37819497e-07	
0.24858333	2.63892577e-07	
0.25016667	7.57148934e-08	
0.25175000	5.65200216e-08	
0.25333333	8.74598734e-08	
0.25491667	1.00422943e-07	
0.25650000	-8.16870714e-08	
0.25808333	3.35314906e-08	
0.25966667	2.46175622e-07	
0.26125000	4.52467431e-07	
0.26283333	4.76967634e-07	
0.26441667	4.50090152e-07	
0.26600000	5.37680014e-07	
0.26758333	5.31371723e-07	
0.26916667	1.75568312e-07	
0.27075000	1.13170998e-07	
0.27233333	-6.00901923e-08	
0.27391667	8.99228849e-08	
0.27550000	9.72431414e-08	
0.27708333	3.50791935e-08	
0.27866667	1.89654694e-07	
0.28025000	2.74608574e-07	
0.28183333	4.77184588e-07	
0.28341667	3.68680699e-07	
0.28500000	3.59346032e-07	
0.28658333	4.39590437e-07	
0.28816667	2.59873333e-07	
0.28975000	2.16368439e-07	
0.29133333	1.32313287e-07	
0.29291667	4.68414293e-08	
0.29450000	2.70069738e-08	
0.29608333	-9.07789253e-08	
0.29766667	6.95874764e-08	
0.29925000	2.77287258e-07	
0.30083333	3.53513734e-07	
0.30241667	5.31587669e-07	
0.30400000	3.92749627e-07	
0.30558333	4.45899736e-07	
0.30716667	3.86613824e-07	
0.30875000	3.05980174e-07	
0.31033333	9.70697436e-08	
0.31191667	-1.20213846e-07	
0.31350000	3.87263432e-08	
0.31508333	8.04554938e-09	
0.31666667	-6.00648022e-08	
0.31825000	8.98019545e-08	
0.31983333	1.75783768e-07	
0.32141667	3.43877102e-07	
0.32300000	2.18736295e-07	
0.32458333	3.66562740e-07	
0.32616667	4.92870443e-07	
0.32775000	4.20318320e-07	
0.32933333	3.43055881e-07	
0.33091667	1.35942936e-07	
0.33250000	5.43596827e-08	
0.33408333	2.22190407e-08	
0.33566667	-9.04595430e-08	
0.33725000	6.42472168e-08	
0.33883333	2.19946957e-07	
0.34041667	3.76457992e-07	
0.34200000	4.99913151e-07	
0.34358333	4.21786678e-07	
0.34516667	4.27922901e-07	
0.34675000	3.99144414e-07	
0.34833333	3.17475025e-07	
0.34991667	1.15288292e-07	
0.35150000	5.39706892e-08	
0.35308333	1.49986756e-07	
0.35466667	8.07624349e-08	
0.35625000	-1.27997576e-08	
0.35783333	-1.84083042e-08	
0.35941667	8.72442427e-08	
0.36100000	3.05894462e-07	
0.36258333	4.08348399e-07	
0.36416667	4.97623825e-07	
0.36575000	5.53149980e-07	
0.36733333	4.42399523e-07	
0.36891667	3.38734783e-07	
0.37050000	-2.22050773e-09	
0.37208333	-6.22282554e-09	
0.37366667	7.04361893e-09	
0.37525000	-8.28453013e-08	
0.37683333	-6.45231972e-08	
0.37841667	4.49340275e-09	
0.38000000	3.33592689e-07	
0.38158333	5.00389565e-07	
0.38316667	4.11848528e-07	
0.38475000	4.30127552e-07	
0.38633333	4.13360736e-07	
0.38791667	5.26187514e-07	
0.38950000	2.04476445e-07	
0.39108333	-1.14501758e-07	
0.39266667	-2.06120119e-08	
0.39425000	-8.97073382e-08	
0.39583333	-1.00768708e-08	
0.39741667	-1.89531912e-08	
0.39900000	1.06516163e-07	
0.40058333	3.31432224e-07	
0.40216667	2.79577677e-07	
0.40375000	2.21241847e-07	
0.40533333	2.49822702e-07	
0.40691667	3.09091169e-07	
0.40850000	2.20854310e-07	
0.41008333	3.47416594e-08	
0.41166667	9.70526628e-08	
0.41325000	1.66796134e-07	
0.41483333	2.28155750e-07	
0.41641667	1.39676819e-07	
0.41800000	5.35823433e-08	
0.41958333	3.08659390e-07	
0.42116667	3.95687211e-07	
0.42275000	3.76285252e-07	
0.42433333	3.99878747e-07	
0.42591667	2.79233009e-07	
0.42750000	3.37439473e-07	
0.42908333	1.34042225e-07	
0.43066667	4.74802535e-08	
0.43225000	6.52923147e-08	
0.43383333	1.30845433e-07	
0.43541667	1.87537673e-07	
0.43700000	2.41379178e-08	
0.43858333	1.67098688e-07	
0.44016667	4.19410211e-07	
0.44175000	4.85611510e-07	
0.44333333	5.34786532e-07	
0.44491667	5.12791601e-07	
0.44650000	6.76562158e-07	
0.44808333	6.68092562e-07	
0.44966667	5.04450531e-07	
0.45125000	5.57817230e-07	
0.45283333	5.51378957e-07	
0.45441667	6.78594265e-07	
0.45600000	6.89395974e-07	
0.45758333	8.30871202e-07	
0.45916667	1.15918896e-06	
0.46075000	1.37890373e-06	
0.46233333	1.63585894e-06	
0.46391667	1.68368240e-06	
0.46550000	1.69628106e-06	
0.46708333	1.82679111e-06	
0.46866667	1.74687115e-06	
0.47025000	1.70364651e-06	
0.47183333	1.94601228e-06	
0.47341667	2.14893156e-06	
0.47500000	2.59143116e-06	
0.47658333	2.89292136e-06	
0.47816667	3.45709336e-06	
0.47975000	4.35347227e-06	
0.48133333	5.20603347e-06	
0.48291667	6.30347977e-06	
0.48450000	7.40680947e-06	
0.48608333	8.96790192e-06	
0.48766667	1.04780218e-05	
0.48925000	1.22521473e-05	
0.49083333	1.45630413e-05	
0.49241667	1.76401948e-05	
0.49400000	2.18703415e-05	
0.49558333	2.96256286e-05	
0.49716667	4.68788093e-05	
0.49875000	8.28618772e-05	
0.50033333	1.67082882e-04	
0.50191667	3.38214118e-04	
0.50350000	4.09357904e-04	
0.50508333	3.15399701e-04	
0.50666667	3.11311464e-04	
0.50825000	3.59058851e-04	
0.50983333	3.64936101e-04	
0.51141667	3.94686414e-04	
0.51300000	6.16124070e-04	
0.51458333	8.95318442e-04	
0.51616667	9.08147673e-04	
0.51775000	1.52398966e-03	
0.51933333	1.72044583e-03	
0.52091667	2.83736966e-03	
0.52250000	3.24277300e-03	
0.52408333	4.56923640e-03	
0.52566667	5.94867381e-03	
0.52725000	8.60403119e-03	
0.52883333	1.38664399e-02	
0.53041667	2.47252659e-02	
0.53200000	2.85436943e-02	
0.53358333	3.16301383e-02	
0.53516667	4.05997443e-02	
0.53675000	5.22238194e-02	
0.53833333	6.49163135e-02	
0.53991667	4.85020617e-02	
0.54150000	5.01545972e-02	
0.54308333	5.32680482e-02	
0.54466667	5.54521177e-02	
0.54625000	6.12602997e-02	
0.54783333	7.67090298e-02	
0.54941667	8.96230890e-02	
0.55100000	1.06784619e-01	
0.55258333	1.24139780e-01	
0.55416667	1.22455879e-01	
0.55575000	1.28517954e-01	
0.55733333	1.83746759e-01	
0.55891667	2.66704396e-01	
0.56050000	3.63601336e-01	
0.56208333	4.05063631e-01	
0.56366667	5.03692250e-01	
0.56525000	5.46237337e-01	
0.56683333	2.26486134e+00	
0.56841667	3.63731466e+00	
0.57000000	3.83876541e+00	
0.57158333	6.62733769e+00	
0.57316667	7.55721655e+00	
0.57475000	8.43211293e+00	
0.57633333	9.40393355e+00	
0.57791667	9.78075130e+00	
0.57950000	1.03839876e+01	
0.58108333	1.07043092e+01	
0.58266667	1.15345034e+01	
0.58425000	1.22004116e+01	
0.58583333	1.28956070e+01	
0.58741667	1.36586363e+01	
0.58900000	1.50068218e+01	
0.59058333	1.54135543e+01	
0.59216667	1.64791916e+01	
0.59375000	1.70910616e+01	
0.59533333	1.76222867e+01	
0.59691667	1.81327681e+01	
0.59850000	1.85036543e+01	
0.60008333	1.86251628e+01	
0.60166667	1.87037951e+01	
0.60325000	1.87700439e+01	
0.60483333	1.91224752e+01	
0.60641667	1.96943065e+01	
0.60800000	2.04223144e+01	
0.60958333	2.23084899e+01	
0.61116667	2.27059358e+01	
0.61275000	2.35337407e+01	
0.61433333	2.35012693e+01	
0.61591667	2.37560176e+01	
0.61750000	2.44148058e+01	
0.61908333	2.49610677e+01	
0.62066667	2.58894926e+01	
0.62225000	2.62572351e+01	
0.62383333	2.69489437e+01	
0.62541667	2.70912335e+01	
0.62700000	2.74431838e+01	
0.62858333	2.80526973e+01	
0.63016667	2.89857693e+01	
0.63175000	2.96949051e+01	
0.63333333	2.98064785e+01	
0.63491667	2.98163534e+01	
0.63650000	3.00448277e+01	
0.63808333	3.14267286e+01	
0.63966667	3.20407389e+01	
