start voltage : 0.00 V 
set voltage : 0.10 V 
High G : 30.00 G0 
Intermediate G : 20.00 G0 
Low G : 10.00 G0 
Breaking speed 1 : 300.00 V/s 
Breaking speed 2 : 300.00 V/s 
Making speed : 500.00 V/s 
Post breaking : 230.00 V/s 
@ 
0.00000000	4.14319667e+01	
0.00158333	4.19153097e+01	
0.00316667	4.19502014e+01	
0.00475000	4.19131411e+01	
0.00633333	4.16622619e+01	
0.00791667	4.19513176e+01	
0.00950000	4.18885884e+01	
0.01108333	4.19959207e+01	
0.01266667	4.19089657e+01	
0.01425000	4.18672339e+01	
0.01583333	4.20059816e+01	
0.01741667	4.18935606e+01	
0.01900000	4.18642987e+01	
0.02058333	4.17614500e+01	
0.02216667	4.15886450e+01	
0.02375000	4.16894981e+01	
0.02533333	4.16791891e+01	
0.02691667	4.16249762e+01	
0.02850000	4.17293808e+01	
0.03008333	4.16112134e+01	
0.03166667	4.16358676e+01	
0.03325000	4.15040014e+01	
0.03483333	4.17262689e+01	
0.03641667	4.15374650e+01	
0.03800000	4.15778362e+01	
0.03958333	4.16723792e+01	
0.04116667	4.14978529e+01	
0.04275000	4.16516035e+01	
0.04433333	4.15682639e+01	
0.04591667	4.16124348e+01	
0.04750000	4.16145658e+01	
0.04908333	4.14674071e+01	
0.05066667	4.16953797e+01	
0.05225000	4.14767577e+01	
0.05383333	4.14307227e+01	
0.05541667	4.15263255e+01	
0.05700000	4.15718155e+01	
0.05858333	4.15524642e+01	
0.06016667	4.14169449e+01	
0.06175000	4.15034489e+01	
0.06333333	4.14569404e+01	
0.06491667	4.13374088e+01	
0.06650000	4.14417946e+01	
0.06808333	4.13042834e+01	
0.06966667	4.12981236e+01	
0.07125000	4.12304786e+01	
0.07283333	4.11182906e+01	
0.07441667	4.13631191e+01	
0.07600000	4.11550577e+01	
0.07758333	4.12565647e+01	
0.07916667	4.12317263e+01	
0.08075000	4.11696248e+01	
0.08233333	4.13439857e+01	
0.08391667	4.11742625e+01	
0.08550000	4.12518030e+01	
0.08708333	4.12314858e+01	
0.08866667	4.11967068e+01	
0.09025000	4.12718533e+01	
0.09183333	4.11716317e+01	
0.09341667	4.10967671e+01	
0.09500000	4.11809747e+01	
0.09658333	4.10527127e+01	
0.09816667	4.11250668e+01	
0.09975000	4.09724549e+01	
0.10133333	4.10621158e+01	
0.10291667	4.09364695e+01	
0.10450000	4.09463162e+01	
0.10608333	4.10571437e+01	
0.10766667	4.09085306e+01	
0.10925000	4.09043552e+01	
0.11083333	4.09558396e+01	
0.11241667	4.07193771e+01	
0.11400000	4.07665208e+01	
0.11558333	4.06536789e+01	
0.11716667	4.09078391e+01	
0.11875000	4.07835345e+01	
0.12033333	4.07029723e+01	
0.12191667	4.08564035e+01	
0.12350000	4.06730377e+01	
0.12508333	4.08401114e+01	
0.12666667	4.05736166e+01	
0.12825000	4.05509242e+01	
0.12983333	4.06009429e+01	
0.13141667	4.04872140e+01	
0.13300000	4.04726207e+01	
0.13458333	3.98334263e+01	
0.13616667	3.94180515e+01	
0.13775000	3.96057393e+01	
0.13933333	3.95003425e+01	
0.14091667	3.95800816e+01	
0.14250000	3.95267631e+01	
0.14408333	3.95914165e+01	
0.14566667	3.94109146e+01	
0.14725000	3.92906501e+01	
0.14883333	3.93455621e+01	
0.15041667	3.90142673e+01	
0.15200000	3.88298117e+01	
0.15358333	3.89965884e+01	
0.15516667	3.90183563e+01	
0.15675000	3.90371401e+01	
0.15833333	3.88125875e+01	
0.15991667	3.88690479e+01	
0.16150000	3.88588142e+01	
0.16308333	3.86426087e+01	
0.16466667	3.86792105e+01	
0.16625000	3.77409859e+01	
0.16783333	3.78285197e+01	
0.16941667	3.76085334e+01	
0.17100000	3.74815529e+01	
0.17258333	3.76376562e+01	
0.17416667	3.74753367e+01	
0.17575000	3.75809176e+01	
0.17733333	3.74969956e+01	
0.17891667	3.75534560e+01	
0.18050000	3.77336836e+01	
0.18208333	3.75887423e+01	
0.18366667	3.75940866e+01	
0.18525000	3.74956727e+01	
0.18683333	3.75654261e+01	
0.18841667	3.75634116e+01	
0.19000000	3.73505473e+01	
0.19158333	3.72985968e+01	
0.19316667	3.74028510e+01	
0.19475000	3.73920799e+01	
0.19633333	3.73348152e+01	
0.19791667	3.71690156e+01	
0.19950000	3.72656593e+01	
0.20108333	3.71803430e+01	
0.20266667	3.68687377e+01	
0.20425000	3.69736647e+01	
0.20583333	3.64639613e+01	
0.20741667	3.66360372e+01	
0.20900000	3.65808245e+01	
0.21058333	3.64893333e+01	
0.21216667	3.67169752e+01	
0.21375000	3.60103086e+01	
0.21533333	3.54708736e+01	
0.21691667	3.55273340e+01	
0.21850000	3.54484818e+01	
0.22008333	3.55444604e+01	
0.22166667	3.55309119e+01	
0.22325000	3.54822949e+01	
0.22483333	3.54110683e+01	
0.22641667	3.52449755e+01	
0.22800000	3.53527363e+01	
0.22958333	3.51674012e+01	
0.23116667	3.52706933e+01	
0.23275000	3.39783914e+01	
0.23433333	3.39650307e+01	
0.23591667	3.37836644e+01	
0.23750000	3.36284105e+01	
0.23908333	3.36404820e+01	
0.24066667	3.34589503e+01	
0.24225000	3.33962850e+01	
0.24383333	3.33684325e+01	
0.24541667	3.32648660e+01	
0.24700000	3.33364008e+01	
0.24858333	3.31703118e+01	
0.25016667	3.30710184e+01	
0.25175000	3.29546813e+01	
0.25333333	3.26463871e+01	
0.25491667	3.18833841e+01	
0.25650000	3.18445725e+01	
0.25808333	3.19428136e+01	
0.25966667	3.17489284e+01	
0.26125000	3.15667766e+01	
0.26283333	3.18767170e+01	
0.26441667	3.16381460e+01	
0.26600000	3.15519390e+01	
0.26758333	3.15210291e+01	
0.26916667	3.14814076e+01	
0.27075000	3.14513490e+01	
0.27233333	3.06446900e+01	
0.27391667	3.03983414e+01	
0.27550000	2.99159474e+01	
0.27708333	2.97436554e+01	
0.27866667	3.02293510e+01	
0.28025000	3.01446209e+01	
0.28183333	3.01610464e+01	
0.28341667	2.99835830e+01	
0.28500000	2.99417723e+01	
0.28658333	2.99104791e+01	
0.28816667	2.97947340e+01	
0.28975000	2.98451943e+01	
0.29133333	2.96430523e+01	
0.29291667	2.96027129e+01	
0.29450000	2.97472577e+01	
0.29608333	2.97032352e+01	
0.29766667	2.94863608e+01	
0.29925000	2.92935468e+01	
0.30083333	2.92661340e+01	
0.30241667	2.93540022e+01	
0.30400000	2.92215816e+01	
0.30558333	2.87871863e+01	
0.30716667	2.89365078e+01	
0.30875000	2.89233708e+01	
0.31033333	2.82088194e+01	
0.31191667	2.74221281e+01	
0.31350000	2.75318939e+01	
0.31508333	2.75150550e+01	
0.31666667	2.75258994e+01	
0.31825000	2.65585502e+01	
0.31983333	2.61308146e+01	
0.32141667	2.50256704e+01	
0.32300000	2.51093557e+01	
0.32458333	2.50276548e+01	
0.32616667	2.47924983e+01	
0.32775000	2.48161133e+01	
0.32933333	2.48280815e+01	
0.33091667	2.48368946e+01	
0.33250000	2.46298932e+01	
0.33408333	2.46505862e+01	
0.33566667	2.46124623e+01	
0.33725000	2.48271927e+01	
0.33883333	2.44906476e+01	
0.34041667	2.47116054e+01	
0.34200000	2.46050360e+01	
0.34358333	2.46319339e+01	
0.34516667	2.48911884e+01	
0.34675000	2.47555639e+01	
0.34833333	2.42490024e+01	
0.34991667	2.42974784e+01	
0.35150000	2.41985552e+01	
0.35308333	2.39840898e+01	
0.35466667	2.36377074e+01	
0.35625000	2.31098967e+01	
0.35783333	2.30244356e+01	
0.35941667	2.29779440e+01	
0.36100000	2.29861859e+01	
0.36258333	2.28019520e+01	
0.36416667	2.30235675e+01	
0.36575000	2.29713821e+01	
0.36733333	2.27983121e+01	
0.36891667	2.27351451e+01	
0.37050000	2.19214995e+01	
0.37208333	2.16053523e+01	
0.37366667	2.15821357e+01	
0.37525000	2.12524888e+01	
0.37683333	2.13061099e+01	
0.37841667	2.09447452e+01	
0.38000000	2.07861332e+01	
0.38158333	2.07176558e+01	
0.38316667	2.07318977e+01	
0.38475000	2.08620652e+01	
0.38633333	2.07067117e+01	
0.38791667	2.07790997e+01	
0.38950000	2.07200009e+01	
0.39108333	2.05237500e+01	
0.39266667	2.06310221e+01	
0.39425000	2.04792859e+01	
0.39583333	2.04529292e+01	
0.39741667	2.04006912e+01	
0.39900000	2.03473163e+01	
0.40058333	2.04287053e+01	
0.40216667	2.04818848e+01	
0.40375000	2.05191499e+01	
0.40533333	2.05328976e+01	
0.40691667	2.04432987e+01	
0.40850000	2.02849742e+01	
0.41008333	2.00984140e+01	
0.41166667	2.01375601e+01	
0.41325000	1.99223487e+01	
0.41483333	1.98616940e+01	
0.41641667	1.86606371e+01	
0.41800000	1.73015695e+01	
0.41958333	1.73735722e+01	
0.42116667	1.72519999e+01	
0.42275000	1.71174671e+01	
0.42433333	1.71142707e+01	
0.42591667	1.72549426e+01	
0.42750000	1.71580414e+01	
0.42908333	1.72342966e+01	
0.43066667	1.72887764e+01	
0.43225000	1.72408547e+01	
0.43383333	1.70987867e+01	
0.43541667	1.73412061e+01	
0.43700000	1.72756863e+01	
0.43858333	1.72994593e+01	
0.44016667	1.72905202e+01	
0.44175000	1.71408041e+01	
0.44333333	1.71017313e+01	
0.44491667	1.70233997e+01	
0.44650000	1.69248843e+01	
0.44808333	1.67818541e+01	
0.44966667	1.66819105e+01	
0.45125000	1.57727768e+01	
0.45283333	1.40051361e+01	
0.45441667	1.38951551e+01	
0.45600000	1.38819505e+01	
0.45758333	1.38354964e+01	
0.45916667	1.35980277e+01	
0.46075000	1.34471136e+01	
0.46233333	1.34073126e+01	
0.46391667	1.34654004e+01	
0.46550000	1.33290233e+01	
0.46708333	1.33180604e+01	
0.46866667	1.32137047e+01	
0.47025000	1.32685067e+01	
0.47183333	1.31771959e+01	
0.47341667	1.30863953e+01	
0.47500000	1.32636839e+01	
0.47658333	1.31698748e+01	
0.47816667	1.30418533e+01	
0.47975000	1.31075102e+01	
0.48133333	1.31032568e+01	
0.48291667	1.29386823e+01	
0.48450000	1.28289927e+01	
0.48608333	1.26048526e+01	
0.48766667	1.15317176e+01	
0.48925000	1.05159675e+01	
0.49083333	1.01044685e+01	
0.49241667	1.00761603e+01	
0.49400000	1.00707597e+01	
0.49558333	1.00381436e+01	
0.49716667	9.97874703e+00	
0.49875000	9.97221611e+00	
0.50033333	9.88191064e+00	
0.50191667	9.88875914e+00	
0.50350000	9.82349780e+00	
0.50508333	9.82163746e+00	
0.50666667	9.80981020e+00	
0.50825000	9.72762070e+00	
0.50983333	9.54560699e+00	
0.51141667	9.37133248e+00	
0.51300000	9.40964987e+00	
0.51458333	9.37132684e+00	
0.51616667	9.19139051e+00	
0.51775000	9.31317239e+00	
0.51933333	9.29042831e+00	
0.52091667	9.25260795e+00	
0.52250000	9.27195268e+00	
0.52408333	9.30960204e+00	
0.52566667	9.10882049e+00	
0.52725000	7.34901195e+00	
0.52883333	7.60443445e+00	
0.53041667	7.60648458e+00	
0.53200000	7.59059699e+00	
0.53358333	7.71417767e+00	
0.53516667	7.71505428e+00	
0.53675000	7.68866328e+00	
0.53833333	7.74453975e+00	
0.53991667	7.69155855e+00	
0.54150000	7.59360078e+00	
0.54308333	7.53044032e+00	
0.54466667	7.57790768e+00	
0.54625000	7.53936761e+00	
0.54783333	7.24827119e+00	
0.54941667	7.20970434e+00	
0.55100000	7.07373032e+00	
0.55258333	6.96308652e+00	
0.55416667	6.77728072e+00	
0.55575000	6.84659581e+00	
0.55733333	6.85932881e+00	
0.55891667	6.79851727e+00	
0.56050000	6.77954320e+00	
0.56208333	6.44248132e+00	
0.56366667	5.57345535e+00	
0.56525000	5.58092584e+00	
0.56683333	5.54739460e+00	
0.56841667	5.51760471e+00	
0.57000000	5.17656612e+00	
0.57158333	4.92316933e+00	
0.57316667	4.85008000e+00	
0.57475000	4.59560929e+00	
0.57633333	4.61041591e+00	
0.57791667	4.55087137e+00	
0.57950000	4.53442614e+00	
0.58108333	4.54320874e+00	
0.58266667	4.59141600e+00	
0.58425000	4.64376112e+00	
0.58583333	4.57629321e+00	
0.58741667	4.10533328e+00	
0.58900000	3.63900024e+00	
0.59058333	3.60689432e+00	
0.59216667	3.61491681e+00	
0.59375000	3.55431149e+00	
0.59533333	3.55011445e+00	
0.59691667	3.47487281e+00	
0.59850000	3.44485766e+00	
0.60008333	3.40579919e+00	
0.60166667	3.38082528e+00	
0.60325000	3.31431104e+00	
0.60483333	3.22819486e+00	
0.60641667	3.18351120e+00	
0.60800000	3.20075905e+00	
0.60958333	3.12971164e+00	
0.61116667	3.12816699e+00	
0.61275000	3.09937116e+00	
0.61433333	2.66366892e+00	
0.61591667	2.52457624e+00	
0.61750000	2.48424724e+00	
0.61908333	2.55437811e+00	
0.62066667	2.49526412e+00	
0.62225000	2.51941520e+00	
0.62383333	2.47660105e+00	
0.62541667	2.44239990e+00	
0.62700000	2.24346177e+00	
0.62858333	2.23743493e+00	
0.63016667	2.27371604e+00	
0.63175000	1.79510322e+00	
0.63333333	1.58685259e+00	
0.63491667	1.52479917e+00	
0.63650000	1.68061684e+00	
0.63808333	1.61910332e+00	
0.63966667	1.75171112e+00	
0.64125000	1.77178483e+00	
0.64283333	1.77728153e+00	
0.64441667	1.77554463e+00	
0.64600000	1.73166348e+00	
0.64758333	1.74175806e+00	
0.64916667	1.78348807e+00	
0.65075000	1.75625956e+00	
0.65233333	1.87342394e+00	
0.65391667	1.73677930e+00	
0.65550000	1.45194250e+00	
0.65708333	1.63638171e+00	
0.65866667	1.82294304e+00	
0.66025000	1.66080656e+00	
0.66183333	1.63683552e+00	
0.66341667	1.64009488e+00	
0.66500000	1.41891440e+00	
0.66658333	1.32813010e+00	
0.66816667	1.24645056e+00	
0.66975000	1.22256760e+00	
0.67133333	5.21276526e-01	
0.67291667	4.95729896e-01	
0.67450000	5.20345768e-01	
0.67608333	5.00801204e-01	
0.67766667	4.72206651e-01	
0.67925000	4.64338840e-01	
0.68083333	4.36945346e-01	
0.68241667	3.98737297e-01	
0.68400000	3.93497805e-01	
0.68558333	3.41154276e-01	
0.68716667	2.62541208e-01	
0.68875000	2.15695609e-01	
0.69033333	1.36652498e-01	
0.69191667	1.21979989e-01	
0.69350000	8.35847903e-02	
0.69508333	3.54115989e-02	
0.69666667	5.94014927e-02	
0.69825000	4.75077730e-02	
0.69983333	4.47039789e-02	
0.70141667	4.19763446e-02	
0.70300000	3.58368333e-02	
0.70458333	3.39850400e-02	
0.70616667	3.12697266e-02	
0.70775000	2.97410082e-02	
0.70933333	2.93909023e-02	
0.71091667	2.41706594e-02	
0.71250000	2.45990043e-02	
0.71408333	2.57427776e-02	
0.71566667	2.40273315e-02	
0.71725000	2.35070265e-02	
0.71883333	2.41465151e-02	
0.72041667	2.07267619e-02	
0.72200000	2.41490420e-02	
0.72358333	2.15992207e-02	
0.72516667	1.87502796e-02	
0.72675000	1.70740861e-02	
0.72833333	1.52349833e-02	
0.72991667	1.37639731e-02	
0.73150000	1.19573955e-02	
0.73308333	1.16057793e-02	
0.73466667	1.11407298e-02	
0.73625000	7.88633343e-04	
0.73783333	1.43637017e-03	
0.73941667	2.07839006e-03	
0.74100000	3.66485961e-03	
0.74258333	2.77082883e-03	
0.74416667	2.27940792e-03	
0.74575000	1.39983994e-03	
0.74733333	6.78080103e-04	
0.74891667	4.02938270e-04	
0.75050000	4.45238307e-04	
0.75208333	6.46015570e-04	
0.75366667	5.92879267e-04	
0.75525000	4.84122982e-04	
0.75683333	1.05373697e-03	
0.75841667	4.87011816e-04	
0.76000000	6.04765664e-04	
0.76158333	1.67995398e-03	
0.76316667	7.68447923e-04	
0.76475000	4.84507720e-04	
0.76633333	1.33527378e-03	
0.76791667	6.05768655e-04	
0.76950000	4.28512313e-03	
0.77108333	3.68918144e-03	
0.77266667	5.89331281e-03	
0.77425000	1.16758550e-02	
0.77583333	1.80208643e-02	
0.77741667	1.20771140e-02	
0.77900000	1.23335715e-02	
0.78058333	1.94437695e-02	
0.78216667	1.64415139e-02	
0.78375000	1.35461066e-02	
0.78533333	1.19616253e-02	
0.78691667	1.08444554e-02	
0.78850000	7.86698183e-03	
0.79008333	8.58884306e-03	
0.79166667	1.49165126e-02	
0.79325000	5.46098617e-03	
0.79483333	5.46786042e-03	
0.79641667	6.32920044e-03	
0.79800000	4.98069577e-03	
0.79958333	3.08141890e-04	
0.80116667	1.02791195e-04	
0.80275000	3.57877552e-03	
0.80433333	9.49651510e-05	
0.80591667	-2.60787860e-05	
0.80750000	-3.64175327e-05	
0.80908333	2.64309245e-05	
0.81066667	7.77334577e-04	
0.81225000	8.46822739e-04	
0.81383333	1.31883699e-04	
0.81541667	9.07138632e-05	
0.81700000	3.18224048e-04	
0.81858333	9.00963409e-04	
0.82016667	2.37177556e-04	
0.82175000	8.39309607e-05	
0.82333333	7.13650864e-05	
0.82491667	9.36957416e-05	
0.82650000	1.29910060e-04	
0.82808333	1.68119780e-04	
0.82966667	1.95720098e-04	
0.83125000	1.59414341e-04	
0.83283333	1.16462862e-04	
0.83441667	8.33596526e-05	
0.83600000	6.42540611e-05	
0.83758333	5.41293946e-05	
0.83916667	5.09051659e-05	
0.84075000	4.88387897e-05	
0.84233333	4.56040953e-05	
0.84391667	4.08616018e-05	
0.84550000	3.56986146e-05	
0.84708333	3.09999733e-05	
0.84866667	2.63325769e-05	
0.85025000	2.33090165e-05	
0.85183333	2.17847105e-05	
0.85341667	2.01818075e-05	
0.85500000	1.85920063e-05	
0.85658333	1.61992923e-05	
0.85816667	1.43238944e-05	
0.85975000	1.21421190e-05	
0.86133333	9.91394654e-06	
0.86291667	8.16915286e-06	
0.86450000	6.46236114e-06	
0.86608333	5.19635579e-06	
0.86766667	4.11624294e-06	
0.86925000	3.07994310e-06	
0.87083333	2.53008556e-06	
0.87241667	1.94477395e-06	
0.87400000	1.40386136e-06	
0.87558333	7.21286493e-07	
0.87716667	4.37645469e-07	
0.87875000	4.99784402e-07	
0.88033333	2.47204332e-07	
0.88191667	3.53660209e-07	
0.88350000	2.68991158e-07	
0.88508333	1.29721197e-07	
0.88666667	4.37905461e-07	
0.88825000	3.61766489e-07	
0.88983333	4.22823648e-07	
0.89141667	5.72516657e-07	
0.89300000	4.79001197e-07	
0.89458333	4.11666240e-07	
0.89616667	1.64256322e-07	
0.89775000	2.49286618e-07	
0.89933333	2.45700497e-07	
0.90091667	1.33384531e-07	
0.90250000	1.91039062e-07	
0.90408333	1.51879375e-07	
0.90566667	4.01779612e-07	
0.90725000	4.47023986e-07	
0.90883333	4.51863163e-07	
0.91041667	4.36868183e-07	
0.91200000	4.65906298e-07	
0.91358333	4.18676046e-07	
0.91516667	1.54351620e-07	
0.91675000	-4.92784802e-08	
0.91833333	1.78203860e-07	
0.91991667	1.31319284e-07	
0.92150000	1.75525064e-07	
0.92308333	1.71886217e-07	
0.92466667	3.18122722e-07	
0.92625000	4.12437534e-07	
0.92783333	3.40895024e-07	
0.92941667	5.24544177e-07	
0.93100000	4.62475360e-07	
0.93258333	4.86387089e-07	
0.93416667	4.38813514e-07	
0.93575000	2.47567901e-07	
0.93733333	1.83651333e-08	
0.93891667	8.67682564e-08	
0.94050000	4.26406773e-08	
0.94208333	1.04571903e-07	
0.94366667	1.24008814e-07	
0.94525000	4.60635257e-07	
0.94683333	4.61152832e-07	
0.94841667	5.21043964e-07	
0.95000000	6.41516513e-07	
0.95158333	5.47506103e-07	
0.95316667	6.21814493e-07	
0.95475000	3.68291174e-07	
0.95633333	1.51758340e-07	
0.95791667	2.27335285e-07	
0.95950000	6.24836417e-08	
0.96108333	6.82740565e-08	
0.96266667	1.10172624e-07	
0.96425000	3.89204052e-07	
0.96583333	4.48983822e-07	
0.96741667	4.44775401e-07	
0.96900000	4.80382219e-07	
0.97058333	4.06663087e-07	
0.97216667	6.85247812e-07	
0.97375000	5.29184545e-07	
0.97533333	2.94572182e-07	
0.97691667	1.97865208e-07	
0.97850000	1.64376140e-07	
0.98008333	1.97173899e-07	
0.98166667	3.56751723e-08	
0.98325000	1.16740220e-07	
0.98483333	4.55120886e-07	
0.98641667	3.12505922e-07	
0.98800000	3.70538638e-07	
0.98958333	3.51006754e-07	
0.99116667	3.28406576e-07	
0.99275000	6.73017703e-07	
0.99433333	3.48199824e-07	
0.99591667	2.11832683e-07	
0.99750000	2.55854956e-07	
0.99908333	2.68084281e-07	
1.00066667	3.12115781e-07	
1.00225000	2.73865701e-07	
1.00383333	3.93683413e-07	
1.00541667	4.42874844e-07	
1.00700000	4.41232598e-07	
1.00858333	3.87953348e-07	
1.01016667	3.20111092e-07	
1.01175000	3.56365046e-07	
1.01333333	3.62216945e-07	
1.01491667	1.02962727e-07	
1.01650000	-4.62381422e-09	
1.01808333	-5.57172781e-08	
1.01966667	1.00639582e-07	
1.02125000	1.13964995e-07	
1.02283333	5.76001526e-08	
1.02441667	2.97010643e-07	
1.02600000	4.42442813e-07	
1.02758333	6.66365220e-07	
1.02916667	5.43686676e-07	
1.03075000	3.97510597e-07	
1.03233333	4.11589936e-07	
1.03391667	3.30395841e-07	
1.03550000	1.03889037e-07	
1.03708333	7.09962197e-08	
1.03866667	1.73961082e-07	
1.04025000	2.83372519e-07	
1.04183333	9.88681033e-08	
1.04341667	1.42813674e-07	
1.04500000	3.70884286e-07	
1.04658333	3.43030988e-07	
1.04816667	4.99525726e-07	
1.04975000	4.76580041e-07	
1.05133333	3.76933257e-07	
1.05291667	5.43988081e-07	
1.05450000	3.53011784e-07	
1.05608333	1.98470120e-07	
1.05766667	6.05908548e-08	
1.05925000	1.49529580e-07	
1.06083333	-1.31405962e-07	
1.06241667	1.89519066e-08	
1.06400000	2.21459613e-07	
1.06558333	3.94392209e-07	
1.06716667	5.71679364e-07	
1.06875000	4.00354880e-07	
1.07033333	5.42881696e-07	
1.07191667	6.96699485e-07	
1.07350000	5.32798275e-07	
1.07508333	1.88186224e-07	
1.07666667	1.13214645e-08	
1.07825000	4.33239360e-08	
1.07983333	3.81119396e-08	
1.08141667	5.82918431e-08	
1.08300000	6.13161433e-08	
1.08458333	2.00484936e-07	
1.08616667	4.76753256e-07	
1.08775000	4.30516182e-07	
1.08933333	4.28182613e-07	
1.09091667	4.97277673e-07	
1.09250000	4.00915885e-07	
1.09408333	4.07052781e-07	
1.09566667	1.17967333e-07	
1.09725000	1.37610985e-07	
1.09883333	3.00232636e-07	
1.10041667	3.50384538e-07	
1.10200000	3.88946048e-07	
1.10358333	3.11857161e-07	
1.10516667	4.13386721e-07	
1.10675000	6.21164528e-07	
1.10833333	5.67712706e-07	
1.10991667	5.24155799e-07	
1.11150000	5.31598141e-07	
1.11308333	5.46668305e-07	
1.11466667	3.67419158e-07	
1.11625000	1.21545306e-07	
1.11783333	2.17742320e-07	
1.11941667	1.66753040e-07	
1.12100000	2.30076062e-07	
1.12258333	2.26056873e-07	
1.12416667	9.18068374e-08	
1.12575000	3.30525067e-07	
1.12733333	4.73365216e-07	
1.12891667	5.33574358e-07	
1.13050000	5.04321165e-07	
1.13208333	5.31458527e-07	
1.13366667	4.93535697e-07	
1.13525000	1.54826591e-07	
1.13683333	5.80328700e-08	
1.13841667	7.71062408e-08	
1.14000000	5.90267046e-08	
1.14158333	5.13004229e-08	
1.14316667	7.36324189e-08	
1.14475000	3.80199492e-07	
1.14633333	5.29427596e-07	
1.14791667	4.50695763e-07	
1.14950000	4.75714914e-07	
1.15108333	3.75637387e-07	
1.15266667	5.29817373e-07	
1.15425000	2.73010542e-07	
1.15583333	2.23325575e-07	
1.15741667	2.40688048e-07	
1.15900000	2.53651370e-07	
1.16058333	4.01072020e-07	
1.16216667	3.10413977e-07	
1.16375000	3.26169135e-07	
1.16533333	6.59778317e-07	
1.16691667	3.74782033e-07	
1.16850000	4.41491834e-07	
1.17008333	4.41665022e-07	
1.17166667	4.77962127e-07	
1.17325000	5.17155653e-07	
1.17483333	1.59779313e-07	
1.17641667	1.78160976e-07	
1.17800000	2.19686826e-07	
1.17958333	1.72171073e-07	
1.18116667	1.72223968e-07	
1.18275000	1.73994991e-07	
1.18433333	3.33480348e-07	
1.18591667	5.51336115e-07	
1.18750000	5.96319797e-07	
1.18908333	5.34741506e-07	
1.19066667	3.86699816e-07	
1.19225000	5.58854564e-07	
1.19383333	4.51604880e-07	
1.19541667	1.54065181e-07	
1.19700000	2.42718839e-07	
1.19858333	1.58673026e-07	
1.20016667	1.09057606e-07	
1.20175000	-1.56175384e-07	
1.20333333	-5.37540890e-08	
1.20491667	2.18998597e-07	
1.20650000	3.83803842e-07	
1.20808333	5.40705438e-07	
1.20966667	5.71602248e-07	
1.21125000	6.02412199e-07	
1.21283333	5.59530347e-07	
1.21441667	5.07777640e-07	
1.21600000	1.43116130e-07	
1.21758333	2.66744225e-07	
1.21916667	3.80218281e-07	
1.22075000	3.57965290e-07	
1.22233333	1.07682199e-07	
1.22391667	2.54860464e-07	
1.22550000	3.51006530e-07	
1.22708333	5.02030046e-07	
1.22866667	4.57089766e-07	
1.23025000	3.84280787e-07	
1.23183333	5.67714218e-07	
1.23341667	6.01502886e-07	
1.23500000	4.29963241e-07	
1.23658333	1.93907385e-07	
1.23816667	1.63304616e-07	
1.23975000	1.89188487e-07	
1.24133333	1.02540391e-07	
1.24291667	1.81713076e-07	
1.24450000	3.90976839e-07	
1.24608333	4.13749813e-07	
1.24766667	4.89111275e-07	
1.24925000	4.41794332e-07	
1.25083333	3.82248484e-07	
1.25241667	3.82810105e-07	
1.25400000	3.60581896e-07	
1.25558333	3.75335478e-07	
1.25716667	9.98621689e-08	
1.25875000	2.87831075e-07	
1.26033333	4.45812540e-07	
1.26191667	1.06801741e-07	
1.26350000	2.49597852e-07	
@ 
0.00000000	3.45786844e-07	
0.00158333	5.01901633e-07	
0.00316667	5.85948076e-07	
0.00475000	6.05652504e-07	
0.00633333	6.50504189e-07	
0.00791667	5.35910111e-07	
0.00950000	4.96845894e-07	
0.01108333	7.22063640e-08	
0.01266667	1.15029665e-07	
0.01425000	2.36928179e-07	
0.01583333	1.55942469e-07	
0.01741667	2.79397405e-07	
0.01900000	3.15486964e-07	
0.02058333	6.27408024e-07	
0.02216667	6.00855329e-07	
0.02375000	4.41923529e-07	
0.02533333	6.15460392e-07	
0.02691667	6.94021053e-07	
0.02850000	4.93674024e-07	
0.03008333	2.47118844e-07	
0.03166667	1.25658816e-07	
0.03325000	1.30758223e-07	
0.03483333	1.27905189e-07	
0.03641667	1.76570463e-07	
0.03800000	2.46391932e-07	
0.03958333	5.12833603e-07	
0.04116667	6.13619534e-07	
0.04275000	5.08255286e-07	
0.04433333	5.76527333e-07	
0.04591667	5.27290428e-07	
0.04750000	5.04926272e-07	
0.04908333	5.84779864e-07	
0.05066667	1.99799381e-07	
0.05225000	7.22922928e-08	
0.05383333	1.74746727e-07	
0.05541667	9.11759691e-08	
0.05700000	1.13059231e-07	
0.05858333	2.21770637e-07	
0.06016667	5.15989961e-07	
0.06175000	6.96181070e-07	
0.06333333	5.77866241e-07	
0.06491667	5.64515970e-07	
0.06650000	5.98480990e-07	
0.06808333	5.10258776e-07	
0.06966667	1.70685299e-07	
0.07125000	3.53815756e-08	
0.07283333	1.84557023e-07	
0.07441667	1.42165515e-07	
0.07600000	1.69414644e-07	
0.07758333	1.02989741e-07	
0.07916667	2.83164666e-07	
0.08075000	4.58492825e-07	
0.08233333	5.31803390e-07	
0.08391667	5.21563667e-07	
0.08550000	5.34577755e-07	
0.08708333	6.40868004e-07	
0.08866667	5.13464248e-07	
0.09025000	1.83414922e-07	
0.09183333	1.91599381e-07	
0.09341667	1.91427593e-07	
0.09500000	1.66839718e-07	
0.09658333	1.51905808e-07	
0.09816667	2.20127999e-07	
0.09975000	6.38622695e-07	
0.10133333	4.56900421e-07	
0.10291667	4.47844535e-07	
0.10450000	5.37377825e-07	
0.10608333	6.39616684e-07	
0.10766667	6.33972639e-07	
0.10925000	1.99808720e-07	
0.11083333	6.46083280e-08	
0.11241667	6.09280809e-08	
0.11400000	9.47102317e-08	
0.11558333	2.20811006e-07	
0.11716667	1.67936485e-07	
0.11875000	1.86111793e-07	
0.12033333	6.15591102e-07	
0.12191667	5.83225066e-07	
0.12350000	6.18488560e-07	
0.12508333	5.46193684e-07	
0.12666667	5.88800620e-07	
0.12825000	7.39352063e-07	
0.12983333	4.95721475e-07	
0.13141667	1.89724039e-07	
0.13300000	1.85981909e-07	
0.13458333	2.10129185e-07	
0.13616667	2.59052280e-07	
0.13775000	8.42193230e-08	
0.13933333	1.80218103e-07	
0.14091667	4.75630070e-07	
0.14250000	5.31501313e-07	
0.14408333	5.56606287e-07	
0.14566667	4.40377104e-07	
0.14725000	7.03526416e-07	
0.14883333	6.49078197e-07	
0.15041667	3.22782495e-07	
0.15200000	2.61645196e-07	
0.15358333	2.49935631e-07	
0.15516667	2.07977694e-07	
0.15675000	1.00768731e-07	
0.15833333	3.73174089e-07	
0.15991667	3.91496935e-07	
0.16150000	3.46512384e-07	
0.16308333	5.41656081e-07	
0.16466667	6.62432220e-07	
0.16625000	7.00346593e-07	
0.16783333	6.35269657e-07	
0.16941667	4.11676712e-07	
0.17100000	2.75517467e-07	
0.17258333	2.21890650e-07	
0.17416667	3.06480976e-07	
0.17575000	1.97087515e-07	
0.17733333	3.31327807e-07	
0.17891667	5.00310993e-07	
0.18050000	5.62726242e-07	
0.18208333	6.59278830e-07	
0.18366667	5.44680832e-07	
0.18525000	5.36513202e-07	
0.18683333	6.51283184e-07	
0.18841667	5.27567808e-07	
0.19000000	3.43867918e-07	
0.19158333	2.17699058e-07	
0.19316667	3.14761480e-07	
0.19475000	3.54637593e-07	
0.19633333	2.06982739e-07	
0.19791667	3.15685101e-07	
0.19950000	5.60755402e-07	
0.20108333	5.87114608e-07	
0.20266667	6.08072037e-07	
0.20425000	5.41526771e-07	
0.20583333	6.05651776e-07	
0.20741667	5.64947582e-07	
0.20900000	3.84589501e-07	
0.21058333	3.29357415e-07	
0.21216667	1.78333296e-07	
0.21375000	3.46815722e-07	
0.21533333	2.57539596e-07	
0.21691667	2.43064626e-07	
0.21850000	6.12602024e-07	
0.22008333	6.32530350e-07	
0.22166667	7.34810708e-07	
0.22325000	6.37629771e-07	
0.22483333	6.65842269e-07	
0.22641667	6.58585687e-07	
0.22800000	3.35572797e-07	
0.22958333	3.40333963e-07	
0.23116667	1.78800777e-07	
0.23275000	2.10828096e-07	
0.23433333	2.11260435e-07	
0.23591667	1.67271330e-07	
0.23750000	3.21675466e-07	
0.23908333	5.46627368e-07	
0.24066667	6.07640257e-07	
0.24225000	6.45407456e-07	
0.24383333	7.17922926e-07	
0.24541667	8.23353873e-07	
0.24700000	6.12782632e-07	
0.24858333	5.87798735e-07	
0.25016667	3.63659794e-07	
0.25175000	2.87788737e-07	
0.25333333	4.30775529e-07	
0.25491667	3.61385840e-07	
0.25650000	3.15512557e-07	
0.25808333	3.21363812e-07	
0.25966667	2.89352719e-07	
0.26125000	6.27258330e-07	
0.26283333	5.30939496e-07	
0.26441667	5.59890555e-07	
0.26600000	5.77610478e-07	
0.26758333	6.35987721e-07	
0.26916667	5.70408835e-07	
0.27075000	1.87243324e-07	
0.27233333	3.82032650e-07	
0.27391667	4.22478393e-07	
0.27550000	3.20715611e-07	
0.27708333	2.85910301e-07	
0.27866667	3.05549430e-07	
0.28025000	6.53011421e-07	
0.28183333	5.65163135e-07	
0.28341667	5.03715946e-07	
0.28500000	5.67756220e-07	
0.28658333	6.14770049e-07	
0.28816667	6.28132361e-07	
0.28975000	3.68335079e-07	
0.29133333	2.02704498e-07	
0.29291667	4.05885604e-07	
0.29450000	3.79007618e-07	
0.29608333	5.30378070e-07	
0.29766667	3.01789674e-07	
0.29925000	4.34956593e-07	
0.30083333	5.35217192e-07	
0.30241667	4.95203452e-07	
0.30400000	6.21597764e-07	
0.30558333	5.64169987e-07	
0.30716667	6.76172716e-07	
0.30875000	5.84521076e-07	
0.31033333	4.30273271e-07	
0.31191667	2.84677294e-07	
0.31350000	3.35623088e-07	
0.31508333	3.03232690e-07	
0.31666667	4.77185596e-07	
0.31825000	3.94563940e-07	
0.31983333	4.99706502e-07	
0.32141667	6.35598560e-07	
0.32300000	6.11614644e-07	
0.32458333	4.92350908e-07	
0.32616667	5.40315492e-07	
0.32775000	5.75535137e-07	
0.32933333	4.50384893e-07	
0.33091667	-4.09703752e-09	
0.33250000	9.90840350e-08	
0.33408333	1.92118314e-07	
0.33566667	2.31527451e-07	
0.33725000	2.02964167e-07	
0.33883333	5.05013804e-07	
0.34041667	8.17734972e-07	
0.34200000	6.13517609e-07	
0.34358333	6.76434136e-07	
0.34516667	6.53704060e-07	
0.34675000	6.62389434e-07	
0.34833333	6.58888829e-07	
0.34991667	4.22320998e-07	
0.35150000	3.36315531e-07	
0.35308333	2.59657415e-07	
0.35466667	2.91790341e-07	
0.35625000	3.16308241e-07	
0.35783333	3.09852859e-07	
0.35941667	4.23171928e-07	
0.36100000	4.54290508e-07	
0.36258333	5.92256479e-07	
0.36416667	5.56779727e-07	
0.36575000	7.03829333e-07	
0.36733333	8.27592927e-07	
0.36891667	5.88194393e-07	
0.37050000	5.24025537e-07	
0.37208333	4.36530375e-07	
0.37366667	4.83580355e-07	
0.37525000	4.58041837e-07	
0.37683333	2.32823713e-07	
0.37841667	5.04345526e-07	
0.38000000	7.68346132e-07	
0.38158333	7.44014833e-07	
0.38316667	6.31880945e-07	
0.38475000	5.61665106e-07	
0.38633333	6.47135749e-07	
0.38791667	5.65162127e-07	
0.38950000	1.62154828e-07	
0.39108333	2.79275795e-07	
0.39266667	2.48292741e-07	
0.39425000	3.23999794e-07	
0.39583333	2.44058559e-07	
0.39741667	1.99722406e-07	
0.39900000	3.78273397e-07	
0.40058333	4.14407171e-07	
0.40216667	6.49381618e-07	
0.40375000	6.68484579e-07	
0.40533333	7.13812229e-07	
0.40691667	6.78984491e-07	
0.40850000	4.29695241e-07	
0.41008333	4.26237310e-07	
0.41166667	2.48880963e-07	
0.41325000	5.21562267e-07	
0.41483333	5.93940027e-07	
0.41641667	4.26018312e-07	
0.41800000	5.96983651e-07	
0.41958333	9.48545250e-07	
0.42116667	1.08953617e-06	
0.42275000	1.03906368e-06	
0.42433333	9.15528688e-07	
0.42591667	1.15871182e-06	
0.42750000	1.23278959e-06	
0.42908333	1.04866654e-06	
0.43066667	1.00924133e-06	
0.43225000	1.10388267e-06	
0.43383333	1.38756642e-06	
0.43541667	1.41225524e-06	
0.43700000	1.77768833e-06	
0.43858333	2.24067376e-06	
0.44016667	3.28965212e-06	
0.44175000	4.59987795e-06	
0.44333333	5.83899806e-06	
0.44491667	7.29816325e-06	
0.44650000	8.75509237e-06	
0.44808333	9.99724513e-06	
0.44966667	1.08464341e-05	
0.45125000	1.13888207e-05	
0.45283333	1.25925288e-05	
0.45441667	1.36152064e-05	
0.45600000	1.50832796e-05	
0.45758333	1.74852909e-05	
0.45916667	2.09219385e-05	
0.46075000	2.65946507e-05	
0.46233333	3.33867448e-05	
0.46391667	4.21291510e-05	
0.46550000	5.58476556e-05	
0.46708333	7.85971344e-05	
0.46866667	1.16178279e-04	
0.47025000	1.60690231e-04	
0.47183333	2.06918995e-04	
0.47341667	2.41268216e-04	
0.47500000	2.71453416e-04	
0.47658333	3.19561514e-04	
0.47816667	4.19738006e-04	
0.47975000	4.76879279e-04	
0.48133333	4.87408482e-04	
0.48291667	5.36198029e-04	
0.48450000	1.08965795e-03	
0.48608333	1.43598721e-03	
0.48766667	1.76055494e-03	
0.48925000	2.49927514e-03	
0.49083333	3.60484917e-03	
0.49241667	4.78129577e-03	
0.49400000	6.09415519e-03	
0.49558333	7.50938512e-03	
0.49716667	9.11643429e-03	
0.49875000	1.22989269e-02	
0.50033333	1.32445397e-02	
0.50191667	2.23786460e-02	
0.50350000	3.19990061e-02	
0.50508333	5.43045366e-02	
0.50666667	6.24202016e-02	
0.50825000	8.51768340e-02	
0.50983333	1.11404591e-01	
0.51141667	1.50206754e-01	
0.51300000	1.12836519e-01	
0.51458333	1.23685632e-01	
0.51616667	1.29019344e-01	
0.51775000	1.77839383e-01	
0.51933333	2.03791935e-01	
0.52091667	2.82439929e-01	
0.52250000	2.98634117e-01	
0.52408333	3.66557152e-01	
0.52566667	3.95133561e-01	
0.52725000	4.19192917e-01	
0.52883333	4.78280007e-01	
0.53041667	4.81006834e-01	
0.53200000	5.21308354e-01	
0.53358333	5.31477397e-01	
0.53516667	5.96328902e-01	
0.53675000	6.94224777e-01	
0.53833333	2.49605923e+00	
0.53991667	6.79721644e+00	
0.54150000	6.94584971e+00	
0.54308333	7.20355770e+00	
0.54466667	8.24415740e+00	
0.54625000	9.54460447e+00	
0.54783333	9.86387660e+00	
0.54941667	9.99135695e+00	
0.55100000	1.01219980e+01	
0.55258333	1.09485701e+01	
0.55416667	1.29520749e+01	
0.55575000	1.35088027e+01	
0.55733333	1.37566076e+01	
0.55891667	1.37784385e+01	
0.56050000	1.39139944e+01	
0.56208333	1.43782848e+01	
0.56366667	1.48222966e+01	
0.56525000	1.50633160e+01	
0.56683333	1.54852198e+01	
0.56841667	1.64100865e+01	
0.57000000	1.71971010e+01	
0.57158333	1.74203833e+01	
0.57316667	1.79315111e+01	
0.57475000	1.93212029e+01	
0.57633333	1.93833890e+01	
0.57791667	2.00283731e+01	
0.57950000	2.05996369e+01	
0.58108333	2.10901882e+01	
0.58266667	2.29330534e+01	
0.58425000	2.32220020e+01	
0.58583333	2.38351930e+01	
0.58741667	2.42571898e+01	
0.58900000	2.44315902e+01	
0.59058333	2.48417071e+01	
0.59216667	2.52660039e+01	
0.59375000	2.55108380e+01	
0.59533333	2.64664784e+01	
0.59691667	2.65753290e+01	
0.59850000	2.67014150e+01	
0.60008333	2.73267509e+01	
0.60166667	2.77805895e+01	
0.60325000	2.79848926e+01	
0.60483333	2.89825879e+01	
0.60641667	2.96099758e+01	
0.60800000	3.02158306e+01	
0.60958333	3.08325413e+01	
0.61116667	3.12889093e+01	
0.61275000	3.16671110e+01	
0.61433333	3.24340376e+01	
0.61591667	3.25977777e+01	
