start voltage : 0.00 V 
set voltage : 0.10 V 
High G : 30.00 G0 
Intermediate G : 20.00 G0 
Low G : 10.00 G0 
Breaking speed 1 : 300.00 V/s 
Breaking speed 2 : 300.00 V/s 
Making speed : 500.00 V/s 
Post breaking : 230.00 V/s 
@ 
0.00000000	4.56861498e+01	
0.00158333	4.61333495e+01	
0.00316667	4.62072897e+01	
0.00475000	4.62133104e+01	
0.00633333	4.61237284e+01	
0.00791667	4.63465446e+01	
0.00950000	4.61457255e+01	
0.01108333	4.62870588e+01	
0.01266667	4.62269830e+01	
0.01425000	4.61420612e+01	
0.01583333	4.61836915e+01	
0.01741667	4.60790802e+01	
0.01900000	4.63140620e+01	
0.02058333	4.62223152e+01	
0.02216667	4.62772873e+01	
0.02375000	4.63831126e+01	
0.02533333	4.64264679e+01	
0.02691667	4.64568384e+01	
0.02850000	4.63795572e+01	
0.03008333	4.63519716e+01	
0.03166667	4.64622616e+01	
0.03325000	4.62698009e+01	
0.03483333	4.65218264e+01	
0.03641667	4.64512912e+01	
0.03800000	4.63143927e+01	
0.03958333	4.63179931e+01	
0.04116667	4.61646070e+01	
0.04275000	4.62083194e+01	
0.04433333	4.62111531e+01	
0.04591667	4.60861232e+01	
0.04750000	4.61876677e+01	
0.04908333	4.61402986e+01	
0.05066667	4.61983563e+01	
0.05225000	4.61484991e+01	
0.05383333	4.61586201e+01	
0.05541667	4.61353677e+01	
0.05700000	4.61009383e+01	
0.05858333	4.61128069e+01	
0.06016667	4.60358677e+01	
0.06175000	4.61345710e+01	
0.06333333	4.61143778e+01	
0.06491667	4.60296139e+01	
0.06650000	4.61994913e+01	
0.06808333	4.59420952e+01	
0.06966667	4.60690193e+01	
0.07125000	4.60423394e+01	
0.07283333	4.59821282e+01	
0.07441667	4.61521860e+01	
0.07600000	4.59786594e+01	
0.07758333	4.60384609e+01	
0.07916667	4.60560495e+01	
0.08075000	4.59247245e+01	
0.08233333	4.59132956e+01	
0.08391667	4.58530206e+01	
0.08550000	4.57529755e+01	
0.08708333	4.58579176e+01	
0.08866667	4.57903891e+01	
0.09025000	4.58782235e+01	
0.09183333	4.55694068e+01	
0.09341667	4.56902689e+01	
0.09500000	4.56227254e+01	
0.09658333	4.55323353e+01	
0.09816667	4.56367324e+01	
0.09975000	4.54780923e+01	
0.10133333	4.55386981e+01	
0.10291667	4.54348647e+01	
0.10450000	4.51251048e+01	
0.10608333	4.49354101e+01	
0.10766667	4.47138228e+01	
0.10925000	4.49062272e+01	
0.11083333	4.49194826e+01	
0.11241667	4.48889053e+01	
0.11400000	4.48981807e+01	
0.11558333	4.48433063e+01	
0.11716667	4.48795472e+01	
0.11875000	4.45795588e+01	
0.12033333	4.43651046e+01	
0.12191667	4.42951784e+01	
0.12350000	4.40596404e+01	
0.12508333	4.39792962e+01	
0.12666667	4.35594303e+01	
0.12825000	4.36428976e+01	
0.12983333	4.35561155e+01	
0.13141667	4.34597048e+01	
0.13300000	4.35905262e+01	
0.13458333	4.31755987e+01	
0.13616667	4.30802891e+01	
0.13775000	4.33027784e+01	
0.13933333	4.31867608e+01	
0.14091667	4.30784213e+01	
0.14250000	4.29167896e+01	
0.14408333	4.30137039e+01	
0.14566667	4.31884595e+01	
0.14725000	4.31076906e+01	
0.14883333	4.31935294e+01	
0.15041667	4.29801915e+01	
0.15200000	4.26481488e+01	
0.15358333	4.26300941e+01	
0.15516667	4.25458902e+01	
0.15675000	4.27044063e+01	
0.15833333	4.23738631e+01	
0.15991667	4.22342435e+01	
0.16150000	4.23077965e+01	
0.16308333	4.20112018e+01	
0.16466667	4.18920159e+01	
0.16625000	4.18718265e+01	
0.16783333	4.17816319e+01	
0.16941667	4.17575828e+01	
0.17100000	4.16153475e+01	
0.17258333	4.18691807e+01	
0.17416667	4.16386600e+01	
0.17575000	4.15169185e+01	
0.17733333	4.12869616e+01	
0.17891667	4.07843838e+01	
0.18050000	4.08250445e+01	
0.18208333	4.04576215e+01	
0.18366667	4.05233272e+01	
0.18525000	4.05199448e+01	
0.18683333	3.97880339e+01	
0.18841667	4.02072120e+01	
0.19000000	4.00502969e+01	
0.19158333	3.99604819e+01	
0.19316667	3.98914426e+01	
0.19475000	3.98402513e+01	
0.19633333	3.98102077e+01	
0.19791667	3.93228321e+01	
0.19950000	3.94633311e+01	
0.20108333	3.94530560e+01	
0.20266667	3.92758576e+01	
0.20425000	3.93733770e+01	
0.20583333	3.91981705e+01	
0.20741667	3.91988733e+01	
0.20900000	3.90695814e+01	
0.21058333	3.90042440e+01	
0.21216667	3.90658119e+01	
0.21375000	3.83266514e+01	
0.21533333	3.81978181e+01	
0.21691667	3.81948453e+01	
0.21850000	3.81782488e+01	
0.22008333	3.81720364e+01	
0.22166667	3.81044778e+01	
0.22325000	3.79071764e+01	
0.22483333	3.78694509e+01	
0.22641667	3.77916999e+01	
0.22800000	3.77796096e+01	
0.22958333	3.75500585e+01	
0.23116667	3.76962212e+01	
0.23275000	3.74436959e+01	
0.23433333	3.72754684e+01	
0.23591667	3.71662119e+01	
0.23750000	3.71213871e+01	
0.23908333	3.74288695e+01	
0.24066667	3.71443876e+01	
0.24225000	3.69485670e+01	
0.24383333	3.58704561e+01	
0.24541667	3.52191863e+01	
0.24700000	3.52917960e+01	
0.24858333	3.51965991e+01	
0.25016667	3.51596817e+01	
0.25175000	3.52489330e+01	
0.25333333	3.50147705e+01	
0.25491667	3.50371397e+01	
0.25650000	3.45238058e+01	
0.25808333	3.45173003e+01	
0.25966667	3.45317094e+01	
0.26125000	3.43000350e+01	
0.26283333	3.40289663e+01	
0.26441667	3.37530420e+01	
0.26600000	3.37123513e+01	
0.26758333	3.37235622e+01	
0.26916667	3.34224312e+01	
0.27075000	3.36805789e+01	
0.27233333	3.35165194e+01	
0.27391667	3.31753892e+01	
0.27550000	3.30239875e+01	
0.27708333	3.26471876e+01	
0.27866667	3.25558467e+01	
0.28025000	3.18418816e+01	
0.28183333	3.18261345e+01	
0.28341667	3.16847147e+01	
0.28500000	3.14115509e+01	
0.28658333	3.11270182e+01	
0.28816667	3.08526593e+01	
0.28975000	3.09058124e+01	
0.29133333	3.08710353e+01	
0.29291667	3.08191975e+01	
0.29450000	3.09575336e+01	
0.29608333	3.07291138e+01	
0.29766667	3.07508460e+01	
0.29925000	3.06691996e+01	
0.30083333	3.06812128e+01	
0.30241667	3.04542287e+01	
0.30400000	2.94027770e+01	
0.30558333	2.87632988e+01	
0.30716667	2.85144021e+01	
0.30875000	2.83237434e+01	
0.31033333	2.81780637e+01	
0.31191667	2.80805348e+01	
0.31350000	2.80091071e+01	
0.31508333	2.77111650e+01	
0.31666667	2.77737345e+01	
0.31825000	2.78334289e+01	
0.31983333	2.75706980e+01	
0.32141667	2.75608269e+01	
0.32300000	2.74528801e+01	
0.32458333	2.71472317e+01	
0.32616667	2.70856187e+01	
0.32775000	2.69389994e+01	
0.32933333	2.70135107e+01	
0.33091667	2.68756200e+01	
0.33250000	2.69300660e+01	
0.33408333	2.69455294e+01	
0.33566667	2.68378551e+01	
0.33725000	2.68810112e+01	
0.33883333	2.67793069e+01	
0.34041667	2.67866243e+01	
0.34200000	2.66864252e+01	
0.34358333	2.55387675e+01	
0.34516667	2.48126482e+01	
0.34675000	2.46972826e+01	
0.34833333	2.46689735e+01	
0.34991667	2.45631351e+01	
0.35150000	2.45139187e+01	
0.35308333	2.44824790e+01	
0.35466667	2.37750645e+01	
0.35625000	2.31302195e+01	
0.35783333	2.30822904e+01	
0.35941667	2.30317248e+01	
0.36100000	2.31815706e+01	
0.36258333	2.30233589e+01	
0.36416667	2.30801820e+01	
0.36575000	2.30830852e+01	
0.36733333	2.29034383e+01	
0.36891667	2.30901038e+01	
0.37050000	2.29558191e+01	
0.37208333	2.28565351e+01	
0.37366667	2.26163181e+01	
0.37525000	2.24377611e+01	
0.37683333	2.24762307e+01	
0.37841667	2.25380241e+01	
0.38000000	2.23965010e+01	
0.38158333	2.23589728e+01	
0.38316667	2.17181492e+01	
0.38475000	2.14995384e+01	
0.38633333	2.11485653e+01	
0.38791667	2.10013221e+01	
0.38950000	2.02211213e+01	
0.39108333	1.98428444e+01	
0.39266667	1.98108710e+01	
0.39425000	1.97587908e+01	
0.39583333	1.97881222e+01	
0.39741667	1.97879832e+01	
0.39900000	1.95800064e+01	
0.40058333	1.93812318e+01	
0.40216667	1.86347050e+01	
0.40375000	1.84950573e+01	
0.40533333	1.84245297e+01	
0.40691667	1.85757642e+01	
0.40850000	1.85596581e+01	
0.41008333	1.81483686e+01	
0.41166667	1.81647659e+01	
0.41325000	1.79883812e+01	
0.41483333	1.76304872e+01	
0.41641667	1.75764828e+01	
0.41800000	1.75018944e+01	
0.41958333	1.72922039e+01	
0.42116667	1.74149301e+01	
0.42275000	1.69768216e+01	
0.42433333	1.69561136e+01	
0.42591667	1.70308936e+01	
0.42750000	1.72755999e+01	
0.42908333	1.71970691e+01	
0.43066667	1.72372318e+01	
0.43225000	1.73138666e+01	
0.43383333	1.70488149e+01	
0.43541667	1.70274116e+01	
0.43700000	1.69717987e+01	
0.43858333	1.68477102e+01	
0.44016667	1.67940158e+01	
0.44175000	1.66776130e+01	
0.44333333	1.64157239e+01	
0.44491667	1.58044872e+01	
0.44650000	1.56554908e+01	
0.44808333	1.56685949e+01	
0.44966667	1.55683065e+01	
0.45125000	1.56455304e+01	
0.45283333	1.55955944e+01	
0.45441667	1.54527512e+01	
0.45600000	1.54577299e+01	
0.45758333	1.53141717e+01	
0.45916667	1.47941895e+01	
0.46075000	1.45513689e+01	
0.46233333	1.41690847e+01	
0.46391667	1.38683399e+01	
0.46550000	1.36651136e+01	
0.46708333	1.35143461e+01	
0.46866667	1.33773968e+01	
0.47025000	1.35121532e+01	
0.47183333	1.35474790e+01	
0.47341667	1.34535872e+01	
0.47500000	1.34783570e+01	
0.47658333	1.31711338e+01	
0.47816667	1.32698907e+01	
0.47975000	1.32859451e+01	
0.48133333	1.31629202e+01	
0.48291667	1.28801793e+01	
0.48450000	1.23512110e+01	
0.48608333	1.19081896e+01	
0.48766667	1.13240612e+01	
0.48925000	1.10008532e+01	
0.49083333	1.09934185e+01	
0.49241667	1.09572865e+01	
0.49400000	1.08471985e+01	
0.49558333	1.07547282e+01	
0.49716667	1.06512341e+01	
0.49875000	1.06835627e+01	
0.50033333	1.06055702e+01	
0.50191667	1.06115731e+01	
0.50350000	1.05967561e+01	
0.50508333	1.04926888e+01	
0.50666667	1.05430609e+01	
0.50825000	1.04427077e+01	
0.50983333	1.01132535e+01	
0.51141667	1.02085837e+01	
0.51300000	1.01142823e+01	
0.51458333	9.54627690e+00	
0.51616667	9.01779061e+00	
0.51775000	8.93607466e+00	
0.51933333	8.94102335e+00	
0.52091667	8.24521629e+00	
0.52250000	7.93022200e+00	
0.52408333	7.90448352e+00	
0.52566667	8.01795306e+00	
0.52725000	7.87683115e+00	
0.52883333	7.66731633e+00	
0.53041667	7.58823445e+00	
0.53200000	7.50038688e+00	
0.53358333	7.28045415e+00	
0.53516667	7.20905323e+00	
0.53675000	7.24228991e+00	
0.53833333	7.24655695e+00	
0.53991667	7.05348407e+00	
0.54150000	6.84339001e+00	
0.54308333	6.92867397e+00	
0.54466667	6.90334796e+00	
0.54625000	6.85007315e+00	
0.54783333	6.77949058e+00	
0.54941667	6.89913495e+00	
0.55100000	6.72889494e+00	
0.55258333	6.63573084e+00	
0.55416667	6.47879414e+00	
0.55575000	5.79181806e+00	
0.55733333	6.13772549e+00	
0.55891667	6.34350647e+00	
0.56050000	6.34384941e+00	
0.56208333	6.33931694e+00	
0.56366667	6.29878077e+00	
0.56525000	6.30510217e+00	
0.56683333	6.19190464e+00	
0.56841667	6.18099533e+00	
0.57000000	6.07663959e+00	
0.57158333	5.23199113e+00	
0.57316667	5.21432447e+00	
0.57475000	5.13291857e+00	
0.57633333	5.19528181e+00	
0.57791667	5.17513469e+00	
0.57950000	5.12099829e+00	
0.58108333	5.02293482e+00	
0.58266667	4.20010122e+00	
0.58425000	4.09035988e+00	
0.58583333	4.34182070e+00	
0.58741667	4.36377836e+00	
0.58900000	4.38480021e+00	
0.59058333	4.34239712e+00	
0.59216667	4.34334749e+00	
0.59375000	4.23949019e+00	
0.59533333	4.26948349e+00	
0.59691667	4.23253552e+00	
0.59850000	4.07755124e+00	
0.60008333	4.03083695e+00	
0.60166667	4.03026287e+00	
0.60325000	4.01628354e+00	
0.60483333	4.00786784e+00	
0.60641667	3.86729816e+00	
0.60800000	3.73138826e+00	
0.60958333	3.88010280e+00	
0.61116667	3.82743565e+00	
0.61275000	3.77442274e+00	
0.61433333	3.67413250e+00	
0.61591667	3.65252482e+00	
0.61750000	3.42241777e+00	
0.61908333	3.20411448e+00	
0.62066667	3.09839589e+00	
0.62225000	2.71332383e+00	
0.62383333	2.75062461e+00	
0.62541667	2.76697447e+00	
0.62700000	2.76103805e+00	
0.62858333	2.73663587e+00	
0.63016667	2.54754605e+00	
0.63175000	2.37636835e+00	
0.63333333	2.49375259e+00	
0.63491667	2.58691153e+00	
0.63650000	2.59623931e+00	
0.63808333	2.28664400e+00	
0.63966667	2.20757997e+00	
0.64125000	2.20945089e+00	
0.64283333	1.83052840e+00	
0.64441667	1.50726769e+00	
0.64600000	1.53852765e+00	
0.64758333	1.47608865e+00	
0.64916667	1.48288982e+00	
0.65075000	1.58258943e+00	
0.65233333	1.52467492e+00	
0.65391667	1.51777310e+00	
0.65550000	1.50832599e+00	
0.65708333	1.46680480e+00	
0.65866667	1.47254073e+00	
0.66025000	1.46557620e+00	
0.66183333	1.47760605e+00	
0.66341667	1.16299159e+00	
0.66500000	1.03309667e+00	
0.66658333	1.00772333e+00	
0.66816667	9.33084951e-01	
0.66975000	6.94626794e-01	
0.67133333	8.45644628e-01	
0.67291667	1.20238468e-02	
0.67450000	1.26212348e-02	
0.67608333	4.27345746e-03	
0.67766667	5.43767465e-06	
0.67925000	-4.89675399e-05	
0.68083333	-5.55821697e-05	
0.68241667	-1.96982289e-05	
0.68400000	2.00773041e-05	
0.68558333	1.08336530e-04	
0.68716667	3.20297184e-04	
0.68875000	2.94254844e-04	
0.69033333	1.31725093e-04	
0.69191667	6.57989778e-05	
0.69350000	4.20799298e-05	
0.69508333	3.18038575e-05	
0.69666667	2.66062598e-05	
0.69825000	2.41537351e-05	
0.69983333	2.25093059e-05	
0.70141667	2.13653135e-05	
0.70300000	2.03765708e-05	
0.70458333	1.90579813e-05	
0.70616667	1.77498791e-05	
0.70775000	1.65356819e-05	
0.70933333	1.51223738e-05	
0.71091667	1.37176023e-05	
0.71250000	1.22810222e-05	
0.71408333	1.11159253e-05	
0.71566667	9.91074051e-06	
0.71725000	8.73497985e-06	
0.71883333	7.84553002e-06	
0.72041667	7.03262532e-06	
0.72200000	6.33877793e-06	
0.72358333	5.40882843e-06	
0.72516667	4.74928549e-06	
0.72675000	4.25966179e-06	
0.72833333	3.74709117e-06	
0.72991667	3.24678085e-06	
0.73150000	2.66613090e-06	
0.73308333	2.43268016e-06	
0.73466667	2.26034430e-06	
0.73625000	1.95352378e-06	
0.73783333	1.83529027e-06	
0.73941667	1.63761887e-06	
0.74100000	1.56336413e-06	
0.74258333	1.24487773e-06	
0.74416667	7.98634811e-07	
0.74575000	7.20205812e-07	
0.74733333	7.02662241e-07	
0.74891667	7.09316460e-07	
0.75050000	5.89620385e-07	
0.75208333	7.05600133e-07	
0.75366667	1.00639551e-06	
0.75525000	1.03824391e-06	
0.75683333	1.06344225e-06	
0.75841667	8.85100115e-07	
0.76000000	7.60047400e-07	
0.76158333	7.65707798e-07	
0.76316667	4.73036594e-07	
0.76475000	4.06187850e-07	
0.76633333	4.46331487e-07	
0.76791667	4.86777594e-07	
0.76950000	5.96751297e-07	
0.77108333	4.24077013e-07	
0.77266667	5.70348856e-07	
0.77425000	6.64289991e-07	
0.77583333	8.10994006e-07	
0.77741667	9.20882025e-07	
0.77900000	7.83208583e-07	
0.78058333	9.15998494e-07	
0.78216667	8.66132008e-07	
0.78375000	4.98272054e-07	
0.78533333	3.32987189e-07	
0.78691667	2.35156708e-07	
0.78850000	2.94053654e-07	
0.79008333	2.25520747e-07	
0.79166667	3.00363066e-07	
0.79325000	6.52148758e-07	
0.79483333	7.81264792e-07	
0.79641667	7.60739479e-07	
0.79800000	6.27602913e-07	
0.79958333	6.49383858e-07	
0.80116667	6.31449222e-07	
0.80275000	4.38638982e-07	
0.80433333	3.23740586e-07	
0.80591667	2.53348648e-07	
0.80750000	2.94745033e-07	
0.80908333	3.18917958e-07	
0.81066667	2.94356572e-07	
0.81225000	4.46893444e-07	
0.81383333	6.41474735e-07	
0.81541667	7.26860815e-07	
0.81700000	7.78800793e-07	
0.81858333	6.90692264e-07	
0.82016667	7.97294671e-07	
0.82175000	7.07761270e-07	
0.82333333	5.56261312e-07	
0.82491667	3.16394569e-07	
0.82650000	2.69898259e-07	
0.82808333	3.45882132e-07	
0.82966667	3.57799859e-07	
0.83125000	3.21493318e-07	
0.83283333	4.40756521e-07	
0.83441667	6.01805971e-07	
0.83600000	6.75309046e-07	
0.83758333	5.91997299e-07	
0.83916667	6.32875942e-07	
0.84075000	6.98685055e-07	
0.84233333	5.07000381e-07	
0.84391667	5.01167384e-07	
0.84550000	3.18900989e-07	
0.84708333	3.52216100e-07	
0.84866667	3.87563542e-07	
0.85025000	1.81012652e-07	
0.85183333	2.88090339e-07	
0.85341667	4.15521285e-07	
0.85500000	5.57903418e-07	
0.85658333	6.89697883e-07	
0.85816667	5.73935369e-07	
0.85975000	7.16576233e-07	
0.86133333	6.44369337e-07	
0.86291667	5.51940606e-07	
0.86450000	2.94053962e-07	
0.86608333	2.04908644e-07	
0.86766667	3.68161304e-07	
0.86925000	2.00898752e-07	
0.87083333	3.54550201e-07	
0.87241667	3.69847847e-07	
0.87400000	5.31933876e-07	
0.87558333	8.00839350e-07	
0.87716667	6.54351729e-07	
0.87875000	5.55959346e-07	
0.88033333	5.80762355e-07	
0.88191667	5.43082409e-07	
0.88350000	5.53279962e-07	
0.88508333	3.29660724e-07	
0.88666667	3.86310234e-07	
0.88825000	3.86396758e-07	
0.88983333	3.20629535e-07	
0.89141667	2.96214539e-07	
0.89300000	4.35312461e-07	
0.89458333	5.75534297e-07	
0.89616667	6.26695728e-07	
0.89775000	5.57990277e-07	
0.89933333	6.60013807e-07	
0.90091667	7.32911774e-07	
0.90250000	7.27379286e-07	
0.90408333	5.02852387e-07	
0.90566667	3.48499437e-07	
0.90725000	4.23126874e-07	
0.90883333	2.49632545e-07	
0.91041667	4.13663793e-07	
0.91200000	3.62069322e-07	
0.91358333	4.96499406e-07	
0.91516667	5.68232297e-07	
0.91675000	6.36419389e-07	
0.91833333	7.74694577e-07	
0.91991667	5.77175114e-07	
0.92150000	6.11227106e-07	
0.92308333	4.78177680e-07	
0.92466667	1.93846230e-07	
0.92625000	2.29884911e-07	
0.92783333	2.23964493e-07	
0.92941667	3.60470647e-07	
0.93100000	3.49149179e-07	
0.93258333	3.67989152e-07	
0.93416667	7.65924472e-07	
0.93575000	7.15151809e-07	
0.93733333	7.05253813e-07	
0.93891667	6.91557839e-07	
0.94050000	7.24225449e-07	
0.94208333	7.97987198e-07	
0.94366667	5.91695838e-07	
0.94525000	2.85368701e-07	
0.94683333	2.56416074e-07	
0.94841667	2.35157016e-07	
0.95000000	3.22703000e-07	
0.95158333	8.86441935e-08	
0.95316667	4.31769042e-07	
0.95475000	6.45407064e-07	
0.95633333	6.33999800e-07	
0.95791667	7.41250604e-07	
0.95950000	6.39314103e-07	
0.96108333	6.73278507e-07	
0.96266667	5.46798231e-07	
0.96425000	3.10345373e-07	
0.96583333	3.50445385e-07	
0.96741667	1.98859197e-07	
0.96900000	2.34292463e-07	
0.97058333	2.69553451e-07	
0.97216667	2.12081558e-07	
0.97375000	4.94944273e-07	
0.97533333	7.60782041e-07	
0.97691667	9.14700299e-07	
0.97850000	7.30663777e-07	
0.98008333	6.72630389e-07	
0.98166667	8.56492967e-07	
0.98325000	5.63650395e-07	
0.98483333	3.46946152e-07	
0.98641667	1.95834781e-07	
0.98800000	2.28113118e-07	
0.98958333	3.78575923e-07	
0.99116667	1.99637044e-07	
0.99275000	3.00276234e-07	
0.99433333	5.39754347e-07	
0.99591667	6.60919984e-07	
0.99750000	6.38147290e-07	
0.99908333	6.02324107e-07	
1.00066667	6.64723227e-07	
1.00225000	6.32832148e-07	
1.00383333	4.49745736e-07	
1.00541667	2.11347309e-07	
1.00700000	1.33005660e-07	
1.00858333	2.62725037e-07	
1.01016667	2.09263946e-07	
1.01175000	1.88186630e-07	
1.01333333	3.84797634e-07	
1.01491667	5.92861754e-07	
1.01650000	7.80183327e-07	
1.01808333	7.14415712e-07	
1.01966667	6.70124221e-07	
1.02125000	7.24270643e-07	
1.02283333	5.80460054e-07	
1.02441667	4.78092556e-07	
1.02600000	1.92809526e-07	
1.02758333	2.05383714e-07	
1.02916667	3.28018170e-07	
1.03075000	2.77805981e-07	
1.03233333	4.04934570e-07	
1.03391667	5.41786062e-07	
1.03550000	7.27509268e-07	
1.03708333	8.53296232e-07	
1.03866667	8.18340696e-07	
1.04025000	7.45442001e-07	
1.04183333	7.72017601e-07	
1.04341667	6.06560809e-07	
1.04500000	2.89602799e-07	
1.04658333	1.12583665e-07	
1.04816667	2.39089064e-07	
1.04975000	2.36453334e-07	
1.05133333	1.66190719e-07	
1.05291667	2.49589507e-07	
1.05450000	4.66468451e-07	
1.05608333	6.88617931e-07	
1.05766667	5.83700359e-07	
1.05925000	5.41094991e-07	
1.06083333	5.84737974e-07	
1.06241667	5.74280848e-07	
1.06400000	6.13689985e-07	
1.06558333	2.81436428e-07	
1.06716667	2.46045808e-07	
1.06875000	2.79318917e-07	
1.07033333	2.16878061e-07	
1.07191667	3.09221207e-07	
1.07350000	3.49062151e-07	
1.07508333	5.21951316e-07	
1.07666667	5.87849081e-07	
1.07825000	6.35900805e-07	
1.07983333	6.04960369e-07	
1.08141667	6.62044402e-07	
1.08300000	7.36193914e-07	
1.08458333	4.94943544e-07	
1.08616667	2.93189592e-07	
1.08775000	3.16825732e-07	
1.08933333	2.46780309e-07	
1.09091667	2.60349550e-07	
1.09250000	2.82732942e-07	
1.09408333	5.53149812e-07	
1.09566667	6.66710028e-07	
1.09725000	6.51154994e-07	
1.09883333	6.92206292e-07	
1.10041667	7.39908336e-07	
1.10200000	7.82560522e-07	
1.10358333	6.38969631e-07	
1.10516667	3.01529738e-07	
1.10675000	2.74608658e-07	
1.10833333	2.68455354e-07	
1.10991667	2.87097162e-07	
1.11150000	3.66865546e-07	
1.11308333	3.80692398e-07	
1.11466667	5.77781005e-07	
1.11625000	5.62095094e-07	
1.11783333	5.79119914e-07	
1.11941667	6.46746756e-07	
1.12100000	5.86121236e-07	
1.12258333	5.49304008e-07	
1.12416667	3.01010791e-07	
1.12575000	1.43634811e-07	
1.12733333	6.49814378e-08	
1.12891667	9.83058521e-08	
1.13050000	2.64367422e-07	
1.13208333	1.48215467e-07	
1.13366667	3.14233600e-07	
1.13525000	5.28734509e-07	
1.13683333	6.06516343e-07	
1.13841667	7.26732401e-07	
1.14000000	5.94070904e-07	
1.14158333	6.81617617e-07	
1.14316667	6.17492163e-07	
1.14475000	3.71229961e-07	
1.14633333	2.43669426e-07	
1.14791667	1.61307454e-07	
1.14950000	3.04296038e-07	
1.15108333	2.77538457e-07	
1.15266667	1.71678727e-07	
1.15425000	4.90364107e-07	
1.15583333	5.93769443e-07	
1.15741667	6.79846425e-07	
1.15900000	6.53056951e-07	
1.16058333	7.03007104e-07	
1.16216667	7.63114098e-07	
1.16375000	5.50211528e-07	
1.16533333	4.45207993e-07	
1.16691667	3.63494642e-07	
1.16850000	3.01184426e-07	
1.17008333	4.16255758e-07	
1.17166667	2.29322492e-07	
1.17325000	2.48638585e-07	
1.17483333	5.32279972e-07	
1.17641667	6.88834773e-07	
1.17800000	8.13976532e-07	
1.17958333	6.60098651e-07	
1.18116667	7.93797090e-07	
1.18275000	7.22842915e-07	
1.18433333	5.00648464e-07	
1.18591667	3.45605032e-07	
1.18750000	2.81262148e-07	
1.18908333	4.09125742e-07	
1.19066667	3.64574903e-07	
1.19225000	1.26351091e-07	
1.19383333	3.98884926e-07	
1.19541667	6.04010342e-07	
1.19700000	7.15021324e-07	
1.19858333	6.27430257e-07	
1.20016667	6.60054745e-07	
1.20175000	7.00889929e-07	
1.20333333	5.38933854e-07	
1.20491667	3.74816278e-07	
1.20650000	2.73182386e-07	
1.20808333	2.49156748e-07	
1.20966667	4.41146383e-07	
1.21125000	2.27992782e-07	
1.21283333	2.84417862e-07	
1.21441667	4.33195258e-07	
1.21600000	5.83614955e-07	
1.21758333	6.28555628e-07	
1.21916667	4.57824799e-07	
1.22075000	5.59718123e-07	
1.22233333	5.20958056e-07	
1.22391667	4.80468071e-07	
1.22550000	3.35926145e-07	
1.22708333	1.17534994e-07	
1.22866667	2.07803302e-07	
1.23025000	1.84772297e-07	
1.23183333	3.04252496e-07	
1.23341667	3.33938420e-07	
1.23500000	4.10509088e-07	
1.23658333	6.31708513e-07	
1.23816667	5.66892045e-07	
1.23975000	6.29290213e-07	
1.24133333	6.80539624e-07	
1.24291667	5.62484031e-07	
1.24450000	4.94123612e-07	
1.24608333	2.53608528e-07	
1.24766667	2.78973214e-07	
1.24925000	3.56494664e-07	
1.25083333	3.16956610e-07	
1.25241667	3.65049804e-07	
1.25400000	3.55846603e-07	
1.25558333	6.62260180e-07	
1.25716667	7.38570604e-07	
1.25875000	6.10665513e-07	
1.26033333	6.08762996e-07	
1.26191667	7.11434195e-07	
1.26350000	7.58795240e-07	
1.26508333	4.93430973e-07	
1.26666667	2.60910527e-07	
1.26825000	3.33808158e-07	
1.26983333	2.88997524e-07	
1.27141667	3.79137404e-07	
1.27300000	3.43790690e-07	
1.27458333	3.32597804e-07	
1.27616667	6.82179714e-07	
1.27775000	6.83001607e-07	
1.27933333	7.19385431e-07	
1.28091667	6.48949783e-07	
@ 
0.00000000	6.73624658e-07	
0.00158333	7.20983239e-07	
0.00316667	4.35355331e-07	
0.00475000	2.61342699e-07	
0.00633333	1.24232824e-07	
0.00791667	1.45535676e-07	
0.00950000	1.82516908e-07	
0.01108333	1.08115399e-07	
0.01266667	4.09299434e-07	
0.01425000	4.86777818e-07	
0.01583333	5.47402778e-07	
0.01741667	4.97925902e-07	
0.01900000	3.44179544e-07	
0.02058333	4.92654274e-07	
0.02216667	3.10949641e-07	
0.02375000	1.75222356e-07	
0.02533333	1.33393015e-07	
0.02691667	3.91061172e-08	
0.02850000	8.30087797e-08	
0.03008333	4.81202292e-08	
0.03166667	9.70955678e-08	
0.03325000	3.88600317e-07	
0.03483333	4.34318892e-07	
0.03641667	5.00086367e-07	
0.03800000	3.20412329e-07	
0.03958333	2.07415051e-07	
0.04116667	3.10647199e-07	
0.04275000	9.73985063e-08	
0.04433333	1.73106515e-08	
0.04591667	-3.24086787e-08	
0.04750000	7.97249463e-08	
0.04908333	2.10828964e-07	
0.05066667	8.52649319e-08	
0.05225000	3.25685582e-07	
0.05383333	4.51084420e-07	
0.05541667	5.57514312e-07	
0.05700000	5.57471806e-07	
0.05858333	4.70615325e-07	
0.06016667	5.00864242e-07	
0.06175000	4.99178399e-07	
0.06333333	3.25987015e-07	
0.06491667	1.76215687e-07	
0.06650000	2.50324064e-07	
0.06808333	3.67557457e-07	
0.06966667	8.43396794e-08	
0.07125000	1.08460760e-07	
0.07283333	3.30222401e-07	
0.07441667	4.75412724e-07	
0.07600000	4.10898137e-07	
0.07758333	3.13758671e-07	
0.07916667	4.51646994e-07	
0.08075000	4.74980889e-07	
0.08233333	2.71454904e-07	
0.08391667	2.12557006e-07	
0.08550000	6.47732974e-08	
0.08708333	1.67746665e-07	
0.08866667	1.03231693e-07	
0.09025000	9.16078115e-08	
0.09183333	3.73303958e-07	
0.09341667	3.42839375e-07	
0.09500000	4.54672165e-07	
0.09658333	3.42407428e-07	
0.09816667	3.44222834e-07	
0.09975000	3.60037103e-07	
0.10133333	2.79534359e-07	
0.10291667	1.78247990e-07	
0.10450000	4.90016457e-08	
0.10608333	5.83299204e-09	
0.10766667	1.13939969e-07	
0.10925000	1.88835451e-08	
0.11083333	1.60228020e-07	
0.11241667	1.75049477e-07	
0.11400000	2.75775274e-07	
0.11558333	4.83104725e-07	
0.11716667	3.14666387e-07	
0.11875000	4.19151564e-07	
0.12033333	4.47541422e-07	
0.12191667	3.28667100e-07	
0.12350000	3.20845369e-07	
0.12508333	-1.66374120e-08	
0.12666667	7.51533072e-08	
0.12825000	1.86068027e-07	
0.12983333	2.35208482e-07	
0.13141667	1.74574505e-07	
0.13300000	1.64687416e-07	
0.13458333	4.38510764e-07	
0.13616667	4.11373711e-07	
0.13775000	3.78921206e-07	
0.13933333	4.25289159e-07	
0.14091667	4.09904821e-07	
0.14250000	4.10552182e-07	
0.14408333	1.99200676e-08	
0.14566667	-2.23755520e-08	
0.14725000	1.32918632e-07	
0.14883333	9.79598825e-08	
0.15041667	1.26652553e-07	
0.15200000	9.63615778e-08	
0.15358333	2.54558834e-07	
0.15516667	4.15046719e-07	
0.15675000	3.22487138e-07	
0.15833333	3.05202355e-07	
0.15991667	3.56668020e-07	
0.16150000	4.52337141e-07	
0.16308333	3.37740543e-07	
0.16466667	1.13645661e-07	
0.16625000	1.74486819e-07	
0.16783333	1.34819693e-07	
0.16941667	1.85161080e-07	
0.17100000	2.61904572e-07	
0.17258333	2.88997776e-07	
0.17416667	5.11581331e-07	
0.17575000	4.68066174e-07	
0.17733333	5.63522374e-07	
0.17891667	5.13179587e-07	
0.18050000	4.12393012e-07	
0.18208333	4.37905377e-07	
0.18366667	1.02843519e-07	
0.18525000	7.86457289e-09	
0.18683333	4.54580797e-08	
0.18841667	-2.55984634e-08	
0.19000000	2.42926265e-08	
0.19158333	-7.14286781e-08	
0.19316667	1.80019126e-07	
0.19475000	4.21225617e-07	
0.19633333	4.54195472e-07	
0.19791667	4.02168634e-07	
0.19950000	2.27249545e-07	
0.20108333	4.82672386e-07	
0.20266667	3.17864075e-07	
0.20425000	7.79094429e-08	
0.20583333	1.41735062e-08	
0.20741667	9.74066617e-08	
0.20900000	1.54965015e-07	
0.21058333	-9.83926980e-08	
0.21216667	-8.51528849e-08	
0.21375000	1.68567536e-07	
0.21533333	2.95998762e-07	
0.21691667	4.50696631e-07	
0.21850000	4.16601713e-07	
0.22008333	3.96162448e-07	
0.22166667	4.73944058e-07	
0.22325000	2.83510033e-07	
0.22483333	1.88012868e-07	
0.22641667	-1.93588261e-08	
0.22800000	3.20449879e-08	
0.22958333	2.71194745e-07	
0.23116667	3.81061967e-09	
0.23275000	3.18815025e-07	
0.23433333	5.40964393e-07	
0.23591667	5.08176154e-07	
0.23750000	4.70210091e-07	
0.23908333	3.14277534e-07	
0.24066667	4.09688063e-07	
0.24225000	3.25512226e-07	
0.24383333	6.79712719e-08	
0.24541667	3.68156144e-08	
0.24700000	2.27296314e-08	
0.24858333	8.81516864e-08	
0.25016667	2.06722723e-08	
0.25175000	1.25097209e-07	
0.25333333	2.84979735e-07	
0.25491667	3.38475380e-07	
0.25650000	5.11579875e-07	
0.25808333	3.11900031e-07	
0.25966667	2.70374000e-07	
0.26125000	4.16082738e-07	
0.26283333	2.97770093e-07	
0.26441667	2.83639735e-07	
0.26600000	-2.43457064e-08	
0.26758333	5.57428747e-08	
0.26916667	1.65810938e-07	
0.27075000	1.39055123e-08	
0.27233333	1.66623353e-07	
0.27391667	3.22919114e-07	
0.27550000	4.47022586e-07	
0.27708333	4.66079121e-07	
0.27866667	3.41543561e-07	
0.28025000	4.32633105e-07	
0.28183333	3.50012065e-07	
0.28341667	1.89439028e-07	
0.28500000	-2.10876972e-08	
0.28658333	-9.39418842e-08	
0.28816667	1.26605231e-08	
0.28975000	-3.67385725e-08	
0.29133333	1.87100370e-08	
0.29291667	1.62345013e-07	
0.29450000	2.40860648e-07	
0.29608333	3.92749823e-07	
0.29766667	3.70711350e-07	
0.29925000	4.22825328e-07	
0.30083333	4.30515762e-07	
0.30241667	4.07699722e-07	
0.30400000	2.17569104e-07	
0.30558333	1.06646376e-07	
0.30716667	1.42554845e-07	
0.30875000	7.11696174e-08	
0.31033333	-5.27188440e-08	
0.31191667	-7.61217726e-08	
0.31350000	2.58408597e-08	
0.31508333	3.76760798e-07	
0.31666667	3.79828671e-07	
0.31825000	3.35536508e-07	
0.31983333	4.32547057e-07	
0.32141667	2.71324979e-07	
0.32300000	3.18252648e-07	
0.32458333	1.32010565e-07	
0.32616667	5.95878077e-08	
0.32775000	1.67229209e-08	
0.32933333	-9.16517525e-08	
0.33091667	1.36718961e-08	
0.33250000	7.87402961e-08	
0.33408333	3.02609578e-07	
0.33566667	5.09074939e-07	
0.33725000	5.65983348e-07	
0.33883333	6.43851706e-07	
0.34041667	5.34914610e-07	
0.34200000	5.08772245e-07	
0.34358333	3.13888344e-07	
0.34516667	3.47415964e-08	
0.34675000	8.21445979e-08	
0.34833333	2.56676457e-08	
0.34991667	1.10690416e-07	
0.35150000	-3.16486511e-08	
0.35308333	-3.19794606e-09	
0.35466667	2.66959751e-07	
0.35625000	2.66346467e-07	
0.35783333	4.20318796e-07	
0.35941667	4.70357041e-07	
0.36100000	4.15954044e-07	
0.36258333	4.60159180e-07	
0.36416667	1.51802063e-07	
0.36575000	3.40940463e-08	
0.36733333	7.05557809e-08	
0.36891667	1.20123885e-08	
0.37050000	-2.02835029e-08	
0.37208333	-1.85066674e-07	
0.37366667	7.33729733e-08	
0.37525000	3.53728588e-07	
0.37683333	4.65041815e-07	
0.37841667	5.33272784e-07	
0.38000000	4.33238940e-07	
0.38158333	5.35692373e-07	
0.38316667	4.57868565e-07	
0.38475000	1.21320568e-07	
0.38633333	-4.53687645e-09	
0.38791667	6.52488708e-08	
0.38950000	1.70339231e-07	
0.39108333	1.61351794e-07	
0.39266667	4.90190660e-08	
0.39425000	2.84892903e-07	
0.39583333	3.50488059e-07	
0.39741667	4.19928403e-07	
0.39900000	2.75127437e-07	
0.40058333	2.96559823e-07	
0.40216667	4.40152254e-07	
0.40375000	1.07898732e-07	
0.40533333	-9.94676382e-09	
0.40691667	-6.27435774e-08	
0.40850000	-7.73926447e-08	
0.41008333	3.77668171e-08	
0.41166667	-6.86545376e-08	
0.41325000	8.58260351e-08	
0.41483333	2.48854642e-07	
0.41641667	4.24639110e-07	
0.41800000	5.14389073e-07	
0.41958333	4.08737420e-07	
0.42116667	5.68663516e-07	
0.42275000	4.26800023e-07	
0.42433333	2.19341332e-07	
0.42591667	2.50190491e-08	
0.42750000	-1.54714530e-07	
0.42908333	8.89287843e-08	
0.43066667	6.61307423e-08	
0.43225000	-3.53042781e-08	
0.43383333	1.70987684e-07	
0.43541667	2.98375340e-07	
0.43700000	4.06144980e-07	
0.43858333	3.86051726e-07	
0.44016667	2.31310329e-07	
0.44175000	3.64549254e-07	
0.44333333	2.35200054e-07	
0.44491667	6.70725506e-08	
0.44650000	2.29448596e-08	
0.44808333	1.45362881e-07	
0.44966667	5.64338617e-08	
0.45125000	-9.98272583e-08	
0.45283333	-5.01227631e-10	
0.45441667	2.53954175e-07	
0.45600000	5.34439653e-07	
0.45758333	5.68749536e-07	
0.45916667	3.17993245e-07	
0.46075000	5.52371881e-07	
0.46233333	5.19791187e-07	
0.46391667	5.00950822e-07	
0.46550000	2.50634682e-07	
0.46708333	8.64653318e-08	
0.46866667	3.20499301e-07	
0.47025000	1.82136679e-07	
0.47183333	1.92852437e-07	
0.47341667	3.92965713e-07	
0.47500000	5.49391540e-07	
0.47658333	7.00113903e-07	
0.47816667	7.29582201e-07	
0.47975000	8.05937987e-07	
0.48133333	9.97108837e-07	
0.48291667	1.06360868e-06	
0.48450000	1.07700919e-06	
0.48608333	1.06149022e-06	
0.48766667	1.52100406e-06	
0.48925000	2.06126366e-06	
0.49083333	2.63356790e-06	
0.49241667	3.32098037e-06	
0.49400000	4.16338854e-06	
0.49558333	5.45536383e-06	
0.49716667	6.52774519e-06	
0.49875000	7.56287593e-06	
0.50033333	9.37871485e-06	
0.50191667	1.22448294e-05	
0.50350000	1.61874125e-05	
0.50508333	2.14697703e-05	
0.50666667	2.88158072e-05	
0.50825000	4.06923076e-05	
0.50983333	5.95100981e-05	
0.51141667	8.76360869e-05	
0.51300000	1.17922654e-04	
0.51458333	1.39482335e-04	
0.51616667	1.49197719e-04	
0.51775000	1.68060211e-04	
0.51933333	2.63386818e-04	
0.52091667	3.22855644e-04	
0.52250000	2.85645460e-04	
0.52408333	3.09230586e-04	
0.52566667	4.05154629e-04	
0.52725000	4.78294649e-04	
0.52883333	5.11548809e-04	
0.53041667	6.09812735e-04	
0.53200000	7.75131838e-04	
0.53358333	7.20362362e-04	
0.53516667	5.17491921e-04	
0.53675000	7.73568513e-04	
0.53833333	1.13321244e-03	
0.53991667	1.98530625e-03	
0.54150000	2.77800954e-03	
0.54308333	4.98437834e-03	
0.54466667	8.06782880e-03	
0.54625000	8.25347480e-03	
0.54783333	7.39164801e-03	
0.54941667	9.70097846e-03	
0.55100000	1.15936750e-02	
0.55258333	1.28163168e-02	
0.55416667	1.82553466e-02	
0.55575000	1.98066200e-02	
0.55733333	2.25347589e-02	
0.55891667	2.55034763e-02	
0.56050000	3.05069841e-02	
0.56208333	2.52041437e-02	
0.56366667	2.75042386e-02	
0.56525000	3.50057319e-02	
0.56683333	4.24513871e-02	
0.56841667	4.99946948e-02	
0.57000000	7.67578872e-02	
0.57158333	1.21990251e-01	
0.57316667	2.02500281e-01	
0.57475000	2.70156421e-01	
0.57633333	3.09037376e-01	
0.57791667	3.52214321e-01	
0.57950000	3.73485602e-01	
0.58108333	3.79169214e-01	
0.58266667	4.61632449e-01	
0.58425000	1.21334928e+00	
0.58583333	3.92086213e+00	
0.58741667	5.49301063e+00	
0.58900000	6.47654952e+00	
0.59058333	6.89269845e+00	
0.59216667	6.97331370e+00	
0.59375000	8.16934819e+00	
0.59533333	1.08020185e+01	
0.59691667	1.15727221e+01	
0.59850000	1.26366118e+01	
0.60008333	1.46023451e+01	
0.60166667	1.56120274e+01	
0.60325000	1.68067451e+01	
0.60483333	1.80698679e+01	
0.60641667	1.88120914e+01	
0.60800000	1.97611529e+01	
0.60958333	2.05168348e+01	
0.61116667	2.07015009e+01	
0.61275000	2.15405918e+01	
0.61433333	2.23083922e+01	
0.61591667	2.28951776e+01	
0.61750000	2.39374967e+01	
0.61908333	2.46452175e+01	
0.62066667	2.49652713e+01	
0.62225000	2.57966841e+01	
0.62383333	2.59219659e+01	
0.62541667	2.66547035e+01	
0.62700000	2.69303854e+01	
0.62858333	2.73028351e+01	
0.63016667	2.74901302e+01	
0.63175000	2.74043120e+01	
0.63333333	2.90380843e+01	
0.63491667	2.99956489e+01	
0.63650000	3.04232211e+01	
0.63808333	3.04641129e+01	
0.63966667	3.05916609e+01	
