start voltage : 0.00 V 
set voltage : 0.10 V 
High G : 30.00 G0 
Intermediate G : 20.00 G0 
Low G : 10.00 G0 
Breaking speed 1 : 300.00 V/s 
Breaking speed 2 : 300.00 V/s 
Making speed : 500.00 V/s 
Post breaking : 230.00 V/s 
@ 
0.00000000	3.51386843e+01	
0.00158333	3.53969748e+01	
0.00316667	3.53973469e+01	
0.00475000	3.54322837e+01	
0.00633333	3.53431226e+01	
0.00791667	3.54459713e+01	
0.00950000	3.55348580e+01	
0.01108333	3.53537322e+01	
0.01266667	3.53942952e+01	
0.01425000	3.53793786e+01	
0.01583333	3.54454564e+01	
0.01741667	3.52797846e+01	
0.01900000	3.53585766e+01	
0.02058333	3.53730271e+01	
0.02216667	3.52705768e+01	
0.02375000	3.54898979e+01	
0.02533333	3.52947350e+01	
0.02691667	3.54170966e+01	
0.02850000	3.50954417e+01	
0.03008333	3.54315095e+01	
0.03166667	3.53142028e+01	
0.03325000	3.51558032e+01	
0.03483333	3.52482490e+01	
0.03641667	3.53394658e+01	
0.03800000	3.50369105e+01	
0.03958333	3.51012745e+01	
0.04116667	3.48512559e+01	
0.04275000	3.49409056e+01	
0.04433333	3.47689725e+01	
0.04591667	3.48412552e+01	
0.04750000	3.47302135e+01	
0.04908333	3.47287854e+01	
0.05066667	3.46392259e+01	
0.05225000	3.47118656e+01	
0.05383333	3.46954946e+01	
0.05541667	3.48204006e+01	
0.05700000	3.47074497e+01	
0.05858333	3.48108320e+01	
0.06016667	3.44601032e+01	
0.06175000	3.46027294e+01	
0.06333333	3.45675257e+01	
0.06491667	3.45230617e+01	
0.06650000	3.44742230e+01	
0.06808333	3.44382038e+01	
0.06966667	3.44124033e+01	
0.07125000	3.43864412e+01	
0.07283333	3.42039963e+01	
0.07441667	3.43327845e+01	
0.07600000	3.41666617e+01	
0.07758333	3.43220095e+01	
0.07916667	3.44349980e+01	
0.08075000	3.42632904e+01	
0.08233333	3.43611556e+01	
0.08391667	3.42883994e+01	
0.08550000	3.41347953e+01	
0.08708333	3.38766138e+01	
0.08866667	3.34277792e+01	
0.09025000	3.36194658e+01	
0.09183333	3.36904218e+01	
0.09341667	3.36789027e+01	
0.09500000	3.37335742e+01	
0.09658333	3.34746147e+01	
0.09816667	3.35972206e+01	
0.09975000	3.34341382e+01	
0.10133333	3.33339203e+01	
0.10291667	3.33898997e+01	
0.10450000	3.32750922e+01	
0.10608333	3.31628215e+01	
0.10766667	3.32859724e+01	
0.10925000	3.32880394e+01	
0.11083333	3.32383025e+01	
0.11241667	3.31307372e+01	
0.11400000	3.32260393e+01	
0.11558333	3.30124797e+01	
0.11716667	3.32184213e+01	
0.11875000	3.33216909e+01	
0.12033333	3.31556846e+01	
0.12191667	3.30913544e+01	
0.12350000	3.30379494e+01	
0.12508333	3.28321919e+01	
0.12666667	3.27695567e+01	
0.12825000	3.27174822e+01	
0.12983333	3.27890959e+01	
0.13141667	3.26735405e+01	
0.13300000	3.20154420e+01	
0.13458333	3.19604699e+01	
0.13616667	3.21313356e+01	
0.13775000	3.18221808e+01	
0.13933333	3.12779201e+01	
0.14091667	3.15812760e+01	
0.14250000	3.14323341e+01	
0.14408333	3.13081929e+01	
0.14566667	3.13705087e+01	
0.14725000	3.11018191e+01	
0.14883333	3.08664389e+01	
0.15041667	3.02365349e+01	
0.15200000	2.98833877e+01	
0.15358333	2.98366499e+01	
0.15516667	2.97369600e+01	
0.15675000	2.98074970e+01	
0.15833333	2.92389561e+01	
0.15991667	2.82893139e+01	
0.16150000	2.70678102e+01	
0.16308333	2.67002932e+01	
0.16466667	2.68795173e+01	
0.16625000	2.66626166e+01	
0.16783333	2.67892964e+01	
0.16941667	2.65209206e+01	
0.17100000	2.62559234e+01	
0.17258333	2.62173524e+01	
0.17416667	2.58887128e+01	
0.17575000	2.59069516e+01	
0.17733333	2.59311511e+01	
0.17891667	2.59647951e+01	
0.18050000	2.60330696e+01	
0.18208333	2.59697222e+01	
0.18366667	2.59463758e+01	
0.18525000	2.58684031e+01	
0.18683333	2.57890511e+01	
0.18841667	2.58490480e+01	
0.19000000	2.57197280e+01	
0.19158333	2.53464816e+01	
0.19316667	2.48378304e+01	
0.19475000	2.48108517e+01	
0.19633333	2.48629939e+01	
0.19791667	2.47322796e+01	
0.19950000	2.47189810e+01	
0.20108333	2.46333771e+01	
0.20266667	2.45396008e+01	
0.20425000	2.45878983e+01	
0.20583333	2.43978786e+01	
0.20741667	2.44314831e+01	
0.20900000	2.43477395e+01	
0.21058333	2.44053556e+01	
0.21216667	2.43076558e+01	
0.21375000	2.39751696e+01	
0.21533333	2.27007156e+01	
0.21691667	2.15899867e+01	
0.21850000	2.11238303e+01	
0.22008333	2.12523686e+01	
0.22166667	2.09219250e+01	
0.22325000	2.05650026e+01	
0.22483333	1.97467324e+01	
0.22641667	1.98820300e+01	
0.22800000	1.98430361e+01	
0.22958333	1.91960846e+01	
0.23116667	1.95291233e+01	
0.23275000	1.96267066e+01	
0.23433333	1.95573779e+01	
0.23591667	1.91265868e+01	
0.23750000	1.91498298e+01	
0.23908333	1.96832309e+01	
0.24066667	1.95273588e+01	
0.24225000	1.98052618e+01	
0.24383333	1.95272892e+01	
0.24541667	1.93023646e+01	
0.24700000	1.93868053e+01	
0.24858333	1.93858544e+01	
0.25016667	1.97299593e+01	
0.25175000	1.94840786e+01	
0.25333333	1.93802621e+01	
0.25491667	1.92976536e+01	
0.25650000	1.85915508e+01	
0.25808333	1.69208047e+01	
0.25966667	1.69342480e+01	
0.26125000	1.67699761e+01	
0.26283333	1.67831770e+01	
0.26441667	1.67736949e+01	
0.26600000	1.65354773e+01	
0.26758333	1.65071061e+01	
0.26916667	1.63551839e+01	
0.27075000	1.63181744e+01	
0.27233333	1.61536526e+01	
0.27391667	1.56908833e+01	
0.27550000	1.51939946e+01	
0.27708333	1.53467625e+01	
0.27866667	1.53000031e+01	
0.28025000	1.51932458e+01	
0.28183333	1.51010875e+01	
0.28341667	1.47862031e+01	
0.28500000	1.44632197e+01	
0.28658333	1.41952517e+01	
0.28816667	1.39836069e+01	
0.28975000	1.41235834e+01	
0.29133333	1.38393684e+01	
0.29291667	1.36585846e+01	
0.29450000	1.35804963e+01	
0.29608333	1.33887966e+01	
0.29766667	1.33818015e+01	
0.29925000	1.32678481e+01	
0.30083333	1.27494462e+01	
0.30241667	1.24116843e+01	
0.30400000	1.23442564e+01	
0.30558333	1.22822929e+01	
0.30716667	1.21422393e+01	
0.30875000	1.20179666e+01	
0.31033333	1.19307814e+01	
0.31191667	1.18889331e+01	
0.31350000	1.18477022e+01	
0.31508333	1.17590475e+01	
0.31666667	1.16362875e+01	
0.31825000	1.13817741e+01	
0.31983333	1.12881097e+01	
0.32141667	1.12997744e+01	
0.32300000	1.09790873e+01	
0.32458333	1.06681979e+01	
0.32616667	1.06851759e+01	
0.32775000	1.06534063e+01	
0.32933333	1.06026247e+01	
0.33091667	1.07116914e+01	
0.33250000	1.08272787e+01	
0.33408333	1.07657578e+01	
0.33566667	1.07544379e+01	
0.33725000	7.91587389e+00	
0.33883333	7.93170652e+00	
0.34041667	8.46538015e+00	
0.34200000	8.46670118e+00	
0.34358333	7.68181478e+00	
0.34516667	7.68206000e+00	
0.34675000	7.75832319e+00	
0.34833333	7.88979716e+00	
0.34991667	7.85104663e+00	
0.35150000	7.78326867e+00	
0.35308333	7.76058144e+00	
0.35466667	7.71886094e+00	
0.35625000	7.53361699e+00	
0.35783333	6.91827767e+00	
0.35941667	6.79378702e+00	
0.36100000	6.54707430e+00	
0.36258333	6.11404325e+00	
0.36416667	5.93690072e+00	
0.36575000	5.95815464e+00	
0.36733333	5.76091385e+00	
0.36891667	5.70208620e+00	
0.37050000	5.68385908e+00	
0.37208333	5.78717050e+00	
0.37366667	5.64019744e+00	
0.37525000	5.83055027e+00	
0.37683333	4.97859763e+00	
0.37841667	4.75876215e+00	
0.38000000	4.88631249e+00	
0.38158333	4.84017227e+00	
0.38316667	5.06063539e+00	
0.38475000	5.12939050e+00	
0.38633333	4.98272937e+00	
0.38791667	5.17073846e+00	
0.38950000	5.04173507e+00	
0.39108333	5.20909156e+00	
0.39266667	5.11483427e+00	
0.39425000	5.01777144e+00	
0.39583333	4.89069181e+00	
0.39741667	4.70179718e+00	
0.39900000	4.70956599e+00	
0.40058333	4.48441491e+00	
0.40216667	4.59436013e+00	
0.40375000	4.50823573e+00	
0.40533333	4.39697887e+00	
0.40691667	4.13135551e+00	
0.40850000	3.78976844e+00	
0.41008333	3.52422235e+00	
0.41166667	3.44340580e+00	
0.41325000	3.20799865e+00	
0.41483333	3.18400494e+00	
0.41641667	3.17903111e+00	
0.41800000	3.20076093e+00	
0.41958333	3.12441225e+00	
0.42116667	3.09954710e+00	
0.42275000	3.09993937e+00	
0.42433333	2.97652358e+00	
0.42591667	3.00365027e+00	
0.42750000	3.02824224e+00	
0.42908333	3.19625430e+00	
0.43066667	3.18514252e+00	
0.43225000	3.29973602e+00	
0.43383333	3.22539119e+00	
0.43541667	3.15399073e+00	
0.43700000	3.12559986e+00	
0.43858333	3.18990565e+00	
0.44016667	3.12116887e+00	
0.44175000	2.38141171e+00	
0.44333333	1.92577399e+00	
0.44491667	1.85297217e+00	
0.44650000	1.83831857e+00	
0.44808333	1.69538189e+00	
0.44966667	1.65786724e+00	
0.45125000	1.53610674e+00	
0.45283333	1.47029282e+00	
0.45441667	1.32025325e+00	
0.45600000	1.27572556e+00	
0.45758333	1.46076750e+00	
0.45916667	1.61537618e+00	
0.46075000	1.59290281e+00	
0.46233333	1.47578893e+00	
0.46391667	1.46230381e+00	
0.46550000	1.49945743e+00	
0.46708333	1.47979266e+00	
0.46866667	1.35012324e+00	
0.47025000	1.09725965e+00	
0.47183333	4.51960055e-01	
0.47341667	3.03590652e-01	
0.47500000	2.69140163e-01	
0.47658333	2.78682780e-01	
0.47816667	2.91930987e-01	
0.47975000	1.52036427e-01	
0.48133333	3.16781333e-02	
0.48291667	1.50763031e-02	
0.48450000	2.34498616e-02	
0.48608333	2.61448055e-02	
0.48766667	3.03302833e-02	
0.48925000	2.36061324e-02	
0.49083333	1.65036336e-02	
0.49241667	1.17787118e-02	
0.49400000	1.23620044e-02	
0.49558333	1.25830420e-02	
0.49716667	1.09929958e-02	
0.49875000	8.65383462e-03	
0.50033333	8.15619207e-03	
0.50191667	6.37967368e-03	
0.50350000	7.29227971e-03	
0.50508333	6.54786201e-03	
0.50666667	5.60677905e-03	
0.50825000	5.70468892e-03	
0.50983333	4.63754489e-03	
0.51141667	4.41288395e-03	
0.51300000	3.50133310e-03	
0.51458333	2.08650575e-03	
0.51616667	1.64802467e-03	
0.51775000	5.63903076e-04	
0.51933333	7.15356637e-05	
0.52091667	2.10032667e-05	
0.52250000	4.78920946e-06	
0.52408333	-2.06559400e-06	
0.52566667	-4.82418862e-06	
0.52725000	-4.84387060e-06	
0.52883333	-3.40709118e-06	
0.53041667	-1.22303182e-06	
0.53200000	1.00266238e-06	
0.53358333	2.78980617e-06	
0.53516667	4.07514337e-06	
0.53675000	4.73909348e-06	
0.53833333	5.21307948e-06	
0.53991667	5.53612483e-06	
0.54150000	5.66161436e-06	
0.54308333	5.74042916e-06	
0.54466667	5.53940702e-06	
0.54625000	5.06996080e-06	
0.54783333	4.65910442e-06	
0.54941667	3.64627097e-06	
0.55100000	3.29392489e-06	
0.55258333	2.90666281e-06	
0.55416667	2.48821987e-06	
0.55575000	2.24684456e-06	
0.55733333	1.89231393e-06	
0.55891667	1.67857037e-06	
0.56050000	1.75421263e-06	
0.56208333	1.58468933e-06	
0.56366667	1.48227597e-06	
0.56525000	1.29766055e-06	
0.56683333	1.41010878e-06	
0.56841667	1.22785521e-06	
0.57000000	7.64757099e-07	
0.57158333	7.09619153e-07	
0.57316667	6.11097740e-07	
0.57475000	5.87806015e-07	
0.57633333	5.22167318e-07	
0.57791667	5.34567282e-07	
0.57950000	7.41293502e-07	
0.58108333	7.50972921e-07	
0.58266667	8.53902067e-07	
0.58425000	7.17700316e-07	
0.58583333	7.97728747e-07	
0.58741667	8.18545273e-07	
0.58900000	4.44127340e-07	
0.59058333	2.71194073e-07	
0.59216667	2.09705148e-07	
0.59375000	3.57704766e-07	
0.59533333	3.83243004e-07	
0.59691667	3.78870524e-07	
0.59850000	4.42874368e-07	
0.60008333	5.02333076e-07	
0.60166667	6.40221455e-07	
0.60325000	6.69604742e-07	
0.60483333	4.70099766e-07	
0.60641667	7.15581349e-07	
0.60800000	5.25278370e-07	
0.60958333	5.53796921e-07	
0.61116667	2.18391011e-07	
0.61275000	1.80944021e-07	
0.61433333	2.69769117e-07	
0.61591667	1.99550534e-07	
0.61750000	2.82170873e-07	
0.61908333	4.51258196e-07	
0.62066667	6.45580000e-07	
0.62225000	8.85794602e-07	
0.62383333	7.00934955e-07	
0.62541667	6.75669982e-07	
0.62700000	6.78360343e-07	
0.62858333	4.96801092e-07	
0.63016667	1.69216255e-07	
0.63175000	-8.99838926e-08	
0.63333333	1.53789817e-07	
0.63491667	2.66909600e-07	
0.63650000	1.64004871e-07	
0.63808333	2.50954541e-07	
0.63966667	5.04450867e-07	
0.64125000	6.72673119e-07	
0.64283333	6.08590732e-07	
0.64441667	5.76440809e-07	
0.64600000	8.00967708e-07	
0.64758333	7.17266576e-07	
0.64916667	5.64602438e-07	
0.65075000	2.09964663e-07	
0.65233333	1.77426377e-07	
0.65391667	2.71065883e-07	
0.65550000	1.77210348e-07	
0.65708333	3.79006638e-07	
0.65866667	4.40885915e-07	
0.66025000	4.15167629e-07	
0.66183333	5.84391598e-07	
0.66341667	5.19445652e-07	
0.66500000	6.47222441e-07	
0.66658333	6.73019103e-07	
0.66816667	4.78222706e-07	
0.66975000	3.85084283e-07	
0.67133333	-4.81465749e-08	
0.67291667	2.00155487e-07	
0.67450000	2.21615146e-07	
0.67608333	2.29539404e-07	
0.67766667	3.61421037e-07	
0.67925000	2.93820600e-07	
0.68083333	7.76511299e-07	
0.68241667	6.52536352e-07	
0.68400000	5.67625846e-07	
0.68558333	5.87029540e-07	
0.68716667	6.87823927e-07	
0.68875000	6.60143341e-07	
0.69033333	3.97674852e-07	
0.69191667	2.87831551e-07	
0.69350000	3.03863391e-07	
0.69508333	2.94839062e-07	
0.69666667	2.85542140e-07	
0.69825000	2.49070420e-07	
0.69983333	5.51966031e-07	
0.70141667	6.26222227e-07	
0.70300000	7.03310582e-07	
0.70458333	7.67610315e-07	
0.70616667	5.95902971e-07	
0.70775000	4.73745361e-07	
0.70933333	4.83579459e-07	
0.71091667	2.19513627e-08	
0.71250000	8.63360500e-08	
0.71408333	3.37056440e-09	
0.71566667	1.22116055e-07	
0.71725000	2.02677742e-07	
0.71883333	3.74773100e-07	
0.72041667	2.36798253e-07	
0.72200000	5.09204136e-07	
0.72358333	6.96611505e-07	
0.72516667	6.85378465e-07	
0.72675000	6.45062424e-07	
0.72833333	3.70494956e-07	
0.72991667	1.77295821e-07	
0.73150000	1.43383808e-07	
0.73308333	-5.61876876e-10	
0.73466667	9.03366525e-08	
0.73625000	6.03232537e-08	
0.73783333	4.50351278e-08	
0.73941667	4.67116456e-07	
0.74100000	5.53798657e-07	
0.74258333	8.74820350e-07	
0.74416667	7.91763751e-07	
0.74575000	7.92800358e-07	
0.74733333	9.19974168e-07	
0.74891667	5.61532212e-07	
0.75050000	9.86426722e-08	
0.75208333	2.24354537e-07	
0.75366667	1.85895637e-07	
0.75525000	3.02394165e-07	
0.75683333	1.81402444e-07	
0.75841667	3.62242174e-07	
0.76000000	3.36859511e-07	
0.76158333	4.61239020e-07	
0.76316667	4.64911973e-07	
0.76475000	5.04374200e-07	
0.76633333	5.79856459e-07	
0.76791667	4.81575801e-07	
0.76950000	4.13706467e-07	
0.77108333	1.60357637e-07	
0.77266667	1.15109315e-08	
0.77425000	2.04053206e-07	
0.77583333	3.07164795e-07	
0.77741667	3.52979218e-07	
0.77900000	4.55059339e-07	
0.78058333	4.45640080e-07	
0.78216667	4.89887862e-07	
0.78375000	3.59389238e-07	
0.78533333	4.50998765e-07	
0.78691667	6.74574069e-07	
0.78850000	4.36184840e-07	
0.79008333	2.42874750e-07	
0.79166667	1.36202227e-07	
0.79325000	1.77382695e-07	
0.79483333	2.89430927e-07	
0.79641667	1.49771454e-07	
0.79800000	4.09411047e-07	
0.79958333	4.50402198e-07	
0.80116667	6.97130481e-07	
0.80275000	5.97788239e-07	
0.80433333	6.83604698e-07	
0.80591667	7.38613838e-07	
0.80750000	6.44843399e-07	
0.80908333	3.68223018e-07	
0.81066667	2.42978635e-07	
0.81225000	1.01581894e-07	
0.81383333	2.29884869e-07	
0.81541667	1.64678119e-07	
0.81700000	1.25002271e-07	
0.81858333	8.71488214e-08	
0.82016667	4.59865615e-07	
0.82175000	7.33431254e-07	
0.82333333	6.50980938e-07	
0.82491667	6.67619397e-07	
0.82650000	6.31409124e-07	
0.82808333	7.25520227e-07	
0.82966667	5.69180980e-07	
0.83125000	7.78247951e-08	
0.83283333	9.78738417e-08	
0.83441667	1.07821393e-07	
0.83600000	1.74289088e-07	
0.83758333	2.09662278e-07	
0.83916667	1.87503413e-07	
0.84075000	3.14839071e-07	
0.84233333	5.27352927e-07	
0.84391667	5.10112609e-07	
0.84550000	5.74366868e-07	
0.84708333	5.01296862e-07	
0.84866667	5.54620382e-07	
0.85025000	1.71420416e-07	
0.85183333	7.77111590e-08	
0.85341667	2.12747414e-07	
0.85500000	1.57072936e-07	
0.85658333	2.05124730e-07	
0.85816667	2.43495286e-07	
0.85975000	4.36350551e-07	
0.86133333	5.94460010e-07	
0.86291667	5.99515469e-07	
0.86450000	6.44931939e-07	
0.86608333	5.30421808e-07	
0.86766667	5.05792127e-07	
0.86925000	2.58577743e-07	
0.87083333	1.93802688e-07	
0.87241667	1.13516128e-07	
0.87400000	1.30066172e-07	
0.87558333	1.79171906e-07	
0.87716667	1.05772450e-07	
0.87875000	2.03007317e-07	
0.88033333	6.24446891e-07	
0.88191667	5.59198644e-07	
0.88350000	6.24102700e-07	
0.88508333	6.36765484e-07	
0.88666667	4.38379830e-07	
0.88825000	5.39840255e-07	
0.88983333	2.54868224e-08	
0.89141667	1.41612546e-07	
0.89300000	1.35251669e-07	
0.89458333	2.27534220e-07	
0.89616667	1.85203656e-07	
0.89775000	4.24335135e-08	
0.89933333	5.73716959e-07	
0.90091667	5.41655913e-07	
0.90250000	5.96446923e-07	
0.90408333	6.18617030e-07	
0.90566667	5.80893345e-07	
0.90725000	6.57938410e-07	
0.90883333	5.00967847e-07	
0.91041667	3.72975140e-07	
0.91200000	1.26522417e-07	
0.91358333	4.90020938e-08	
0.91516667	3.08650681e-07	
0.91675000	1.77236123e-07	
0.91833333	3.81609299e-07	
0.91991667	7.75289380e-07	
0.92150000	3.67599374e-07	
0.92308333	5.95844168e-07	
0.92466667	4.62968518e-07	
0.92625000	6.05176259e-07	
0.92783333	6.40350037e-07	
0.92941667	1.86612917e-07	
0.93100000	1.60487199e-07	
0.93258333	-7.02710081e-08	
0.93416667	5.96485635e-08	
0.93575000	1.36228745e-07	
0.93733333	-1.71980969e-08	
0.93891667	2.90467505e-07	
0.94050000	3.52476932e-07	
0.94208333	6.60012743e-07	
0.94366667	7.12039694e-07	
0.94525000	5.66373462e-07	
0.94683333	7.34377976e-07	
0.94841667	6.80192017e-07	
0.95000000	4.29866664e-07	
0.95158333	3.50549129e-07	
0.95316667	2.53132786e-07	
0.95475000	1.27249470e-07	
0.95633333	1.46651568e-07	
0.95791667	3.04468722e-07	
0.95950000	4.94252473e-07	
0.96108333	4.59380101e-07	
0.96266667	5.64946350e-07	
0.96425000	5.49476439e-07	
0.96583333	5.38588095e-07	
0.96741667	5.86181886e-07	
0.96900000	3.53254695e-07	
0.97058333	4.21753048e-07	
0.97216667	5.86377146e-08	
0.97375000	2.31700555e-07	
0.97533333	8.13152357e-08	
0.97691667	1.13991491e-07	
0.97850000	3.22037634e-07	
0.98008333	4.44750172e-07	
0.98166667	6.70125621e-07	
0.98325000	5.77045244e-07	
0.98483333	5.82103559e-07	
0.98641667	6.63859612e-07	
0.98800000	5.63607329e-07	
0.98958333	2.48457248e-07	
0.99116667	-6.55087714e-08	
0.99275000	9.34660519e-08	
0.99433333	1.78393583e-07	
0.99591667	2.14009389e-07	
0.99750000	2.47645016e-07	
0.99908333	1.96828112e-07	
1.00066667	2.32607767e-07	
1.00225000	4.50737597e-07	
1.00383333	4.81894847e-07	
1.00541667	5.72034532e-07	
1.00700000	6.01676046e-07	
1.00858333	5.52112366e-07	
1.01016667	3.93499081e-07	
1.01175000	1.22720827e-07	
1.01333333	2.16748822e-07	
1.01491667	2.48266784e-07	
1.01650000	1.86500842e-07	
1.01808333	3.39381353e-08	
1.01966667	3.82378074e-07	
1.02125000	5.74237278e-07	
1.02283333	5.43384934e-07	
1.02441667	6.92378500e-07	
1.02600000	5.41569501e-07	
1.02758333	5.92429863e-07	
1.02916667	5.59414925e-07	
1.03075000	2.03699130e-07	
1.03233333	1.88186700e-07	
1.03391667	1.59709618e-07	
1.03550000	1.01235505e-07	
1.03708333	1.69734712e-07	
1.03866667	1.29867951e-07	
1.04025000	4.81938025e-07	
1.04183333	5.10587286e-07	
1.04341667	5.69709923e-07	
1.04500000	5.97571173e-07	
1.04658333	5.47705192e-07	
1.04816667	4.81117756e-07	
1.04975000	3.90199749e-07	
1.05133333	1.69346419e-07	
1.05291667	3.48759625e-07	
1.05450000	2.53391630e-07	
1.05608333	3.75964974e-07	
1.05766667	1.00889815e-07	
1.05925000	3.85188784e-07	
1.06083333	5.68922976e-07	
1.06241667	5.58422393e-07	
1.06400000	5.61490547e-07	
1.06558333	4.09644913e-07	
1.06716667	7.18390715e-07	
1.06875000	5.98221363e-07	
1.07033333	1.13748776e-07	
1.07191667	1.21795301e-07	
1.07350000	4.97366157e-08	
1.07508333	1.13680453e-07	
1.07666667	1.92118679e-07	
1.07825000	2.04839173e-07	
1.07983333	2.01269587e-07	
1.08141667	4.77270607e-07	
1.08300000	6.24231954e-07	
1.08458333	4.96196153e-07	
1.08616667	4.94989691e-07	
1.08775000	6.24579617e-07	
1.08933333	3.46227639e-07	
1.09091667	2.25798058e-07	
1.09250000	5.34095265e-08	
1.09408333	1.70901160e-07	
1.09566667	2.50625890e-07	
1.09725000	1.41872160e-07	
1.09883333	3.77927862e-07	
1.10041667	2.63806389e-07	
1.10200000	5.21175570e-07	
1.10358333	6.82568315e-07	
@ 
0.00000000	6.00899795e-07	
0.00158333	6.80234971e-07	
0.00316667	5.37594946e-07	
0.00475000	2.96335645e-07	
0.00633333	2.13422650e-07	
0.00791667	2.56200688e-07	
0.00950000	1.01589762e-07	
0.01108333	6.72545378e-08	
0.01266667	1.84329891e-08	
0.01425000	2.45269025e-07	
0.01583333	3.31700000e-07	
0.01741667	4.79950160e-07	
0.01900000	3.69327976e-07	
0.02058333	5.83830397e-07	
0.02216667	5.47877904e-07	
0.02375000	3.72716044e-07	
0.02533333	1.90579449e-07	
0.02691667	6.99586331e-08	
0.02850000	2.92887346e-07	
0.03008333	2.85628132e-07	
0.03166667	1.79586940e-07	
0.03325000	3.62068286e-07	
0.03483333	5.93320471e-07	
0.03641667	6.74230717e-07	
0.03800000	6.71031070e-07	
0.03958333	5.96535743e-07	
0.04116667	6.25444184e-07	
0.04275000	5.77521938e-07	
0.04433333	4.47844395e-07	
0.04591667	8.60686030e-08	
0.04750000	4.18542725e-08	
0.04908333	8.85406659e-08	
0.05066667	-1.13657187e-08	
0.05225000	1.53469776e-07	
0.05383333	1.51024455e-07	
0.05541667	4.22997060e-07	
0.05700000	5.20136891e-07	
0.05858333	4.41492310e-07	
0.06016667	4.30991335e-07	
0.06175000	3.92490671e-07	
0.06333333	5.61749950e-07	
0.06491667	3.07926065e-07	
0.06650000	1.07743480e-07	
0.06808333	2.21043570e-07	
0.06966667	1.38130366e-07	
0.07125000	2.36582756e-07	
0.07283333	1.64791230e-07	
0.07441667	2.98374696e-07	
0.07600000	5.67194290e-07	
0.07758333	4.29004142e-07	
0.07916667	5.23852882e-07	
0.08075000	6.12911214e-07	
0.08233333	6.47740745e-07	
0.08391667	6.37153526e-07	
0.08550000	1.11295446e-07	
0.08708333	5.70127562e-08	
0.08866667	-4.58948556e-09	
0.09025000	8.23181077e-08	
0.09183333	1.75992475e-07	
0.09341667	1.50505521e-07	
0.09500000	4.02446658e-07	
0.09658333	4.90130241e-07	
0.09816667	5.17501525e-07	
0.09975000	5.85603380e-07	
0.10133333	5.74325538e-07	
0.10291667	5.87634480e-07	
0.10450000	4.73122389e-07	
0.10608333	5.18101543e-08	
0.10766667	8.47778378e-09	
0.10925000	1.21527637e-07	
0.11083333	3.21883067e-07	
0.11241667	1.52303272e-07	
0.11400000	1.68723391e-07	
0.11558333	6.26438397e-07	
0.11716667	5.77133392e-07	
0.11875000	6.52188912e-07	
0.12033333	4.80597381e-07	
0.12191667	5.46581670e-07	
0.12350000	4.74247816e-07	
0.12508333	-8.00974960e-08	
0.12666667	7.78042911e-10	
0.12825000	3.86744043e-08	
0.12983333	2.09359108e-07	
0.13141667	8.72701439e-08	
0.13300000	8.60338674e-08	
0.13458333	3.57739488e-07	
0.13616667	4.36479049e-07	
0.13775000	4.14656886e-07	
0.13933333	5.27570608e-07	
0.14091667	5.74885340e-07	
0.14250000	5.75446877e-07	
0.14408333	4.41291597e-07	
0.14566667	2.55683421e-07	
0.14725000	3.36099165e-07	
0.14883333	1.69907186e-07	
0.15041667	2.99152067e-07	
0.15200000	1.42510673e-07	
0.15358333	2.06679808e-07	
0.15516667	1.63599063e-07	
0.15675000	3.23697745e-07	
0.15833333	6.20690971e-07	
0.15991667	6.35340220e-07	
0.16150000	6.94193317e-07	
0.16308333	5.90787029e-07	
0.16466667	1.86154859e-07	
0.16625000	1.64211422e-07	
0.16783333	1.26609659e-08	
0.16941667	4.60976774e-08	
0.17100000	1.33472091e-07	
0.17258333	9.55401540e-08	
0.17416667	3.59088869e-07	
0.17575000	4.41535992e-07	
0.17733333	3.57401653e-07	
0.17891667	3.50419708e-07	
0.18050000	4.16688461e-07	
0.18208333	7.45398711e-07	
0.18366667	6.55948753e-07	
0.18525000	3.87780804e-07	
0.18683333	9.01042210e-08	
0.18841667	3.03691183e-07	
0.19000000	3.60988250e-07	
0.19158333	4.36089083e-08	
0.19316667	2.68690004e-07	
0.19475000	3.81514123e-07	
0.19633333	4.39720615e-07	
0.19791667	5.05747493e-07	
0.19950000	4.24422324e-07	
0.20108333	6.89656889e-07	
0.20266667	6.55173398e-07	
0.20425000	4.62105043e-07	
0.20583333	4.88851927e-07	
0.20741667	1.69389453e-08	
0.20900000	1.52950829e-07	
0.21058333	1.98237009e-07	
0.21216667	1.80978099e-07	
0.21375000	2.23792202e-07	
0.21533333	2.49286674e-07	
0.21691667	4.95981999e-07	
0.21850000	3.89984055e-07	
0.22008333	4.95507938e-07	
0.22166667	4.85965502e-07	
0.22325000	3.95696255e-07	
0.22483333	2.97570500e-07	
0.22641667	-1.96500091e-07	
0.22800000	1.84253770e-07	
0.22958333	2.89431683e-07	
0.23116667	2.51491381e-07	
0.23275000	2.62466585e-07	
0.23433333	3.23481099e-07	
0.23591667	7.07759310e-07	
0.23750000	4.77617711e-07	
0.23908333	4.96111421e-07	
0.24066667	4.82066551e-07	
0.24225000	6.03525641e-07	
0.24383333	6.04182830e-07	
0.24541667	3.18865876e-07	
0.24700000	-7.77023666e-08	
0.24858333	1.21164461e-07	
0.25016667	1.49459240e-07	
0.25175000	1.25779852e-07	
0.25333333	8.54289143e-08	
0.25491667	2.50981002e-07	
0.25650000	5.38891572e-07	
0.25808333	4.15650707e-07	
0.25966667	5.35087938e-07	
0.26125000	3.42408408e-07	
0.26283333	4.48742647e-07	
0.26441667	4.09602043e-07	
0.26600000	1.51196354e-07	
0.26758333	2.33774342e-07	
0.26916667	2.53737557e-07	
0.27075000	3.16523963e-07	
0.27233333	2.66303429e-07	
0.27391667	2.23791796e-07	
0.27550000	4.39547091e-07	
0.27708333	4.85308256e-07	
0.27866667	6.64073933e-07	
0.28025000	6.29547320e-07	
0.28183333	6.41690457e-07	
0.28341667	6.46920700e-07	
0.28500000	3.72233834e-07	
0.28658333	-1.84428070e-08	
0.28816667	-3.96425968e-08	
0.28975000	-2.46649610e-08	
0.29133333	2.27543565e-08	
0.29291667	-1.85722761e-08	
0.29450000	2.03378894e-07	
0.29608333	4.54068290e-07	
0.29766667	4.81635051e-07	
0.29925000	5.46408286e-07	
0.30083333	5.41266079e-07	
0.30241667	6.65201432e-07	
0.30400000	5.48312427e-07	
0.30558333	6.22410584e-07	
0.30716667	7.48248174e-08	
0.30875000	-1.70866222e-08	
0.31033333	2.13335007e-07	
0.31191667	3.11683329e-07	
0.31350000	3.06629131e-07	
0.31508333	7.21887680e-07	
0.31666667	3.78317415e-07	
0.31825000	5.17934312e-07	
0.31983333	4.73166743e-07	
0.32141667	5.17145741e-07	
0.32300000	5.63089530e-07	
0.32458333	3.63278697e-07	
0.32616667	2.37602813e-07	
0.32775000	2.11909127e-07	
0.32933333	2.60436354e-07	
0.33091667	1.94727430e-07	
0.33250000	1.84599641e-07	
0.33408333	1.65327720e-07	
0.33566667	3.03741641e-07	
0.33725000	5.33315794e-07	
0.33883333	5.12746575e-07	
0.34041667	4.10293086e-07	
0.34200000	5.28969999e-07	
0.34358333	5.18494113e-07	
0.34516667	5.42217674e-07	
0.34675000	1.15461452e-07	
0.34833333	5.19399541e-08	
0.34991667	2.42633323e-07	
0.35150000	1.90113887e-07	
0.35308333	1.72110563e-07	
0.35466667	1.93673518e-07	
0.35625000	4.45251339e-07	
0.35783333	5.13309569e-07	
0.35941667	5.03673328e-07	
0.36100000	6.28683986e-07	
0.36258333	5.04797243e-07	
0.36416667	4.50351964e-07	
0.36575000	2.04891382e-07	
0.36733333	-1.49900638e-07	
0.36891667	-2.93843369e-09	
0.37050000	5.73418515e-08	
0.37208333	1.50945995e-07	
0.37366667	3.49624248e-07	
0.37525000	3.49366496e-07	
0.37683333	6.94885844e-07	
0.37841667	5.71730550e-07	
0.38000000	6.51714403e-07	
0.38158333	6.03317983e-07	
0.38316667	5.80217227e-07	
0.38475000	4.22807744e-07	
0.38633333	1.66494365e-07	
0.38791667	4.32977828e-08	
0.38950000	9.37258335e-08	
0.39108333	4.23040077e-08	
0.39266667	1.28208415e-07	
0.39425000	1.77685039e-07	
0.39583333	5.09851973e-07	
0.39741667	5.49089238e-07	
0.39900000	4.80685529e-07	
0.40058333	6.67402723e-07	
0.40216667	5.93346512e-07	
0.40375000	5.48137139e-07	
0.40533333	1.00068888e-07	
0.40691667	-2.97279977e-09	
0.40850000	1.22418399e-07	
0.41008333	1.40999501e-07	
0.41166667	1.58585816e-07	
0.41325000	2.03993437e-07	
0.41483333	4.75672632e-07	
0.41641667	7.62984620e-07	
0.41800000	6.60185287e-07	
0.41958333	7.60997427e-07	
0.42116667	7.53827145e-07	
0.42275000	7.62033921e-07	
0.42433333	8.57361342e-07	
0.42591667	6.97950918e-07	
0.42750000	5.91392864e-07	
0.42908333	7.81004940e-07	
0.43066667	9.98487507e-07	
0.43225000	1.25101762e-06	
0.43383333	1.69440049e-06	
0.43541667	2.57793702e-06	
0.43700000	3.26730600e-06	
0.43858333	3.88268648e-06	
0.44016667	4.71091705e-06	
0.44175000	5.63270228e-06	
0.44333333	7.05260074e-06	
0.44491667	8.44241107e-06	
0.44650000	9.91572787e-06	
0.44808333	1.28024961e-05	
0.44966667	1.66628282e-05	
0.45125000	2.17886979e-05	
0.45283333	2.87850694e-05	
0.45441667	3.90723816e-05	
0.45600000	5.47110143e-05	
0.45758333	7.86058941e-05	
0.45916667	1.16835966e-04	
0.46075000	1.67607675e-04	
0.46233333	2.17863130e-04	
0.46391667	2.49748168e-04	
0.46550000	2.74674344e-04	
0.46708333	3.18669861e-04	
0.46866667	3.84772051e-04	
0.47025000	4.57306492e-04	
0.47183333	5.82910712e-04	
0.47341667	8.18845124e-04	
0.47500000	1.07179220e-03	
0.47658333	9.85949540e-04	
0.47816667	1.37987439e-03	
0.47975000	2.15329753e-03	
0.48133333	3.69737236e-03	
0.48291667	5.05931700e-03	
0.48450000	6.50470619e-03	
0.48608333	1.01161878e-02	
0.48766667	1.62723076e-02	
0.48925000	1.95779568e-02	
0.49083333	2.44513695e-02	
0.49241667	2.91942082e-02	
0.49400000	3.65858768e-02	
0.49558333	4.47017547e-02	
0.49716667	1.19084099e-01	
0.49875000	1.29460617e-01	
0.50033333	1.36793316e-01	
0.50191667	1.54374920e-01	
0.50350000	2.24981268e-01	
0.50508333	2.40035322e-01	
0.50666667	6.72282381e-01	
0.50825000	1.52691942e+00	
0.50983333	2.30675566e+00	
0.51141667	2.57105705e+00	
0.51300000	3.29737724e+00	
0.51458333	8.06889728e+00	
0.51616667	9.28066434e+00	
0.51775000	9.86623022e+00	
0.51933333	1.03113309e+01	
0.52091667	1.10907087e+01	
0.52250000	1.49295058e+01	
0.52408333	1.62797085e+01	
0.52566667	1.65227724e+01	
0.52725000	1.65831058e+01	
0.52883333	1.67404248e+01	
0.53041667	1.70111346e+01	
0.53200000	1.93257391e+01	
0.53358333	2.07299246e+01	
0.53516667	2.10980035e+01	
0.53675000	2.19242881e+01	
0.53833333	2.32991986e+01	
0.53991667	2.43935960e+01	
0.54150000	2.46896872e+01	
0.54308333	2.47242613e+01	
0.54466667	2.51568245e+01	
0.54625000	2.49650101e+01	
