start voltage : 0.00 V 
set voltage : 0.10 V 
High G : 30.00 G0 
Intermediate G : 20.00 G0 
Low G : 10.00 G0 
Breaking speed 1 : 300.00 V/s 
Breaking speed 2 : 300.00 V/s 
Making speed : 500.00 V/s 
Post breaking : 230.00 V/s 
@ 
0.00000000	2.69429249e+01	
0.00158333	2.71760858e+01	
0.00316667	2.71154217e+01	
0.00475000	2.71068548e+01	
0.00633333	2.72798646e+01	
0.00791667	2.72467355e+01	
0.00950000	2.72615299e+01	
0.01108333	2.72210741e+01	
0.01266667	2.71923252e+01	
0.01425000	2.72542408e+01	
0.01583333	2.71387399e+01	
0.01741667	2.71390575e+01	
0.01900000	2.70032112e+01	
0.02058333	2.70568060e+01	
0.02216667	2.70566725e+01	
0.02375000	2.70767022e+01	
0.02533333	2.69507928e+01	
0.02691667	2.68756238e+01	
0.02850000	2.70522134e+01	
0.03008333	2.68870113e+01	
0.03166667	2.68523526e+01	
0.03325000	2.69042561e+01	
0.03483333	2.68278975e+01	
0.03641667	2.67439792e+01	
0.03800000	2.67096832e+01	
0.03958333	2.67464916e+01	
0.04116667	2.66889958e+01	
0.04275000	2.66719239e+01	
0.04433333	2.67744776e+01	
0.04591667	2.65053031e+01	
0.04750000	2.65366696e+01	
0.04908333	2.64704565e+01	
0.05066667	2.63051342e+01	
0.05225000	2.63947744e+01	
0.05383333	2.62710805e+01	
0.05541667	2.63807411e+01	
0.05700000	2.62985910e+01	
0.05858333	2.62989969e+01	
0.06016667	2.61994781e+01	
0.06175000	2.60303073e+01	
0.06333333	2.61047303e+01	
0.06491667	2.59960244e+01	
0.06650000	2.62030991e+01	
0.06808333	2.63873049e+01	
0.06966667	2.62547809e+01	
0.07125000	2.62011448e+01	
0.07283333	2.60836521e+01	
0.07441667	2.61029000e+01	
0.07600000	2.61641692e+01	
0.07758333	2.62245382e+01	
0.07916667	2.64532455e+01	
0.08075000	2.64775427e+01	
0.08233333	2.65249306e+01	
0.08391667	2.65665196e+01	
0.08550000	2.62084829e+01	
0.08708333	2.61431229e+01	
0.08866667	2.60729091e+01	
0.09025000	2.60361927e+01	
0.09183333	2.61380248e+01	
0.09341667	2.56399889e+01	
0.09500000	2.57525358e+01	
0.09658333	2.57174843e+01	
0.09816667	2.56776073e+01	
0.09975000	2.54948522e+01	
0.10133333	2.53024741e+01	
0.10291667	2.51621781e+01	
0.10450000	2.51481354e+01	
0.10608333	2.51326457e+01	
0.10766667	2.49461023e+01	
0.10925000	2.48506123e+01	
0.11083333	2.36378277e+01	
0.11241667	2.35815533e+01	
0.11400000	2.36634346e+01	
0.11558333	2.36776089e+01	
0.11716667	2.35771580e+01	
0.11875000	2.30320461e+01	
0.12033333	2.27283276e+01	
0.12191667	2.28625540e+01	
0.12350000	2.26771156e+01	
0.12508333	2.26464312e+01	
0.12666667	2.26063305e+01	
0.12825000	2.23504904e+01	
0.12983333	2.16611607e+01	
0.13141667	2.10401957e+01	
0.13300000	2.12873167e+01	
0.13458333	2.12811550e+01	
0.13616667	2.10486762e+01	
0.13775000	2.11372416e+01	
0.13933333	2.09817509e+01	
0.14091667	2.08537707e+01	
0.14250000	2.08414587e+01	
0.14408333	2.06870560e+01	
0.14566667	2.06165585e+01	
0.14725000	2.05163631e+01	
0.14883333	2.03158691e+01	
0.15041667	2.00227996e+01	
0.15200000	1.98572066e+01	
0.15358333	1.99503365e+01	
0.15516667	1.97100631e+01	
0.15675000	1.96442897e+01	
0.15833333	1.97619591e+01	
0.15991667	1.95249967e+01	
0.16150000	1.78655348e+01	
0.16308333	1.76019846e+01	
0.16466667	1.76188930e+01	
0.16625000	1.78267420e+01	
0.16783333	1.76631184e+01	
0.16941667	1.74728036e+01	
0.17100000	1.73807054e+01	
0.17258333	1.73184873e+01	
0.17416667	1.73024264e+01	
0.17575000	1.72553485e+01	
0.17733333	1.71331955e+01	
0.17891667	1.70023609e+01	
0.18050000	1.69841840e+01	
0.18208333	1.70325924e+01	
0.18366667	1.68783457e+01	
0.18525000	1.59327004e+01	
0.18683333	1.58172127e+01	
0.18841667	1.56451762e+01	
0.19000000	1.52727660e+01	
0.19158333	1.51117553e+01	
0.19316667	1.50252889e+01	
0.19475000	1.49608948e+01	
0.19633333	1.51279328e+01	
0.19791667	1.50164890e+01	
0.19950000	1.48887963e+01	
0.20108333	1.45394918e+01	
0.20266667	1.42069051e+01	
0.20425000	1.43005113e+01	
0.20583333	1.42539426e+01	
0.20741667	1.42032032e+01	
0.20900000	1.43013268e+01	
0.21058333	1.40387622e+01	
0.21216667	1.37676372e+01	
0.21375000	1.37576966e+01	
0.21533333	1.37042907e+01	
0.21691667	1.35928807e+01	
0.21850000	1.34422203e+01	
0.22008333	1.34606574e+01	
0.22166667	1.33189051e+01	
0.22325000	1.26273232e+01	
0.22483333	1.13265586e+01	
0.22641667	1.11448051e+01	
0.22800000	1.11548500e+01	
0.22958333	1.10708246e+01	
0.23116667	1.09793381e+01	
0.23275000	1.10376297e+01	
0.23433333	1.09563253e+01	
0.23591667	1.08480441e+01	
0.23750000	1.08641041e+01	
0.23908333	1.08360016e+01	
0.24066667	1.08913759e+01	
0.24225000	1.07421211e+01	
0.24383333	1.08023774e+01	
0.24541667	1.07095041e+01	
0.24700000	1.06444466e+01	
0.24858333	1.04410418e+01	
0.25016667	1.02766985e+01	
0.25175000	1.02883059e+01	
0.25333333	1.03177754e+01	
0.25491667	1.02513378e+01	
0.25650000	1.02286557e+01	
0.25808333	1.01424223e+01	
0.25966667	9.98016954e+00	
0.26125000	9.93988657e+00	
0.26283333	9.89321926e+00	
0.26441667	9.31508817e+00	
0.26600000	8.77174546e+00	
0.26758333	8.09576794e+00	
0.26916667	7.96322051e+00	
0.27075000	7.70239504e+00	
0.27233333	7.71462678e+00	
0.27391667	7.57655799e+00	
0.27550000	7.57323145e+00	
0.27708333	7.60154998e+00	
0.27866667	7.63908096e+00	
0.28025000	7.61200641e+00	
0.28183333	7.70618008e+00	
0.28341667	7.59366796e+00	
0.28500000	7.45599895e+00	
0.28658333	7.23827186e+00	
0.28816667	7.14872415e+00	
0.28975000	7.13649287e+00	
0.29133333	7.04469302e+00	
0.29291667	6.87442670e+00	
0.29450000	6.61456523e+00	
0.29608333	6.42193488e+00	
0.29766667	6.21146359e+00	
0.29925000	6.09823740e+00	
0.30083333	6.01253815e+00	
0.30241667	6.15377845e+00	
0.30400000	6.03751840e+00	
0.30558333	5.97678014e+00	
0.30716667	5.98099738e+00	
0.30875000	5.89473815e+00	
0.31033333	5.53395598e+00	
0.31191667	5.23117277e+00	
0.31350000	5.29694758e+00	
0.31508333	5.11181356e+00	
0.31666667	5.29743521e+00	
0.31825000	5.32028640e+00	
0.31983333	5.31685464e+00	
0.32141667	5.31656149e+00	
0.32300000	5.24543586e+00	
0.32458333	5.10778376e+00	
0.32616667	4.99618302e+00	
0.32775000	4.93883989e+00	
0.32933333	4.88060698e+00	
0.33091667	4.87085992e+00	
0.33250000	4.82734203e+00	
0.33408333	4.70611449e+00	
0.33566667	4.76034156e+00	
0.33725000	4.74660228e+00	
0.33883333	4.73102615e+00	
0.34041667	4.64169313e+00	
0.34200000	4.55372201e+00	
0.34358333	4.53163892e+00	
0.34516667	4.34182163e+00	
0.34675000	4.21747756e+00	
0.34833333	3.93182687e+00	
0.34991667	3.84856344e+00	
0.35150000	3.66903441e+00	
0.35308333	3.51065854e+00	
0.35466667	3.13019810e+00	
0.35625000	3.15002811e+00	
0.35783333	3.18619272e+00	
0.35941667	3.16958190e+00	
0.36100000	3.13547611e+00	
0.36258333	3.04238224e+00	
0.36416667	2.96371800e+00	
0.36575000	3.05661926e+00	
0.36733333	2.98232658e+00	
0.36891667	2.95418892e+00	
0.37050000	2.75333150e+00	
0.37208333	2.41211227e+00	
0.37366667	2.13739743e+00	
0.37525000	1.98759510e+00	
0.37683333	1.95189851e+00	
0.37841667	1.94089431e+00	
0.38000000	1.95020248e+00	
0.38158333	1.92127863e+00	
0.38316667	1.91924647e+00	
0.38475000	1.91598253e+00	
0.38633333	1.88445139e+00	
0.38791667	1.88399477e+00	
0.38950000	1.77716585e+00	
0.39108333	1.80943525e+00	
0.39266667	1.80236360e+00	
0.39425000	1.78314619e+00	
0.39583333	1.57655870e+00	
0.39741667	9.82190794e-01	
0.39900000	8.27587633e-01	
0.40058333	1.01711570e+00	
0.40216667	9.92325367e-01	
0.40375000	9.99815236e-01	
0.40533333	9.43953853e-01	
0.40691667	9.73111530e-01	
0.40850000	7.97653757e-01	
0.41008333	6.56388444e-01	
0.41166667	7.97475533e-01	
0.41325000	8.15983226e-01	
0.41483333	8.05136228e-01	
0.41641667	7.41978114e-01	
0.41800000	7.45822702e-01	
0.41958333	7.03436460e-01	
0.42116667	8.03652887e-01	
0.42275000	7.56782214e-01	
0.42433333	7.01230711e-01	
0.42591667	5.14558627e-01	
0.42750000	4.56923225e-01	
0.42908333	3.48340372e-01	
0.43066667	2.97041258e-01	
0.43225000	2.96253579e-01	
0.43383333	2.55507292e-01	
0.43541667	2.61995936e-01	
0.43700000	1.86663599e-01	
0.43858333	1.33650554e-01	
0.44016667	1.28834441e-01	
0.44175000	1.22896602e-01	
0.44333333	1.17359019e-01	
0.44491667	9.67179667e-02	
0.44650000	1.03397262e-01	
0.44808333	9.48306790e-02	
0.44966667	9.31698782e-02	
0.45125000	8.29044783e-02	
0.45283333	6.28247656e-02	
0.45441667	1.37102664e-02	
0.45600000	8.55415779e-04	
0.45758333	2.12123311e-04	
0.45916667	9.82769328e-04	
0.46075000	5.10053784e-04	
0.46233333	1.03442351e-04	
0.46391667	4.85644580e-05	
0.46550000	3.81707106e-05	
0.46708333	3.95480105e-05	
0.46866667	4.67547579e-05	
0.47025000	5.73278352e-05	
0.47183333	6.65006705e-05	
0.47341667	7.07117512e-05	
0.47500000	7.00477567e-05	
0.47658333	6.62443528e-05	
0.47816667	6.00714709e-05	
0.47975000	5.05009801e-05	
0.48133333	4.13700724e-05	
0.48291667	3.38950648e-05	
0.48450000	2.74939937e-05	
0.48608333	2.25933330e-05	
0.48766667	1.86484407e-05	
0.48925000	1.55299789e-05	
0.49083333	1.33107131e-05	
0.49241667	1.11500448e-05	
0.49400000	9.69271690e-06	
0.49558333	8.81959293e-06	
0.49716667	8.42684954e-06	
0.49875000	8.04566866e-06	
0.50033333	7.53848751e-06	
0.50191667	7.14492738e-06	
0.50350000	6.76238049e-06	
0.50508333	6.64739299e-06	
0.50666667	6.32642243e-06	
0.50825000	5.88428438e-06	
0.50983333	5.57704698e-06	
0.51141667	5.31786735e-06	
0.51300000	4.99978249e-06	
0.51458333	4.50860461e-06	
0.51616667	4.11991267e-06	
0.51775000	4.01219654e-06	
0.51933333	3.67569760e-06	
0.52091667	3.44814304e-06	
0.52250000	3.20422006e-06	
0.52408333	2.96332727e-06	
0.52566667	2.81462649e-06	
0.52725000	2.64393284e-06	
0.52883333	2.49562072e-06	
0.53041667	2.21149443e-06	
0.53200000	2.12591094e-06	
0.53358333	2.07365769e-06	
0.53516667	1.36328127e-06	
0.53675000	1.30898650e-06	
0.53833333	1.26678849e-06	
0.53991667	1.23898515e-06	
0.54150000	1.10360333e-06	
0.54308333	9.75761239e-07	
0.54466667	1.19825553e-06	
0.54625000	9.69107581e-07	
0.54783333	9.92569161e-07	
0.54941667	9.51087876e-07	
0.55100000	8.85921672e-07	
0.55258333	9.00273492e-07	
0.55416667	6.95055700e-07	
0.55575000	3.01047444e-07	
0.55733333	4.01953416e-07	
0.55891667	2.94055082e-07	
0.56050000	3.03871175e-07	
0.56208333	2.85930574e-07	
0.56366667	3.67047554e-07	
0.56525000	7.53957351e-07	
0.56683333	7.59310855e-07	
0.56841667	7.33645295e-07	
0.57000000	6.81920086e-07	
0.57158333	7.13307647e-07	
0.57316667	5.35305116e-07	
0.57475000	3.69154900e-07	
0.57633333	3.72656849e-07	
0.57791667	3.90804884e-07	
0.57950000	3.50531769e-07	
0.58108333	2.40212811e-07	
0.58266667	9.03111993e-08	
0.58425000	4.94038656e-07	
0.58583333	4.79344549e-07	
0.58741667	6.33178243e-07	
0.58900000	7.00457926e-07	
0.59058333	6.20173452e-07	
0.59216667	6.72934427e-07	
0.59375000	4.35442667e-07	
0.59533333	1.31484758e-07	
0.59691667	1.66217292e-07	
0.59850000	2.47472024e-07	
0.60008333	3.67730028e-07	
0.60166667	1.67367122e-07	
0.60325000	3.49286861e-07	
0.60483333	5.99129667e-07	
0.60641667	4.87857827e-07	
0.60800000	6.10275736e-07	
0.60958333	5.44205371e-07	
0.61116667	7.00588972e-07	
0.61275000	6.83909408e-07	
0.61433333	4.47758039e-07	
0.61591667	1.62181485e-07	
0.61750000	2.65924488e-07	
0.61908333	3.84322733e-07	
0.62066667	3.22237479e-07	
0.62225000	2.54567991e-07	
0.62383333	5.18018596e-07	
0.62541667	5.70261996e-07	
0.62700000	7.65836380e-07	
0.62858333	4.81851893e-07	
0.63016667	4.63970795e-07	
0.63175000	5.31847184e-07	
0.63333333	5.39063948e-07	
0.63491667	1.64453871e-07	
0.63650000	1.29219092e-07	
0.63808333	1.62345503e-07	
0.63966667	2.29495750e-07	
0.64125000	2.51050165e-07	
0.64283333	3.21926581e-07	
0.64441667	4.31034625e-07	
0.64600000	5.02073280e-07	
0.64758333	5.06223459e-07	
0.64916667	4.64047798e-07	
0.65075000	5.70002984e-07	
0.65233333	6.24320662e-07	
0.65391667	5.62830743e-07	
0.65550000	2.08408087e-07	
0.65708333	1.88920305e-07	
0.65866667	2.70201428e-07	
0.66025000	2.14329639e-07	
0.66183333	1.37334780e-07	
0.66341667	1.78040053e-07	
0.66500000	4.14269293e-07	
0.66658333	6.96526942e-07	
0.66816667	7.13421668e-07	
0.66975000	6.51370211e-07	
0.67133333	7.60092370e-07	
0.67291667	6.64159841e-07	
0.67450000	3.75697226e-07	
0.67608333	2.25175044e-07	
0.67766667	2.63288058e-07	
0.67925000	3.42709618e-07	
0.68083333	3.23947040e-07	
0.68241667	3.30438039e-07	
0.68400000	4.23644309e-07	
0.68558333	6.10621999e-07	
0.68716667	6.33437367e-07	
0.68875000	6.12741078e-07	
0.69033333	6.06947170e-07	
0.69191667	4.73382129e-07	
0.69350000	4.79216415e-07	
0.69508333	2.56892207e-07	
0.69666667	8.37437986e-08	
0.69825000	2.17613949e-07	
0.69983333	1.36116012e-07	
0.70141667	1.42381405e-07	
0.70300000	1.25070846e-07	
0.70458333	3.81920757e-07	
0.70616667	5.68620786e-07	
0.70775000	5.36773893e-07	
0.70933333	5.97181396e-07	
0.71091667	5.00044085e-07	
0.71250000	5.66538669e-07	
0.71408333	2.32088820e-07	
0.71566667	2.90380674e-07	
0.71725000	1.90735150e-07	
0.71883333	2.44715301e-07	
0.72041667	2.28589573e-07	
0.72200000	2.36280258e-07	
0.72358333	4.24233596e-07	
0.72516667	4.83624597e-07	
0.72675000	5.32927305e-07	
0.72833333	4.91313910e-07	
0.72991667	4.88713657e-07	
0.73150000	6.51541691e-07	
0.73308333	6.87022755e-07	
0.73466667	4.93000761e-07	
0.73625000	2.46348278e-07	
0.73783333	2.14414497e-07	
0.73941667	2.54343785e-07	
0.74100000	2.86076348e-07	
0.74258333	8.77282584e-08	
0.74416667	2.10310899e-07	
0.74575000	3.84194067e-07	
0.74733333	5.10241303e-07	
0.74891667	6.29047386e-07	
0.75050000	5.15141411e-07	
0.75208333	6.35164204e-07	
0.75366667	4.95549492e-07	
0.75525000	2.24724882e-07	
0.75683333	1.64462468e-07	
0.75841667	1.50116808e-07	
0.76000000	2.02315882e-07	
0.76158333	1.50738422e-07	
0.76316667	1.74903478e-07	
0.76475000	6.29721656e-07	
0.76633333	4.29911074e-07	
0.76791667	4.57808810e-07	
0.76950000	4.84271202e-07	
0.77108333	6.23024204e-07	
0.77266667	7.50056104e-07	
0.77425000	3.68222626e-07	
0.77583333	1.63502892e-07	
0.77741667	3.25206452e-08	
0.77900000	2.28891189e-07	
0.78058333	2.56131441e-07	
0.78216667	1.64895031e-07	
0.78375000	3.45993689e-07	
0.78533333	5.84869468e-07	
0.78691667	6.09194775e-07	
0.78850000	6.08288374e-07	
0.79008333	4.98037739e-07	
0.79166667	7.09488499e-07	
0.79325000	5.43296898e-07	
0.79483333	2.96647243e-07	
0.79641667	1.32918562e-07	
0.79800000	5.53971957e-08	
0.79958333	1.45233459e-07	
0.80116667	9.21614734e-08	
0.80275000	9.60164133e-08	
0.80433333	2.18572025e-07	
0.80591667	4.72647600e-07	
0.80750000	5.63564488e-07	
0.80908333	6.07726053e-07	
0.81066667	5.81971898e-07	
0.81225000	6.57074795e-07	
0.81383333	5.30075881e-07	
0.81541667	3.25684182e-07	
0.81700000	1.26349635e-07	
0.81858333	1.83648956e-07	
0.82016667	2.86794189e-07	
0.82175000	1.44679818e-07	
0.82333333	3.21510622e-07	
0.82491667	3.21192612e-07	
0.82650000	5.18668169e-07	
0.82808333	5.30680148e-07	
0.82966667	4.78092332e-07	
0.83125000	5.79517699e-07	
0.83283333	5.15935078e-07	
0.83441667	4.07251170e-07	
0.83600000	-6.04966270e-09	
0.83758333	8.32687923e-08	
0.83916667	3.02912160e-07	
0.84075000	2.74652200e-07	
0.84233333	1.81332469e-07	
0.84391667	4.14311770e-07	
0.84550000	5.21993934e-07	
0.84708333	6.19566552e-07	
0.84866667	5.73848173e-07	
0.85025000	5.79421543e-07	
0.85183333	4.67679757e-07	
0.85341667	3.94899871e-07	
0.85500000	3.84539771e-07	
0.85658333	1.55086527e-07	
0.85816667	1.36505509e-07	
0.85975000	3.19703561e-07	
0.86133333	1.98514403e-07	
0.86291667	3.22381994e-07	
0.86450000	2.92438346e-07	
0.86608333	7.53092280e-07	
0.86766667	5.67626686e-07	
0.86925000	6.28294040e-07	
0.87083333	5.38241719e-07	
0.87241667	5.37030609e-07	
0.87400000	5.19920833e-07	
0.87558333	1.44671908e-07	
0.87716667	2.22927817e-07	
0.87875000	2.39002708e-07	
0.88033333	3.24388284e-07	
0.88191667	2.75473113e-07	
0.88350000	1.66882112e-07	
0.88508333	5.25539845e-07	
0.88666667	4.86692022e-07	
0.88825000	3.73044191e-07	
0.88983333	4.33239360e-07	
0.89141667	4.25235677e-07	
0.89300000	5.88756826e-07	
0.89458333	2.52113961e-07	
0.89616667	1.81504986e-09	
0.89775000	1.06334778e-07	
0.89933333	1.02886676e-07	
0.90091667	2.52441351e-07	
0.90250000	2.19860321e-07	
0.90408333	3.30438515e-07	
0.90566667	7.11563112e-07	
0.90725000	6.07984897e-07	
0.90883333	4.33627345e-07	
0.91041667	4.34059713e-07	
0.91200000	4.78308614e-07	
0.91358333	5.10026309e-07	
0.91516667	2.95964152e-07	
0.91675000	1.78213255e-07	
0.91833333	2.76380269e-07	
0.91991667	2.84288552e-07	
0.92150000	2.33860193e-07	
0.92308333	6.06687963e-08	
0.92466667	2.71021949e-07	
0.92625000	5.92040981e-07	
0.92783333	6.81143947e-07	
0.92941667	7.10831608e-07	
0.93100000	6.76520380e-07	
0.93258333	9.10628861e-07	
0.93416667	7.09834539e-07	
0.93575000	2.63849567e-07	
0.93733333	2.32667704e-07	
0.93891667	1.61757854e-07	
0.94050000	1.93025639e-07	
0.94208333	1.20438598e-07	
0.94366667	3.23567791e-07	
0.94525000	5.89837842e-07	
0.94683333	5.11278861e-07	
0.94841667	6.23714379e-07	
0.95000000	4.29780869e-07	
0.95158333	4.90839848e-07	
0.95316667	5.11573323e-07	
0.95475000	2.04546196e-07	
0.95633333	2.16403230e-07	
0.95791667	9.39593150e-08	
0.95950000	1.35122569e-07	
0.96108333	2.01332058e-07	
0.96266667	2.19604159e-08	
0.96425000	1.74348997e-07	
0.96583333	4.33151352e-07	
0.96741667	4.38509588e-07	
0.96900000	4.68022465e-07	
0.97058333	5.10759886e-07	
0.97216667	5.52071932e-07	
0.97375000	4.16878002e-07	
0.97533333	7.69201515e-09	
0.97691667	1.65758688e-07	
0.97850000	1.72197311e-07	
0.98008333	2.35286801e-07	
0.98166667	1.21934425e-07	
0.98325000	5.43083494e-08	
0.98483333	3.20499273e-07	
0.98641667	5.85947684e-07	
0.98800000	5.30852804e-07	
0.98958333	4.60807017e-07	
0.99116667	6.83045625e-07	
0.99275000	6.01798579e-07	
0.99433333	4.75585044e-07	
0.99591667	3.26885884e-07	
0.99750000	1.55173289e-07	
0.99908333	2.49330188e-07	
1.00066667	1.50064922e-07	
1.00225000	5.06431074e-09	
1.00383333	2.12332548e-07	
1.00541667	3.26159671e-07	
1.00700000	6.60357271e-07	
1.00858333	4.48707506e-07	
1.01016667	3.96033558e-07	
1.01175000	5.74970799e-07	
1.01333333	6.20164211e-07	
1.01491667	4.23039482e-07	
1.01650000	5.03410368e-08	
1.01808333	1.53530175e-07	
1.01966667	2.73286243e-07	
1.02125000	2.69942473e-07	
1.02283333	2.07605067e-07	
1.02441667	1.06360371e-07	
1.02600000	5.12229616e-07	
@ 
0.00000000	5.35865645e-07	
0.00158333	4.09213442e-07	
0.00316667	5.22686965e-07	
0.00475000	6.00164930e-07	
0.00633333	5.63659916e-07	
0.00791667	3.74875557e-07	
0.00950000	1.69605514e-07	
0.01108333	2.23273688e-07	
0.01266667	1.75594129e-07	
0.01425000	2.36885925e-07	
0.01583333	1.89568422e-07	
0.01741667	3.61161242e-07	
0.01900000	5.78904248e-07	
0.02058333	4.48708402e-07	
0.02216667	5.59501169e-07	
0.02375000	4.82716124e-07	
0.02533333	5.66588959e-07	
0.02691667	2.89095192e-07	
0.02850000	1.35044502e-07	
0.03008333	1.31621558e-07	
0.03166667	1.37671663e-07	
0.03325000	1.07847308e-07	
0.03483333	1.19626044e-07	
0.03641667	1.08314215e-07	
0.03800000	5.26143720e-07	
0.03958333	5.24285445e-07	
0.04116667	4.99265986e-07	
0.04275000	5.32756105e-07	
0.04433333	5.54706066e-07	
0.04591667	5.67066101e-07	
0.04750000	2.58187293e-07	
0.04908333	8.34420921e-08	
0.05066667	3.22698625e-08	
0.05225000	1.67384091e-07	
0.05383333	1.08288160e-07	
0.05541667	1.06611312e-07	
0.05700000	2.19600218e-07	
0.05858333	7.50410543e-07	
0.06016667	6.21726513e-07	
0.06175000	7.47430426e-07	
0.06333333	6.13777965e-07	
0.06491667	6.95704993e-07	
0.06650000	4.52242860e-07	
0.06808333	2.62232803e-07	
0.06966667	1.06472790e-07	
0.07125000	2.57883259e-08	
0.07283333	1.87814171e-07	
0.07441667	1.14847510e-07	
0.07600000	1.10691039e-07	
0.07758333	3.57660244e-07	
0.07916667	3.76631572e-07	
0.08075000	4.12755461e-07	
0.08233333	4.66295935e-07	
0.08391667	5.05227454e-07	
0.08550000	5.71513652e-07	
0.08708333	3.44785939e-07	
0.08866667	2.38173311e-07	
0.09025000	2.51015779e-07	
0.09183333	2.73096562e-07	
0.09341667	2.06999960e-07	
0.09500000	1.91258364e-08	
0.09658333	2.80053978e-07	
0.09816667	4.05496779e-07	
0.09975000	4.27275512e-07	
0.10133333	5.29253820e-07	
0.10291667	5.35089170e-07	
0.10450000	5.71317419e-07	
0.10608333	4.49354783e-07	
0.10766667	2.73613577e-07	
0.10925000	2.47679598e-07	
0.11083333	1.96612096e-07	
0.11241667	2.61680114e-07	
0.11400000	3.25814724e-07	
0.11558333	4.05574314e-07	
0.11716667	5.19014657e-07	
0.11875000	5.10924086e-07	
0.12033333	5.60064331e-07	
0.12191667	4.56962052e-07	
0.12350000	6.36166313e-07	
0.12508333	7.75099699e-07	
0.12666667	4.18894400e-07	
0.12825000	1.09750531e-08	
0.12983333	4.82239738e-08	
0.13141667	1.19609075e-07	
0.13300000	1.45017821e-07	
0.13458333	1.22978872e-07	
0.13616667	2.92023171e-07	
0.13775000	4.94512885e-07	
0.13933333	7.35416095e-07	
0.14091667	5.59415821e-07	
0.14250000	5.13999576e-07	
0.14408333	5.29384586e-07	
0.14566667	4.12237101e-07	
0.14725000	4.23161204e-07	
0.14883333	-1.06265650e-07	
0.15041667	-6.63734152e-08	
0.15200000	1.00907547e-07	
0.15358333	3.06372492e-08	
0.15516667	1.51887999e-07	
0.15675000	2.77408896e-07	
0.15833333	5.26966621e-07	
0.15991667	5.49736571e-07	
0.16150000	4.64913233e-07	
0.16308333	5.85301863e-07	
0.16466667	5.74885004e-07	
0.16625000	5.62096382e-07	
0.16783333	3.09740378e-07	
0.16941667	-3.66436902e-08	
0.17100000	1.73710275e-07	
0.17258333	1.93604467e-07	
0.17416667	1.78808687e-07	
0.17575000	8.47375072e-08	
0.17733333	-2.14505515e-08	
0.17891667	3.94650632e-07	
0.18050000	4.12159258e-07	
0.18208333	5.10240911e-07	
0.18366667	5.81323836e-07	
0.18525000	5.73198936e-07	
0.18683333	7.44018361e-07	
0.18841667	1.39642406e-07	
0.19000000	4.49396225e-08	
0.19158333	1.65932001e-07	
0.19316667	1.33851970e-07	
0.19475000	2.06957174e-07	
0.19633333	1.13801495e-07	
0.19791667	1.81099008e-07	
0.19950000	3.62068874e-07	
0.20108333	3.91625881e-07	
0.20266667	5.11926419e-07	
0.20425000	4.32028473e-07	
0.20583333	5.07130363e-07	
0.20741667	2.13681284e-07	
0.20900000	1.20733087e-07	
0.21058333	7.34421784e-08	
0.21216667	8.85399099e-08	
0.21375000	2.54879393e-07	
0.21533333	2.60046324e-07	
0.21691667	1.51067955e-07	
0.21850000	6.89352796e-07	
0.22008333	6.85638485e-07	
0.22166667	6.65027152e-07	
0.22325000	6.98989260e-07	
0.22483333	6.39519744e-07	
0.22641667	6.67150432e-07	
0.22800000	3.91608184e-07	
0.22958333	1.35294595e-07	
0.23116667	9.00959257e-08	
0.23275000	1.49969269e-07	
0.23433333	1.05306922e-07	
0.23591667	9.57989416e-08	
0.23750000	3.91452721e-07	
0.23908333	5.75682143e-07	
0.24066667	5.94763151e-07	
0.24225000	6.48043326e-07	
0.24383333	4.44221985e-07	
0.24541667	5.97935358e-07	
0.24700000	2.92193951e-07	
0.24858333	-2.41972529e-09	
0.25016667	-1.64383616e-08	
0.25175000	2.21843699e-08	
0.25333333	1.69932765e-07	
0.25491667	3.27373080e-10	
0.25650000	2.01478883e-07	
0.25808333	2.98843661e-07	
0.25966667	4.12885834e-07	
0.26125000	4.80900522e-07	
0.26283333	3.71186195e-07	
0.26441667	4.92134570e-07	
0.26600000	5.00086815e-07	
0.26758333	1.83052194e-07	
0.26916667	2.73398920e-07	
0.27075000	1.29054725e-07	
0.27233333	1.83562111e-07	
0.27391667	3.50755751e-07	
0.27550000	1.50496715e-07	
0.27708333	3.89353131e-07	
0.27866667	3.32572631e-07	
0.28025000	4.27231606e-07	
0.28183333	4.32071707e-07	
0.28341667	3.89768445e-07	
0.28500000	7.45616112e-07	
0.28658333	5.75579939e-07	
0.28816667	3.34326209e-07	
0.28975000	2.15279148e-07	
0.29133333	2.12902835e-07	
0.29291667	2.16402460e-07	
0.29450000	2.38097011e-08	
0.29608333	1.02445376e-07	
0.29766667	7.50507246e-08	
0.29925000	2.34335431e-07	
0.30083333	4.03637860e-07	
0.30241667	1.94804951e-07	
0.30400000	3.34024692e-07	
0.30558333	4.18244351e-07	
0.30716667	3.90114205e-07	
0.30875000	2.44836602e-07	
0.31033333	-1.11571916e-08	
0.31191667	2.09445716e-07	
0.31350000	1.82654450e-07	
0.31508333	3.03535328e-07	
0.31666667	4.42737190e-07	
0.31825000	6.17836019e-07	
0.31983333	7.21761954e-07	
0.32141667	6.60573888e-07	
0.32300000	6.64159505e-07	
0.32458333	5.45371063e-07	
0.32616667	4.65905738e-07	
0.32775000	2.75473225e-07	
0.32933333	2.93414778e-07	
0.33091667	2.58836362e-07	
0.33250000	2.74739256e-07	
0.33408333	6.33735496e-08	
0.33566667	1.05047204e-07	
0.33725000	9.26354926e-08	
0.33883333	4.35831352e-07	
0.34041667	5.32193056e-07	
0.34200000	5.36687314e-07	
0.34358333	5.45846973e-07	
0.34516667	5.15815569e-07	
0.34675000	6.33991120e-07	
0.34833333	3.78575699e-07	
0.34991667	1.20887962e-07	
0.35150000	2.63633341e-07	
0.35308333	2.43505198e-07	
0.35466667	2.48250739e-07	
0.35625000	1.58629834e-07	
0.35783333	3.48726780e-07	
0.35941667	7.46867433e-07	
0.36100000	4.85394668e-07	
0.36258333	5.07302739e-07	
0.36416667	7.06249258e-07	
0.36575000	7.41965365e-07	
0.36733333	6.65585889e-07	
0.36891667	3.81168951e-07	
0.37050000	5.04062042e-07	
0.37208333	6.99248944e-07	
0.37366667	8.28710121e-07	
0.37525000	9.86863177e-07	
0.37683333	1.17138518e-06	
0.37841667	1.58234518e-06	
0.38000000	1.88128435e-06	
0.38158333	2.14056613e-06	
0.38316667	2.27360368e-06	
0.38475000	2.75427773e-06	
0.38633333	3.32944280e-06	
0.38791667	3.63819026e-06	
0.38950000	4.66377279e-06	
0.39108333	6.30512042e-06	
0.39266667	8.71517109e-06	
0.39425000	1.24573235e-05	
0.39583333	1.75137492e-05	
0.39741667	2.41330867e-05	
0.39900000	3.27123133e-05	
0.40058333	4.38720568e-05	
0.40216667	5.97845445e-05	
0.40375000	8.41159249e-05	
0.40533333	1.19272758e-04	
0.40691667	1.59963994e-04	
0.40850000	1.96379655e-04	
0.41008333	2.45749105e-04	
0.41166667	3.34586087e-04	
0.41325000	4.43408062e-04	
0.41483333	4.84083642e-04	
0.41641667	5.23043929e-04	
0.41800000	6.90164517e-04	
0.41958333	9.31022935e-04	
0.42116667	1.08726947e-03	
0.42275000	1.74638964e-03	
0.42433333	1.77771131e-03	
0.42591667	2.08610065e-03	
0.42750000	2.27811648e-03	
0.42908333	2.63470229e-03	
0.43066667	3.06640041e-03	
0.43225000	1.74624479e-03	
0.43383333	2.21066062e-03	
0.43541667	1.76547768e-03	
0.43700000	3.05283702e-03	
0.43858333	2.50853914e-03	
0.44016667	3.01974782e-03	
0.44175000	3.90999809e-03	
0.44333333	3.76755172e-03	
0.44491667	5.95638945e-03	
0.44650000	8.17009013e-03	
0.44808333	2.61702986e-02	
0.44966667	3.24152156e-02	
0.45125000	4.63759810e-02	
0.45283333	6.49678795e-02	
0.45441667	8.91378398e-02	
0.45600000	1.86232807e-01	
0.45758333	5.36468431e-01	
0.45916667	5.82445812e-01	
0.46075000	6.23630995e-01	
0.46233333	6.81620554e-01	
0.46391667	8.19037756e-01	
0.46550000	9.97677841e-01	
0.46708333	1.14145262e+00	
0.46866667	1.56523775e+00	
0.47025000	1.90058845e+00	
0.47183333	3.35261880e+00	
0.47341667	4.01528478e+00	
0.47500000	4.00044715e+00	
0.47658333	4.01273480e+00	
0.47816667	4.19087844e+00	
0.47975000	4.61134514e+00	
0.48133333	4.82184603e+00	
0.48291667	5.02700643e+00	
0.48450000	5.73797904e+00	
0.48608333	6.74492112e+00	
0.48766667	9.06181305e+00	
0.48925000	1.12302916e+01	
0.49083333	1.13604563e+01	
0.49241667	1.17547236e+01	
0.49400000	1.18491275e+01	
0.49558333	1.23015953e+01	
0.49716667	1.27893261e+01	
0.49875000	1.34420211e+01	
0.50033333	1.59664083e+01	
0.50191667	1.59520893e+01	
0.50350000	1.67595619e+01	
0.50508333	1.94359446e+01	
0.50666667	1.92886338e+01	
