start voltage : 0.00 V 
set voltage : 0.10 V 
High G : 30.00 G0 
Intermediate G : 20.00 G0 
Low G : 10.00 G0 
Breaking speed 1 : 300.00 V/s 
Breaking speed 2 : 300.00 V/s 
Making speed : 500.00 V/s 
Post breaking : 230.00 V/s 
@ 
0.00000000	4.25536134e+01	
0.00158333	4.33830587e+01	
0.00316667	4.31908798e+01	
0.00475000	4.33084534e+01	
0.00633333	4.32312586e+01	
0.00791667	4.32136399e+01	
0.00950000	4.33252378e+01	
0.01108333	4.31976635e+01	
0.01266667	4.31797666e+01	
0.01425000	4.32760196e+01	
0.01583333	4.32271509e+01	
0.01741667	4.33111406e+01	
0.01900000	4.31924320e+01	
0.02058333	4.32793870e+01	
0.02216667	4.32266435e+01	
0.02375000	4.34727835e+01	
0.02533333	4.32584685e+01	
0.02691667	4.31191270e+01	
0.02850000	4.30232650e+01	
0.03008333	4.31354191e+01	
0.03166667	4.30841902e+01	
0.03325000	4.30820217e+01	
0.03483333	4.29581869e+01	
0.03641667	4.30384972e+01	
0.03800000	4.30406470e+01	
0.03958333	4.29688904e+01	
0.04116667	4.31244826e+01	
0.04275000	4.31475809e+01	
0.04433333	4.31008995e+01	
0.04591667	4.30068977e+01	
0.04750000	4.31390383e+01	
0.04908333	4.31610317e+01	
0.05066667	4.29128847e+01	
0.05225000	4.27240469e+01	
0.05383333	4.28649405e+01	
0.05541667	4.29770984e+01	
0.05700000	4.30362723e+01	
0.05858333	4.27714312e+01	
0.06016667	4.30227238e+01	
0.06175000	4.28848857e+01	
0.06333333	4.27207660e+01	
0.06491667	4.29232388e+01	
0.06650000	4.28141514e+01	
0.06808333	4.29628997e+01	
0.06966667	4.27838860e+01	
0.07125000	4.28393317e+01	
0.07283333	4.31734941e+01	
0.07441667	4.25821198e+01	
0.07600000	4.25429737e+01	
0.07758333	4.24430490e+01	
0.07916667	4.23179251e+01	
0.08075000	4.24023470e+01	
0.08233333	4.21904710e+01	
0.08391667	4.22231304e+01	
0.08550000	4.21605665e+01	
0.08708333	4.21492654e+01	
0.08866667	4.21788467e+01	
0.09025000	4.21901215e+01	
0.09183333	4.21899110e+01	
0.09341667	4.21528809e+01	
0.09500000	4.22577552e+01	
0.09658333	4.20466573e+01	
0.09816667	4.20288506e+01	
0.09975000	4.21085709e+01	
0.10133333	4.20407455e+01	
0.10291667	4.19577818e+01	
0.10450000	4.17762576e+01	
0.10608333	4.15884496e+01	
0.10766667	4.15943952e+01	
0.10925000	4.15277949e+01	
0.11083333	4.16876264e+01	
0.11241667	4.19904712e+01	
0.11400000	4.15335075e+01	
0.11558333	4.15042231e+01	
0.11716667	4.13410881e+01	
0.11875000	4.15772988e+01	
0.12033333	4.13319706e+01	
0.12191667	4.14682152e+01	
0.12350000	4.13786069e+01	
0.12508333	4.11251908e+01	
0.12666667	4.12063881e+01	
0.12825000	4.10468460e+01	
0.12983333	4.10123827e+01	
0.13141667	4.11234620e+01	
0.13300000	4.11778291e+01	
0.13458333	4.09154871e+01	
0.13616667	4.08074521e+01	
0.13775000	4.07220755e+01	
0.13933333	4.08738418e+01	
0.14091667	4.08340756e+01	
0.14250000	4.08097371e+01	
0.14408333	4.05993494e+01	
0.14566667	4.05515856e+01	
0.14725000	4.05865375e+01	
0.14883333	4.03559642e+01	
0.15041667	4.06390517e+01	
0.15200000	4.01652548e+01	
0.15358333	4.02005035e+01	
0.15516667	4.00921603e+01	
0.15675000	3.99433480e+01	
0.15833333	3.98884247e+01	
0.15991667	3.98658150e+01	
0.16150000	3.98659766e+01	
0.16308333	3.99802128e+01	
0.16466667	4.00024467e+01	
0.16625000	3.99586592e+01	
0.16783333	4.00209411e+01	
0.16941667	3.99101926e+01	
0.17100000	3.99208247e+01	
0.17258333	3.95814722e+01	
0.17416667	3.97207121e+01	
0.17575000	3.95922509e+01	
0.17733333	3.96321373e+01	
0.17891667	3.95141917e+01	
0.18050000	3.95280484e+01	
0.18208333	3.96289165e+01	
0.18366667	3.94646315e+01	
0.18525000	3.94588174e+01	
0.18683333	3.91023235e+01	
0.18841667	3.89845206e+01	
0.19000000	3.92066529e+01	
0.19158333	3.91000572e+01	
0.19316667	3.92055329e+01	
0.19475000	3.75309665e+01	
0.19633333	3.66763859e+01	
0.19791667	3.64448129e+01	
0.19950000	3.60367518e+01	
0.20108333	3.59489286e+01	
0.20266667	3.55176527e+01	
0.20425000	3.58915813e+01	
0.20583333	3.59187686e+01	
0.20741667	3.60082980e+01	
0.20900000	3.63529233e+01	
0.21058333	3.60914834e+01	
0.21216667	3.57511913e+01	
0.21375000	3.59475531e+01	
0.21533333	3.58307011e+01	
0.21691667	3.57436635e+01	
0.21850000	3.55947310e+01	
0.22008333	3.55621280e+01	
0.22166667	3.56361846e+01	
0.22325000	3.54727978e+01	
0.22483333	3.51633423e+01	
0.22641667	3.45690290e+01	
0.22800000	3.45045597e+01	
0.22958333	3.42777409e+01	
0.23116667	3.38707734e+01	
0.23275000	3.35732053e+01	
0.23433333	3.32486641e+01	
0.23591667	3.26771710e+01	
0.23750000	3.27755511e+01	
0.23908333	3.32036175e+01	
0.24066667	3.32200449e+01	
0.24225000	3.31573270e+01	
0.24383333	3.28901782e+01	
0.24541667	3.30058689e+01	
0.24700000	3.29368333e+01	
0.24858333	3.29120814e+01	
0.25016667	3.24099509e+01	
0.25175000	3.24859317e+01	
0.25333333	3.22664265e+01	
0.25491667	3.22383259e+01	
0.25650000	3.17791298e+01	
0.25808333	3.14896852e+01	
0.25966667	3.15421224e+01	
0.26125000	3.14123852e+01	
0.26283333	3.17296673e+01	
0.26441667	3.19500971e+01	
0.26600000	3.16570238e+01	
0.26758333	3.18227220e+01	
0.26916667	3.16385895e+01	
0.27075000	3.13430790e+01	
0.27233333	3.13233895e+01	
0.27391667	3.14218523e+01	
0.27550000	3.12439529e+01	
0.27708333	3.12012553e+01	
0.27866667	3.10268248e+01	
0.28025000	3.11068251e+01	
0.28183333	3.04008294e+01	
0.28341667	3.05505399e+01	
0.28500000	3.04412664e+01	
0.28658333	3.05096048e+01	
0.28816667	3.04861251e+01	
0.28975000	3.03807959e+01	
0.29133333	2.82609278e+01	
0.29291667	2.77974792e+01	
0.29450000	2.76519498e+01	
0.29608333	2.73854099e+01	
0.29766667	2.74046954e+01	
0.29925000	2.74490730e+01	
0.30083333	2.71653634e+01	
0.30241667	2.74174284e+01	
0.30400000	2.73127194e+01	
0.30558333	2.72456813e+01	
0.30716667	2.69290080e+01	
0.30875000	2.70056428e+01	
0.31033333	2.73191460e+01	
0.31191667	2.70459784e+01	
0.31350000	2.65630019e+01	
0.31508333	2.60969864e+01	
0.31666667	2.59327164e+01	
0.31825000	2.60141712e+01	
0.31983333	2.59717310e+01	
0.32141667	2.59159433e+01	
0.32300000	2.58850578e+01	
0.32458333	2.58693351e+01	
0.32616667	2.58887259e+01	
0.32775000	2.59942110e+01	
0.32933333	2.58488319e+01	
0.33091667	2.58026447e+01	
0.33250000	2.55048248e+01	
0.33408333	2.54049094e+01	
0.33566667	2.40756036e+01	
0.33725000	2.37124217e+01	
0.33883333	2.38526614e+01	
0.34041667	2.39847701e+01	
0.34200000	2.40063838e+01	
0.34358333	2.41081595e+01	
0.34516667	2.39919916e+01	
0.34675000	2.40748782e+01	
0.34833333	2.37506677e+01	
0.34991667	2.33162405e+01	
0.35150000	2.29455403e+01	
0.35308333	2.26947362e+01	
0.35466667	2.25378756e+01	
0.35625000	2.23766272e+01	
0.35783333	2.25543349e+01	
0.35941667	2.20306207e+01	
0.36100000	2.19328288e+01	
0.36258333	2.17240440e+01	
0.36416667	2.16779865e+01	
0.36575000	2.16371341e+01	
0.36733333	2.16896540e+01	
0.36891667	2.16374385e+01	
0.37050000	2.15413566e+01	
0.37208333	2.12365876e+01	
0.37366667	2.08329951e+01	
0.37525000	2.08256852e+01	
0.37683333	2.08195517e+01	
0.37841667	2.02307030e+01	
0.38000000	1.81293950e+01	
0.38158333	1.80076836e+01	
0.38316667	1.79914592e+01	
0.38475000	1.78296715e+01	
0.38633333	1.77884095e+01	
0.38791667	1.78513135e+01	
0.38950000	1.79895387e+01	
0.39108333	1.77856077e+01	
0.39266667	1.80312479e+01	
0.39425000	1.80134732e+01	
0.39583333	1.80526738e+01	
0.39741667	1.78285628e+01	
0.39900000	1.76718883e+01	
0.40058333	1.76807183e+01	
0.40216667	1.77923726e+01	
0.40375000	1.77257968e+01	
0.40533333	1.75354783e+01	
0.40691667	1.75760582e+01	
0.40850000	1.76676433e+01	
0.41008333	1.73991923e+01	
0.41166667	1.73211350e+01	
0.41325000	1.75436206e+01	
0.41483333	1.73317409e+01	
0.41641667	1.71125532e+01	
0.41800000	1.71380906e+01	
0.41958333	1.69208535e+01	
0.42116667	1.55098909e+01	
0.42275000	1.48783971e+01	
0.42433333	1.48264062e+01	
0.42591667	1.43403573e+01	
0.42750000	1.43368913e+01	
0.42908333	1.42449002e+01	
0.43066667	1.41736896e+01	
0.43225000	1.41264040e+01	
0.43383333	1.39430364e+01	
0.43541667	1.36181259e+01	
0.43700000	1.34917298e+01	
0.43858333	1.34179222e+01	
0.44016667	1.33865538e+01	
0.44175000	1.32894234e+01	
0.44333333	1.32914199e+01	
0.44491667	1.31957815e+01	
0.44650000	1.31329095e+01	
0.44808333	1.31582956e+01	
0.44966667	1.31682099e+01	
0.45125000	1.31406111e+01	
0.45283333	1.30110252e+01	
0.45441667	1.29821448e+01	
0.45600000	1.30262922e+01	
0.45758333	1.28619508e+01	
0.45916667	1.29134165e+01	
0.46075000	1.27968999e+01	
0.46233333	1.28134400e+01	
0.46391667	1.26563013e+01	
0.46550000	1.26324786e+01	
0.46708333	1.26394436e+01	
0.46866667	1.26229045e+01	
0.47025000	1.16035305e+01	
0.47183333	1.17034863e+01	
0.47341667	1.18325751e+01	
0.47500000	1.14289920e+01	
0.47658333	1.14835526e+01	
0.47816667	1.16465016e+01	
0.47975000	1.16096367e+01	
0.48133333	1.16159863e+01	
0.48291667	1.15349046e+01	
0.48450000	1.14410504e+01	
0.48608333	1.13603444e+01	
0.48766667	1.04431681e+01	
0.48925000	8.34238341e+00	
0.49083333	8.30409421e+00	
0.49241667	8.45904653e+00	
0.49400000	8.56593817e+00	
0.49558333	8.67332683e+00	
0.49716667	8.33186591e+00	
0.49875000	8.24419310e+00	
0.50033333	8.37917964e+00	
0.50191667	8.33272749e+00	
0.50350000	8.39693369e+00	
0.50508333	8.20230536e+00	
0.50666667	8.17621736e+00	
0.50825000	8.09842409e+00	
0.50983333	8.00346965e+00	
0.51141667	8.08301333e+00	
0.51300000	7.99210371e+00	
0.51458333	7.82330735e+00	
0.51616667	7.94729486e+00	
0.51775000	7.90864674e+00	
0.51933333	7.80884226e+00	
0.52091667	7.65060192e+00	
0.52250000	7.78954216e+00	
0.52408333	7.66599248e+00	
0.52566667	7.77427420e+00	
0.52725000	7.92137693e+00	
0.52883333	7.92990631e+00	
0.53041667	6.08438396e+00	
0.53200000	5.88783704e+00	
0.53358333	5.82144775e+00	
0.53516667	5.64876910e+00	
0.53675000	5.59589266e+00	
0.53833333	5.75339591e+00	
0.53991667	5.61392012e+00	
0.54150000	5.69649531e+00	
0.54308333	5.57189896e+00	
0.54466667	5.41059422e+00	
0.54625000	5.44915214e+00	
0.54783333	5.38652582e+00	
0.54941667	5.26494689e+00	
0.55100000	5.28749319e+00	
0.55258333	5.06568321e+00	
0.55416667	4.36940166e+00	
0.55575000	3.44248408e+00	
0.55733333	3.65993659e+00	
0.55891667	3.75767474e+00	
0.56050000	3.73137440e+00	
0.56208333	3.67285164e+00	
0.56366667	3.69406399e+00	
0.56525000	3.53026799e+00	
0.56683333	3.44444402e+00	
0.56841667	3.49237059e+00	
0.57000000	3.45152365e+00	
0.57158333	3.37828892e+00	
0.57316667	3.41303127e+00	
0.57475000	3.34518824e+00	
0.57633333	3.34042511e+00	
0.57791667	3.01662779e+00	
0.57950000	3.04412772e+00	
0.58108333	3.09029355e+00	
0.58266667	2.89060988e+00	
0.58425000	2.77520742e+00	
0.58583333	2.74236699e+00	
0.58741667	2.72610827e+00	
0.58900000	2.67542360e+00	
0.59058333	2.57015859e+00	
0.59216667	2.55823009e+00	
0.59375000	2.50117211e+00	
0.59533333	2.51994559e+00	
0.59691667	2.56649006e+00	
0.59850000	2.51503729e+00	
0.60008333	2.55478964e+00	
0.60166667	2.04099770e+00	
0.60325000	1.43135896e+00	
0.60483333	9.45151742e-01	
0.60641667	9.24597555e-01	
0.60800000	9.06719606e-01	
0.60958333	8.94132119e-01	
0.61116667	8.84481776e-01	
0.61275000	8.58374459e-01	
0.61433333	8.51698489e-01	
0.61591667	8.19958061e-01	
0.61750000	8.41608487e-01	
0.61908333	7.81325094e-01	
0.62066667	8.85273478e-01	
0.62225000	9.32490616e-01	
0.62383333	9.38270417e-01	
0.62541667	9.25232526e-01	
0.62700000	8.99400267e-01	
0.62858333	6.09388991e-01	
0.63016667	4.98821001e-03	
0.63175000	2.70831120e-03	
0.63333333	6.47807363e-04	
0.63491667	2.21663476e-03	
0.63650000	4.74644755e-05	
0.63808333	-6.68027375e-07	
0.63966667	-9.91050844e-06	
0.64125000	-7.37706452e-06	
0.64283333	-3.22705968e-07	
0.64441667	8.63979350e-06	
0.64600000	1.78119603e-05	
0.64758333	2.59487025e-05	
0.64916667	3.14241910e-05	
0.65075000	3.40389546e-05	
0.65233333	3.41956684e-05	
0.65391667	3.22944539e-05	
0.65550000	2.97342161e-05	
0.65708333	2.66202452e-05	
0.65866667	2.35825399e-05	
0.66025000	2.07368578e-05	
0.66183333	1.79663785e-05	
0.66341667	1.52633854e-05	
0.66500000	1.27766427e-05	
0.66658333	1.11230515e-05	
0.66816667	1.03740049e-05	
0.66975000	9.41948020e-06	
0.67133333	8.36075045e-06	
0.67291667	7.61655859e-06	
0.67450000	6.95282846e-06	
0.67608333	6.21579372e-06	
0.67766667	5.35251947e-06	
0.67925000	4.91392392e-06	
0.68083333	4.40001439e-06	
0.68241667	4.01102004e-06	
0.68400000	3.38501432e-06	
0.68558333	3.09371904e-06	
0.68716667	2.96970752e-06	
0.68875000	2.60703391e-06	
0.69033333	2.40866808e-06	
0.69191667	2.17481055e-06	
0.69350000	2.27730702e-06	
0.69508333	2.22306925e-06	
0.69666667	2.08552148e-06	
0.69825000	2.04963866e-06	
0.69983333	1.85128448e-06	
0.70141667	1.98310790e-06	
0.70300000	1.70478134e-06	
0.70458333	1.41119926e-06	
0.70616667	1.30888670e-06	
0.70775000	1.17315330e-06	
0.70933333	9.84744826e-07	
0.71091667	1.00155756e-06	
0.71250000	8.33940588e-07	
0.71408333	1.05846329e-06	
0.71566667	1.10271558e-06	
0.71725000	9.70487595e-07	
0.71883333	9.28698631e-07	
0.72041667	7.78714269e-07	
0.72200000	6.59233972e-07	
0.72358333	2.58188105e-07	
0.72516667	2.06075569e-07	
0.72675000	4.11286599e-07	
0.72833333	5.51464529e-07	
0.72991667	7.71281000e-07	
0.73150000	5.73502189e-07	
0.73308333	4.76536751e-07	
0.73466667	5.73088163e-07	
0.73625000	5.56132058e-07	
0.73783333	6.67055339e-07	
0.73941667	5.85232980e-07	
0.74100000	8.23698176e-07	
0.74258333	8.04339059e-07	
0.74416667	4.64999701e-07	
0.74575000	1.49711056e-07	
0.74733333	2.61432436e-08	
0.74891667	2.22704101e-07	
0.75050000	4.75128119e-07	
0.75208333	2.96647523e-07	
0.75366667	5.34181145e-07	
0.75525000	4.96499238e-07	
0.75683333	6.40782992e-07	
0.75841667	5.00475977e-07	
0.76000000	4.19713521e-07	
0.76158333	5.88064075e-07	
0.76316667	3.21753113e-07	
0.76475000	4.13717416e-07	
0.76633333	1.29141907e-07	
0.76791667	2.04994426e-07	
0.76950000	3.91270937e-07	
0.77108333	1.09420363e-07	
0.77266667	2.89430563e-07	
0.77425000	3.42744031e-07	
0.77583333	4.82023821e-07	
0.77741667	5.51724324e-07	
0.77900000	4.33921470e-07	
0.78058333	4.42658394e-07	
0.78216667	4.87814201e-07	
0.78375000	-1.14864717e-07	
0.78533333	1.20689615e-07	
0.78691667	-7.56194319e-09	
0.78850000	2.03007247e-07	
0.79008333	2.58361405e-07	
0.79166667	2.16099921e-07	
0.79325000	3.35234262e-07	
0.79483333	4.03769017e-07	
0.79641667	5.92039861e-07	
0.79800000	5.55050650e-07	
0.79958333	5.29426252e-07	
0.80116667	6.13384379e-07	
0.80275000	4.69605012e-07	
0.80433333	4.08391829e-07	
0.80591667	1.46443379e-07	
0.80750000	1.90908478e-07	
0.80908333	3.07708859e-07	
0.81066667	1.86552743e-07	
0.81225000	1.80901193e-07	
0.81383333	1.96594777e-07	
0.81541667	4.37948079e-07	
0.81700000	4.85048012e-07	
0.81858333	4.38381679e-07	
0.82016667	6.15808840e-07	
0.82175000	5.17025391e-07	
0.82333333	4.02464047e-07	
0.82491667	1.04900323e-07	
0.82650000	5.69958959e-08	
0.82808333	2.54170009e-07	
0.82966667	9.91268559e-08	
0.83125000	1.32141149e-07	
0.83283333	2.21907983e-07	
0.83441667	4.63098332e-07	
0.83600000	5.64861002e-07	
0.83758333	4.44126612e-07	
0.83916667	5.28045006e-07	
0.84075000	5.61059271e-07	
0.84233333	4.85480296e-07	
0.84391667	1.98297254e-07	
0.84550000	1.14191469e-07	
0.84708333	1.78290930e-07	
0.84866667	9.79870158e-08	
0.85025000	1.98643391e-07	
0.85183333	2.40031418e-07	
0.85341667	7.14200537e-08	
0.85500000	5.51077999e-07	
0.85658333	4.65647538e-07	
0.85816667	4.98660991e-07	
0.85975000	5.28388861e-07	
0.86133333	5.45372799e-07	
0.86291667	4.80858296e-07	
0.86450000	1.51024903e-07	
0.86608333	3.78527285e-08	
0.86766667	1.69475252e-07	
0.86925000	1.98124766e-07	
0.87083333	6.52050768e-08	
0.87241667	1.19090800e-07	
0.87400000	3.29227909e-07	
0.87558333	5.06870288e-07	
0.87716667	4.13966375e-07	
0.87875000	5.06913970e-07	
0.88033333	4.61585816e-07	
0.88191667	4.23602167e-07	
0.88350000	3.61732495e-07	
0.88508333	2.76646043e-08	
0.88666667	2.11390501e-07	
0.88825000	1.02800145e-07	
0.88983333	2.25218572e-07	
0.89141667	2.30057735e-07	
0.89300000	2.35927862e-07	
0.89458333	2.89992744e-07	
0.89616667	4.82239598e-07	
0.89775000	4.50565417e-07	
0.89933333	4.43392615e-07	
0.90091667	3.90372852e-07	
0.90250000	5.33333827e-07	
0.90408333	3.43237833e-07	
0.90566667	1.08201867e-07	
0.90725000	5.91570434e-08	
0.90883333	1.22072527e-07	
0.91041667	2.16273598e-07	
0.91200000	8.81547806e-09	
0.91358333	2.46366339e-07	
0.91516667	4.61887921e-07	
0.91675000	4.58517074e-07	
0.91833333	5.42304590e-07	
0.91991667	3.70235917e-07	
0.92150000	4.80122535e-07	
0.92308333	4.85056637e-07	
0.92466667	1.81359756e-07	
0.92625000	1.49641347e-07	
0.92783333	1.14553126e-07	
0.92941667	2.12721429e-07	
0.93100000	1.87495335e-07	
0.93258333	4.37817145e-08	
0.93416667	1.65370156e-07	
0.93575000	4.67850649e-07	
0.93733333	5.29903393e-07	
0.93891667	5.46323722e-07	
0.94050000	5.57817902e-07	
0.94208333	5.67366890e-07	
0.94366667	3.12030405e-07	
0.94525000	1.87322343e-07	
0.94683333	9.64910486e-08	
0.94841667	1.25277999e-07	
0.95000000	2.52398817e-07	
0.95158333	6.85590743e-08	
0.95316667	3.73347276e-07	
0.95475000	5.10967487e-07	
0.95633333	3.70625162e-07	
0.95791667	3.81125297e-07	
0.95950000	3.17864047e-07	
0.96108333	4.01865968e-07	
0.96266667	3.76804620e-07	
0.96425000	3.32728626e-07	
0.96583333	2.01754485e-07	
0.96741667	1.59778417e-07	
0.96900000	3.69027215e-07	
0.97058333	2.05945545e-07	
0.97216667	9.34405637e-08	
0.97375000	3.90286356e-07	
0.97533333	4.46288001e-07	
0.97691667	4.73468317e-07	
0.97850000	3.83718326e-07	
0.98008333	4.39722071e-07	
0.98166667	5.23680170e-07	
0.98325000	5.76397799e-07	
0.98483333	2.56581225e-07	
0.98641667	-7.93109967e-08	
0.98800000	1.35467699e-07	
0.98958333	7.53619585e-08	
0.99116667	1.54402932e-07	
0.99275000	1.58068241e-07	
0.99433333	3.93137276e-07	
0.99591667	4.40757613e-07	
0.99750000	4.91315982e-07	
0.99908333	4.85610670e-07	
1.00066667	5.61878756e-07	
1.00225000	4.41319934e-07	
1.00383333	4.13749533e-07	
1.00541667	5.06005350e-08	
1.00700000	7.04781614e-08	
1.00858333	1.81963701e-07	
1.01016667	1.57721935e-07	
1.01175000	9.89193736e-08	
1.01333333	1.67228502e-07	
1.01491667	3.33550183e-07	
1.01650000	5.48917702e-07	
1.01808333	4.52165241e-07	
1.01966667	5.46322490e-07	
1.02125000	4.98013938e-07	
1.02283333	5.22174934e-07	
1.02441667	2.18651171e-07	
1.02600000	2.80095746e-08	
1.02758333	8.47803562e-08	
1.02916667	9.65772855e-08	
1.03075000	1.49165745e-07	
1.03233333	5.51376276e-08	
1.03391667	1.46702643e-07	
1.03550000	1.56771474e-07	
1.03708333	4.03379856e-07	
1.03866667	4.85091694e-07	
1.04025000	5.59460455e-07	
1.04183333	5.53324092e-07	
1.04341667	6.58714941e-07	
1.04500000	2.89336003e-07	
1.04658333	3.35648933e-07	
1.04816667	3.06715599e-07	
1.04975000	2.10484185e-07	
1.05133333	2.13507774e-07	
1.05291667	7.57232938e-08	
1.05450000	4.50003740e-07	
1.05608333	5.90787421e-07	
1.05766667	4.60288321e-07	
1.05925000	4.42398767e-07	
1.06083333	4.26885735e-07	
1.06241667	5.71714029e-07	
1.06400000	3.09463250e-07	
1.06558333	3.25477784e-07	
1.06716667	2.47818036e-07	
1.06875000	2.25606697e-07	
1.07033333	3.33634382e-07	
1.07191667	1.71756865e-07	
1.07350000	2.30230811e-07	
1.07508333	7.02445287e-07	
1.07666667	5.14822532e-07	
1.07825000	5.21562659e-07	
1.07983333	3.18987261e-07	
1.08141667	3.86483422e-07	
1.08300000	4.27233286e-07	
1.08458333	2.70157830e-07	
1.08616667	2.03698850e-07	
1.08775000	1.22824333e-07	
1.08933333	2.46305408e-07	
1.09091667	2.15686314e-07	
1.09250000	5.13092328e-08	
1.09408333	4.41327439e-07	
1.09566667	4.53409561e-07	
1.09725000	5.95324857e-07	
1.09883333	5.50514502e-07	
1.10041667	5.55180911e-07	
1.10200000	6.58760191e-07	
1.10358333	4.02256082e-07	
1.10516667	1.07388718e-07	
1.10675000	2.14787082e-07	
1.10833333	2.16230140e-07	
1.10991667	2.60651796e-07	
1.11150000	1.65421903e-07	
1.11308333	8.17050692e-08	
1.11466667	2.83207172e-07	
1.11625000	4.01045279e-07	
1.11783333	5.79638945e-07	
1.11941667	4.47283978e-07	
1.12100000	4.71264786e-07	
1.12258333	4.98962845e-07	
1.12416667	3.99480933e-07	
1.12575000	3.63666234e-07	
1.12733333	1.48733504e-07	
1.12891667	2.54126411e-07	
1.13050000	2.00803548e-07	
1.13208333	9.72251926e-08	
1.13366667	2.28286053e-07	
1.13525000	5.12359094e-07	
1.13683333	5.94417448e-07	
1.13841667	4.36523067e-07	
1.14000000	3.42260085e-07	
1.14158333	4.82541564e-07	
1.14316667	3.10544042e-07	
1.14475000	2.25347700e-07	
1.14633333	1.52710228e-07	
1.14791667	1.29029104e-07	
1.14950000	2.04261283e-07	
1.15108333	6.76173360e-08	
1.15266667	1.24535490e-07	
1.15425000	4.15478947e-07	
1.15583333	5.93328759e-07	
1.15741667	6.05998096e-07	
1.15900000	4.08607635e-07	
1.16058333	6.01935281e-07	
1.16216667	5.83398674e-07	
1.16375000	4.22220137e-07	
1.16533333	5.21553643e-07	
1.16691667	2.35631469e-07	
1.16850000	2.48984540e-07	
1.17008333	8.85399939e-08	
1.17166667	-3.63331143e-08	
1.17325000	1.74920685e-07	
1.17483333	3.28320696e-07	
1.17641667	6.22635490e-07	
1.17800000	5.10025637e-07	
1.17958333	4.38812450e-07	
1.18116667	4.46115934e-07	
1.18275000	4.19109450e-07	
1.18433333	2.78782749e-07	
1.18591667	5.18977282e-08	
1.18750000	1.00858461e-08	
1.18908333	2.09619884e-07	
1.19066667	1.28675294e-07	
1.19225000	2.47947346e-07	
1.19383333	2.82947600e-07	
1.19541667	3.85525863e-07	
1.19700000	4.55837354e-07	
1.19858333	3.93578576e-07	
1.20016667	5.10588070e-07	
1.20175000	5.10457361e-07	
1.20333333	5.81625746e-07	
1.20491667	2.82568995e-07	
1.20650000	1.93285281e-07	
1.20808333	2.35458897e-07	
1.20966667	-3.18984258e-08	
1.21125000	2.96600684e-08	
1.21283333	1.65584485e-08	
1.21441667	2.33775070e-08	
1.21600000	4.27818933e-07	
1.21758333	4.59035937e-07	
1.21916667	5.59200604e-07	
1.22075000	5.65075883e-07	
1.22233333	5.37680966e-07	
1.22391667	5.01798084e-07	
1.22550000	-1.75535711e-08	
1.22708333	1.23974219e-07	
1.22866667	2.92066321e-07	
1.23025000	8.96805410e-08	
1.23183333	1.30343497e-07	
1.23341667	1.74531649e-07	
1.23500000	5.67150664e-07	
1.23658333	3.78878029e-07	
1.23816667	5.07043335e-07	
1.23975000	7.15020652e-07	
1.24133333	7.17769311e-07	
1.24291667	7.51792237e-07	
1.24450000	2.26169480e-07	
1.24608333	2.86579643e-07	
1.24766667	1.28813382e-07	
1.24925000	1.26211869e-07	
1.25083333	2.63028038e-07	
1.25241667	5.62962601e-08	
1.25400000	1.97943794e-07	
1.25558333	4.92082824e-07	
@ 
0.00000000	4.48361410e-07	
0.00158333	6.44932723e-07	
0.00316667	4.28873936e-07	
0.00475000	5.68664188e-07	
0.00633333	4.89414640e-07	
0.00791667	2.23549795e-07	
0.00950000	1.34758679e-07	
0.01108333	1.84599781e-07	
0.01266667	2.46089462e-07	
0.01425000	2.37896715e-07	
0.01583333	1.23955822e-07	
0.01741667	4.04528243e-07	
0.01900000	4.69338076e-07	
0.02058333	6.63426656e-07	
0.02216667	5.60452372e-07	
0.02375000	5.88540880e-07	
0.02533333	7.05229340e-07	
0.02691667	5.75276237e-07	
0.02850000	1.72861752e-07	
0.03008333	2.93535687e-07	
0.03166667	3.02610502e-07	
0.03325000	3.57962546e-07	
0.03483333	1.98116184e-07	
0.03641667	2.67435548e-07	
0.03800000	4.37862787e-07	
0.03958333	4.95807943e-07	
0.04116667	4.63746309e-07	
0.04275000	2.94702332e-07	
0.04433333	4.25417209e-07	
0.04591667	4.36737109e-07	
0.04750000	2.38606350e-07	
0.04908333	1.84469603e-07	
0.05066667	1.72197367e-07	
0.05225000	3.37351857e-07	
0.05383333	3.38389416e-07	
0.05541667	2.34535206e-07	
0.05700000	2.79423194e-07	
0.05858333	4.24595624e-07	
0.06016667	6.34085652e-07	
0.06175000	5.55312013e-07	
0.06333333	4.50230270e-07	
0.06491667	5.80372242e-07	
0.06650000	4.44742304e-07	
0.06808333	4.96328039e-07	
0.06966667	1.29305812e-07	
0.07125000	3.32036491e-07	
0.07283333	3.73926790e-07	
0.07441667	1.98037766e-07	
0.07600000	1.86137680e-07	
0.07758333	3.46815470e-07	
0.07916667	7.07569853e-07	
0.08075000	6.36936404e-07	
0.08233333	4.86302133e-07	
0.08391667	5.46392605e-07	
0.08550000	6.25790840e-07	
0.08708333	5.09506662e-07	
0.08866667	1.18399253e-07	
0.09025000	1.43159490e-07	
0.09183333	3.01918423e-07	
0.09341667	1.96785508e-07	
0.09500000	1.97173983e-07	
0.09658333	2.30793118e-07	
0.09816667	4.03336286e-07	
0.09975000	6.32097451e-07	
0.10133333	5.42951475e-07	
0.10291667	5.26746700e-07	
0.10450000	5.13223885e-07	
0.10608333	4.51432000e-07	
0.10766667	3.51828143e-07	
0.10925000	-1.36150901e-07	
0.11083333	1.33627316e-07	
0.11241667	1.17059918e-07	
0.11400000	3.55976641e-07	
0.11558333	2.79447639e-07	
0.11716667	8.91717792e-08	
0.11875000	4.85567044e-07	
0.12033333	4.76579592e-07	
0.12191667	4.80598557e-07	
0.12350000	5.10544669e-07	
0.12508333	5.79510027e-07	
0.12666667	6.00900579e-07	
0.12825000	3.31302242e-07	
0.12983333	1.74920209e-07	
0.13141667	1.98512849e-07	
0.13300000	2.95454361e-07	
0.13458333	3.26721852e-07	
0.13616667	1.93673378e-07	
0.13775000	3.00527433e-07	
0.13933333	5.38318275e-07	
0.14091667	5.62050852e-07	
0.14250000	7.71799471e-07	
0.14408333	8.08830013e-07	
0.14566667	9.22868322e-07	
0.14725000	4.80988502e-07	
0.14883333	4.45638204e-07	
0.15041667	1.43720915e-07	
0.15200000	1.93371427e-07	
0.15358333	2.31224449e-07	
0.15516667	2.13516259e-07	
0.15675000	1.81591354e-07	
0.15833333	3.48456848e-07	
0.15991667	5.39926779e-07	
0.16150000	5.73675013e-07	
0.16308333	5.49306192e-07	
0.16466667	3.74323764e-07	
0.16625000	5.66858219e-07	
0.16783333	2.64540554e-07	
0.16941667	1.70512573e-07	
0.17100000	1.05132810e-07	
0.17258333	8.04076450e-08	
0.17416667	8.74597404e-08	
0.17575000	5.97094242e-08	
0.17733333	1.57851035e-07	
0.17891667	4.99739656e-07	
0.18050000	4.24725382e-07	
0.18208333	5.24544513e-07	
0.18366667	5.20006797e-07	
0.18525000	6.16410811e-07	
0.18683333	5.31069421e-07	
0.18841667	2.07528050e-07	
0.19000000	1.43158902e-07	
0.19158333	2.66009976e-07	
0.19316667	3.84063833e-07	
0.19475000	2.28242973e-07	
0.19633333	2.71851430e-07	
0.19791667	2.09444848e-07	
0.19950000	3.63193013e-07	
0.20108333	4.86345143e-07	
0.20266667	4.83709384e-07	
0.20425000	4.44949009e-07	
0.20583333	8.15661815e-07	
0.20741667	5.16808382e-07	
0.20900000	3.64999962e-07	
0.21058333	1.46487061e-07	
0.21216667	1.78852369e-07	
0.21375000	3.55414684e-07	
0.21533333	1.29945221e-07	
0.21691667	2.98056126e-07	
0.21850000	5.70044930e-07	
0.22008333	6.09109483e-07	
0.22166667	6.76821057e-07	
0.22325000	4.98790581e-07	
0.22483333	7.54775379e-07	
0.22641667	6.21986253e-07	
0.22800000	5.81927712e-07	
0.22958333	4.07310840e-07	
0.23116667	3.86786283e-07	
0.23275000	4.52856116e-07	
0.23433333	3.35277944e-07	
0.23591667	3.93484940e-07	
0.23750000	5.87937565e-07	
0.23908333	7.55077961e-07	
0.24066667	7.19168254e-07	
0.24225000	5.71472322e-07	
0.24383333	5.14864870e-07	
0.24541667	5.69483785e-07	
0.24700000	6.12092569e-07	
0.24858333	4.11157765e-07	
0.25016667	2.56244202e-07	
0.25175000	3.90760754e-07	
0.25333333	3.60168205e-07	
0.25491667	4.44877830e-07	
0.25650000	3.16085519e-07	
0.25808333	5.99083073e-07	
0.25966667	5.84262120e-07	
0.26125000	7.27639530e-07	
0.26283333	5.90873777e-07	
0.26441667	6.62085900e-07	
0.26600000	5.57385338e-07	
0.26758333	4.10335200e-07	
0.26916667	5.41441955e-08	
0.27075000	2.25137277e-08	
0.27233333	2.70070914e-07	
0.27391667	2.89647853e-07	
0.27550000	4.57394056e-07	
0.27708333	4.12712395e-07	
0.27866667	7.65519573e-07	
0.28025000	7.59053691e-07	
0.28183333	6.35078800e-07	
0.28341667	6.05048013e-07	
0.28500000	5.34266997e-07	
0.28658333	5.97961231e-07	
0.28816667	4.02515457e-07	
0.28975000	3.84883710e-07	
0.29133333	2.75429963e-07	
0.29291667	2.13637378e-07	
0.29450000	3.62415334e-07	
0.29608333	3.45103249e-07	
0.29766667	5.81295891e-07	
0.29925000	7.28243349e-07	
0.30083333	6.36332641e-07	
0.30241667	5.39625037e-07	
0.30400000	5.93770171e-07	
0.30558333	6.52969363e-07	
0.30716667	6.35077904e-07	
0.30875000	3.64385558e-07	
0.31033333	2.42027068e-07	
0.31191667	2.83423929e-07	
0.31350000	1.89093465e-07	
0.31508333	2.77418052e-07	
0.31666667	2.26730192e-07	
0.31825000	3.60252909e-07	
0.31983333	4.53955557e-07	
0.32141667	4.56615481e-07	
0.32300000	5.85515233e-07	
0.32458333	7.14155301e-07	
0.32616667	7.50686580e-07	
0.32775000	5.29816253e-07	
0.32933333	3.40152767e-07	
0.33091667	3.79180834e-07	
0.33250000	3.29012299e-07	
0.33408333	4.98443590e-07	
0.33566667	5.55872766e-07	
0.33725000	4.53548335e-07	
0.33883333	6.01201536e-07	
0.34041667	5.39737714e-07	
0.34200000	5.82058645e-07	
0.34358333	4.83363681e-07	
0.34516667	5.92949062e-07	
0.34675000	4.78481550e-07	
0.34833333	2.13646100e-07	
0.34991667	1.19447410e-08	
0.35150000	1.83389091e-07	
0.35308333	1.64505435e-07	
0.35466667	2.62336939e-07	
0.35625000	1.28985282e-07	
0.35783333	2.60132204e-07	
0.35941667	6.66147931e-07	
0.36100000	6.96052320e-07	
0.36258333	6.68222488e-07	
0.36416667	6.70383345e-07	
0.36575000	7.73270265e-07	
0.36733333	4.50608847e-07	
0.36891667	2.70720095e-07	
0.37050000	2.10413649e-07	
0.37208333	1.37628303e-07	
0.37366667	2.87010722e-07	
0.37525000	2.13593752e-07	
0.37683333	2.46927764e-07	
0.37841667	3.06714002e-07	
0.38000000	4.82405366e-07	
0.38158333	5.91348062e-07	
0.38316667	4.97277337e-07	
0.38475000	6.30498859e-07	
0.38633333	8.01951840e-07	
0.38791667	9.36304109e-07	
0.38950000	5.74753510e-07	
0.39108333	2.40946723e-07	
0.39266667	2.69726275e-07	
0.39425000	3.15788538e-07	
0.39583333	3.00665087e-07	
0.39741667	2.83639455e-07	
0.39900000	5.02895901e-07	
0.40058333	5.50558240e-07	
0.40216667	5.96533783e-07	
0.40375000	4.23558289e-07	
0.40533333	5.63304636e-07	
0.40691667	5.74150923e-07	
0.40850000	1.41654506e-07	
0.41008333	2.89360252e-07	
0.41166667	2.79188515e-07	
0.41325000	5.29470326e-07	
0.41483333	4.93821142e-07	
0.41641667	4.03079290e-07	
0.41800000	3.29099383e-07	
0.41958333	5.57772540e-07	
0.42116667	7.62166871e-07	
0.42275000	6.79976519e-07	
0.42433333	6.53920006e-07	
0.42591667	7.87400371e-07	
0.42750000	8.67254018e-07	
0.42908333	8.25488072e-07	
0.43066667	2.38008776e-07	
0.43225000	2.67349024e-07	
0.43383333	2.39521600e-07	
0.43541667	3.05073241e-07	
0.43700000	3.89421202e-07	
0.43858333	5.63045400e-07	
0.44016667	5.80711729e-07	
0.44175000	6.60531439e-07	
0.44333333	5.88323142e-07	
0.44491667	6.22980522e-07	
0.44650000	7.06724215e-07	
0.44808333	6.50464371e-07	
0.44966667	2.81247168e-07	
0.45125000	3.71879030e-07	
0.45283333	5.04494381e-07	
0.45441667	3.31510319e-07	
0.45600000	4.39416241e-07	
0.45758333	4.13628624e-07	
0.45916667	5.85644878e-07	
0.46075000	7.06810123e-07	
0.46233333	6.49901378e-07	
0.46391667	7.44190064e-07	
0.46550000	7.85888471e-07	
0.46708333	7.99975455e-07	
0.46866667	7.26771771e-07	
0.47025000	5.49866441e-07	
0.47183333	6.56685634e-07	
0.47341667	6.95185625e-07	
0.47500000	8.31823469e-07	
0.47658333	8.82562529e-07	
0.47816667	1.21138308e-06	
0.47975000	1.55757672e-06	
0.48133333	1.96795474e-06	
0.48291667	2.28959330e-06	
0.48450000	2.66137068e-06	
0.48608333	3.03076706e-06	
0.48766667	3.67034600e-06	
0.48925000	4.17975292e-06	
0.49083333	5.32672247e-06	
0.49241667	6.59152533e-06	
0.49400000	8.15088350e-06	
0.49558333	1.01339244e-05	
0.49716667	1.28813817e-05	
0.49875000	1.71408585e-05	
0.50033333	2.31003466e-05	
0.50191667	3.17067913e-05	
0.50350000	4.35359557e-05	
0.50508333	5.93765272e-05	
0.50666667	8.62338700e-05	
0.50825000	1.41151192e-04	
0.50983333	2.48235423e-04	
0.51141667	3.82744334e-04	
0.51300000	4.49890519e-04	
0.51458333	5.49328387e-04	
0.51616667	9.16102618e-04	
0.51775000	1.31966726e-03	
0.51933333	1.10644547e-03	
0.52091667	1.75806403e-03	
0.52250000	1.76521090e-03	
0.52408333	2.19088569e-03	
0.52566667	2.54650968e-03	
0.52725000	3.84936992e-03	
0.52883333	5.60008372e-03	
0.53041667	3.81269426e-03	
0.53200000	5.95282616e-03	
0.53358333	8.36794223e-03	
0.53516667	1.42254689e-02	
0.53675000	1.84642698e-02	
0.53833333	2.61477031e-02	
0.53991667	3.59661228e-02	
0.54150000	4.17502211e-02	
0.54308333	4.98329976e-02	
0.54466667	7.36961418e-02	
0.54625000	6.43017344e-02	
0.54783333	8.90359409e-02	
0.54941667	1.07070644e-01	
0.55100000	1.21972737e-01	
0.55258333	3.04933468e-01	
0.55416667	4.62175078e-01	
0.55575000	5.80247462e-01	
0.55733333	6.06710346e-01	
0.55891667	6.24517006e-01	
0.56050000	2.18155469e+00	
0.56208333	5.07116746e+00	
0.56366667	5.41979868e+00	
0.56525000	6.02359637e+00	
0.56683333	9.57323775e+00	
0.56841667	1.35386048e+01	
0.57000000	1.46269965e+01	
0.57158333	1.48551541e+01	
0.57316667	1.55272776e+01	
0.57475000	1.67688223e+01	
0.57633333	1.72690756e+01	
0.57791667	1.75412980e+01	
0.57950000	1.82873587e+01	
0.58108333	2.00952551e+01	
0.58266667	2.08342127e+01	
0.58425000	2.24618008e+01	
0.58583333	2.29668139e+01	
0.58741667	2.33621120e+01	
0.58900000	2.36793528e+01	
0.59058333	2.40540743e+01	
0.59216667	2.49800488e+01	
0.59375000	2.53815819e+01	
0.59533333	2.53590905e+01	
0.59691667	2.57883427e+01	
0.59850000	2.71612989e+01	
0.60008333	2.82636469e+01	
0.60166667	2.83825058e+01	
0.60325000	2.87777644e+01	
0.60483333	2.92970758e+01	
0.60641667	2.98759726e+01	
0.60800000	3.04798300e+01	
0.60958333	3.28373821e+01	
0.61116667	3.28222701e+01	
