start voltage : 0.00 V 
set voltage : 0.10 V 
High G : 30.00 G0 
Intermediate G : 20.00 G0 
Low G : 10.00 G0 
Breaking speed 1 : 300.00 V/s 
Breaking speed 2 : 300.00 V/s 
Making speed : 500.00 V/s 
Post breaking : 230.00 V/s 
@ 
0.00000000	3.48063860e+01	
0.00158333	3.53785142e+01	
0.00316667	3.49870909e+01	
0.00475000	3.50314234e+01	
0.00633333	3.50996773e+01	
0.00791667	3.49620158e+01	
0.00950000	3.47627713e+01	
0.01108333	3.47586372e+01	
0.01266667	3.47065665e+01	
0.01425000	3.46746325e+01	
0.01583333	3.46328744e+01	
0.01741667	3.47326714e+01	
0.01900000	3.44273988e+01	
0.02058333	3.44370388e+01	
0.02216667	3.46409923e+01	
0.02375000	3.45783758e+01	
0.02533333	3.46386171e+01	
0.02691667	3.47191416e+01	
0.02850000	3.46210735e+01	
0.03008333	3.46669130e+01	
0.03166667	3.45049318e+01	
0.03325000	3.43811158e+01	
0.03483333	3.43438300e+01	
0.03641667	3.43307475e+01	
0.03800000	3.41940181e+01	
0.03958333	3.41071570e+01	
0.04116667	3.39965926e+01	
0.04275000	3.42089985e+01	
0.04433333	3.41797705e+01	
0.04591667	3.40695894e+01	
0.04750000	3.40001104e+01	
0.04908333	3.41070217e+01	
0.05066667	3.39137342e+01	
0.05225000	3.38023279e+01	
0.05383333	3.39931050e+01	
0.05541667	3.38716942e+01	
0.05700000	3.38351977e+01	
0.05858333	3.36830030e+01	
0.06016667	3.37989492e+01	
0.06175000	3.36805977e+01	
0.06333333	3.35472845e+01	
0.06491667	3.37085479e+01	
0.06650000	3.36433683e+01	
0.06808333	3.35637119e+01	
0.06966667	3.35779407e+01	
0.07125000	3.34940299e+01	
0.07283333	3.30585297e+01	
0.07441667	3.35400612e+01	
0.07600000	3.35490885e+01	
0.07758333	3.32775388e+01	
0.07916667	3.34614082e+01	
0.08075000	3.32027869e+01	
0.08233333	3.30371038e+01	
0.08391667	3.30808388e+01	
0.08550000	3.31221684e+01	
0.08708333	3.31370399e+01	
0.08866667	3.31351081e+01	
0.09025000	3.29326616e+01	
0.09183333	3.30261372e+01	
0.09341667	3.27191095e+01	
0.09500000	3.28358412e+01	
0.09658333	3.27516523e+01	
0.09816667	3.25373861e+01	
0.09975000	3.24895998e+01	
0.10133333	3.24674523e+01	
0.10291667	3.22244955e+01	
0.10450000	3.20900624e+01	
0.10608333	3.23462558e+01	
0.10766667	3.20581885e+01	
0.10925000	3.17734586e+01	
0.11083333	3.16528597e+01	
0.11241667	3.16081025e+01	
0.11400000	3.15819412e+01	
0.11558333	3.16360790e+01	
0.11716667	3.14545041e+01	
0.11875000	3.16363270e+01	
0.12033333	3.15732934e+01	
0.12191667	3.13639919e+01	
0.12350000	3.15811407e+01	
0.12508333	3.15563474e+01	
0.12666667	3.15319938e+01	
0.12825000	3.14638659e+01	
0.12983333	3.14892286e+01	
0.13141667	3.14930112e+01	
0.13300000	3.12226623e+01	
0.13458333	3.12451931e+01	
0.13616667	3.06906160e+01	
0.13775000	3.05198724e+01	
0.13933333	3.05517575e+01	
0.14091667	2.99556572e+01	
0.14250000	2.76070122e+01	
0.14408333	2.69133455e+01	
0.14566667	2.63587026e+01	
0.14725000	2.63063161e+01	
0.14883333	2.59026747e+01	
0.15041667	2.60521146e+01	
0.15200000	2.61883310e+01	
0.15358333	2.59230126e+01	
0.15516667	2.60557507e+01	
0.15675000	2.60312130e+01	
0.15833333	2.61280635e+01	
0.15991667	2.60549709e+01	
0.16150000	2.59717760e+01	
0.16308333	2.59497019e+01	
0.16466667	2.58468776e+01	
0.16625000	2.58876172e+01	
0.16783333	2.57625065e+01	
0.16941667	2.58229356e+01	
0.17100000	2.58332314e+01	
0.17258333	2.56153666e+01	
0.17416667	2.57557998e+01	
0.17575000	2.56843815e+01	
0.17733333	2.57658269e+01	
0.17891667	2.54659192e+01	
0.18050000	2.55424375e+01	
0.18208333	2.54531186e+01	
0.18366667	2.52015046e+01	
0.18525000	2.50958241e+01	
0.18683333	2.40600406e+01	
0.18841667	2.31190612e+01	
0.19000000	2.29520627e+01	
0.19158333	2.31272261e+01	
0.19316667	2.31879671e+01	
0.19475000	2.32250650e+01	
0.19633333	2.29543778e+01	
0.19791667	2.29803719e+01	
0.19950000	2.29855207e+01	
0.20108333	2.30573449e+01	
0.20266667	2.31136644e+01	
0.20425000	2.29614509e+01	
0.20583333	2.28867666e+01	
0.20741667	2.27183174e+01	
0.20900000	2.28020290e+01	
0.21058333	2.25796149e+01	
0.21216667	2.28113946e+01	
0.21375000	2.21954995e+01	
0.21533333	2.14788116e+01	
0.21691667	2.03816237e+01	
0.21850000	2.02578602e+01	
0.22008333	2.02559247e+01	
0.22166667	2.02323022e+01	
0.22325000	2.00028751e+01	
0.22483333	1.99129567e+01	
0.22641667	1.97382519e+01	
0.22800000	1.96141972e+01	
0.22958333	1.93780504e+01	
0.23116667	1.93344376e+01	
0.23275000	1.96027646e+01	
0.23433333	1.92492960e+01	
0.23591667	1.76190809e+01	
0.23750000	1.72016560e+01	
0.23908333	1.71300536e+01	
0.24066667	1.66668080e+01	
0.24225000	1.66035470e+01	
0.24383333	1.62708597e+01	
0.24541667	1.64531374e+01	
0.24700000	1.63440068e+01	
0.24858333	1.64833633e+01	
0.25016667	1.61588878e+01	
0.25175000	1.62095925e+01	
0.25333333	1.60979776e+01	
0.25491667	1.59976244e+01	
0.25650000	1.56632920e+01	
0.25808333	1.56808224e+01	
0.25966667	1.53580777e+01	
0.26125000	1.45687668e+01	
0.26283333	1.47093053e+01	
0.26441667	1.46543407e+01	
0.26600000	1.47157094e+01	
0.26758333	1.48859306e+01	
0.26916667	1.46534199e+01	
0.27075000	1.46137768e+01	
0.27233333	1.46272999e+01	
0.27391667	1.45507723e+01	
0.27550000	1.32888408e+01	
0.27708333	1.32205851e+01	
0.27866667	1.33006023e+01	
0.28025000	1.34753438e+01	
0.28183333	1.33818259e+01	
0.28341667	1.31744900e+01	
0.28500000	1.31966910e+01	
0.28658333	1.31923624e+01	
0.28816667	1.31353796e+01	
0.28975000	1.29650635e+01	
0.29133333	1.29219684e+01	
0.29291667	1.28394951e+01	
0.29450000	1.26886910e+01	
0.29608333	1.26255108e+01	
0.29766667	1.28446787e+01	
0.29925000	1.29854098e+01	
0.30083333	1.28217693e+01	
0.30241667	1.27518073e+01	
0.30400000	1.27653023e+01	
0.30558333	1.27552583e+01	
0.30716667	1.26926804e+01	
0.30875000	1.22955981e+01	
0.31033333	1.06532231e+01	
0.31191667	1.08057749e+01	
0.31350000	1.06965155e+01	
0.31508333	1.03380635e+01	
0.31666667	1.03791065e+01	
0.31825000	1.07896049e+01	
0.31983333	1.04851037e+01	
0.32141667	1.04107521e+01	
0.32300000	9.95046985e+00	
0.32458333	9.87694691e+00	
0.32616667	9.50021560e+00	
0.32775000	9.40074654e+00	
0.32933333	9.34467699e+00	
0.33091667	9.42511889e+00	
0.33250000	9.34288617e+00	
0.33408333	9.26811361e+00	
0.33566667	9.22868190e+00	
0.33725000	9.11776140e+00	
0.33883333	9.00623489e+00	
0.34041667	8.95228875e+00	
0.34200000	8.94382608e+00	
0.34358333	8.66475329e+00	
0.34516667	8.29592656e+00	
0.34675000	8.29419494e+00	
0.34833333	8.17941940e+00	
0.34991667	8.17806831e+00	
0.35150000	8.11786466e+00	
0.35308333	8.02206554e+00	
0.35466667	7.24700090e+00	
0.35625000	5.96562608e+00	
0.35783333	5.81201169e+00	
0.35941667	5.87248734e+00	
0.36100000	5.76629522e+00	
0.36258333	5.82425471e+00	
0.36416667	5.83720475e+00	
0.36575000	5.90192912e+00	
0.36733333	5.90812415e+00	
0.36891667	5.76212072e+00	
0.37050000	5.70377648e+00	
0.37208333	5.58354347e+00	
0.37366667	5.61917464e+00	
0.37525000	5.39382766e+00	
0.37683333	5.23651702e+00	
0.37841667	5.32242861e+00	
0.38000000	5.36061916e+00	
0.38158333	5.64012650e+00	
0.38316667	5.24105184e+00	
0.38475000	5.13173613e+00	
0.38633333	4.92315477e+00	
0.38791667	4.81481808e+00	
0.38950000	4.66232084e+00	
0.39108333	4.54808837e+00	
0.39266667	4.50952951e+00	
0.39425000	4.52360703e+00	
0.39583333	4.53677600e+00	
0.39741667	4.42505734e+00	
0.39900000	4.41657212e+00	
0.40058333	4.29032589e+00	
0.40216667	4.26780777e+00	
0.40375000	4.12626869e+00	
0.40533333	3.81556353e+00	
0.40691667	3.71223215e+00	
0.40850000	3.91785199e+00	
0.41008333	3.68929898e+00	
0.41166667	3.55746327e+00	
0.41325000	2.88520009e+00	
0.41483333	2.14370662e+00	
0.41641667	1.98239061e+00	
0.41800000	1.91050216e+00	
0.41958333	1.85695839e+00	
0.42116667	1.31611153e+00	
0.42275000	9.15512948e-01	
0.42433333	8.84842041e-01	
0.42591667	8.30172145e-01	
0.42750000	8.11348111e-01	
0.42908333	7.52866747e-01	
0.43066667	9.73837404e-01	
0.43225000	9.94412848e-01	
0.43383333	9.63604588e-01	
0.43541667	9.69010206e-01	
0.43700000	7.01499721e-01	
0.43858333	8.89379382e-01	
0.44016667	9.06873695e-01	
0.44175000	6.61363095e-01	
0.44333333	8.43237298e-02	
0.44491667	6.73614760e-02	
0.44650000	6.19232298e-02	
0.44808333	9.94203354e-02	
0.44966667	5.59445128e-02	
0.45125000	6.76104610e-02	
0.45283333	3.80278174e-02	
0.45441667	-1.53446599e-04	
0.45600000	-2.44483719e-03	
0.45758333	-3.29829819e-05	
0.45916667	1.13465105e-04	
0.46075000	6.45976402e-04	
0.46233333	3.80814966e-04	
0.46391667	9.31614077e-05	
0.46550000	4.06286421e-05	
0.46708333	2.54179241e-05	
0.46866667	2.03853806e-05	
0.47025000	1.95453017e-05	
0.47183333	2.05306520e-05	
0.47341667	2.19299944e-05	
0.47500000	2.40585003e-05	
0.47658333	2.58361706e-05	
0.47816667	2.61198193e-05	
0.47975000	2.49986848e-05	
0.48133333	2.31007050e-05	
0.48291667	2.10168596e-05	
0.48450000	1.89272616e-05	
0.48608333	1.66839013e-05	
0.48766667	1.45032835e-05	
0.48925000	1.24729065e-05	
0.49083333	1.08845292e-05	
0.49241667	9.15505335e-06	
0.49400000	7.85665525e-06	
0.49558333	6.51620957e-06	
0.49716667	5.60254112e-06	
0.49875000	4.84574287e-06	
0.50033333	4.05043013e-06	
0.50191667	3.66268934e-06	
0.50350000	3.33834362e-06	
0.50508333	2.85321468e-06	
0.50666667	2.83821206e-06	
0.50825000	2.41717934e-06	
0.50983333	2.44704817e-06	
0.51141667	2.08594195e-06	
0.51300000	1.79460590e-06	
0.51458333	1.29731546e-06	
0.51616667	9.87726960e-07	
0.51775000	9.77058033e-07	
0.51933333	1.11057698e-06	
0.52091667	9.64721464e-07	
0.52250000	9.95204752e-07	
0.52408333	1.04109691e-06	
0.52566667	1.14589743e-06	
0.52725000	9.71870297e-07	
0.52883333	1.03693950e-06	
0.53041667	1.04152656e-06	
0.53200000	9.19583214e-07	
0.53358333	5.95454166e-07	
0.53516667	4.02255746e-07	
0.53675000	5.91124836e-07	
0.53833333	7.44447508e-07	
0.53991667	6.64895266e-07	
0.54150000	6.27303132e-07	
0.54308333	5.58767704e-07	
0.54466667	7.61601750e-07	
0.54625000	7.43195236e-07	
0.54783333	7.84503977e-07	
0.54941667	8.19506556e-07	
0.55100000	8.07882786e-07	
0.55258333	7.26081932e-07	
0.55416667	4.95850897e-07	
0.55575000	3.31777311e-07	
0.55733333	4.27923657e-07	
0.55891667	2.67435660e-07	
0.56050000	2.06697827e-07	
0.56208333	2.36341385e-07	
0.56366667	2.94556361e-07	
0.56525000	7.16618627e-07	
0.56683333	5.80935739e-07	
0.56841667	6.96786793e-07	
0.57000000	6.13689537e-07	
0.57158333	7.78717406e-07	
0.57316667	5.07820986e-07	
0.57475000	2.54472506e-07	
0.57633333	1.78160486e-07	
0.57791667	1.60443797e-07	
0.57950000	2.70503114e-07	
0.58108333	2.62491646e-07	
0.58266667	2.78256522e-07	
0.58425000	7.96604944e-07	
0.58583333	6.25226222e-07	
0.58741667	6.38880195e-07	
0.58900000	7.29261307e-07	
0.59058333	7.04867564e-07	
0.59216667	6.34732425e-07	
0.59375000	4.05194477e-07	
0.59533333	1.41172199e-07	
0.59691667	1.58413202e-07	
0.59850000	2.43781711e-07	
0.60008333	4.94789986e-07	
0.60166667	3.90761734e-07	
0.60325000	3.96379178e-07	
0.60483333	3.98772137e-07	
0.60641667	4.50566229e-07	
0.60800000	6.42296124e-07	
0.60958333	5.24674159e-07	
0.61116667	7.11899295e-07	
0.61275000	6.14122156e-07	
0.61433333	6.37413265e-07	
0.61591667	2.11779201e-07	
0.61750000	1.25122004e-07	
0.61908333	2.89544164e-07	
0.62066667	2.08391385e-07	
0.62225000	2.84418590e-07	
0.62383333	5.45503285e-07	
0.62541667	4.96587442e-07	
0.62700000	5.51594174e-07	
0.62858333	4.74998754e-07	
0.63016667	3.83033527e-07	
0.63175000	6.46748212e-07	
0.63333333	3.72743849e-07	
0.63491667	2.43496294e-07	
0.63650000	5.79467626e-08	
0.63808333	2.81609644e-07	
0.63966667	3.46987174e-07	
0.64125000	2.87036568e-07	
0.64283333	4.69966592e-07	
0.64441667	6.43678154e-07	
0.64600000	5.55440819e-07	
0.64758333	6.87149489e-07	
0.64916667	5.95322393e-07	
0.65075000	7.57627923e-07	
0.65233333	7.15970006e-07	
0.65391667	4.94383071e-07	
0.65550000	1.59104357e-07	
0.65708333	1.25226407e-07	
0.65866667	2.18088094e-07	
0.66025000	1.86285107e-07	
0.66183333	2.57609795e-07	
0.66341667	3.61741316e-07	
0.66500000	4.22651273e-07	
0.66658333	5.67842015e-07	
0.66816667	4.95722875e-07	
0.66975000	6.51109856e-07	
0.67133333	7.30490730e-07	
0.67291667	6.44336072e-07	
0.67450000	4.15556846e-07	
0.67608333	6.38657627e-08	
0.67766667	2.73873793e-07	
0.67925000	1.58240280e-07	
0.68083333	1.81836064e-08	
0.68241667	1.77167408e-07	
0.68400000	2.57540688e-07	
0.68558333	4.02531726e-07	
0.68716667	5.44507168e-07	
0.68875000	5.95452878e-07	
0.69033333	6.11857134e-07	
0.69191667	6.22113827e-07	
0.69350000	4.10077000e-07	
0.69508333	1.81142858e-07	
0.69666667	1.22825019e-07	
0.69825000	2.70632871e-07	
0.69983333	3.66735424e-07	
0.70141667	2.57020649e-07	
0.70300000	2.41033471e-07	
0.70458333	4.02341989e-07	
0.70616667	6.38234094e-07	
0.70775000	5.42909249e-07	
0.70933333	6.48257424e-07	
0.71091667	7.85672582e-07	
0.71250000	6.51327706e-07	
0.71408333	6.52009144e-07	
0.71566667	4.52884971e-09	
0.71725000	3.73632217e-07	
0.71883333	1.69088121e-07	
0.72041667	1.16524289e-07	
0.72200000	1.88169101e-07	
0.72358333	3.83976693e-07	
0.72516667	5.78515702e-07	
0.72675000	4.52078689e-07	
0.72833333	4.93432037e-07	
0.72991667	5.98392170e-07	
0.73150000	6.44974556e-07	
0.73308333	6.65353647e-07	
0.73466667	2.08495003e-07	
0.73625000	3.43093515e-08	
0.73783333	1.25632887e-07	
0.73941667	1.82913993e-07	
0.74100000	1.55302193e-07	
0.74258333	1.40159939e-07	
0.74416667	2.40134379e-07	
0.74575000	6.04876589e-07	
0.74733333	6.10448895e-07	
0.74891667	5.95888074e-07	
0.75050000	4.64964895e-07	
0.75208333	7.22150891e-07	
0.75366667	4.64228434e-07	
0.75525000	1.10379364e-07	
0.75683333	1.84427433e-07	
0.75841667	2.29582526e-07	
0.76000000	2.48637857e-07	
0.76158333	2.25779997e-07	
0.76316667	3.34898639e-07	
0.76475000	5.20785008e-07	
0.76633333	4.67331198e-07	
0.76791667	5.88151215e-07	
0.76950000	4.61412656e-07	
0.77108333	6.95315159e-07	
0.77266667	4.96889408e-07	
0.77425000	2.14243143e-07	
0.77583333	9.04932565e-08	
0.77741667	4.54408555e-08	
0.77900000	1.57721487e-07	
0.78058333	1.59320961e-07	
0.78216667	1.22063987e-07	
0.78375000	3.83934635e-07	
0.78533333	4.07009519e-07	
0.78691667	4.80858408e-07	
0.78850000	4.92048327e-07	
0.79008333	5.98349776e-07	
0.79166667	6.22893494e-07	
0.79325000	5.23171443e-07	
0.79483333	4.78480822e-07	
0.79641667	3.08832438e-07	
0.79800000	2.38095664e-07	
0.79958333	3.16480393e-07	
0.80116667	1.78161410e-07	
0.80275000	3.44827549e-07	
0.80433333	5.64427934e-07	
0.80591667	4.53807151e-07	
0.80750000	6.09454795e-07	
0.80908333	4.91833893e-07	
0.81066667	5.64989920e-07	
0.81225000	5.45458259e-07	
0.81383333	5.20353733e-07	
0.81541667	2.20465218e-07	
0.81700000	2.99541376e-08	
0.81858333	1.08892700e-07	
0.82016667	7.72529114e-08	
0.82175000	1.93499518e-07	
0.82333333	2.00415031e-07	
0.82491667	2.71799712e-07	
0.82650000	3.68827846e-07	
0.82808333	4.91833893e-07	
0.82966667	5.01080300e-07	
0.83125000	6.71940494e-07	
0.83283333	5.64730516e-07	
0.83441667	3.97719934e-07	
0.83600000	7.52308007e-08	
0.83758333	6.13686177e-08	
0.83916667	3.42493924e-07	
0.84075000	3.25580325e-07	
0.84233333	2.62293929e-07	
0.84391667	3.09524545e-07	
0.84550000	-3.51315839e-08	
0.84708333	5.96925352e-07	
0.84866667	5.94589992e-07	
0.85025000	7.41942852e-07	
0.85183333	7.23488959e-07	
0.85341667	6.37758129e-07	
0.85500000	3.53080443e-07	
0.85658333	3.41383509e-09	
0.85816667	7.52309967e-08	
0.85975000	6.36072761e-08	
0.86133333	1.02929861e-07	
0.86291667	1.21148234e-07	
0.86450000	2.89257991e-07	
0.86608333	5.66978681e-07	
0.86766667	4.78567290e-07	
0.86925000	5.35778281e-07	
0.87083333	5.46797279e-07	
0.87241667	4.86983459e-07	
0.87400000	3.92446821e-07	
0.87558333	9.93169214e-08	
0.87716667	4.70574905e-08	
0.87875000	1.58240140e-07	
0.88033333	2.68179093e-07	
0.88191667	1.95004474e-07	
0.88350000	2.03474014e-07	
0.88508333	6.17450721e-07	
0.88666667	5.12012718e-07	
0.88825000	4.94988010e-07	
0.88983333	6.57159695e-07	
0.89141667	7.49849286e-07	
0.89300000	8.96857955e-07	
0.89458333	4.13896008e-07	
0.89616667	-1.71203868e-07	
0.89775000	2.47861046e-07	
0.89933333	1.82395410e-07	
0.90091667	3.05894042e-07	
0.90250000	6.08060514e-08	
0.90408333	2.43599843e-07	
0.90566667	4.92438104e-07	
0.90725000	5.24933338e-07	
0.90883333	4.73123397e-07	
0.91041667	4.24510024e-07	
0.91200000	5.17975810e-07	
0.91358333	6.12483635e-07	
0.91516667	3.07371752e-07	
0.91675000	1.31665422e-07	
0.91833333	1.54178516e-07	
0.91991667	2.52831157e-07	
0.92150000	2.31958936e-07	
0.92308333	2.82766460e-07	
0.92466667	3.77529096e-07	
0.92625000	5.71386191e-07	
0.92783333	5.13828152e-07	
0.92941667	6.51586885e-07	
0.93100000	4.22866994e-07	
0.93258333	6.09920624e-07	
0.93416667	3.45042766e-07	
0.93575000	2.13637560e-07	
0.93733333	1.59277629e-07	
0.93891667	7.81692805e-08	
0.94050000	2.35026418e-07	
0.94208333	2.22150810e-07	
0.94366667	2.47515398e-07	
0.94525000	4.32762330e-07	
0.94683333	4.41923781e-07	
0.94841667	5.00302761e-07	
0.95000000	4.89889542e-07	
0.95158333	6.10018796e-07	
0.95316667	6.45970169e-07	
0.95475000	3.54161740e-07	
0.95633333	2.21113392e-07	
0.95791667	-7.27601938e-08	
0.95950000	7.62687582e-08	
0.96108333	9.92215631e-08	
0.96266667	1.73364711e-07	
0.96425000	3.06672673e-07	
0.96583333	4.91270620e-07	
0.96741667	5.79120474e-07	
0.96900000	5.54145201e-07	
0.97058333	6.06902816e-07	
0.97216667	5.80979477e-07	
0.97375000	4.48760316e-07	
0.97533333	2.75465468e-07	
0.97691667	-2.34643949e-08	
0.97850000	1.46832218e-07	
0.98008333	2.34033129e-07	
0.98166667	2.81047267e-07	
0.98325000	3.39512742e-07	
0.98483333	3.71662833e-07	
0.98641667	7.85889815e-07	
0.98800000	6.56425446e-07	
0.98958333	5.16127223e-07	
0.99116667	5.87806071e-07	
0.99275000	5.37724816e-07	
0.99433333	3.35640896e-07	
0.99591667	7.93881892e-08	
0.99750000	2.07199063e-07	
0.99908333	1.22850360e-07	
1.00066667	7.14714710e-08	
1.00225000	1.43807467e-07	
1.00383333	3.53686754e-07	
1.00541667	6.68307723e-07	
1.00700000	8.09358789e-07	
1.00858333	7.66832944e-07	
1.01016667	6.34647581e-07	
1.01175000	5.57902914e-07	
1.01333333	5.16420676e-07	
1.01491667	3.81859350e-07	
1.01650000	1.82862387e-07	
1.01808333	1.19047790e-07	
1.01966667	3.77576730e-09	
1.02125000	2.74115668e-07	
1.02283333	1.20947997e-07	
1.02441667	-2.38518137e-09	
1.02600000	4.15417624e-07	
1.02758333	4.01694068e-07	
1.02916667	4.47281682e-07	
1.03075000	5.92845513e-07	
1.03233333	5.45587681e-07	
1.03391667	5.20697420e-07	
1.03550000	4.33410699e-07	
1.03708333	2.29202843e-07	
1.03866667	2.17224241e-07	
1.04025000	1.60401319e-07	
1.04183333	2.07761118e-07	
1.04341667	7.33299844e-08	
1.04500000	2.42027880e-07	
1.04658333	3.55449713e-07	
1.04816667	5.79941750e-07	
1.04975000	7.19341245e-07	
1.05133333	6.26912066e-07	
1.05291667	6.32442762e-07	
1.05450000	5.75317511e-07	
1.05608333	2.68939356e-07	
1.05766667	8.56012270e-08	
1.05925000	-1.16842042e-08	
1.06083333	1.79482482e-07	
1.06241667	9.04227913e-08	
1.06400000	2.18244061e-07	
1.06558333	3.64403059e-07	
1.06716667	2.39002680e-07	
1.06875000	6.05911964e-07	
1.07033333	5.52026906e-07	
1.07191667	5.33490802e-07	
1.07350000	7.94441959e-07	
1.07508333	4.30436826e-07	
1.07666667	1.56684475e-07	
1.07825000	1.33903534e-07	
1.07983333	2.09878251e-07	
1.08141667	3.10742487e-07	
1.08300000	2.14337886e-07	
1.08458333	3.24448374e-07	
1.08616667	4.95850337e-07	
1.08775000	4.45294573e-07	
1.08933333	5.66243200e-07	
@ 
0.00000000	5.50902599e-07	
0.00158333	6.09715262e-07	
0.00316667	3.78488643e-07	
0.00475000	6.54301649e-08	
0.00633333	7.13848911e-08	
0.00791667	-1.08642859e-07	
0.00950000	1.78506260e-07	
0.01108333	1.39563988e-07	
0.01266667	1.51723842e-07	
0.01425000	3.40314950e-07	
0.01583333	4.37041146e-07	
0.01741667	6.04485244e-07	
0.01900000	5.62915978e-07	
0.02058333	6.58628977e-07	
0.02216667	8.74902618e-07	
0.02375000	5.59544739e-07	
0.02533333	2.24206662e-07	
0.02691667	-1.58156207e-08	
0.02850000	8.33117323e-08	
0.03008333	2.92283163e-07	
0.03166667	1.79948954e-07	
0.03325000	4.22132969e-07	
0.03483333	5.83441123e-07	
0.03641667	4.87347756e-07	
0.03800000	5.48655331e-07	
0.03958333	5.61619632e-07	
0.04116667	6.27647211e-07	
0.04275000	6.67012553e-07	
0.04433333	6.02671434e-07	
0.04591667	2.34068285e-07	
0.04750000	2.08322726e-07	
0.04908333	1.61956397e-07	
0.05066667	1.51750009e-07	
0.05225000	2.48898016e-07	
0.05383333	2.24042827e-07	
0.05541667	2.29929195e-07	
0.05700000	5.32581937e-07	
0.05858333	5.35822355e-07	
0.06016667	7.04391375e-07	
0.06175000	5.60322502e-07	
0.06333333	5.37880391e-07	
0.06491667	3.66476524e-07	
0.06650000	3.24065016e-09	
0.06808333	-2.32054672e-08	
0.06966667	5.61148539e-08	
0.07125000	1.18183013e-07	
0.07283333	2.14665878e-07	
0.07441667	2.90924318e-07	
0.07600000	5.82749324e-07	
0.07758333	5.26229404e-07	
0.07916667	6.69865601e-07	
0.08075000	6.40092145e-07	
0.08233333	6.62041210e-07	
0.08391667	5.20863860e-07	
0.08550000	3.53382969e-07	
0.08708333	3.27109838e-08	
0.08866667	2.55854872e-07	
0.09025000	1.60918629e-07	
0.09183333	1.45224190e-07	
0.09341667	2.90123696e-08	
0.09500000	6.61659539e-08	
0.09658333	2.95393599e-07	
0.09816667	4.20836567e-07	
0.09975000	6.00466503e-07	
0.10133333	5.89041039e-07	
0.10291667	5.92560405e-07	
0.10450000	5.24976796e-07	
0.10608333	3.14622621e-07	
0.10766667	1.68135462e-07	
0.10925000	9.99824763e-08	
0.11083333	2.10180945e-07	
0.11241667	1.49606247e-07	
0.11400000	2.78929980e-07	
0.11558333	4.18936066e-07	
0.11716667	3.53339763e-07	
0.11875000	4.57437262e-07	
0.12033333	5.37853006e-07	
0.12191667	4.72819920e-07	
0.12350000	5.55613251e-07	
0.12508333	2.04001292e-07	
0.12666667	-3.42310075e-08	
0.12825000	1.76691750e-07	
0.12983333	2.03110362e-07	
0.13141667	2.93103404e-07	
0.13300000	1.20430380e-07	
0.13458333	3.62630187e-07	
0.13616667	4.66556123e-07	
0.13775000	6.95014034e-07	
0.13933333	6.20863179e-07	
0.14091667	4.82155203e-07	
0.14250000	5.32319846e-07	
0.14408333	4.87037670e-07	
0.14566667	1.52648653e-07	
0.14725000	2.14285943e-07	
0.14883333	9.57995576e-08	
0.15041667	2.15625187e-07	
0.15200000	8.21882798e-08	
0.15358333	1.16333404e-07	
0.15516667	4.73079323e-07	
0.15675000	5.68835444e-07	
0.15833333	6.31536081e-07	
0.15991667	5.66244376e-07	
0.16150000	5.48959480e-07	
0.16308333	5.91606626e-07	
0.16466667	4.21536599e-07	
0.16625000	2.78412293e-07	
0.16783333	1.03663619e-07	
0.16941667	1.00510090e-07	
0.17100000	1.52535304e-08	
0.17258333	8.06748749e-08	
0.17416667	2.07578844e-07	
0.17575000	2.19946775e-07	
0.17733333	5.34612028e-07	
0.17891667	4.83752562e-07	
0.18050000	5.19531224e-07	
0.18208333	7.31961692e-07	
0.18366667	7.00114015e-07	
0.18525000	6.09759000e-07	
0.18683333	2.25573600e-07	
0.18841667	9.86521436e-08	
0.19000000	1.74462514e-07	
0.19158333	1.71031002e-07	
0.19316667	1.60262321e-07	
0.19475000	1.55033954e-07	
0.19633333	3.65465427e-07	
0.19791667	4.61714621e-07	
0.19950000	4.24423500e-07	
0.20108333	5.67022139e-07	
0.20266667	5.92947550e-07	
0.20425000	3.94442779e-07	
0.20583333	2.30533084e-07	
0.20741667	1.08376413e-08	
0.20900000	7.17738495e-08	
0.21058333	1.58715420e-07	
0.21216667	1.90390315e-07	
0.21375000	2.68992502e-07	
0.21533333	3.04536877e-07	
0.21691667	5.19271820e-07	
0.21850000	4.69104013e-07	
0.22008333	5.93078092e-07	
0.22166667	6.48345572e-07	
0.22325000	5.61309154e-07	
0.22483333	4.61292727e-07	
0.22641667	2.22840887e-07	
0.22800000	1.06750457e-07	
0.22958333	1.01071389e-07	
0.23116667	2.75992956e-07	
0.23275000	2.13317324e-07	
0.23433333	1.69604296e-07	
0.23591667	4.62926068e-07	
0.23750000	5.98781108e-07	
0.23908333	5.16334040e-07	
0.24066667	5.98609516e-07	
0.24225000	5.84262120e-07	
0.24383333	5.79164492e-07	
0.24541667	2.63805549e-07	
0.24700000	7.89641942e-08	
0.24858333	6.08415850e-08	
0.25016667	2.95128693e-08	
0.25175000	2.29547608e-07	
0.25333333	1.82586183e-07	
0.25491667	3.32919286e-07	
0.25650000	4.42009801e-07	
0.25808333	5.39193090e-07	
0.25966667	6.62605436e-07	
0.26125000	5.32581545e-07	
0.26283333	7.13378658e-07	
0.26441667	7.58061103e-07	
0.26600000	3.42131868e-07	
0.26758333	1.72413760e-07	
0.26916667	-9.54540851e-08	
0.27075000	2.09574704e-08	
0.27233333	1.95316254e-07	
0.27391667	9.75520302e-08	
0.27550000	3.84589641e-07	
0.27708333	2.74781762e-07	
0.27866667	4.75974261e-07	
0.28025000	6.18052860e-07	
0.28183333	4.66382319e-07	
0.28341667	4.62148949e-07	
0.28500000	3.71403205e-07	
0.28658333	2.16144023e-07	
0.28816667	2.22383052e-07	
0.28975000	2.02186726e-07	
0.29133333	3.63445164e-07	
0.29291667	2.43540228e-07	
0.29450000	3.63303870e-07	
0.29608333	2.86232427e-07	
0.29766667	4.60115974e-07	
0.29925000	5.15557229e-07	
0.30083333	5.16032747e-07	
0.30241667	5.17674348e-07	
0.30400000	5.64644216e-07	
0.30558333	1.09671499e-07	
0.30716667	2.32981252e-08	
0.30875000	2.08283198e-08	
0.31033333	1.06101101e-07	
0.31191667	1.53141420e-07	
0.31350000	1.28769966e-07	
0.31508333	3.42062453e-07	
0.31666667	5.91177031e-07	
0.31825000	5.39019706e-07	
0.31983333	4.50567349e-07	
0.32141667	4.09471641e-07	
0.32300000	6.80020593e-07	
0.32458333	4.78307550e-07	
0.32616667	4.78519842e-08	
0.32775000	8.37007747e-08	
0.32933333	1.02022466e-07	
0.33091667	2.24525765e-07	
0.33250000	1.28467846e-07	
0.33408333	2.20015168e-07	
0.33566667	2.58058879e-07	
0.33725000	4.77487393e-07	
0.33883333	6.19651844e-07	
0.34041667	4.97364869e-07	
0.34200000	6.38190748e-07	
0.34358333	6.38148018e-07	
0.34516667	4.30067741e-07	
0.34675000	1.32496331e-07	
0.34833333	-1.29418629e-07	
0.34991667	5.20270730e-08	
0.35150000	6.33045685e-08	
0.35308333	1.32279069e-07	
0.35466667	1.71851789e-07	
0.35625000	3.82162520e-07	
0.35783333	5.50557792e-07	
0.35941667	5.64255167e-07	
0.36100000	5.25538781e-07	
0.36258333	5.56564061e-07	
0.36416667	4.98590988e-07	
0.36575000	3.52822887e-07	
0.36733333	1.99286797e-08	
0.36891667	-4.63658805e-08	
0.37050000	2.15625397e-07	
0.37208333	2.63555246e-07	
0.37366667	1.49726624e-07	
0.37525000	1.96655764e-07	
0.37683333	6.54354417e-07	
0.37841667	6.05867162e-07	
0.38000000	5.32235954e-07	
0.38158333	6.50116091e-07	
0.38316667	5.18580525e-07	
0.38475000	5.91479892e-07	
0.38633333	3.23394827e-07	
0.38791667	-2.48553888e-08	
0.38950000	2.44144775e-07	
0.39108333	1.04009834e-07	
0.39266667	2.64713798e-07	
0.39425000	2.39054119e-07	
0.39583333	3.12159183e-07	
0.39741667	4.92956351e-07	
0.39900000	5.44852704e-07	
0.40058333	6.38595758e-07	
0.40216667	4.45363680e-07	
0.40375000	4.49745540e-07	
0.40533333	5.71300283e-07	
0.40691667	3.27093513e-07	
0.40850000	1.90389083e-07	
0.41008333	2.92499025e-07	
0.41166667	3.25858153e-07	
0.41325000	3.19384655e-07	
0.41483333	3.18200818e-07	
0.41641667	2.92464471e-07	
0.41800000	2.88567032e-07	
0.41958333	5.91004095e-07	
0.42116667	5.12877845e-07	
0.42275000	5.96060114e-07	
0.42433333	5.61404135e-07	
0.42591667	4.96527016e-07	
0.42750000	2.17959064e-07	
0.42908333	1.20560236e-07	
0.43066667	1.00207109e-07	
0.43225000	4.04673962e-07	
0.43383333	3.24820539e-07	
0.43541667	5.25543374e-07	
0.43700000	1.03893924e-06	
0.43858333	1.16377265e-06	
0.44016667	1.41875400e-06	
0.44175000	1.63917653e-06	
0.44333333	1.93214673e-06	
0.44491667	2.45480272e-06	
0.44650000	2.85611584e-06	
0.44808333	3.53703471e-06	
0.44966667	4.25715288e-06	
0.45125000	4.83394247e-06	
0.45283333	5.33372682e-06	
0.45441667	5.90246997e-06	
0.45600000	6.53673740e-06	
0.45758333	7.40369528e-06	
0.45916667	8.36406938e-06	
0.46075000	9.34363935e-06	
0.46233333	1.06349050e-05	
0.46391667	1.27557282e-05	
0.46550000	1.61934823e-05	
0.46708333	2.26105728e-05	
0.46866667	3.20985042e-05	
0.47025000	4.70398420e-05	
0.47183333	7.28188507e-05	
0.47341667	1.36163517e-04	
0.47500000	2.94627511e-04	
0.47658333	4.60528423e-04	
0.47816667	4.44980591e-04	
0.47975000	4.57756175e-04	
0.48133333	5.41960270e-04	
0.48291667	6.44477535e-04	
0.48450000	8.16075800e-04	
0.48608333	9.55877685e-04	
0.48766667	1.15622092e-03	
0.48925000	1.84181560e-03	
0.49083333	2.78625689e-03	
0.49241667	7.50876623e-03	
0.49400000	1.25672189e-02	
0.49558333	1.97690869e-02	
0.49716667	2.45336256e-02	
0.49875000	2.78355183e-02	
0.50033333	3.19165812e-02	
0.50191667	3.88660794e-02	
0.50350000	4.53858654e-02	
0.50508333	5.14070390e-02	
0.50666667	6.27219272e-02	
0.50825000	7.60308171e-02	
0.50983333	8.83987608e-02	
0.51141667	1.64264310e-01	
0.51300000	2.17367391e-01	
0.51458333	2.40412015e-01	
0.51616667	2.64946938e-01	
0.51775000	6.17277471e-01	
0.51933333	2.40670718e+00	
0.52091667	4.48124387e+00	
0.52250000	6.03886761e+00	
0.52408333	7.26286829e+00	
0.52566667	7.94102795e+00	
0.52725000	1.14311727e+01	
0.52883333	1.21064728e+01	
0.53041667	1.29189120e+01	
0.53200000	1.34230316e+01	
0.53358333	1.39356054e+01	
0.53516667	1.51614076e+01	
0.53675000	1.55927202e+01	
0.53833333	1.71737885e+01	
0.53991667	1.89124446e+01	
0.54150000	1.95499891e+01	
0.54308333	2.01002706e+01	
0.54466667	2.08647298e+01	
0.54625000	2.18424763e+01	
0.54783333	2.48003173e+01	
0.54941667	2.48097092e+01	
0.55100000	2.49160512e+01	
0.55258333	2.53074181e+01	
0.55416667	2.54401526e+01	
