start voltage : 0.00 V 
set voltage : 0.10 V 
High G : 30.00 G0 
Intermediate G : 20.00 G0 
Low G : 10.00 G0 
Breaking speed 1 : 300.00 V/s 
Breaking speed 2 : 300.00 V/s 
Making speed : 500.00 V/s 
Post breaking : 230.00 V/s 
@ 
0.00000000	5.39725154e+01	
0.00158333	5.47854957e+01	
0.00316667	5.46922156e+01	
0.00475000	5.47768931e+01	
0.00633333	5.46928432e+01	
0.00791667	5.48054484e+01	
0.00950000	5.48616682e+01	
0.01108333	5.51243559e+01	
0.01266667	5.48458234e+01	
0.01425000	5.50210638e+01	
0.01583333	5.47689143e+01	
0.01741667	5.47846163e+01	
0.01900000	5.47460866e+01	
0.02058333	5.47532085e+01	
0.02216667	5.48797793e+01	
0.02375000	5.47261941e+01	
0.02533333	5.46943428e+01	
0.02691667	5.47353079e+01	
0.02850000	5.44752021e+01	
0.03008333	5.50385698e+01	
0.03166667	5.45664189e+01	
0.03325000	5.46627884e+01	
0.03483333	5.43940987e+01	
0.03641667	5.45140287e+01	
0.03800000	5.48880776e+01	
0.03958333	5.47400320e+01	
0.04116667	5.47583611e+01	
0.04275000	5.45044715e+01	
0.04433333	5.44563206e+01	
0.04591667	5.46034341e+01	
0.04750000	5.44019047e+01	
0.04908333	5.44234884e+01	
0.05066667	5.45251795e+01	
0.05225000	5.44680238e+01	
0.05383333	5.44703539e+01	
0.05541667	5.43718611e+01	
0.05700000	5.44223233e+01	
0.05858333	5.41827865e+01	
0.06016667	5.43754653e+01	
0.06175000	5.43477593e+01	
0.06333333	5.41863268e+01	
0.06491667	5.46337370e+01	
0.06650000	5.44078653e+01	
0.06808333	5.43907952e+01	
0.06966667	5.41476092e+01	
0.07125000	5.41461848e+01	
0.07283333	5.44365784e+01	
0.07441667	5.41310052e+01	
0.07600000	5.44273256e+01	
0.07758333	5.43352969e+01	
0.07916667	5.43418175e+01	
0.08075000	5.44166822e+01	
0.08233333	5.42675316e+01	
0.08391667	5.43262132e+01	
0.08550000	5.41946514e+01	
0.08708333	5.41947190e+01	
0.08866667	5.43959666e+01	
0.09025000	5.42379391e+01	
0.09183333	5.42639049e+01	
0.09341667	5.41677685e+01	
0.09500000	5.40622966e+01	
0.09658333	5.39560466e+01	
0.09816667	5.38183363e+01	
0.09975000	5.41197679e+01	
0.10133333	5.39674755e+01	
0.10291667	5.40560729e+01	
0.10450000	5.41475641e+01	
0.10608333	5.39269163e+01	
0.10766667	5.36973615e+01	
0.10925000	5.37900741e+01	
0.11083333	5.39003492e+01	
0.11241667	5.40019914e+01	
0.11400000	5.35654577e+01	
0.11558333	5.35087755e+01	
0.11716667	5.36320767e+01	
0.11875000	5.33722378e+01	
0.12033333	5.36048593e+01	
0.12191667	5.33727376e+01	
0.12350000	5.36558778e+01	
0.12508333	5.34479330e+01	
0.12666667	5.33583435e+01	
0.12825000	5.33491921e+01	
0.12983333	5.31241960e+01	
0.13141667	5.33676414e+01	
0.13300000	5.31681489e+01	
0.13458333	5.32267027e+01	
0.13616667	5.32634473e+01	
0.13775000	5.32477001e+01	
0.13933333	5.30978318e+01	
0.14091667	5.28749704e+01	
0.14250000	5.26960808e+01	
0.14408333	5.25684990e+01	
0.14566667	5.23762900e+01	
0.14725000	5.23690178e+01	
0.14883333	5.24158420e+01	
0.15041667	5.23350543e+01	
0.15200000	5.23344981e+01	
0.15358333	5.21574387e+01	
0.15516667	5.20855732e+01	
0.15675000	5.18501028e+01	
0.15833333	5.17551165e+01	
0.15991667	5.20770833e+01	
0.16150000	5.19699877e+01	
0.16308333	5.20132566e+01	
0.16466667	5.18091603e+01	
0.16625000	5.19314542e+01	
0.16783333	5.19063152e+01	
0.16941667	5.12082137e+01	
0.17100000	5.16460065e+01	
0.17258333	5.16527000e+01	
0.17416667	5.16217732e+01	
0.17575000	5.14620394e+01	
0.17733333	5.13734496e+01	
0.17891667	5.16206307e+01	
0.18050000	5.13030385e+01	
0.18208333	5.11704018e+01	
0.18366667	5.10015505e+01	
0.18525000	5.00133185e+01	
0.18683333	5.01881567e+01	
0.18841667	4.98513861e+01	
0.19000000	4.97584480e+01	
0.19158333	4.96711172e+01	
0.19316667	4.95426033e+01	
0.19475000	4.96043102e+01	
0.19633333	4.93517360e+01	
0.19791667	4.93569525e+01	
0.19950000	4.93579748e+01	
0.20108333	4.92279501e+01	
0.20266667	4.92411604e+01	
0.20425000	4.86324004e+01	
0.20583333	4.87777212e+01	
0.20741667	4.83997750e+01	
0.20900000	4.82738130e+01	
0.21058333	4.85083438e+01	
0.21216667	4.81674053e+01	
0.21375000	4.79026355e+01	
0.21533333	4.75834911e+01	
0.21691667	4.76412970e+01	
0.21850000	4.73752382e+01	
0.22008333	4.73069918e+01	
0.22166667	4.69613855e+01	
0.22325000	4.62286065e+01	
0.22483333	4.62368860e+01	
0.22641667	4.63165950e+01	
0.22800000	4.60120327e+01	
0.22958333	4.61153738e+01	
0.23116667	4.60172192e+01	
0.23275000	4.59863149e+01	
0.23433333	4.60287871e+01	
0.23591667	4.59260887e+01	
0.23750000	4.59307001e+01	
0.23908333	4.59358114e+01	
0.24066667	4.57923810e+01	
0.24225000	4.57648892e+01	
0.24383333	4.54958012e+01	
0.24541667	4.54136831e+01	
0.24700000	4.52406940e+01	
0.24858333	4.50952115e+01	
0.25016667	4.51208692e+01	
0.25175000	4.50194411e+01	
0.25333333	4.50807798e+01	
0.25491667	4.48049457e+01	
0.25650000	4.45122407e+01	
0.25808333	4.41870831e+01	
0.25966667	4.39931567e+01	
0.26125000	4.36055367e+01	
0.26283333	4.25723070e+01	
0.26441667	4.25987351e+01	
0.26600000	4.27613703e+01	
0.26758333	4.25051468e+01	
0.26916667	4.22429890e+01	
0.27075000	4.15106573e+01	
0.27233333	4.14490480e+01	
0.27391667	4.14249613e+01	
0.27550000	4.12618301e+01	
0.27708333	4.13602252e+01	
0.27866667	4.13796667e+01	
0.28025000	4.14156709e+01	
0.28183333	4.12985784e+01	
0.28341667	4.11759387e+01	
0.28500000	4.11657011e+01	
0.28658333	4.08919491e+01	
0.28816667	4.09661147e+01	
0.28975000	4.07558999e+01	
0.29133333	4.05121539e+01	
0.29291667	4.05151154e+01	
0.29450000	4.03254358e+01	
0.29608333	4.04997103e+01	
0.29766667	4.00188440e+01	
0.29925000	3.99529804e+01	
0.30083333	3.97898830e+01	
0.30241667	3.94878726e+01	
0.30400000	3.95063332e+01	
0.30558333	3.94782026e+01	
0.30716667	3.92654509e+01	
0.30875000	3.92408681e+01	
0.31033333	3.91966897e+01	
0.31191667	3.91432209e+01	
0.31350000	3.88512225e+01	
0.31508333	3.86237648e+01	
0.31666667	3.83567250e+01	
0.31825000	3.81396664e+01	
0.31983333	3.77557634e+01	
0.32141667	3.79826085e+01	
0.32300000	3.77470330e+01	
0.32458333	3.71569891e+01	
0.32616667	3.70740179e+01	
0.32775000	3.65603006e+01	
0.32933333	3.61162729e+01	
0.33091667	3.62242629e+01	
0.33250000	3.60974139e+01	
0.33408333	3.58094331e+01	
0.33566667	3.59627778e+01	
0.33725000	3.60399952e+01	
0.33883333	3.60417578e+01	
0.34041667	3.59887136e+01	
0.34200000	3.55754060e+01	
0.34358333	3.56251391e+01	
0.34516667	3.54468169e+01	
0.34675000	3.53834939e+01	
0.34833333	3.56212869e+01	
0.34991667	3.49850765e+01	
0.35150000	3.50205244e+01	
0.35308333	3.46135720e+01	
0.35466667	3.47161125e+01	
0.35625000	3.49937881e+01	
0.35783333	3.50464640e+01	
0.35941667	3.49169654e+01	
0.36100000	3.32869383e+01	
0.36258333	3.30097136e+01	
0.36416667	3.29841386e+01	
0.36575000	3.27657684e+01	
0.36733333	3.28788809e+01	
0.36891667	3.25873109e+01	
0.37050000	3.28335449e+01	
0.37208333	3.26943726e+01	
0.37366667	3.25509008e+01	
0.37525000	3.29714206e+01	
0.37683333	3.25516337e+01	
0.37841667	3.25562037e+01	
0.38000000	3.22457372e+01	
0.38158333	3.17528220e+01	
0.38316667	3.15987970e+01	
0.38475000	3.18967748e+01	
0.38633333	3.17398748e+01	
0.38791667	3.12371223e+01	
0.38950000	3.10376411e+01	
0.39108333	3.13464088e+01	
0.39266667	3.11309776e+01	
0.39425000	3.12296414e+01	
0.39583333	3.06301418e+01	
0.39741667	3.05779940e+01	
0.39900000	3.07294990e+01	
0.40058333	3.02274869e+01	
0.40216667	3.06874854e+01	
0.40375000	3.06678090e+01	
0.40533333	3.05571450e+01	
0.40691667	3.02538380e+01	
0.40850000	2.96460119e+01	
0.41008333	3.00132188e+01	
0.41166667	2.89339184e+01	
0.41325000	2.81153833e+01	
0.41483333	2.79929278e+01	
0.41641667	2.79705153e+01	
0.41800000	2.80448820e+01	
0.41958333	2.79106236e+01	
0.42116667	2.77227311e+01	
0.42275000	2.76922553e+01	
0.42433333	2.75435313e+01	
0.42591667	2.75038384e+01	
0.42750000	2.75192473e+01	
0.42908333	2.74812249e+01	
0.43066667	2.73229700e+01	
0.43225000	2.73974570e+01	
0.43383333	2.70404932e+01	
0.43541667	2.68707023e+01	
0.43700000	2.71455668e+01	
0.43858333	2.64979463e+01	
0.44016667	2.62418713e+01	
0.44175000	2.63118765e+01	
0.44333333	2.57230090e+01	
0.44491667	2.54430070e+01	
0.44650000	2.52563264e+01	
0.44808333	2.51018241e+01	
0.44966667	2.45296678e+01	
0.45125000	2.40522610e+01	
0.45283333	2.42126919e+01	
0.45441667	2.42446992e+01	
0.45600000	2.34478117e+01	
0.45758333	2.36089623e+01	
0.45916667	2.34203914e+01	
0.46075000	2.35026166e+01	
0.46233333	2.34140850e+01	
0.46391667	2.34683112e+01	
0.46550000	2.30844626e+01	
0.46708333	2.30483720e+01	
0.46866667	2.31772730e+01	
0.47025000	2.28434113e+01	
0.47183333	2.27268355e+01	
0.47341667	2.25669439e+01	
0.47500000	2.12915053e+01	
0.47658333	2.15633237e+01	
0.47816667	2.14803073e+01	
0.47975000	2.15002186e+01	
0.48133333	2.15594207e+01	
0.48291667	2.15150375e+01	
0.48450000	2.15717967e+01	
0.48608333	2.12114317e+01	
0.48766667	2.09518258e+01	
0.48925000	2.08592447e+01	
0.49083333	2.12026355e+01	
0.49241667	2.11796612e+01	
0.49400000	2.02542767e+01	
0.49558333	1.99337212e+01	
0.49716667	1.98707101e+01	
0.49875000	1.96214056e+01	
0.50033333	1.95124591e+01	
0.50191667	1.94116249e+01	
0.50350000	1.93325998e+01	
0.50508333	1.91170220e+01	
0.50666667	1.90420033e+01	
0.50825000	1.91983076e+01	
0.50983333	1.90214606e+01	
0.51141667	1.86843367e+01	
0.51300000	1.88129502e+01	
0.51458333	1.86228195e+01	
0.51616667	1.83753547e+01	
0.51775000	1.81842356e+01	
0.51933333	1.82100981e+01	
0.52091667	1.77458340e+01	
0.52250000	1.74367449e+01	
0.52408333	1.71585450e+01	
0.52566667	1.72149791e+01	
0.52725000	1.70928937e+01	
0.52883333	1.67789151e+01	
0.53041667	1.64115278e+01	
0.53200000	1.65185763e+01	
0.53358333	1.64709309e+01	
0.53516667	1.65038796e+01	
0.53675000	1.65747793e+01	
0.53833333	1.66884518e+01	
0.53991667	1.65624785e+01	
0.54150000	1.65741367e+01	
0.54308333	1.66515438e+01	
0.54466667	1.63280004e+01	
0.54625000	1.62400513e+01	
0.54783333	1.54609592e+01	
0.54941667	1.47157235e+01	
0.55100000	1.47121061e+01	
0.55258333	1.48168227e+01	
0.55416667	1.42344645e+01	
0.55575000	1.43855721e+01	
0.55733333	1.41021050e+01	
0.55891667	1.41270495e+01	
0.56050000	1.40057148e+01	
0.56208333	1.37686529e+01	
0.56366667	1.37329522e+01	
0.56525000	1.37284676e+01	
0.56683333	1.37908962e+01	
0.56841667	1.37466971e+01	
0.57000000	1.33984948e+01	
0.57158333	1.33386350e+01	
0.57316667	1.35340883e+01	
0.57475000	1.33558695e+01	
0.57633333	1.28981448e+01	
0.57791667	1.26844122e+01	
0.57950000	1.24618619e+01	
0.58108333	1.25471153e+01	
0.58266667	1.24520716e+01	
0.58425000	1.22313834e+01	
0.58583333	1.19503291e+01	
0.58741667	1.20911438e+01	
0.58900000	1.18758938e+01	
0.59058333	1.17715334e+01	
0.59216667	1.15455536e+01	
0.59375000	1.08258966e+01	
0.59533333	1.00420569e+01	
0.59691667	9.55773397e+00	
0.59850000	9.62964649e+00	
0.60008333	9.27617509e+00	
0.60166667	9.59252705e+00	
0.60325000	9.76151838e+00	
0.60483333	9.50656613e+00	
0.60641667	8.62455771e+00	
0.60800000	8.52252081e+00	
0.60958333	8.32198919e+00	
0.61116667	8.00091591e+00	
0.61275000	8.14796460e+00	
0.61433333	8.01640278e+00	
0.61591667	7.86776340e+00	
0.61750000	7.71934716e+00	
0.61908333	7.68479273e+00	
0.62066667	7.57617746e+00	
0.62225000	7.52417717e+00	
0.62383333	7.46988621e+00	
0.62541667	7.20769884e+00	
0.62700000	7.19132925e+00	
0.62858333	7.25620865e+00	
0.63016667	7.31207338e+00	
0.63175000	6.85316949e+00	
0.63333333	6.53905839e+00	
0.63491667	6.30966329e+00	
0.63650000	6.33363867e+00	
0.63808333	6.25650029e+00	
0.63966667	6.06176296e+00	
0.64125000	5.77443515e+00	
0.64283333	5.72743616e+00	
0.64441667	5.70119455e+00	
0.64600000	5.64255528e+00	
0.64758333	5.41250671e+00	
0.64916667	5.10619261e+00	
0.65075000	4.44607732e+00	
0.65233333	4.36716831e+00	
0.65391667	4.30020073e+00	
0.65550000	4.49795829e+00	
0.65708333	4.66821098e+00	
0.65866667	4.71551720e+00	
0.66025000	4.67355335e+00	
0.66183333	4.62537005e+00	
0.66341667	4.42751431e+00	
0.66500000	4.12151966e+00	
0.66658333	4.00609770e+00	
0.66816667	3.94317448e+00	
0.66975000	3.93835474e+00	
0.67133333	3.91182890e+00	
0.67291667	3.73160201e+00	
0.67450000	3.00968346e+00	
0.67608333	2.89332593e+00	
0.67766667	2.87794218e+00	
0.67925000	3.00597053e+00	
0.68083333	2.77382320e+00	
0.68241667	2.46134625e+00	
0.68400000	2.35468058e+00	
0.68558333	2.41966333e+00	
0.68716667	2.20548686e+00	
0.68875000	1.80765313e+00	
0.69033333	1.16843614e+00	
0.69191667	9.77613051e-01	
0.69350000	9.72601228e-01	
0.69508333	9.59939222e-01	
0.69666667	9.66389991e-01	
0.69825000	9.38375590e-01	
0.69983333	2.81754545e-01	
0.70141667	-4.70398892e-03	
0.70300000	-9.75044071e-05	
0.70458333	9.39075884e-04	
0.70616667	9.00145246e-04	
0.70775000	4.98020365e-05	
0.70933333	-2.90141828e-06	
0.71091667	-2.88362656e-05	
0.71250000	-4.54261883e-05	
0.71408333	-5.16608719e-05	
0.71566667	-4.77589036e-05	
0.71725000	-3.92907752e-05	
0.71883333	-3.05414193e-05	
0.72041667	-2.23690990e-05	
0.72200000	-1.58686140e-05	
0.72358333	-1.04510626e-05	
0.72516667	-6.41048131e-06	
0.72675000	-3.30904512e-06	
0.72833333	-7.55564511e-07	
0.72991667	7.06116308e-07	
0.73150000	1.73496110e-06	
0.73308333	2.30509210e-06	
0.73466667	2.68010285e-06	
0.73625000	3.00828878e-06	
0.73783333	2.74037589e-06	
0.73941667	2.66905378e-06	
0.74100000	2.56770648e-06	
0.74258333	2.53112228e-06	
0.74416667	2.32754732e-06	
0.74575000	2.05103222e-06	
0.74733333	2.02119408e-06	
0.74891667	1.64225510e-06	
0.75050000	1.09722576e-06	
0.75208333	9.64655269e-07	
0.75366667	7.78497372e-07	
0.75525000	8.12290744e-07	
0.75683333	6.84343595e-07	
0.75841667	6.04182718e-07	
0.76000000	5.67709458e-07	
0.76158333	9.65821465e-07	
0.76316667	1.01897009e-06	
0.76475000	9.29869140e-07	
0.76633333	7.48295161e-07	
0.76791667	8.01790049e-07	
0.76950000	7.92716858e-07	
0.77108333	6.59234308e-07	
0.77266667	5.64945846e-07	
0.77425000	5.64126081e-07	
0.77583333	7.15842768e-07	
0.77741667	5.21216451e-07	
0.77900000	6.92375811e-07	
0.78058333	5.32238194e-07	
0.78216667	7.37835627e-07	
0.78375000	7.46263165e-07	
0.78533333	6.47007560e-07	
0.78691667	8.29056496e-07	
0.78850000	6.90387274e-07	
0.79008333	6.69691042e-07	
0.79166667	4.05437304e-07	
0.79325000	2.44404207e-07	
0.79483333	4.76839052e-07	
0.79641667	3.39971375e-07	
0.79800000	2.55777869e-07	
0.79958333	4.03811831e-07	
0.80116667	6.35208446e-07	
0.80275000	7.79061877e-07	
0.80433333	6.29894704e-07	
0.80591667	6.76821505e-07	
0.80750000	7.39564089e-07	
0.80908333	7.90639501e-07	
0.81066667	4.34231920e-07	
0.81225000	3.64099861e-07	
0.81383333	3.29098823e-07	
0.81541667	4.52639274e-07	
0.81700000	4.80123600e-07	
0.81858333	4.98028331e-07	
0.82016667	3.33859933e-07	
0.82175000	6.65327942e-07	
0.82333333	7.93279403e-07	
0.82491667	7.14978034e-07	
0.82650000	7.60537142e-07	
0.82808333	7.42592257e-07	
0.82966667	6.97303137e-07	
0.83125000	4.74332548e-07	
0.83283333	2.97078798e-07	
0.83441667	4.65647370e-07	
0.83600000	3.39857662e-07	
0.83758333	3.71704695e-07	
0.83916667	3.33203163e-07	
0.84075000	5.75535137e-07	
0.84233333	8.21882014e-07	
0.84391667	6.86890365e-07	
0.84550000	7.37835907e-07	
0.84708333	6.84382741e-07	
0.84866667	6.52882839e-07	
0.85025000	4.38898694e-07	
0.85183333	3.35260975e-07	
0.85341667	4.04027749e-07	
0.85500000	3.26202317e-07	
0.85658333	3.68335331e-07	
0.85816667	4.40668765e-07	
0.85975000	4.87036046e-07	
0.86133333	5.41483593e-07	
0.86291667	5.76830587e-07	
0.86450000	4.93388243e-07	
0.86608333	5.15901869e-07	
0.86766667	4.89066809e-07	
0.86925000	6.31207627e-07	
0.87083333	4.16041604e-07	
0.87241667	2.78299700e-07	
0.87400000	2.76207586e-07	
0.87558333	3.12271692e-07	
0.87716667	4.31942510e-07	
0.87875000	3.09922218e-07	
0.88033333	5.75836654e-07	
0.88191667	7.87943092e-07	
0.88350000	8.16310268e-07	
0.88508333	7.89864482e-07	
0.88666667	7.69339673e-07	
0.88825000	6.65224393e-07	
0.88983333	5.47708776e-07	
0.89141667	1.13230529e-07	
0.89300000	2.71583934e-07	
0.89458333	3.47290371e-07	
0.89616667	4.67262790e-07	
0.89775000	4.42856699e-07	
0.89933333	3.76242522e-07	
0.90091667	6.88316749e-07	
0.90250000	6.15244446e-07	
0.90408333	6.02326067e-07	
0.90566667	6.16888400e-07	
0.90725000	7.58235271e-07	
0.90883333	6.89570030e-07	
0.91041667	3.74255021e-07	
0.91200000	2.28761193e-07	
0.91358333	2.21631513e-07	
0.91516667	1.68395622e-07	
0.91675000	3.58353584e-07	
0.91833333	3.16955406e-07	
0.91991667	4.81773826e-07	
0.92150000	7.87443269e-07	
0.92308333	7.53608903e-07	
0.92466667	7.77331175e-07	
0.92625000	6.74274847e-07	
0.92783333	5.37810836e-07	
0.92941667	5.64913644e-07	
0.93100000	2.17475202e-07	
0.93258333	3.80996268e-07	
0.93416667	3.07924721e-07	
0.93575000	4.37861163e-07	
0.93733333	3.47594353e-07	
0.93891667	3.00881677e-07	
0.94050000	5.28910581e-07	
0.94208333	4.39245097e-07	
0.94366667	7.49331039e-07	
0.94525000	6.05521682e-07	
0.94683333	5.41051253e-07	
0.94841667	7.77851999e-07	
0.95000000	4.09773607e-07	
0.95158333	3.71532067e-07	
0.95316667	2.66484989e-07	
0.95475000	2.32391542e-07	
0.95633333	3.18303779e-07	
0.95791667	1.50755909e-07	
0.95950000	3.31303110e-07	
0.96108333	6.10450127e-07	
0.96266667	6.91341501e-07	
0.96425000	7.78930831e-07	
0.96583333	7.17657754e-07	
0.96741667	6.41254982e-07	
0.96900000	6.34994181e-07	
0.97058333	8.23092229e-07	
0.97216667	4.30049485e-07	
0.97375000	1.94797671e-07	
0.97533333	4.04805176e-07	
0.97691667	2.08755303e-07	
0.97850000	1.97727442e-07	
0.98008333	4.27016641e-07	
0.98166667	5.99187350e-07	
0.98325000	6.83260954e-07	
0.98483333	5.43903237e-07	
0.98641667	5.85903834e-07	
0.98800000	6.76212758e-07	
0.98958333	5.10173596e-07	
0.99116667	2.72300766e-07	
0.99275000	2.33125329e-07	
0.99433333	2.44534244e-07	
0.99591667	3.84625006e-07	
0.99750000	2.59674412e-07	
0.99908333	4.44516586e-07	
1.00066667	4.01955628e-07	
1.00225000	7.97033419e-07	
1.00383333	7.67392017e-07	
1.00541667	5.58855796e-07	
1.00700000	5.82144609e-07	
1.00858333	7.02921701e-07	
1.01016667	7.13159352e-07	
1.01175000	5.17864197e-07	
1.01333333	2.18520601e-07	
1.01491667	3.91712348e-07	
1.01650000	2.55250325e-07	
1.01808333	1.92939269e-07	
1.01966667	3.45044278e-07	
1.02125000	5.03239925e-07	
1.02283333	7.04823154e-07	
1.02441667	5.92559509e-07	
1.02600000	6.80666974e-07	
1.02758333	6.48907109e-07	
1.02916667	6.30283865e-07	
1.03075000	4.51058715e-07	
1.03233333	2.00759866e-07	
1.03391667	2.53175936e-07	
1.03550000	3.22703140e-07	
1.03708333	3.16697206e-07	
1.03866667	4.27921977e-07	
1.04025000	3.49838654e-07	
1.04183333	6.33065846e-07	
1.04341667	6.15245847e-07	
1.04500000	5.43686508e-07	
1.04658333	6.49122103e-07	
1.04816667	7.38873354e-07	
1.04975000	7.08538249e-07	
1.05133333	4.39918387e-07	
1.05291667	1.79370140e-07	
1.05450000	3.29097955e-07	
1.05608333	4.05625949e-07	
1.05766667	4.02446042e-07	
1.05925000	2.62466249e-07	
1.06083333	4.37774863e-07	
1.06241667	6.19203656e-07	
1.06400000	5.56303986e-07	
1.06558333	6.65802843e-07	
1.06716667	6.12134739e-07	
1.06875000	6.69207348e-07	
1.07033333	3.85706247e-07	
1.07191667	2.81557534e-07	
1.07350000	2.87658391e-07	
1.07508333	3.80520890e-07	
1.07666667	5.24674271e-07	
1.07825000	3.84969758e-07	
1.07983333	3.02029252e-07	
1.08141667	6.70773570e-07	
1.08300000	5.94763207e-07	
1.08458333	4.76882734e-07	
1.08616667	4.63659057e-07	
1.08775000	5.33876155e-07	
1.08933333	6.88101308e-07	
1.09091667	2.62552549e-07	
1.09250000	6.48172314e-08	
1.09408333	1.49580500e-07	
1.09566667	1.85896267e-07	
1.09725000	2.81219951e-07	
1.09883333	1.01027917e-07	
1.10041667	3.76631320e-07	
1.10200000	6.94925606e-07	
1.10358333	6.58025214e-07	
1.10516667	7.47299268e-07	
1.10675000	6.34602051e-07	
1.10833333	8.03907168e-07	
1.10991667	6.47068098e-07	
1.11150000	1.36633489e-07	
1.11308333	3.39599266e-07	
1.11466667	2.71842890e-07	
1.11625000	4.06230524e-07	
1.11783333	3.55155112e-07	
1.11941667	4.60808165e-07	
1.12100000	4.34922403e-07	
1.12258333	4.15090205e-07	
1.12416667	5.11407947e-07	
1.12575000	5.26272190e-07	
1.12733333	3.29919428e-07	
1.12891667	6.63824498e-07	
1.13050000	5.28182660e-07	
1.13208333	3.22850679e-07	
1.13366667	3.43229125e-07	
1.13525000	3.68204678e-07	
1.13683333	4.16428833e-07	
1.13841667	2.91850992e-07	
1.14000000	4.89482011e-07	
1.14158333	5.74757262e-07	
1.14316667	6.21943131e-07	
1.14475000	6.35857515e-07	
1.14633333	3.94417298e-07	
1.14791667	5.88107869e-07	
1.14950000	4.09990897e-07	
1.15108333	1.62760579e-07	
1.15266667	2.76450301e-07	
1.15425000	2.97122088e-07	
1.15583333	3.31734805e-07	
1.15741667	3.53115613e-07	
1.15900000	3.79266238e-07	
1.16058333	3.70711014e-07	
1.16216667	3.99109524e-07	
1.16375000	5.82577397e-07	
1.16533333	5.89922406e-07	
1.16691667	7.08580307e-07	
1.16850000	6.49599468e-07	
1.17008333	5.03975182e-07	
1.17166667	3.59604960e-07	
1.17325000	2.12902835e-07	
1.17483333	2.18305482e-07	
1.17641667	3.53815420e-07	
1.17800000	2.41811542e-07	
1.17958333	4.80745115e-07	
1.18116667	5.23203253e-07	
1.18275000	7.07760878e-07	
1.18433333	7.26342680e-07	
1.18591667	4.73770674e-07	
1.18750000	6.73406864e-07	
1.18908333	6.66060007e-07	
1.19066667	4.44732475e-07	
1.19225000	2.74955005e-07	
1.19383333	2.03871926e-07	
1.19541667	3.91496235e-07	
1.19700000	4.51948483e-07	
1.19858333	3.84927364e-07	
1.20016667	2.95610804e-07	
1.20175000	5.67973341e-07	
1.20333333	7.96731510e-07	
1.20491667	7.25175923e-07	
1.20650000	7.63549069e-07	
1.20808333	6.17622649e-07	
1.20966667	5.97736437e-07	
1.21125000	5.82706482e-07	
1.21283333	4.17897359e-07	
1.21441667	2.81643778e-07	
1.21600000	3.71748181e-07	
1.21758333	2.49330356e-07	
1.21916667	3.95559217e-07	
1.22075000	4.39590493e-07	
1.22233333	5.04666757e-07	
1.22391667	5.63650731e-07	
1.22550000	5.38676523e-07	
1.22708333	7.08713032e-07	
1.22866667	6.92029324e-07	
1.23025000	6.13774605e-07	
1.23183333	3.86794712e-07	
1.23341667	1.53443315e-07	
1.23500000	2.91288586e-07	
1.23658333	1.69864414e-07	
1.23816667	2.08426190e-07	
1.23975000	2.26635939e-07	
1.24133333	4.14855303e-07	
1.24291667	6.07250984e-07	
1.24450000	4.52295111e-07	
1.24608333	4.46281029e-07	
1.24766667	4.98876601e-07	
1.24925000	6.41430549e-07	
1.25083333	5.46970887e-07	
1.25241667	3.98339770e-07	
1.25400000	2.87356930e-07	
1.25558333	1.67314382e-07	
1.25716667	2.81999618e-07	
1.25875000	3.02480577e-07	
1.26033333	2.60436102e-07	
1.26191667	5.42952707e-07	
1.26350000	4.99739208e-07	
1.26508333	5.73201624e-07	
1.26666667	5.49434830e-07	
1.26825000	4.91694279e-07	
1.26983333	5.39295687e-07	
1.27141667	2.38942030e-07	
1.27300000	1.65888138e-07	
1.27458333	2.43323218e-07	
1.27616667	1.89266191e-07	
1.27775000	3.21795619e-07	
1.27933333	1.49019467e-07	
1.28091667	4.83580467e-07	
1.28250000	6.73710398e-07	
1.28408333	6.89179580e-07	
1.28566667	7.49285677e-07	
1.28725000	5.43125978e-07	
1.28883333	6.77298255e-07	
1.29041667	6.55173006e-07	
1.29200000	3.18608012e-07	
1.29358333	2.73355210e-07	
1.29516667	2.08408815e-07	
1.29675000	3.17388193e-07	
1.29833333	2.13388013e-07	
1.29991667	3.54291413e-07	
1.30150000	5.09419914e-07	
1.30308333	4.96629556e-07	
1.30466667	7.13723969e-07	
1.30625000	6.70468636e-07	
1.30783333	5.62656127e-07	
1.30941667	7.18130807e-07	
1.31100000	4.96327255e-07	
1.31258333	2.32053944e-07	
1.31416667	3.70927576e-07	
1.31575000	4.86604938e-07	
1.31733333	5.50256106e-07	
1.31891667	2.03308947e-07	
1.32050000	5.40462219e-07	
1.32208333	4.76017327e-07	
1.32366667	5.30594632e-07	
1.32525000	5.28519571e-07	
1.32683333	4.39590381e-07	
1.32841667	5.86768345e-07	
1.33000000	5.19988372e-07	
1.33158333	1.83562167e-07	
1.33316667	3.21926413e-07	
1.33475000	1.91728509e-07	
1.33633333	3.51092942e-07	
1.33791667	2.50281222e-07	
1.33950000	2.58880128e-07	
1.34108333	5.00649977e-07	
1.34266667	6.83304972e-07	
1.34425000	7.17138499e-07	
1.34583333	6.18443198e-07	
1.34741667	5.81669764e-07	
1.34900000	6.07294330e-07	
1.35058333	4.86735424e-07	
1.35216667	2.18390773e-07	
1.35375000	2.43799071e-07	
1.35533333	3.89464632e-07	
1.35691667	4.15841423e-07	
1.35850000	1.85679958e-07	
1.36008333	2.92973590e-07	
1.36166667	3.39642556e-07	
1.36325000	8.03864830e-07	
@ 
0.00000000	6.47740633e-07	
0.00158333	4.49468468e-07	
0.00316667	5.28390821e-07	
0.00475000	5.16162785e-07	
0.00633333	3.44006356e-07	
0.00791667	1.80234805e-07	
0.00950000	3.45263157e-08	
0.01108333	2.35545365e-07	
0.01266667	1.20602798e-07	
0.01425000	1.29607512e-07	
0.01583333	2.35494459e-07	
0.01741667	2.54955892e-07	
0.01900000	5.62871792e-07	
0.02058333	4.48015987e-07	
0.02216667	3.38649799e-07	
0.02375000	4.70399715e-07	
0.02533333	4.30431198e-07	
0.02691667	3.26981564e-07	
0.02850000	1.78204476e-07	
0.03008333	1.81315668e-07	
0.03166667	2.39953323e-07	
0.03325000	2.65447263e-07	
0.03483333	2.47169639e-07	
0.03641667	2.18088430e-07	
0.03800000	3.35061970e-07	
0.03958333	3.86915845e-07	
0.04116667	2.66528699e-07	
0.04275000	3.88600597e-07	
0.04433333	4.78092332e-07	
0.04591667	2.26696212e-07	
0.04750000	3.13673351e-07	
0.04908333	3.81987435e-08	
0.05066667	1.71376384e-07	
0.05225000	5.66931289e-08	
0.05383333	3.89072313e-08	
0.05541667	2.15817010e-07	
0.05700000	3.65396068e-07	
0.05858333	5.00302985e-07	
0.06016667	4.51343936e-07	
0.06175000	5.37376648e-07	
0.06333333	4.65603100e-07	
0.06491667	3.74644295e-07	
0.06650000	4.72518234e-07	
0.06808333	7.43280839e-09	
0.06966667	5.69096696e-08	
0.07125000	8.23348384e-08	
0.07283333	1.24794432e-07	
0.07441667	2.37575365e-08	
0.07600000	2.73269897e-08	
0.07758333	5.23377476e-07	
0.07916667	3.96768759e-07	
0.08075000	4.03897767e-07	
0.08233333	6.04113331e-07	
0.08391667	5.56781575e-07	
0.08550000	3.48664785e-07	
0.08708333	1.81142200e-07	
0.08866667	1.84039294e-07	
0.09025000	1.52321109e-07	
0.09183333	8.41327081e-08	
0.09341667	1.13817561e-07	
0.09500000	2.83121439e-08	
0.09658333	4.84659971e-07	
0.09816667	3.66589481e-07	
0.09975000	3.72483158e-07	
0.10133333	4.29910906e-07	
0.10291667	4.60409931e-07	
0.10450000	5.95670000e-07	
0.10608333	3.79352454e-07	
0.10766667	1.89093633e-07	
0.10925000	1.13775566e-07	
0.11083333	2.98331266e-07	
0.11241667	2.45658019e-07	
0.11400000	7.72961103e-08	
0.11558333	1.27300768e-07	
0.11716667	2.55691849e-07	
0.11875000	3.42365146e-07	
0.12033333	2.75213905e-07	
0.12191667	3.02219605e-07	
0.12350000	1.59174556e-07	
0.12508333	3.38735567e-07	
0.12666667	2.83982933e-08	
0.12825000	8.75895822e-08	
0.12983333	9.83230588e-08	
0.13141667	8.03301445e-08	
0.13300000	1.08720422e-07	
0.13458333	1.41422964e-07	
0.13616667	1.95133490e-07	
0.13775000	3.27151980e-07	
0.13933333	3.63149919e-07	
0.14091667	5.02031167e-07	
0.14250000	5.41742772e-07	
0.14408333	6.67746354e-07	
0.14566667	4.73771010e-07	
0.14725000	4.40325722e-07	
0.14883333	9.66120421e-08	
0.15041667	4.07656187e-08	
0.15200000	6.29850392e-08	
0.15358333	-1.62389034e-08	
0.15516667	2.69544750e-08	
0.15675000	1.99679466e-07	
0.15833333	3.61749100e-07	
0.15991667	4.51128046e-07	
0.16150000	4.05928950e-07	
0.16308333	3.05808302e-07	
0.16466667	5.59975399e-07	
0.16625000	3.24431910e-07	
0.16783333	6.79199386e-08	
0.16941667	1.41301550e-07	
0.17100000	1.08373354e-07	
0.17258333	1.80027652e-07	
0.17416667	-1.60396937e-08	
0.17575000	3.53410048e-09	
0.17733333	5.82052037e-08	
0.17891667	4.05842314e-07	
0.18050000	5.55484557e-07	
0.18208333	4.20749399e-07	
0.18366667	6.30413287e-07	
0.18525000	4.63323770e-07	
0.18683333	2.00898696e-07	
0.18841667	5.94502866e-08	
0.19000000	2.92630718e-08	
0.19158333	1.69346223e-07	
0.19316667	1.05937545e-07	
0.19475000	-1.34219394e-08	
0.19633333	1.51672586e-07	
0.19791667	1.40298979e-07	
0.19950000	3.32685672e-07	
0.20108333	4.91573369e-07	
0.20266667	5.17154533e-07	
0.20425000	5.52805565e-07	
0.20583333	3.76055026e-07	
0.20741667	1.67730564e-07	
0.20900000	-6.17988298e-09	
0.21058333	-1.49348299e-07	
0.21216667	5.21475484e-08	
0.21375000	7.00453670e-08	
0.21533333	1.76691792e-07	
0.21691667	1.94796901e-07	
0.21850000	3.62240774e-07	
0.22008333	4.92265616e-07	
0.22166667	3.23912962e-07	
0.22325000	4.32461065e-07	
0.22483333	3.17519379e-07	
0.22641667	3.77807232e-07	
0.22800000	1.74945942e-07	
0.22958333	4.60464036e-08	
0.23116667	1.81401604e-07	
0.23275000	1.88654598e-08	
0.23433333	3.68333287e-08	
0.23591667	6.74008583e-08	
0.23750000	1.09243166e-08	
0.23908333	3.80174179e-07	
0.24066667	3.28061124e-07	
0.24225000	3.44178592e-07	
0.24383333	4.04338199e-07	
0.24541667	3.50229103e-07	
0.24700000	3.43013963e-07	
0.24858333	-9.29653894e-08	
0.25016667	9.05282651e-08	
0.25175000	6.37108528e-08	
0.25333333	8.11077184e-08	
0.25491667	5.02118950e-08	
0.25650000	9.21786451e-08	
0.25808333	5.20397023e-07	
0.25966667	4.29090274e-07	
0.26125000	3.92835479e-07	
0.26283333	4.40284588e-07	
0.26441667	3.73867232e-07	
0.26600000	5.62441357e-07	
0.26758333	5.04883206e-07	
0.26916667	-3.80784501e-08	
0.27075000	4.14821945e-09	
0.27233333	-1.07458539e-07	
0.27391667	1.64190858e-09	
0.27550000	1.04649866e-07	
0.27708333	1.95013784e-07	
0.27866667	3.16481765e-07	
0.28025000	3.40635649e-07	
0.28183333	4.68801067e-07	
0.28341667	5.27483637e-07	
0.28500000	6.02801416e-07	
0.28658333	4.44774981e-07	
0.28816667	1.43098909e-07	
0.28975000	1.17838065e-07	
0.29133333	1.55085855e-07	
0.29291667	1.34110170e-07	
0.29450000	6.17923047e-08	
0.29608333	-4.76623841e-08	
0.29766667	4.16705206e-07	
0.29925000	4.37084352e-07	
0.30083333	4.21570508e-07	
0.30241667	3.06629523e-07	
0.30400000	3.61766433e-07	
0.30558333	5.67582500e-07	
0.30716667	3.20370971e-07	
0.30875000	-1.23586827e-09	
0.31033333	4.44210287e-08	
0.31191667	-2.16487286e-08	
0.31350000	9.12277365e-08	
0.31508333	-1.33695443e-07	
0.31666667	2.96604093e-07	
0.31825000	1.94598246e-07	
0.31983333	3.02566568e-07	
0.32141667	2.81350184e-07	
0.32300000	2.81349596e-07	
0.32458333	3.69846671e-07	
0.32616667	2.66961823e-07	
0.32775000	1.42442125e-07	
0.32933333	2.71497550e-07	
0.33091667	1.27603364e-07	
0.33250000	1.50030872e-07	
0.33408333	2.89952363e-08	
0.33566667	1.10189578e-07	
0.33725000	3.14839183e-07	
0.33883333	3.90803316e-07	
0.34041667	5.10283921e-07	
0.34200000	4.02860097e-07	
0.34358333	4.36435479e-07	
0.34516667	5.49131408e-07	
0.34675000	1.36331915e-07	
0.34833333	7.85325758e-08	
0.34991667	1.11131401e-07	
0.35150000	1.55215235e-07	
0.35308333	2.51836020e-07	
0.35466667	5.72040678e-08	
0.35625000	2.44520009e-09	
0.35783333	1.11563257e-07	
0.35941667	3.77496139e-07	
0.36100000	3.81816480e-07	
0.36258333	3.30352299e-07	
0.36416667	4.34923495e-07	
0.36575000	3.75596253e-07	
0.36733333	4.86819799e-08	
0.36891667	8.18855863e-08	
0.37050000	4.35569204e-08	
0.37208333	1.90217631e-07	
0.37366667	8.12457786e-08	
0.37525000	-2.69985314e-08	
0.37683333	3.19004566e-07	
0.37841667	2.62682475e-07	
0.38000000	2.89992464e-07	
0.38158333	2.27465351e-07	
0.38316667	2.60194311e-07	
0.38475000	5.08296560e-07	
0.38633333	3.01374583e-07	
0.38791667	1.22746672e-07	
0.38950000	-1.12652709e-07	
0.39108333	2.59098601e-08	
0.39266667	1.78714253e-07	
0.39425000	-1.18829912e-08	
0.39583333	9.82201332e-08	
0.39741667	2.65931741e-07	
0.39900000	4.03811607e-07	
0.40058333	4.29608941e-07	
0.40216667	3.80563312e-07	
0.40375000	3.66562936e-07	
0.40533333	3.63995809e-07	
0.40691667	3.16373841e-08	
0.40850000	-2.92535794e-08	
0.41008333	-4.44216237e-08	
0.41166667	1.30938999e-07	
0.41325000	5.37119856e-08	
0.41483333	5.33400484e-08	
0.41641667	1.62698738e-07	
0.41800000	3.50642906e-07	
0.41958333	5.43383702e-07	
0.42116667	4.77789807e-07	
0.42275000	4.13448240e-07	
0.42433333	4.74290042e-07	
0.42591667	2.91805854e-07	
0.42750000	2.35762795e-07	
0.42908333	-1.18875078e-07	
0.43066667	1.38224464e-07	
0.43225000	2.65300900e-07	
0.43383333	2.20940876e-07	
0.43541667	2.74565672e-08	
0.43700000	1.71939713e-07	
0.43858333	3.43782206e-07	
0.44016667	3.73649746e-07	
0.44175000	3.28968533e-07	
0.44333333	3.49191628e-07	
0.44491667	3.91539637e-07	
0.44650000	3.25037073e-07	
0.44808333	2.41292847e-07	
0.44966667	-3.18854070e-09	
0.45125000	6.34776373e-08	
0.45283333	5.45324924e-08	
0.45441667	1.79457476e-07	
0.45600000	-2.54429671e-08	
0.45758333	3.23048255e-07	
0.45916667	4.18935450e-07	
0.46075000	2.27387507e-07	
0.46233333	2.26774154e-07	
0.46391667	2.26824752e-07	
0.46550000	2.58153272e-07	
0.46708333	8.23177227e-08	
0.46866667	8.11945923e-08	
0.47025000	-2.76902797e-08	
0.47183333	1.07294633e-07	
0.47341667	9.39842151e-08	
0.47500000	4.81030819e-08	
0.47658333	4.37481340e-08	
0.47816667	1.99680292e-07	
0.47975000	2.31699701e-07	
0.48133333	2.43582706e-07	
0.48291667	2.20740961e-07	
0.48450000	3.03517547e-07	
0.48608333	4.82153131e-07	
0.48766667	2.48854530e-07	
0.48925000	6.40470708e-08	
0.49083333	1.43246252e-07	
0.49241667	1.20084088e-07	
0.49400000	1.35295043e-07	
0.49558333	-8.48424069e-08	
0.49716667	-6.32093853e-08	
0.49875000	2.88946337e-07	
0.50033333	2.34983968e-07	
0.50191667	4.13534764e-07	
0.50350000	2.96129136e-07	
0.50508333	4.08608531e-07	
0.50666667	3.26980276e-07	
0.50825000	3.18549224e-08	
0.50983333	1.50825226e-07	
0.51141667	7.90768082e-08	
0.51300000	2.64549963e-07	
0.51458333	2.43549552e-07	
0.51616667	1.70262074e-07	
0.51775000	2.90208102e-07	
0.51933333	4.21440918e-07	
0.52091667	4.78783795e-07	
0.52250000	4.57480495e-07	
0.52408333	5.12273018e-07	
0.52566667	5.00476145e-07	
0.52725000	3.07795859e-07	
0.52883333	4.29089294e-08	
0.53041667	1.65069804e-08	
0.53200000	3.45514819e-08	
0.53358333	1.40693171e-08	
0.53516667	-1.50592577e-07	
0.53675000	-8.72782432e-08	
0.53833333	8.26812000e-08	
0.53991667	2.51801915e-07	
0.54150000	2.68265057e-07	
0.54308333	2.89430927e-07	
0.54466667	3.64402275e-07	
0.54625000	2.65533591e-07	
0.54783333	6.53785586e-08	
0.54941667	9.56004547e-08	
0.55100000	1.27603112e-07	
0.55258333	4.68757722e-07	
0.55416667	3.15833368e-07	
0.55575000	2.52199448e-07	
0.55733333	5.15684803e-07	
0.55891667	6.30758487e-07	
0.56050000	8.65180749e-07	
0.56208333	9.11588464e-07	
0.56366667	1.04407938e-06	
0.56525000	1.52979735e-06	
0.56683333	1.71980200e-06	
0.56841667	1.92835469e-06	
0.57000000	2.18567907e-06	
0.57158333	2.93124970e-06	
0.57316667	3.65457144e-06	
0.57475000	4.16182988e-06	
0.57633333	4.87939904e-06	
0.57791667	6.12418884e-06	
0.57950000	8.12458561e-06	
0.58108333	1.02982394e-05	
0.58266667	1.34629181e-05	
0.58425000	1.81048902e-05	
0.58583333	2.35682122e-05	
0.58741667	3.06373996e-05	
0.58900000	4.01575974e-05	
0.59058333	5.51607512e-05	
0.59216667	8.21466937e-05	
0.59375000	1.29751711e-04	
0.59533333	1.90786859e-04	
0.59691667	2.66149432e-04	
0.59850000	3.44731900e-04	
0.60008333	4.66662069e-04	
0.60166667	6.30181206e-04	
0.60325000	8.44735840e-04	
0.60483333	1.09207476e-03	
0.60641667	2.04101661e-03	
0.60800000	2.59004605e-03	
0.60958333	5.26224313e-03	
0.61116667	9.12483441e-03	
0.61275000	1.51370271e-02	
0.61433333	1.93376352e-02	
0.61591667	3.00232378e-02	
0.61750000	4.13364633e-02	
0.61908333	5.71421515e-02	
0.62066667	6.43823242e-02	
0.62225000	7.51489608e-02	
0.62383333	9.50080735e-02	
0.62541667	1.10910034e-01	
0.62700000	1.23702706e-01	
0.62858333	1.57933527e-01	
0.63016667	1.85268416e-01	
0.63175000	2.38500511e-01	
0.63333333	2.98116298e-01	
0.63491667	6.28026286e-01	
0.63650000	1.35056753e+00	
0.63808333	1.42978154e+00	
0.63966667	1.46990396e+00	
0.64125000	1.95062375e+00	
0.64283333	5.43176923e+00	
0.64441667	9.14021797e+00	
0.64600000	1.00153901e+01	
0.64758333	1.30836555e+01	
0.64916667	1.45562640e+01	
0.65075000	1.68900677e+01	
0.65233333	1.72746453e+01	
0.65391667	1.87421632e+01	
0.65550000	2.09843310e+01	
0.65708333	2.21377801e+01	
0.65866667	2.38957762e+01	
0.66025000	2.63173504e+01	
0.66183333	2.68468711e+01	
0.66341667	2.77064766e+01	
0.66500000	2.92790493e+01	
0.66658333	3.04870214e+01	
0.66816667	3.10462212e+01	
0.66975000	3.19134953e+01	
0.67133333	3.28896558e+01	
0.67291667	3.29448196e+01	
0.67450000	3.32927711e+01	
