start voltage : 0.00 V 
set voltage : 0.10 V 
High G : 30.00 G0 
Intermediate G : 20.00 G0 
Low G : 10.00 G0 
Breaking speed 1 : 300.00 V/s 
Breaking speed 2 : 300.00 V/s 
Making speed : 500.00 V/s 
Post breaking : 230.00 V/s 
@ 
0.00000000	4.52338276e+01	
0.00158333	4.56540167e+01	
0.00316667	4.58291481e+01	
0.00475000	4.56693654e+01	
0.00633333	4.55931628e+01	
0.00791667	4.56861386e+01	
0.00950000	4.56182380e+01	
0.01108333	4.59156333e+01	
0.01266667	4.57716654e+01	
0.01425000	4.60306286e+01	
0.01583333	4.61358450e+01	
0.01741667	4.57297946e+01	
0.01900000	4.59114992e+01	
0.02058333	4.58480258e+01	
0.02216667	4.58331243e+01	
0.02375000	4.59177304e+01	
0.02533333	4.55958199e+01	
0.02691667	4.55349473e+01	
0.02850000	4.55900585e+01	
0.03008333	4.53954819e+01	
0.03166667	4.53800391e+01	
0.03325000	4.53149610e+01	
0.03483333	4.53527278e+01	
0.03641667	4.52479286e+01	
0.03800000	4.52279760e+01	
0.03958333	4.52626347e+01	
0.04116667	4.52248904e+01	
0.04275000	4.52625896e+01	
0.04433333	4.52968274e+01	
0.04591667	4.52976054e+01	
0.04750000	4.54931892e+01	
0.04908333	4.52094778e+01	
0.05066667	4.53683096e+01	
0.05225000	4.52598047e+01	
0.05383333	4.53385066e+01	
0.05541667	4.54263522e+01	
0.05700000	4.49284911e+01	
0.05858333	4.52670845e+01	
0.06016667	4.50748004e+01	
0.06175000	4.51336210e+01	
0.06333333	4.49105867e+01	
0.06491667	4.52329068e+01	
0.06650000	4.49018525e+01	
0.06808333	4.48658371e+01	
0.06966667	4.49026079e+01	
0.07125000	4.47997330e+01	
0.07283333	4.47676637e+01	
0.07441667	4.48385596e+01	
0.07600000	4.44684494e+01	
0.07758333	4.44749475e+01	
0.07916667	4.47767211e+01	
0.08075000	4.46937912e+01	
0.08233333	4.46386537e+01	
0.08391667	4.43049686e+01	
0.08550000	4.46443325e+01	
0.08708333	4.46018904e+01	
0.08866667	4.43935923e+01	
0.09025000	4.44671942e+01	
0.09183333	4.43583548e+01	
0.09341667	4.44972753e+01	
0.09500000	4.42540780e+01	
0.09658333	4.42900521e+01	
0.09816667	4.42802844e+01	
0.09975000	4.41388872e+01	
0.10133333	4.41954115e+01	
0.10291667	4.42673822e+01	
0.10450000	4.41658264e+01	
0.10608333	4.42552693e+01	
0.10766667	4.40676492e+01	
0.10925000	4.41539879e+01	
0.11083333	4.38799089e+01	
0.11241667	4.38304463e+01	
0.11400000	4.39355500e+01	
0.11558333	4.37532065e+01	
0.11716667	4.35700662e+01	
0.11875000	4.35436419e+01	
0.12033333	4.35736591e+01	
0.12191667	4.36739372e+01	
0.12350000	4.36508652e+01	
0.12508333	4.37166912e+01	
0.12666667	4.33236932e+01	
0.12825000	4.36153082e+01	
0.12983333	4.36174730e+01	
0.13141667	4.34460059e+01	
0.13300000	4.36096746e+01	
0.13458333	4.35140643e+01	
0.13616667	4.36993017e+01	
0.13775000	4.31330777e+01	
0.13933333	4.31255649e+01	
0.14091667	4.32281167e+01	
0.14250000	4.31605882e+01	
0.14408333	4.31519029e+01	
0.14566667	4.29908838e+01	
0.14725000	4.27127007e+01	
0.14883333	4.27240770e+01	
0.15041667	4.24704204e+01	
0.15200000	4.24837097e+01	
0.15358333	4.21383289e+01	
0.15516667	4.21135130e+01	
0.15675000	4.24589164e+01	
0.15833333	4.21507875e+01	
0.15991667	4.21658657e+01	
0.16150000	4.20915460e+01	
0.16308333	4.21933236e+01	
0.16466667	4.20321691e+01	
0.16625000	4.18835673e+01	
0.16783333	4.19767686e+01	
0.16941667	4.19798992e+01	
0.17100000	4.17081165e+01	
0.17258333	4.09203015e+01	
0.17416667	4.05274425e+01	
0.17575000	4.07474701e+01	
0.17733333	3.97208587e+01	
0.17891667	3.91215958e+01	
0.18050000	3.91813786e+01	
0.18208333	3.89800220e+01	
0.18366667	3.89905151e+01	
0.18525000	3.91094341e+01	
0.18683333	3.90416914e+01	
0.18841667	3.89757075e+01	
0.19000000	3.86615767e+01	
0.19158333	3.87940292e+01	
0.19316667	3.87101335e+01	
0.19475000	3.87017901e+01	
0.19633333	3.83723068e+01	
0.19791667	3.81855849e+01	
0.19950000	3.82329503e+01	
0.20108333	3.81979421e+01	
0.20266667	3.83197399e+01	
0.20425000	3.82512982e+01	
0.20583333	3.80850400e+01	
0.20741667	3.83186425e+01	
0.20900000	3.81714388e+01	
0.21058333	3.82295867e+01	
0.21216667	3.80651588e+01	
0.21375000	3.79240698e+01	
0.21533333	3.80410571e+01	
0.21691667	3.78159069e+01	
0.21850000	3.78987579e+01	
0.22008333	3.74951390e+01	
0.22166667	3.68793548e+01	
0.22325000	3.60796561e+01	
0.22483333	3.47781652e+01	
0.22641667	3.46969002e+01	
0.22800000	3.50039505e+01	
0.22958333	3.50783792e+01	
0.23116667	3.51905709e+01	
0.23275000	3.51101741e+01	
0.23433333	3.50107943e+01	
0.23591667	3.48748466e+01	
0.23750000	3.50013949e+01	
0.23908333	3.48913529e+01	
0.24066667	3.47841108e+01	
0.24225000	3.48527555e+01	
0.24383333	3.47422738e+01	
0.24541667	3.48576337e+01	
0.24700000	3.47116852e+01	
0.24858333	3.44275792e+01	
0.25016667	3.42470434e+01	
0.25175000	3.39020873e+01	
0.25333333	3.40259372e+01	
0.25491667	3.40258658e+01	
0.25650000	3.37792108e+01	
0.25808333	3.40314919e+01	
0.25966667	3.38162899e+01	
0.26125000	3.38648316e+01	
0.26283333	3.40125841e+01	
0.26441667	3.39216115e+01	
0.26600000	3.38488402e+01	
0.26758333	3.36506744e+01	
0.26916667	3.37326347e+01	
0.27075000	3.37092695e+01	
0.27233333	3.35077701e+01	
0.27391667	3.35409218e+01	
0.27550000	3.31912002e+01	
0.27708333	3.33149411e+01	
0.27866667	3.32321615e+01	
0.28025000	3.32047713e+01	
0.28183333	3.32214204e+01	
0.28341667	3.29430495e+01	
0.28500000	3.32461611e+01	
0.28658333	3.31429779e+01	
0.28816667	3.29983110e+01	
0.28975000	3.12101717e+01	
0.29133333	3.12752311e+01	
0.29291667	3.11821896e+01	
0.29450000	3.11225985e+01	
0.29608333	3.09711931e+01	
0.29766667	3.04938652e+01	
0.29925000	3.05780259e+01	
0.30083333	3.06853902e+01	
0.30241667	3.05494161e+01	
0.30400000	3.06109558e+01	
0.30558333	3.06765413e+01	
0.30716667	3.03198406e+01	
0.30875000	3.04709342e+01	
0.31033333	3.03177924e+01	
0.31191667	3.02407348e+01	
0.31350000	2.99758053e+01	
0.31508333	2.98363079e+01	
0.31666667	3.01856818e+01	
0.31825000	2.99439765e+01	
0.31983333	2.97394367e+01	
0.32141667	2.97269555e+01	
0.32300000	2.97406995e+01	
0.32458333	2.80736929e+01	
0.32616667	2.79296536e+01	
0.32775000	2.86048316e+01	
0.32933333	2.85865250e+01	
0.33091667	2.84670686e+01	
0.33250000	2.83322577e+01	
0.33408333	2.79940477e+01	
0.33566667	2.77955643e+01	
0.33725000	2.78499145e+01	
0.33883333	2.80201489e+01	
0.34041667	2.80288643e+01	
0.34200000	2.79700061e+01	
0.34358333	2.79393537e+01	
0.34516667	2.79105917e+01	
0.34675000	2.77687811e+01	
0.34833333	2.79186814e+01	
0.34991667	2.76258148e+01	
0.35150000	2.75664680e+01	
0.35308333	2.72522883e+01	
0.35466667	2.65009210e+01	
0.35625000	2.62848564e+01	
0.35783333	2.58929709e+01	
0.35941667	2.61538414e+01	
0.36100000	2.61322126e+01	
0.36258333	2.60730143e+01	
0.36416667	2.60395601e+01	
0.36575000	2.60326900e+01	
0.36733333	2.63168693e+01	
0.36891667	2.61204192e+01	
0.37050000	2.59351292e+01	
0.37208333	2.59410109e+01	
0.37366667	2.58687582e+01	
0.37525000	2.42084639e+01	
0.37683333	2.39760828e+01	
0.37841667	2.38335168e+01	
0.38000000	2.36607813e+01	
0.38158333	2.34730541e+01	
0.38316667	2.34613809e+01	
0.38475000	2.37906500e+01	
0.38633333	2.39034356e+01	
0.38791667	2.35993994e+01	
0.38950000	2.34768537e+01	
0.39108333	2.35080360e+01	
0.39266667	2.31894817e+01	
0.39425000	2.26156811e+01	
0.39583333	2.28822774e+01	
0.39741667	2.27677480e+01	
0.39900000	2.29337318e+01	
0.40058333	2.21373235e+01	
0.40216667	2.19375905e+01	
0.40375000	2.19403152e+01	
0.40533333	2.14813446e+01	
0.40691667	2.13769137e+01	
0.40850000	2.13319179e+01	
0.41008333	2.13659433e+01	
0.41166667	2.13755382e+01	
0.41325000	2.13763218e+01	
0.41483333	2.12255383e+01	
0.41641667	2.07151603e+01	
0.41800000	2.08799752e+01	
0.41958333	2.09168908e+01	
0.42116667	2.08235167e+01	
0.42275000	2.07902072e+01	
0.42433333	2.06399894e+01	
0.42591667	2.07628189e+01	
0.42750000	2.02955782e+01	
0.42908333	2.01340480e+01	
0.43066667	2.02508097e+01	
0.43225000	1.96258535e+01	
0.43383333	1.93975953e+01	
0.43541667	1.93011807e+01	
0.43700000	1.92848248e+01	
0.43858333	1.93339434e+01	
0.44016667	1.93994293e+01	
0.44175000	1.93075773e+01	
0.44333333	1.91573745e+01	
0.44491667	1.89593665e+01	
0.44650000	1.89750610e+01	
0.44808333	1.87128525e+01	
0.44966667	1.89353305e+01	
0.45125000	1.90143424e+01	
0.45283333	1.88009651e+01	
0.45441667	1.88099529e+01	
0.45600000	1.88356463e+01	
0.45758333	1.87231182e+01	
0.45916667	1.85974456e+01	
0.46075000	1.77366357e+01	
0.46233333	1.65146114e+01	
0.46391667	1.61029536e+01	
0.46550000	1.62617515e+01	
0.46708333	1.63573750e+01	
0.46866667	1.60008340e+01	
0.47025000	1.57164724e+01	
0.47183333	1.55703144e+01	
0.47341667	1.54823870e+01	
0.47500000	1.55269685e+01	
0.47658333	1.55527304e+01	
0.47816667	1.52820423e+01	
0.47975000	1.54582880e+01	
0.48133333	1.49394163e+01	
0.48291667	1.47993542e+01	
0.48450000	1.47553468e+01	
0.48608333	1.44251419e+01	
0.48766667	1.43316541e+01	
0.48925000	1.42699124e+01	
0.49083333	1.41792960e+01	
0.49241667	1.42462090e+01	
0.49400000	1.40753461e+01	
0.49558333	1.37748578e+01	
0.49716667	1.37752280e+01	
0.49875000	1.35008117e+01	
0.50033333	1.23188946e+01	
0.50191667	1.23026242e+01	
0.50350000	1.20864986e+01	
0.50508333	1.17757361e+01	
0.50666667	1.13806955e+01	
0.50825000	1.14079147e+01	
0.50983333	1.13113827e+01	
0.51141667	1.13996869e+01	
0.51300000	1.13724432e+01	
0.51458333	1.13703489e+01	
0.51616667	1.14949185e+01	
0.51775000	1.12411097e+01	
0.51933333	1.13028242e+01	
0.52091667	1.09985635e+01	
0.52250000	1.07846919e+01	
0.52408333	1.04793357e+01	
0.52566667	1.05750569e+01	
0.52725000	1.05350774e+01	
0.52883333	1.06338295e+01	
0.53041667	1.02626172e+01	
0.53200000	1.03579560e+01	
0.53358333	1.03911837e+01	
0.53516667	1.05189478e+01	
0.53675000	1.04323847e+01	
0.53833333	1.03804257e+01	
0.53991667	1.04539280e+01	
0.54150000	1.02663473e+01	
0.54308333	1.01717969e+01	
0.54466667	1.01835330e+01	
0.54625000	9.99798277e+00	
0.54783333	9.95502862e+00	
0.54941667	8.96344986e+00	
0.55100000	8.72184228e+00	
0.55258333	8.87352209e+00	
0.55416667	8.91489401e+00	
0.55575000	8.69762871e+00	
0.55733333	8.74319016e+00	
0.55891667	8.61597571e+00	
0.56050000	8.47259978e+00	
0.56208333	8.74859361e+00	
0.56366667	8.69355663e+00	
0.56525000	8.46304439e+00	
0.56683333	8.51026981e+00	
0.56841667	8.35680575e+00	
0.57000000	8.60383651e+00	
0.57158333	7.91460265e+00	
0.57316667	7.72240310e+00	
0.57475000	6.30131102e+00	
0.57633333	6.04441951e+00	
0.57791667	6.14741664e+00	
0.57950000	6.18616248e+00	
0.58108333	6.11641049e+00	
0.58266667	6.13725429e+00	
0.58425000	6.13057539e+00	
0.58583333	6.19656488e+00	
0.58741667	5.99604594e+00	
0.58900000	5.88560181e+00	
0.59058333	5.82833900e+00	
0.59216667	5.72141542e+00	
0.59375000	5.74951550e+00	
0.59533333	5.79575813e+00	
0.59691667	5.88325101e+00	
0.59850000	5.85523033e+00	
0.60008333	4.19479126e+00	
0.60166667	3.82204841e+00	
0.60325000	3.75604694e+00	
0.60483333	3.47913821e+00	
0.60641667	3.41117257e+00	
0.60800000	3.15396184e+00	
0.60958333	3.20507495e+00	
0.61116667	3.21093150e+00	
0.61275000	3.20934199e+00	
0.61433333	3.10473186e+00	
0.61591667	3.03544261e+00	
0.61750000	2.43999390e+00	
0.61908333	3.02005744e+00	
0.62066667	3.00637196e+00	
0.62225000	3.12657372e+00	
0.62383333	2.96536271e+00	
0.62541667	2.84193800e+00	
0.62700000	2.77127980e+00	
0.62858333	2.80835156e+00	
0.63016667	2.79323957e+00	
0.63175000	2.64157103e+00	
0.63333333	2.70103265e+00	
0.63491667	2.64566707e+00	
0.63650000	2.65868875e+00	
0.63808333	2.54657830e+00	
0.63966667	2.49046905e+00	
0.64125000	2.48280430e+00	
0.64283333	2.66533501e+00	
0.64441667	2.33959303e+00	
0.64600000	1.39389058e+00	
0.64758333	1.26059678e+00	
0.64916667	1.23380963e+00	
0.65075000	1.20037716e+00	
0.65233333	1.19157824e+00	
0.65391667	1.20027616e+00	
0.65550000	1.00042748e+00	
0.65708333	4.88773817e-02	
0.65866667	-1.34219758e-03	
0.66025000	-1.75282740e-04	
0.66183333	-2.48498920e-06	
0.66341667	5.77943066e-05	
0.66500000	1.66557430e-04	
0.66658333	2.20723992e-04	
0.66816667	1.46220314e-04	
0.66975000	8.13548953e-05	
0.67133333	4.84387436e-05	
0.67291667	3.22416269e-05	
0.67450000	2.23841148e-05	
0.67608333	1.61707838e-05	
0.67766667	1.15406135e-05	
0.67925000	8.27080504e-06	
0.68083333	6.33670046e-06	
0.68241667	5.11745631e-06	
0.68400000	4.37654665e-06	
0.68558333	3.74652040e-06	
0.68716667	3.44702859e-06	
0.68875000	3.29764950e-06	
0.69033333	3.33635844e-06	
0.69191667	2.97679968e-06	
0.69350000	2.79141748e-06	
0.69508333	2.48457366e-06	
0.69666667	2.56047006e-06	
0.69825000	2.13204344e-06	
0.69983333	1.76966205e-06	
0.70141667	1.45315914e-06	
0.70300000	1.21550217e-06	
0.70458333	1.17457386e-06	
0.70616667	7.78283330e-07	
0.70775000	1.00800961e-06	
0.70933333	8.84107135e-07	
0.71091667	9.84141007e-07	
0.71250000	9.73855474e-07	
0.71408333	8.84365362e-07	
0.71566667	1.12695705e-06	
0.71725000	8.73221086e-07	
0.71883333	4.42417360e-07	
0.72041667	4.82326178e-07	
0.72200000	3.66174363e-07	
0.72358333	5.19964571e-07	
0.72516667	4.08089527e-07	
0.72675000	3.52329337e-07	
0.72833333	3.82032202e-07	
0.72991667	5.70002536e-07	
0.73150000	6.18960661e-07	
0.73308333	5.79120922e-07	
0.73466667	6.42032688e-07	
0.73625000	7.15410317e-07	
0.73783333	6.29893640e-07	
0.73941667	4.76880830e-07	
0.74100000	2.02488916e-07	
0.74258333	3.58265828e-07	
0.74416667	4.12841789e-07	
0.74575000	1.18702520e-07	
0.74733333	2.66277304e-07	
0.74891667	3.29238269e-07	
0.75050000	4.50739165e-07	
0.75208333	5.67410460e-07	
0.75366667	5.98988709e-07	
0.75525000	8.32947159e-07	
0.75683333	6.30456017e-07	
0.75841667	3.10396980e-07	
0.76000000	1.09903930e-07	
0.76158333	8.94047777e-08	
0.76316667	7.96819364e-08	
0.76475000	9.56350992e-08	
0.76633333	7.96213137e-08	
0.76791667	3.03215666e-07	
0.76950000	5.32881215e-07	
0.77108333	6.55906975e-07	
0.77266667	4.21009923e-07	
0.77425000	3.94088227e-07	
0.77583333	5.68663740e-07	
0.77741667	4.52898482e-07	
0.77900000	4.73382633e-07	
0.78058333	1.59493645e-07	
0.78216667	2.38483537e-07	
0.78375000	1.59191357e-07	
0.78533333	-2.46313962e-08	
0.78691667	7.17924424e-08	
0.78850000	3.04815489e-07	
0.79008333	6.53877332e-07	
0.79166667	5.10026029e-07	
0.79325000	4.08002527e-07	
0.79483333	5.80547586e-07	
0.79641667	7.28763108e-07	
0.79800000	5.89086569e-07	
0.79958333	1.92291908e-07	
0.80116667	1.09463093e-07	
0.80275000	2.62544177e-07	
0.80433333	3.66062217e-07	
0.80591667	3.27026114e-07	
0.80750000	3.92963725e-07	
0.80908333	5.04796739e-07	
0.81066667	5.46582678e-07	
0.81225000	5.81150789e-07	
0.81383333	5.14519055e-07	
0.81541667	5.37377545e-07	
0.81700000	6.23195907e-07	
0.81858333	6.51844889e-07	
0.82016667	9.70966948e-08	
0.82175000	2.06896468e-07	
0.82333333	1.36547847e-07	
0.82491667	1.82040816e-07	
0.82650000	1.51801265e-07	
0.82808333	2.80356560e-07	
0.82966667	5.24673767e-07	
0.83125000	4.84747167e-07	
0.83283333	4.81938361e-07	
0.83441667	5.43211102e-07	
0.83600000	4.02083034e-07	
0.83758333	5.42130758e-07	
0.83916667	9.63261072e-08	
0.84075000	1.40013591e-07	
0.84233333	5.88450184e-08	
0.84391667	1.41706840e-07	
0.84550000	1.50980437e-07	
0.84708333	1.13352054e-07	
0.84866667	3.22557085e-07	
0.85025000	4.96672062e-07	
0.85183333	5.18365363e-07	
0.85341667	6.04313092e-07	
0.85500000	5.60668878e-07	
0.85658333	7.36151352e-07	
0.85816667	4.88704305e-07	
0.85975000	9.50220887e-08	
0.86133333	8.04592443e-08	
0.86291667	7.82559654e-08	
0.86450000	1.64895437e-07	
0.86608333	1.38380431e-07	
0.86766667	2.07466461e-07	
0.86925000	8.08964979e-07	
0.87083333	4.03198100e-07	
0.87241667	4.52901030e-07	
0.87400000	4.50696575e-07	
0.87558333	6.06343239e-07	
0.87716667	5.72683657e-07	
0.87875000	2.92282575e-07	
0.88033333	2.29581517e-07	
0.88191667	1.32356829e-07	
0.88350000	2.71065911e-07	
0.88508333	2.24095133e-07	
0.88666667	1.38552793e-07	
0.88825000	3.06974106e-07	
0.88983333	3.20975910e-07	
0.89141667	5.16118711e-07	
0.89300000	5.04104884e-07	
0.89458333	4.59208957e-07	
0.89616667	5.64083127e-07	
0.89775000	6.10379172e-07	
0.89933333	2.59959269e-07	
0.90091667	1.90060768e-07	
0.90250000	9.29731808e-08	
0.90408333	1.72413620e-07	
0.90566667	4.45597609e-08	
0.90725000	1.74116153e-07	
0.90883333	3.21320242e-07	
0.91041667	3.34975615e-07	
0.91200000	4.96802828e-07	
0.91358333	3.50860335e-07	
0.91516667	5.67583844e-07	
0.91675000	4.78134670e-07	
0.91833333	2.23144519e-07	
0.91991667	1.67815828e-07	
0.92150000	-4.99960964e-08	
0.92308333	9.29479866e-08	
0.92466667	1.35226034e-07	
0.92625000	5.99689609e-08	
0.92783333	2.31672721e-07	
0.92941667	2.68369446e-07	
0.93100000	4.77357019e-07	
0.93258333	4.89241369e-07	
0.93416667	4.71170030e-07	
0.93575000	4.90734060e-07	
0.93733333	5.34957228e-07	
0.93891667	4.62795722e-07	
0.94050000	3.67902460e-07	
0.94208333	2.54463770e-07	
0.94366667	3.47247165e-07	
0.94525000	1.27905861e-07	
0.94683333	2.25503261e-07	
0.94841667	1.39504038e-07	
0.95000000	3.59199334e-07	
0.95158333	3.62630383e-07	
0.95316667	3.81816312e-07	
0.95475000	3.66821584e-07	
0.95633333	3.71619319e-07	
0.95791667	3.68766495e-07	
0.95950000	2.54773716e-07	
0.96108333	1.76121645e-07	
0.96266667	1.79673884e-07	
0.96425000	1.55033520e-07	
0.96583333	1.15762969e-07	
0.96741667	2.37533230e-07	
0.96900000	2.97856085e-07	
0.97058333	5.56607855e-07	
0.97216667	5.26920475e-07	
0.97375000	4.96024617e-07	
0.97533333	5.18364747e-07	
0.97691667	3.58958383e-07	
0.97850000	3.78532101e-07	
0.98008333	2.71671214e-07	
0.98166667	1.06870302e-07	
0.98325000	3.50279022e-08	
0.98483333	2.55629893e-08	
0.98641667	1.10059344e-07	
0.98800000	3.10695361e-08	
0.98958333	1.32295590e-07	
0.99116667	4.19669727e-07	
0.99275000	5.21259405e-07	
0.99433333	6.09843732e-07	
0.99591667	5.86424265e-07	
0.99750000	6.11055347e-07	
0.99908333	2.65239269e-07	
1.00066667	-7.63023387e-08	
1.00225000	4.96319015e-08	
1.00383333	1.01322154e-07	
1.00541667	1.02678367e-07	
1.00700000	4.66944332e-08	
1.00858333	1.71453947e-07	
1.01016667	4.21138365e-07	
1.01175000	3.15962313e-07	
1.01333333	5.10803960e-07	
1.01491667	5.12963641e-07	
1.01650000	6.90302934e-07	
1.01808333	6.30240127e-07	
1.01966667	3.11209856e-07	
1.02125000	2.32537946e-07	
1.02283333	1.72586766e-07	
1.02441667	2.22530101e-07	
1.02600000	1.53313711e-07	
1.02758333	1.69822006e-07	
1.02916667	2.76086592e-07	
1.03075000	4.63659533e-07	
1.03233333	4.02211784e-07	
1.03391667	3.95083084e-07	
1.03550000	4.52873141e-07	
1.03708333	5.06509183e-07	
1.03866667	3.63150199e-07	
1.04025000	1.94676355e-07	
1.04183333	1.26540926e-07	
1.04341667	1.90475831e-07	
1.04500000	2.49199954e-07	
1.04658333	2.00639223e-07	
1.04816667	3.62068706e-07	
1.04975000	4.98876489e-07	
1.05133333	5.83915689e-07	
1.05291667	5.09808571e-07	
1.05450000	3.97234280e-07	
1.05608333	6.86976721e-07	
1.05766667	5.32063018e-07	
1.05925000	4.09705060e-07	
1.06083333	2.27724894e-07	
1.06241667	1.49208531e-07	
1.06400000	3.25944201e-07	
1.06558333	2.51214616e-07	
1.06716667	1.88747803e-07	
1.06875000	3.32468970e-07	
1.07033333	4.50565837e-07	
1.07191667	5.44205707e-07	
1.07350000	5.04796347e-07	
1.07508333	5.06999821e-07	
1.07666667	5.62371690e-07	
1.07825000	5.11062188e-07	
1.07983333	2.95541025e-07	
1.08141667	2.52398621e-07	
1.08300000	1.31492094e-07	
1.08458333	1.86967945e-07	
1.08616667	1.65715622e-07	
1.08775000	2.08842219e-07	
1.08933333	3.32823410e-07	
1.09091667	5.27845077e-07	
1.09250000	5.97875603e-07	
1.09408333	4.28139603e-07	
1.09566667	4.70226555e-07	
1.09725000	4.91185216e-07	
1.09883333	4.60142491e-07	
1.10041667	3.35233982e-07	
1.10200000	7.46697395e-08	
1.10358333	2.00778305e-07	
1.10516667	1.10179925e-07	
1.10675000	1.51975195e-07	
1.10833333	1.73303892e-07	
1.10991667	2.60409697e-07	
1.11150000	5.18667777e-07	
1.11308333	3.35925641e-07	
1.11466667	4.03206724e-07	
1.11625000	5.72854072e-07	
1.11783333	5.40314540e-07	
1.11941667	4.06665019e-07	
1.12100000	2.20810460e-07	
1.12258333	1.49727198e-07	
1.12416667	1.32183837e-07	
1.12575000	1.30870970e-07	
1.12733333	2.67564938e-08	
1.12891667	9.93431166e-08	
1.13050000	4.06532405e-07	
1.13208333	5.11624789e-07	
1.13366667	4.39114499e-07	
1.13525000	5.21907410e-07	
1.13683333	4.21873874e-07	
1.13841667	5.37474037e-07	
1.14000000	3.02378540e-07	
1.14158333	9.42791174e-08	
1.14316667	1.05089765e-07	
1.14475000	9.91700758e-08	
1.14633333	2.06576903e-07	
1.14791667	8.97147586e-08	
1.14950000	2.26082929e-07	
1.15108333	6.04227296e-07	
1.15266667	4.73727889e-07	
1.15425000	4.73900264e-07	
1.15583333	4.97493787e-07	
1.15741667	4.67834016e-07	
1.15900000	5.48829218e-07	
1.16058333	2.50160257e-07	
1.16216667	2.20249399e-07	
1.16375000	1.13257074e-07	
1.16533333	1.70210047e-07	
1.16691667	8.38904342e-08	
1.16850000	8.85587127e-08	
1.17008333	5.83701535e-07	
1.17166667	5.18063846e-07	
1.17325000	5.89405447e-07	
1.17483333	3.67642524e-07	
1.17641667	3.25900967e-07	
1.17800000	6.68180766e-07	
1.17958333	3.98279483e-07	
1.18116667	1.18434604e-07	
1.18275000	1.48906636e-07	
1.18433333	1.75654234e-07	
1.18591667	2.85118425e-07	
1.18750000	3.01227128e-07	
1.18908333	2.05480080e-07	
1.19066667	2.57229566e-07	
1.19225000	3.43962282e-07	
1.19383333	5.27051017e-07	
1.19541667	4.58431110e-07	
1.19700000	5.00734092e-07	
1.19858333	4.52934520e-07	
1.20016667	2.48335975e-07	
1.20175000	1.33799580e-07	
1.20333333	6.01507800e-08	
1.20491667	2.24526731e-07	
1.20650000	2.81478458e-07	
1.20808333	1.56037086e-07	
1.20966667	4.04589258e-07	
1.21125000	3.75559264e-07	
1.21283333	5.63391384e-07	
1.21441667	5.44118959e-07	
1.21600000	5.05316106e-07	
1.21758333	5.87641256e-07	
1.21916667	3.21648081e-07	
1.22075000	4.35137285e-08	
1.22233333	2.23316992e-07	
1.22391667	9.77358305e-08	
1.22550000	1.37896612e-07	
1.22708333	1.12125200e-07	
1.22866667	4.15133411e-07	
1.23025000	4.04210485e-07	
1.23183333	5.47318215e-07	
1.23341667	5.99386831e-07	
1.23500000	4.14008909e-07	
1.23658333	5.74564893e-07	
1.23816667	5.19141950e-07	
1.23975000	3.36582999e-07	
1.24133333	1.54567356e-07	
1.24291667	1.05996922e-07	
1.24450000	2.87054012e-07	
1.24608333	2.75214157e-07	
1.24766667	2.22571347e-07	
1.24925000	1.14371517e-07	
1.25083333	2.50867933e-07	
1.25241667	4.78524840e-07	
1.25400000	5.71256433e-07	
1.25558333	6.11182528e-07	
1.25716667	6.86415016e-07	
1.25875000	6.08031827e-07	
1.26033333	3.60209423e-07	
1.26191667	1.81408800e-07	
1.26350000	1.12246250e-07	
1.26508333	-8.08898721e-09	
1.26666667	3.43270343e-08	
1.26825000	1.24620038e-08	
1.26983333	9.89279770e-08	
1.27141667	5.06697800e-07	
1.27300000	5.40662260e-07	
1.27458333	4.44818831e-07	
1.27616667	6.29546760e-07	
1.27775000	6.25185621e-07	
1.27933333	6.49342640e-07	
1.28091667	2.77935207e-07	
1.28250000	2.83164862e-07	
1.28408333	3.04424228e-07	
1.28566667	4.85528311e-08	
1.28725000	6.03149934e-08	
1.28883333	2.32079832e-07	
1.29041667	4.32935490e-07	
1.29200000	5.12833715e-07	
1.29358333	4.41362188e-07	
1.29516667	4.08738316e-07	
1.29675000	3.67253979e-07	
1.29833333	4.13231902e-07	
1.29991667	4.92047991e-07	
1.30150000	1.33739783e-07	
1.30308333	1.85809519e-07	
1.30466667	9.81675819e-08	
1.30625000	8.12036577e-08	
1.30783333	2.40575315e-07	
1.30941667	1.84529512e-07	
1.31100000	5.03975294e-07	
1.31258333	5.02505564e-07	
@ 
0.00000000	6.35942975e-07	
0.00158333	3.62199220e-07	
0.00316667	3.75680593e-07	
0.00475000	5.37119821e-07	
0.00633333	2.50410196e-07	
0.00791667	-4.93219276e-08	
0.00950000	2.31224547e-07	
0.01108333	2.27724544e-07	
0.01266667	2.58534677e-07	
0.01425000	2.35191317e-07	
0.01583333	4.20405852e-07	
0.01741667	5.69276352e-07	
0.01900000	4.72431822e-07	
0.02058333	5.72509825e-07	
0.02216667	5.97055222e-07	
0.02375000	5.61274825e-07	
0.02533333	4.37775255e-07	
0.02691667	2.34249481e-07	
0.02850000	1.57592191e-07	
0.03008333	1.75006313e-07	
0.03166667	2.54342609e-07	
0.03325000	2.14709112e-07	
0.03483333	1.66795546e-07	
0.03641667	4.50350284e-07	
0.03800000	3.10647787e-07	
0.03958333	5.00173563e-07	
0.04116667	4.25546939e-07	
0.04275000	4.17768050e-07	
0.04433333	4.29262929e-07	
0.04591667	2.60660392e-07	
0.04750000	8.90162602e-08	
0.04908333	1.09929405e-07	
0.05066667	1.66061563e-07	
0.05225000	2.11347757e-07	
0.05383333	1.60340025e-07	
0.05541667	2.40644982e-07	
0.05700000	1.64781976e-07	
0.05858333	4.71004318e-07	
0.06016667	5.17673452e-07	
0.06175000	4.17940593e-07	
0.06333333	6.26479783e-07	
0.06491667	4.73207961e-07	
0.06650000	2.46538490e-07	
0.06808333	1.70685425e-07	
0.06966667	1.91470211e-07	
0.07125000	3.57964394e-07	
0.07283333	2.88781746e-07	
0.07441667	1.92403689e-07	
0.07600000	4.53891098e-07	
0.07758333	3.84367031e-07	
0.07916667	6.12176125e-07	
0.08075000	5.75706000e-07	
0.08233333	3.98712467e-07	
0.08391667	6.19782778e-07	
0.08550000	3.26808404e-07	
0.08708333	1.61316624e-07	
0.08866667	8.19719701e-08	
0.09025000	2.58577491e-07	
0.09183333	2.93016992e-07	
0.09341667	1.95765184e-07	
0.09500000	2.55381875e-07	
0.09658333	3.90805080e-07	
0.09816667	4.43738151e-07	
0.09975000	3.96421768e-07	
0.10133333	4.11546086e-07	
0.10291667	5.74194997e-07	
0.10450000	5.38858195e-07	
0.10608333	5.05444352e-07	
0.10766667	1.66597493e-07	
0.10925000	-7.03461871e-09	
0.11083333	5.26145954e-08	
0.11241667	8.48232051e-08	
0.11400000	2.07569744e-07	
0.11558333	1.91902299e-07	
0.11716667	6.86330564e-07	
0.11875000	6.17060328e-07	
0.12033333	5.25580895e-07	
0.12191667	5.10500371e-07	
0.12350000	6.23499497e-07	
0.12508333	6.56815168e-07	
0.12666667	4.38450310e-07	
0.12825000	2.29668923e-07	
0.12983333	3.47161285e-07	
0.13141667	2.40816798e-07	
0.13300000	2.28164710e-07	
0.13458333	5.58205117e-08	
0.13616667	3.21433003e-07	
0.13775000	5.99471283e-07	
0.13933333	5.68620282e-07	
0.14091667	6.35555494e-07	
0.14250000	5.53021903e-07	
0.14408333	4.64912393e-07	
0.14566667	3.99765314e-07	
0.14725000	2.37576923e-08	
0.14883333	1.80571632e-07	
0.15041667	1.94754409e-07	
0.15200000	1.75136533e-07	
0.15358333	5.27956865e-08	
0.15516667	5.89578075e-08	
0.15675000	3.96889305e-07	
0.15833333	6.97953326e-07	
0.15991667	4.61715546e-07	
0.16150000	3.84755772e-07	
0.16308333	5.19315950e-07	
0.16466667	6.88878118e-07	
0.16625000	1.49745483e-07	
0.16783333	1.88012028e-07	
0.16941667	2.31285338e-07	
0.17100000	3.75161422e-07	
0.17258333	2.84478877e-07	
0.17416667	2.56028480e-07	
0.17575000	2.98064050e-07	
0.17733333	5.71861260e-07	
0.17891667	6.01978851e-07	
0.18050000	5.96664381e-07	
0.18208333	5.62612725e-07	
0.18366667	4.21267843e-07	
0.18525000	5.80503848e-07	
0.18683333	3.03836313e-07	
0.18841667	1.90639834e-07	
0.19000000	2.20766932e-07	
0.19158333	2.52052274e-07	
0.19316667	2.05911551e-07	
0.19475000	9.32673410e-08	
0.19633333	2.45960264e-07	
0.19791667	5.03691473e-07	
0.19950000	5.28994976e-07	
0.20108333	6.16758138e-07	
0.20266667	4.95885563e-07	
0.20425000	6.09844124e-07	
0.20583333	4.42399019e-07	
0.20741667	3.12593118e-07	
0.20900000	1.92429548e-07	
0.21058333	2.07025889e-07	
0.21216667	1.29418461e-07	
0.21375000	1.27431072e-07	
0.21533333	2.51620354e-07	
0.21691667	4.39548575e-07	
0.21850000	4.16732591e-07	
0.22008333	5.42303918e-07	
0.22166667	4.56269889e-07	
0.22325000	7.18651294e-07	
0.22483333	7.63112921e-07	
0.22641667	4.80037636e-07	
0.22800000	2.02665254e-08	
0.22958333	-3.32381984e-08	
0.23116667	7.09963247e-08	
0.23275000	2.98462060e-07	
0.23433333	4.86991972e-08	
0.23591667	3.01581064e-07	
0.23750000	5.50773682e-07	
0.23908333	4.62449318e-07	
0.24066667	4.66467639e-07	
0.24225000	4.99050825e-07	
0.24383333	4.12541755e-07	
0.24541667	5.63484572e-07	
0.24700000	4.07486016e-07	
0.24858333	2.16187102e-07	
0.25016667	2.93759613e-07	
0.25175000	3.08823477e-07	
0.25333333	2.83510761e-07	
0.25491667	1.32675581e-07	
0.25650000	1.23541795e-07	
0.25808333	4.62847412e-07	
0.25966667	4.86042673e-07	
0.26125000	4.93907218e-07	
0.26283333	5.63736919e-07	
0.26441667	5.23636208e-07	
0.26600000	5.39237612e-07	
0.26758333	3.72725172e-07	
0.26916667	2.56892123e-07	
0.27075000	4.12497205e-07	
0.27233333	3.38087142e-07	
0.27391667	1.59494149e-07	
0.27550000	2.27464020e-07	
0.27708333	4.50524955e-07	
0.27866667	5.40489324e-07	
0.28025000	4.52295195e-07	
0.28183333	5.68404673e-07	
0.28341667	6.23760805e-07	
0.28500000	5.30551846e-07	
0.28658333	4.52381551e-07	
0.28816667	1.57557008e-07	
0.28975000	1.88549470e-07	
0.29133333	1.97347059e-07	
0.29291667	1.51249039e-07	
0.29450000	1.82776871e-07	
0.29608333	3.82160420e-07	
0.29766667	5.44577228e-07	
0.29925000	6.85466557e-07	
0.30083333	7.27985009e-07	
0.30241667	7.85367704e-07	
0.30400000	8.54982972e-07	
0.30558333	7.93580921e-07	
0.30716667	6.59875817e-07	
0.30875000	4.12152230e-07	
0.31033333	3.92835115e-07	
0.31191667	2.75170643e-07	
0.31350000	3.10273914e-07	
0.31508333	1.73839164e-07	
0.31666667	2.84046537e-07	
0.31825000	7.37708838e-07	
0.31983333	5.26444678e-07	
0.32141667	5.48612993e-07	
0.32300000	4.44993139e-07	
0.32458333	5.71514828e-07	
0.32616667	5.61922662e-07	
0.32775000	3.23696400e-07	
0.32933333	5.26316264e-07	
0.33091667	5.51378957e-07	
0.33250000	5.03068445e-07	
0.33408333	3.74384639e-07	
0.33566667	3.57375500e-07	
0.33725000	4.55924550e-07	
0.33883333	6.48258992e-07	
0.34041667	6.62907681e-07	
0.34200000	5.79880932e-07	
0.34358333	7.10441158e-07	
0.34516667	8.66781021e-07	
0.34675000	4.09385453e-07	
0.34833333	1.84901565e-07	
0.34991667	2.18373581e-07	
0.35150000	2.53132814e-07	
0.35308333	3.74686912e-07	
0.35466667	1.50981291e-07	
0.35625000	2.14449232e-07	
0.35783333	4.38727186e-07	
0.35941667	5.56218694e-07	
0.36100000	6.20646561e-07	
0.36258333	4.17233114e-07	
0.36416667	6.77081861e-07	
0.36575000	6.21253740e-07	
0.36733333	3.08530164e-07	
0.36891667	2.90337552e-07	
0.37050000	3.08832774e-07	
0.37208333	3.66779330e-07	
0.37366667	4.85698426e-07	
0.37525000	3.05427933e-07	
0.37683333	4.59986384e-07	
0.37841667	5.87721339e-07	
0.38000000	7.04736350e-07	
0.38158333	7.33255518e-07	
0.38316667	6.95620429e-07	
0.38475000	5.73503254e-07	
0.38633333	4.73252371e-07	
0.38791667	3.10042652e-07	
0.38950000	2.28588677e-07	
0.39108333	2.73891350e-07	
0.39266667	3.00319524e-07	
0.39425000	2.54187258e-07	
0.39583333	3.90517703e-07	
0.39741667	4.85896339e-07	
0.39900000	4.64470701e-07	
0.40058333	3.74124703e-07	
0.40216667	2.96949432e-07	
0.40375000	5.60063826e-07	
0.40533333	7.16947922e-07	
0.40691667	5.74089824e-07	
0.40850000	2.57376993e-07	
0.41008333	2.84374992e-07	
0.41166667	4.47368458e-07	
0.41325000	4.39875910e-07	
0.41483333	1.36306756e-07	
0.41641667	4.35787894e-07	
0.41800000	4.92672475e-07	
0.41958333	6.62777475e-07	
0.42116667	5.46236526e-07	
0.42275000	5.47532872e-07	
0.42433333	6.78463107e-07	
0.42591667	6.63901334e-07	
0.42750000	4.11451582e-07	
0.42908333	1.70468219e-07	
0.43066667	3.78056948e-07	
0.43225000	4.18114341e-07	
0.43383333	4.51042167e-07	
0.43541667	4.58949329e-07	
0.43700000	4.64480558e-07	
0.43858333	6.01116805e-07	
0.44016667	6.83521422e-07	
0.44175000	5.88498150e-07	
0.44333333	5.96535407e-07	
0.44491667	5.18451719e-07	
0.44650000	5.01556489e-07	
0.44808333	3.19245881e-07	
0.44966667	1.99680320e-07	
0.45125000	3.61031988e-07	
0.45283333	2.14639403e-07	
0.45441667	2.45139548e-07	
0.45600000	3.47895310e-07	
0.45758333	3.67753185e-07	
0.45916667	6.09100803e-07	
0.46075000	4.83104725e-07	
0.46233333	5.74280400e-07	
0.46391667	6.33791359e-07	
0.46550000	5.40618634e-07	
0.46708333	5.92298929e-07	
0.46866667	3.46080829e-07	
0.47025000	3.59562398e-07	
0.47183333	3.47809122e-07	
0.47341667	3.59001253e-07	
0.47500000	3.41629609e-07	
0.47658333	3.44646185e-07	
0.47816667	4.54498194e-07	
0.47975000	5.92991120e-07	
0.48133333	6.15374204e-07	
0.48291667	6.07467938e-07	
0.48450000	7.21511847e-07	
0.48608333	7.18841199e-07	
0.48766667	6.23888994e-07	
0.48925000	5.25063432e-07	
0.49083333	5.82188459e-07	
0.49241667	3.68852879e-07	
0.49400000	5.12834611e-07	
0.49558333	5.15479218e-07	
0.49716667	8.04469601e-07	
0.49875000	9.91151850e-07	
0.50033333	9.73774046e-07	
0.50191667	1.04040427e-06	
0.50350000	9.82647868e-07	
0.50508333	1.00557967e-06	
0.50666667	1.05009841e-06	
0.50825000	6.68481163e-07	
0.50983333	8.40937766e-07	
0.51141667	9.37951031e-07	
0.51300000	1.23575526e-06	
0.51458333	1.55257939e-06	
0.51616667	1.96742047e-06	
0.51775000	2.72383790e-06	
0.51933333	3.45562274e-06	
0.52091667	4.22656520e-06	
0.52250000	5.22811817e-06	
0.52408333	6.22193429e-06	
0.52566667	7.30786871e-06	
0.52725000	8.04766773e-06	
0.52883333	9.33049175e-06	
0.53041667	1.14617682e-05	
0.53200000	1.47316644e-05	
0.53358333	1.89218065e-05	
0.53516667	2.38686903e-05	
0.53675000	3.03199934e-05	
0.53833333	3.87327465e-05	
0.53991667	4.92176821e-05	
0.54150000	5.95924048e-05	
0.54308333	6.64947709e-05	
0.54466667	7.72526440e-05	
0.54625000	9.74972244e-05	
0.54783333	1.29174991e-04	
0.54941667	2.10236709e-04	
0.55100000	4.09476783e-04	
0.55258333	5.47171296e-04	
0.55416667	3.36970787e-04	
0.55575000	2.57649523e-04	
0.55733333	4.89108923e-04	
0.55891667	1.06712293e-03	
0.56050000	1.05182848e-03	
0.56208333	6.96580624e-04	
0.56366667	1.32479415e-03	
0.56525000	2.22296995e-03	
0.56683333	3.00010754e-03	
0.56841667	4.81984689e-03	
0.57000000	7.48260656e-03	
0.57158333	1.20938399e-02	
0.57316667	1.71244612e-02	
0.57475000	2.44002090e-02	
0.57633333	2.88639488e-02	
0.57791667	3.89935924e-02	
0.57950000	4.63578724e-02	
0.58108333	4.73992164e-02	
0.58266667	5.11697031e-02	
0.58425000	5.30038319e-02	
0.58583333	6.24341997e-02	
0.58741667	7.01470844e-02	
0.58900000	7.39584275e-02	
0.59058333	7.87889505e-02	
0.59216667	2.26925202e-01	
0.59375000	3.28153086e-01	
0.59533333	4.65104528e-01	
0.59691667	5.57914325e-01	
0.59850000	6.59530940e-01	
0.60008333	2.71339946e+00	
0.60166667	6.48737191e+00	
0.60325000	7.44330635e+00	
0.60483333	8.43838453e+00	
0.60641667	8.66551810e+00	
0.60800000	1.13177802e+01	
0.60958333	1.46110934e+01	
0.61116667	1.82965852e+01	
0.61275000	2.05292577e+01	
0.61433333	2.13144532e+01	
0.61591667	2.20459450e+01	
0.61750000	2.34941398e+01	
0.61908333	2.51356354e+01	
0.62066667	2.55562378e+01	
0.62225000	2.59051439e+01	
0.62383333	2.62090804e+01	
0.62541667	2.63275748e+01	
0.62700000	2.70697663e+01	
0.62858333	2.87254775e+01	
0.63016667	2.90546677e+01	
0.63175000	2.93030458e+01	
0.63333333	2.95608759e+01	
0.63491667	3.01187227e+01	
