start voltage : 0.00 V 
set voltage : 0.10 V 
High G : 30.00 G0 
Intermediate G : 20.00 G0 
Low G : 10.00 G0 
Breaking speed 1 : 300.00 V/s 
Breaking speed 2 : 300.00 V/s 
Making speed : 500.00 V/s 
Post breaking : 230.00 V/s 
@ 
0.00000000	4.23417525e+01	
0.00158333	4.28256930e+01	
0.00316667	4.29738288e+01	
0.00475000	4.27868400e+01	
0.00633333	4.29157185e+01	
0.00791667	4.29892978e+01	
0.00950000	4.29103517e+01	
0.01108333	4.29743474e+01	
0.01266667	4.26728180e+01	
0.01425000	4.26779857e+01	
0.01583333	4.27875879e+01	
0.01741667	4.26606225e+01	
0.01900000	4.27422482e+01	
0.02058333	4.27066424e+01	
0.02216667	4.27084727e+01	
0.02375000	4.26924512e+01	
0.02533333	4.27500316e+01	
0.02691667	4.27865281e+01	
0.02850000	4.26901061e+01	
0.03008333	4.27240582e+01	
0.03166667	4.27196385e+01	
0.03325000	4.26191425e+01	
0.03483333	4.28323827e+01	
0.03641667	4.26178309e+01	
0.03800000	4.27018318e+01	
0.03958333	4.26448114e+01	
0.04116667	4.25477693e+01	
0.04275000	4.27127233e+01	
0.04433333	4.25464313e+01	
0.04591667	4.25552144e+01	
0.04750000	4.25415494e+01	
0.04908333	4.24839389e+01	
0.05066667	4.26279519e+01	
0.05225000	4.25383849e+01	
0.05383333	4.25520687e+01	
0.05541667	4.25658503e+01	
0.05700000	4.24981903e+01	
0.05858333	4.26204203e+01	
0.06016667	4.24168464e+01	
0.06175000	4.24988780e+01	
0.06333333	4.24922785e+01	
0.06491667	4.25018997e+01	
0.06650000	4.25409405e+01	
0.06808333	4.23758963e+01	
0.06966667	4.24751596e+01	
0.07125000	4.23725702e+01	
0.07283333	4.24474687e+01	
0.07441667	4.25017606e+01	
0.07600000	4.22420044e+01	
0.07758333	4.22951387e+01	
0.07916667	4.22592924e+01	
0.08075000	4.22382987e+01	
0.08233333	4.23554138e+01	
0.08391667	4.21660047e+01	
0.08550000	4.23192517e+01	
0.08708333	4.22034070e+01	
0.08866667	4.22352395e+01	
0.09025000	4.22044029e+01	
0.09183333	4.21016031e+01	
0.09341667	4.21360326e+01	
0.09500000	4.21230553e+01	
0.09658333	4.22500846e+01	
0.09816667	4.23643359e+01	
0.09975000	4.22665721e+01	
0.10133333	4.23692104e+01	
0.10291667	4.22639414e+01	
0.10450000	4.23198568e+01	
0.10608333	4.24916509e+01	
0.10766667	4.23196915e+01	
0.10925000	4.23992727e+01	
0.11083333	4.23033731e+01	
0.11241667	4.23696275e+01	
0.11400000	4.22757047e+01	
0.11558333	4.22137685e+01	
0.11716667	4.23093299e+01	
0.11875000	4.22038843e+01	
0.12033333	4.23039819e+01	
0.12191667	4.23033768e+01	
0.12350000	4.22429890e+01	
0.12508333	4.22266857e+01	
0.12666667	4.19811094e+01	
0.12825000	4.19197444e+01	
0.12983333	4.19205149e+01	
0.13141667	4.17269417e+01	
0.13300000	4.18311959e+01	
0.13458333	4.17583157e+01	
0.13616667	4.17951053e+01	
0.13775000	4.17474392e+01	
0.13933333	4.17851008e+01	
0.14091667	4.18060268e+01	
0.14250000	4.16547003e+01	
0.14408333	4.17371190e+01	
0.14566667	4.17895093e+01	
0.14725000	4.16803542e+01	
0.14883333	4.16814178e+01	
0.15041667	4.14184858e+01	
0.15200000	4.13516075e+01	
0.15358333	4.08538178e+01	
0.15516667	4.07611502e+01	
0.15675000	4.08869544e+01	
0.15833333	4.07481579e+01	
0.15991667	4.09007547e+01	
0.16150000	4.08688659e+01	
0.16308333	4.08758337e+01	
0.16466667	4.10099286e+01	
0.16625000	4.08634314e+01	
0.16783333	4.08434713e+01	
0.16941667	4.07721995e+01	
0.17100000	4.06643599e+01	
0.17258333	4.07659608e+01	
0.17416667	4.04364512e+01	
0.17575000	4.07234811e+01	
0.17733333	4.04191293e+01	
0.17891667	4.03601884e+01	
0.18050000	4.02350984e+01	
0.18208333	4.01139845e+01	
0.18366667	4.02799119e+01	
0.18525000	4.01365228e+01	
0.18683333	4.01229066e+01	
0.18841667	4.02744775e+01	
0.19000000	4.02047767e+01	
0.19158333	4.01642212e+01	
0.19316667	3.98804459e+01	
0.19475000	3.99538411e+01	
0.19633333	3.99752857e+01	
0.19791667	3.99175212e+01	
0.19950000	4.00216251e+01	
0.20108333	3.96696073e+01	
0.20266667	3.93272744e+01	
0.20425000	3.93407966e+01	
0.20583333	3.92151090e+01	
0.20741667	3.92360801e+01	
0.20900000	3.91415409e+01	
0.21058333	3.91383088e+01	
0.21216667	3.91067432e+01	
0.21375000	3.86954424e+01	
0.21533333	3.78372276e+01	
0.21691667	3.74612996e+01	
0.21850000	3.73653285e+01	
0.22008333	3.73868596e+01	
0.22166667	3.72193876e+01	
0.22325000	3.72097589e+01	
0.22483333	3.71245478e+01	
0.22641667	3.71892388e+01	
0.22800000	3.71514720e+01	
0.22958333	3.69799598e+01	
0.23116667	3.70041142e+01	
0.23275000	3.70369163e+01	
0.23433333	3.67965940e+01	
0.23591667	3.67002133e+01	
0.23750000	3.65537801e+01	
0.23908333	3.67348946e+01	
0.24066667	3.67164753e+01	
0.24225000	3.63980526e+01	
0.24383333	3.64249730e+01	
0.24541667	3.63900362e+01	
0.24700000	3.61916374e+01	
0.24858333	3.60915623e+01	
0.25016667	3.61260031e+01	
0.25175000	3.60038820e+01	
0.25333333	3.59958092e+01	
0.25491667	3.60444337e+01	
0.25650000	3.58641910e+01	
0.25808333	3.56453999e+01	
0.25966667	3.53679084e+01	
0.26125000	3.52088022e+01	
0.26283333	3.50747412e+01	
0.26441667	3.49522819e+01	
0.26600000	3.50072352e+01	
0.26758333	3.49133537e+01	
0.26916667	3.49283830e+01	
0.27075000	3.48479938e+01	
0.27233333	3.47402293e+01	
0.27391667	3.47991438e+01	
0.27550000	3.45213404e+01	
0.27708333	3.43977536e+01	
0.27866667	3.42929657e+01	
0.28025000	3.42062174e+01	
0.28183333	3.42397186e+01	
0.28341667	3.38566875e+01	
0.28500000	3.37210179e+01	
0.28658333	3.36323942e+01	
0.28816667	3.35420455e+01	
0.28975000	3.34713601e+01	
0.29133333	3.33109460e+01	
0.29291667	3.28270055e+01	
0.29450000	3.27148664e+01	
0.29608333	3.23789301e+01	
0.29766667	3.21140100e+01	
0.29925000	3.18799115e+01	
0.30083333	3.18705384e+01	
0.30241667	3.16920959e+01	
0.30400000	3.10332458e+01	
0.30558333	3.07027590e+01	
0.30716667	3.04340280e+01	
0.30875000	3.01990913e+01	
0.31033333	3.03133877e+01	
0.31191667	2.98622662e+01	
0.31350000	2.96474062e+01	
0.31508333	2.94112444e+01	
0.31666667	2.95368118e+01	
0.31825000	2.95411845e+01	
0.31983333	2.94623925e+01	
0.32141667	2.95213127e+01	
0.32300000	2.93859775e+01	
0.32458333	2.91174270e+01	
0.32616667	2.89100684e+01	
0.32775000	2.86998743e+01	
0.32933333	2.82245290e+01	
0.33091667	2.81243336e+01	
0.33250000	2.76769967e+01	
0.33408333	2.75321513e+01	
0.33566667	2.73593331e+01	
0.33725000	2.74326437e+01	
0.33883333	2.72068885e+01	
0.34041667	2.71296280e+01	
0.34200000	2.67474763e+01	
0.34358333	2.65820037e+01	
0.34516667	2.65899317e+01	
0.34675000	2.63675026e+01	
0.34833333	2.64527983e+01	
0.34991667	2.63976833e+01	
0.35150000	2.63709376e+01	
0.35308333	2.64908977e+01	
0.35466667	2.63468453e+01	
0.35625000	2.61798111e+01	
0.35783333	2.54817002e+01	
0.35941667	2.53947020e+01	
0.36100000	2.55006212e+01	
0.36258333	2.53928134e+01	
0.36416667	2.52614903e+01	
0.36575000	2.51722841e+01	
0.36733333	2.51251273e+01	
0.36891667	2.50365055e+01	
0.37050000	2.44374042e+01	
0.37208333	2.41341404e+01	
0.37366667	2.37739577e+01	
0.37525000	2.36608903e+01	
0.37683333	2.36439311e+01	
0.37841667	2.34957183e+01	
0.38000000	2.34329496e+01	
0.38158333	2.32762939e+01	
0.38316667	2.32819839e+01	
0.38475000	2.33463968e+01	
0.38633333	2.33445308e+01	
0.38791667	2.31845114e+01	
0.38950000	2.26266684e+01	
0.39108333	2.26493157e+01	
0.39266667	2.26828093e+01	
0.39425000	2.26251557e+01	
0.39583333	2.26080481e+01	
0.39741667	2.25304436e+01	
0.39900000	2.23922109e+01	
0.40058333	2.24194282e+01	
0.40216667	2.23199507e+01	
0.40375000	2.20439325e+01	
0.40533333	2.19963284e+01	
0.40691667	2.19143776e+01	
0.40850000	2.18855535e+01	
0.41008333	2.18031216e+01	
0.41166667	2.18436508e+01	
0.41325000	2.18360534e+01	
0.41483333	2.17819495e+01	
0.41641667	2.15281012e+01	
0.41800000	2.10328295e+01	
0.41958333	2.11097462e+01	
0.42116667	2.00707043e+01	
0.42275000	1.92358884e+01	
0.42433333	1.95490045e+01	
0.42591667	1.96792566e+01	
0.42750000	1.92842328e+01	
0.42908333	1.89302719e+01	
0.43066667	1.86907784e+01	
0.43225000	1.87493133e+01	
0.43383333	1.87361970e+01	
0.43541667	1.88696323e+01	
0.43700000	1.86436121e+01	
0.43858333	1.84832301e+01	
0.44016667	1.78586365e+01	
0.44175000	1.81487257e+01	
0.44333333	1.79120602e+01	
0.44491667	1.71907646e+01	
0.44650000	1.68771599e+01	
0.44808333	1.66737570e+01	
0.44966667	1.65994523e+01	
0.45125000	1.67608022e+01	
0.45283333	1.67768744e+01	
0.45441667	1.64586640e+01	
0.45600000	1.59918010e+01	
0.45758333	1.60359926e+01	
0.45916667	1.60636177e+01	
0.46075000	1.59748381e+01	
0.46233333	1.59730003e+01	
0.46391667	1.58268132e+01	
0.46550000	1.56374116e+01	
0.46708333	1.52930399e+01	
0.46866667	1.52383628e+01	
0.47025000	1.51664813e+01	
0.47183333	1.44929889e+01	
0.47341667	1.46394166e+01	
0.47500000	1.47405646e+01	
0.47658333	1.47744294e+01	
0.47816667	1.44154052e+01	
0.47975000	1.44914744e+01	
0.48133333	1.44193016e+01	
0.48291667	1.41542368e+01	
0.48450000	1.37425527e+01	
0.48608333	1.36834587e+01	
0.48766667	1.35594773e+01	
0.48925000	1.35164855e+01	
0.49083333	1.37109344e+01	
0.49241667	1.36489202e+01	
0.49400000	1.36450783e+01	
0.49558333	1.34515963e+01	
0.49716667	1.32743912e+01	
0.49875000	1.32613125e+01	
0.50033333	1.32689596e+01	
0.50191667	1.32345320e+01	
0.50350000	1.31353815e+01	
0.50508333	1.30983691e+01	
0.50666667	1.31854331e+01	
0.50825000	1.30967493e+01	
0.50983333	1.29980676e+01	
0.51141667	1.29849889e+01	
0.51300000	1.30225095e+01	
0.51458333	1.30142188e+01	
0.51616667	1.28429180e+01	
0.51775000	1.28470709e+01	
0.51933333	1.27720089e+01	
0.52091667	1.25414976e+01	
0.52250000	1.19147524e+01	
0.52408333	1.18240880e+01	
0.52566667	1.14903363e+01	
0.52725000	1.09640720e+01	
0.52883333	1.09425015e+01	
0.53041667	1.08115635e+01	
0.53200000	1.08192558e+01	
0.53358333	1.08160490e+01	
0.53516667	1.06149443e+01	
0.53675000	1.03100888e+01	
0.53833333	1.02615029e+01	
0.53991667	1.02203527e+01	
0.54150000	1.02694874e+01	
0.54308333	1.03450830e+01	
0.54466667	1.03251491e+01	
0.54625000	1.03142051e+01	
0.54783333	9.72166667e+00	
0.54941667	9.21908986e+00	
0.55100000	8.99007153e+00	
0.55258333	9.05772406e+00	
0.55416667	8.96387078e+00	
0.55575000	8.91696576e+00	
0.55733333	8.86789033e+00	
0.55891667	8.77361613e+00	
0.56050000	8.78663195e+00	
0.56208333	8.57607421e+00	
0.56366667	8.73465702e+00	
0.56525000	8.86954303e+00	
0.56683333	8.78339420e+00	
0.56841667	8.63818893e+00	
0.57000000	8.56735409e+00	
0.57158333	8.51992385e+00	
0.57316667	8.37227007e+00	
0.57475000	7.63459171e+00	
0.57633333	7.14366411e+00	
0.57791667	7.05421740e+00	
0.57950000	6.98495728e+00	
0.58108333	6.97131196e+00	
0.58266667	6.92803694e+00	
0.58425000	6.88140298e+00	
0.58583333	6.82244755e+00	
0.58741667	6.53583803e+00	
0.58900000	6.53097390e+00	
0.59058333	6.07629852e+00	
0.59216667	6.13025406e+00	
0.59375000	5.86253593e+00	
0.59533333	5.73710054e+00	
0.59691667	5.72116832e+00	
0.59850000	5.62541242e+00	
0.60008333	5.20303417e+00	
0.60166667	4.93058439e+00	
0.60325000	4.80561973e+00	
0.60483333	4.76757246e+00	
0.60641667	4.71616456e+00	
0.60800000	4.69837998e+00	
0.60958333	4.65625359e+00	
0.61116667	4.61292737e+00	
0.61275000	4.60117105e+00	
0.61433333	4.52638674e+00	
0.61591667	4.50835834e+00	
0.61750000	4.46200108e+00	
0.61908333	4.43868293e+00	
0.62066667	4.40671043e+00	
0.62225000	4.43477856e+00	
0.62383333	4.35800284e+00	
0.62541667	4.06510951e+00	
0.62700000	3.55849585e+00	
0.62858333	3.47934350e+00	
0.63016667	3.33924619e+00	
0.63175000	3.21563215e+00	
0.63333333	3.20697335e+00	
0.63491667	3.15075886e+00	
0.63650000	3.06840588e+00	
0.63808333	3.04193783e+00	
0.63966667	3.02838646e+00	
0.64125000	2.91392780e+00	
0.64283333	3.01953974e+00	
0.64441667	3.00576359e+00	
0.64600000	2.95227220e+00	
0.64758333	2.97148586e+00	
0.64916667	2.96717513e+00	
0.65075000	2.99466379e+00	
0.65233333	2.92107461e+00	
0.65391667	2.88999094e+00	
0.65550000	2.89748774e+00	
0.65708333	2.97377042e+00	
0.65866667	2.39247628e+00	
0.66025000	2.50528953e+00	
0.66183333	2.27520150e+00	
0.66341667	2.26185942e+00	
0.66500000	2.25478825e+00	
0.66658333	2.29633821e+00	
0.66816667	2.27118274e+00	
0.66975000	2.19903838e+00	
0.67133333	2.19977382e+00	
0.67291667	2.18790898e+00	
0.67450000	2.19778265e+00	
0.67608333	1.95352936e+00	
0.67766667	1.75387071e+00	
0.67925000	1.42846415e+00	
0.68083333	1.42570112e+00	
0.68241667	1.17725303e+00	
0.68400000	1.17249906e+00	
0.68558333	1.15963828e+00	
0.68716667	1.17039666e+00	
0.68875000	1.14469952e+00	
0.69033333	1.14524835e+00	
0.69191667	1.11648071e+00	
0.69350000	9.14986438e-01	
0.69508333	9.46151616e-01	
0.69666667	1.03254139e+00	
0.69825000	1.03041303e+00	
0.69983333	1.01512195e+00	
0.70141667	9.81758417e-01	
0.70300000	9.66853314e-01	
0.70458333	9.06365859e-01	
0.70616667	7.50709973e-01	
0.70775000	1.33334669e-01	
0.70933333	1.30100506e-01	
0.71091667	1.13308585e-01	
0.71250000	9.20325626e-02	
0.71408333	8.35518174e-02	
0.71566667	7.98022360e-02	
0.71725000	7.58979566e-02	
0.71883333	6.85801448e-02	
0.72041667	6.62136710e-02	
0.72200000	7.34454831e-02	
0.72358333	5.69620263e-02	
0.72516667	4.64876683e-02	
0.72675000	3.83383844e-02	
0.72833333	3.74512614e-02	
0.72991667	3.64979099e-02	
0.73150000	3.60661682e-02	
0.73308333	3.66728198e-02	
0.73466667	3.52208265e-02	
0.73625000	3.27534448e-02	
0.73783333	3.24358090e-02	
0.73941667	3.11810183e-02	
0.74100000	2.98364898e-02	
0.74258333	2.88704542e-02	
0.74416667	3.36947140e-02	
0.74575000	3.73523867e-02	
0.74733333	3.73070160e-02	
0.74891667	4.28036327e-02	
0.75050000	4.24292302e-02	
0.75208333	4.14769835e-02	
0.75366667	4.04452260e-02	
0.75525000	3.96457175e-02	
0.75683333	3.86653645e-02	
0.75841667	3.72397856e-02	
0.76000000	3.58491578e-02	
0.76158333	3.61228872e-02	
0.76316667	3.37643777e-02	
0.76475000	3.23192221e-02	
0.76633333	3.13261226e-02	
0.76791667	2.96725447e-02	
0.76950000	9.95058928e-03	
0.77108333	5.99357205e-03	
0.77266667	3.19116958e-03	
0.77425000	3.36434843e-03	
0.77583333	4.30497330e-03	
0.77741667	2.76059545e-03	
0.77900000	2.72756611e-03	
0.78058333	2.96336421e-03	
0.78216667	1.96258049e-03	
0.78375000	2.30305994e-03	
0.78533333	1.41191151e-03	
0.78691667	1.51862316e-03	
0.78850000	1.85094220e-03	
0.79008333	8.33945222e-04	
0.79166667	1.85448381e-04	
0.79325000	4.20349199e-05	
0.79483333	1.19341928e-05	
0.79641667	-1.95407462e-06	
0.79800000	-9.21017148e-06	
0.79958333	-1.23467091e-05	
0.80116667	-1.29692895e-05	
0.80275000	-1.22036026e-05	
0.80433333	-1.05777726e-05	
0.80591667	-9.02455047e-06	
0.80750000	-7.40708635e-06	
0.80908333	-5.69632785e-06	
0.81066667	-4.22127453e-06	
0.81225000	-2.99377449e-06	
0.81383333	-1.97188701e-06	
0.81541667	-1.07921535e-06	
0.81700000	-2.98410454e-07	
0.81858333	1.48690620e-07	
0.82016667	5.12704125e-07	
0.82175000	5.68490693e-07	
0.82333333	8.49583433e-07	
0.82491667	9.38943451e-07	
0.82650000	6.48604023e-07	
0.82808333	6.85895537e-07	
0.82966667	5.14864758e-07	
0.83125000	5.64299465e-07	
0.83283333	5.80633437e-07	
0.83441667	4.05582883e-07	
0.83600000	5.71817914e-07	
0.83758333	5.97183356e-07	
0.83916667	7.67694655e-07	
0.84075000	7.11953618e-07	
0.84233333	6.71982384e-07	
0.84391667	8.14322067e-07	
0.84550000	6.62604148e-07	
0.84708333	4.49097563e-07	
0.84866667	3.78100462e-07	
0.85025000	4.12929040e-07	
0.85183333	5.56737725e-07	
0.85341667	2.75603375e-07	
0.85500000	1.98988577e-07	
0.85658333	4.75542202e-07	
0.85816667	6.20646001e-07	
0.85975000	7.11174679e-07	
0.86133333	6.62390162e-07	
0.86291667	7.49503247e-07	
0.86450000	7.75690078e-07	
0.86608333	6.51845785e-07	
0.86766667	5.55095060e-07	
0.86925000	5.10846354e-07	
0.87083333	5.45588353e-07	
0.87241667	4.93086501e-07	
0.87400000	4.16083662e-07	
0.87558333	4.56011606e-07	
0.87716667	6.09238513e-07	
0.87875000	7.23793109e-07	
0.88033333	5.88584562e-07	
0.88191667	5.17975642e-07	
0.88350000	5.52459189e-07	
0.88508333	6.13085662e-07	
0.88666667	4.87684387e-07	
0.88825000	3.21968303e-07	
0.88983333	2.61386353e-07	
0.89141667	2.81263913e-07	
0.89300000	3.15832444e-07	
0.89458333	3.60038279e-07	
0.89616667	4.27102884e-07	
0.89775000	6.97476352e-07	
0.89933333	7.32607177e-07	
0.90091667	5.29815973e-07	
0.90250000	6.63684772e-07	
0.90408333	6.82827383e-07	
0.90566667	7.00848152e-07	
0.90725000	4.21744956e-07	
0.90883333	3.36098941e-07	
0.91041667	4.16861481e-07	
0.91200000	4.70399435e-07	
0.91358333	3.48975375e-07	
0.91516667	3.02946769e-07	
0.91675000	4.33713841e-07	
0.91833333	6.27517565e-07	
0.91991667	6.23023476e-07	
0.92150000	6.80191849e-07	
0.92308333	7.60438913e-07	
0.92466667	7.52269771e-07	
0.92625000	6.99420872e-07	
0.92783333	4.25373779e-07	
0.92941667	3.22314426e-07	
0.93100000	3.84106479e-07	
0.93258333	3.55889165e-07	
0.93416667	3.41067176e-07	
0.93575000	3.53038413e-07	
0.93733333	5.76744063e-07	
0.93891667	7.55165493e-07	
0.94050000	6.10060126e-07	
0.94208333	6.21726009e-07	
0.94366667	6.52884015e-07	
0.94525000	7.87099190e-07	
0.94683333	5.24587187e-07	
0.94841667	2.99974352e-07	
0.95000000	2.74651780e-07	
0.95158333	2.34638782e-07	
0.95316667	3.26161183e-07	
0.95475000	2.68541682e-07	
0.95633333	3.47766169e-07	
0.95791667	6.78549519e-07	
0.95950000	6.37543527e-07	
0.96108333	6.69087726e-07	
0.96266667	7.03740121e-07	
0.96425000	5.99775992e-07	
0.96583333	6.64723563e-07	
0.96741667	3.01357782e-07	
0.96900000	3.13326275e-07	
0.97058333	3.19981026e-07	
0.97216667	3.63218354e-07	
0.97375000	3.92636390e-07	
0.97533333	3.47464007e-07	
0.97691667	6.62173432e-07	
0.97850000	7.54039506e-07	
0.98008333	7.32953832e-07	
0.98166667	6.59277878e-07	
0.98325000	5.20872484e-07	
0.98483333	6.08548618e-07	
0.98641667	4.39762756e-07	
0.98800000	3.78056864e-07	
0.98958333	3.19721230e-07	
0.99116667	3.04036130e-07	
0.99275000	4.24552334e-07	
0.99433333	2.06075541e-07	
0.99591667	1.98988843e-07	
0.99750000	4.97839266e-07	
0.99908333	4.88160184e-07	
1.00066667	6.68698005e-07	
1.00225000	7.32045919e-07	
1.00383333	7.01450123e-07	
1.00541667	7.48597742e-07	
1.00700000	4.46547209e-07	
1.00858333	3.24778229e-07	
1.01016667	3.20413113e-07	
1.01175000	3.84150413e-07	
1.01333333	3.73173865e-07	
1.01491667	1.97606071e-07	
1.01650000	3.86612760e-07	
1.01808333	5.07215879e-07	
1.01966667	7.04044775e-07	
1.02125000	6.88185591e-07	
1.02283333	5.99991770e-07	
1.02441667	7.34943377e-07	
1.02600000	7.64108422e-07	
1.02758333	6.10146202e-07	
1.02916667	5.52934203e-07	
1.03075000	3.54550061e-07	
1.03233333	4.15564631e-07	
1.03391667	2.48552173e-07	
1.03550000	1.95876461e-07	
1.03708333	4.71394768e-07	
1.03866667	5.44983526e-07	
1.04025000	6.49599692e-07	
1.04183333	5.44076173e-07	
1.04341667	5.59026660e-07	
1.04500000	5.96966626e-07	
1.04658333	4.76622602e-07	
1.04816667	4.33367830e-07	
1.04975000	3.26938862e-07	
1.05133333	3.52561748e-07	
1.05291667	2.59649519e-07	
1.05450000	2.05988681e-07	
1.05608333	4.27015829e-07	
1.05766667	4.84098546e-07	
1.05925000	6.26696904e-07	
1.06083333	6.48173084e-07	
1.06241667	5.63435010e-07	
1.06400000	6.33307049e-07	
1.06558333	6.33697162e-07	
1.06716667	5.41136825e-07	
1.06875000	3.41024810e-07	
1.07033333	3.92662039e-07	
1.07191667	3.51958097e-07	
1.07350000	1.75870781e-07	
1.07508333	2.55206783e-07	
1.07666667	4.02039520e-07	
1.07825000	6.17318948e-07	
1.07983333	7.49675286e-07	
1.08141667	6.13602285e-07	
1.08300000	6.73666324e-07	
1.08458333	6.68784025e-07	
1.08616667	4.76017551e-07	
1.08775000	4.14224995e-07	
1.08933333	2.20378191e-07	
1.09091667	2.26860243e-07	
1.09250000	1.83000489e-07	
1.09408333	1.75187173e-07	
1.09566667	2.38959110e-07	
1.09725000	4.81721799e-07	
1.09883333	6.49685096e-07	
1.10041667	6.79457824e-07	
1.10200000	5.93077532e-07	
1.10358333	7.67825925e-07	
1.10516667	5.95411101e-07	
1.10675000	4.49052817e-07	
1.10833333	2.56978423e-07	
1.10991667	2.33342128e-07	
1.11150000	3.94261751e-07	
1.11308333	3.27153996e-07	
1.11466667	2.52398173e-07	
1.11625000	2.21025972e-07	
1.11783333	4.31337066e-07	
1.11941667	4.94124396e-07	
1.12100000	5.65292333e-07	
1.12258333	7.19429001e-07	
1.12416667	7.76684290e-07	
1.12575000	5.99645339e-07	
1.12733333	4.14656606e-07	
1.12891667	2.65145521e-07	
1.13050000	3.60685416e-07	
1.13208333	2.97121808e-07	
1.13366667	3.02782430e-07	
1.13525000	3.72396690e-07	
1.13683333	4.37258464e-07	
1.13841667	6.32011599e-07	
1.14000000	5.60496278e-07	
1.14158333	6.24319710e-07	
1.14316667	7.38829896e-07	
1.14475000	7.52960114e-07	
1.14633333	6.47566465e-07	
1.14791667	3.23351005e-07	
1.14950000	3.56149017e-07	
1.15108333	3.49969615e-07	
1.15266667	3.57359315e-07	
1.15425000	3.49063243e-07	
1.15583333	2.41768028e-07	
1.15741667	5.46754661e-07	
1.15900000	5.71903766e-07	
1.16058333	7.34423058e-07	
1.16216667	6.45752207e-07	
1.16375000	5.81065105e-07	
1.16533333	6.30369661e-07	
1.16691667	3.79396808e-07	
1.16850000	2.70417514e-07	
1.17008333	2.43842333e-07	
1.17166667	2.08149594e-07	
1.17325000	2.82949224e-07	
1.17483333	1.75179486e-07	
1.17641667	2.82645579e-07	
1.17800000	5.99516309e-07	
1.17958333	5.94848947e-07	
1.18116667	5.70736673e-07	
1.18275000	5.76701277e-07	
1.18433333	6.37325509e-07	
1.18591667	6.25270128e-07	
1.18750000	3.68162424e-07	
1.18908333	3.44914633e-07	
1.19066667	3.35407086e-07	
1.19225000	4.10164392e-07	
1.19383333	3.59173628e-07	
1.19541667	2.80745273e-07	
1.19700000	4.48319156e-07	
1.19858333	4.52467907e-07	
1.20016667	4.36393001e-07	
1.20175000	5.48786208e-07	
1.20333333	4.66035803e-07	
1.20491667	6.67488463e-07	
1.20650000	4.61456506e-07	
1.20808333	2.90856247e-07	
1.20966667	2.57496782e-07	
1.21125000	3.58007180e-07	
1.21283333	4.73294765e-07	
1.21441667	2.86881301e-07	
1.21600000	4.35744576e-07	
1.21758333	5.80847759e-07	
1.21916667	6.24060138e-07	
1.22075000	7.59052851e-07	
1.22233333	6.70945106e-07	
1.22391667	7.74436350e-07	
1.22550000	7.78109162e-07	
1.22708333	4.68930713e-07	
1.22866667	3.26073931e-07	
1.23025000	1.38665624e-07	
1.23183333	3.81729592e-07	
1.23341667	3.90631864e-07	
1.23500000	2.91072165e-07	
1.23658333	4.39546951e-07	
1.23816667	5.78385161e-07	
1.23975000	6.39139935e-07	
1.24133333	6.02885700e-07	
1.24291667	4.98486543e-07	
1.24450000	6.02022757e-07	
1.24608333	4.84659915e-07	
1.24766667	2.84935941e-07	
1.24925000	2.22668889e-07	
1.25083333	2.62984804e-07	
1.25241667	3.45000316e-07	
1.25400000	7.70028462e-08	
1.25558333	1.50029878e-07	
1.25716667	3.50315767e-07	
1.25875000	6.07294554e-07	
1.26033333	8.12679066e-07	
1.26191667	7.32910598e-07	
1.26350000	6.49209018e-07	
1.26508333	6.18745220e-07	
1.26666667	5.14735393e-07	
1.26825000	3.22184613e-07	
1.26983333	2.03698962e-07	
1.27141667	3.92403111e-07	
1.27300000	3.35407506e-07	
1.27458333	9.78306217e-08	
1.27616667	2.91158324e-07	
1.27775000	3.67557401e-07	
1.27933333	5.76052992e-07	
1.28091667	5.80459998e-07	
1.28250000	5.78558712e-07	
1.28408333	7.35503571e-07	
1.28566667	7.18995710e-07	
1.28725000	5.69614663e-07	
1.28883333	2.61385709e-07	
1.29041667	3.01745404e-07	
1.29200000	3.76544796e-07	
1.29358333	2.73614921e-07	
1.29516667	2.70546964e-07	
1.29675000	4.02341485e-07	
1.29833333	6.39444140e-07	
1.29991667	6.74271823e-07	
1.30150000	5.50169022e-07	
1.30308333	7.00803406e-07	
1.30466667	6.63340077e-07	
1.30625000	5.41267199e-07	
1.30783333	4.22262727e-07	
1.30941667	1.60962240e-07	
1.31100000	2.52225350e-07	
1.31258333	2.88825512e-07	
1.31416667	3.00146420e-07	
@ 
0.00000000	2.13767066e-07	
0.00158333	3.81816368e-07	
0.00316667	6.23758957e-07	
0.00475000	5.12316196e-07	
0.00633333	4.51516256e-07	
0.00791667	3.87865592e-07	
0.00950000	4.15176925e-07	
0.01108333	4.22737797e-07	
0.01266667	2.35934023e-07	
0.01425000	1.43677821e-07	
0.01583333	1.48387968e-07	
0.01741667	6.65364525e-08	
0.01900000	1.98254272e-07	
0.02058333	1.79327481e-07	
0.02216667	4.35182675e-07	
0.02375000	4.49485409e-07	
0.02533333	2.97295052e-07	
0.02691667	3.83242304e-07	
0.02850000	4.22998320e-07	
0.03008333	4.85179506e-07	
0.03166667	2.66657953e-07	
0.03325000	1.15331092e-07	
0.03483333	2.44871072e-07	
0.03641667	2.00717136e-07	
0.03800000	1.89568254e-07	
0.03958333	1.48301836e-07	
0.04116667	1.34646688e-07	
0.04275000	2.79923604e-07	
0.04433333	2.72836990e-07	
0.04591667	3.84538959e-07	
0.04750000	5.02421000e-07	
0.04908333	4.73900824e-07	
0.05066667	4.79733430e-07	
0.05225000	2.00025337e-07	
0.05383333	2.24958776e-07	
0.05541667	1.83233754e-07	
0.05700000	1.08287376e-07	
0.05858333	1.94796985e-07	
0.06016667	1.67444531e-07	
0.06175000	5.13137193e-07	
0.06333333	5.34872048e-07	
0.06491667	3.28450062e-07	
0.06650000	2.98375088e-07	
0.06808333	4.07873078e-07	
0.06966667	4.35529639e-07	
0.07125000	2.12125520e-07	
0.07283333	6.40827514e-08	
0.07441667	1.02540958e-07	
0.07600000	8.92747468e-08	
0.07758333	1.75956675e-07	
0.07916667	1.58758906e-07	
0.08075000	3.80347338e-07	
0.08233333	6.50851180e-07	
0.08391667	5.55656709e-07	
0.08550000	5.29729281e-07	
0.08708333	3.74946456e-07	
0.08866667	3.79612838e-07	
0.09025000	4.56961604e-07	
0.09183333	7.98547531e-08	
0.09341667	1.84683634e-08	
0.09500000	-1.22120410e-08	
0.09658333	5.65639101e-08	
0.09816667	8.22138380e-08	
0.09975000	-9.91880456e-08	
0.10133333	2.64453946e-07	
0.10291667	4.40584229e-07	
0.10450000	4.67332878e-07	
0.10608333	4.19497211e-07	
0.10766667	4.09039890e-07	
0.10925000	5.72941604e-07	
0.11083333	3.82724113e-07	
0.11241667	2.77849887e-07	
0.11400000	1.56295775e-07	
0.11558333	1.02411403e-07	
0.11716667	2.01452659e-07	
0.11875000	5.09892554e-08	
0.12033333	1.03015670e-07	
0.12191667	2.86881245e-07	
0.12350000	4.00526612e-07	
0.12508333	4.46461133e-07	
0.12666667	3.28666708e-07	
0.12825000	3.91797472e-07	
0.12983333	4.35528462e-07	
0.13141667	2.24051409e-07	
0.13300000	1.59191539e-07	
0.13458333	-5.59194060e-09	
0.13616667	6.40821984e-08	
0.13775000	6.19039667e-08	
0.13933333	1.12565296e-07	
0.14091667	3.15573936e-07	
0.14250000	3.52647768e-07	
0.14408333	5.25279098e-07	
0.14566667	4.61628546e-07	
0.14725000	4.66381675e-07	
0.14883333	5.34482775e-07	
0.15041667	3.62890207e-07	
0.15200000	7.27245482e-08	
0.15358333	-7.76865179e-08	
0.15516667	-1.56856826e-08	
0.15675000	8.07624349e-08	
0.15833333	1.72423766e-10	
0.15991667	1.69993794e-07	
0.16150000	2.87572232e-07	
0.16308333	4.84400847e-07	
0.16466667	6.65846693e-07	
0.16625000	4.92524740e-07	
0.16783333	5.44679992e-07	
0.16941667	6.30542149e-07	
0.17100000	3.65612545e-07	
0.17258333	1.74271714e-07	
0.17416667	-2.23920132e-08	
0.17575000	7.13338378e-08	
0.17733333	5.06436044e-08	
0.17891667	9.92076203e-09	
0.18050000	1.79154685e-07	
0.18208333	3.01573084e-07	
0.18366667	4.30385808e-07	
0.18525000	4.06491412e-07	
0.18683333	3.95644229e-07	
0.18841667	4.92482178e-07	
0.19000000	3.97545206e-07	
0.19158333	1.89525230e-07	
0.19316667	-2.45443456e-08	
0.19475000	-7.07374320e-08	
0.19633333	2.40426768e-08	
0.19791667	-2.04915137e-08	
0.19950000	1.11528710e-07	
0.20108333	1.87969116e-07	
0.20266667	4.07311344e-07	
0.20425000	4.96801428e-07	
0.20583333	3.65137924e-07	
0.20741667	3.83157041e-07	
0.20900000	3.83717626e-07	
0.21058333	2.95480094e-07	
0.21216667	1.45406380e-07	
0.21375000	-1.62045599e-08	
0.21533333	8.28795329e-08	
0.21691667	1.34389571e-08	
0.21850000	1.03875500e-08	
0.22008333	4.05580419e-08	
0.22166667	1.51412678e-07	
0.22325000	4.52380319e-07	
0.22483333	3.40462937e-07	
0.22641667	3.96811181e-07	
0.22800000	3.74773072e-07	
0.22958333	4.48923172e-07	
0.23116667	4.07397504e-07	
0.23275000	1.26350223e-07	
0.23433333	2.01408123e-07	
0.23591667	2.83985887e-07	
0.23750000	2.22019470e-07	
0.23908333	2.95263421e-07	
0.24066667	1.05998077e-07	
0.24225000	3.95947538e-07	
0.24383333	5.36427518e-07	
0.24541667	5.16161105e-07	
0.24700000	4.38986926e-07	
0.24858333	3.97459102e-07	
0.25016667	4.26626443e-07	
0.25175000	2.14026260e-07	
0.25333333	3.53038266e-08	
0.25491667	7.22151073e-08	
0.25650000	-1.10750842e-07	
0.25808333	-2.71889750e-08	
0.25966667	-5.67367338e-08	
0.26125000	2.68213927e-07	
0.26283333	4.62493000e-07	
0.26441667	2.76467157e-07	
0.26600000	3.48025292e-07	
0.26758333	4.16947837e-07	
0.26916667	5.68577104e-07	
0.27075000	4.96889240e-07	
0.27233333	9.52369984e-08	
0.27391667	3.21488480e-08	
0.27550000	9.14789287e-08	
0.27708333	9.16164779e-08	
0.27866667	1.08409370e-07	
0.28025000	5.10754380e-09	
0.28183333	3.53374596e-07	
0.28341667	3.56538234e-07	
0.28500000	3.78575727e-07	
0.28658333	3.61809359e-07	
0.28816667	4.24206882e-07	
0.28975000	3.97891834e-07	
0.29133333	1.66968510e-07	
0.29291667	1.51229405e-09	
0.29450000	-9.03550703e-08	
0.29608333	4.85264469e-08	
0.29766667	1.44412784e-07	
0.29925000	-3.88911026e-08	
0.30083333	2.03615546e-08	
0.30241667	2.20464350e-07	
0.30400000	2.90553917e-07	
0.30558333	4.05841838e-07	
0.30716667	3.38130264e-07	
0.30875000	3.28278190e-07	
0.31033333	4.17508898e-07	
0.31191667	1.95877735e-07	
0.31350000	-1.39207164e-09	
0.31508333	4.46372229e-08	
0.31666667	2.06593984e-07	
0.31825000	7.13853181e-08	
0.31983333	3.45695287e-08	
0.32141667	2.87616054e-07	
0.32300000	4.46374749e-07	
0.32458333	4.93778356e-07	
0.32616667	3.88730831e-07	
0.32775000	3.37394447e-07	
0.32933333	5.59502513e-07	
0.33091667	4.12497821e-07	
0.33250000	1.96266057e-07	
0.33408333	4.42826745e-08	
0.33566667	3.56062297e-08	
0.33725000	1.65145586e-07	
0.33883333	4.02555023e-08	
0.34041667	6.48603253e-08	
0.34200000	2.74004335e-07	
0.34358333	3.77970312e-07	
0.34516667	3.48933037e-07	
0.34675000	2.67349220e-07	
0.34833333	4.45640164e-07	
0.34991667	5.22815491e-07	
0.35150000	2.22884345e-07	
0.35308333	8.29827245e-08	
0.35466667	7.47122174e-08	
0.35625000	6.46872496e-08	
0.35783333	2.56414751e-08	
0.35941667	-2.32912316e-08	
0.36100000	1.25572321e-07	
0.36258333	1.77642141e-07	
0.36416667	3.36919406e-07	
0.36575000	3.26203437e-07	
0.36733333	2.56459868e-07	
0.36891667	3.21320942e-07	
0.37050000	3.33851504e-07	
0.37208333	2.34249341e-07	
0.37366667	-1.77173435e-08	
0.37525000	7.92067411e-08	
0.37683333	1.69518528e-07	
0.37841667	-1.51244166e-08	
0.38000000	6.30881739e-09	
0.38158333	2.30317321e-07	
0.38316667	3.76286288e-07	
0.38475000	4.39547287e-07	
0.38633333	3.59260712e-07	
0.38791667	2.35933967e-07	
0.38950000	2.83208320e-07	
0.39108333	2.43799463e-07	
0.39266667	1.51455898e-07	
0.39425000	1.48993635e-08	
0.39583333	1.04744776e-07	
0.39741667	1.24319446e-07	
0.39900000	5.78862589e-08	
0.40058333	9.74415373e-08	
0.40216667	2.85973388e-07	
0.40375000	4.51991689e-07	
0.40533333	2.73442490e-07	
0.40691667	3.54809997e-07	
0.40850000	4.50825185e-07	
0.41008333	4.36826153e-07	
0.41166667	2.87053088e-07	
0.41325000	-8.41760820e-08	
0.41483333	-2.18330613e-07	
0.41641667	-9.79179717e-08	
0.41800000	-4.38082877e-08	
0.41958333	-8.10675401e-09	
0.42116667	1.47126134e-07	
0.42275000	3.75032868e-07	
0.42433333	4.87555357e-07	
0.42591667	4.02428961e-07	
0.42750000	4.30818399e-07	
0.42908333	2.98591314e-07	
0.43066667	2.42545315e-07	
0.43225000	6.48602623e-08	
0.43383333	-4.67721647e-08	
0.43541667	8.94907205e-08	
0.43700000	1.44584600e-07	
0.43858333	9.46332773e-08	
0.44016667	4.74721366e-08	
0.44175000	1.97087305e-07	
0.44333333	4.37774835e-07	
0.44491667	4.95634952e-07	
0.44650000	5.10889924e-07	
0.44808333	4.66208879e-07	
0.44966667	5.23853330e-07	
0.45125000	5.63477348e-07	
0.45283333	2.65102231e-07	
0.45441667	3.96292794e-07	
0.45600000	4.59035349e-07	
0.45758333	5.27526254e-07	
0.45916667	5.69139090e-07	
0.46075000	5.80070724e-07	
0.46233333	9.44344837e-07	
0.46391667	1.11477348e-06	
0.46550000	1.13621213e-06	
0.46708333	1.20616286e-06	
0.46866667	1.36997469e-06	
0.47025000	1.51879711e-06	
0.47183333	1.48462236e-06	
0.47341667	1.42245531e-06	
0.47500000	1.61883865e-06	
0.47658333	1.80603501e-06	
0.47816667	2.12220156e-06	
0.47975000	2.51711157e-06	
0.48133333	3.32080005e-06	
0.48291667	4.14169003e-06	
0.48450000	4.71662303e-06	
0.48608333	5.41280460e-06	
0.48766667	5.95934388e-06	
0.48925000	6.89629907e-06	
0.49083333	7.73730180e-06	
0.49241667	8.85905991e-06	
0.49400000	1.10159452e-05	
0.49558333	1.45109195e-05	
0.49716667	1.96467711e-05	
0.49875000	2.73030512e-05	
0.50033333	3.87230442e-05	
0.50191667	5.71902285e-05	
0.50350000	8.93188002e-05	
0.50508333	1.48890628e-04	
0.50666667	2.55104338e-04	
0.50825000	3.36049370e-04	
0.50983333	3.51872695e-04	
0.51141667	4.14115576e-04	
0.51300000	5.70751519e-04	
0.51458333	6.83409378e-04	
0.51616667	7.50604021e-04	
0.51775000	8.60952361e-04	
0.51933333	1.06612120e-03	
0.52091667	1.06012217e-03	
0.52250000	1.27929940e-03	
0.52408333	1.14345970e-03	
0.52566667	2.69797001e-03	
0.52725000	1.84011654e-03	
0.52883333	2.88082850e-03	
0.53041667	3.16279724e-03	
0.53200000	4.11741147e-03	
0.53358333	5.83750220e-03	
0.53516667	7.52145818e-03	
0.53675000	9.29001823e-03	
0.53833333	1.24818890e-02	
0.53991667	1.65844326e-02	
0.54150000	2.18398212e-02	
0.54308333	2.64149070e-02	
0.54466667	1.11673880e-01	
0.54625000	1.51438658e-01	
0.54783333	4.63980572e-01	
0.54941667	3.83403869e-01	
0.55100000	4.45526257e-01	
0.55258333	5.22395549e-01	
0.55416667	9.12802358e-01	
0.55575000	9.22058495e-01	
0.55733333	1.00343703e+00	
0.55891667	1.49579335e+00	
0.56050000	2.52770030e+00	
0.56208333	3.05946544e+00	
0.56366667	4.10391970e+00	
0.56525000	3.89682121e+00	
0.56683333	4.09728167e+00	
0.56841667	5.36327532e+00	
0.57000000	5.66666455e+00	
0.57158333	5.99450411e+00	
0.57316667	6.53714873e+00	
0.57475000	7.57567574e+00	
0.57633333	7.80329835e+00	
0.57791667	8.59418905e+00	
0.57950000	9.07773870e+00	
0.58108333	9.50951543e+00	
0.58266667	9.60984795e+00	
0.58425000	9.83776512e+00	
0.58583333	1.04770638e+01	
0.58741667	1.21122774e+01	
0.58900000	1.31284841e+01	
0.59058333	1.35778758e+01	
0.59216667	1.38291713e+01	
0.59375000	1.38747628e+01	
0.59533333	1.41197763e+01	
0.59691667	1.43664500e+01	
0.59850000	1.48824307e+01	
0.60008333	1.59804830e+01	
0.60166667	1.62570293e+01	
0.60325000	1.69998861e+01	
0.60483333	1.72233375e+01	
0.60641667	1.80484101e+01	
0.60800000	1.88157632e+01	
0.60958333	1.88792290e+01	
0.61116667	1.90126775e+01	
0.61275000	1.92208159e+01	
0.61433333	1.98679929e+01	
0.61591667	2.08483889e+01	
0.61750000	2.16271766e+01	
0.61908333	2.18336519e+01	
0.62066667	2.22721193e+01	
0.62225000	2.27897827e+01	
0.62383333	2.32935218e+01	
0.62541667	2.36324571e+01	
0.62700000	2.40299388e+01	
0.62858333	2.42132331e+01	
0.63016667	2.59637766e+01	
0.63175000	2.61632521e+01	
0.63333333	2.63778378e+01	
0.63491667	2.72275815e+01	
0.63650000	2.77986480e+01	
0.63808333	2.79606631e+01	
0.63966667	2.83155410e+01	
0.64125000	2.90468242e+01	
0.64283333	2.92293838e+01	
0.64441667	2.92474836e+01	
0.64600000	2.98762094e+01	
0.64758333	3.07138459e+01	
0.64916667	3.09045684e+01	
0.65075000	3.09525521e+01	
