start voltage : 0.00 V 
set voltage : 0.10 V 
High G : 30.00 G0 
Intermediate G : 20.00 G0 
Low G : 10.00 G0 
Breaking speed 1 : 300.00 V/s 
Breaking speed 2 : 300.00 V/s 
Making speed : 500.00 V/s 
Post breaking : 230.00 V/s 
@ 
0.00000000	4.05795095e+01	
0.00158333	4.10647166e+01	
0.00316667	4.13291970e+01	
0.00475000	4.10942377e+01	
0.00633333	4.12155959e+01	
0.00791667	4.10587033e+01	
0.00950000	4.10035283e+01	
0.01108333	4.10181855e+01	
0.01266667	4.08874843e+01	
0.01425000	4.08450685e+01	
0.01583333	4.10745181e+01	
0.01741667	4.09400850e+01	
0.01900000	4.09102068e+01	
0.02058333	4.07901828e+01	
0.02216667	4.08023822e+01	
0.02375000	4.07976505e+01	
0.02533333	4.09009577e+01	
0.02691667	4.10071174e+01	
0.02850000	4.08017996e+01	
0.03008333	4.08372213e+01	
0.03166667	4.07478836e+01	
0.03325000	4.07183098e+01	
0.03483333	4.06289720e+01	
0.03641667	4.05273373e+01	
0.03800000	4.07082188e+01	
0.03958333	4.05735076e+01	
0.04116667	4.06285662e+01	
0.04275000	4.05938623e+01	
0.04433333	4.05358761e+01	
0.04591667	4.07842222e+01	
0.04750000	4.04686708e+01	
0.04908333	4.05603386e+01	
0.05066667	4.06564713e+01	
0.05225000	4.05652582e+01	
0.05383333	4.07418666e+01	
0.05541667	4.02154877e+01	
0.05700000	4.05037016e+01	
0.05858333	4.04590985e+01	
0.06016667	4.03519917e+01	
0.06175000	4.03917842e+01	
0.06333333	4.03924907e+01	
0.06491667	4.05672613e+01	
0.06650000	4.04355041e+01	
0.06808333	4.03536754e+01	
0.06966667	4.04176786e+01	
0.07125000	4.02918218e+01	
0.07283333	4.03540136e+01	
0.07441667	4.03139129e+01	
0.07600000	4.02740828e+01	
0.07758333	4.03223465e+01	
0.07916667	4.02906079e+01	
0.08075000	4.03346172e+01	
0.08233333	4.01688289e+01	
0.08391667	4.02540550e+01	
0.08550000	4.02552765e+01	
0.08708333	4.02990302e+01	
0.08866667	4.02609101e+01	
0.09025000	4.02212604e+01	
0.09183333	4.01466513e+01	
0.09341667	4.02406418e+01	
0.09500000	4.02133004e+01	
0.09658333	4.01154427e+01	
0.09816667	4.00603879e+01	
0.09975000	4.01723616e+01	
0.10133333	4.01015183e+01	
0.10291667	3.97950844e+01	
0.10450000	3.99752632e+01	
0.10608333	3.99669875e+01	
0.10766667	3.99155406e+01	
0.10925000	3.98433481e+01	
0.11083333	3.97147403e+01	
0.11241667	3.96387030e+01	
0.11400000	3.96316037e+01	
0.11558333	3.95955356e+01	
0.11716667	3.95723772e+01	
0.11875000	3.95041647e+01	
0.12033333	3.96490871e+01	
0.12191667	3.93686266e+01	
0.12350000	3.94803297e+01	
0.12508333	3.89902783e+01	
0.12666667	3.83862763e+01	
0.12825000	3.83374376e+01	
0.12983333	3.80083451e+01	
0.13141667	3.78953416e+01	
0.13300000	3.80058121e+01	
0.13458333	3.80623176e+01	
0.13616667	3.76315978e+01	
0.13775000	3.77492578e+01	
0.13933333	3.76830335e+01	
0.14091667	3.76272270e+01	
0.14250000	3.76600968e+01	
0.14408333	3.65771339e+01	
0.14566667	3.64595867e+01	
0.14725000	3.61914420e+01	
0.14883333	3.56477262e+01	
0.15041667	3.54549085e+01	
0.15200000	3.52116735e+01	
0.15358333	3.50274960e+01	
0.15516667	3.49458515e+01	
0.15675000	3.52832272e+01	
0.15833333	3.51867563e+01	
0.15991667	3.52318291e+01	
0.16150000	3.52683106e+01	
0.16308333	3.52994741e+01	
0.16466667	3.52243727e+01	
0.16625000	3.53647026e+01	
0.16783333	3.51477455e+01	
0.16941667	3.47676947e+01	
0.17100000	3.50064347e+01	
0.17258333	3.48973698e+01	
0.17416667	3.49150111e+01	
0.17575000	3.49642369e+01	
0.17733333	3.46373054e+01	
0.17891667	3.46853248e+01	
0.18050000	3.45794582e+01	
0.18208333	3.45293718e+01	
0.18366667	3.45839568e+01	
0.18525000	3.42823824e+01	
0.18683333	3.47501135e+01	
0.18841667	3.45368620e+01	
0.19000000	3.44663833e+01	
0.19158333	3.44359789e+01	
0.19316667	3.42890345e+01	
0.19475000	3.45050032e+01	
0.19633333	3.43601785e+01	
0.19791667	3.41355470e+01	
0.19950000	3.16659459e+01	
0.20108333	3.17181595e+01	
0.20266667	3.16856054e+01	
0.20425000	3.17328806e+01	
0.20583333	3.20408517e+01	
0.20741667	3.16533520e+01	
0.20900000	3.16409986e+01	
0.21058333	3.17267096e+01	
0.21216667	3.15579522e+01	
0.21375000	3.13629602e+01	
0.21533333	3.13269034e+01	
0.21691667	3.14236506e+01	
0.21850000	3.14996352e+01	
0.22008333	3.12313721e+01	
0.22166667	3.10994514e+01	
0.22325000	3.11201557e+01	
0.22483333	3.11031476e+01	
0.22641667	3.10157567e+01	
0.22800000	3.08135789e+01	
0.22958333	3.08138646e+01	
0.23116667	3.08396970e+01	
0.23275000	3.05957330e+01	
0.23433333	3.06418206e+01	
0.23591667	3.09513175e+01	
0.23750000	3.08305174e+01	
0.23908333	3.06563557e+01	
0.24066667	3.05333608e+01	
0.24225000	2.97494168e+01	
0.24383333	2.85053747e+01	
0.24541667	2.82171327e+01	
0.24700000	2.79122059e+01	
0.24858333	2.81140792e+01	
0.25016667	2.80648027e+01	
0.25175000	2.80396881e+01	
0.25333333	2.79121983e+01	
0.25491667	2.79690214e+01	
0.25650000	2.75942454e+01	
0.25808333	2.75648144e+01	
0.25966667	2.75336565e+01	
0.26125000	2.75506814e+01	
0.26283333	2.75109904e+01	
0.26441667	2.73864979e+01	
0.26600000	2.75822884e+01	
0.26758333	2.74232706e+01	
0.26916667	2.75013918e+01	
0.27075000	2.73342148e+01	
0.27233333	2.72395798e+01	
0.27391667	2.70635464e+01	
0.27550000	2.69663408e+01	
0.27708333	2.69950934e+01	
0.27866667	2.69130504e+01	
0.28025000	2.68168389e+01	
0.28183333	2.62097268e+01	
0.28341667	2.57755288e+01	
0.28500000	2.57342988e+01	
0.28658333	2.53803454e+01	
0.28816667	2.55373281e+01	
0.28975000	2.53037614e+01	
0.29133333	2.47757120e+01	
0.29291667	2.50190559e+01	
0.29450000	2.47132834e+01	
0.29608333	2.48979965e+01	
0.29766667	2.49779818e+01	
0.29925000	2.46376615e+01	
0.30083333	2.46464934e+01	
0.30241667	2.44321821e+01	
0.30400000	2.40417942e+01	
0.30558333	2.38769736e+01	
0.30716667	2.38268102e+01	
0.30875000	2.37971067e+01	
0.31033333	2.38129215e+01	
0.31191667	2.37445493e+01	
0.31350000	2.35793115e+01	
0.31508333	2.33647334e+01	
0.31666667	2.33265851e+01	
0.31825000	2.32409737e+01	
0.31983333	2.32789153e+01	
0.32141667	2.31888672e+01	
0.32300000	2.31763804e+01	
0.32458333	2.31634050e+01	
0.32616667	2.30625238e+01	
0.32775000	2.29823130e+01	
0.32933333	2.27298215e+01	
0.33091667	2.27801691e+01	
0.33250000	2.28420846e+01	
0.33408333	2.28617215e+01	
0.33566667	2.29567042e+01	
0.33725000	2.27354457e+01	
0.33883333	2.26609268e+01	
0.34041667	2.26495205e+01	
0.34200000	2.25303647e+01	
0.34358333	2.25781078e+01	
0.34516667	2.20395879e+01	
0.34675000	2.22089541e+01	
0.34833333	2.20610175e+01	
0.34991667	2.04742912e+01	
0.35150000	2.02280046e+01	
0.35308333	2.01290363e+01	
0.35466667	2.02761743e+01	
0.35625000	2.02571424e+01	
0.35783333	2.00796677e+01	
0.35941667	1.95968190e+01	
0.36100000	1.88555933e+01	
0.36258333	1.90570758e+01	
0.36416667	1.91612173e+01	
0.36575000	1.91284415e+01	
0.36733333	1.92149210e+01	
0.36891667	1.90077166e+01	
0.37050000	1.89051761e+01	
0.37208333	1.87545110e+01	
0.37366667	1.88689295e+01	
0.37525000	1.88639855e+01	
0.37683333	1.88391810e+01	
0.37841667	1.88997736e+01	
0.38000000	1.89085040e+01	
0.38158333	1.89027257e+01	
0.38316667	1.89370142e+01	
0.38475000	1.88361856e+01	
0.38633333	1.85957506e+01	
0.38791667	1.84369113e+01	
0.38950000	1.82866296e+01	
0.39108333	1.81625429e+01	
0.39266667	1.81136723e+01	
0.39425000	1.80306222e+01	
0.39583333	1.78127086e+01	
0.39741667	1.77765522e+01	
0.39900000	1.57406643e+01	
0.40058333	1.56672983e+01	
0.40216667	1.54763521e+01	
0.40375000	1.55440150e+01	
0.40533333	1.54478917e+01	
0.40691667	1.53585033e+01	
0.40850000	1.52860345e+01	
0.41008333	1.52340596e+01	
0.41166667	1.50277008e+01	
0.41325000	1.49474196e+01	
0.41483333	1.50100501e+01	
0.41641667	1.49387201e+01	
0.41800000	1.49254675e+01	
0.41958333	1.46350871e+01	
0.42116667	1.45123910e+01	
0.42275000	1.43876401e+01	
0.42433333	1.42685867e+01	
0.42591667	1.42105253e+01	
0.42750000	1.41778218e+01	
0.42908333	1.40574539e+01	
0.43066667	1.39611634e+01	
0.43225000	1.39377654e+01	
0.43383333	1.38503303e+01	
0.43541667	1.36100626e+01	
0.43700000	1.36307180e+01	
0.43858333	1.35984852e+01	
0.44016667	1.35046094e+01	
0.44175000	1.33969981e+01	
0.44333333	1.33349782e+01	
0.44491667	1.33772305e+01	
0.44650000	1.33016189e+01	
0.44808333	1.12177888e+01	
0.44966667	1.10973674e+01	
0.45125000	1.09081162e+01	
0.45283333	1.06519763e+01	
0.45441667	1.06519810e+01	
0.45600000	1.05917680e+01	
0.45758333	1.05383189e+01	
0.45916667	1.00413842e+01	
0.46075000	9.92204797e+00	
0.46233333	9.71149493e+00	
0.46391667	9.68072507e+00	
0.46550000	9.50513141e+00	
0.46708333	9.64744094e+00	
0.46866667	9.69265850e+00	
0.47025000	9.19399311e+00	
0.47183333	8.24501240e+00	
0.47341667	8.10316702e+00	
0.47500000	7.95591068e+00	
0.47658333	7.67217765e+00	
0.47816667	7.51544437e+00	
0.47975000	7.52525861e+00	
0.48133333	7.47698276e+00	
0.48291667	7.05715073e+00	
0.48450000	7.21969428e+00	
0.48608333	7.51085459e+00	
0.48766667	7.80721493e+00	
0.48925000	7.80946519e+00	
0.49083333	7.41001470e+00	
0.49241667	7.34776421e+00	
0.49400000	7.57339212e+00	
0.49558333	7.69378109e+00	
0.49716667	7.80867924e+00	
0.49875000	7.30818780e+00	
0.50033333	6.59338881e+00	
0.50191667	6.53335147e+00	
0.50350000	6.27732859e+00	
0.50508333	6.28833279e+00	
0.50666667	5.90806919e+00	
0.50825000	5.92983518e+00	
0.50983333	5.77499278e+00	
0.51141667	5.89655715e+00	
0.51300000	6.19174914e+00	
0.51458333	6.20483730e+00	
0.51616667	6.36608519e+00	
0.51775000	6.08553305e+00	
0.51933333	5.63137867e+00	
0.52091667	5.53003752e+00	
0.52250000	5.37398449e+00	
0.52408333	5.37195550e+00	
0.52566667	5.34096626e+00	
0.52725000	5.32651385e+00	
0.52883333	5.19124496e+00	
0.53041667	5.16527582e+00	
0.53200000	5.08325310e+00	
0.53358333	5.11987504e+00	
0.53516667	5.11939868e+00	
0.53675000	5.10719512e+00	
0.53833333	5.13386706e+00	
0.53991667	4.55074969e+00	
0.54150000	4.33392458e+00	
0.54308333	4.34730964e+00	
0.54466667	4.28052668e+00	
0.54625000	4.25915813e+00	
0.54783333	4.21077892e+00	
0.54941667	4.04815081e+00	
0.55100000	4.05457885e+00	
0.55258333	4.01150255e+00	
0.55416667	3.49644878e+00	
0.55575000	3.47366195e+00	
0.55733333	3.44721668e+00	
0.55891667	2.90732359e+00	
0.56050000	2.86341272e+00	
0.56208333	2.77927316e+00	
0.56366667	2.62525664e+00	
0.56525000	2.61317851e+00	
0.56683333	2.59630038e+00	
0.56841667	2.54775722e+00	
0.57000000	2.45861892e+00	
0.57158333	2.53763363e+00	
0.57316667	2.50288025e+00	
0.57475000	2.52218645e+00	
0.57633333	2.52889707e+00	
0.57791667	2.52141389e+00	
0.57950000	2.47107452e+00	
0.58108333	2.45739420e+00	
0.58266667	1.94223002e+00	
0.58425000	1.63515652e+00	
0.58583333	1.53996683e+00	
0.58741667	1.52984758e+00	
0.58900000	1.43950899e+00	
0.59058333	1.55624587e+00	
0.59216667	1.61083244e+00	
0.59375000	1.57266667e+00	
0.59533333	1.52601568e+00	
0.59691667	1.51231739e+00	
0.59850000	1.52664272e+00	
0.60008333	1.49200267e+00	
0.60166667	1.02371428e+00	
0.60325000	8.35073040e-01	
0.60483333	8.72775955e-01	
0.60641667	8.64576595e-01	
0.60800000	8.79769910e-01	
0.60958333	8.35759804e-01	
0.61116667	7.62145082e-01	
0.61275000	7.59902631e-01	
0.61433333	7.78552023e-01	
0.61591667	7.78626248e-01	
0.61750000	7.89438894e-01	
0.61908333	8.04127662e-01	
0.62066667	8.28775597e-01	
0.62225000	7.96375888e-01	
0.62383333	8.42793221e-01	
0.62541667	8.63601442e-01	
0.62700000	8.29169275e-01	
0.62858333	8.20059593e-01	
0.63016667	8.04290266e-01	
0.63175000	8.09908754e-01	
0.63333333	1.03636938e-02	
0.63491667	9.06687584e-03	
0.63650000	-9.34095392e-04	
0.63808333	-3.70515005e-04	
0.63966667	5.72800282e-04	
0.64125000	2.95668288e-03	
0.64283333	7.84309297e-05	
0.64441667	3.46802219e-05	
0.64600000	4.07372494e-05	
0.64758333	7.16511884e-05	
0.64916667	1.39351141e-04	
0.65075000	1.95522338e-04	
0.65233333	1.79360483e-04	
0.65391667	1.40948415e-04	
0.65550000	1.18537983e-04	
0.65708333	1.06401556e-04	
0.65866667	1.00590377e-04	
0.66025000	9.51485740e-05	
0.66183333	8.65530109e-05	
0.66341667	7.67690762e-05	
0.66500000	6.92396862e-05	
0.66658333	6.26621274e-05	
0.66816667	5.76813876e-05	
0.66975000	5.51245548e-05	
0.67133333	5.36413036e-05	
0.67291667	5.20306139e-05	
0.67450000	4.99172924e-05	
0.67608333	4.73171916e-05	
0.67766667	4.46389489e-05	
0.67925000	4.22470950e-05	
0.68083333	3.91272443e-05	
0.68241667	3.61477386e-05	
0.68400000	3.43101823e-05	
0.68558333	3.17721735e-05	
0.68716667	2.92420230e-05	
0.68875000	2.68466477e-05	
0.69033333	2.39316228e-05	
0.69191667	2.09383073e-05	
0.69350000	1.79681473e-05	
0.69508333	1.51009082e-05	
0.69666667	1.26583421e-05	
0.69825000	1.06474925e-05	
0.69983333	9.08018740e-06	
0.70141667	7.48016559e-06	
0.70300000	6.22841893e-06	
0.70458333	5.46297479e-06	
0.70616667	4.57847424e-06	
0.70775000	3.98150985e-06	
0.70933333	3.31432302e-06	
0.71091667	2.86193875e-06	
0.71250000	2.55897950e-06	
0.71408333	2.05351201e-06	
0.71566667	1.83044527e-06	
0.71725000	1.30097074e-06	
0.71883333	1.13715555e-06	
0.72041667	1.00396074e-06	
0.72200000	9.36046609e-07	
0.72358333	1.03940473e-06	
0.72516667	9.22782862e-07	
0.72675000	9.92485158e-07	
0.72833333	1.02013864e-06	
0.72991667	9.05800548e-07	
0.73150000	1.03591163e-06	
0.73308333	9.35271310e-07	
0.73466667	9.25358362e-07	
0.73625000	5.35348181e-07	
0.73783333	5.40921216e-07	
0.73941667	6.36592268e-07	
0.74100000	4.65516940e-07	
0.74258333	3.85014476e-07	
0.74416667	4.07786638e-07	
0.74575000	7.33946253e-07	
0.74733333	7.42546895e-07	
0.74891667	6.73018991e-07	
0.75050000	6.70987388e-07	
0.75208333	7.28503144e-07	
0.75366667	6.56381092e-07	
0.75525000	3.56493824e-07	
0.75683333	1.11935219e-07	
0.75841667	1.07077631e-07	
0.76000000	5.34526065e-08	
0.76158333	1.99532683e-07	
0.76316667	1.80822300e-07	
0.76475000	2.60184763e-07	
0.76633333	6.35770768e-07	
0.76791667	5.39106790e-07	
0.76950000	4.52683852e-07	
0.77108333	5.53927799e-07	
0.77266667	6.10017900e-07	
0.77425000	5.55086491e-07	
0.77583333	4.52391463e-07	
0.77741667	2.96430961e-07	
0.77900000	3.80822632e-07	
0.78058333	2.55985414e-07	
0.78216667	2.85800732e-07	
0.78375000	1.41759119e-07	
0.78533333	2.79967986e-07	
0.78691667	5.22815715e-07	
0.78850000	4.79129555e-07	
0.79008333	4.89326940e-07	
0.79166667	4.45761466e-07	
0.79325000	6.28294152e-07	
0.79483333	4.75715250e-07	
0.79641667	2.60479336e-07	
0.79800000	3.98323585e-07	
0.79958333	3.20240177e-07	
0.80116667	3.96551918e-07	
0.80275000	2.56383844e-07	
0.80433333	1.52371931e-07	
0.80591667	4.44905999e-07	
0.80750000	4.15694473e-07	
0.80908333	4.73727048e-07	
0.81066667	4.22478841e-07	
0.81225000	4.66944136e-07	
0.81383333	5.07302123e-07	
0.81541667	2.63243788e-07	
0.81700000	2.27465463e-07	
0.81858333	1.47894936e-07	
0.82016667	2.55111803e-07	
0.82175000	2.35589075e-07	
0.82333333	1.82567758e-07	
0.82491667	3.45517948e-07	
0.82650000	3.48482049e-07	
0.82808333	4.10249600e-07	
0.82966667	3.12289697e-07	
0.83125000	3.50643186e-07	
0.83283333	5.07215823e-07	
0.83441667	3.40946715e-07	
0.83600000	1.20385914e-07	
0.83758333	6.62170562e-08	
0.83916667	7.11683294e-08	
0.84075000	2.03344606e-07	
0.84233333	1.14623220e-07	
0.84391667	1.68741102e-07	
0.84550000	3.37578247e-07	
0.84708333	4.74116826e-07	
0.84866667	5.73891575e-07	
0.85025000	4.38380558e-07	
0.85183333	5.34916010e-07	
0.85341667	4.83579739e-07	
0.85500000	4.47497152e-07	
0.85658333	1.84772339e-07	
0.85816667	1.33869345e-07	
0.85975000	1.87658666e-07	
0.86133333	1.55302235e-07	
0.86291667	1.00855009e-07	
0.86450000	2.89172027e-07	
0.86608333	3.08849378e-07	
0.86766667	5.40618522e-07	
0.86925000	5.59069726e-07	
0.87083333	5.17673340e-07	
0.87241667	7.92723186e-07	
0.87400000	5.82896107e-07	
0.87558333	4.46677275e-07	
0.87716667	1.54290157e-07	
0.87875000	1.61091900e-07	
0.88033333	2.26514302e-07	
0.88191667	2.47686990e-07	
0.88350000	1.29832866e-07	
0.88508333	1.00268187e-07	
0.88666667	3.32599176e-07	
0.88825000	5.35864917e-07	
0.88983333	5.00993832e-07	
0.89141667	5.10543268e-07	
0.89300000	6.19824052e-07	
0.89458333	5.83095924e-07	
0.89616667	4.04890804e-07	
0.89775000	1.45881674e-07	
0.89933333	2.95825350e-07	
0.90091667	3.21320690e-07	
0.90250000	1.65300601e-07	
0.90408333	6.22336535e-08	
0.90566667	3.44006888e-07	
0.90725000	5.28779983e-07	
0.90883333	4.59900168e-07	
0.91041667	3.54507471e-07	
0.91200000	4.35616582e-07	
0.91358333	5.53583776e-07	
0.91516667	4.58129285e-07	
0.91675000	-6.82843277e-09	
0.91833333	1.42165921e-07	
0.91991667	1.91210528e-07	
0.92150000	1.11875240e-07	
0.92308333	2.81221547e-07	
0.92466667	3.37507964e-07	
0.92625000	4.38856916e-07	
0.92783333	5.37205281e-07	
0.92941667	4.33800365e-07	
0.93100000	5.66848867e-07	
0.93258333	5.69484793e-07	
0.93416667	6.14164998e-07	
0.93575000	3.17570818e-07	
0.93733333	1.83211066e-08	
0.93891667	8.99491991e-08	
0.94050000	9.45902533e-08	
0.94208333	1.90735276e-07	
0.94366667	1.98798756e-07	
0.94525000	2.75126793e-07	
0.94683333	4.56383658e-07	
0.94841667	3.65958585e-07	
0.95000000	3.75897015e-07	
0.95158333	3.85360095e-07	
0.95316667	4.49312557e-07	
0.95475000	3.52699626e-07	
0.95633333	9.34488031e-08	
0.95791667	2.06740935e-07	
0.95950000	3.04597752e-07	
0.96108333	3.43789794e-07	
0.96266667	2.70271543e-07	
0.96425000	1.94192158e-07	
0.96583333	3.72093408e-07	
0.96741667	3.39037673e-07	
0.96900000	3.61247037e-07	
0.97058333	4.15996858e-07	
0.97216667	4.14354836e-07	
0.97375000	5.37896352e-07	
0.97533333	1.51266539e-07	
0.97691667	1.06949308e-07	
0.97850000	1.06153036e-07	
0.98008333	8.15833967e-08	
0.98166667	1.85360113e-07	
0.98325000	-2.86831080e-08	
0.98483333	-3.61247989e-08	
0.98641667	1.42172608e-08	
0.98800000	2.52009880e-07	
0.98958333	3.08270564e-07	
0.99116667	3.37092594e-07	
0.99275000	5.13092447e-07	
0.99433333	4.83405683e-07	
0.99591667	2.11865543e-07	
0.99750000	6.30452419e-08	
0.99908333	1.38839176e-07	
1.00066667	2.64453050e-07	
1.00225000	1.34715641e-07	
1.00383333	4.16122087e-08	
1.00541667	2.42502921e-07	
1.00700000	4.99006471e-07	
1.00858333	6.16454773e-07	
1.01016667	6.24276756e-07	
1.01175000	4.85801134e-07	
1.01333333	7.09447729e-07	
1.01491667	4.99179015e-07	
1.01650000	2.83242453e-07	
1.01808333	2.54472618e-07	
1.01966667	2.28372283e-07	
1.02125000	2.34249593e-07	
1.02283333	7.22147643e-08	
1.02441667	1.52536354e-07	
1.02600000	5.27351471e-07	
1.02758333	5.54661040e-07	
1.02916667	6.02368741e-07	
1.03075000	4.75974485e-07	
1.03233333	5.23333794e-07	
1.03391667	4.02730647e-07	
1.03550000	2.62509035e-07	
1.03708333	3.26118033e-07	
1.03866667	2.17181259e-07	
1.04025000	4.13662141e-07	
1.04183333	2.57454276e-07	
1.04341667	2.46504273e-07	
1.04500000	3.87598068e-07	
1.04658333	4.43764276e-07	
1.04816667	6.04788105e-07	
1.04975000	5.55050482e-07	
1.05133333	5.29729337e-07	
1.05291667	4.72345018e-07	
1.05450000	3.49061815e-07	
1.05608333	6.28736572e-08	
1.05766667	3.14394922e-08	
1.05925000	6.84899882e-08	
1.06083333	1.70814931e-07	
1.06241667	1.51707391e-07	
1.06400000	3.69457650e-07	
1.06558333	3.53572929e-07	
1.06716667	4.81719895e-07	
1.06875000	4.30818007e-07	
1.07033333	3.18321811e-07	
1.07191667	4.86215665e-07	
1.07350000	6.39581851e-07	
1.07508333	5.43384318e-07	
1.07666667	2.59181954e-07	
1.07825000	2.70504038e-07	
1.07983333	2.32650385e-07	
1.08141667	5.89487561e-08	
1.08300000	5.56125219e-08	
1.08458333	2.05814989e-07	
1.08616667	2.43073951e-07	
1.08775000	5.97959047e-07	
1.08933333	5.64255223e-07	
1.09091667	5.82059373e-07	
1.09250000	5.48699013e-07	
1.09408333	6.87943661e-07	
1.09566667	3.33773073e-07	
1.09725000	7.08065671e-08	
1.09883333	1.21380910e-07	
1.10041667	1.97432771e-07	
1.10200000	1.43737954e-07	
1.10358333	2.49157336e-07	
1.10516667	2.58015449e-07	
1.10675000	5.24068491e-07	
1.10833333	5.45112836e-07	
1.10991667	4.25719818e-07	
1.11150000	5.54620270e-07	
1.11308333	4.25116055e-07	
1.11466667	5.00475081e-07	
1.11625000	1.56079073e-07	
1.11783333	6.74095317e-08	
1.11941667	1.59648772e-07	
1.12100000	1.56667086e-07	
1.12258333	2.79966950e-07	
1.12416667	1.48509858e-07	
1.12575000	4.33326024e-07	
1.12733333	6.12305323e-07	
1.12891667	4.75888073e-07	
1.13050000	5.18840601e-07	
1.13208333	4.96802268e-07	
1.13366667	5.45613554e-07	
1.13525000	2.84263267e-07	
1.13683333	5.29767496e-08	
1.13841667	1.28121611e-07	
1.14000000	1.76130689e-07	
1.14158333	2.17544015e-07	
1.14316667	2.28959708e-07	
1.14475000	2.06205663e-07	
1.14633333	2.99282385e-07	
1.14791667	5.32970035e-07	
1.14950000	5.22599657e-07	
1.15108333	6.25357604e-07	
1.15266667	5.63260170e-07	
1.15425000	6.17890677e-07	
1.15583333	3.56917987e-07	
1.15741667	2.50626254e-07	
1.15900000	2.00285245e-07	
1.16058333	1.26142706e-07	
1.16216667	2.52788063e-07	
1.16375000	4.75496616e-08	
1.16533333	3.06844936e-07	
1.16691667	4.01037971e-07	
1.16850000	3.88081958e-07	
1.17008333	3.89076198e-07	
1.17166667	3.86439880e-07	
1.17325000	5.50428090e-07	
1.17483333	4.34730651e-07	
1.17641667	2.26340722e-07	
1.17800000	2.65102959e-07	
1.17958333	2.12643543e-07	
1.18116667	2.44490394e-07	
1.18275000	1.80390576e-07	
1.18433333	1.79715984e-07	
1.18591667	3.50541037e-07	
1.18750000	4.54455520e-07	
1.18908333	5.61057591e-07	
1.19066667	4.51775968e-07	
1.19225000	5.27309301e-07	
1.19383333	5.29730457e-07	
1.19541667	4.64826569e-07	
1.19700000	2.85938890e-07	
1.19858333	1.96353155e-07	
1.20016667	1.93716542e-07	
1.20175000	1.96938703e-07	
1.20333333	8.81515604e-08	
1.20491667	3.29140265e-07	
1.20650000	3.73864796e-07	
1.20808333	5.52546161e-07	
1.20966667	4.54628120e-07	
1.21125000	2.14243143e-07	
1.21283333	4.48405316e-07	
1.21441667	3.51101510e-07	
1.21600000	1.33073213e-07	
1.21758333	4.16728524e-08	
1.21916667	1.35225642e-07	
1.22075000	3.33091662e-07	
1.22233333	1.47913557e-07	
1.22391667	2.48095080e-07	
1.22550000	3.47281943e-07	
1.22708333	4.12411101e-07	
@ 
0.00000000	4.90924860e-07	
0.00158333	3.63244423e-07	
0.00316667	5.77651416e-07	
0.00475000	4.76363759e-07	
0.00633333	4.03041489e-07	
0.00791667	9.30074543e-08	
0.00950000	1.18970352e-07	
0.01108333	1.86630530e-07	
0.01266667	2.58231563e-07	
0.01425000	1.23506906e-07	
0.01583333	2.68843507e-07	
0.01741667	3.04554238e-07	
0.01900000	5.62745283e-07	
0.02058333	4.73683927e-07	
0.02216667	4.63771314e-07	
0.02375000	5.40273378e-07	
0.02533333	6.35165436e-07	
0.02691667	5.16810454e-07	
0.02850000	3.41240728e-07	
0.03008333	2.57367360e-07	
0.03166667	3.48198648e-07	
0.03325000	1.97519001e-07	
0.03483333	1.99169605e-07	
0.03641667	3.14233684e-07	
0.03800000	6.23455367e-07	
0.03958333	6.48734117e-07	
0.04116667	5.26922603e-07	
0.04275000	5.10112441e-07	
0.04433333	3.91668302e-07	
0.04591667	5.38891292e-07	
0.04750000	3.38536618e-07	
0.04908333	1.26566645e-07	
0.05066667	3.27283809e-07	
0.05225000	2.35977564e-07	
0.05383333	1.05730385e-07	
0.05541667	1.10041669e-07	
0.05700000	-3.73771586e-08	
0.05858333	4.52467515e-07	
0.06016667	4.44818635e-07	
0.06175000	4.66813790e-07	
0.06333333	4.61067624e-07	
0.06491667	4.96412714e-07	
0.06650000	4.58784766e-07	
0.06808333	9.87712049e-08	
0.06966667	5.63819194e-08	
0.07125000	1.83043569e-07	
0.07283333	3.34673509e-07	
0.07441667	5.17889342e-07	
0.07600000	4.67849389e-07	
0.07758333	5.32970931e-07	
0.07916667	6.64421261e-07	
0.08075000	5.33186652e-07	
0.08233333	5.01254076e-07	
0.08391667	5.87656881e-07	
0.08550000	6.11045210e-07	
0.08708333	3.97632710e-07	
0.08866667	1.39193070e-07	
0.09025000	2.39001924e-07	
0.09183333	2.07933158e-07	
0.09341667	1.69475084e-07	
0.09500000	2.69942193e-07	
0.09658333	2.65673961e-07	
0.09816667	4.95030516e-07	
0.09975000	4.98228428e-07	
0.10133333	5.53366430e-07	
0.10291667	4.40238666e-07	
0.10450000	4.50954579e-07	
0.10608333	4.44171078e-07	
0.10766667	1.90174005e-07	
0.10925000	1.03430453e-07	
0.11083333	2.32300401e-08	
0.11241667	2.66104928e-07	
0.11400000	2.66589266e-07	
0.11558333	1.85913208e-07	
0.11716667	4.99092435e-07	
0.11875000	5.77045636e-07	
0.12033333	6.32486836e-07	
0.12191667	5.61232151e-07	
0.12350000	4.84183838e-07	
0.12508333	7.01366623e-07	
0.12666667	5.32408722e-07	
0.12825000	3.68508267e-07	
0.12983333	3.10604525e-07	
0.13141667	2.69250001e-07	
0.13300000	2.80485674e-07	
0.13458333	2.66176461e-08	
0.13616667	1.34431008e-07	
0.13775000	3.58110841e-07	
0.13933333	4.98571611e-07	
0.14091667	5.60496502e-07	
0.14250000	4.17553420e-07	
0.14408333	6.35295082e-07	
0.14566667	5.46538772e-07	
0.14725000	3.98453427e-07	
0.14883333	2.88489049e-07	
0.15041667	1.80623687e-07	
0.15200000	2.37750576e-07	
0.15358333	2.46651587e-07	
0.15516667	1.37697817e-07	
0.15675000	3.70295335e-07	
0.15833333	3.50661974e-07	
0.15991667	4.93043099e-07	
0.16150000	5.46365948e-07	
0.16308333	6.03923819e-07	
0.16466667	8.35476008e-07	
0.16625000	5.65473949e-07	
0.16783333	2.30360386e-07	
0.16941667	9.87983522e-08	
0.17100000	2.30144413e-07	
0.17258333	3.30914228e-07	
0.17416667	1.52104435e-07	
0.17575000	6.43922423e-08	
0.17733333	2.91806218e-07	
0.17891667	4.32719180e-07	
0.18050000	4.36479189e-07	
0.18208333	3.44948290e-07	
0.18366667	5.82820224e-07	
0.18525000	6.05694058e-07	
0.18683333	3.82854431e-07	
0.18841667	1.20731995e-07	
0.19000000	1.98746744e-07	
0.19158333	4.06793069e-07	
0.19316667	2.01746211e-07	
0.19475000	1.02262549e-07	
0.19633333	1.84581776e-07	
0.19791667	3.89939673e-07	
0.19950000	6.27257266e-07	
0.20108333	5.44680328e-07	
0.20266667	6.96441818e-07	
0.20425000	6.13344449e-07	
0.20583333	4.85653624e-07	
0.20741667	4.80035284e-07	
0.20900000	3.15444010e-07	
0.21058333	4.01607992e-07	
0.21216667	3.79483416e-07	
0.21375000	2.35450777e-07	
0.21533333	3.50704564e-07	
0.21691667	4.15911118e-07	
0.21850000	6.12875708e-07	
0.22008333	5.98262580e-07	
0.22166667	5.26143216e-07	
0.22325000	5.49824775e-07	
0.22483333	5.83829165e-07	
0.22641667	4.75846352e-07	
0.22800000	9.12279255e-08	
0.22958333	1.96655176e-07	
0.23116667	3.99749381e-07	
0.23275000	2.32425773e-07	
0.23433333	1.39227063e-07	
0.23591667	2.67047563e-07	
0.23750000	2.96733347e-07	
0.23908333	7.41207427e-07	
0.24066667	6.13517049e-07	
0.24225000	5.81410192e-07	
0.24383333	6.75568001e-07	
0.24541667	5.31287775e-07	
0.24700000	5.18884899e-07	
0.24858333	1.80711457e-07	
0.25016667	3.88039536e-07	
0.25175000	3.22442616e-07	
0.25333333	3.22487166e-07	
0.25491667	2.80053978e-07	
0.25650000	2.91417700e-07	
0.25808333	6.17103954e-07	
0.25966667	6.15288296e-07	
0.26125000	6.48951127e-07	
0.26283333	7.03654550e-07	
0.26441667	6.76562830e-07	
0.26600000	7.59398219e-07	
0.26758333	6.73105347e-07	
0.26916667	2.36151312e-07	
0.27075000	3.68939711e-07	
0.27233333	1.82076336e-07	
0.27391667	2.25123073e-07	
0.27550000	2.15452308e-07	
0.27708333	4.69968608e-07	
0.27866667	5.69743749e-07	
0.28025000	5.64125801e-07	
0.28183333	5.96794027e-07	
0.28341667	6.31363930e-07	
0.28500000	8.24000814e-07	
0.28658333	7.86795432e-07	
0.28816667	5.53893022e-07	
0.28975000	4.71739631e-07	
0.29133333	3.65957801e-07	
0.29291667	4.56829606e-07	
0.29450000	3.51525309e-07	
0.29608333	2.89802476e-07	
0.29766667	6.82180946e-07	
0.29925000	6.17362910e-07	
0.30083333	6.37584913e-07	
0.30241667	4.93001097e-07	
0.30400000	3.79050488e-07	
0.30558333	4.98229380e-07	
0.30716667	3.98712859e-07	
0.30875000	3.97242681e-07	
0.31033333	2.41422829e-07	
0.31191667	2.89906080e-07	
0.31350000	3.55604644e-07	
0.31508333	8.01826969e-08	
0.31666667	3.33420005e-07	
0.31825000	4.27837917e-07	
0.31983333	6.48690883e-07	
0.32141667	7.49245355e-07	
0.32300000	6.93803651e-07	
0.32458333	7.94659585e-07	
0.32616667	5.61187125e-07	
0.32775000	4.07743152e-07	
0.32933333	3.59821549e-07	
0.33091667	2.59830071e-07	
0.33250000	4.18891684e-07	
0.33408333	4.15426697e-07	
0.33566667	4.05497087e-07	
0.33725000	5.38745406e-07	
0.33883333	5.82922764e-07	
0.34041667	6.32703678e-07	
0.34200000	4.86993316e-07	
0.34358333	5.61446193e-07	
0.34516667	5.36720355e-07	
0.34675000	5.48007830e-07	
0.34833333	3.10992874e-07	
0.34991667	2.63849427e-07	
0.35150000	4.05237403e-07	
0.35308333	3.80433722e-07	
0.35466667	3.45200161e-07	
0.35625000	3.93120756e-07	
0.35783333	5.09377296e-07	
0.35941667	6.10232670e-07	
0.36100000	6.41086134e-07	
0.36258333	6.38882491e-07	
0.36416667	6.61308585e-07	
0.36575000	5.54924700e-07	
0.36733333	1.91988039e-07	
0.36891667	2.12124638e-07	
0.37050000	1.60919497e-07	
0.37208333	3.64617941e-07	
0.37366667	1.93345260e-07	
0.37525000	2.70763889e-07	
0.37683333	3.74082449e-07	
0.37841667	3.47161061e-07	
0.38000000	6.16368921e-07	
0.38158333	4.83018985e-07	
0.38316667	6.28898811e-07	
0.38475000	8.12118312e-07	
0.38633333	5.06090901e-07	
0.38791667	4.04035981e-07	
0.38950000	1.96742148e-07	
0.39108333	3.64100141e-07	
0.39266667	3.76156166e-07	
0.39425000	1.86889822e-07	
0.39583333	4.26375636e-07	
0.39741667	5.02981137e-07	
0.39900000	7.32868260e-07	
0.40058333	6.68006766e-07	
0.40216667	6.02196197e-07	
0.40375000	7.59854919e-07	
0.40533333	5.67384699e-07	
0.40691667	3.96207194e-07	
0.40850000	2.72533653e-07	
0.41008333	1.73321911e-07	
0.41166667	3.49754650e-07	
0.41325000	2.71152407e-07	
0.41483333	3.14847807e-07	
0.41641667	3.78128295e-07	
0.41800000	7.34216409e-07	
0.41958333	6.97520706e-07	
0.42116667	6.10750973e-07	
0.42275000	6.17579415e-07	
0.42433333	7.32866916e-07	
0.42591667	6.79026156e-07	
0.42750000	3.60728930e-07	
0.42908333	2.54860632e-07	
0.43066667	3.63409350e-07	
0.43225000	4.31165391e-07	
0.43383333	5.45762801e-07	
0.43541667	4.93545610e-07	
0.43700000	8.09695868e-07	
0.43858333	1.15811617e-06	
0.44016667	1.03820012e-06	
0.44175000	1.10353736e-06	
0.44333333	1.04144155e-06	
0.44491667	1.13845380e-06	
0.44650000	1.14752655e-06	
0.44808333	8.65908334e-07	
0.44966667	9.23384609e-07	
0.45125000	1.17462919e-06	
0.45283333	1.40544769e-06	
0.45441667	1.58354766e-06	
0.45600000	1.92263325e-06	
0.45758333	2.93708069e-06	
0.45916667	3.77500664e-06	
0.46075000	5.45255071e-06	
0.46233333	8.75250102e-06	
0.46391667	1.12315817e-05	
0.46550000	1.39862772e-05	
0.46708333	1.81537405e-05	
0.46866667	2.37290586e-05	
0.47025000	3.45619732e-05	
0.47183333	5.24448247e-05	
0.47341667	7.72199493e-05	
0.47500000	9.89345374e-05	
0.47658333	1.09627172e-04	
0.47816667	1.17726923e-04	
0.47975000	1.26844598e-04	
0.48133333	1.46687445e-04	
0.48291667	1.94230664e-04	
0.48450000	2.65399253e-04	
0.48608333	3.24630664e-04	
0.48766667	3.66367500e-04	
0.48925000	5.30335145e-04	
0.49083333	8.14219320e-04	
0.49241667	8.94531762e-04	
0.49400000	1.21224038e-03	
0.49558333	1.19345204e-03	
0.49716667	1.76163672e-03	
0.49875000	2.08283258e-03	
0.50033333	2.15182762e-03	
0.50191667	2.25057842e-03	
0.50350000	2.74215072e-03	
0.50508333	3.48641290e-03	
0.50666667	4.71201652e-03	
0.50825000	5.51049323e-03	
0.50983333	7.82011729e-03	
0.51141667	8.95015583e-03	
0.51300000	1.39368230e-02	
0.51458333	3.78627878e-02	
0.51616667	5.37943594e-02	
0.51775000	1.07240228e-01	
0.51933333	1.35018680e-01	
0.52091667	1.48264377e-01	
0.52250000	1.61381427e-01	
0.52408333	2.15988401e-01	
0.52566667	7.03408391e-01	
0.52725000	1.47022940e+00	
0.52883333	3.51485793e+00	
0.53041667	4.99875180e+00	
0.53200000	5.25237643e+00	
0.53358333	5.83297576e+00	
0.53516667	5.85155475e+00	
0.53675000	5.97917556e+00	
0.53833333	6.53661693e+00	
0.53991667	6.70123880e+00	
0.54150000	6.95063257e+00	
0.54308333	7.39555196e+00	
0.54466667	9.54187127e+00	
0.54625000	1.00053800e+01	
0.54783333	1.04021879e+01	
0.54941667	1.05269144e+01	
0.55100000	1.06673796e+01	
0.55258333	1.09748348e+01	
0.55416667	1.13694348e+01	
0.55575000	1.45312885e+01	
0.55733333	1.48389119e+01	
0.55891667	1.53901206e+01	
0.56050000	1.65406261e+01	
0.56208333	1.68003898e+01	
0.56366667	1.70366043e+01	
0.56525000	1.71266599e+01	
0.56683333	1.73216631e+01	
0.56841667	1.76241414e+01	
0.57000000	1.81203489e+01	
0.57158333	1.92375383e+01	
0.57316667	1.93266035e+01	
0.57475000	1.95986136e+01	
0.57633333	1.95598959e+01	
0.57791667	2.06538498e+01	
0.57950000	2.23010485e+01	
0.58108333	2.26494172e+01	
0.58266667	2.29512660e+01	
0.58425000	2.31115616e+01	
0.58583333	2.29885611e+01	
0.58741667	2.35601462e+01	
0.58900000	2.45879058e+01	
0.59058333	2.60173356e+01	
0.59216667	2.68357185e+01	
0.59375000	2.71227297e+01	
0.59533333	2.73119489e+01	
0.59691667	2.74544623e+01	
0.59850000	2.76785094e+01	
0.60008333	2.79523892e+01	
0.60166667	2.80994633e+01	
0.60325000	2.82217441e+01	
0.60483333	2.85512143e+01	
0.60641667	2.94335929e+01	
0.60800000	3.20995558e+01	
