start voltage : 0.00 V 
set voltage : 0.10 V 
High G : 30.00 G0 
Intermediate G : 20.00 G0 
Low G : 10.00 G0 
Breaking speed 1 : 300.00 V/s 
Breaking speed 2 : 300.00 V/s 
Making speed : 500.00 V/s 
Post breaking : 230.00 V/s 
@ 
0.00000000	4.36519325e+01	
0.00158333	4.41290330e+01	
0.00316667	4.40567691e+01	
0.00475000	4.41018908e+01	
0.00633333	4.40189534e+01	
0.00791667	4.41243464e+01	
0.00950000	4.41510940e+01	
0.01108333	4.41676980e+01	
0.01266667	4.42653415e+01	
0.01425000	4.41022366e+01	
0.01583333	4.42705354e+01	
0.01741667	4.40630679e+01	
0.01900000	4.41161797e+01	
0.02058333	4.41143570e+01	
0.02216667	4.42107151e+01	
0.02375000	4.42746244e+01	
0.02533333	4.39288452e+01	
0.02691667	4.41687240e+01	
0.02850000	4.41869065e+01	
0.03008333	4.40942803e+01	
0.03166667	4.41511616e+01	
0.03325000	4.41702461e+01	
0.03483333	4.40402703e+01	
0.03641667	4.41988277e+01	
0.03800000	4.41021877e+01	
0.03958333	4.41801491e+01	
0.04116667	4.40764436e+01	
0.04275000	4.40343172e+01	
0.04433333	4.41539202e+01	
0.04591667	4.40067691e+01	
0.04750000	4.41899357e+01	
0.04908333	4.40293788e+01	
0.05066667	4.39566038e+01	
0.05225000	4.41228882e+01	
0.05383333	4.39983205e+01	
0.05541667	4.41687240e+01	
0.05700000	4.40785332e+01	
0.05858333	4.40825357e+01	
0.06016667	4.40588474e+01	
0.06175000	4.39477643e+01	
0.06333333	4.40646163e+01	
0.06491667	4.42353092e+01	
0.06650000	4.42313705e+01	
0.06808333	4.41396576e+01	
0.06966667	4.40187580e+01	
0.07125000	4.41904881e+01	
0.07283333	4.38386506e+01	
0.07441667	4.40663865e+01	
0.07600000	4.41150936e+01	
0.07758333	4.40130868e+01	
0.07916667	4.41793862e+01	
0.08075000	4.38402968e+01	
0.08233333	4.40790443e+01	
0.08391667	4.39889173e+01	
0.08550000	4.39321563e+01	
0.08708333	4.41546268e+01	
0.08866667	4.39591105e+01	
0.09025000	4.40772704e+01	
0.09183333	4.40648531e+01	
0.09341667	4.41169201e+01	
0.09500000	4.42283226e+01	
0.09658333	4.38623164e+01	
0.09816667	4.41394547e+01	
0.09975000	4.38843136e+01	
0.10133333	4.38324833e+01	
0.10291667	4.40358506e+01	
0.10450000	4.40102154e+01	
0.10608333	4.39218699e+01	
0.10766667	4.39832386e+01	
0.10925000	4.40529206e+01	
0.11083333	4.38632898e+01	
0.11241667	4.37189649e+01	
0.11400000	4.39692616e+01	
0.11558333	4.39865985e+01	
0.11716667	4.38793414e+01	
0.11875000	4.38742076e+01	
0.12033333	4.38853358e+01	
0.12191667	4.40398193e+01	
0.12350000	4.38311792e+01	
0.12508333	4.37379930e+01	
0.12666667	4.39332875e+01	
0.12825000	4.37364183e+01	
0.12983333	4.38438972e+01	
0.13141667	4.37602758e+01	
0.13300000	4.38143647e+01	
0.13458333	4.38731402e+01	
0.13616667	4.37065627e+01	
0.13775000	4.38019174e+01	
0.13933333	4.36749556e+01	
0.14091667	4.35959945e+01	
0.14250000	4.33957654e+01	
0.14408333	4.37174767e+01	
0.14566667	4.37397669e+01	
0.14725000	4.35379255e+01	
0.14883333	4.36438973e+01	
0.15041667	4.36386583e+01	
0.15200000	4.35193071e+01	
0.15358333	4.36373091e+01	
0.15516667	4.35941605e+01	
0.15675000	4.35058224e+01	
0.15833333	4.34827692e+01	
0.15991667	4.32506475e+01	
0.16150000	4.34617944e+01	
0.16308333	4.32584384e+01	
0.16466667	4.35224528e+01	
0.16625000	4.31967803e+01	
0.16783333	4.31928905e+01	
0.16941667	4.34029850e+01	
0.17100000	4.33555520e+01	
0.17258333	4.33854001e+01	
0.17416667	4.31571945e+01	
0.17575000	4.31190669e+01	
0.17733333	4.33016960e+01	
0.17891667	4.30939880e+01	
0.18050000	4.32333445e+01	
0.18208333	4.30897374e+01	
0.18366667	4.29905869e+01	
0.18525000	4.32476447e+01	
0.18683333	4.28823075e+01	
0.18841667	4.29251329e+01	
0.19000000	4.29390723e+01	
0.19158333	4.28240619e+01	
0.19316667	4.30325291e+01	
0.19475000	4.26239268e+01	
0.19633333	4.28906208e+01	
0.19791667	4.27625203e+01	
0.19950000	4.28476488e+01	
0.20108333	4.28624488e+01	
0.20266667	4.27497234e+01	
0.20425000	4.29597653e+01	
0.20583333	4.28466378e+01	
0.20741667	4.27059096e+01	
0.20900000	4.28072625e+01	
0.21058333	4.27367424e+01	
0.21216667	4.26919702e+01	
0.21375000	4.26865169e+01	
0.21533333	4.27677969e+01	
0.21691667	4.27049324e+01	
0.21850000	4.25930150e+01	
0.22008333	4.24335030e+01	
0.22166667	4.23015691e+01	
0.22325000	4.22945562e+01	
0.22483333	4.24468711e+01	
0.22641667	4.20471571e+01	
0.22800000	4.22451876e+01	
0.22958333	4.21033582e+01	
0.23116667	4.21564926e+01	
0.23275000	4.22837173e+01	
0.23433333	4.18492093e+01	
0.23591667	4.22974388e+01	
0.23750000	4.21277606e+01	
0.23908333	4.21917075e+01	
0.24066667	4.21518285e+01	
0.24225000	4.21811092e+01	
0.24383333	4.21999343e+01	
0.24541667	4.20314175e+01	
0.24700000	4.22512985e+01	
0.24858333	4.21122390e+01	
0.25016667	4.20326690e+01	
0.25175000	4.21039069e+01	
0.25333333	4.19896331e+01	
0.25491667	4.19767723e+01	
0.25650000	4.19901856e+01	
0.25808333	4.17370890e+01	
0.25966667	4.19094167e+01	
0.26125000	4.14930986e+01	
0.26283333	4.15032234e+01	
0.26441667	4.16715674e+01	
0.26600000	4.15474507e+01	
0.26758333	4.17031631e+01	
0.26916667	4.14032348e+01	
0.27075000	4.14164639e+01	
0.27233333	4.15182978e+01	
0.27391667	4.14784113e+01	
0.27550000	4.14895245e+01	
0.27708333	4.13053432e+01	
0.27866667	4.12596954e+01	
0.28025000	4.12859055e+01	
0.28183333	4.12547570e+01	
0.28341667	4.14340525e+01	
0.28500000	4.11310387e+01	
0.28658333	4.12061100e+01	
0.28816667	4.12211506e+01	
0.28975000	4.11269159e+01	
0.29133333	4.11188506e+01	
0.29291667	4.08482142e+01	
0.29450000	4.08538403e+01	
0.29608333	4.06970455e+01	
0.29766667	4.06387924e+01	
0.29925000	4.07004430e+01	
0.30083333	4.04903823e+01	
0.30241667	4.04970983e+01	
0.30400000	4.03388415e+01	
0.30558333	4.05521869e+01	
0.30716667	4.03891121e+01	
0.30875000	4.01507930e+01	
0.31033333	4.03306147e+01	
0.31191667	4.02582267e+01	
0.31350000	4.02511687e+01	
0.31508333	4.05432160e+01	
0.31666667	4.03120075e+01	
0.31825000	4.04090948e+01	
0.31983333	4.02580463e+01	
0.32141667	4.01848504e+01	
0.32300000	4.02553216e+01	
0.32458333	4.01933177e+01	
0.32616667	4.00827608e+01	
0.32775000	4.00330277e+01	
0.32933333	3.99590914e+01	
0.33091667	4.00481209e+01	
0.33250000	3.96068743e+01	
0.33408333	3.98210841e+01	
0.33566667	3.95601891e+01	
0.33725000	3.95128312e+01	
0.33883333	3.95051644e+01	
0.34041667	3.94823630e+01	
0.34200000	3.95921193e+01	
0.34358333	3.94599036e+01	
0.34516667	3.91996963e+01	
0.34675000	3.95727041e+01	
0.34833333	3.94756206e+01	
0.34991667	3.95038678e+01	
0.35150000	3.90530939e+01	
0.35308333	3.90962125e+01	
0.35466667	3.86800598e+01	
0.35625000	3.86477876e+01	
0.35783333	3.86885648e+01	
0.35941667	3.85293233e+01	
0.36100000	3.86778650e+01	
0.36258333	3.87895494e+01	
0.36416667	3.84458034e+01	
0.36575000	3.84531959e+01	
0.36733333	3.79836045e+01	
0.36891667	3.80218035e+01	
0.37050000	3.79707399e+01	
0.37208333	3.79819170e+01	
0.37366667	3.79035647e+01	
0.37525000	3.76961160e+01	
0.37683333	3.78171434e+01	
0.37841667	3.77754567e+01	
0.38000000	3.77225028e+01	
0.38158333	3.74595896e+01	
0.38316667	3.74871113e+01	
0.38475000	3.76754305e+01	
0.38633333	3.76244346e+01	
0.38791667	3.76933687e+01	
0.38950000	3.77381184e+01	
0.39108333	3.75346985e+01	
0.39266667	3.75961687e+01	
0.39425000	3.77038843e+01	
0.39583333	3.76373330e+01	
0.39741667	3.77121375e+01	
0.39900000	3.76168354e+01	
0.40058333	3.76986152e+01	
0.40216667	3.75454058e+01	
0.40375000	3.74121415e+01	
0.40533333	3.74205074e+01	
0.40691667	3.71723830e+01	
0.40850000	3.72956503e+01	
0.41008333	3.72532270e+01	
0.41166667	3.68662197e+01	
0.41325000	3.65912049e+01	
0.41483333	3.64188358e+01	
0.41641667	3.65136831e+01	
0.41800000	3.61394689e+01	
0.41958333	3.61400965e+01	
0.42116667	3.60594028e+01	
0.42275000	3.62305467e+01	
0.42433333	3.62340945e+01	
0.42591667	3.61910511e+01	
0.42750000	3.58761198e+01	
0.42908333	3.59861467e+01	
0.43066667	3.59013528e+01	
0.43225000	3.61499394e+01	
0.43383333	3.59082980e+01	
0.43541667	3.58755899e+01	
0.43700000	3.59123081e+01	
0.43858333	3.57572458e+01	
0.44016667	3.58930883e+01	
0.44175000	3.56862109e+01	
0.44333333	3.55307239e+01	
0.44491667	3.55452797e+01	
0.44650000	3.53487638e+01	
0.44808333	3.52188969e+01	
0.44966667	3.50613467e+01	
0.45125000	3.50310626e+01	
0.45283333	3.48727758e+01	
0.45441667	3.47845430e+01	
0.45600000	3.50818631e+01	
0.45758333	3.48440739e+01	
0.45916667	3.49911987e+01	
0.46075000	3.50021615e+01	
0.46233333	3.49346556e+01	
0.46391667	3.50093962e+01	
0.46550000	3.48552510e+01	
0.46708333	3.48716596e+01	
0.46866667	3.46179917e+01	
0.47025000	3.42849869e+01	
0.47183333	3.39802667e+01	
0.47341667	3.35110060e+01	
0.47500000	3.36638622e+01	
0.47658333	3.36125243e+01	
0.47816667	3.36480060e+01	
0.47975000	3.37823828e+01	
0.48133333	3.35275424e+01	
0.48291667	3.36459202e+01	
0.48450000	3.36448566e+01	
0.48608333	3.35314096e+01	
0.48766667	3.35823116e+01	
0.48925000	3.35003062e+01	
0.49083333	3.34579994e+01	
0.49241667	3.32953568e+01	
0.49400000	3.30352961e+01	
0.49558333	3.29348189e+01	
0.49716667	3.28749948e+01	
0.49875000	3.30799631e+01	
0.50033333	3.29260509e+01	
0.50191667	3.30880884e+01	
0.50350000	3.27678768e+01	
0.50508333	3.21037425e+01	
0.50666667	3.20390853e+01	
0.50825000	3.20460118e+01	
0.50983333	3.19837674e+01	
0.51141667	3.19542537e+01	
0.51300000	3.18045958e+01	
0.51458333	3.14211119e+01	
0.51616667	3.11990623e+01	
0.51775000	3.11420344e+01	
0.51933333	3.12553705e+01	
0.52091667	3.10021010e+01	
0.52250000	3.09993631e+01	
0.52408333	3.08866603e+01	
0.52566667	3.09715463e+01	
0.52725000	3.08448609e+01	
0.52883333	3.06826241e+01	
0.53041667	3.07931734e+01	
0.53200000	3.07996602e+01	
0.53358333	3.09505809e+01	
0.53516667	3.08836687e+01	
0.53675000	3.08292641e+01	
0.53833333	3.09296793e+01	
0.53991667	3.07032908e+01	
0.54150000	3.04579230e+01	
0.54308333	3.04352363e+01	
0.54466667	2.97743942e+01	
0.54625000	2.97581980e+01	
0.54783333	2.95353780e+01	
0.54941667	2.94275891e+01	
0.55100000	2.95941742e+01	
0.55258333	2.94744640e+01	
0.55416667	2.89789349e+01	
0.55575000	2.88394826e+01	
0.55733333	2.87267215e+01	
0.55891667	2.86689288e+01	
0.56050000	2.86944154e+01	
0.56208333	2.86779110e+01	
0.56366667	2.87711686e+01	
0.56525000	2.82749010e+01	
0.56683333	2.84996697e+01	
0.56841667	2.83772649e+01	
0.57000000	2.86479163e+01	
0.57158333	2.84739669e+01	
0.57316667	2.83921307e+01	
0.57475000	2.82335056e+01	
0.57633333	2.81051853e+01	
0.57791667	2.79474621e+01	
0.57950000	2.78034417e+01	
0.58108333	2.76394141e+01	
0.58266667	2.73173139e+01	
0.58425000	2.72727747e+01	
0.58583333	2.72841472e+01	
0.58741667	2.72163518e+01	
0.58900000	2.72865957e+01	
0.59058333	2.71288124e+01	
0.59216667	2.70251163e+01	
0.59375000	2.67946613e+01	
0.59533333	2.65788937e+01	
0.59691667	2.66207288e+01	
0.59850000	2.65128159e+01	
0.60008333	2.64426378e+01	
0.60166667	2.64951596e+01	
0.60325000	2.61399772e+01	
0.60483333	2.61795649e+01	
0.60641667	2.56841504e+01	
0.60800000	2.57051666e+01	
0.60958333	2.56318485e+01	
0.61116667	2.55356219e+01	
0.61275000	2.55167103e+01	
0.61433333	2.54732196e+01	
0.61591667	2.54159211e+01	
0.61750000	2.54938807e+01	
0.61908333	2.53515947e+01	
0.62066667	2.54043908e+01	
0.62225000	2.54318130e+01	
0.62383333	2.53849361e+01	
0.62541667	2.51487893e+01	
0.62700000	2.48039008e+01	
0.62858333	2.44058461e+01	
0.63016667	2.41107246e+01	
0.63175000	2.42296285e+01	
0.63333333	2.39472870e+01	
0.63491667	2.39573685e+01	
0.63650000	2.38736645e+01	
0.63808333	2.38453948e+01	
0.63966667	2.37895921e+01	
0.64125000	2.36543434e+01	
0.64283333	2.36920933e+01	
0.64441667	2.38503707e+01	
0.64600000	2.36718137e+01	
0.64758333	2.35892145e+01	
0.64916667	2.34037423e+01	
0.65075000	2.31594381e+01	
0.65233333	2.33056572e+01	
0.65391667	2.27915679e+01	
0.65550000	2.24281437e+01	
0.65708333	2.21068158e+01	
0.65866667	2.19694963e+01	
0.66025000	2.19324924e+01	
0.66183333	2.18633478e+01	
0.66341667	2.17651801e+01	
0.66500000	2.16279452e+01	
0.66658333	2.14728472e+01	
0.66816667	2.12595600e+01	
0.66975000	2.05979005e+01	
0.67133333	2.05124752e+01	
0.67291667	2.06151829e+01	
0.67450000	2.05500898e+01	
0.67608333	2.04830799e+01	
0.67766667	2.02224856e+01	
0.67925000	2.03176167e+01	
0.68083333	2.00116056e+01	
0.68241667	2.00608802e+01	
0.68400000	1.94884814e+01	
0.68558333	1.95509024e+01	
0.68716667	1.91277593e+01	
0.68875000	1.89759893e+01	
0.69033333	1.88909793e+01	
0.69191667	1.86275850e+01	
0.69350000	1.85193038e+01	
0.69508333	1.87172516e+01	
0.69666667	1.87335305e+01	
0.69825000	1.86919528e+01	
0.69983333	1.85114227e+01	
0.70141667	1.82494340e+01	
0.70300000	1.82989792e+01	
0.70458333	1.81624039e+01	
0.70616667	1.80072777e+01	
0.70775000	1.77330728e+01	
0.70933333	1.74397008e+01	
0.71091667	1.72998294e+01	
0.71250000	1.67845957e+01	
0.71408333	1.67043906e+01	
0.71566667	1.57890276e+01	
0.71725000	1.53590783e+01	
0.71883333	1.51623763e+01	
0.72041667	1.48310580e+01	
0.72200000	1.46223409e+01	
0.72358333	1.43640062e+01	
0.72516667	1.43684419e+01	
0.72675000	1.46201348e+01	
0.72833333	1.45787074e+01	
0.72991667	1.47600870e+01	
0.73150000	1.49313971e+01	
0.73308333	1.47350926e+01	
0.73466667	1.41902889e+01	
0.73625000	1.37511516e+01	
0.73783333	1.38009552e+01	
0.73941667	1.36769512e+01	
0.74100000	1.36265745e+01	
0.74258333	1.33865820e+01	
0.74416667	1.22997303e+01	
0.74575000	1.18475941e+01	
0.74733333	1.18836913e+01	
0.74891667	1.21369476e+01	
0.75050000	1.15698517e+01	
0.75208333	1.13453790e+01	
0.75366667	1.13402894e+01	
0.75525000	1.10795626e+01	
0.75683333	1.07777748e+01	
0.75841667	1.06209875e+01	
0.76000000	1.07605526e+01	
0.76158333	1.08452630e+01	
0.76316667	1.05631516e+01	
0.76475000	1.04808935e+01	
0.76633333	1.01557801e+01	
0.76791667	9.32393136e+00	
0.76950000	9.19582620e+00	
0.77108333	9.12489553e+00	
0.77266667	8.67910892e+00	
0.77425000	8.40860310e+00	
0.77583333	8.46667863e+00	
0.77741667	8.88272702e+00	
0.77900000	8.78460624e+00	
0.78058333	8.13679128e+00	
0.78216667	7.14680837e+00	
0.78375000	6.31021905e+00	
0.78533333	6.27129282e+00	
0.78691667	6.11991460e+00	
0.78850000	6.11265833e+00	
0.79008333	6.04179577e+00	
0.79166667	5.99182729e+00	
0.79325000	5.89155537e+00	
0.79483333	4.92625440e+00	
0.79641667	4.58096051e+00	
0.79800000	3.83560824e+00	
0.79958333	3.56959824e+00	
0.80116667	3.44341778e+00	
0.80275000	2.27403456e+00	
0.80433333	2.26630519e-02	
0.80591667	7.31803061e-03	
0.80750000	-5.46502463e-04	
0.80908333	-1.63598923e-03	
0.81066667	-2.94866456e-05	
0.81225000	6.51226538e-05	
0.81383333	3.73235899e-04	
0.81541667	4.49756414e-04	
0.81700000	1.54635006e-04	
0.81858333	6.51224388e-05	
0.82016667	4.02019872e-05	
0.82175000	3.04017195e-05	
0.82333333	2.61459210e-05	
0.82491667	2.37137793e-05	
0.82650000	2.16674654e-05	
0.82808333	1.97351798e-05	
0.82966667	1.74385786e-05	
0.83125000	1.54154560e-05	
0.83283333	1.37570630e-05	
0.83441667	1.19491119e-05	
0.83600000	1.02319440e-05	
0.83758333	8.68269501e-06	
0.83916667	7.40273159e-06	
0.84075000	6.16567775e-06	
0.84233333	4.97230407e-06	
0.84391667	4.16865995e-06	
0.84550000	3.56952804e-06	
0.84708333	2.89012101e-06	
0.84866667	2.42552237e-06	
0.85025000	1.83944297e-06	
0.85183333	1.55892101e-06	
0.85341667	1.33940852e-06	
0.85500000	9.19215782e-07	
0.85658333	5.09852421e-07	
0.85816667	1.60832175e-07	
0.85975000	3.10950033e-07	
0.86133333	2.23352148e-07	
0.86291667	8.52991634e-08	
0.86450000	1.82611580e-07	
0.86608333	1.84988285e-07	
0.86766667	5.66070656e-07	
0.86925000	4.67246802e-07	
0.87083333	4.87598367e-07	
0.87241667	5.99820626e-07	
0.87400000	5.34567898e-07	
0.87558333	1.75525134e-07	
0.87716667	1.73191999e-07	
0.87875000	1.70469045e-07	
0.88033333	2.93465880e-07	
0.88191667	5.31933988e-08	
0.88350000	2.63546370e-07	
0.88508333	3.30783995e-07	
0.88666667	4.06662415e-07	
0.88825000	4.23212754e-07	
0.88983333	5.08512449e-07	
0.89141667	4.96413386e-07	
0.89300000	4.85524202e-07	
0.89458333	4.55275873e-07	
0.89616667	1.67401381e-07	
0.89775000	9.38040621e-08	
0.89933333	1.77728497e-07	
0.90091667	3.37486368e-08	
0.90250000	6.90943953e-08	
0.90408333	5.45360652e-09	
0.90566667	4.12672647e-08	
0.90725000	4.50306798e-07	
0.90883333	3.01443494e-07	
0.91041667	3.85749481e-07	
0.91200000	3.34646936e-07	
0.91358333	3.76932557e-07	
0.91516667	3.46512944e-07	
0.91675000	3.03352907e-08	
0.91833333	1.94880484e-08	
0.91991667	1.43116172e-07	
0.92150000	1.79136848e-07	
0.92308333	2.56650444e-07	
0.92466667	7.75041247e-08	
0.92625000	5.14519279e-07	
0.92783333	4.62232897e-07	
0.92941667	4.19064424e-07	
0.93100000	4.62534974e-07	
0.93258333	3.67401126e-07	
0.93416667	4.90598086e-07	
0.93575000	2.08495255e-07	
0.93733333	-2.19186555e-07	
0.93891667	5.17844631e-08	
0.94050000	3.17089763e-08	
0.94208333	1.11615402e-07	
0.94366667	4.98748754e-08	
0.94525000	1.46486711e-07	
0.94683333	3.42235304e-07	
0.94841667	4.11632610e-07	
0.95000000	5.02548518e-07	
0.95158333	3.68032582e-07	
0.95316667	3.19247421e-07	
0.95475000	4.52381215e-07	
0.95633333	2.55544590e-07	
0.95791667	2.20594654e-07	
0.95950000	8.70794833e-08	
0.96108333	8.75290015e-08	
0.96266667	-2.30499535e-08	
0.96425000	3.88818657e-08	
0.96583333	2.66216205e-07	
0.96741667	1.73407539e-07	
0.96900000	2.20162525e-07	
0.97058333	2.87832167e-07	
0.97216667	3.24085478e-07	
0.97375000	3.11961746e-07	
0.97533333	1.33436235e-07	
0.97691667	-6.41001332e-08	
0.97850000	-3.01532790e-08	
0.98008333	8.76758121e-08	
0.98166667	1.52277119e-07	
0.98325000	-4.52243287e-08	
0.98483333	9.44338103e-08	
0.98641667	5.03846544e-07	
0.98800000	3.84106843e-07	
0.98958333	5.86379855e-07	
0.99116667	3.29003199e-07	
0.99275000	4.82844538e-07	
0.99433333	4.96095348e-07	
0.99591667	5.73147918e-08	
0.99750000	1.05928844e-07	
0.99908333	1.47352517e-08	
1.00066667	9.62662755e-08	
1.00225000	5.82488157e-08	
1.00383333	5.30289930e-08	
1.00541667	1.21259875e-07	
1.00700000	3.25218269e-07	
1.00858333	3.06757488e-07	
1.01016667	2.88955802e-07	
1.01175000	2.59268898e-07	
1.01333333	4.60547725e-07	
1.01491667	2.57375845e-07	
1.01650000	-1.65154246e-08	
1.01808333	-3.59783279e-08	
1.01966667	3.62804964e-08	
1.02125000	1.58885167e-09	
1.02283333	-1.76648628e-07	
1.02441667	7.18187146e-08	
1.02600000	3.69760875e-07	
1.02758333	6.06136702e-07	
1.02916667	7.06161838e-07	
1.03075000	4.43522793e-07	
1.03233333	5.42865847e-07	
1.03391667	6.17534837e-07	
1.03550000	3.17992293e-07	
1.03708333	1.26047978e-07	
1.03866667	8.45215895e-08	
1.04025000	3.38172602e-07	
1.04183333	4.43392531e-07	
1.04341667	4.04987436e-07	
1.04500000	4.04070927e-07	
1.04658333	3.92248684e-07	
1.04816667	6.17406423e-07	
1.04975000	4.51948959e-07	
1.05133333	4.95592614e-07	
1.05291667	6.94407247e-07	
1.05450000	6.41750996e-07	
1.05608333	3.57790366e-07	
1.05766667	2.06161099e-07	
1.05925000	3.38432846e-07	
1.06083333	2.85455561e-07	
1.06241667	1.58499544e-07	
1.06400000	1.87823706e-07	
1.06558333	5.13732276e-07	
1.06716667	4.31121065e-07	
1.06875000	4.90666017e-07	
1.07033333	4.17249886e-07	
1.07191667	5.81671220e-07	
1.07350000	5.09203464e-07	
1.07508333	4.02384859e-07	
1.07666667	2.62596091e-07	
1.07825000	9.03542793e-08	
1.07983333	2.39478478e-07	
1.08141667	1.57367915e-07	
1.08300000	1.31406858e-07	
1.08458333	1.46876138e-07	
1.08616667	3.07364304e-07	
1.08775000	5.56304322e-07	
1.08933333	4.97580311e-07	
1.09091667	5.20740598e-07	
1.09250000	4.94858421e-07	
1.09408333	4.40194312e-07	
1.09566667	6.20776823e-07	
1.09725000	2.48033673e-07	
1.09883333	3.56927648e-07	
1.10041667	4.25849660e-07	
1.10200000	3.17561941e-07	
1.10358333	2.12808653e-07	
1.10516667	2.67220050e-07	
1.10675000	6.12082545e-07	
1.10833333	5.24630813e-07	
1.10991667	4.68670386e-07	
1.11150000	5.06957484e-07	
1.11308333	6.05262503e-07	
1.11466667	5.81971561e-07	
1.11625000	3.65672328e-07	
1.11783333	1.95877217e-07	
1.11941667	3.13066816e-07	
1.12100000	1.65715916e-07	
1.12258333	2.27076091e-07	
1.12416667	1.67272828e-07	
1.12575000	1.67339807e-07	
1.12733333	6.07579943e-07	
1.12891667	4.64912197e-07	
1.13050000	4.23688467e-07	
1.13208333	3.77858503e-07	
1.13366667	5.82230965e-07	
1.13525000	5.12188846e-07	
1.13683333	-4.22172178e-08	
1.13841667	2.00112253e-07	
1.14000000	2.90078792e-07	
1.14158333	1.92351341e-07	
1.14316667	1.39088331e-07	
1.14475000	2.77227503e-07	
1.14633333	5.18535611e-07	
1.14791667	5.16351513e-07	
1.14950000	5.79552085e-07	
1.15108333	5.92082983e-07	
1.15266667	6.87192275e-07	
1.15425000	7.39091764e-07	
1.15583333	1.40013170e-07	
1.15741667	9.97758550e-08	
1.15900000	3.21277484e-07	
1.16058333	3.67945106e-07	
1.16216667	3.82854123e-07	
1.16375000	2.82344565e-07	
1.16533333	5.78645852e-07	
1.16691667	4.89846532e-07	
1.16850000	5.74236102e-07	
1.17008333	5.21303591e-07	
1.17166667	5.75577083e-07	
1.17325000	6.26263781e-07	
1.17483333	5.52917010e-07	
1.17641667	1.29367331e-07	
1.17800000	1.41742542e-07	
1.17958333	8.38044704e-08	
1.18116667	1.27854087e-07	
1.18275000	-5.01171738e-08	
1.18433333	3.32035294e-08	
1.18591667	2.23964829e-07	
1.18750000	5.13351066e-07	
1.18908333	4.12626795e-07	
1.19066667	3.76847741e-07	
1.19225000	4.69838626e-07	
1.19383333	6.67962804e-07	
1.19541667	6.32063457e-07	
1.19700000	2.78845388e-07	
1.19858333	1.18165568e-07	
1.20016667	1.61497793e-07	
1.20175000	2.73441986e-07	
1.20333333	1.58464738e-07	
1.20491667	2.36798645e-07	
1.20650000	5.58941368e-07	
1.20808333	6.03275589e-07	
1.20966667	5.80374650e-07	
1.21125000	3.41371158e-07	
1.21283333	5.66630625e-07	
1.21441667	6.48604247e-07	
1.21600000	5.59545075e-07	
1.21758333	3.24778061e-07	
1.21916667	1.16411289e-07	
1.22075000	4.05885240e-07	
1.22233333	2.31872426e-07	
1.22391667	2.04970065e-07	
1.22550000	3.32589152e-07	
1.22708333	3.34975587e-07	
1.22866667	5.53758280e-07	
1.23025000	4.87685507e-07	
1.23183333	4.84573391e-07	
1.23341667	6.69992727e-07	
1.23500000	3.72811444e-07	
1.23658333	2.87830879e-07	
1.23816667	4.51997856e-08	
1.23975000	1.75740996e-07	
1.24133333	2.21952029e-07	
1.24291667	1.99059084e-07	
1.24450000	2.68627842e-07	
1.24608333	4.00916725e-07	
1.24766667	5.41872418e-07	
1.24925000	7.58148131e-07	
1.25083333	6.36850216e-07	
1.25241667	7.05814846e-07	
1.25400000	5.62874089e-07	
1.25558333	5.30853252e-07	
1.25716667	2.43323302e-07	
1.25875000	2.85709367e-08	
1.26033333	1.01728012e-07	
1.26191667	4.69448590e-08	
1.26350000	2.70979387e-07	
1.26508333	3.33618170e-07	
1.26666667	2.41336193e-07	
1.26825000	5.84132810e-07	
1.26983333	5.49823095e-07	
1.27141667	5.20690588e-07	
1.27300000	4.90409077e-07	
1.27458333	4.19419956e-07	
1.27616667	3.38519818e-07	
1.27775000	1.33998193e-07	
1.27933333	3.28407248e-07	
1.28091667	3.28363874e-07	
1.28250000	2.29107722e-07	
1.28408333	3.73899881e-07	
1.28566667	3.63262232e-07	
1.28725000	4.35952290e-07	
1.28883333	5.35433585e-07	
1.29041667	4.19151060e-07	
1.29200000	5.15212142e-07	
1.29358333	4.57307280e-07	
1.29516667	4.16255814e-07	
1.29675000	2.00942210e-07	
1.29833333	1.73070446e-07	
1.29991667	3.48759513e-07	
1.30150000	1.78808687e-07	
1.30308333	3.10215560e-07	
1.30466667	6.09794072e-08	
1.30625000	4.03768597e-07	
1.30783333	5.31906435e-07	
1.30941667	5.01079572e-07	
1.31100000	5.78688302e-07	
1.31258333	4.24120639e-07	
1.31416667	4.18243875e-07	
1.31575000	4.40152646e-07	
1.31733333	1.91816223e-07	
1.31891667	2.62232943e-07	
1.32050000	3.03906877e-07	
1.32208333	2.99327971e-07	
1.32366667	2.46634003e-07	
1.32525000	2.30791998e-07	
1.32683333	3.95333471e-07	
1.32841667	4.52251261e-07	
1.33000000	4.81245722e-07	
1.33158333	4.63832805e-07	
1.33316667	4.87770127e-07	
1.33475000	3.94045973e-07	
1.33633333	1.61956523e-07	
1.33791667	8.68288651e-08	
1.33950000	1.80580957e-07	
1.34108333	1.33609843e-07	
1.34266667	2.41076649e-07	
1.34425000	1.41084807e-07	
1.34583333	2.25970489e-07	
1.34741667	5.99990482e-07	
1.34900000	5.25711717e-07	
1.35058333	5.56952999e-07	
1.35216667	5.12964033e-07	
1.35375000	6.57117469e-07	
1.35533333	4.08694690e-07	
1.35691667	1.27698624e-07	
1.35850000	2.42373107e-07	
1.36008333	1.63468983e-07	
1.36166667	2.19600638e-07	
1.36325000	1.81185616e-07	
1.36483333	1.82827428e-07	
1.36641667	4.62752796e-07	
1.36800000	4.74506267e-07	
1.36958333	6.19133765e-07	
1.37116667	5.19359072e-07	
1.37275000	5.33101305e-07	
1.37433333	5.97443040e-07	
1.37591667	2.13456630e-07	
1.37750000	3.33809222e-07	
1.37908333	3.25383252e-07	
1.38066667	3.07881739e-07	
1.38225000	3.61160178e-07	
1.38383333	2.00371195e-07	
1.38541667	2.47385528e-07	
1.38700000	6.79544404e-07	
1.38858333	4.96327591e-07	
1.39016667	4.08737644e-07	
1.39175000	4.88698312e-07	
1.39333333	6.28771125e-07	
1.39491667	5.74411278e-07	
1.39650000	5.13612038e-07	
1.39808333	1.34646646e-07	
1.39966667	2.05124240e-07	
1.40125000	1.88963721e-07	
1.40283333	1.44109796e-07	
1.40441667	1.04166935e-07	
1.40600000	4.31725556e-07	
1.40758333	4.56140635e-07	
1.40916667	5.75663494e-07	
1.41075000	5.67755548e-07	
1.41233333	5.37982652e-07	
1.41391667	5.96837709e-07	
1.41550000	4.23186013e-07	
1.41708333	2.63746523e-07	
1.41866667	1.62612663e-07	
1.42025000	2.28545569e-07	
1.42183333	2.90899593e-07	
1.42341667	8.82028167e-08	
1.42500000	3.58828737e-07	
1.42658333	4.98930251e-07	
1.42816667	5.47834950e-07	
1.42975000	6.46790326e-07	
1.43133333	5.22028600e-07	
1.43291667	5.99127147e-07	
1.43450000	5.48137923e-07	
1.43608333	1.35942768e-07	
1.43766667	2.34162873e-07	
1.43925000	5.95453228e-08	
1.44083333	2.83250266e-07	
1.44241667	1.64852231e-07	
1.44400000	1.39806493e-07	
1.44558333	3.79050208e-07	
1.44716667	5.02031279e-07	
1.44875000	4.01218691e-07	
1.45033333	2.46348558e-07	
1.45191667	3.94131965e-07	
1.45350000	5.90269678e-07	
1.45508333	3.43514038e-07	
1.45666667	3.45684023e-07	
1.45825000	1.78765873e-07	
1.45983333	1.84253770e-07	
1.46141667	1.18875148e-07	
1.46300000	-2.01447164e-08	
1.46458333	-4.06138317e-09	
1.46616667	2.33056137e-07	
1.46775000	4.44387556e-07	
1.46933333	5.17112475e-07	
1.47091667	4.25961189e-07	
1.47250000	5.91565352e-07	
1.47408333	6.42452315e-07	
1.47566667	3.21111465e-07	
1.47725000	3.39513330e-07	
1.47883333	1.90934253e-07	
1.48041667	3.53297537e-07	
1.48200000	3.65906222e-07	
1.48358333	3.42365454e-07	
1.48516667	4.06871529e-07	
1.48675000	4.08245494e-07	
1.48833333	5.54102135e-07	
1.48991667	4.72041933e-07	
1.49150000	5.87590182e-07	
1.49308333	5.91695838e-07	
1.49466667	5.06394938e-07	
1.49625000	4.64504919e-07	
1.49783333	1.11321487e-07	
1.49941667	1.91963104e-07	
1.50100000	1.87840283e-07	
1.50258333	3.99621926e-08	
1.50416667	1.32521042e-07	
1.50575000	3.04942559e-07	
1.50733333	5.88670022e-07	
1.50891667	5.46451744e-07	
1.51050000	5.51854138e-07	
1.51208333	6.40957608e-07	
1.51366667	5.28258711e-07	
1.51525000	4.83579795e-07	
1.51683333	3.83806166e-07	
1.51841667	1.21328688e-07	
1.52000000	2.16783305e-07	
1.52158333	1.16791743e-07	
1.52316667	4.28226645e-08	
1.52475000	-8.08312900e-08	
1.52633333	2.22928699e-07	
1.52791667	4.70598356e-07	
1.52950000	6.08246596e-07	
1.53108333	5.56737109e-07	
1.53266667	6.07769567e-07	
1.53425000	6.79554652e-07	
@ 
0.00000000	6.59665528e-07	
0.00158333	9.96462512e-08	
0.00316667	2.11623570e-07	
0.00475000	1.63988098e-07	
0.00633333	2.32487894e-07	
0.00791667	2.05325135e-07	
0.00950000	2.57670894e-07	
0.01108333	4.09723261e-07	
0.01266667	4.31856014e-07	
0.01425000	5.99905470e-07	
0.01583333	5.81499068e-07	
0.01741667	6.53488563e-07	
0.01900000	6.32183975e-07	
0.02058333	1.51733698e-07	
0.02216667	2.92922096e-07	
0.02375000	2.76942591e-07	
0.02533333	1.49771216e-07	
0.02691667	1.34344778e-07	
0.02850000	-4.99525789e-08	
0.03008333	1.36038336e-07	
0.03166667	3.00985197e-07	
0.03325000	3.78489259e-07	
0.03483333	4.40195824e-07	
0.03641667	3.90718836e-07	
0.03800000	5.52415171e-07	
0.03958333	4.30344142e-07	
0.04116667	1.92947432e-07	
0.04275000	1.78420184e-07	
0.04433333	2.24630937e-07	
0.04591667	3.80002111e-07	
0.04750000	2.26773678e-07	
0.04908333	2.12920322e-07	
0.05066667	6.44817917e-07	
0.05225000	5.89058960e-07	
0.05383333	5.92515715e-07	
0.05541667	6.29202793e-07	
0.05700000	5.89620273e-07	
0.05858333	5.80026706e-07	
0.06016667	4.52251625e-07	
0.06175000	2.39866491e-07	
0.06333333	1.52709430e-07	
0.06491667	3.26289541e-07	
0.06650000	2.93276536e-07	
0.06808333	1.09522378e-07	
0.06966667	4.26843285e-07	
0.07125000	4.54411754e-07	
0.07283333	5.05486914e-07	
0.07441667	4.93863816e-07	
0.07600000	5.03112687e-07	
0.07758333	6.60573496e-07	
0.07916667	4.97846995e-07	
0.08075000	4.92956575e-07	
0.08233333	1.71160634e-07	
0.08391667	1.40359126e-07	
0.08550000	2.50704629e-07	
0.08708333	1.62406391e-07	
0.08866667	1.07130140e-07	
0.09025000	3.93838428e-07	
0.09183333	4.68844889e-07	
0.09341667	6.05782094e-07	
0.09500000	4.03466240e-07	
0.09658333	5.33532692e-07	
0.09816667	5.90442446e-07	
0.09975000	1.18044995e-07	
0.10133333	3.07890419e-07	
0.10291667	1.31776657e-07	
0.10450000	1.35164991e-07	
0.10608333	1.16126342e-07	
0.10766667	7.54484964e-08	
0.10925000	1.72932876e-07	
0.11083333	4.26975087e-07	
0.11241667	5.51291929e-07	
0.11400000	6.14166286e-07	
0.11558333	5.65982788e-07	
0.11716667	6.60858493e-07	
0.11875000	3.88341865e-07	
0.12033333	4.62536094e-07	
0.12191667	5.17668363e-08	
0.12350000	1.55301647e-07	
0.12508333	2.81739010e-07	
0.12666667	1.67859356e-07	
0.12825000	1.25788196e-07	
0.12983333	2.98970535e-07	
0.13141667	4.45120993e-07	
0.13300000	6.71721973e-07	
0.13458333	5.52892033e-07	
0.13616667	5.23334298e-07	
0.13775000	5.08083302e-07	
0.13933333	5.30422480e-07	
0.14091667	4.16212692e-07	
0.14250000	1.67107480e-07	
0.14408333	2.21156821e-07	
0.14566667	1.98167916e-07	
0.14725000	2.01366468e-08	
0.14883333	1.92758171e-07	
0.15041667	3.31933026e-07	
0.15200000	4.34532570e-07	
0.15358333	3.52700326e-07	
0.15516667	3.85403077e-07	
0.15675000	5.75751082e-07	
0.15833333	6.49157552e-07	
0.15991667	3.58007460e-07	
0.16150000	1.83060440e-07	
0.16308333	2.94011092e-07	
0.16466667	3.96638329e-07	
0.16625000	2.56848917e-07	
0.16783333	1.55181409e-07	
0.16941667	2.46867617e-07	
0.17100000	5.36434966e-07	
0.17258333	4.59856570e-07	
0.17416667	4.22607787e-07	
0.17575000	6.31796381e-07	
0.17733333	5.76422385e-07	
0.17891667	5.44291111e-07	
0.18050000	4.04157367e-07	
0.18208333	-2.96441973e-09	
0.18366667	4.81372680e-08	
0.18525000	1.90355985e-07	
0.18683333	2.16878299e-07	
0.18841667	2.03258558e-07	
0.19000000	3.23049151e-07	
0.19158333	4.69710072e-07	
0.19316667	4.55493610e-07	
0.19475000	4.56313431e-07	
0.19633333	5.28865667e-07	
0.19791667	5.16939203e-07	
0.19950000	4.13706663e-07	
0.20108333	2.33946591e-07	
0.20266667	3.21104660e-07	
0.20425000	4.71912007e-07	
0.20583333	2.46693925e-07	
0.20741667	3.47076106e-07	
0.20900000	1.81297593e-07	
0.21058333	3.10016443e-07	
0.21216667	5.35173902e-07	
0.21375000	4.29306163e-07	
0.21533333	5.14131741e-07	
0.21691667	5.21734979e-07	
0.21850000	5.09549952e-07	
0.22008333	3.61118400e-07	
0.22166667	3.70759386e-08	
0.22325000	1.48474674e-07	
0.22483333	8.64143415e-08	
0.22641667	1.63909205e-07	
0.22800000	1.42121763e-07	
0.22958333	2.51059181e-07	
0.23116667	5.56909653e-07	
0.23275000	4.74202678e-07	
0.23433333	5.03153905e-07	
0.23591667	5.34646246e-07	
0.23750000	4.32029313e-07	
0.23908333	6.15010356e-07	
0.24066667	2.64056496e-07	
0.24225000	2.88584169e-07	
0.24383333	2.19773307e-07	
0.24541667	2.57264708e-07	
0.24700000	2.51844308e-07	
0.24858333	1.23671133e-07	
0.25016667	3.49581490e-07	
0.25175000	4.63226745e-07	
0.25333333	6.63856924e-07	
0.25491667	7.00414188e-07	
0.25650000	6.74835040e-07	
0.25808333	7.46047108e-07	
0.25966667	4.26583321e-07	
0.26125000	2.17181217e-07	
0.26283333	1.16584204e-07	
0.26441667	1.43851009e-07	
0.26600000	2.43644000e-07	
0.26758333	1.08529545e-07	
0.26916667	2.64064309e-07	
0.27075000	4.48802766e-07	
0.27233333	4.69129158e-07	
0.27391667	5.49305352e-07	
0.27550000	4.40064778e-07	
0.27708333	5.17371319e-07	
0.27866667	7.58447240e-07	
0.28025000	4.56700997e-07	
0.28183333	3.82507999e-07	
0.28341667	2.37490052e-07	
0.28500000	3.02998880e-07	
0.28658333	2.93147254e-07	
0.28816667	1.31908081e-07	
0.28975000	1.42986512e-07	
0.29133333	2.62943642e-07	
0.29291667	4.38683084e-07	
0.29450000	4.48793750e-07	
0.29608333	3.44481901e-07	
0.29766667	5.77736819e-07	
0.29925000	3.31260604e-07	
0.30083333	5.43945582e-08	
0.30241667	2.54169785e-07	
0.30400000	2.28501971e-07	
0.30558333	4.28183229e-07	
0.30716667	2.31215447e-07	
0.30875000	2.52829561e-07	
0.31033333	4.17076335e-07	
0.31191667	7.35071063e-07	
0.31350000	6.43548228e-07	
0.31508333	5.40966130e-07	
0.31666667	7.02491153e-07	
0.31825000	6.80106277e-07	
0.31983333	2.45440757e-07	
0.32141667	2.30230461e-07	
0.32300000	1.32443003e-07	
0.32458333	1.72455972e-07	
0.32616667	1.12955087e-07	
0.32775000	2.04215246e-08	
0.32933333	1.72578856e-07	
0.33091667	4.59638720e-07	
0.33250000	5.79811041e-07	
0.33408333	4.82542572e-07	
0.33566667	4.89499148e-07	
0.33725000	5.59805039e-07	
0.33883333	4.93864152e-07	
0.34041667	4.48316916e-07	
0.34200000	1.48388402e-07	
0.34358333	9.76144170e-08	
0.34516667	2.09230274e-07	
0.34675000	2.50565634e-09	
0.34833333	1.44758109e-07	
0.34991667	3.29737812e-07	
0.35150000	5.01081644e-07	
0.35308333	6.43678714e-07	
0.35466667	4.20205643e-07	
0.35625000	2.84072999e-07	
0.35783333	4.93603236e-07	
0.35941667	4.09378173e-07	
0.36100000	3.68093093e-07	
0.36258333	2.52397445e-07	
0.36416667	4.33973105e-07	
0.36575000	3.81686919e-07	
0.36733333	3.44352143e-07	
0.36891667	4.00526752e-07	
0.37050000	5.11925354e-07	
0.37208333	8.07173794e-07	
0.37366667	7.55077401e-07	
0.37525000	7.77244260e-07	
0.37683333	8.23830006e-07	
0.37841667	8.01400439e-07	
0.38000000	6.33092839e-07	
0.38158333	4.04172992e-07	
0.38316667	5.16333480e-07	
0.38475000	5.78559048e-07	
0.38633333	4.56606380e-07	
0.38791667	5.59285672e-07	
0.38950000	5.00044365e-07	
0.39108333	9.49789402e-07	
0.39266667	9.31899063e-07	
0.39425000	8.71531322e-07	
0.39583333	9.64178015e-07	
0.39741667	8.71879658e-07	
0.39900000	8.68551093e-07	
0.40058333	8.47289010e-07	
0.40216667	7.26168344e-07	
0.40375000	6.75351888e-07	
0.40533333	5.08641927e-07	
0.40691667	5.17628762e-07	
0.40850000	5.93424971e-07	
0.41008333	6.89525116e-07	
0.41166667	1.03341773e-06	
0.41325000	9.59815644e-07	
0.41483333	1.02773684e-06	
0.41641667	8.90583601e-07	
0.41800000	1.07492814e-06	
0.41958333	8.63928589e-07	
0.42116667	4.52675088e-07	
0.42275000	4.72344178e-07	
0.42433333	5.64732196e-07	
0.42591667	4.82456272e-07	
0.42750000	5.75275285e-07	
0.42908333	4.75413900e-07	
0.43066667	7.73700365e-07	
0.43225000	8.02281975e-07	
0.43383333	8.64098557e-07	
0.43541667	9.21788425e-07	
0.43700000	7.91937527e-07	
0.43858333	9.46372240e-07	
0.44016667	6.98038057e-07	
0.44175000	5.01166768e-07	
0.44333333	4.64437884e-07	
0.44491667	5.13923804e-07	
0.44650000	7.27595008e-07	
0.44808333	7.71128001e-07	
0.44966667	7.00112391e-07	
0.45125000	9.04160682e-07	
0.45283333	1.00384952e-06	
0.45441667	1.06235692e-06	
0.45600000	8.03949170e-07	
0.45758333	8.68162323e-07	
0.45916667	9.38873840e-07	
0.46075000	6.49254157e-07	
0.46233333	5.96489821e-07	
0.46391667	5.78730192e-07	
0.46550000	6.64333617e-07	
0.46708333	7.56548531e-07	
0.46866667	6.30845291e-07	
0.47025000	7.51921603e-07	
0.47183333	9.39804826e-07	
0.47341667	1.00790769e-06	
0.47500000	8.38173257e-07	
0.47658333	8.11252738e-07	
0.47816667	9.54890895e-07	
0.47975000	7.83684381e-07	
0.48133333	7.44147726e-07	
0.48291667	4.90234181e-07	
0.48450000	4.58517074e-07	
0.48608333	6.28426094e-07	
0.48766667	6.71074080e-07	
0.48925000	6.97045245e-07	
0.49083333	9.29970056e-07	
0.49241667	9.09601943e-07	
0.49400000	9.58863265e-07	
0.49558333	8.38429525e-07	
0.49716667	9.48751675e-07	
0.49875000	9.73582181e-07	
0.50033333	7.43671481e-07	
0.50191667	5.61446865e-07	
0.50350000	5.08728451e-07	
0.50508333	6.88317589e-07	
0.50666667	6.19869358e-07	
0.50825000	5.10173036e-07	
0.50983333	6.76347220e-07	
0.51141667	7.25694226e-07	
0.51300000	9.19064407e-07	
0.51458333	9.33240211e-07	
0.51616667	9.97190937e-07	
0.51775000	1.12903306e-06	
0.51933333	9.98015182e-07	
0.52091667	8.95777330e-07	
0.52250000	6.24562873e-07	
0.52408333	6.13818118e-07	
0.52566667	6.98040186e-07	
0.52725000	5.62052084e-07	
0.52883333	6.36029275e-07	
0.53041667	6.73191871e-07	
0.53200000	7.67036850e-07	
0.53358333	9.07007738e-07	
0.53516667	8.77618011e-07	
0.53675000	9.83751006e-07	
0.53833333	9.30605405e-07	
0.53991667	7.23585172e-07	
0.54150000	6.71151923e-07	
0.54308333	4.12410009e-07	
0.54466667	4.66641415e-07	
0.54625000	5.50945889e-07	
0.54783333	4.98401028e-07	
0.54941667	6.98123293e-07	
0.55100000	1.03202450e-06	
0.55258333	1.14566592e-06	
0.55416667	1.02705293e-06	
0.55575000	1.06406645e-06	
0.55733333	1.10306022e-06	
0.55891667	1.06918486e-06	
0.56050000	8.43011819e-07	
0.56208333	4.62440554e-07	
0.56366667	5.38674227e-07	
0.56525000	7.74047132e-07	
0.56683333	6.02067223e-07	
0.56841667	5.26791726e-07	
0.57000000	5.61621256e-07	
0.57158333	8.12731036e-07	
0.57316667	7.64238684e-07	
0.57475000	7.86105873e-07	
0.57633333	7.91288962e-07	
0.57791667	8.22917781e-07	
0.57950000	9.01951439e-07	
0.58108333	5.92775734e-07	
0.58266667	3.69155936e-07	
0.58425000	6.43419535e-07	
0.58583333	5.80545177e-07	
0.58741667	6.61829353e-07	
0.58900000	6.44931659e-07	
0.59058333	8.73522044e-07	
0.59216667	1.02182252e-06	
0.59375000	1.02493122e-06	
0.59533333	1.06356265e-06	
0.59691667	8.36315710e-07	
0.59850000	9.19887532e-07	
0.60008333	9.71652559e-07	
0.60166667	6.87584012e-07	
0.60325000	6.56467952e-07	
0.60483333	5.73330878e-07	
0.60641667	5.64383860e-07	
0.60800000	5.73677813e-07	
0.60958333	3.95602283e-07	
0.61116667	7.82042835e-07	
0.61275000	9.61718497e-07	
0.61433333	1.01620547e-06	
0.61591667	9.93431264e-07	
0.61750000	9.76406948e-07	
0.61908333	1.04636562e-06	
0.62066667	9.56678047e-07	
0.62225000	9.58836272e-07	
0.62383333	9.49355158e-07	
0.62541667	1.09424654e-06	
0.62700000	1.27737789e-06	
0.62858333	1.45126054e-06	
0.63016667	1.82753997e-06	
0.63175000	2.22169585e-06	
0.63333333	2.45386905e-06	
0.63491667	2.81371342e-06	
0.63650000	3.29599810e-06	
0.63808333	3.93955232e-06	
0.63966667	4.44218025e-06	
0.64125000	5.10401750e-06	
0.64283333	6.37711098e-06	
0.64441667	8.05353948e-06	
0.64600000	1.01001607e-05	
0.64758333	1.32834690e-05	
0.64916667	1.81816235e-05	
0.65075000	2.53305584e-05	
0.65233333	3.45787292e-05	
0.65391667	4.56826816e-05	
0.65550000	5.90983533e-05	
0.65708333	7.26965018e-05	
0.65866667	8.43324870e-05	
0.66025000	9.21409828e-05	
0.66183333	9.77113350e-05	
0.66341667	1.01069780e-04	
0.66500000	1.06157331e-04	
0.66658333	1.28983912e-04	
0.66816667	2.05132176e-04	
0.66975000	3.40668522e-04	
0.67133333	4.09891485e-04	
0.67291667	3.72265595e-04	
0.67450000	3.73682371e-04	
0.67608333	5.33388047e-04	
0.67766667	5.80133991e-04	
0.67925000	7.34452989e-04	
0.68083333	1.20637027e-03	
0.68241667	1.75626667e-03	
0.68400000	2.19308298e-03	
0.68558333	4.62613934e-03	
0.68716667	5.02399748e-03	
0.68875000	6.12652159e-03	
0.69033333	7.45829024e-03	
0.69191667	9.61498154e-03	
0.69350000	2.17563631e-02	
0.69508333	3.27021540e-02	
0.69666667	4.00949439e-02	
0.69825000	4.40814832e-02	
0.69983333	4.87455965e-02	
0.70141667	5.81028947e-02	
0.70300000	6.20671522e-02	
0.70458333	6.68099506e-02	
0.70616667	7.93624089e-02	
0.70775000	9.41091656e-02	
0.70933333	1.08753098e-01	
0.71091667	1.21435290e-01	
0.71250000	1.27612828e-01	
0.71408333	1.39165911e-01	
0.71566667	1.61988548e-01	
0.71725000	1.74245425e-01	
0.71883333	1.76550651e-01	
0.72041667	1.89519660e-01	
0.72200000	2.31707256e-01	
0.72358333	2.58741396e-01	
0.72516667	2.54205816e-01	
0.72675000	2.76023631e-01	
0.72833333	3.19222891e-01	
0.72991667	4.03240843e-01	
0.73150000	9.70796263e-01	
0.73308333	9.43115819e-01	
0.73466667	9.87801355e-01	
0.73625000	1.10976117e+00	
0.73783333	1.40659939e+00	
0.73941667	2.32873188e+00	
0.74100000	1.07607884e+01	
0.74258333	1.98149656e+01	
0.74416667	2.30887583e+01	
0.74575000	2.54115465e+01	
0.74733333	2.62187955e+01	
0.74891667	2.79649926e+01	
0.75050000	2.89337061e+01	
0.75208333	2.97567248e+01	
0.75366667	3.06401707e+01	
0.75525000	3.06897516e+01	
0.75683333	3.15448809e+01	
0.75841667	3.22368452e+01	
0.76000000	3.29555232e+01	
0.76158333	3.32600742e+01	
0.76316667	3.33052260e+01	
0.76475000	3.38452285e+01	
0.76633333	3.44374183e+01	
0.76791667	3.49215919e+01	
0.76950000	3.53548898e+01	
0.77108333	3.55389959e+01	
0.77266667	3.62290246e+01	
