start voltage : 0.00 V 
set voltage : 0.10 V 
High G : 30.00 G0 
Intermediate G : 20.00 G0 
Low G : 10.00 G0 
Breaking speed 1 : 300.00 V/s 
Breaking speed 2 : 300.00 V/s 
Making speed : 500.00 V/s 
Post breaking : 230.00 V/s 
@ 
0.00000000	4.66909521e+01	
0.00158333	4.73201044e+01	
0.00316667	4.73618024e+01	
0.00475000	4.73165077e+01	
0.00633333	4.71530082e+01	
0.00791667	4.73625841e+01	
0.00950000	4.72612876e+01	
0.01108333	4.72582546e+01	
0.01266667	4.72752833e+01	
0.01425000	4.71889447e+01	
0.01583333	4.72733779e+01	
0.01741667	4.71170679e+01	
0.01900000	4.71147566e+01	
0.02058333	4.73109906e+01	
0.02216667	4.71918837e+01	
0.02375000	4.72405570e+01	
0.02533333	4.71344160e+01	
0.02691667	4.72229232e+01	
0.02850000	4.71274257e+01	
0.03008333	4.69347282e+01	
0.03166667	4.70810224e+01	
0.03325000	4.70302257e+01	
0.03483333	4.70015125e+01	
0.03641667	4.70350475e+01	
0.03800000	4.70445898e+01	
0.03958333	4.70595777e+01	
0.04116667	4.68914555e+01	
0.04275000	4.69937893e+01	
0.04433333	4.69303235e+01	
0.04591667	4.69049401e+01	
0.04750000	4.70639523e+01	
0.04908333	4.69204355e+01	
0.05066667	4.70898543e+01	
0.05225000	4.68608745e+01	
0.05383333	4.68678686e+01	
0.05541667	4.68554363e+01	
0.05700000	4.66430454e+01	
0.05858333	4.68512834e+01	
0.06016667	4.67456724e+01	
0.06175000	4.67246637e+01	
0.06333333	4.67526590e+01	
0.06491667	4.65280839e+01	
0.06650000	4.67228184e+01	
0.06808333	4.65992729e+01	
0.06966667	4.63748895e+01	
0.07125000	4.64264228e+01	
0.07283333	4.63034787e+01	
0.07441667	4.63399940e+01	
0.07600000	4.62425535e+01	
0.07758333	4.62363486e+01	
0.07916667	4.63309291e+01	
0.08075000	4.61962441e+01	
0.08233333	4.63410200e+01	
0.08391667	4.62377128e+01	
0.08550000	4.62861305e+01	
0.08708333	4.61995288e+01	
0.08866667	4.61511600e+01	
0.09025000	4.61511900e+01	
0.09183333	4.59827333e+01	
0.09341667	4.59845899e+01	
0.09500000	4.60671703e+01	
0.09658333	4.59527461e+01	
0.09816667	4.60824363e+01	
0.09975000	4.59081280e+01	
0.10133333	4.59817299e+01	
0.10291667	4.60543020e+01	
0.10450000	4.58533889e+01	
0.10608333	4.60408248e+01	
0.10766667	4.58646148e+01	
0.10925000	4.58948463e+01	
0.11083333	4.60029791e+01	
0.11241667	4.57169676e+01	
0.11400000	4.58194931e+01	
0.11558333	4.56390700e+01	
0.11716667	4.53538816e+01	
0.11875000	4.54376947e+01	
0.12033333	4.54393709e+01	
0.12191667	4.54356690e+01	
0.12350000	4.52382210e+01	
0.12508333	4.53002625e+01	
0.12666667	4.52823167e+01	
0.12825000	4.48421863e+01	
0.12983333	4.47282959e+01	
0.13141667	4.45967415e+01	
0.13300000	4.45111959e+01	
0.13458333	4.44868837e+01	
0.13616667	4.43721176e+01	
0.13775000	4.44337794e+01	
0.13933333	4.42690321e+01	
0.14091667	4.43860795e+01	
0.14250000	4.43593507e+01	
0.14408333	4.42503235e+01	
0.14566667	4.43491921e+01	
0.14725000	4.41450996e+01	
0.14883333	4.42616509e+01	
0.15041667	4.41891727e+01	
0.15200000	4.42137631e+01	
0.15358333	4.42560248e+01	
0.15516667	4.40791383e+01	
0.15675000	4.41441600e+01	
0.15833333	4.40795329e+01	
0.15991667	4.41603656e+01	
0.16150000	4.40756919e+01	
0.16308333	4.38536611e+01	
0.16466667	4.38142633e+01	
0.16625000	4.39067767e+01	
0.16783333	4.35361780e+01	
0.16941667	4.34418230e+01	
0.17100000	4.32009031e+01	
0.17258333	4.33724078e+01	
0.17416667	4.32889442e+01	
0.17575000	4.32576379e+01	
0.17733333	4.33678114e+01	
0.17891667	4.31685633e+01	
0.18050000	4.32874485e+01	
0.18208333	4.31358137e+01	
0.18366667	4.31037745e+01	
0.18525000	4.30822998e+01	
0.18683333	4.30366745e+01	
0.18841667	4.30449577e+01	
0.19000000	4.27482013e+01	
0.19158333	4.26683307e+01	
0.19316667	4.26829654e+01	
0.19475000	4.23391818e+01	
0.19633333	4.24844012e+01	
0.19791667	4.23725552e+01	
0.19950000	4.23520952e+01	
0.20108333	4.24036436e+01	
0.20266667	4.21385807e+01	
0.20425000	4.22745585e+01	
0.20583333	4.21769901e+01	
0.20741667	4.20537153e+01	
0.20900000	4.20682335e+01	
0.21058333	4.18624722e+01	
0.21216667	4.19565002e+01	
0.21375000	4.15437037e+01	
0.21533333	4.16368448e+01	
0.21691667	4.13801966e+01	
0.21850000	4.09481089e+01	
0.22008333	4.09116049e+01	
0.22166667	4.06099890e+01	
0.22325000	3.97200582e+01	
0.22483333	3.93191115e+01	
0.22641667	3.90731443e+01	
0.22800000	3.93244895e+01	
0.22958333	3.85535040e+01	
0.23116667	3.86177666e+01	
0.23275000	3.85936723e+01	
0.23433333	3.85079651e+01	
0.23591667	3.85061649e+01	
0.23750000	3.84504073e+01	
0.23908333	3.82302669e+01	
0.24066667	3.80957285e+01	
0.24225000	3.77364797e+01	
0.24383333	3.77179553e+01	
0.24541667	3.73306811e+01	
0.24700000	3.70805573e+01	
0.24858333	3.72370815e+01	
0.25016667	3.70134722e+01	
0.25175000	3.72915275e+01	
0.25333333	3.70212443e+01	
0.25491667	3.67964400e+01	
0.25650000	3.67394797e+01	
0.25808333	3.66508372e+01	
0.25966667	3.66600074e+01	
0.26125000	3.65497286e+01	
0.26283333	3.66332899e+01	
0.26441667	3.64974023e+01	
0.26600000	3.62761608e+01	
0.26758333	3.64285960e+01	
0.26916667	3.61873191e+01	
0.27075000	3.60435167e+01	
0.27233333	3.55812576e+01	
0.27391667	3.54153790e+01	
0.27550000	3.49660258e+01	
0.27708333	3.45815779e+01	
0.27866667	3.44289848e+01	
0.28025000	3.37229346e+01	
0.28183333	3.36628136e+01	
0.28341667	3.37463335e+01	
0.28500000	3.36558232e+01	
0.28658333	3.36238216e+01	
0.28816667	3.33525613e+01	
0.28975000	3.30004833e+01	
0.29133333	3.29669821e+01	
0.29291667	3.31781553e+01	
0.29450000	3.33186355e+01	
0.29608333	3.31902155e+01	
0.29766667	3.30428615e+01	
0.29925000	3.29280540e+01	
0.30083333	3.25172493e+01	
0.30241667	3.27413547e+01	
0.30400000	3.25183092e+01	
0.30558333	3.21218084e+01	
0.30716667	3.15302876e+01	
0.30875000	3.11278526e+01	
0.31033333	3.12671771e+01	
0.31191667	3.13119456e+01	
0.31350000	3.13203115e+01	
0.31508333	3.13488198e+01	
0.31666667	3.10256785e+01	
0.31825000	3.11457306e+01	
0.31983333	3.07313180e+01	
0.32141667	3.01503109e+01	
0.32300000	2.99010196e+01	
0.32458333	2.96845153e+01	
0.32616667	2.98326361e+01	
0.32775000	2.92165362e+01	
0.32933333	2.92047502e+01	
0.33091667	2.93003398e+01	
0.33250000	2.92797483e+01	
0.33408333	2.93087677e+01	
0.33566667	2.92037637e+01	
0.33725000	2.91939396e+01	
0.33883333	2.87484706e+01	
0.34041667	2.81783042e+01	
0.34200000	2.80677905e+01	
0.34358333	2.79250666e+01	
0.34516667	2.78862099e+01	
0.34675000	2.75662482e+01	
0.34833333	2.74619075e+01	
0.34991667	2.75820103e+01	
0.35150000	2.74491801e+01	
0.35308333	2.72037936e+01	
0.35466667	2.70278636e+01	
0.35625000	2.64194098e+01	
0.35783333	2.63942896e+01	
0.35941667	2.63463755e+01	
0.36100000	2.62279544e+01	
0.36258333	2.61858863e+01	
0.36416667	2.63599428e+01	
0.36575000	2.64217418e+01	
0.36733333	2.61472494e+01	
0.36891667	2.58062978e+01	
0.37050000	2.58730464e+01	
0.37208333	2.58357118e+01	
0.37366667	2.57701771e+01	
0.37525000	2.56857815e+01	
0.37683333	2.57660787e+01	
0.37841667	2.57690383e+01	
0.38000000	2.55423060e+01	
0.38158333	2.49197606e+01	
0.38316667	2.39157138e+01	
0.38475000	2.36104224e+01	
0.38633333	2.34902594e+01	
0.38791667	2.34563091e+01	
0.38950000	2.35800275e+01	
0.39108333	2.37184857e+01	
0.39266667	2.37506471e+01	
0.39425000	2.36272501e+01	
0.39583333	2.34473964e+01	
0.39741667	2.35784960e+01	
0.39900000	2.33599829e+01	
0.40058333	2.32652822e+01	
0.40216667	2.31262940e+01	
0.40375000	2.30094646e+01	
0.40533333	2.29718105e+01	
0.40691667	2.24469989e+01	
0.40850000	2.13926101e+01	
0.41008333	2.06294192e+01	
0.41166667	2.06257850e+01	
0.41325000	2.06031039e+01	
0.41483333	2.03095101e+01	
0.41641667	2.06022601e+01	
0.41800000	1.98518192e+01	
0.41958333	1.96427281e+01	
0.42116667	1.96469261e+01	
0.42275000	1.95168901e+01	
0.42433333	1.94010228e+01	
0.42591667	1.93257372e+01	
0.42750000	1.93052622e+01	
0.42908333	1.87989638e+01	
0.43066667	1.85572979e+01	
0.43225000	1.82958505e+01	
0.43383333	1.79608744e+01	
0.43541667	1.76996149e+01	
0.43700000	1.79241036e+01	
0.43858333	1.73517085e+01	
0.44016667	1.76873517e+01	
0.44175000	1.75588491e+01	
0.44333333	1.75100987e+01	
0.44491667	1.74125342e+01	
0.44650000	1.73569043e+01	
0.44808333	1.70632279e+01	
0.44966667	1.64974944e+01	
0.45125000	1.66913043e+01	
0.45283333	1.66549807e+01	
0.45441667	1.65778874e+01	
0.45600000	1.66131474e+01	
0.45758333	1.65754257e+01	
0.45916667	1.62561423e+01	
0.46075000	1.60378059e+01	
0.46233333	1.59979815e+01	
0.46391667	1.59412655e+01	
0.46550000	1.57294196e+01	
0.46708333	1.53983963e+01	
0.46866667	1.51968331e+01	
0.47025000	1.50230622e+01	
0.47183333	1.49703788e+01	
0.47341667	1.49203168e+01	
0.47500000	1.48945060e+01	
0.47658333	1.48033690e+01	
0.47816667	1.45847564e+01	
0.47975000	1.46016639e+01	
0.48133333	1.44620284e+01	
0.48291667	1.44101220e+01	
0.48450000	1.42187352e+01	
0.48608333	1.40025880e+01	
0.48766667	1.40140216e+01	
0.48925000	1.39452425e+01	
0.49083333	1.41697828e+01	
0.49241667	1.41420487e+01	
0.49400000	1.38308409e+01	
0.49558333	1.36519099e+01	
0.49716667	1.35988620e+01	
0.49875000	1.36076441e+01	
0.50033333	1.35249510e+01	
0.50191667	1.34604846e+01	
0.50350000	1.34898629e+01	
0.50508333	1.30092466e+01	
0.50666667	1.24441971e+01	
0.50825000	1.22783664e+01	
0.50983333	1.16508254e+01	
0.51141667	1.10904165e+01	
0.51300000	1.10947084e+01	
0.51458333	1.10337926e+01	
0.51616667	1.09983333e+01	
0.51775000	1.10084581e+01	
0.51933333	1.10436881e+01	
0.52091667	1.09896602e+01	
0.52250000	1.09227743e+01	
0.52408333	1.00442113e+01	
0.52566667	9.81879058e+00	
0.52725000	9.59750393e+00	
0.52883333	9.10921041e+00	
0.53041667	8.87731982e+00	
0.53200000	8.40432619e+00	
0.53358333	8.37595787e+00	
0.53516667	8.34464683e+00	
0.53675000	8.31954725e+00	
0.53833333	8.34451717e+00	
0.53991667	8.25184962e+00	
0.54150000	8.20591047e+00	
0.54308333	8.15335020e+00	
0.54466667	8.11686496e+00	
0.54625000	8.00345461e+00	
0.54783333	7.72009036e+00	
0.54941667	7.58823539e+00	
0.55100000	7.50780711e+00	
0.55258333	7.13032039e+00	
0.55416667	7.11547102e+00	
0.55575000	6.89764198e+00	
0.55733333	6.84705150e+00	
0.55891667	6.79601943e+00	
0.56050000	6.75364170e+00	
0.56208333	6.74229174e+00	
0.56366667	6.72601047e+00	
0.56525000	6.82289431e+00	
0.56683333	6.37804727e+00	
0.56841667	6.47368056e+00	
0.57000000	6.62025007e+00	
0.57158333	6.44764846e+00	
0.57316667	6.36297475e+00	
0.57475000	6.34806712e+00	
0.57633333	6.42041748e+00	
0.57791667	6.41744141e+00	
0.57950000	6.28401126e+00	
0.58108333	5.83192063e+00	
0.58266667	5.72048901e+00	
0.58425000	5.69813955e+00	
0.58583333	5.68052550e+00	
0.58741667	5.72988514e+00	
0.58900000	5.72948865e+00	
0.59058333	5.61395770e+00	
0.59216667	5.61789918e+00	
0.59375000	5.47478257e+00	
0.59533333	5.26678938e+00	
0.59691667	5.31364320e+00	
0.59850000	5.17503181e+00	
0.60008333	5.01255966e+00	
0.60166667	4.88695704e+00	
0.60325000	4.89440921e+00	
0.60483333	4.92617124e+00	
0.60641667	4.67148067e+00	
0.60800000	5.20999307e+00	
0.60958333	5.07111108e+00	
0.61116667	4.15326666e+00	
0.61275000	3.98063545e+00	
0.61433333	3.91064294e+00	
0.61591667	3.57443606e+00	
0.61750000	3.52715897e+00	
0.61908333	3.60832692e+00	
0.62066667	3.71037251e+00	
0.62225000	4.03028448e+00	
0.62383333	4.15706627e+00	
0.62541667	3.99482384e+00	
0.62700000	3.96633244e+00	
0.62858333	3.97418110e+00	
0.63016667	3.92144818e+00	
0.63175000	3.94743024e+00	
0.63333333	3.92554704e+00	
0.63491667	3.85834198e+00	
0.63650000	3.86944953e+00	
0.63808333	3.42897265e+00	
0.63966667	3.30386917e+00	
0.64125000	3.12636443e+00	
0.64283333	3.08165870e+00	
0.64441667	3.02136227e+00	
0.64600000	2.97173085e+00	
0.64758333	3.02433365e+00	
0.64916667	3.00787197e+00	
0.65075000	2.94959021e+00	
0.65233333	2.95108858e+00	
0.65391667	2.81346656e+00	
0.65550000	2.34165608e+00	
0.65708333	1.84669868e+00	
0.65866667	1.75815713e+00	
0.66025000	1.24208615e+00	
0.66183333	1.13682244e+00	
0.66341667	1.14670773e+00	
0.66500000	1.14562253e+00	
0.66658333	1.04841595e+00	
0.66816667	1.03331735e+00	
0.66975000	1.12169565e+00	
0.67133333	1.09907701e+00	
0.67291667	1.09739201e+00	
0.67450000	1.08969990e+00	
0.67608333	1.06322926e+00	
0.67766667	1.03098065e+00	
0.67925000	8.50632962e-01	
0.68083333	7.47233519e-01	
0.68241667	6.00154933e-01	
0.68400000	5.73313287e-01	
0.68558333	5.71853260e-01	
0.68716667	5.53384030e-01	
0.68875000	5.01142561e-01	
0.69033333	5.47669177e-01	
0.69191667	7.79370443e-01	
0.69350000	8.70123794e-01	
0.69508333	8.55038412e-01	
0.69666667	7.93835301e-01	
0.69825000	8.96021705e-01	
0.69983333	9.09709893e-01	
0.70141667	8.32662583e-01	
0.70300000	5.46550212e-01	
0.70458333	1.40749389e-01	
0.70616667	4.52737928e-02	
0.70775000	-2.17676079e-04	
0.70933333	-1.49974651e-03	
0.71091667	-7.31363571e-05	
0.71250000	2.62794238e-05	
0.71408333	1.67141906e-04	
0.71566667	4.17381693e-04	
0.71725000	2.70166387e-04	
0.71883333	1.11859681e-04	
0.72041667	6.20960737e-05	
0.72200000	5.01623665e-05	
0.72358333	4.87101828e-05	
0.72516667	4.93746361e-05	
0.72675000	5.14604349e-05	
0.72833333	5.39656414e-05	
0.72991667	5.60604114e-05	
0.73150000	6.03577701e-05	
0.73308333	6.70489037e-05	
0.73466667	7.05570445e-05	
0.73625000	7.07012496e-05	
0.73783333	6.57493157e-05	
0.73941667	5.82371726e-05	
0.74100000	5.14809542e-05	
0.74258333	4.66848990e-05	
0.74416667	4.28038908e-05	
0.74575000	3.98337505e-05	
0.74733333	3.77853237e-05	
0.74891667	3.65464191e-05	
0.75050000	3.56135373e-05	
0.75208333	3.32757792e-05	
0.75366667	3.03902896e-05	
0.75525000	2.70384361e-05	
0.75683333	2.36917762e-05	
0.75841667	2.12134383e-05	
0.76000000	1.87061063e-05	
0.76158333	1.68112304e-05	
0.76316667	1.53413212e-05	
0.76475000	1.41527705e-05	
0.76633333	1.32457081e-05	
0.76791667	1.24829574e-05	
0.76950000	1.19790889e-05	
0.77108333	1.12472777e-05	
0.77266667	1.04169835e-05	
0.77425000	9.72256042e-06	
0.77583333	8.97897966e-06	
0.77741667	8.23247244e-06	
0.77900000	7.28467650e-06	
0.78058333	6.50083083e-06	
0.78216667	5.69008335e-06	
0.78375000	4.99685288e-06	
0.78533333	4.28049204e-06	
0.78691667	3.49701823e-06	
0.78850000	3.08180305e-06	
0.79008333	2.61092160e-06	
0.79166667	2.19830248e-06	
0.79325000	1.96498414e-06	
0.79483333	1.82135472e-06	
0.79641667	1.85092796e-06	
0.79800000	1.77588225e-06	
0.79958333	1.49299586e-06	
0.80116667	1.45821695e-06	
0.80275000	1.32452204e-06	
0.80433333	1.17600102e-06	
0.80591667	9.19368109e-07	
0.80750000	6.16326079e-07	
0.80908333	5.40835140e-07	
0.81066667	4.43263726e-07	
0.81225000	5.58896958e-07	
0.81383333	5.94762983e-07	
0.81541667	6.35424728e-07	
0.81700000	9.14831289e-07	
0.81858333	8.29402144e-07	
0.82016667	7.89863026e-07	
0.82175000	7.33426773e-07	
0.82333333	7.46650759e-07	
0.82491667	6.59191746e-07	
0.82650000	4.42139671e-07	
0.82808333	5.50470820e-07	
0.82966667	5.03285063e-07	
0.83125000	4.26713079e-07	
0.83283333	4.95637472e-07	
0.83441667	4.13965955e-07	
0.83600000	5.42044850e-07	
0.83758333	6.51327818e-07	
0.83916667	6.11442436e-07	
0.84075000	7.23015514e-07	
0.84233333	6.23411741e-07	
0.84391667	7.28762772e-07	
0.84550000	5.09074659e-07	
0.84708333	2.69337309e-07	
0.84866667	3.25469300e-07	
0.85025000	3.39201116e-07	
0.85183333	4.05712473e-07	
0.85341667	3.40377225e-07	
0.85500000	5.66416192e-07	
0.85658333	7.84722107e-07	
0.85816667	5.85947124e-07	
0.85975000	5.87633528e-07	
0.86133333	7.48381572e-07	
0.86291667	8.13802476e-07	
0.86450000	5.87071094e-07	
0.86608333	2.79189019e-07	
0.86766667	3.75074954e-07	
0.86925000	3.17301978e-07	
0.87083333	2.47644540e-07	
0.87241667	3.12548316e-07	
0.87400000	2.09532702e-07	
0.87558333	4.94598065e-07	
0.87716667	5.80589419e-07	
0.87875000	6.34042306e-07	
0.88033333	6.43981128e-07	
0.88191667	6.23844136e-07	
0.88350000	7.25348635e-07	
0.88508333	5.61274769e-07	
0.88666667	4.42874284e-07	
0.88825000	3.97026091e-07	
0.88983333	4.00397638e-07	
0.89141667	3.90285908e-07	
0.89300000	1.88712704e-07	
0.89458333	3.37178781e-07	
0.89616667	5.66761895e-07	
0.89775000	5.13785142e-07	
0.89933333	6.06212865e-07	
0.90091667	5.33446112e-07	
0.90250000	6.74533243e-07	
0.90408333	6.57593547e-07	
0.90566667	3.51309056e-07	
0.90725000	2.66614411e-07	
0.90883333	1.91771869e-07	
0.91041667	2.95047895e-07	
0.91200000	2.15322662e-07	
0.91358333	1.28562421e-07	
0.91516667	4.66079597e-07	
0.91675000	5.72206459e-07	
0.91833333	7.03526640e-07	
0.91991667	7.31181801e-07	
0.92150000	6.83605034e-07	
0.92308333	8.01876405e-07	
0.92466667	5.48742022e-07	
0.92625000	3.55241608e-07	
0.92783333	3.42537130e-07	
0.92941667	4.07657160e-07	
0.93100000	5.04709879e-07	
0.93258333	1.84885842e-07	
0.93416667	2.95911426e-07	
0.93575000	5.37118645e-07	
0.93733333	6.46661016e-07	
0.93891667	6.78376527e-07	
0.94050000	5.27049785e-07	
0.94208333	7.14630370e-07	
0.94366667	6.53401199e-07	
0.94525000	4.41664266e-07	
0.94683333	4.47628337e-07	
0.94841667	3.31821049e-07	
0.95000000	3.95946446e-07	
0.95158333	3.73260668e-07	
0.95316667	3.10863145e-07	
0.95475000	4.58257418e-07	
0.95633333	4.58170978e-07	
0.95791667	6.24233914e-07	
0.95950000	5.26705258e-07	
0.96108333	5.44465391e-07	
0.96266667	5.94461298e-07	
0.96425000	4.45165599e-07	
0.96583333	2.63676043e-07	
0.96741667	1.82005843e-07	
0.96900000	2.53132534e-07	
0.97058333	2.74953633e-07	
0.97216667	2.00933194e-07	
0.97375000	3.35494254e-07	
0.97533333	5.36514378e-07	
0.97691667	7.41121295e-07	
0.97850000	6.96698869e-07	
0.98008333	5.52847623e-07	
0.98166667	7.10266934e-07	
0.98325000	6.95834807e-07	
0.98483333	6.03966604e-07	
0.98641667	3.72612103e-07	
0.98800000	1.54221540e-07	
0.98958333	2.22927733e-07	
0.99116667	2.21847122e-07	
0.99275000	2.91504532e-07	
0.99433333	3.74643511e-07	
0.99591667	4.89845636e-07	
0.99750000	6.42598986e-07	
0.99908333	6.33308113e-07	
1.00066667	7.01796498e-07	
1.00225000	7.29927624e-07	
1.00383333	6.56858682e-07	
1.00541667	4.65906382e-07	
1.00700000	2.65188643e-07	
1.00858333	3.01616066e-07	
1.01016667	3.22270437e-07	
1.01175000	2.84158486e-07	
1.01333333	4.34664288e-07	
1.01491667	5.24069499e-07	
1.01650000	8.31865246e-07	
1.01808333	7.85671014e-07	
1.01966667	6.06300061e-07	
1.02125000	5.80848991e-07	
1.02283333	6.07294834e-07	
1.02441667	6.11659334e-07	
1.02600000	3.30005896e-07	
1.02758333	1.12824728e-07	
1.02916667	1.98599079e-07	
1.03075000	2.09100278e-07	
1.03233333	2.68991298e-07	
1.03391667	1.11096903e-07	
1.03550000	3.88903178e-07	
1.03708333	6.66235518e-07	
1.03866667	5.88281589e-07	
1.04025000	6.02757230e-07	
1.04183333	6.61913693e-07	
1.04341667	7.03785651e-07	
1.04500000	6.46185051e-07	
1.04658333	2.82386819e-07	
1.04816667	3.35710340e-07	
1.04975000	2.74047485e-07	
1.05133333	2.65058997e-07	
1.05291667	2.79189467e-07	
1.05450000	1.73450451e-07	
1.05608333	4.75931083e-07	
1.05766667	5.58638227e-07	
1.05925000	5.76441649e-07	
1.06083333	6.07899325e-07	
1.06241667	6.12954840e-07	
1.06400000	7.14155973e-07	
1.06558333	4.66036307e-07	
1.06716667	4.30991615e-07	
1.06875000	4.28355969e-07	
1.07033333	3.99749857e-07	
1.07191667	4.01174841e-07	
1.07350000	2.51560264e-07	
1.07508333	4.59467437e-07	
1.07666667	7.09403543e-07	
1.07825000	7.05298335e-07	
1.07983333	7.61861209e-07	
1.08141667	6.73451610e-07	
1.08300000	8.51914874e-07	
1.08458333	7.56072790e-07	
1.08616667	3.68334295e-07	
1.08775000	2.59744387e-07	
1.08933333	1.58931225e-07	
1.09091667	2.91720002e-07	
1.09250000	2.22755805e-07	
1.09408333	2.00414583e-07	
1.09566667	4.03205604e-07	
1.09725000	4.53849657e-07	
1.09883333	4.64134854e-07	
1.10041667	5.79120194e-07	
1.10200000	5.07605209e-07	
1.10358333	5.96361519e-07	
1.10516667	4.63485057e-07	
1.10675000	3.56191915e-07	
1.10833333	2.71540420e-07	
1.10991667	3.08184236e-07	
1.11150000	3.52821319e-07	
1.11308333	1.98384310e-07	
1.11466667	2.40385242e-07	
1.11625000	5.03241437e-07	
1.11783333	6.57980244e-07	
1.11941667	7.16144174e-07	
1.12100000	6.57982036e-07	
1.12258333	8.34760128e-07	
1.12416667	7.85585666e-07	
1.12575000	4.86042561e-07	
1.12733333	3.40809228e-07	
1.12891667	2.35286409e-07	
1.13050000	2.15322732e-07	
1.13208333	2.25305208e-07	
1.13366667	2.25649847e-07	
1.13525000	4.15911202e-07	
1.13683333	5.59588477e-07	
1.13841667	7.43757333e-07	
1.14000000	7.04390535e-07	
1.14158333	6.53746958e-07	
1.14316667	8.31646221e-07	
1.14475000	6.62260012e-07	
1.14633333	5.34050211e-07	
1.14791667	3.99532903e-07	
1.14950000	3.03819933e-07	
1.15108333	3.19505620e-07	
1.15266667	7.57416556e-08	
1.15425000	2.42242874e-07	
1.15583333	3.47419877e-07	
1.15741667	5.74583150e-07	
1.15900000	5.49866609e-07	
1.16058333	4.63787863e-07	
1.16216667	5.93120374e-07	
1.16375000	5.81453986e-07	
1.16533333	5.63693181e-07	
1.16691667	4.23644897e-07	
1.16850000	3.22227259e-07	
1.17008333	4.50480293e-07	
1.17166667	3.41371018e-07	
1.17325000	2.20724538e-07	
1.17483333	4.05150655e-07	
1.17641667	5.14735225e-07	
1.17800000	7.96171429e-07	
1.17958333	6.70080875e-07	
1.18116667	7.20508170e-07	
1.18275000	8.32860243e-07	
1.18433333	6.35598224e-07	
1.18591667	4.86517798e-07	
1.18750000	2.19082068e-07	
1.18908333	2.39780527e-07	
1.19066667	2.66787571e-07	
1.19225000	1.30239570e-07	
1.19383333	2.31657265e-07	
1.19541667	2.83121628e-07	
1.19700000	5.96146414e-07	
1.19858333	4.54411782e-07	
1.20016667	4.12971826e-07	
1.20175000	6.45276410e-07	
1.20333333	6.42711271e-07	
1.20491667	6.63772696e-07	
1.20650000	4.08133153e-07	
1.20808333	2.06118649e-07	
1.20966667	2.86362185e-07	
1.21125000	1.22245323e-07	
1.21283333	1.91936586e-07	
1.21441667	1.81167779e-07	
1.21600000	3.05116783e-07	
1.21758333	6.72672167e-07	
1.21916667	6.23282039e-07	
1.22075000	7.01969434e-07	
1.22233333	6.73798770e-07	
1.22391667	7.75517198e-07	
1.22550000	6.76648738e-07	
1.22708333	3.93872393e-07	
1.22866667	3.93095330e-07	
1.23025000	4.17422654e-07	
1.23183333	3.30870658e-07	
1.23341667	3.26851302e-07	
1.23500000	1.80969404e-07	
1.23658333	4.85869681e-07	
1.23816667	6.23714603e-07	
1.23975000	5.78299253e-07	
1.24133333	6.30455849e-07	
1.24291667	6.69778069e-07	
1.24450000	6.86373574e-07	
1.24608333	4.92092793e-07	
1.24766667	2.78800334e-07	
1.24925000	3.18727858e-07	
1.25083333	2.03699130e-07	
1.25241667	2.56849561e-07	
1.25400000	7.11694144e-08	
1.25558333	3.21709851e-07	
1.25716667	5.62440293e-07	
1.25875000	5.77695042e-07	
1.26033333	5.65206033e-07	
1.26191667	5.12402888e-07	
1.26350000	6.16065723e-07	
1.26508333	7.11823692e-07	
1.26666667	4.21095887e-07	
1.26825000	3.81211457e-07	
1.26983333	2.72102853e-07	
1.27141667	4.84270474e-07	
1.27300000	4.79691764e-07	
1.27458333	2.56762421e-07	
1.27616667	5.57213523e-07	
1.27775000	5.34353913e-07	
1.27933333	5.02679228e-07	
1.28091667	5.48267961e-07	
1.28250000	6.23584845e-07	
1.28408333	7.64153056e-07	
1.28566667	4.33325380e-07	
1.28725000	2.82430725e-07	
1.28883333	3.05245449e-07	
1.29041667	3.56884050e-07	
1.29200000	4.30732883e-07	
@ 
0.00000000	3.52172642e-07	
0.00158333	3.99793427e-07	
0.00316667	5.01296974e-07	
0.00475000	5.05271864e-07	
0.00633333	6.17578855e-07	
0.00791667	4.77400141e-07	
0.00950000	6.38926173e-07	
0.01108333	6.10060966e-07	
0.01266667	2.81565766e-07	
0.01425000	1.64246480e-07	
0.01583333	-8.59889271e-09	
0.01741667	6.55090584e-08	
0.01900000	1.09751738e-08	
0.02058333	-5.74283649e-08	
0.02216667	3.11942733e-07	
0.02375000	5.35520053e-07	
0.02533333	5.73804771e-07	
0.02691667	4.45813156e-07	
0.02850000	5.44766964e-07	
0.03008333	6.19867062e-07	
0.03166667	5.20957832e-07	
0.03325000	3.00406495e-07	
0.03483333	1.60486807e-07	
0.03641667	1.04052739e-07	
0.03800000	2.34508815e-07	
0.03958333	1.08157821e-07	
0.04116667	1.00725581e-07	
0.04275000	2.88868578e-07	
0.04433333	4.50522379e-07	
0.04591667	5.52934147e-07	
0.04750000	3.47808814e-07	
0.04908333	4.76234785e-07	
0.05066667	4.73339343e-07	
0.05225000	2.73269190e-07	
0.05383333	1.92204152e-07	
0.05541667	1.69211365e-08	
0.05700000	5.25446937e-08	
0.05858333	2.76553587e-08	
0.06016667	-6.86806278e-08	
0.06175000	-3.96734971e-09	
0.06333333	1.97951004e-07	
0.06491667	3.59649202e-07	
0.06650000	4.09644577e-07	
0.06808333	4.10379666e-07	
0.06966667	5.28131306e-07	
0.07125000	3.70926932e-07	
0.07283333	2.78411621e-07	
0.07441667	7.97245963e-08	
0.07600000	1.42727402e-07	
0.07758333	1.16671190e-07	
0.07916667	4.31252461e-08	
0.08075000	2.31181439e-07	
0.08233333	2.52614287e-07	
0.08391667	4.34015359e-07	
0.08550000	4.78006313e-07	
0.08708333	4.16904687e-07	
0.08866667	5.44637878e-07	
0.09025000	4.81203440e-07	
0.09183333	4.40714015e-07	
0.09341667	2.58490799e-07	
0.09500000	1.08140747e-07	
0.09658333	2.25485480e-07	
0.09816667	1.45751664e-07	
0.09975000	1.02333238e-07	
0.10133333	7.28110861e-08	
0.10291667	1.81790527e-07	
0.10450000	4.67547927e-07	
0.10608333	3.54723305e-07	
0.10766667	3.43573904e-07	
0.10925000	4.00354880e-07	
0.11083333	3.58353220e-07	
0.11241667	2.11779859e-07	
0.11400000	6.54244106e-09	
0.11558333	6.53270153e-08	
0.11716667	8.30959126e-08	
0.11875000	1.14726538e-07	
0.12033333	1.34404491e-07	
0.12191667	8.66821665e-08	
0.12350000	3.02178471e-07	
0.12508333	4.42096801e-07	
0.12666667	4.25935316e-07	
0.12825000	4.76104075e-07	
0.12983333	5.07950520e-07	
0.13141667	5.19531728e-07	
0.13300000	1.88678080e-07	
0.13458333	6.82744765e-08	
0.13616667	2.46953497e-07	
0.13775000	1.60228174e-07	
0.13933333	5.02892310e-08	
0.14091667	7.52741256e-08	
0.14250000	2.70201456e-07	
0.14408333	4.71178598e-07	
0.14566667	3.34672333e-07	
0.14725000	3.97026987e-07	
0.14883333	3.71661237e-07	
0.15041667	4.64393782e-07	
0.15200000	4.35744072e-07	
0.15358333	1.37973573e-07	
0.15516667	9.46503160e-08	
0.15675000	-1.49946186e-08	
0.15833333	9.06146209e-08	
0.15991667	1.76380796e-07	
0.16150000	3.75944134e-08	
0.16308333	2.64064477e-07	
0.16466667	4.15478527e-07	
0.16625000	4.60288826e-07	
0.16783333	5.50038649e-07	
0.16941667	5.44637486e-07	
0.17100000	5.44550906e-07	
0.17258333	3.69198806e-07	
0.17416667	2.16403090e-07	
0.17575000	1.55059520e-07	
0.17733333	5.44031581e-08	
0.17891667	1.46962536e-07	
0.18050000	-3.59081987e-08	
0.18208333	7.96824544e-08	
0.18366667	2.38441143e-07	
0.18525000	4.13750009e-07	
0.18683333	3.87736562e-07	
0.18841667	3.95082272e-07	
0.19000000	5.13353363e-07	
0.19158333	5.15037582e-07	
0.19316667	1.92938681e-07	
0.19475000	6.41694293e-08	
0.19633333	4.84007449e-09	
0.19791667	1.80019028e-07	
0.19950000	3.99360920e-08	
0.20108333	-1.08348944e-07	
0.20266667	2.51188603e-07	
0.20425000	4.63874834e-07	
0.20583333	5.89405335e-07	
0.20741667	4.39980018e-07	
0.20900000	3.76371720e-07	
0.21058333	5.36729987e-07	
0.21216667	4.64221126e-07	
0.21375000	2.36150612e-07	
0.21533333	1.06265713e-07	
0.21691667	3.56925751e-08	
0.21850000	1.32961712e-07	
0.22008333	9.72514227e-08	
0.22166667	1.04243196e-07	
0.22325000	2.48508911e-07	
0.22483333	2.88047581e-07	
0.22641667	3.85705575e-07	
0.22800000	2.26557466e-07	
0.22958333	3.99663921e-07	
0.23116667	4.20577556e-07	
0.23275000	2.18564087e-07	
0.23433333	4.41789333e-08	
0.23591667	-1.12522926e-08	
0.23750000	1.50375889e-07	
0.23908333	5.18105183e-08	
0.24066667	5.62182766e-08	
0.24225000	2.16834982e-07	
0.24383333	3.16005071e-07	
0.24541667	5.27094195e-07	
0.24700000	4.21960482e-07	
0.24858333	4.04589174e-07	
0.25016667	4.73987516e-07	
0.25175000	4.17120633e-07	
0.25333333	2.05773421e-07	
0.25491667	7.63544421e-08	
0.25650000	1.50375819e-07	
0.25808333	1.18157784e-07	
0.25966667	1.81314506e-08	
0.26125000	8.16268267e-08	
0.26283333	1.67919573e-07	
0.26441667	4.25287479e-07	
0.26600000	4.33151744e-07	
0.26758333	3.01486532e-07	
0.26916667	3.09609920e-07	
0.27075000	3.02696046e-07	
0.27233333	2.69380319e-07	
0.27391667	3.62538672e-08	
0.27550000	-1.46383722e-07	
0.27708333	9.11719422e-09	
0.27866667	4.39377970e-08	
0.28025000	6.44973800e-08	
0.28183333	1.48258840e-07	
0.28341667	2.47730868e-07	
0.28500000	4.59856514e-07	
0.28658333	4.20101758e-07	
0.28816667	4.46115402e-07	
0.28975000	4.86863614e-07	
0.29133333	4.62059877e-07	
0.29291667	4.02125680e-07	
0.29450000	6.58972609e-08	
0.29608333	-3.08703317e-08	
0.29766667	-4.91063424e-08	
0.29925000	-1.31924602e-07	
0.30083333	-1.29263054e-07	
0.30241667	-1.54957483e-08	
0.30400000	4.13101220e-07	
0.30558333	5.01167104e-07	
0.30716667	4.42658674e-07	
0.30875000	4.83017809e-07	
0.31033333	3.79008066e-07	
0.31191667	3.85619639e-07	
0.31350000	2.34292183e-07	
0.31508333	4.17425125e-08	
0.31666667	4.77484180e-08	
0.31825000	7.82080168e-09	
0.31983333	6.31050876e-08	
0.32141667	7.59653716e-08	
0.32300000	2.00804262e-07	
0.32458333	4.54065882e-07	
0.32616667	3.57488989e-07	
0.32775000	4.75758652e-07	
0.32933333	3.94693670e-07	
0.33091667	3.86958715e-07	
0.33250000	3.24301788e-07	
0.33408333	4.85782702e-08	
0.33566667	-2.59466998e-10	
0.33725000	-2.96434671e-08	
0.33883333	1.65585342e-08	
0.34041667	4.20526684e-08	
0.34200000	8.43664206e-08	
0.34358333	3.16826404e-07	
0.34516667	3.06629103e-07	
0.34675000	3.49235198e-07	
0.34833333	4.19151480e-07	
0.34991667	3.86526880e-07	
0.35150000	4.37603104e-07	
0.35308333	1.95445522e-07	
0.35466667	2.05163036e-08	
0.35625000	3.34449142e-08	
0.35783333	-5.98048665e-08	
0.35941667	1.12358479e-07	
0.36100000	9.45465644e-08	
0.36258333	1.90821982e-07	
0.36416667	4.21527638e-07	
0.36575000	3.62198072e-07	
0.36733333	3.96162672e-07	
0.36891667	3.72958731e-07	
0.37050000	4.59813364e-07	
0.37208333	3.09783416e-07	
0.37366667	3.87347086e-08	
0.37525000	7.25087565e-08	
0.37683333	-1.64262480e-09	
0.37841667	-5.77740369e-08	
0.38000000	-9.72307141e-09	
0.38158333	-6.06857860e-08	
0.38316667	2.18261464e-07	
0.38475000	2.90424720e-07	
0.38633333	3.94996000e-07	
0.38791667	3.86958547e-07	
0.38950000	3.49710632e-07	
0.39108333	4.51213954e-07	
0.39266667	2.31873462e-07	
0.39425000	1.41690222e-07	
0.39583333	3.43967014e-08	
0.39741667	-6.13671073e-09	
0.39900000	1.48647876e-07	
0.40058333	-2.07239977e-08	
0.40216667	4.69796610e-08	
0.40375000	2.97329717e-07	
0.40533333	4.79950664e-07	
0.40691667	4.84313764e-07	
0.40850000	4.04329323e-07	
0.41008333	4.71176302e-07	
0.41166667	4.63271071e-07	
0.41325000	3.00579599e-07	
0.41483333	1.19651679e-07	
0.41641667	-1.22962561e-07	
0.41800000	-5.73503744e-08	
0.41958333	-3.45953353e-08	
0.42116667	-1.30852755e-07	
0.42275000	1.07985060e-07	
0.42433333	3.73217939e-07	
0.42591667	5.27828780e-07	
0.42750000	3.61161690e-07	
0.42908333	3.07967311e-07	
0.43066667	4.71264114e-07	
0.43225000	4.07527570e-07	
0.43383333	2.59830155e-07	
0.43541667	9.38982933e-08	
0.43700000	1.29504635e-07	
0.43858333	2.25822979e-07	
0.44016667	4.30383547e-08	
0.44175000	-1.38238167e-09	
0.44333333	1.77512537e-07	
0.44491667	4.91055290e-07	
0.44650000	6.55389960e-07	
0.44808333	6.25270184e-07	
0.44966667	6.77081301e-07	
0.45125000	7.69595828e-07	
0.45283333	6.71895804e-07	
0.45441667	5.38371869e-07	
0.45600000	3.21924817e-07	
0.45758333	4.79777224e-07	
0.45916667	4.21043497e-07	
0.46075000	3.26636000e-07	
0.46233333	4.81636059e-07	
0.46391667	8.10474135e-07	
0.46550000	1.07229557e-06	
0.46708333	1.02025020e-06	
0.46866667	1.09994883e-06	
0.47025000	1.50757342e-06	
0.47183333	1.58459189e-06	
0.47341667	1.73863072e-06	
0.47500000	1.80569037e-06	
0.47658333	2.40334515e-06	
0.47816667	3.11887156e-06	
0.47975000	3.81510578e-06	
0.48133333	5.48207254e-06	
0.48291667	7.78651054e-06	
0.48450000	1.08875525e-05	
0.48608333	1.48574962e-05	
0.48766667	1.93409472e-05	
0.48925000	2.56903687e-05	
0.49083333	3.39904716e-05	
0.49241667	4.56930148e-05	
0.49400000	6.11400275e-05	
0.49558333	8.90339025e-05	
0.49716667	1.43081076e-04	
0.49875000	2.04855866e-04	
0.50033333	2.12481168e-04	
0.50191667	1.97424653e-04	
0.50350000	2.06319551e-04	
0.50508333	2.40291503e-04	
0.50666667	2.76734606e-04	
0.50825000	3.00447958e-04	
0.50983333	2.72911797e-04	
0.51141667	2.66265300e-04	
0.51300000	6.10542126e-04	
0.51458333	8.37009020e-04	
0.51616667	4.51372670e-04	
0.51775000	9.72470342e-04	
0.51933333	1.76909224e-03	
0.52091667	1.27403911e-03	
0.52250000	2.11433237e-03	
0.52408333	1.93607468e-03	
0.52566667	2.48617856e-03	
0.52725000	2.69336462e-03	
0.52883333	3.26804701e-03	
0.53041667	4.24476582e-03	
0.53200000	5.71494248e-03	
0.53358333	6.13623748e-03	
0.53516667	6.75507903e-03	
0.53675000	7.65620473e-03	
0.53833333	8.13948908e-03	
0.53991667	9.09654833e-03	
0.54150000	9.91335163e-03	
0.54308333	1.22499033e-02	
0.54466667	1.34728204e-02	
0.54625000	1.54624070e-02	
0.54783333	2.02049814e-02	
0.54941667	2.57250249e-02	
0.55100000	2.75960500e-02	
0.55258333	3.38483735e-02	
0.55416667	6.37061081e-02	
0.55575000	2.47061325e-01	
0.55733333	2.79470312e-01	
0.55891667	4.03418304e-01	
0.56050000	5.69648215e-01	
0.56208333	9.50185233e-01	
0.56366667	1.12496182e+00	
0.56525000	1.15443648e+00	
0.56683333	2.12854366e+00	
0.56841667	2.47271899e+00	
0.57000000	2.60717844e+00	
0.57158333	3.26999240e+00	
0.57316667	5.59395997e+00	
0.57475000	7.51950048e+00	
0.57633333	8.63494743e+00	
0.57791667	1.01573003e+01	
0.57950000	1.17258273e+01	
0.58108333	1.22055651e+01	
0.58266667	1.25037853e+01	
0.58425000	1.34816022e+01	
0.58583333	1.37617743e+01	
0.58741667	1.42468029e+01	
0.58900000	1.46329289e+01	
0.59058333	1.53357677e+01	
0.59216667	1.58976659e+01	
0.59375000	1.62565858e+01	
0.59533333	1.66214758e+01	
0.59691667	1.77219089e+01	
0.59850000	1.90889515e+01	
0.60008333	1.94704004e+01	
0.60166667	1.97081106e+01	
0.60325000	1.98233071e+01	
0.60483333	2.05434113e+01	
0.60641667	2.14710770e+01	
0.60800000	2.21346363e+01	
0.60958333	2.23884902e+01	
0.61116667	2.29524385e+01	
0.61275000	2.37514476e+01	
0.61433333	2.43510468e+01	
0.61591667	2.49021475e+01	
0.61750000	2.55167535e+01	
0.61908333	2.66473148e+01	
0.62066667	2.77200101e+01	
0.62225000	2.91836570e+01	
0.62383333	2.96509033e+01	
0.62541667	2.98549865e+01	
0.62700000	3.04112247e+01	
0.62858333	3.03838533e+01	
0.63016667	3.07127729e+01	
0.63175000	3.16274763e+01	
0.63333333	3.22269422e+01	
0.63491667	3.25859467e+01	
0.63650000	3.35330558e+01	
0.63808333	3.43686271e+01	
0.63966667	3.46099377e+01	
0.64125000	3.48705734e+01	
