start voltage : 0.00 V 
set voltage : 0.10 V 
High G : 30.00 G0 
Intermediate G : 20.00 G0 
Low G : 10.00 G0 
Breaking speed 1 : 300.00 V/s 
Breaking speed 2 : 300.00 V/s 
Making speed : 500.00 V/s 
Post breaking : 230.00 V/s 
@ 
0.00000000	3.94675930e+01	
0.00158333	3.98982714e+01	
0.00316667	3.98939682e+01	
0.00475000	3.98827648e+01	
0.00633333	3.98009887e+01	
0.00791667	4.00600985e+01	
0.00950000	3.96757746e+01	
0.01108333	3.99166267e+01	
0.01266667	3.98905444e+01	
0.01425000	3.97449793e+01	
0.01583333	3.98604444e+01	
0.01741667	3.98782398e+01	
0.01900000	3.97292547e+01	
0.02058333	3.97703325e+01	
0.02216667	3.97682204e+01	
0.02375000	3.97403566e+01	
0.02533333	3.97681264e+01	
0.02691667	3.98888043e+01	
0.02850000	3.96750793e+01	
0.03008333	3.98635939e+01	
0.03166667	3.98779504e+01	
0.03325000	3.96700695e+01	
0.03483333	3.97970763e+01	
0.03641667	3.97692764e+01	
0.03800000	3.97213435e+01	
0.03958333	3.97234406e+01	
0.04116667	3.95630229e+01	
0.04275000	3.96351853e+01	
0.04433333	3.95602305e+01	
0.04591667	3.95992939e+01	
0.04750000	3.95964075e+01	
0.04908333	3.93693557e+01	
0.05066667	3.95944720e+01	
0.05225000	3.95022066e+01	
0.05383333	3.95874365e+01	
0.05541667	3.95643984e+01	
0.05700000	3.92197617e+01	
0.05858333	3.94913678e+01	
0.06016667	3.94302434e+01	
0.06175000	3.94095842e+01	
0.06333333	3.91577954e+01	
0.06491667	3.90917176e+01	
0.06650000	3.93157478e+01	
0.06808333	3.91565214e+01	
0.06966667	3.91088967e+01	
0.07125000	3.91959531e+01	
0.07283333	3.91905863e+01	
0.07441667	3.91028383e+01	
0.07600000	3.88868959e+01	
0.07758333	3.89611931e+01	
0.07916667	3.88562210e+01	
0.08075000	3.87633768e+01	
0.08233333	3.86283649e+01	
0.08391667	3.85198525e+01	
0.08550000	3.85892940e+01	
0.08708333	3.84669173e+01	
0.08866667	3.83790190e+01	
0.09025000	3.84179697e+01	
0.09183333	3.83599684e+01	
0.09341667	3.84311650e+01	
0.09500000	3.83165304e+01	
0.09658333	3.82427819e+01	
0.09816667	3.83822286e+01	
0.09975000	3.82858817e+01	
0.10133333	3.82746445e+01	
0.10291667	3.81825407e+01	
0.10450000	3.82463185e+01	
0.10608333	3.82192063e+01	
0.10766667	3.82744228e+01	
0.10925000	3.82212584e+01	
0.11083333	3.79556355e+01	
0.11241667	3.78366488e+01	
0.11400000	3.79791735e+01	
0.11558333	3.78644524e+01	
0.11716667	3.78773658e+01	
0.11875000	3.76351156e+01	
0.12033333	3.75834808e+01	
0.12191667	3.78124456e+01	
0.12350000	3.77815601e+01	
0.12508333	3.80075521e+01	
0.12666667	3.75410800e+01	
0.12825000	3.75093189e+01	
0.12983333	3.75495173e+01	
0.13141667	3.72863636e+01	
0.13300000	3.75290874e+01	
0.13458333	3.73522122e+01	
0.13616667	3.74992205e+01	
0.13775000	3.73887726e+01	
0.13933333	3.73646859e+01	
0.14091667	3.72889230e+01	
0.14250000	3.70966276e+01	
0.14408333	3.71434481e+01	
0.14566667	3.73285952e+01	
0.14725000	3.71376002e+01	
0.14883333	3.71475521e+01	
0.15041667	3.69097328e+01	
0.15200000	3.69184182e+01	
0.15358333	3.56708471e+01	
0.15516667	3.60145329e+01	
0.15675000	3.59941932e+01	
0.15833333	3.60074148e+01	
0.15991667	3.60322907e+01	
0.16150000	3.59083281e+01	
0.16308333	3.58297165e+01	
0.16466667	3.59542691e+01	
0.16625000	3.57399202e+01	
0.16783333	3.57600495e+01	
0.16941667	3.50957123e+01	
0.17100000	3.42132867e+01	
0.17258333	3.40231222e+01	
0.17416667	3.39905268e+01	
0.17575000	3.38676428e+01	
0.17733333	3.37064433e+01	
0.17891667	3.36835104e+01	
0.18050000	3.38877458e+01	
0.18208333	3.36493177e+01	
0.18366667	3.39357651e+01	
0.18525000	3.37641064e+01	
0.18683333	3.38719761e+01	
0.18841667	3.36774596e+01	
0.19000000	3.36650611e+01	
0.19158333	3.39186049e+01	
0.19316667	3.37233931e+01	
0.19475000	3.35892681e+01	
0.19633333	3.36646289e+01	
0.19791667	3.32664557e+01	
0.19950000	3.33563045e+01	
0.20108333	3.33667788e+01	
0.20266667	3.32463791e+01	
0.20425000	3.26480332e+01	
0.20583333	3.27826956e+01	
0.20741667	3.28520318e+01	
0.20900000	3.24388557e+01	
0.21058333	3.27006038e+01	
0.21216667	3.27000551e+01	
0.21375000	3.26255513e+01	
0.21533333	3.26670500e+01	
0.21691667	3.22938693e+01	
0.21850000	3.22915242e+01	
0.22008333	3.14500392e+01	
0.22166667	3.03826788e+01	
0.22325000	3.01159548e+01	
0.22483333	2.98701905e+01	
0.22641667	3.00856594e+01	
0.22800000	3.04758650e+01	
0.22958333	3.01640380e+01	
0.23116667	2.97376816e+01	
0.23275000	2.95348236e+01	
0.23433333	2.96887584e+01	
0.23591667	2.95966546e+01	
0.23750000	2.96336247e+01	
0.23908333	2.95193565e+01	
0.24066667	2.94594742e+01	
0.24225000	2.95149762e+01	
0.24383333	2.94027920e+01	
0.24541667	2.93381649e+01	
0.24700000	2.94024087e+01	
0.24858333	2.94143186e+01	
0.25016667	2.95255125e+01	
0.25175000	2.90263792e+01	
0.25333333	2.87642215e+01	
0.25491667	2.85184967e+01	
0.25650000	2.86698495e+01	
0.25808333	2.87252539e+01	
0.25966667	2.85209809e+01	
0.26125000	2.82996698e+01	
0.26283333	2.82775055e+01	
0.26441667	2.81509459e+01	
0.26600000	2.82026183e+01	
0.26758333	2.81521861e+01	
0.26916667	2.80678694e+01	
0.27075000	2.81619858e+01	
0.27233333	2.79944254e+01	
0.27391667	2.81826525e+01	
0.27550000	2.77040750e+01	
0.27708333	2.75247889e+01	
0.27866667	2.75953409e+01	
0.28025000	2.75264406e+01	
0.28183333	2.72403953e+01	
0.28341667	2.59638611e+01	
0.28500000	2.58049128e+01	
0.28658333	2.58238357e+01	
0.28816667	2.57486309e+01	
0.28975000	2.57319931e+01	
0.29133333	2.56817075e+01	
0.29291667	2.55443730e+01	
0.29450000	2.53416541e+01	
0.29608333	2.52755462e+01	
0.29766667	2.52707356e+01	
0.29925000	2.51664757e+01	
0.30083333	2.52189091e+01	
0.30241667	2.51503321e+01	
0.30400000	2.52712787e+01	
0.30558333	2.50547274e+01	
0.30716667	2.48188512e+01	
0.30875000	2.45812481e+01	
0.31033333	2.44360249e+01	
0.31191667	2.45334072e+01	
0.31350000	2.45693362e+01	
0.31508333	2.42762724e+01	
0.31666667	2.41075338e+01	
0.31825000	2.37511638e+01	
0.31983333	2.38389513e+01	
0.32141667	2.38499968e+01	
0.32300000	2.37576111e+01	
0.32458333	2.37272707e+01	
0.32616667	2.36071772e+01	
0.32775000	2.36455415e+01	
0.32933333	2.35885362e+01	
0.33091667	2.35185911e+01	
0.33250000	2.35365613e+01	
0.33408333	2.28161037e+01	
0.33566667	2.11441211e+01	
0.33725000	2.12028741e+01	
0.33883333	2.10480336e+01	
0.34041667	2.11189990e+01	
0.34200000	2.08081680e+01	
0.34358333	2.07985374e+01	
0.34516667	2.06242216e+01	
0.34675000	2.04445032e+01	
0.34833333	2.03896945e+01	
0.34991667	2.01618742e+01	
0.35150000	2.01106622e+01	
0.35308333	2.00145990e+01	
0.35466667	1.99832495e+01	
0.35625000	2.00471851e+01	
0.35783333	2.01042242e+01	
0.35941667	2.01069434e+01	
0.36100000	2.00075955e+01	
0.36258333	1.99245585e+01	
0.36416667	1.98936036e+01	
0.36575000	1.99118048e+01	
0.36733333	1.97985871e+01	
0.36891667	1.93645470e+01	
0.37050000	1.90799148e+01	
0.37208333	1.90432642e+01	
0.37366667	1.90735050e+01	
0.37525000	1.87536635e+01	
0.37683333	1.72403455e+01	
0.37841667	1.71906105e+01	
0.38000000	1.72468698e+01	
0.38158333	1.72662418e+01	
0.38316667	1.72603470e+01	
0.38475000	1.73267894e+01	
0.38633333	1.74136767e+01	
0.38791667	1.72480443e+01	
0.38950000	1.67848626e+01	
0.39108333	1.66992568e+01	
0.39266667	1.66597537e+01	
0.39425000	1.68048114e+01	
0.39583333	1.69566209e+01	
0.39741667	1.67766733e+01	
0.39900000	1.65569764e+01	
0.40058333	1.58218861e+01	
0.40216667	1.55237044e+01	
0.40375000	1.57754490e+01	
0.40533333	1.57806297e+01	
0.40691667	1.57475673e+01	
0.40850000	1.44368978e+01	
0.41008333	1.39025439e+01	
0.41166667	1.35162318e+01	
0.41325000	1.34124934e+01	
0.41483333	1.34784425e+01	
0.41641667	1.34995404e+01	
0.41800000	1.34093534e+01	
0.41958333	1.31992090e+01	
0.42116667	1.31830353e+01	
0.42275000	1.32525858e+01	
0.42433333	1.32447949e+01	
0.42591667	1.32029410e+01	
0.42750000	1.33121937e+01	
0.42908333	1.30792518e+01	
0.43066667	1.30451831e+01	
0.43225000	1.28915565e+01	
0.43383333	1.28296109e+01	
0.43541667	1.27389653e+01	
0.43700000	1.27375447e+01	
0.43858333	1.28094713e+01	
0.44016667	1.26035766e+01	
0.44175000	1.26211334e+01	
0.44333333	1.25162703e+01	
0.44491667	1.24645077e+01	
0.44650000	1.25242002e+01	
0.44808333	1.26547022e+01	
0.44966667	1.18084114e+01	
0.45125000	1.11651580e+01	
0.45283333	1.08995501e+01	
0.45441667	1.08885319e+01	
0.45600000	1.07377287e+01	
0.45758333	1.08470312e+01	
0.45916667	1.05461248e+01	
0.46075000	1.02888274e+01	
0.46233333	1.01399315e+01	
0.46391667	9.89956697e+00	
0.46550000	9.86664738e+00	
0.46708333	9.78995247e+00	
0.46866667	9.58859121e+00	
0.47025000	9.46468779e+00	
0.47183333	9.00477480e+00	
0.47341667	9.02992323e+00	
0.47500000	9.01565310e+00	
0.47658333	8.89078474e+00	
0.47816667	8.64330205e+00	
0.47975000	8.43981079e+00	
0.48133333	8.62091407e+00	
0.48291667	8.80814613e+00	
0.48450000	7.24459467e+00	
0.48608333	7.06240995e+00	
0.48766667	6.97208099e+00	
0.48925000	6.96872392e+00	
0.49083333	6.97701794e+00	
0.49241667	7.03844866e+00	
0.49400000	6.70645481e+00	
0.49558333	6.62453215e+00	
0.49716667	6.84772282e+00	
0.49875000	6.81108162e+00	
0.50033333	6.70491110e+00	
0.50191667	6.69088291e+00	
0.50350000	6.64521482e+00	
0.50508333	6.57293352e+00	
0.50666667	6.44104002e+00	
0.50825000	6.52435418e+00	
0.50983333	6.58226435e+00	
0.51141667	6.38357427e+00	
0.51300000	6.23909482e+00	
0.51458333	6.15089069e+00	
0.51616667	5.86731409e+00	
0.51775000	6.02462614e+00	
0.51933333	5.89276083e+00	
0.52091667	5.94491428e+00	
0.52250000	6.00387488e+00	
0.52408333	6.04659132e+00	
0.52566667	5.74448553e+00	
0.52725000	5.45165139e+00	
0.52883333	5.52587947e+00	
0.53041667	5.23067104e+00	
0.53200000	5.24749257e+00	
0.53358333	5.03881114e+00	
0.53516667	4.90182614e+00	
0.53675000	4.73743352e+00	
0.53833333	4.56006174e+00	
0.53991667	4.49053007e+00	
0.54150000	4.53360731e+00	
0.54308333	4.58886226e+00	
0.54466667	4.53378817e+00	
0.54625000	4.39971113e+00	
0.54783333	4.44226925e+00	
0.54941667	4.38486270e+00	
0.55100000	4.10971213e+00	
0.55258333	4.15647716e+00	
0.55416667	3.77783806e+00	
0.55575000	3.79624793e+00	
0.55733333	3.79593223e+00	
0.55891667	3.89676742e+00	
0.56050000	3.58990861e+00	
0.56208333	2.88801808e+00	
0.56366667	2.85555043e+00	
0.56525000	2.87183781e+00	
0.56683333	2.62594346e+00	
0.56841667	2.65944322e+00	
0.57000000	2.64288407e+00	
0.57158333	2.64609034e+00	
0.57316667	2.65128239e+00	
0.57475000	2.59565184e+00	
0.57633333	2.31023534e+00	
0.57791667	2.04961775e+00	
0.57950000	1.90722789e+00	
0.58108333	1.86732933e+00	
0.58266667	1.90103850e+00	
0.58425000	1.83700870e+00	
0.58583333	1.79687713e+00	
0.58741667	1.81862585e+00	
0.58900000	1.75973819e+00	
0.59058333	1.67579628e+00	
0.59216667	1.64186666e+00	
0.59375000	1.64046283e+00	
0.59533333	1.08077061e+00	
0.59691667	8.54242364e-01	
0.59850000	6.98465685e-01	
0.60008333	7.33568057e-01	
0.60166667	7.07831340e-01	
0.60325000	9.12911641e-01	
0.60483333	9.68756523e-01	
0.60641667	9.64919687e-01	
0.60800000	9.63762964e-01	
0.60958333	9.72152174e-01	
0.61116667	9.92149668e-01	
0.61275000	9.63501236e-01	
0.61433333	9.62510463e-01	
0.61591667	9.27407387e-01	
0.61750000	8.87635136e-01	
0.61908333	9.00626401e-01	
0.62066667	8.59575166e-01	
0.62225000	8.33496448e-01	
0.62383333	8.31077534e-01	
0.62541667	8.58224246e-01	
0.62700000	7.97557921e-01	
0.62858333	7.62275681e-01	
0.63016667	7.29552409e-01	
0.63175000	2.25097554e-01	
0.63333333	1.08922345e-01	
0.63491667	1.46564761e-01	
0.63650000	2.26679241e-01	
0.63808333	2.30694771e-01	
0.63966667	1.97637409e-01	
0.64125000	4.52752939e-02	
0.64283333	1.11734430e-01	
0.64441667	5.31162826e-02	
0.64600000	9.80135698e-03	
0.64758333	7.51014622e-03	
0.64916667	6.36603070e-03	
0.65075000	6.84375518e-03	
0.65233333	5.33218530e-03	
0.65391667	3.78125549e-03	
0.65550000	4.09189683e-03	
0.65708333	3.71336013e-03	
0.65866667	2.63507756e-03	
0.66025000	2.74712932e-03	
0.66183333	3.46106388e-03	
0.66341667	2.73605318e-03	
0.66500000	2.37572126e-03	
0.66658333	2.37796282e-03	
0.66816667	1.88991045e-03	
0.66975000	3.08489399e-03	
0.67133333	8.85503301e-03	
0.67291667	1.36064820e-02	
0.67450000	1.01379465e-02	
0.67608333	4.73343065e-03	
0.67766667	3.70015832e-04	
0.67925000	4.02154780e-05	
0.68083333	5.81041483e-06	
0.68241667	-7.90397424e-06	
0.68400000	-1.31144462e-05	
0.68558333	-1.29622798e-05	
0.68716667	-1.04427456e-05	
0.68875000	-7.13747681e-06	
0.69033333	-3.76517439e-06	
0.69191667	-4.96916065e-07	
0.69350000	2.23367008e-06	
0.69508333	4.47476207e-06	
0.69666667	6.14208456e-06	
0.69825000	7.54286466e-06	
0.69983333	8.23387922e-06	
0.70141667	8.25065130e-06	
0.70300000	7.86073582e-06	
0.70458333	7.60328645e-06	
0.70616667	6.95013362e-06	
0.70775000	6.23869696e-06	
0.70933333	5.38419673e-06	
0.71091667	4.60569549e-06	
0.71250000	4.25053652e-06	
0.71408333	3.61805690e-06	
0.71566667	3.23589083e-06	
0.71725000	2.89726671e-06	
0.71883333	2.70547893e-06	
0.72041667	2.58720499e-06	
0.72200000	2.33309515e-06	
0.72358333	2.12853119e-06	
0.72516667	2.08728915e-06	
0.72675000	2.04463651e-06	
0.72833333	1.82092406e-06	
0.72991667	1.56359139e-06	
0.73150000	1.53928865e-06	
0.73308333	1.55153573e-06	
0.73466667	1.57526097e-06	
0.73625000	1.65024442e-06	
0.73783333	1.73727803e-06	
0.73941667	1.88842982e-06	
0.74100000	1.88351325e-06	
0.74258333	1.91438430e-06	
0.74416667	1.92005646e-06	
0.74575000	1.74779262e-06	
0.74733333	1.46717243e-06	
0.74891667	1.00268008e-06	
0.75050000	8.91193749e-07	
0.75208333	7.39565153e-07	
0.75366667	5.86162958e-07	
0.75525000	4.70529473e-07	
0.75683333	5.42735865e-07	
0.75841667	7.18823278e-07	
0.76000000	7.15841480e-07	
0.76158333	7.66962366e-07	
0.76316667	7.01538607e-07	
0.76475000	5.69700683e-07	
0.76633333	5.84867843e-07	
0.76791667	2.90771263e-07	
0.76950000	1.76536371e-07	
0.77108333	1.50246370e-07	
0.77266667	2.20853512e-07	
0.77425000	1.05435469e-07	
0.77583333	1.96223131e-07	
0.77741667	1.69951274e-07	
0.77900000	4.30775893e-07	
0.78058333	4.95981607e-07	
0.78216667	4.80036516e-07	
0.78375000	4.23819009e-07	
0.78533333	5.82877458e-07	
0.78691667	6.11831933e-07	
0.78850000	3.39728072e-07	
0.79008333	1.99420650e-07	
0.79166667	1.66839690e-07	
0.79325000	1.99516484e-07	
0.79483333	1.82153213e-07	
0.79641667	8.33977661e-08	
0.79800000	3.62547528e-08	
0.79958333	4.61498060e-07	
0.80116667	4.99828252e-07	
0.80275000	4.83969068e-07	
0.80433333	2.66224942e-07	
0.80591667	6.20690411e-07	
0.80750000	4.68221889e-07	
0.80908333	2.19687582e-07	
0.81066667	3.03844994e-07	
0.81225000	2.84676874e-07	
0.81383333	4.20966941e-07	
0.81541667	3.36574374e-07	
0.81700000	3.23179525e-07	
0.81858333	5.80770196e-07	
0.82016667	6.51499969e-07	
0.82175000	6.81661523e-07	
0.82333333	5.20311899e-07	
0.82491667	4.45164787e-07	
0.82650000	5.28848306e-07	
0.82808333	3.09818138e-07	
0.82966667	5.04883339e-08	
0.83125000	2.50625771e-08	
0.83283333	1.23705463e-07	
0.83441667	1.19894296e-07	
0.83600000	8.34242903e-08	
0.83758333	2.28027238e-07	
0.83916667	3.49537500e-07	
0.84075000	7.00975613e-07	
0.84233333	6.30801945e-07	
0.84391667	4.88505328e-07	
0.84550000	6.07207470e-07	
0.84708333	4.10941119e-07	
0.84866667	4.36488906e-07	
0.85025000	6.46958039e-08	
0.85183333	1.17319461e-07	
0.85341667	3.16092491e-07	
0.85500000	2.11320092e-07	
0.85658333	1.95445844e-07	
0.85816667	3.92446569e-07	
0.85975000	5.58379271e-07	
0.86133333	5.78299029e-07	
0.86291667	5.61964608e-07	
0.86450000	7.66053613e-07	
0.86608333	5.31847296e-07	
0.86766667	5.22862533e-07	
0.86925000	1.65230794e-07	
0.87083333	5.82227780e-08	
0.87241667	1.98081504e-07	
0.87400000	1.71532617e-07	
0.87558333	1.26349635e-07	
0.87716667	2.41111399e-07	
0.87875000	3.75334358e-07	
0.88033333	4.89241089e-07	
0.88191667	4.37601984e-07	
0.88350000	3.85014448e-07	
0.88508333	4.76494357e-07	
0.88666667	2.98098744e-07	
0.88825000	3.36643789e-07	
0.88983333	1.74099016e-07	
0.89141667	2.67262136e-07	
0.89300000	2.37992115e-07	
0.89458333	2.16620170e-07	
0.89616667	3.13291890e-07	
0.89775000	2.85420671e-07	
0.89933333	2.85999093e-07	
0.90091667	4.41015757e-07	
0.90250000	3.61852621e-07	
0.90408333	5.56694715e-07	
0.90566667	5.10455513e-07	
0.90725000	4.09558697e-07	
0.90883333	1.24578472e-07	
0.91041667	1.49209231e-07	
0.91200000	2.70762713e-07	
0.91358333	1.80226279e-07	
0.91516667	2.17914668e-07	
0.91675000	2.31733946e-07	
0.91833333	3.05161501e-07	
0.91991667	4.17422738e-07	
0.92150000	4.24293714e-07	
0.92308333	4.90535643e-07	
0.92466667	4.83537233e-07	
0.92625000	5.56219646e-07	
0.92783333	3.75249010e-07	
0.92941667	-1.66450371e-08	
0.93100000	1.61267024e-08	
0.93258333	1.21726908e-07	
0.93416667	1.30195832e-07	
0.93575000	7.33722313e-08	
0.93733333	1.91858746e-08	
0.93891667	3.10033719e-07	
0.94050000	4.63167047e-07	
0.94208333	4.47238952e-07	
0.94366667	5.55138237e-07	
0.94525000	5.74238567e-07	
0.94683333	5.24198249e-07	
0.94841667	2.80097912e-07	
0.95000000	1.59484152e-07	
0.95158333	2.13767276e-07	
0.95316667	5.41189349e-08	
0.95475000	9.34149496e-08	
0.95633333	6.08846369e-08	
0.95791667	1.77676974e-07	
0.95950000	3.28735731e-07	
0.96108333	3.32555410e-07	
0.96266667	4.56313627e-07	
0.96425000	5.20224311e-07	
0.96583333	4.91229402e-07	
0.96741667	4.22695319e-07	
0.96900000	1.86569334e-07	
0.97058333	3.17388277e-07	
0.97216667	1.89396382e-07	
0.97375000	2.31915716e-07	
0.97533333	1.19721220e-07	
0.97691667	2.06118257e-07	
0.97850000	4.64877587e-07	
0.98008333	5.03716562e-07	
0.98166667	4.18590418e-07	
0.98325000	3.15745864e-07	
0.98483333	4.84746439e-07	
0.98641667	4.98522329e-07	
0.98800000	1.99982775e-07	
0.98958333	7.32517069e-08	
0.99116667	6.20945432e-08	
0.99275000	-4.64955368e-08	
0.99433333	1.00033943e-07	
0.99591667	7.04512312e-08	
0.99750000	2.94658706e-07	
0.99908333	5.62507328e-07	
1.00066667	5.66113050e-07	
1.00225000	4.45959771e-07	
1.00383333	3.60168009e-07	
1.00541667	6.39529040e-07	
1.00700000	4.44863129e-07	
1.00858333	1.47436486e-07	
1.01016667	1.40159911e-07	
1.01175000	1.20906135e-07	
1.01333333	3.12176236e-07	
1.01491667	2.76830194e-07	
1.01650000	9.92310416e-08	
1.01808333	3.93561411e-07	
1.01966667	5.36773501e-07	
1.02125000	5.79768927e-07	
1.02283333	4.84399615e-07	
1.02441667	5.54402028e-07	
1.02600000	6.55303156e-07	
1.02758333	4.33625889e-07	
1.02916667	1.90924859e-07	
1.03075000	1.14363404e-07	
1.03233333	1.60253893e-07	
1.03391667	1.93388731e-07	
1.03550000	-7.17464468e-09	
1.03708333	2.92792086e-07	
1.03866667	3.79181814e-07	
1.04025000	4.91099028e-07	
1.04183333	5.56865971e-07	
1.04341667	3.76112344e-07	
1.04500000	6.82223844e-07	
1.04658333	5.71905670e-07	
1.04816667	3.21149994e-07	
1.04975000	1.68308594e-07	
1.05133333	8.25336193e-08	
1.05291667	8.13238111e-08	
1.05450000	4.25027921e-08	
1.05608333	7.93617420e-08	
1.05766667	2.70373720e-07	
1.05925000	3.28408172e-07	
1.06083333	4.54671689e-07	
1.06241667	4.83796132e-07	
1.06400000	4.60677035e-07	
1.06558333	5.37075467e-07	
1.06716667	5.79335467e-07	
1.06875000	3.61879418e-07	
1.07033333	1.20473040e-07	
1.07191667	2.00457593e-07	
1.07350000	2.43410218e-07	
1.07508333	2.69898623e-07	
1.07666667	2.65707955e-07	
1.07825000	3.43573372e-07	
1.07983333	5.02507636e-07	
1.08141667	4.99438306e-07	
1.08300000	5.70174296e-07	
1.08458333	7.11398689e-07	
1.08616667	3.77428235e-07	
1.08775000	2.07182514e-07	
1.08933333	4.85698664e-08	
1.09091667	1.39658857e-08	
1.09250000	1.86543880e-07	
1.09408333	1.40524361e-07	
1.09566667	1.34499989e-07	
1.09725000	1.88489394e-07	
1.09883333	4.42882432e-07	
1.10041667	5.07173821e-07	
1.10200000	4.90796054e-07	
1.10358333	5.21777485e-07	
1.10516667	5.26100207e-07	
1.10675000	6.35771720e-07	
1.10833333	4.88229179e-07	
1.10991667	1.15340017e-07	
1.11150000	1.18399197e-07	
1.11308333	1.28069865e-07	
1.11466667	1.23066474e-07	
1.11625000	1.81444194e-07	
1.11783333	4.58257894e-07	
1.11941667	5.01685519e-07	
1.12100000	5.14649485e-07	
1.12258333	5.69657505e-07	
1.12416667	5.08426429e-07	
1.12575000	4.97780464e-07	
1.12733333	5.07605993e-07	
1.12891667	1.29288479e-07	
1.13050000	1.18053381e-07	
1.13208333	2.40039679e-07	
1.13366667	2.53469333e-07	
1.13525000	3.64013226e-07	
1.13683333	2.55985806e-07	
1.13841667	4.81853405e-07	
1.14000000	5.27871174e-07	
1.14158333	4.74979489e-07	
1.14316667	5.08771797e-07	
1.14475000	5.82034844e-07	
1.14633333	6.57289565e-07	
1.14791667	4.77183580e-07	
1.14950000	3.00863784e-07	
1.15108333	1.60184422e-07	
1.15266667	1.56331911e-07	
1.15425000	2.36193762e-07	
1.15583333	1.66381086e-07	
1.15741667	2.57540660e-07	
1.15900000	4.86734640e-07	
1.16058333	5.16680024e-07	
1.16216667	5.41396733e-07	
1.16375000	5.70305510e-07	
1.16533333	6.43046166e-07	
1.16691667	5.13757869e-07	
1.16850000	4.38079097e-07	
1.17008333	3.62457644e-07	
1.17166667	2.25305096e-07	
1.17325000	2.53520856e-07	
1.17483333	1.32261849e-07	
1.17641667	5.05056072e-08	
1.17800000	1.76777294e-07	
1.17958333	3.64186469e-07	
1.18116667	4.36176580e-07	
1.18275000	4.78523664e-07	
1.18433333	4.51949603e-07	
1.18591667	5.61057815e-07	
1.18750000	4.31378984e-07	
1.18908333	2.34289085e-08	
1.19066667	2.00890940e-07	
1.19225000	1.75369433e-07	
1.19383333	2.87607569e-07	
1.19541667	9.75535353e-08	
1.19700000	2.08754729e-07	
1.19858333	2.92497625e-07	
1.20016667	4.24640006e-07	
1.20175000	5.48224055e-07	
1.20333333	3.52476372e-07	
1.20491667	4.11200775e-07	
1.20650000	3.34240106e-07	
1.20808333	1.82094593e-07	
1.20966667	2.48641105e-07	
1.21125000	7.57065280e-08	
1.21283333	2.86924255e-07	
1.21441667	2.43671050e-07	
1.21600000	2.22945248e-07	
1.21758333	1.85549794e-07	
1.21916667	2.87797138e-07	
1.22075000	5.86163966e-07	
1.22233333	6.20215622e-07	
1.22391667	5.51378509e-07	
1.22550000	6.40565591e-07	
1.22708333	5.20568054e-07	
1.22866667	3.92327284e-07	
1.23025000	2.96646767e-07	
@ 
0.00000000	1.08582376e-07	
0.00158333	3.23845031e-07	
0.00316667	1.49123533e-07	
0.00475000	3.37131592e-08	
0.00633333	1.79101594e-07	
0.00791667	4.44991123e-07	
0.00950000	4.67583545e-07	
0.01108333	4.15003346e-07	
0.01266667	4.86647500e-07	
0.01425000	6.11875223e-07	
0.01583333	4.46913269e-07	
0.01741667	3.25391541e-07	
0.01900000	2.21717981e-07	
0.02058333	3.48802999e-07	
0.02216667	2.98547912e-07	
0.02375000	2.23835674e-07	
0.02533333	1.16774683e-07	
0.02691667	2.89438823e-07	
0.02850000	4.98271214e-07	
0.03008333	5.21649071e-07	
0.03166667	7.00915243e-07	
0.03325000	6.18053365e-07	
0.03483333	4.97236063e-07	
0.03641667	3.59823426e-07	
0.03800000	2.59872773e-07	
0.03958333	2.34335473e-07	
0.04116667	2.76769431e-07	
0.04275000	3.16654029e-07	
0.04433333	1.57747850e-07	
0.04591667	2.30022929e-07	
0.04750000	5.66589239e-07	
0.04908333	5.61705988e-07	
0.05066667	5.72075693e-07	
0.05225000	5.93166856e-07	
0.05383333	4.16946857e-07	
0.05541667	4.50522939e-07	
0.05700000	1.79474949e-07	
0.05858333	1.40601071e-07	
0.06016667	3.33722978e-07	
0.06175000	2.14847480e-07	
0.06333333	2.24353781e-07	
0.06491667	2.14666312e-07	
0.06650000	5.63003230e-07	
0.06808333	7.04997378e-07	
0.06966667	5.66977953e-07	
0.07125000	7.02877907e-07	
0.07283333	6.12005149e-07	
0.07441667	5.72422685e-07	
0.07600000	4.34578072e-07	
0.07758333	3.62113158e-08	
0.07916667	-1.56484934e-09	
0.08075000	8.94041616e-08	
0.08233333	1.67790655e-07	
0.08391667	1.97994728e-07	
0.08550000	1.50833906e-07	
0.08708333	3.86777547e-07	
0.08866667	4.78955443e-07	
0.09025000	4.78739889e-07	
0.09183333	5.70780075e-07	
0.09341667	5.13092167e-07	
0.09500000	6.85852135e-07	
0.09658333	5.13567796e-07	
0.09816667	2.62293061e-07	
0.09975000	1.75827744e-07	
0.10133333	2.84460984e-07	
0.10291667	2.59224684e-07	
0.10450000	1.69345509e-07	
0.10608333	2.85845506e-07	
0.10766667	4.68793675e-07	
0.10925000	5.11494695e-07	
0.11083333	6.40308931e-07	
0.11241667	6.85593851e-07	
0.11400000	7.60132020e-07	
0.11558333	5.18969463e-07	
0.11716667	2.34932362e-07	
0.11875000	7.67867045e-08	
0.12033333	5.69868970e-08	
0.12191667	2.30792362e-07	
0.12350000	1.63303762e-07	
0.12508333	2.18822049e-07	
0.12666667	5.67904514e-07	
0.12825000	5.11149328e-07	
0.12983333	6.55950993e-07	
0.13141667	5.96403801e-07	
0.13300000	6.01287948e-07	
0.13458333	6.32269266e-07	
0.13616667	4.87513467e-07	
0.13775000	2.85239531e-07	
0.13933333	2.05090541e-07	
0.14091667	3.25295916e-08	
0.14250000	1.41689284e-07	
0.14408333	7.51350714e-10	
0.14566667	6.02457673e-08	
0.14725000	3.44914017e-07	
0.14883333	6.08073045e-07	
0.15041667	8.22012948e-07	
0.15200000	5.92126329e-07	
0.15358333	6.43809368e-07	
0.15516667	6.04573000e-07	
0.15675000	4.24059848e-07	
0.15833333	4.52511337e-07	
0.15991667	2.96214371e-07	
0.16150000	2.52743849e-07	
0.16308333	3.49667286e-07	
0.16466667	3.05202551e-07	
0.16625000	2.22184202e-07	
0.16783333	4.01392327e-07	
0.16941667	5.49953245e-07	
0.17100000	4.09990785e-07	
0.17258333	5.67159849e-07	
0.17416667	6.55474692e-07	
0.17575000	4.90666017e-07	
0.17733333	4.36867763e-07	
0.17891667	2.85065895e-07	
0.18050000	2.43435923e-07	
0.18208333	2.73571883e-07	
0.18366667	2.51569781e-08	
0.18525000	3.06092459e-07	
0.18683333	3.36392534e-07	
0.18841667	4.91704303e-07	
0.19000000	5.51638752e-07	
0.19158333	4.29781569e-07	
0.19316667	4.95765213e-07	
0.19475000	4.94468979e-07	
0.19633333	3.27965724e-07	
0.19791667	1.48344916e-07	
0.19950000	2.14907221e-07	
0.20108333	3.85704791e-07	
0.20266667	2.58533893e-07	
0.20425000	1.68481544e-07	
0.20583333	4.58516738e-07	
0.20741667	3.65995182e-07	
0.20900000	5.35622482e-07	
0.21058333	6.00683681e-07	
0.21216667	7.20508450e-07	
0.21375000	5.85299007e-07	
0.21533333	5.96667517e-07	
0.21691667	4.12789734e-07	
0.21850000	2.38743725e-07	
0.22008333	3.99835541e-07	
0.22166667	3.64497955e-07	
0.22325000	3.45034562e-07	
0.22483333	4.57695741e-07	
0.22641667	4.20714034e-07	
0.22800000	4.86111724e-07	
0.22958333	5.38199773e-07	
0.23116667	5.99472963e-07	
0.23275000	6.99159788e-07	
0.23433333	6.10232614e-07	
0.23591667	4.78998957e-07	
0.23750000	2.85870427e-07	
0.23908333	2.23575570e-07	
0.24066667	3.25036065e-07	
0.24225000	3.42279210e-07	
0.24383333	3.55509524e-07	
0.24541667	1.17189031e-07	
0.24700000	4.03379296e-07	
0.24858333	5.56088656e-07	
0.25016667	5.69268343e-07	
0.25175000	5.21563107e-07	
0.25333333	7.04217935e-07	
0.25491667	7.53399566e-07	
0.25650000	5.23207005e-07	
0.25808333	2.12254340e-07	
0.25966667	4.03465260e-07	
0.26125000	3.73217295e-07	
0.26283333	3.06974330e-07	
0.26441667	2.97934517e-07	
0.26600000	3.96465898e-07	
0.26758333	7.03500879e-07	
0.26916667	5.00268039e-07	
0.27075000	5.06309142e-07	
0.27233333	5.45934112e-07	
0.27391667	5.03198427e-07	
0.27550000	5.80460614e-07	
0.27708333	2.64239009e-07	
0.27866667	2.00718410e-07	
0.28025000	2.77461202e-07	
0.28183333	2.11260435e-07	
0.28341667	4.23256324e-07	
0.28500000	2.37533622e-07	
0.28658333	3.39384384e-07	
0.28816667	7.35502283e-07	
0.28975000	6.67531137e-07	
0.29133333	7.13767707e-07	
0.29291667	5.71170413e-07	
0.29450000	7.29324589e-07	
0.29608333	5.32191992e-07	
0.29766667	3.17440332e-07	
0.29925000	2.63460434e-07	
0.30083333	2.78585284e-07	
0.30241667	3.53435611e-07	
0.30400000	3.42624606e-07	
0.30558333	2.38483985e-07	
0.30716667	4.42960780e-07	
0.30875000	5.30422088e-07	
0.31033333	6.78246713e-07	
0.31191667	6.13647031e-07	
0.31350000	6.70686654e-07	
0.31508333	7.64949076e-07	
0.31666667	5.32830477e-07	
0.31825000	2.91029015e-07	
0.31983333	2.56200604e-07	
0.32141667	3.55414292e-07	
0.32300000	3.94737352e-07	
0.32458333	2.00846376e-07	
0.32616667	4.13707699e-07	
0.32775000	6.84254439e-07	
0.32933333	5.86509837e-07	
0.33091667	5.59849113e-07	
0.33250000	4.67720919e-07	
0.33408333	5.49200403e-07	
0.33566667	4.75083597e-07	
0.33725000	2.56675813e-07	
0.33883333	2.61083939e-07	
0.34041667	2.58447929e-07	
0.34200000	2.84849809e-07	
0.34358333	1.97597740e-07	
0.34516667	2.21330401e-07	
0.34675000	3.36444253e-07	
0.34833333	5.41611110e-07	
0.34991667	6.55993667e-07	
0.35150000	4.95074870e-07	
0.35308333	4.77158210e-07	
0.35466667	5.14866382e-07	
0.35625000	4.21969050e-07	
0.35783333	3.77885496e-07	
0.35941667	2.09489090e-07	
0.36100000	2.67868027e-07	
0.36258333	2.62700424e-07	
0.36416667	2.73164801e-07	
0.36575000	4.58258202e-07	
0.36733333	5.21044692e-07	
0.36891667	7.26687151e-07	
0.37050000	6.34258308e-07	
0.37208333	6.56512138e-07	
0.37366667	8.51051091e-07	
0.37525000	6.23324713e-07	
0.37683333	4.39849952e-07	
0.37841667	2.78757436e-07	
0.38000000	3.02264211e-07	
0.38158333	4.58906319e-07	
0.38316667	3.99274564e-07	
0.38475000	4.46419299e-07	
0.38633333	3.77918677e-07	
0.38791667	6.18444206e-07	
0.38950000	5.35000798e-07	
0.39108333	4.61325348e-07	
0.39266667	6.04054304e-07	
0.39425000	6.33395141e-07	
0.39583333	6.33911988e-07	
0.39741667	4.81808043e-07	
0.39900000	1.89482290e-07	
0.40058333	2.56200576e-07	
0.40216667	2.03353147e-07	
0.40375000	2.34465763e-07	
0.40533333	3.42494372e-07	
0.40691667	3.22012097e-07	
0.40850000	6.20819777e-07	
0.41008333	6.26696288e-07	
0.41166667	6.41865969e-07	
0.41325000	7.41855152e-07	
0.41483333	7.07283232e-07	
0.41641667	6.30327099e-07	
0.41800000	3.13369705e-07	
0.41958333	2.90079016e-07	
0.42116667	3.74902130e-07	
0.42275000	3.24128880e-07	
0.42433333	4.03897151e-07	
0.42591667	2.68758915e-07	
0.42750000	5.60554240e-07	
0.42908333	8.81517578e-07	
0.43066667	6.80104821e-07	
0.43225000	6.94625264e-07	
0.43383333	8.15747163e-07	
0.43541667	7.70156582e-07	
0.43700000	5.26013235e-07	
0.43858333	4.22911264e-07	
0.44016667	6.52277844e-07	
0.44175000	6.03146224e-07	
0.44333333	7.83889630e-07	
0.44491667	6.41345426e-07	
0.44650000	7.83753656e-07	
0.44808333	1.19475907e-06	
0.44966667	1.18114441e-06	
0.45125000	1.52746204e-06	
0.45283333	1.74396216e-06	
0.45441667	1.91087451e-06	
0.45600000	1.86508226e-06	
0.45758333	1.82620666e-06	
0.45916667	2.01359813e-06	
0.46075000	2.44114931e-06	
0.46233333	3.09631554e-06	
0.46391667	3.82824173e-06	
0.46550000	4.54619170e-06	
0.46708333	6.52420359e-06	
0.46866667	9.24720123e-06	
0.47025000	1.28056260e-05	
0.47183333	1.65940499e-05	
0.47341667	2.08026307e-05	
0.47500000	2.57911536e-05	
0.47658333	3.10393023e-05	
0.47816667	3.88731524e-05	
0.47975000	5.30128317e-05	
0.48133333	7.97010129e-05	
0.48291667	1.20144375e-04	
0.48450000	1.83396721e-04	
0.48608333	3.07444269e-04	
0.48766667	4.11514622e-04	
0.48925000	3.91439365e-04	
0.49083333	3.72922357e-04	
0.49241667	4.13943450e-04	
0.49400000	7.66711469e-04	
0.49558333	1.26312950e-03	
0.49716667	6.54491967e-04	
0.49875000	7.97556470e-04	
0.50033333	1.93775676e-03	
0.50191667	1.49436694e-03	
0.50350000	4.55692799e-03	
0.50508333	7.79765854e-03	
0.50666667	7.44963916e-03	
0.50825000	9.99003822e-03	
0.50983333	1.19680509e-02	
0.51141667	1.68961374e-02	
0.51300000	2.41632823e-02	
0.51458333	3.57861408e-02	
0.51616667	4.82441140e-02	
0.51775000	5.50574154e-02	
0.51933333	5.63949100e-02	
0.52091667	8.92837661e-02	
0.52250000	1.78894296e-01	
0.52408333	1.83046738e-01	
0.52566667	2.57974093e-01	
0.52725000	2.67487319e-01	
0.52883333	1.99974874e-01	
0.53041667	2.37370022e-01	
0.53200000	2.82154594e-01	
0.53358333	3.08409511e-01	
0.53516667	3.23265639e-01	
0.53675000	3.61740906e-01	
0.53833333	8.39450831e-01	
0.53991667	2.90064844e+00	
0.54150000	7.63457527e+00	
0.54308333	8.35689407e+00	
0.54466667	9.10521162e+00	
0.54625000	9.13120566e+00	
0.54783333	9.30322145e+00	
0.54941667	9.89293269e+00	
0.55100000	1.04654424e+01	
0.55258333	1.10887309e+01	
0.55416667	1.31875077e+01	
0.55575000	1.33703153e+01	
0.55733333	1.37122921e+01	
0.55891667	1.42818562e+01	
0.56050000	1.45794713e+01	
0.56208333	1.55140926e+01	
0.56366667	1.58749641e+01	
0.56525000	1.59740939e+01	
0.56683333	1.61976806e+01	
0.56841667	1.67484318e+01	
0.57000000	1.69713233e+01	
0.57158333	1.71059819e+01	
0.57316667	1.82778089e+01	
0.57475000	1.99563835e+01	
0.57633333	2.10421237e+01	
0.57791667	2.12767672e+01	
0.57950000	2.13525169e+01	
0.58108333	2.15978414e+01	
0.58266667	2.28435917e+01	
0.58425000	2.45933422e+01	
0.58583333	2.50641250e+01	
0.58741667	2.53592784e+01	
0.58900000	2.54531806e+01	
0.59058333	2.56359243e+01	
0.59216667	2.55923097e+01	
0.59375000	2.63987131e+01	
0.59533333	2.75389876e+01	
0.59691667	2.87087175e+01	
0.59850000	2.91119643e+01	
0.60008333	2.94758433e+01	
0.60166667	2.96572623e+01	
0.60325000	2.99104415e+01	
0.60483333	2.98636324e+01	
0.60641667	3.01638351e+01	
0.60800000	3.07040725e+01	
0.60958333	3.20851353e+01	
0.61116667	3.42642074e+01	
0.61275000	3.44846034e+01	
0.61433333	3.45439125e+01	
