start voltage : 0.00 V 
set voltage : 0.10 V 
High G : 30.00 G0 
Intermediate G : 20.00 G0 
Low G : 10.00 G0 
Breaking speed 1 : 300.00 V/s 
Breaking speed 2 : 300.00 V/s 
Making speed : 500.00 V/s 
Post breaking : 230.00 V/s 
@ 
0.00000000	3.74625699e+01	
0.00158333	3.80492350e+01	
0.00316667	3.78956348e+01	
0.00475000	3.78587399e+01	
0.00633333	3.77722622e+01	
0.00791667	3.79012308e+01	
0.00950000	3.79162188e+01	
0.01108333	3.78887271e+01	
0.01266667	3.79061504e+01	
0.01425000	3.78700034e+01	
0.01583333	3.80045342e+01	
0.01741667	3.79578077e+01	
0.01900000	3.77663392e+01	
0.02058333	3.77844239e+01	
0.02216667	3.77971945e+01	
0.02375000	3.77204771e+01	
0.02533333	3.78439586e+01	
0.02691667	3.75678689e+01	
0.02850000	3.78324997e+01	
0.03008333	3.77784633e+01	
0.03166667	3.75923540e+01	
0.03325000	3.77552260e+01	
0.03483333	3.74899263e+01	
0.03641667	3.77440076e+01	
0.03800000	3.76510318e+01	
0.03958333	3.75478224e+01	
0.04116667	3.76626937e+01	
0.04275000	3.75382425e+01	
0.04433333	3.76941805e+01	
0.04591667	3.76175495e+01	
0.04750000	3.75040047e+01	
0.04908333	3.74334922e+01	
0.05066667	3.73135284e+01	
0.05225000	3.74319626e+01	
0.05383333	3.73545536e+01	
0.05541667	3.72731533e+01	
0.05700000	3.73602248e+01	
0.05858333	3.72019793e+01	
0.06016667	3.73125587e+01	
0.06175000	3.71911179e+01	
0.06333333	3.72193425e+01	
0.06491667	3.71591614e+01	
0.06650000	3.71803354e+01	
0.06808333	3.70843418e+01	
0.06966667	3.70697748e+01	
0.07125000	3.70375101e+01	
0.07283333	3.71116193e+01	
0.07441667	3.66011116e+01	
0.07600000	3.70954813e+01	
0.07758333	3.68516526e+01	
0.07916667	3.67218083e+01	
0.08075000	3.67827411e+01	
0.08233333	3.64329406e+01	
0.08391667	3.65919791e+01	
0.08550000	3.64178887e+01	
0.08708333	3.64563508e+01	
0.08866667	3.66083764e+01	
0.09025000	3.61651792e+01	
0.09183333	3.63104850e+01	
0.09341667	3.62609924e+01	
0.09500000	3.61950724e+01	
0.09658333	3.63388035e+01	
0.09816667	3.60422614e+01	
0.09975000	3.61609775e+01	
0.10133333	3.59977748e+01	
0.10291667	3.60010257e+01	
0.10450000	3.60489210e+01	
0.10608333	3.59431146e+01	
0.10766667	3.60928025e+01	
0.10925000	3.60352485e+01	
0.11083333	3.60489962e+01	
0.11241667	3.61632926e+01	
0.11400000	3.58578696e+01	
0.11558333	3.58642249e+01	
0.11716667	3.57398488e+01	
0.11875000	3.55935659e+01	
0.12033333	3.56274993e+01	
0.12191667	3.54506278e+01	
0.12350000	3.55340087e+01	
0.12508333	3.54246469e+01	
0.12666667	3.53855985e+01	
0.12825000	3.53474183e+01	
0.12983333	3.51754364e+01	
0.13141667	3.52517742e+01	
0.13300000	3.49072240e+01	
0.13458333	3.47642822e+01	
0.13616667	3.46932735e+01	
0.13775000	3.45993770e+01	
0.13933333	3.47087049e+01	
0.14091667	3.45980541e+01	
0.14250000	3.46052174e+01	
0.14408333	3.45942507e+01	
0.14566667	3.45812396e+01	
0.14725000	3.36788351e+01	
0.14883333	3.26813089e+01	
0.15041667	3.27534676e+01	
0.15200000	3.27194177e+01	
0.15358333	3.26358752e+01	
0.15516667	3.26402799e+01	
0.15675000	3.25013819e+01	
0.15833333	3.27349957e+01	
0.15991667	3.25713082e+01	
0.16150000	3.23828200e+01	
0.16308333	3.23289076e+01	
0.16466667	3.22183282e+01	
0.16625000	3.20933208e+01	
0.16783333	3.23290467e+01	
0.16941667	3.21812867e+01	
0.17100000	3.21512507e+01	
0.17258333	3.19622175e+01	
0.17416667	3.19885366e+01	
0.17575000	3.21205682e+01	
0.17733333	3.22076923e+01	
0.17891667	3.21376044e+01	
0.18050000	3.18949596e+01	
0.18208333	3.18763524e+01	
0.18366667	3.18464366e+01	
0.18525000	3.18323394e+01	
0.18683333	3.17119960e+01	
0.18841667	3.06860930e+01	
0.19000000	3.03574834e+01	
0.19158333	3.03618449e+01	
0.19316667	3.02431363e+01	
0.19475000	3.01770322e+01	
0.19633333	3.02085377e+01	
0.19791667	2.99760646e+01	
0.19950000	2.96865561e+01	
0.20108333	2.97339534e+01	
0.20266667	2.98433265e+01	
0.20425000	2.96564937e+01	
0.20583333	2.96540941e+01	
0.20741667	2.93038106e+01	
0.20900000	2.93318266e+01	
0.21058333	2.89831629e+01	
0.21216667	2.89482562e+01	
0.21375000	2.80261978e+01	
0.21533333	2.78316381e+01	
0.21691667	2.74451174e+01	
0.21850000	2.73701607e+01	
0.22008333	2.71130615e+01	
0.22166667	2.66173802e+01	
0.22325000	2.66809287e+01	
0.22483333	2.67097245e+01	
0.22641667	2.66700279e+01	
0.22800000	2.66047881e+01	
0.22958333	2.66524279e+01	
0.23116667	2.66351700e+01	
0.23275000	2.66542131e+01	
0.23433333	2.63923259e+01	
0.23591667	2.60919353e+01	
0.23750000	2.60938276e+01	
0.23908333	2.59637428e+01	
0.24066667	2.61096950e+01	
0.24225000	2.60692748e+01	
0.24383333	2.58796798e+01	
0.24541667	2.57547644e+01	
0.24700000	2.57405732e+01	
0.24858333	2.57679503e+01	
0.25016667	2.57288531e+01	
0.25175000	2.56338385e+01	
0.25333333	2.56230748e+01	
0.25491667	2.54920279e+01	
0.25650000	2.54652521e+01	
0.25808333	2.46811089e+01	
0.25966667	2.45677070e+01	
0.26125000	2.46113067e+01	
0.26283333	2.44056300e+01	
0.26441667	2.41390675e+01	
0.26600000	2.36800011e+01	
0.26758333	2.35054879e+01	
0.26916667	2.36279773e+01	
0.27075000	2.33932605e+01	
0.27233333	2.34391170e+01	
0.27391667	2.34654060e+01	
0.27550000	2.33312454e+01	
0.27708333	2.34750366e+01	
0.27866667	2.32701548e+01	
0.28025000	2.29586773e+01	
0.28183333	2.29298608e+01	
0.28341667	2.29553681e+01	
0.28500000	2.28734492e+01	
0.28658333	2.27169381e+01	
0.28816667	2.27336587e+01	
0.28975000	2.25748100e+01	
0.29133333	2.23974236e+01	
0.29291667	2.23493441e+01	
0.29450000	2.25266440e+01	
0.29608333	2.26976263e+01	
0.29766667	2.27094667e+01	
0.29925000	2.25974084e+01	
0.30083333	2.25660119e+01	
0.30241667	2.25654801e+01	
0.30400000	2.26569318e+01	
0.30558333	2.26270254e+01	
0.30716667	2.25634262e+01	
0.30875000	2.24674081e+01	
0.31033333	2.23930715e+01	
0.31191667	2.13674730e+01	
0.31350000	2.10243753e+01	
0.31508333	2.09363530e+01	
0.31666667	1.99541943e+01	
0.31825000	1.96696523e+01	
0.31983333	1.98579395e+01	
0.32141667	1.97262537e+01	
0.32300000	1.99676978e+01	
0.32458333	1.96453044e+01	
0.32616667	1.91374801e+01	
0.32775000	1.92637390e+01	
0.32933333	1.91860012e+01	
0.33091667	1.91286576e+01	
0.33250000	1.89911502e+01	
0.33408333	1.88363735e+01	
0.33566667	1.88755629e+01	
0.33725000	1.87734057e+01	
0.33883333	1.87861011e+01	
0.34041667	1.87184467e+01	
0.34200000	1.86084348e+01	
0.34358333	1.86767939e+01	
0.34516667	1.85922780e+01	
0.34675000	1.87097050e+01	
0.34833333	1.85458465e+01	
0.34991667	1.85207169e+01	
0.35150000	1.85070744e+01	
0.35308333	1.83273034e+01	
0.35466667	1.84788329e+01	
0.35625000	1.81832397e+01	
0.35783333	1.81310017e+01	
0.35941667	1.82303646e+01	
0.36100000	1.81258247e+01	
0.36258333	1.81190429e+01	
0.36416667	1.81866203e+01	
0.36575000	1.80133736e+01	
0.36733333	1.60844159e+01	
0.36891667	1.55677654e+01	
0.37050000	1.55010928e+01	
0.37208333	1.55613772e+01	
0.37366667	1.54968601e+01	
0.37525000	1.55484977e+01	
0.37683333	1.54161344e+01	
0.37841667	1.54661259e+01	
0.38000000	1.53830579e+01	
0.38158333	1.54616085e+01	
0.38316667	1.54864778e+01	
0.38475000	1.52569991e+01	
0.38633333	1.50157392e+01	
0.38791667	1.51627973e+01	
0.38950000	1.52113061e+01	
0.39108333	1.51299886e+01	
0.39266667	1.50150758e+01	
0.39425000	1.50543751e+01	
0.39583333	1.50227098e+01	
0.39741667	1.49905767e+01	
0.39900000	1.49984220e+01	
0.40058333	1.49173262e+01	
0.40216667	1.49968811e+01	
0.40375000	1.48075134e+01	
0.40533333	1.46468082e+01	
0.40691667	1.28091716e+01	
0.40850000	1.26064611e+01	
0.41008333	1.26727466e+01	
0.41166667	1.24879095e+01	
0.41325000	1.25071649e+01	
0.41483333	1.26918630e+01	
0.41641667	1.26427368e+01	
0.41800000	1.25889034e+01	
0.41958333	1.26615413e+01	
0.42116667	1.26035447e+01	
0.42275000	1.25064960e+01	
0.42433333	1.24465413e+01	
0.42591667	1.24940909e+01	
0.42750000	1.23915955e+01	
0.42908333	1.23947947e+01	
0.43066667	1.23385344e+01	
0.43225000	1.23252903e+01	
0.43383333	1.23590057e+01	
0.43541667	1.22746711e+01	
0.43700000	1.22433056e+01	
0.43858333	1.21888925e+01	
0.44016667	1.21801620e+01	
0.44175000	1.22034877e+01	
0.44333333	1.20270926e+01	
0.44491667	1.18138778e+01	
0.44650000	1.16962347e+01	
0.44808333	1.16268017e+01	
0.44966667	1.16820999e+01	
0.45125000	1.15711230e+01	
0.45283333	1.16333194e+01	
0.45441667	1.15048150e+01	
0.45600000	1.14427068e+01	
0.45758333	1.13251596e+01	
0.45916667	9.99723394e+00	
0.46075000	9.93760719e+00	
0.46233333	1.00331677e+01	
0.46391667	9.76218453e+00	
0.46550000	9.70985351e+00	
0.46708333	9.82943868e+00	
0.46866667	9.77127577e+00	
0.47025000	9.69184672e+00	
0.47183333	9.65518766e+00	
0.47341667	9.64559751e+00	
0.47500000	9.60204110e+00	
0.47658333	9.63312195e+00	
0.47816667	9.50038473e+00	
0.47975000	9.50599112e+00	
0.48133333	9.43312869e+00	
0.48291667	9.45402841e+00	
0.48450000	9.46217726e+00	
0.48608333	9.28501735e+00	
0.48766667	8.86684929e+00	
0.48925000	8.45789838e+00	
0.49083333	8.15289169e+00	
0.49241667	8.23258288e+00	
0.49400000	8.14555086e+00	
0.49558333	8.03861600e+00	
0.49716667	8.00703342e+00	
0.49875000	7.78680050e+00	
0.50033333	7.83084032e+00	
0.50191667	7.94325848e+00	
0.50350000	7.98917791e+00	
0.50508333	7.91997415e+00	
0.50666667	7.81613987e+00	
0.50825000	7.87781722e+00	
0.50983333	7.82986176e+00	
0.51141667	7.84453074e+00	
0.51300000	7.73722335e+00	
0.51458333	5.94575801e+00	
0.51616667	5.69324629e+00	
0.51775000	5.70526663e+00	
0.51933333	5.66835389e+00	
0.52091667	5.50921204e+00	
0.52250000	5.48646185e+00	
0.52408333	5.70904509e+00	
0.52566667	5.73545677e+00	
0.52725000	5.66424705e+00	
0.52883333	5.63776443e+00	
0.53041667	5.65484997e+00	
0.53200000	5.69281550e+00	
0.53358333	5.39271052e+00	
0.53516667	5.36568577e+00	
0.53675000	5.15845551e+00	
0.53833333	5.26259750e+00	
0.53991667	5.01150312e+00	
0.54150000	4.84962008e+00	
0.54308333	4.84106486e+00	
0.54466667	5.14242322e+00	
0.54625000	4.97314439e+00	
0.54783333	4.49730200e+00	
0.54941667	4.38166723e+00	
0.55100000	3.81816660e+00	
0.55258333	3.75013026e+00	
0.55416667	3.65236064e+00	
0.55575000	3.60249292e+00	
0.55733333	3.48457501e+00	
0.55891667	3.57673166e+00	
0.56050000	3.44362143e+00	
0.56208333	3.42203489e+00	
0.56366667	3.27754652e+00	
0.56525000	3.07433078e+00	
0.56683333	3.14348474e+00	
0.56841667	2.98318863e+00	
0.57000000	2.77457485e+00	
0.57158333	2.72886496e+00	
0.57316667	2.66651205e+00	
0.57475000	2.73057661e+00	
0.57633333	2.72015142e+00	
0.57791667	2.68931086e+00	
0.57950000	2.65583412e+00	
0.58108333	2.46403411e+00	
0.58266667	2.45309897e+00	
0.58425000	2.29079383e+00	
0.58583333	2.22674572e+00	
0.58741667	2.20414797e+00	
0.58900000	2.20632777e+00	
0.59058333	2.19420220e+00	
0.59216667	2.15414026e+00	
0.59375000	2.16445083e+00	
0.59533333	2.11557929e+00	
0.59691667	2.09475498e+00	
0.59850000	2.12012280e+00	
0.60008333	2.07167900e+00	
0.60166667	2.05031115e+00	
0.60325000	1.99557554e+00	
0.60483333	1.96234778e+00	
0.60641667	1.93917338e+00	
0.60800000	1.89170168e+00	
0.60958333	1.49281446e+00	
0.61116667	1.49595649e+00	
0.61275000	1.53849394e+00	
0.61433333	1.65567065e+00	
0.61591667	1.71747015e+00	
0.61750000	1.70072415e+00	
0.61908333	8.74147604e-01	
0.62066667	9.93702184e-01	
0.62225000	9.19054643e-01	
0.62383333	1.01331434e+00	
0.62541667	1.01261542e+00	
0.62700000	9.52776850e-01	
0.62858333	7.87118048e-01	
0.63016667	4.06455599e-01	
0.63175000	3.33637628e-01	
0.63333333	3.17234240e-01	
0.63491667	3.14273520e-01	
0.63650000	3.03196973e-01	
0.63808333	2.28114296e-01	
0.63966667	2.28499005e-01	
0.64125000	2.12256914e-01	
0.64283333	2.28027841e-01	
0.64441667	1.42631663e-01	
0.64600000	1.18922384e-01	
0.64758333	1.61105459e-01	
0.64916667	1.82806385e-01	
0.65075000	1.73290385e-01	
0.65233333	1.69157923e-01	
0.65391667	1.53217007e-01	
0.65550000	1.36993766e-01	
0.65708333	1.40864148e-01	
0.65866667	1.36104467e-01	
0.66025000	1.37826648e-01	
0.66183333	1.30998761e-01	
0.66341667	1.19835238e-01	
0.66500000	3.64449896e-02	
0.66658333	1.47965610e-02	
0.66816667	1.59693525e-02	
0.66975000	1.53088228e-02	
0.67133333	1.70997480e-02	
0.67291667	1.45033750e-02	
0.67450000	1.42363694e-02	
0.67608333	1.82786009e-02	
0.67766667	3.15841252e-02	
0.67925000	5.39398610e-03	
0.68083333	5.54974490e-03	
0.68241667	2.67799459e-03	
0.68400000	1.43724379e-03	
0.68558333	2.88329762e-03	
0.68716667	1.39591560e-03	
0.68875000	1.84188694e-03	
0.69033333	8.32142016e-04	
0.69191667	1.59953241e-03	
0.69350000	8.49573711e-04	
0.69508333	1.15782399e-03	
0.69666667	1.07759957e-03	
0.69825000	8.47324866e-04	
0.69983333	9.20187873e-04	
0.70141667	1.00822524e-03	
0.70300000	2.10614190e-03	
0.70458333	1.07245157e-03	
0.70616667	1.47848240e-03	
0.70775000	2.26554462e-04	
0.70933333	6.64527001e-05	
0.71091667	6.11098704e-05	
0.71250000	8.62980122e-05	
0.71408333	1.16759136e-04	
0.71566667	1.09826279e-04	
0.71725000	7.96087638e-05	
0.71883333	5.47821742e-05	
0.72041667	3.86157846e-05	
0.72200000	2.82235981e-05	
0.72358333	2.10039100e-05	
0.72516667	1.59552772e-05	
0.72675000	1.28660657e-05	
0.72833333	1.03454858e-05	
0.72991667	8.59626834e-06	
0.73150000	7.41591861e-06	
0.73308333	6.27858867e-06	
0.73466667	5.55889455e-06	
0.73625000	4.67958028e-06	
0.73783333	4.15478611e-06	
0.73941667	4.05081319e-06	
0.74100000	3.64199059e-06	
0.74258333	3.34764586e-06	
0.74416667	3.05863929e-06	
0.74575000	3.00747696e-06	
0.74733333	3.07125531e-06	
0.74891667	2.74734507e-06	
0.75050000	2.64457284e-06	
0.75208333	2.34275267e-06	
0.75366667	2.17416741e-06	
0.75525000	1.85704523e-06	
0.75683333	1.50612083e-06	
0.75841667	1.35148031e-06	
0.76000000	1.21683671e-06	
0.76158333	9.69491198e-07	
0.76316667	9.20751651e-07	
0.76475000	9.52667259e-07	
0.76633333	1.20201554e-06	
0.76791667	9.45642640e-07	
0.76950000	9.25763260e-07	
0.77108333	8.63971095e-07	
0.77266667	8.50919765e-07	
0.77425000	9.97885704e-07	
0.77583333	6.26827278e-07	
0.77741667	5.44898234e-07	
0.77900000	5.80416652e-07	
0.78058333	6.38708939e-07	
0.78216667	6.70901760e-07	
0.78375000	3.76846061e-07	
0.78533333	2.19645552e-07	
0.78691667	4.93819854e-07	
0.78850000	6.32659044e-07	
0.79008333	5.87547396e-07	
0.79166667	5.54490120e-07	
0.79325000	6.46918964e-07	
0.79483333	5.94204582e-07	
0.79641667	8.31816524e-08	
0.79800000	2.68559406e-07	
0.79958333	2.54990866e-07	
0.80116667	2.79188963e-07	
0.80275000	2.74738864e-07	
0.80433333	1.72983012e-07	
0.80591667	4.21918396e-07	
0.80750000	5.87893435e-07	
0.80908333	5.62786893e-07	
0.81066667	5.31069421e-07	
0.81225000	4.78073740e-07	
0.81383333	6.25744806e-07	
0.81541667	4.29609585e-07	
0.81700000	2.87641983e-07	
0.81858333	2.09445982e-07	
0.82016667	1.76614061e-07	
0.82175000	2.56763149e-07	
0.82333333	1.98772747e-08	
0.82491667	1.16846233e-08	
0.82650000	3.69034019e-07	
0.82808333	5.59503801e-07	
0.82966667	5.28389813e-07	
0.83125000	4.76924792e-07	
0.83283333	6.54826407e-07	
0.83441667	4.71006950e-07	
0.83600000	3.84082790e-07	
0.83758333	5.51383101e-08	
0.83916667	7.62760946e-08	
0.84075000	1.59105267e-07	
0.84233333	2.47601362e-07	
0.84391667	1.44784235e-07	
0.84550000	4.63700667e-07	
0.84708333	5.46798231e-07	
0.84866667	5.76926071e-07	
0.85025000	5.26101775e-07	
0.85183333	5.98263421e-07	
0.85341667	7.27733558e-07	
0.85500000	5.04452771e-07	
0.85658333	2.88774578e-07	
0.85816667	7.52911154e-08	
0.85975000	1.22979544e-07	
0.86133333	2.89473965e-07	
0.86291667	8.69846501e-08	
0.86450000	8.12026146e-08	
0.86608333	1.87797525e-07	
0.86766667	5.02246664e-07	
0.86925000	4.75370274e-07	
0.87083333	3.85834941e-07	
0.87241667	5.84477114e-07	
0.87400000	4.01261841e-07	
0.87558333	2.04996498e-07	
0.87716667	2.00881560e-07	
0.87875000	8.00275629e-08	
0.88033333	3.07449399e-07	
0.88191667	1.65171319e-07	
0.88350000	1.69309821e-07	
0.88508333	3.62820400e-07	
0.88666667	3.75767929e-07	
0.88825000	5.97613623e-07	
0.88983333	5.38630489e-07	
0.89141667	4.53072342e-07	
0.89300000	3.58784579e-07	
0.89458333	2.92024319e-07	
0.89616667	5.44808371e-08	
0.89775000	4.49919743e-08	
0.89933333	1.95877721e-07	
0.90091667	3.65759944e-07	
0.90250000	1.36108073e-07	
0.90408333	2.05453983e-07	
0.90566667	3.38216368e-07	
0.90725000	6.81835410e-07	
0.90883333	6.10274895e-07	
0.91041667	4.69406035e-07	
0.91200000	7.19428441e-07	
0.91358333	5.08167026e-07	
0.91516667	3.20239841e-07	
0.91675000	9.59297214e-08	
0.91833333	-4.25384657e-08	
0.91991667	3.65134984e-08	
0.92150000	9.92646291e-08	
0.92308333	1.46054960e-07	
0.92466667	2.25736833e-07	
0.92625000	4.15262329e-07	
0.92783333	5.67971157e-07	
0.92941667	3.40074307e-07	
0.93100000	4.20750211e-07	
0.93258333	4.50894236e-07	
0.93416667	4.33282174e-07	
0.93575000	4.97884908e-07	
0.93733333	1.12452654e-07	
0.93891667	2.69725911e-07	
0.94050000	1.88920459e-07	
0.94208333	8.08570511e-08	
0.94366667	9.65262182e-08	
0.94525000	1.68264618e-07	
0.94683333	4.62708554e-07	
0.94841667	5.20914766e-07	
0.95000000	3.77235839e-07	
0.95158333	4.22781395e-07	
0.95316667	5.57990557e-07	
0.95475000	3.30654993e-07	
0.95633333	9.04415102e-08	
0.95791667	1.01115120e-07	
0.95950000	1.02203396e-07	
0.96108333	-1.03799345e-08	
0.96266667	2.78023793e-08	
0.96425000	-9.14363091e-09	
0.96583333	4.77012716e-07	
0.96741667	5.42694983e-07	
0.96900000	4.76492957e-07	
0.97058333	5.32840893e-07	
0.97216667	4.95436367e-07	
0.97375000	5.67885753e-07	
0.97533333	3.32339296e-07	
0.97691667	2.57048146e-07	
0.97850000	9.73551674e-08	
0.98008333	1.50635111e-07	
0.98166667	3.61335577e-07	
0.98325000	2.12081866e-07	
0.98483333	2.95998314e-07	
0.98641667	4.34232396e-07	
0.98800000	4.47670983e-07	
0.98958333	5.21390115e-07	
0.99116667	4.15089589e-07	
0.99275000	4.65611388e-07	
0.99433333	5.17805618e-07	
0.99591667	3.08590787e-07	
0.99750000	3.27628946e-08	
0.99908333	1.08892077e-07	
1.00066667	1.18571936e-07	
1.00225000	7.01063887e-08	
1.00383333	6.45589881e-09	
1.00541667	4.77436935e-07	
1.00700000	4.28225455e-07	
1.00858333	5.51897092e-07	
1.01016667	6.00898171e-07	
1.01175000	4.85999327e-07	
1.01333333	6.32730223e-07	
1.01491667	3.78143500e-07	
1.01650000	1.06231426e-07	
1.01808333	1.00725588e-07	
1.01966667	-2.72233247e-09	
1.02125000	2.62216870e-07	
1.02283333	1.29495969e-07	
1.02441667	2.20567731e-07	
1.02600000	4.07831944e-07	
1.02758333	4.42053511e-07	
1.02916667	5.03673944e-07	
1.03075000	4.28009957e-07	
1.03233333	5.33273680e-07	
1.03391667	4.67028028e-07	
1.03550000	3.76761442e-07	
1.03708333	3.11467972e-07	
1.03866667	2.79967482e-07	
1.04025000	3.26290465e-07	
1.04183333	2.55336149e-07	
1.04341667	4.57614383e-08	
1.04500000	2.22210467e-07	
1.04658333	5.28993688e-07	
1.04816667	5.40143677e-07	
1.04975000	4.32935630e-07	
1.05133333	4.37041146e-07	
1.05291667	6.86240680e-07	
1.05450000	5.01167216e-07	
1.05608333	3.14147776e-07	
1.05766667	2.12617320e-07	
1.05925000	1.26350027e-07	
1.06083333	1.65240188e-07	
1.06241667	8.85403579e-08	
1.06400000	1.38147013e-07	
1.06558333	6.24363560e-07	
1.06716667	4.84877149e-07	
1.06875000	5.95886730e-07	
1.07033333	5.69224942e-07	
1.07191667	6.27127732e-07	
1.07350000	4.31898212e-07	
1.07508333	3.85620535e-07	
1.07666667	2.49338588e-07	
1.07825000	1.96137041e-07	
1.07983333	3.17129154e-07	
1.08141667	3.43055573e-07	
1.08300000	2.94918389e-07	
1.08458333	3.25918328e-07	
1.08616667	4.04286593e-07	
1.08775000	5.42649565e-07	
1.08933333	4.55751670e-07	
1.09091667	3.84366807e-07	
1.09250000	4.77357131e-07	
1.09408333	2.65950165e-07	
1.09566667	1.12582958e-07	
1.09725000	5.46368286e-08	
1.09883333	5.91130604e-08	
1.10041667	3.33161084e-08	
1.10200000	1.56641717e-07	
1.10358333	2.36237668e-07	
1.10516667	3.25295748e-07	
1.10675000	6.24449356e-07	
1.10833333	6.53444545e-07	
1.10991667	5.45631587e-07	
1.11150000	7.11477261e-07	
1.11308333	5.05359844e-07	
1.11466667	3.68973900e-07	
1.11625000	3.53529611e-07	
1.11783333	2.03569722e-07	
1.11941667	2.84461740e-07	
1.12100000	2.59520860e-08	
1.12258333	1.30084471e-07	
1.12416667	5.77136207e-08	
1.12575000	3.04607272e-07	
1.12733333	5.21606173e-07	
1.12891667	5.45068930e-07	
1.13050000	5.21129591e-07	
1.13208333	7.19384367e-07	
1.13366667	5.74176348e-07	
1.13525000	4.27897028e-07	
1.13683333	5.74277488e-08	
1.13841667	1.95186048e-07	
1.14000000	3.33177906e-07	
1.14158333	2.92307776e-07	
1.14316667	2.87027495e-07	
1.14475000	5.36946829e-07	
1.14633333	6.44671975e-07	
1.14791667	5.93897465e-07	
1.14950000	4.85403292e-07	
1.15108333	4.54326070e-07	
1.15266667	5.15943199e-07	
1.15425000	4.32417691e-07	
1.15583333	1.39616141e-07	
1.15741667	1.06732092e-08	
1.15900000	7.89038865e-08	
1.16058333	-5.37039807e-08	
1.16216667	7.68123676e-08	
1.16375000	6.08666041e-08	
1.16533333	2.29953836e-07	
1.16691667	6.08841567e-07	
1.16850000	5.41180507e-07	
1.17008333	5.88410898e-07	
1.17166667	4.63789235e-07	
1.17325000	3.87867244e-07	
1.17483333	3.91296390e-07	
1.17641667	2.16791622e-07	
1.17800000	2.83380836e-07	
1.17958333	1.86500352e-07	
1.18116667	2.70659697e-07	
1.18275000	2.16541696e-07	
1.18433333	4.13230026e-07	
1.18591667	7.31725753e-07	
1.18750000	5.20785848e-07	
1.18908333	4.62493224e-07	
1.19066667	4.50827537e-07	
1.19225000	4.56140355e-07	
1.19383333	4.22261999e-07	
1.19541667	2.28155890e-07	
1.19700000	1.05495259e-07	
1.19858333	7.28548591e-08	
1.20016667	1.11312905e-07	
1.20175000	2.32953429e-07	
1.20333333	1.46269967e-07	
1.20491667	3.29107391e-07	
1.20650000	5.37464012e-07	
1.20808333	4.91314974e-07	
1.20966667	5.93683255e-07	
1.21125000	5.33471313e-07	
1.21283333	4.95203452e-07	
1.21441667	2.88954906e-07	
1.21600000	1.44031659e-07	
1.21758333	1.60741300e-08	
1.21916667	8.22313948e-08	
1.22075000	1.83588488e-07	
1.22233333	1.70071483e-07	
1.22391667	2.56460064e-07	
1.22550000	4.54326574e-07	
@ 
0.00000000	5.82059093e-07	
0.00158333	6.31666287e-07	
0.00316667	5.64860610e-07	
0.00475000	5.37464460e-07	
0.00633333	5.62959380e-07	
0.00791667	3.05643738e-07	
0.00950000	9.52806453e-08	
0.01108333	1.16688180e-07	
0.01266667	3.59522867e-08	
0.01425000	1.03835932e-07	
0.01583333	9.81421287e-08	
0.01741667	2.96092902e-07	
0.01900000	4.30670132e-07	
0.02058333	5.51404718e-07	
0.02216667	5.76787185e-07	
0.02375000	4.78706456e-07	
0.02533333	7.64931659e-07	
0.02691667	5.88160959e-07	
0.02850000	1.35312180e-07	
0.03008333	2.14710358e-07	
0.03166667	1.37758075e-07	
0.03325000	3.23957316e-07	
0.03483333	2.33903917e-07	
0.03641667	3.02688066e-07	
0.03800000	5.08382524e-07	
0.03958333	4.30473844e-07	
0.04116667	6.81100657e-07	
0.04275000	5.37465300e-07	
0.04433333	5.32409506e-07	
0.04591667	4.47758795e-07	
0.04750000	3.40246431e-07	
0.04908333	2.47619451e-07	
0.05066667	2.14371529e-07	
0.05225000	2.80053698e-07	
0.05383333	2.46979314e-07	
0.05541667	1.30526238e-09	
0.05700000	2.36557779e-07	
0.05858333	4.11632526e-07	
0.06016667	6.41257446e-07	
0.06175000	6.04874181e-07	
0.06333333	6.33997112e-07	
0.06491667	6.98299085e-07	
0.06650000	5.88454524e-07	
0.06808333	1.59908119e-07	
0.06966667	1.03960869e-08	
0.07125000	4.38596665e-08	
0.07283333	8.56020250e-08	
0.07441667	3.65307542e-08	
0.07600000	1.73174974e-07	
0.07758333	1.97752377e-07	
0.07916667	4.53980002e-07	
0.08075000	5.67064869e-07	
0.08233333	4.36392245e-07	
0.08391667	5.13083990e-07	
0.08550000	6.02971496e-07	
0.08708333	4.00224226e-07	
0.08866667	3.41189121e-07	
0.09025000	4.05329527e-08	
0.09183333	2.01538077e-07	
0.09341667	7.29412079e-08	
0.09500000	1.63339519e-07	
0.09658333	2.80745077e-07	
0.09816667	3.80945809e-07	
0.09975000	7.14414536e-07	
0.10133333	6.61049518e-07	
0.10291667	7.09575023e-07	
0.10450000	7.95696079e-07	
0.10608333	6.79198476e-07	
0.10766667	4.44369999e-07	
0.10925000	2.42769913e-07	
0.11083333	4.25195054e-08	
0.11241667	2.97043797e-07	
0.11400000	3.05593980e-07	
0.11558333	2.10093553e-07	
0.11716667	1.27732421e-07	
0.11875000	4.55319163e-07	
0.12033333	5.39624757e-07	
0.12191667	4.32589955e-07	
0.12350000	4.97146963e-07	
0.12508333	4.39417753e-07	
0.12666667	4.92869771e-07	
0.12825000	3.76848777e-07	
0.12983333	4.91569407e-08	
0.13141667	1.79673254e-07	
0.13300000	1.81168465e-07	
0.13458333	1.06378152e-07	
0.13616667	2.48033029e-07	
0.13775000	3.47032312e-07	
0.13933333	6.19020528e-07	
0.14091667	5.19185856e-07	
0.14250000	5.17889902e-07	
0.14408333	4.96804396e-07	
0.14566667	4.91013008e-07	
0.14725000	4.21657704e-07	
0.14883333	7.52484485e-08	
0.15041667	5.44461287e-09	
0.15200000	2.29971477e-07	
0.15358333	1.41974603e-07	
0.15516667	2.58006797e-07	
0.15675000	2.06386313e-07	
0.15833333	5.69657729e-07	
0.15991667	6.16975764e-07	
0.16150000	5.97398630e-07	
0.16308333	6.52493398e-07	
0.16466667	4.12245474e-07	
0.16625000	3.44093412e-07	
0.16783333	2.04519357e-07	
0.16941667	1.32141065e-07	
0.17100000	1.17708140e-07	
0.17258333	1.00207004e-07	
0.17416667	1.85852319e-07	
0.17575000	3.18035694e-07	
0.17733333	3.82551401e-07	
0.17891667	6.49363417e-07	
0.18050000	5.84565262e-07	
0.18208333	6.24837677e-07	
0.18366667	4.08045621e-07	
0.18525000	6.04397656e-07	
0.18683333	4.40324826e-07	
0.18841667	1.69820368e-07	
0.19000000	3.51369286e-07	
0.19158333	3.84841232e-07	
0.19316667	3.61810087e-07	
0.19475000	3.02696438e-07	
0.19633333	1.76260405e-07	
0.19791667	4.29617453e-07	
0.19950000	5.22555527e-07	
0.20108333	5.48829274e-07	
0.20266667	6.13690321e-07	
0.20425000	6.67789924e-07	
0.20583333	6.79499938e-07	
0.20741667	5.94718405e-07	
0.20900000	4.10812257e-07	
0.21058333	4.00569678e-07	
0.21216667	2.63200722e-07	
0.21375000	3.42364642e-07	
0.21533333	2.58145571e-07	
0.21691667	2.32737581e-07	
0.21850000	5.83572785e-07	
0.22008333	5.60281004e-07	
0.22166667	7.34637828e-07	
0.22325000	5.86724495e-07	
0.22483333	6.55908431e-07	
0.22641667	5.60409978e-07	
0.22800000	2.09644007e-07	
0.22958333	2.80917061e-07	
0.23116667	2.06032111e-07	
0.23275000	2.78800922e-07	
0.23433333	3.68119274e-07	
0.23591667	2.85498991e-07	
0.23750000	4.81816051e-07	
0.23908333	5.05661809e-07	
0.24066667	6.41172994e-07	
0.24225000	5.37853006e-07	
0.24383333	6.86286266e-07	
0.24541667	7.48900492e-07	
0.24700000	5.33144371e-07	
0.24858333	4.68613431e-07	
0.25016667	1.90475509e-07	
0.25175000	2.45094998e-07	
0.25333333	3.32857656e-07	
0.25491667	1.94494165e-07	
0.25650000	3.03165151e-07	
0.25808333	6.75351664e-07	
0.25966667	7.15452095e-07	
0.26125000	7.57324054e-07	
0.26283333	6.19869022e-07	
0.26441667	7.22756727e-07	
0.26600000	7.51881393e-07	
0.26758333	5.75767435e-07	
0.26916667	3.03274944e-07	
0.27075000	2.39521095e-07	
0.27233333	3.56520705e-07	
0.27391667	2.15071504e-07	
0.27550000	1.87926680e-07	
0.27708333	3.31311118e-07	
0.27866667	5.65491758e-07	
0.28025000	7.22020686e-07	
0.28183333	6.38277552e-07	
0.28341667	6.28207628e-07	
0.28500000	6.83908848e-07	
0.28658333	5.88326111e-07	
0.28816667	2.45268577e-07	
0.28975000	1.50971826e-07	
0.29133333	2.77417688e-07	
0.29291667	4.14484986e-07	
0.29450000	2.59018398e-07	
0.29608333	3.16611551e-07	
0.29766667	4.65527357e-07	
0.29925000	7.14675620e-07	
0.30083333	7.70936248e-07	
0.30241667	5.56953783e-07	
0.30400000	5.50816860e-07	
0.30558333	6.65027432e-07	
0.30716667	5.63003734e-07	
0.30875000	5.16420508e-07	
0.31033333	2.81436036e-07	
0.31191667	4.74982345e-07	
0.31350000	3.08701924e-07	
0.31508333	3.62051234e-07	
0.31666667	5.44791717e-07	
0.31825000	5.98090373e-07	
0.31983333	7.16231482e-07	
0.32141667	5.79811657e-07	
0.32300000	6.69085542e-07	
0.32458333	6.48905933e-07	
0.32616667	6.36120559e-07	
0.32775000	4.23559325e-07	
0.32933333	2.67194121e-07	
0.33091667	2.97165994e-07	
0.33250000	3.48068582e-07	
0.33408333	1.58455890e-07	
0.33566667	1.90821576e-07	
0.33725000	1.69060498e-07	
0.33883333	5.57038739e-07	
0.34041667	6.36591316e-07	
0.34200000	6.91904774e-07	
0.34358333	5.95671008e-07	
0.34516667	5.34440605e-07	
0.34675000	4.69625480e-07	
0.34833333	1.84244529e-07	
0.34991667	1.63987286e-07	
0.35150000	2.99368741e-07	
0.35308333	2.59381687e-07	
0.35466667	4.23058635e-07	
0.35625000	3.60599480e-07	
0.35783333	3.64617885e-07	
0.35941667	6.76345932e-07	
0.36100000	6.48346076e-07	
0.36258333	7.00585444e-07	
0.36416667	6.54737419e-07	
0.36575000	7.15124648e-07	
0.36733333	5.88367608e-07	
0.36891667	1.47739291e-07	
0.37050000	1.27145459e-07	
0.37208333	1.19903732e-07	
0.37366667	3.65999635e-07	
0.37525000	5.13586781e-07	
0.37683333	3.65499644e-07	
0.37841667	7.18097206e-07	
0.38000000	7.82430540e-07	
0.38158333	7.34120365e-07	
0.38316667	5.84391654e-07	
0.38475000	5.74887804e-07	
0.38633333	5.36989279e-07	
0.38791667	3.22747438e-07	
0.38950000	3.55154384e-07	
0.39108333	2.69293599e-07	
0.39266667	2.80270288e-07	
0.39425000	3.04985709e-07	
0.39583333	1.61438766e-07	
0.39741667	4.16773921e-07	
0.39900000	7.29997516e-07	
0.40058333	6.12307003e-07	
0.40216667	6.66928438e-07	
0.40375000	6.40609441e-07	
0.40533333	9.52596808e-07	
0.40691667	6.04823555e-07	
0.40850000	4.74289202e-07	
0.41008333	5.02593600e-07	
0.41166667	5.41093815e-07	
0.41325000	7.88091386e-07	
0.41483333	8.10259813e-07	
0.41641667	9.99803902e-07	
0.41800000	1.36491206e-06	
0.41958333	1.25369253e-06	
0.42116667	1.50553023e-06	
0.42275000	1.59388763e-06	
0.42433333	1.84366813e-06	
0.42591667	2.15554098e-06	
0.42750000	2.10228393e-06	
0.42908333	2.33071415e-06	
0.43066667	2.86682060e-06	
0.43225000	3.48431618e-06	
0.43383333	4.19008740e-06	
0.43541667	4.83809651e-06	
0.43700000	5.86842178e-06	
0.43858333	7.21446548e-06	
0.44016667	8.73447717e-06	
0.44175000	1.09365901e-05	
0.44333333	1.39774181e-05	
0.44491667	1.81320420e-05	
0.44650000	2.34247616e-05	
0.44808333	3.07698809e-05	
0.44966667	4.03434827e-05	
0.45125000	5.20806488e-05	
0.45283333	6.74514265e-05	
0.45441667	8.52974076e-05	
0.45600000	1.14136146e-04	
0.45758333	1.62905013e-04	
0.45916667	2.30463147e-04	
0.46075000	3.43434003e-04	
0.46233333	5.92637093e-04	
0.46391667	8.58607001e-04	
0.46550000	1.07651698e-03	
0.46708333	1.74494761e-03	
0.46866667	2.01090232e-03	
0.47025000	2.45513227e-03	
0.47183333	3.35789808e-03	
0.47341667	4.09616479e-03	
0.47500000	5.31348849e-03	
0.47658333	6.34538594e-03	
0.47816667	6.99572452e-03	
0.47975000	8.04684271e-03	
0.48133333	9.76765647e-03	
0.48291667	1.11784978e-02	
0.48450000	1.29877198e-02	
0.48608333	1.47512737e-02	
0.48766667	1.79708287e-02	
0.48925000	1.98668202e-02	
0.49083333	3.22820101e-02	
0.49241667	8.70726217e-02	
0.49400000	1.07428758e-01	
0.49558333	1.43756970e-01	
0.49716667	1.88707816e-01	
0.49875000	2.33205732e-01	
0.50033333	2.33290323e-01	
0.50191667	5.12375193e-01	
0.50350000	5.69692081e-01	
0.50508333	4.95247135e-01	
0.50666667	5.99376562e-01	
0.50825000	8.53620195e-01	
0.50983333	1.38199943e+00	
0.51141667	2.09444187e+00	
0.51300000	2.74431918e+00	
0.51458333	2.90048801e+00	
0.51616667	2.93961883e+00	
0.51775000	2.97384088e+00	
0.51933333	3.88488896e+00	
0.52091667	4.40599824e+00	
0.52250000	4.56112016e+00	
0.52408333	4.97536646e+00	
0.52566667	5.46638989e+00	
0.52725000	5.65383101e+00	
0.52883333	5.65432851e+00	
0.53041667	6.08385874e+00	
0.53200000	6.29616642e+00	
0.53358333	6.80963515e+00	
0.53516667	8.18603019e+00	
0.53675000	8.50119548e+00	
0.53833333	8.63051268e+00	
0.53991667	8.70752986e+00	
0.54150000	8.87356625e+00	
0.54308333	1.09838405e+01	
0.54466667	1.22364120e+01	
0.54625000	1.22294047e+01	
0.54783333	1.24294346e+01	
0.54941667	1.26349290e+01	
0.55100000	1.28286450e+01	
0.55258333	1.28369442e+01	
0.55416667	1.30483673e+01	
0.55575000	1.36750561e+01	
0.55733333	1.36359110e+01	
0.55891667	1.55170466e+01	
0.56050000	1.60491615e+01	
0.56208333	1.65923191e+01	
0.56366667	1.68607946e+01	
0.56525000	1.69567449e+01	
0.56683333	1.75966647e+01	
0.56841667	1.76897983e+01	
0.57000000	1.83536282e+01	
0.57158333	2.04092507e+01	
0.57316667	2.05534196e+01	
0.57475000	2.06751799e+01	
0.57633333	2.09729153e+01	
0.57791667	2.14036970e+01	
0.57950000	2.15117246e+01	
0.58108333	2.15288641e+01	
0.58266667	2.20393173e+01	
0.58425000	2.30065275e+01	
0.58583333	2.38821450e+01	
0.58741667	2.50541280e+01	
0.58900000	2.58791480e+01	
0.59058333	2.59810402e+01	
0.59216667	2.60588212e+01	
0.59375000	2.64868726e+01	
0.59533333	2.67075673e+01	
0.59691667	2.76799056e+01	
0.59850000	2.86795346e+01	
0.60008333	2.89932558e+01	
0.60166667	2.93086118e+01	
0.60325000	2.94484512e+01	
0.60483333	2.99726277e+01	
0.60641667	3.03542325e+01	
0.60800000	3.09968244e+01	
0.60958333	3.12030404e+01	
0.61116667	3.23814407e+01	
0.61275000	3.30835222e+01	
0.61433333	3.33405725e+01	
