start voltage : 0.00 V 
set voltage : 0.10 V 
High G : 30.00 G0 
Intermediate G : 20.00 G0 
Low G : 10.00 G0 
Breaking speed 1 : 300.00 V/s 
Breaking speed 2 : 300.00 V/s 
Making speed : 500.00 V/s 
Post breaking : 230.00 V/s 
@ 
0.00000000	4.13914489e+01	
0.00158333	4.18938199e+01	
0.00316667	4.18451353e+01	
0.00475000	4.19016371e+01	
0.00633333	4.17000813e+01	
0.00791667	4.18984989e+01	
0.00950000	4.20770240e+01	
0.01108333	4.19132238e+01	
0.01266667	4.18420085e+01	
0.01425000	4.18314289e+01	
0.01583333	4.17226497e+01	
0.01741667	4.17668883e+01	
0.01900000	4.18492694e+01	
0.02058333	4.15438728e+01	
0.02216667	4.18451053e+01	
0.02375000	4.17695491e+01	
0.02533333	4.18008404e+01	
0.02691667	4.18385809e+01	
0.02850000	4.17461727e+01	
0.03008333	4.20161514e+01	
0.03166667	4.16720898e+01	
0.03325000	4.18330037e+01	
0.03483333	4.19166927e+01	
0.03641667	4.17754834e+01	
0.03800000	4.20101156e+01	
0.03958333	4.18047039e+01	
0.04116667	4.19241491e+01	
0.04275000	4.17948234e+01	
0.04433333	4.17891860e+01	
0.04591667	4.19114386e+01	
0.04750000	4.16246830e+01	
0.04908333	4.19397233e+01	
0.05066667	4.18469431e+01	
0.05225000	4.17581428e+01	
0.05383333	4.18225970e+01	
0.05541667	4.18192822e+01	
0.05700000	4.17969393e+01	
0.05858333	4.18316845e+01	
0.06016667	4.17425986e+01	
0.06175000	4.19287342e+01	
0.06333333	4.16870214e+01	
0.06491667	4.17491041e+01	
0.06650000	4.17207518e+01	
0.06808333	4.16845635e+01	
0.06966667	4.19441318e+01	
0.07125000	4.16956579e+01	
0.07283333	4.17480819e+01	
0.07441667	4.16472439e+01	
0.07600000	4.16925986e+01	
0.07758333	4.16585788e+01	
0.07916667	4.15920011e+01	
0.08075000	4.15925386e+01	
0.08233333	4.15470298e+01	
0.08391667	4.15721274e+01	
0.08550000	4.16793695e+01	
0.08708333	4.17013404e+01	
0.08866667	4.14638368e+01	
0.09025000	4.15927904e+01	
0.09183333	4.15741419e+01	
0.09341667	4.18037080e+01	
0.09500000	4.15213721e+01	
0.09658333	4.15617509e+01	
0.09816667	4.16825002e+01	
0.09975000	4.15833759e+01	
0.10133333	4.17249498e+01	
0.10291667	4.14848042e+01	
0.10450000	4.17502842e+01	
0.10608333	4.16329474e+01	
0.10766667	4.15482174e+01	
0.10925000	4.16120214e+01	
0.11083333	4.16601723e+01	
0.11241667	4.16317110e+01	
0.11400000	4.14290766e+01	
0.11558333	4.14578649e+01	
0.11716667	4.14438240e+01	
0.11875000	4.11654381e+01	
0.12033333	4.13791330e+01	
0.12191667	4.12546067e+01	
0.12350000	4.13130928e+01	
0.12508333	4.12623299e+01	
0.12666667	4.10916483e+01	
0.12825000	4.13579101e+01	
0.12983333	4.10536673e+01	
0.13141667	4.10879276e+01	
0.13300000	4.11346579e+01	
0.13458333	4.09553360e+01	
0.13616667	4.11524908e+01	
0.13775000	4.09944032e+01	
0.13933333	4.08921821e+01	
0.14091667	4.08778932e+01	
0.14250000	4.08727519e+01	
0.14408333	4.08142282e+01	
0.14566667	4.05573132e+01	
0.14725000	4.06435992e+01	
0.14883333	4.03795510e+01	
0.15041667	4.06717824e+01	
0.15200000	4.07030662e+01	
0.15358333	4.03715797e+01	
0.15516667	4.05692532e+01	
0.15675000	4.05612932e+01	
0.15833333	4.05149350e+01	
0.15991667	4.06517885e+01	
0.16150000	4.04520630e+01	
0.16308333	4.04904424e+01	
0.16466667	4.03384469e+01	
0.16625000	4.01849969e+01	
0.16783333	4.02401006e+01	
0.16941667	4.01182764e+01	
0.17100000	4.00301301e+01	
0.17258333	3.99575392e+01	
0.17416667	3.98753422e+01	
0.17575000	3.99561411e+01	
0.17733333	3.97915028e+01	
0.17891667	3.97619027e+01	
0.18050000	4.00377406e+01	
0.18208333	3.99315846e+01	
0.18366667	3.99544161e+01	
0.18525000	3.97797131e+01	
0.18683333	3.98005377e+01	
0.18841667	3.96524921e+01	
0.19000000	3.96488428e+01	
0.19158333	3.97773868e+01	
0.19316667	3.95352117e+01	
0.19475000	3.96270449e+01	
0.19633333	3.95466894e+01	
0.19791667	3.96113541e+01	
0.19950000	3.95982340e+01	
0.20108333	3.95878687e+01	
0.20266667	3.96837195e+01	
0.20425000	3.94897329e+01	
0.20583333	3.93779734e+01	
0.20741667	3.93429125e+01	
0.20900000	3.95105086e+01	
0.21058333	3.93438183e+01	
0.21216667	3.94023157e+01	
0.21375000	3.93923112e+01	
0.21533333	3.93106779e+01	
0.21691667	3.90749821e+01	
0.21850000	3.92282516e+01	
0.22008333	3.92322091e+01	
0.22166667	3.92205434e+01	
0.22325000	3.92696301e+01	
0.22483333	3.90917515e+01	
0.22641667	3.92077353e+01	
0.22800000	3.91677699e+01	
0.22958333	3.87960173e+01	
0.23116667	3.91941228e+01	
0.23275000	3.89860540e+01	
0.23433333	3.90774776e+01	
0.23591667	3.88363172e+01	
0.23750000	3.89956263e+01	
0.23908333	3.89291238e+01	
0.24066667	3.89434127e+01	
0.24225000	3.90091749e+01	
0.24383333	3.88774702e+01	
0.24541667	3.88415074e+01	
0.24700000	3.90450625e+01	
0.24858333	3.86854454e+01	
0.25016667	3.86804469e+01	
0.25175000	3.86741406e+01	
0.25333333	3.85776283e+01	
0.25491667	3.83045678e+01	
0.25650000	3.80972845e+01	
0.25808333	3.81605812e+01	
0.25966667	3.78311241e+01	
0.26125000	3.80239081e+01	
0.26283333	3.78248929e+01	
0.26441667	3.77934814e+01	
0.26600000	3.79402679e+01	
0.26758333	3.77250471e+01	
0.26916667	3.78681506e+01	
0.27075000	3.77541586e+01	
0.27233333	3.76977659e+01	
0.27391667	3.77398472e+01	
0.27550000	3.78594164e+01	
0.27708333	3.76236303e+01	
0.27866667	3.74138628e+01	
0.28025000	3.71142915e+01	
0.28183333	3.73964319e+01	
0.28341667	3.72672077e+01	
0.28500000	3.73099242e+01	
0.28658333	3.72197296e+01	
0.28816667	3.72011187e+01	
0.28975000	3.68014234e+01	
0.29133333	3.70554859e+01	
0.29291667	3.69882205e+01	
0.29450000	3.69843156e+01	
0.29608333	3.68875704e+01	
0.29766667	3.67385890e+01	
0.29925000	3.66013221e+01	
0.30083333	3.67514009e+01	
0.30241667	3.66914829e+01	
0.30400000	3.66088123e+01	
0.30558333	3.67793849e+01	
0.30716667	3.63044304e+01	
0.30875000	3.61587676e+01	
0.31033333	3.57359478e+01	
0.31191667	3.57202081e+01	
0.31350000	3.57016310e+01	
0.31508333	3.54540779e+01	
0.31666667	3.56492934e+01	
0.31825000	3.54144132e+01	
0.31983333	3.57463206e+01	
0.32141667	3.54994063e+01	
0.32300000	3.52795553e+01	
0.32458333	3.54973430e+01	
0.32616667	3.54707383e+01	
0.32775000	3.55165703e+01	
0.32933333	3.53817012e+01	
0.33091667	3.50917811e+01	
0.33250000	3.52997522e+01	
0.33408333	3.50193556e+01	
0.33566667	3.49555854e+01	
0.33725000	3.50907063e+01	
0.33883333	3.49423676e+01	
0.34041667	3.48168941e+01	
0.34200000	3.45620725e+01	
0.34358333	3.46424918e+01	
0.34516667	3.45079948e+01	
0.34675000	3.44377829e+01	
0.34833333	3.44255385e+01	
0.34991667	3.43595772e+01	
0.35150000	3.43146058e+01	
0.35308333	3.39086305e+01	
0.35466667	3.37892266e+01	
0.35625000	3.37185750e+01	
0.35783333	3.35078791e+01	
0.35941667	3.39200405e+01	
0.36100000	3.34499680e+01	
0.36258333	3.34439059e+01	
0.36416667	3.34652454e+01	
0.36575000	3.35137195e+01	
0.36733333	3.34835444e+01	
0.36891667	3.32024600e+01	
0.37050000	3.30270279e+01	
0.37208333	3.26820305e+01	
0.37366667	3.25700079e+01	
0.37525000	3.26353002e+01	
0.37683333	3.26656895e+01	
0.37841667	3.26889795e+01	
0.38000000	3.25594960e+01	
0.38158333	3.25151146e+01	
0.38316667	3.24094698e+01	
0.38475000	3.22025285e+01	
0.38633333	3.22102742e+01	
0.38791667	3.20354661e+01	
0.38950000	3.20082675e+01	
0.39108333	3.18883450e+01	
0.39266667	3.19840455e+01	
0.39425000	3.20972595e+01	
0.39583333	3.20559411e+01	
0.39741667	3.19466695e+01	
0.39900000	3.18714967e+01	
0.40058333	3.18816703e+01	
0.40216667	3.18855075e+01	
0.40375000	3.16121351e+01	
0.40533333	3.09598938e+01	
0.40691667	3.12929607e+01	
0.40850000	3.09982770e+01	
0.41008333	3.10065038e+01	
0.41166667	3.09436995e+01	
0.41325000	3.08370606e+01	
0.41483333	3.08038920e+01	
0.41641667	3.06736587e+01	
0.41800000	3.07571354e+01	
0.41958333	3.08180137e+01	
0.42116667	3.05063032e+01	
0.42275000	3.05657777e+01	
0.42433333	3.04524473e+01	
0.42591667	3.04274642e+01	
0.42750000	3.03328762e+01	
0.42908333	3.00025698e+01	
0.43066667	3.02463778e+01	
0.43225000	2.99525492e+01	
0.43383333	2.99785451e+01	
0.43541667	2.97284363e+01	
0.43700000	2.96913065e+01	
0.43858333	2.96680259e+01	
0.44016667	2.93127177e+01	
0.44175000	2.93411302e+01	
0.44333333	2.91401476e+01	
0.44491667	2.92566575e+01	
0.44650000	2.92342451e+01	
0.44808333	2.91395331e+01	
0.44966667	2.92496314e+01	
0.45125000	2.91455688e+01	
0.45283333	2.86208512e+01	
0.45441667	2.81922342e+01	
0.45600000	2.81790972e+01	
0.45758333	2.82577351e+01	
0.45916667	2.82081542e+01	
0.46075000	2.81548733e+01	
0.46233333	2.78799562e+01	
0.46391667	2.78170184e+01	
0.46550000	2.77972894e+01	
0.46708333	2.77729396e+01	
0.46866667	2.78600712e+01	
0.47025000	2.78119880e+01	
0.47183333	2.76913909e+01	
0.47341667	2.73992497e+01	
0.47500000	2.70434998e+01	
0.47658333	2.69454091e+01	
0.47816667	2.67706385e+01	
0.47975000	2.61190136e+01	
0.48133333	2.62837741e+01	
0.48291667	2.62138929e+01	
0.48450000	2.63063744e+01	
0.48608333	2.62478075e+01	
0.48766667	2.61598565e+01	
0.48925000	2.58434726e+01	
0.49083333	2.57540522e+01	
0.49241667	2.56249784e+01	
0.49400000	2.56217049e+01	
0.49558333	2.54039454e+01	
0.49716667	2.54885083e+01	
0.49875000	2.52855150e+01	
0.50033333	2.53895005e+01	
0.50191667	2.53115654e+01	
0.50350000	2.49882193e+01	
0.50508333	2.44614440e+01	
0.50666667	2.44328812e+01	
0.50825000	2.43738538e+01	
0.50983333	2.46253231e+01	
0.51141667	2.46040682e+01	
0.51300000	2.45898432e+01	
0.51458333	2.44183216e+01	
0.51616667	2.43646630e+01	
0.51775000	2.44513211e+01	
0.51933333	2.44190150e+01	
0.52091667	2.43067030e+01	
0.52250000	2.42072518e+01	
0.52408333	2.39414730e+01	
0.52566667	2.36179296e+01	
0.52725000	2.34779774e+01	
0.52883333	2.35008972e+01	
0.53041667	2.37027217e+01	
0.53200000	2.35387730e+01	
0.53358333	2.33133335e+01	
0.53516667	2.32347481e+01	
0.53675000	2.29790320e+01	
0.53833333	2.29323393e+01	
0.53991667	2.26436426e+01	
0.54150000	2.24145500e+01	
0.54308333	2.21779654e+01	
0.54466667	2.20073213e+01	
0.54625000	2.18652476e+01	
0.54783333	2.18648324e+01	
0.54941667	2.17667116e+01	
0.55100000	2.18359200e+01	
0.55258333	2.17823572e+01	
0.55416667	2.16670236e+01	
0.55575000	2.15747807e+01	
0.55733333	2.14617716e+01	
0.55891667	2.14611045e+01	
0.56050000	2.08913064e+01	
0.56208333	2.08812794e+01	
0.56366667	2.09361463e+01	
0.56525000	2.07802234e+01	
0.56683333	2.07817173e+01	
0.56841667	2.07564993e+01	
0.57000000	2.07788572e+01	
0.57158333	2.06327002e+01	
0.57316667	2.06193659e+01	
0.57475000	2.04342337e+01	
0.57633333	2.03425415e+01	
0.57791667	1.98302730e+01	
0.57950000	1.94048694e+01	
0.58108333	1.92139382e+01	
0.58266667	1.93116024e+01	
0.58425000	1.93260604e+01	
0.58583333	1.92595899e+01	
0.58741667	1.91242604e+01	
0.58900000	1.87618378e+01	
0.59058333	1.87444163e+01	
0.59216667	1.85829331e+01	
0.59375000	1.85012058e+01	
0.59533333	1.82855378e+01	
0.59691667	1.79932951e+01	
0.59850000	1.74127897e+01	
0.60008333	1.76233108e+01	
0.60166667	1.74985082e+01	
0.60325000	1.74019659e+01	
0.60483333	1.72964019e+01	
0.60641667	1.73119254e+01	
0.60800000	1.68228342e+01	
0.60958333	1.66894553e+01	
0.61116667	1.63379541e+01	
0.61275000	1.62637209e+01	
0.61433333	1.61921917e+01	
0.61591667	1.62208973e+01	
0.61750000	1.59815860e+01	
0.61908333	1.58750317e+01	
0.62066667	1.54389048e+01	
0.62225000	1.54613191e+01	
0.62383333	1.51596563e+01	
0.62541667	1.52197895e+01	
0.62700000	1.47785579e+01	
0.62858333	1.49951439e+01	
0.63016667	1.47386827e+01	
0.63175000	1.49459905e+01	
0.63333333	1.45708076e+01	
0.63491667	1.39553842e+01	
0.63650000	1.32215904e+01	
0.63808333	1.29247138e+01	
0.63966667	1.30648586e+01	
0.64125000	1.30017507e+01	
0.64283333	1.26433898e+01	
0.64441667	1.16811546e+01	
0.64600000	1.17191836e+01	
0.64758333	1.17320857e+01	
0.64916667	1.15630587e+01	
0.65075000	1.16504017e+01	
0.65233333	1.15134148e+01	
0.65391667	1.09305803e+01	
0.65550000	1.07775268e+01	
0.65708333	1.06725199e+01	
0.65866667	1.04971245e+01	
0.66025000	1.04527009e+01	
0.66183333	1.04102325e+01	
0.66341667	1.03824956e+01	
0.66500000	1.01047805e+01	
0.66658333	1.01558271e+01	
0.66816667	9.75575696e+00	
0.66975000	9.82839388e+00	
0.67133333	9.42950009e+00	
0.67291667	9.68842670e+00	
0.67450000	9.36167562e+00	
0.67608333	8.91090931e+00	
0.67766667	8.85107773e+00	
0.67925000	9.21138824e+00	
0.68083333	9.20638223e+00	
0.68241667	9.18385801e+00	
0.68400000	9.02269233e+00	
0.68558333	8.97975885e+00	
0.68716667	8.75977163e+00	
0.68875000	8.79889329e+00	
0.69033333	8.13152313e+00	
0.69191667	7.42821786e+00	
0.69350000	7.20892356e+00	
0.69508333	6.73559874e+00	
0.69666667	6.53909175e+00	
0.69825000	6.48628719e+00	
0.69983333	6.38899181e+00	
0.70141667	6.41158133e+00	
0.70300000	6.44078493e+00	
0.70458333	6.47535439e+00	
0.70616667	6.41076955e+00	
0.70775000	6.57065272e+00	
0.70933333	6.54507350e+00	
0.71091667	5.84988843e+00	
0.71250000	4.92250834e+00	
0.71408333	4.99973364e+00	
0.71566667	4.95513948e+00	
0.71725000	5.02141836e+00	
0.71883333	4.26408944e+00	
0.72041667	4.30707460e+00	
0.72200000	3.81518888e+00	
0.72358333	3.56101037e+00	
0.72516667	2.92146030e+00	
0.72675000	2.38795814e+00	
0.72833333	2.01484910e+00	
0.72991667	1.98175358e+00	
0.73150000	1.92213340e+00	
0.73308333	1.87641998e+00	
0.73466667	1.86495281e+00	
0.73625000	1.34608157e+00	
0.73783333	1.14951562e+00	
0.73941667	1.13684886e+00	
0.74100000	1.07557740e+00	
0.74258333	1.07059770e+00	
0.74416667	1.06548223e+00	
0.74575000	9.67951432e-01	
0.74733333	2.88502656e-01	
0.74891667	2.83038139e-01	
0.75050000	2.68783539e-01	
0.75208333	4.48811532e-02	
0.75366667	-4.05639930e-03	
0.75525000	4.15555244e-03	
0.75683333	6.59992034e-06	
0.75841667	-4.16198834e-04	
0.76000000	-7.54081115e-04	
0.76158333	-1.20805488e-04	
0.76316667	-2.71765894e-05	
0.76475000	-1.29919345e-06	
0.76633333	1.37693405e-05	
0.76791667	2.30839329e-05	
0.76950000	2.71871053e-05	
0.77108333	2.77359353e-05	
0.77266667	2.57989491e-05	
0.77425000	2.26920533e-05	
0.77583333	1.93312449e-05	
0.77741667	1.57550929e-05	
0.77900000	1.28056726e-05	
0.78058333	1.01921581e-05	
0.78216667	7.66465176e-06	
0.78375000	5.83950702e-06	
0.78533333	4.11339084e-06	
0.78691667	2.96076908e-06	
0.78850000	2.18286460e-06	
0.79008333	1.16010057e-06	
0.79166667	8.08360712e-07	
0.79325000	4.64134490e-07	
0.79483333	2.81912086e-07	
0.79641667	-1.45544651e-07	
0.79800000	-1.93846622e-07	
0.79958333	8.97327074e-08	
0.80116667	3.05988266e-07	
0.80275000	3.09264021e-07	
0.80433333	3.09653658e-07	
0.80591667	4.29392547e-07	
0.80750000	5.37533008e-07	
0.80908333	3.42409584e-08	
0.81066667	-4.70238190e-08	
0.81225000	-1.07233927e-07	
0.81383333	-6.83178155e-08	
0.81541667	2.97291825e-08	
0.81700000	1.75521903e-08	
0.81858333	2.59777820e-07	
0.82016667	3.69111778e-07	
0.82175000	3.05202243e-07	
0.82333333	4.03206444e-07	
0.82491667	4.37472814e-07	
0.82650000	6.36418661e-07	
0.82808333	4.97493731e-07	
0.82966667	2.80175756e-07	
0.83125000	1.84556407e-07	
0.83283333	1.11875051e-07	
0.83441667	2.13361440e-07	
0.83600000	-1.03007900e-07	
0.83758333	1.10405853e-07	
0.83916667	4.02256866e-07	
0.84075000	3.85706891e-07	
0.84233333	5.61490042e-07	
0.84391667	5.05661697e-07	
0.84550000	5.74540308e-07	
0.84708333	5.23030765e-07	
0.84866667	2.96378963e-07	
0.85025000	1.29782127e-07	
0.85183333	2.35928839e-08	
0.85341667	1.18356075e-07	
0.85500000	1.39658829e-07	
0.85658333	1.99031846e-08	
0.85816667	5.97614505e-08	
0.85975000	1.48604530e-07	
0.86133333	3.15875202e-07	
0.86291667	3.18684036e-07	
0.86450000	3.01745068e-07	
0.86608333	3.92187614e-07	
0.86766667	3.84280255e-07	
0.86925000	2.60748064e-07	
0.87083333	3.06801478e-07	
0.87241667	1.89439336e-07	
0.87400000	2.11735813e-07	
0.87558333	9.04153780e-08	
0.87716667	1.11183336e-07	
0.87875000	3.00930063e-08	
0.88033333	2.74435638e-07	
0.88191667	4.22738189e-07	
0.88350000	3.03129114e-07	
0.88508333	3.38389668e-07	
0.88666667	2.74626635e-07	
0.88825000	2.68084589e-07	
0.88983333	1.33963289e-07	
0.89141667	-6.37372929e-08	
0.89300000	7.07800780e-08	
0.89458333	1.42770230e-07	
0.89616667	5.12318583e-08	
0.89775000	1.62042795e-07	
0.89933333	4.45519486e-08	
0.90091667	1.97475599e-07	
0.90250000	2.99239431e-07	
0.90408333	2.94788995e-07	
0.90566667	5.52889289e-07	
0.90725000	4.45769054e-07	
0.90883333	4.29971921e-07	
0.91041667	6.40393775e-08	
0.91200000	-7.15152509e-08	
0.91358333	5.16719401e-08	
0.91516667	-1.97831292e-08	
0.91675000	1.16887017e-07	
0.91833333	6.68311938e-08	
0.91991667	3.32866196e-07	
0.92150000	3.84928288e-07	
0.92308333	2.91158829e-07	
0.92466667	3.65396880e-07	
0.92625000	3.35217321e-07	
0.92783333	3.40765378e-07	
0.92941667	1.50099377e-07	
0.93100000	3.03764805e-08	
0.93258333	1.39218929e-07	
0.93416667	1.06818535e-07	
0.93575000	7.37614487e-08	
0.93733333	7.64924393e-08	
0.93891667	5.83951642e-08	
0.94050000	3.40073383e-07	
0.94208333	3.37048996e-07	
0.94366667	3.37136556e-07	
0.94525000	2.83208012e-07	
0.94683333	3.66865462e-07	
0.94841667	4.43740419e-07	
0.95000000	1.31077396e-07	
0.95158333	1.47247687e-07	
0.95316667	2.33168814e-07	
0.95475000	1.79197639e-07	
0.95633333	2.54239116e-07	
0.95791667	-2.26857674e-08	
0.95950000	4.50695959e-07	
0.96108333	4.32243383e-07	
0.96266667	3.69025562e-07	
0.96425000	5.04623579e-07	
0.96583333	5.06136935e-07	
0.96741667	7.14778385e-07	
0.96900000	5.10456633e-07	
0.97058333	2.57868387e-07	
0.97216667	2.89647433e-07	
0.97375000	2.29279930e-07	
0.97533333	2.91115875e-07	
0.97691667	1.77857415e-07	
0.97850000	3.58016084e-07	
0.98008333	4.35832248e-07	
0.98166667	5.16161105e-07	
0.98325000	5.65811420e-07	
0.98483333	5.79552589e-07	
0.98641667	6.87840056e-07	
0.98800000	6.74618255e-07	
0.98958333	3.39539119e-07	
0.99116667	1.45492820e-07	
0.99275000	4.95201765e-08	
0.99433333	2.09964971e-07	
0.99591667	3.11183563e-07	
0.99750000	1.15158016e-07	
0.99908333	2.00474757e-07	
1.00066667	2.49035838e-07	
1.00225000	5.44335185e-07	
1.00383333	5.27915640e-07	
1.00541667	4.78135734e-07	
1.00700000	7.43696066e-07	
1.00858333	5.89362045e-07	
1.01016667	2.99843586e-07	
1.01175000	2.01364987e-07	
1.01333333	1.03102985e-07	
1.01491667	2.61818692e-07	
1.01650000	3.30394413e-07	
1.01808333	2.24526577e-07	
1.01966667	3.70036464e-07	
1.02125000	4.60072264e-07	
1.02283333	6.49252308e-07	
1.02441667	5.97225862e-07	
1.02600000	7.09229208e-07	
1.02758333	7.06250154e-07	
1.02916667	4.93992286e-07	
1.03075000	3.67643168e-07	
1.03233333	1.48517390e-07	
1.03391667	3.32166165e-07	
1.03550000	3.48629951e-07	
1.03708333	2.28890783e-07	
1.03866667	3.20723927e-07	
1.04025000	3.64929483e-07	
1.04183333	4.54413126e-07	
1.04341667	4.16688209e-07	
1.04500000	4.07008567e-07	
1.04658333	5.97182292e-07	
1.04816667	6.13818454e-07	
1.04975000	5.47619564e-07	
1.05133333	3.24993839e-07	
1.05291667	1.95393929e-07	
1.05450000	2.19929134e-07	
1.05608333	9.01390616e-08	
1.05766667	1.39572333e-07	
1.05925000	3.19410640e-07	
1.06083333	4.74375670e-07	
1.06241667	5.14432419e-07	
1.06400000	5.02549638e-07	
1.06558333	5.38200277e-07	
1.06716667	6.61310265e-07	
1.06875000	4.68154182e-07	
1.07033333	3.55978349e-07	
1.07191667	7.23355548e-08	
1.07350000	1.70771655e-07	
1.07508333	8.41320991e-08	
1.07666667	4.78785818e-08	
1.07825000	2.07632229e-07	
1.07983333	3.68766019e-07	
1.08141667	6.63599592e-07	
1.08300000	6.26826214e-07	
1.08458333	5.79379597e-07	
1.08616667	7.39434611e-07	
1.08775000	6.27031575e-07	
1.08933333	5.87029092e-07	
1.09091667	2.57159255e-07	
1.09250000	3.28580156e-07	
1.09408333	3.41793781e-07	
1.09566667	2.64152233e-07	
1.09725000	2.07934082e-07	
1.09883333	2.73597841e-07	
1.10041667	4.00613444e-07	
1.10200000	6.18010803e-07	
1.10358333	5.00821848e-07	
1.10516667	5.87095175e-07	
1.10675000	5.64556516e-07	
1.10833333	5.50514614e-07	
1.10991667	3.59286613e-07	
1.11150000	2.08581751e-07	
1.11308333	4.10854959e-07	
1.11466667	1.45302888e-07	
1.11625000	1.81704241e-07	
1.11783333	2.25476239e-07	
1.11941667	2.49805173e-07	
1.12100000	6.65286724e-07	
1.12258333	5.77477360e-07	
1.12416667	6.14207336e-07	
1.12575000	6.85769923e-07	
1.12733333	5.14153974e-07	
1.12891667	3.45345964e-07	
1.13050000	2.89465117e-07	
1.13208333	2.45182306e-07	
1.13366667	2.79794771e-07	
1.13525000	2.33255128e-07	
1.13683333	1.09385627e-07	
1.13841667	3.18901969e-08	
1.14000000	1.84227490e-07	
1.14158333	3.83761112e-07	
1.14316667	5.02592984e-07	
1.14475000	6.68222824e-07	
1.14633333	5.95973198e-07	
1.14791667	7.47576704e-07	
1.14950000	3.78221287e-07	
1.15108333	1.76648292e-07	
1.15266667	2.89172223e-07	
1.15425000	2.64713210e-07	
1.15583333	3.13845782e-07	
1.15741667	5.04368641e-08	
1.15900000	1.19177156e-07	
1.16058333	4.69035214e-07	
1.16216667	5.12791041e-07	
1.16375000	5.53582376e-07	
1.16533333	5.50428930e-07	
1.16691667	6.08202410e-07	
1.16850000	5.94987890e-07	
1.17008333	2.94900076e-07	
1.17166667	2.99888444e-07	
1.17325000	2.41595653e-07	
1.17483333	3.20586301e-07	
1.17641667	3.41112146e-07	
1.17800000	2.44282877e-07	
1.17958333	5.04107628e-07	
1.18116667	5.84262960e-07	
1.18275000	6.02887548e-07	
1.18433333	5.84435616e-07	
1.18591667	6.24052298e-07	
1.18750000	6.91987490e-07	
1.18908333	4.71870397e-07	
1.19066667	1.95704953e-07	
1.19225000	1.45924404e-07	
1.19383333	1.02264761e-07	
1.19541667	3.36272045e-07	
1.19700000	1.46002471e-07	
1.19858333	1.79526303e-07	
1.20016667	5.22729023e-07	
1.20175000	3.53816036e-07	
1.20333333	5.31155105e-07	
1.20491667	5.73985659e-07	
1.20650000	6.92637063e-07	
1.20808333	6.95965180e-07	
1.20966667	1.83364492e-07	
1.21125000	1.97044282e-07	
1.21283333	1.18442515e-07	
1.21441667	9.23419695e-08	
1.21600000	1.17362688e-07	
1.21758333	-5.36430920e-08	
1.21916667	2.18339573e-07	
1.22075000	4.63917732e-07	
1.22233333	4.99266098e-07	
1.22391667	5.49519729e-07	
1.22550000	4.74720757e-07	
1.22708333	6.04270530e-07	
1.22866667	3.34898443e-07	
1.23025000	1.87184101e-07	
1.23183333	1.55172547e-07	
1.23341667	2.69466283e-07	
1.23500000	2.58620304e-07	
1.23658333	2.73789040e-08	
1.23816667	1.76432599e-07	
1.23975000	2.01165436e-07	
1.24133333	5.58076857e-07	
1.24291667	6.55475532e-07	
1.24450000	5.36730548e-07	
1.24608333	6.64144609e-07	
1.24766667	5.84480026e-07	
1.24925000	4.56874212e-07	
1.25083333	2.42113480e-07	
1.25241667	1.36702932e-07	
1.25400000	2.18432859e-07	
1.25558333	2.72663775e-07	
1.25716667	2.34855442e-07	
1.25875000	1.39917842e-08	
1.26033333	3.95082860e-07	
1.26191667	5.33705348e-07	
1.26350000	5.36861145e-07	
1.26508333	5.56131890e-07	
1.26666667	7.34164383e-07	
1.26825000	6.25703308e-07	
1.26983333	5.34094005e-07	
1.27141667	3.35598167e-07	
1.27300000	2.09791518e-07	
1.27458333	3.02221705e-07	
1.27616667	-3.13367556e-08	
1.27775000	-5.63652131e-08	
1.27933333	2.72216567e-07	
1.28091667	4.27318662e-07	
1.28250000	4.73122893e-07	
1.28408333	4.67202868e-07	
1.28566667	5.56910829e-07	
1.28725000	4.87643449e-07	
1.28883333	4.60107741e-07	
1.29041667	3.81271492e-07	
1.29200000	2.81047687e-07	
1.29358333	2.49589843e-07	
1.29516667	8.95855958e-08	
1.29675000	1.74702905e-07	
1.29833333	1.96422262e-07	
1.29991667	1.94970144e-07	
1.30150000	4.31639116e-07	
1.30308333	5.28130410e-07	
1.30466667	5.98652078e-07	
1.30625000	5.99871309e-07	
1.30783333	4.14009917e-07	
1.30941667	5.15081320e-07	
1.31100000	4.79209267e-08	
1.31258333	1.93154683e-07	
1.31416667	2.53867203e-07	
1.31575000	2.43712576e-07	
1.31733333	2.37921888e-07	
1.31891667	3.67946646e-07	
1.32050000	6.69649824e-07	
1.32208333	5.67497040e-07	
1.32366667	4.56529573e-07	
1.32525000	5.85991646e-07	
1.32683333	5.10068367e-07	
1.32841667	5.26791278e-07	
1.33000000	2.16230182e-07	
1.33158333	3.46377572e-08	
1.33316667	1.94624245e-07	
1.33475000	1.58706795e-07	
1.33633333	1.63339617e-07	
1.33791667	2.39563433e-07	
1.33950000	4.59511539e-07	
1.34108333	6.61222902e-07	
1.34266667	5.76873821e-07	
1.34425000	5.90528857e-07	
1.34583333	6.13776845e-07	
1.34741667	6.58803481e-07	
1.34900000	4.55189461e-07	
1.35058333	1.83691518e-07	
1.35216667	2.03137061e-07	
1.35375000	2.80658665e-07	
1.35533333	2.09514599e-07	
1.35691667	1.96620651e-07	
1.35850000	1.96551781e-07	
1.36008333	3.28493044e-07	
1.36166667	5.90096406e-07	
1.36325000	4.68801291e-07	
1.36483333	5.47765339e-07	
1.36641667	4.43306399e-07	
1.36800000	5.30292499e-07	
1.36958333	4.90984391e-07	
1.37116667	7.69600043e-08	
1.37275000	2.08538167e-07	
1.37433333	2.07198755e-07	
1.37591667	2.16818097e-07	
1.37750000	8.31208057e-08	
1.37908333	3.56546887e-07	
1.38066667	4.85222404e-07	
1.38225000	4.39158797e-07	
1.38383333	5.34137911e-07	
1.38541667	5.02158684e-07	
1.38700000	6.76175517e-07	
1.38858333	6.23499105e-07	
1.39016667	3.51655011e-07	
1.39175000	2.43625912e-07	
1.39333333	2.41206043e-07	
1.39491667	2.71843534e-07	
1.39650000	3.24907539e-07	
1.39808333	3.46565447e-07	
1.39966667	4.14250980e-07	
1.40125000	5.84261840e-07	
1.40283333	6.46097799e-07	
1.40441667	5.49260886e-07	
1.40600000	6.31969709e-07	
1.40758333	5.18908364e-07	
1.40916667	3.04254708e-07	
1.41075000	2.28591057e-07	
1.41233333	1.17405649e-07	
1.41391667	8.88430235e-08	
1.41550000	1.95920801e-07	
1.41708333	1.32096599e-07	
1.41866667	2.25788551e-07	
1.42025000	2.25676798e-07	
1.42183333	4.18589886e-07	
1.42341667	4.29781681e-07	
1.42500000	4.56287306e-07	
1.42658333	4.88634413e-07	
1.42816667	5.30090722e-07	
1.42975000	3.50877472e-07	
1.43133333	1.55776772e-07	
1.43291667	1.22547345e-07	
1.43450000	2.14156297e-07	
@ 
0.00000000	1.45700814e-07	
0.00158333	1.82896899e-07	
0.00316667	5.11323159e-07	
0.00475000	7.10828415e-07	
0.00633333	6.64247485e-07	
0.00791667	4.83277325e-07	
0.00950000	6.24536047e-07	
0.01108333	5.87975983e-07	
0.01266667	2.92326173e-07	
0.01425000	1.27136863e-07	
0.01583333	6.48171264e-08	
0.01741667	4.50260659e-08	
0.01900000	1.65672864e-07	
0.02058333	1.70079744e-07	
0.02216667	1.54135870e-07	
0.02375000	3.80208788e-07	
0.02533333	5.35562839e-07	
0.02691667	7.18391387e-07	
0.02850000	6.27560183e-07	
0.03008333	5.97960335e-07	
0.03166667	4.64610147e-07	
0.03325000	3.48673269e-07	
0.03483333	2.74289724e-07	
0.03641667	1.13343556e-07	
0.03800000	2.76552729e-07	
0.03958333	1.80106041e-07	
0.04116667	2.09506227e-07	
0.04275000	4.53157858e-07	
0.04433333	5.41871802e-07	
0.04591667	5.88238019e-07	
0.04750000	5.32105132e-07	
0.04908333	5.41742492e-07	
0.05066667	5.48182109e-07	
0.05225000	4.51128242e-07	
0.05383333	2.15927181e-07	
0.05541667	1.41344084e-07	
0.05700000	1.60832735e-07	
0.05858333	2.01452099e-07	
0.06016667	1.02662905e-08	
0.06175000	1.81946718e-07	
0.06333333	4.19583511e-07	
0.06491667	5.88238411e-07	
0.06650000	6.33177459e-07	
0.06808333	4.55276769e-07	
0.06966667	4.80729043e-07	
0.07125000	6.62302126e-07	
0.07283333	4.48500017e-07	
0.07441667	1.95098908e-07	
0.07600000	7.97942634e-08	
0.07758333	1.67963129e-07	
0.07916667	1.33712762e-07	
0.08075000	2.31163938e-07	
0.08233333	3.28735871e-07	
0.08391667	2.15470620e-07	
0.08550000	5.93725481e-07	
0.08708333	5.68101195e-07	
0.08866667	5.53063848e-07	
0.09025000	5.51941502e-07	
0.09183333	6.24968107e-07	
0.09341667	2.48026393e-07	
0.09500000	8.28883813e-08	
0.09658333	9.46499170e-08	
0.09816667	2.30705852e-07	
0.09975000	2.61428803e-07	
0.10133333	2.43729096e-07	
0.10291667	1.75741052e-07	
0.10450000	6.75738697e-07	
0.10608333	6.52969699e-07	
0.10766667	6.65501830e-07	
0.10925000	6.31830263e-07	
0.11083333	6.86195878e-07	
0.11241667	6.25599311e-07	
0.11400000	2.59917407e-07	
0.11558333	2.25304760e-07	
0.11716667	3.25684826e-07	
0.11875000	3.90294918e-08	
0.12033333	2.56114164e-07	
0.12191667	1.96941125e-07	
0.12350000	4.40973447e-07	
0.12508333	4.89757432e-07	
0.12666667	4.00743314e-07	
0.12825000	3.38907579e-07	
0.12983333	4.88291510e-07	
0.13141667	5.86032808e-07	
0.13300000	3.41543029e-07	
0.13458333	7.74345905e-08	
0.13616667	1.93795002e-07	
0.13775000	1.91080462e-07	
0.13933333	2.40082941e-07	
0.14091667	2.95560122e-08	
0.14250000	3.61161354e-07	
0.14408333	5.84606928e-07	
0.14566667	3.82204690e-07	
0.14725000	4.52467627e-07	
0.14883333	5.13914900e-07	
0.15041667	4.92456025e-07	
0.15200000	6.90259476e-07	
0.15358333	5.14629492e-07	
0.15516667	1.79197527e-07	
0.15675000	2.44620320e-07	
0.15833333	2.35986749e-07	
0.15991667	3.02005927e-07	
0.16150000	1.49900442e-07	
0.16308333	3.05115803e-07	
0.16466667	6.45494652e-07	
0.16625000	6.22762840e-07	
0.16783333	6.44974949e-07	
0.16941667	5.75491231e-07	
0.17100000	6.70811876e-07	
0.17258333	5.75465134e-07	
0.17416667	1.86068951e-07	
0.17575000	1.48387240e-07	
0.17733333	1.97519085e-07	
0.17891667	3.06715095e-07	
0.18050000	2.72708269e-07	
0.18208333	2.76682291e-07	
0.18366667	5.09074211e-07	
0.18525000	4.24164545e-07	
0.18683333	4.63183175e-07	
0.18841667	5.04233913e-07	
0.19000000	4.33238128e-07	
0.19158333	6.77943012e-07	
0.19316667	2.55975922e-07	
0.19475000	1.70728659e-07	
0.19633333	1.91815817e-07	
0.19791667	1.61178634e-07	
0.19950000	1.49286795e-07	
0.20108333	1.14562121e-07	
0.20266667	2.34854756e-07	
0.20425000	3.73303734e-07	
0.20583333	4.66381899e-07	
0.20741667	4.76666676e-07	
0.20900000	2.57869339e-07	
0.21058333	4.59553513e-07	
0.21216667	5.99560831e-07	
0.21375000	4.48362026e-07	
0.21533333	2.30014459e-07	
0.21691667	1.00509740e-07	
0.21850000	1.70261836e-07	
0.22008333	1.11390881e-07	
0.22166667	2.50539506e-07	
0.22325000	3.90502526e-07	
0.22483333	6.15763758e-07	
0.22641667	5.96060226e-07	
0.22800000	6.08719370e-07	
0.22958333	6.43677594e-07	
0.23116667	7.11303933e-07	
0.23275000	3.01554743e-07	
0.23433333	2.69942725e-07	
0.23591667	2.18909749e-07	
0.23750000	1.37671677e-07	
0.23908333	2.13576349e-07	
0.24066667	2.02626360e-07	
0.24225000	4.31337906e-07	
0.24383333	3.63373789e-07	
0.24541667	5.18148690e-07	
0.24700000	5.12877509e-07	
0.24858333	5.47297606e-07	
0.25016667	6.56641952e-07	
0.25175000	4.97579975e-07	
0.25333333	7.24668596e-08	
0.25491667	2.88773821e-07	
0.25650000	1.72110913e-07	
0.25808333	3.19548630e-07	
0.25966667	2.53902345e-07	
0.26125000	2.24137639e-07	
0.26283333	3.12073639e-07	
0.26441667	4.85049189e-07	
0.26600000	6.28036876e-07	
0.26758333	4.99135781e-07	
0.26916667	4.56356665e-07	
0.27075000	6.03405571e-07	
0.27233333	4.99178791e-07	
0.27391667	4.63056078e-07	
0.27550000	2.48362184e-07	
0.27708333	3.14233516e-07	
0.27866667	3.47810271e-07	
0.28025000	1.96828196e-07	
0.28183333	1.34698686e-07	
0.28341667	3.95427415e-07	
0.28500000	6.43247103e-07	
0.28658333	5.10890036e-07	
0.28816667	4.24034283e-07	
0.28975000	5.29555954e-07	
0.29133333	4.43522877e-07	
0.29291667	4.39373259e-07	
0.29450000	1.75137219e-07	
0.29608333	1.45009099e-07	
0.29766667	3.35191644e-07	
0.29925000	2.32581754e-07	
0.30083333	3.45086644e-07	
0.30241667	3.49105329e-07	
0.30400000	5.55828468e-07	
0.30558333	6.58673443e-07	
0.30716667	4.17552412e-07	
0.30875000	4.84141500e-07	
0.31033333	5.17629770e-07	
0.31191667	5.86942233e-07	
0.31350000	2.34292799e-07	
0.31508333	-8.14370761e-08	
0.31666667	1.42639870e-07	
0.31825000	1.96352622e-07	
0.31983333	1.11105492e-07	
0.32141667	5.34085115e-09	
0.32300000	7.66740134e-08	
0.32458333	6.66409630e-07	
0.32616667	6.63728734e-07	
0.32775000	5.67582220e-07	
0.32933333	5.13567964e-07	
0.33091667	4.53020987e-07	
0.33250000	3.99066682e-07	
0.33408333	2.40307651e-07	
0.33566667	9.74765738e-08	
0.33725000	2.22581791e-07	
0.33883333	1.56666820e-07	
0.34041667	2.68559714e-07	
0.34200000	2.11141080e-07	
0.34358333	1.56341613e-07	
0.34516667	4.58344754e-07	
0.34675000	5.26143272e-07	
0.34833333	6.58585351e-07	
0.34991667	7.12211397e-07	
0.35150000	8.50359908e-07	
0.35308333	7.40041846e-07	
0.35466667	5.90180858e-07	
0.35625000	6.28078878e-07	
0.35783333	6.40134595e-07	
0.35941667	6.54091318e-07	
0.36100000	6.31490775e-07	
0.36258333	3.52778365e-07	
0.36416667	8.09221638e-07	
0.36575000	8.44352855e-07	
0.36733333	9.71091638e-07	
0.36891667	1.00047504e-06	
0.37050000	8.56712273e-07	
0.37208333	9.91488425e-07	
0.37366667	4.63615683e-07	
0.37525000	5.82449151e-07	
0.37683333	6.10578373e-07	
0.37841667	6.67919850e-07	
0.38000000	5.79422047e-07	
0.38158333	5.58119699e-07	
0.38316667	8.82681759e-07	
0.38475000	9.64361480e-07	
0.38633333	8.91450856e-07	
0.38791667	9.53764572e-07	
0.38950000	1.12401669e-06	
0.39108333	1.12651508e-06	
0.39266667	9.63330249e-07	
0.39425000	5.97961735e-07	
0.39583333	5.81886158e-07	
0.39741667	6.23110559e-07	
0.39900000	5.52330271e-07	
0.40058333	3.72119141e-07	
0.40216667	5.79983864e-07	
0.40375000	1.11183379e-06	
0.40533333	8.87131774e-07	
0.40691667	1.09290606e-06	
0.40850000	9.72694990e-07	
0.41008333	9.70706900e-07	
0.41166667	9.79005913e-07	
0.41325000	8.24215135e-07	
0.41483333	7.62078667e-07	
0.41641667	6.72847287e-07	
0.41800000	6.96483596e-07	
0.41958333	6.69086942e-07	
0.42116667	4.62491992e-07	
0.42275000	7.10439926e-07	
0.42433333	8.15663159e-07	
0.42591667	8.04251807e-07	
0.42750000	8.37223063e-07	
0.42908333	8.42233664e-07	
0.43066667	9.92045986e-07	
0.43225000	9.16476251e-07	
0.43383333	7.08453125e-07	
0.43541667	5.24630813e-07	
0.43700000	5.47618948e-07	
0.43858333	7.08928306e-07	
0.44016667	5.93725705e-07	
0.44175000	6.46834568e-07	
0.44333333	9.80886813e-07	
0.44491667	9.19626504e-07	
0.44650000	9.53894274e-07	
0.44808333	8.83893093e-07	
0.44966667	8.62589513e-07	
0.45125000	1.05849980e-06	
0.45283333	7.73747799e-07	
0.45441667	8.29210335e-07	
0.45600000	7.24312308e-07	
0.45758333	8.38733227e-07	
0.45916667	8.84583548e-07	
0.46075000	5.97614967e-07	
0.46233333	7.41295574e-07	
0.46391667	8.81140121e-07	
0.46550000	9.29871772e-07	
0.46708333	8.18210434e-07	
0.46866667	8.21234793e-07	
0.47025000	8.68559381e-07	
0.47183333	9.76598029e-07	
0.47341667	7.28591068e-07	
0.47500000	5.09635580e-07	
0.47658333	4.13144846e-07	
0.47816667	6.69259150e-07	
0.47975000	5.08211156e-07	
0.48133333	4.72516778e-07	
0.48291667	6.55259810e-07	
0.48450000	8.96377677e-07	
0.48608333	1.04143908e-06	
0.48766667	1.01516674e-06	
0.48925000	1.10025438e-06	
0.49083333	1.18922042e-06	
0.49241667	1.09153210e-06	
0.49400000	6.70815740e-07	
0.49558333	6.44239860e-07	
0.49716667	7.22971664e-07	
0.49875000	6.70081211e-07	
0.50033333	5.47058307e-07	
0.50191667	6.35685868e-07	
0.50350000	9.08504237e-07	
0.50508333	9.15007417e-07	
0.50666667	9.09689362e-07	
0.50825000	8.60686772e-07	
0.50983333	1.06222430e-06	
0.51141667	1.08555629e-06	
0.51300000	8.38561859e-07	
0.51458333	6.40568167e-07	
0.51616667	6.57809716e-07	
0.51775000	6.69302104e-07	
0.51933333	4.61153140e-07	
0.52091667	5.66114002e-07	
0.52250000	7.76941454e-07	
0.52408333	8.90739904e-07	
0.52566667	9.86775925e-07	
0.52725000	9.07528841e-07	
0.52883333	1.01153587e-06	
0.53041667	9.56051267e-07	
0.53200000	1.04851657e-06	
0.53358333	6.63081457e-07	
0.53516667	5.59978703e-07	
0.53675000	7.07501474e-07	
0.53833333	6.88577273e-07	
0.53991667	8.76026924e-07	
0.54150000	6.71100289e-07	
0.54308333	7.26254644e-07	
0.54466667	1.00973404e-06	
0.54625000	8.95557688e-07	
0.54783333	8.08921689e-07	
0.54941667	8.26827316e-07	
0.55100000	8.51222347e-07	
0.55258333	7.89948262e-07	
0.55416667	4.97407879e-07	
0.55575000	4.93907162e-07	
0.55733333	5.74323914e-07	
0.55891667	6.21337408e-07	
0.56050000	6.50981442e-07	
0.56208333	6.41734307e-07	
0.56366667	9.43046811e-07	
0.56525000	1.01128083e-06	
0.56683333	1.00587558e-06	
0.56841667	9.51303150e-07	
0.57000000	8.91018629e-07	
0.57158333	9.61113334e-07	
0.57316667	7.31095837e-07	
0.57475000	5.49002602e-07	
0.57633333	5.79249559e-07	
0.57791667	5.60685846e-07	
0.57950000	6.14555504e-07	
0.58108333	6.12047991e-07	
0.58266667	6.38406862e-07	
0.58425000	1.10975509e-06	
0.58583333	1.03876216e-06	
0.58741667	1.17681732e-06	
0.58900000	1.34270751e-06	
0.59058333	1.51633334e-06	
0.59216667	1.46897078e-06	
0.59375000	1.33127964e-06	
0.59533333	1.43879450e-06	
0.59691667	1.45571465e-06	
0.59850000	1.68360881e-06	
0.60008333	1.94964639e-06	
0.60166667	2.32759369e-06	
0.60325000	2.84284638e-06	
0.60483333	3.35411773e-06	
0.60641667	3.75140337e-06	
0.60800000	4.36401553e-06	
0.60958333	5.11381749e-06	
0.61116667	6.15699288e-06	
0.61275000	7.14168954e-06	
0.61433333	8.34618621e-06	
0.61591667	1.01400560e-05	
0.61750000	1.24344933e-05	
0.61908333	1.49767081e-05	
0.62066667	1.74749632e-05	
0.62225000	2.09172020e-05	
0.62383333	2.50215930e-05	
0.62541667	3.02827325e-05	
0.62700000	3.66778252e-05	
0.62858333	4.35124651e-05	
0.63016667	5.23048632e-05	
0.63175000	6.70087324e-05	
0.63333333	9.41853810e-05	
0.63491667	1.74160439e-04	
0.63650000	4.28359088e-04	
0.63808333	7.04936192e-04	
0.63966667	5.71485956e-04	
0.64125000	6.46674597e-04	
0.64283333	7.97401233e-04	
0.64441667	6.61256855e-04	
0.64600000	1.01995594e-03	
0.64758333	1.22187197e-03	
0.64916667	1.64316616e-03	
0.65075000	1.79192477e-03	
0.65233333	6.68681963e-03	
0.65391667	1.89225469e-02	
0.65550000	3.09079715e-02	
0.65708333	3.81416591e-02	
0.65866667	4.21909327e-02	
0.66025000	5.21019107e-02	
0.66183333	6.95179347e-02	
0.66341667	7.35208833e-02	
0.66500000	9.15753609e-02	
0.66658333	8.18614570e-02	
0.66816667	8.22307432e-02	
0.66975000	9.22746478e-02	
0.67133333	9.70505731e-02	
0.67291667	1.11026937e-01	
0.67450000	1.24193879e-01	
0.67608333	1.50605072e-01	
0.67766667	1.52155385e-01	
0.67925000	1.50944798e-01	
0.68083333	1.50218910e-01	
0.68241667	1.63234648e-01	
0.68400000	1.88274852e-01	
0.68558333	2.06110036e-01	
0.68716667	2.26002768e-01	
0.68875000	2.99304439e-01	
0.69033333	2.68182892e-01	
0.69191667	8.31830244e-01	
0.69350000	2.75788088e+00	
0.69508333	1.09254446e+01	
0.69666667	1.82356713e+01	
0.69825000	2.20572818e+01	
0.69983333	2.38452557e+01	
0.70141667	2.54776676e+01	
0.70300000	2.73740975e+01	
0.70458333	2.82300874e+01	
0.70616667	2.92230304e+01	
0.70775000	2.95369433e+01	
0.70933333	3.02921516e+01	
0.71091667	3.07509005e+01	
