start voltage : 0.00 V 
set voltage : 0.10 V 
High G : 30.00 G0 
Intermediate G : 20.00 G0 
Low G : 10.00 G0 
Breaking speed 1 : 300.00 V/s 
Breaking speed 2 : 300.00 V/s 
Making speed : 500.00 V/s 
Post breaking : 230.00 V/s 
@ 
0.00000000	3.98573363e+01	
0.00158333	4.02165100e+01	
0.00316667	4.01883831e+01	
0.00475000	4.02430809e+01	
0.00633333	4.02138491e+01	
0.00791667	4.01600045e+01	
0.00950000	4.00919799e+01	
0.01108333	4.02273751e+01	
0.01266667	4.02277547e+01	
0.01425000	4.01830577e+01	
0.01583333	4.02034801e+01	
0.01741667	3.99722566e+01	
0.01900000	4.01145633e+01	
0.02058333	3.99714110e+01	
0.02216667	3.99326294e+01	
0.02375000	4.02685807e+01	
0.02533333	3.98912772e+01	
0.02691667	4.00571220e+01	
0.02850000	3.99272213e+01	
0.03008333	4.00368762e+01	
0.03166667	4.01347113e+01	
0.03325000	3.98833135e+01	
0.03483333	3.99766876e+01	
0.03641667	3.97731738e+01	
0.03800000	3.97302656e+01	
0.03958333	3.97510789e+01	
0.04116667	3.96180890e+01	
0.04275000	3.99322235e+01	
0.04433333	3.97958286e+01	
0.04591667	3.96996245e+01	
0.04750000	3.98325280e+01	
0.04908333	3.96130905e+01	
0.05066667	3.96643532e+01	
0.05225000	3.96383122e+01	
0.05383333	3.97017780e+01	
0.05541667	3.97449943e+01	
0.05700000	3.94364971e+01	
0.05858333	3.94650336e+01	
0.06016667	3.91652556e+01	
0.06175000	3.91424016e+01	
0.06333333	3.91456638e+01	
0.06491667	3.92880757e+01	
0.06650000	3.93445963e+01	
0.06808333	3.92843851e+01	
0.06966667	3.90713366e+01	
0.07125000	3.92352984e+01	
0.07283333	3.91211073e+01	
0.07441667	3.92459869e+01	
0.07600000	3.89808225e+01	
0.07758333	3.90185141e+01	
0.07916667	3.91516394e+01	
0.08075000	3.90833254e+01	
0.08233333	3.90059465e+01	
0.08391667	3.87013053e+01	
0.08550000	3.87501064e+01	
0.08708333	3.88122831e+01	
0.08866667	3.87256551e+01	
0.09025000	3.87984565e+01	
0.09183333	3.85553944e+01	
0.09341667	3.85957018e+01	
0.09500000	3.85172480e+01	
0.09658333	3.83963710e+01	
0.09816667	3.85332319e+01	
0.09975000	3.83745204e+01	
0.10133333	3.83953149e+01	
0.10291667	3.84991595e+01	
0.10450000	3.84621932e+01	
0.10608333	3.85391625e+01	
0.10766667	3.84475886e+01	
0.10925000	3.85839986e+01	
0.11083333	3.85329801e+01	
0.11241667	3.83844422e+01	
0.11400000	3.83972917e+01	
0.11558333	3.83591904e+01	
0.11716667	3.84875803e+01	
0.11875000	3.83692889e+01	
0.12033333	3.82755239e+01	
0.12191667	3.83827360e+01	
0.12350000	3.82050339e+01	
0.12508333	3.82163914e+01	
0.12666667	3.81040832e+01	
0.12825000	3.83368776e+01	
0.12983333	3.83925187e+01	
0.13141667	3.83791393e+01	
0.13300000	3.83871256e+01	
0.13458333	3.83227277e+01	
0.13616667	3.82490883e+01	
0.13775000	3.83260726e+01	
0.13933333	3.82685298e+01	
0.14091667	3.83935109e+01	
0.14250000	3.81687516e+01	
0.14408333	3.83704953e+01	
0.14566667	3.82567927e+01	
0.14725000	3.79761293e+01	
0.14883333	3.81647040e+01	
0.15041667	3.80102355e+01	
0.15200000	3.80860134e+01	
0.15358333	3.80573792e+01	
0.15516667	3.78468224e+01	
0.15675000	3.81775497e+01	
0.15833333	3.70820380e+01	
0.15991667	3.68349772e+01	
0.16150000	3.68134574e+01	
0.16308333	3.66996684e+01	
0.16466667	3.67324668e+01	
0.16625000	3.67270060e+01	
0.16783333	3.67227329e+01	
0.16941667	3.66907275e+01	
0.17100000	3.65607516e+01	
0.17258333	3.65060200e+01	
0.17416667	3.62476055e+01	
0.17575000	3.56225722e+01	
0.17733333	3.53759661e+01	
0.17891667	3.51886918e+01	
0.18050000	3.52729182e+01	
0.18208333	3.51683595e+01	
0.18366667	3.52127447e+01	
0.18525000	3.53343095e+01	
0.18683333	3.51067127e+01	
0.18841667	3.50853282e+01	
0.19000000	3.47059125e+01	
0.19158333	3.42967277e+01	
0.19316667	3.41843593e+01	
0.19475000	3.40910115e+01	
0.19633333	3.42211978e+01	
0.19791667	3.39956193e+01	
0.19950000	3.40390235e+01	
0.20108333	3.38994227e+01	
0.20266667	3.39468933e+01	
0.20425000	3.35290156e+01	
0.20583333	3.32543992e+01	
0.20741667	3.30877953e+01	
0.20900000	3.25985556e+01	
0.21058333	3.25775845e+01	
0.21216667	3.26375251e+01	
0.21375000	3.27651821e+01	
0.21533333	3.27011525e+01	
0.21691667	3.21002247e+01	
0.21850000	3.19603872e+01	
0.22008333	3.20379277e+01	
0.22166667	3.18969778e+01	
0.22325000	3.19009202e+01	
0.22483333	3.18060353e+01	
0.22641667	3.19003865e+01	
0.22800000	3.18745484e+01	
0.22958333	3.17477709e+01	
0.23116667	3.13080445e+01	
0.23275000	3.11547129e+01	
0.23433333	3.12565769e+01	
0.23591667	3.14382815e+01	
0.23750000	3.13414291e+01	
0.23908333	3.15118477e+01	
0.24066667	3.10973655e+01	
0.24225000	3.12183554e+01	
0.24383333	3.12225082e+01	
0.24541667	3.12324958e+01	
0.24700000	3.13697552e+01	
0.24858333	3.12301187e+01	
0.25016667	3.13335424e+01	
0.25175000	3.13180490e+01	
0.25333333	3.09768417e+01	
0.25491667	3.10612768e+01	
0.25650000	2.90756689e+01	
0.25808333	2.82980669e+01	
0.25966667	2.83425648e+01	
0.26125000	2.81556231e+01	
0.26283333	2.76615277e+01	
0.26441667	2.72992460e+01	
0.26600000	2.74284006e+01	
0.26758333	2.73614547e+01	
0.26916667	2.74022525e+01	
0.27075000	2.74664925e+01	
0.27233333	2.73189280e+01	
0.27391667	2.72508264e+01	
0.27550000	2.73220230e+01	
0.27708333	2.72719779e+01	
0.27866667	2.71703920e+01	
0.28025000	2.71741991e+01	
0.28183333	2.72360094e+01	
0.28341667	2.68221756e+01	
0.28500000	2.67048670e+01	
0.28658333	2.65882067e+01	
0.28816667	2.65053351e+01	
0.28975000	2.59994519e+01	
0.29133333	2.58395697e+01	
0.29291667	2.59129911e+01	
0.29450000	2.57444010e+01	
0.29608333	2.42011691e+01	
0.29766667	2.40639661e+01	
0.29925000	2.38174427e+01	
0.30083333	2.37992302e+01	
0.30241667	2.37810120e+01	
0.30400000	2.37595429e+01	
0.30558333	2.38508123e+01	
0.30716667	2.37390058e+01	
0.30875000	2.33951302e+01	
0.31033333	2.30240918e+01	
0.31191667	2.31501496e+01	
0.31350000	2.30255687e+01	
0.31508333	2.31312061e+01	
0.31666667	2.32110636e+01	
0.31825000	2.32960173e+01	
0.31983333	2.32202394e+01	
0.32141667	2.34539020e+01	
0.32300000	2.32375030e+01	
0.32458333	2.32547609e+01	
0.32616667	2.30875839e+01	
0.32775000	2.31720321e+01	
0.32933333	2.28209087e+01	
0.33091667	2.25882044e+01	
0.33250000	2.26014692e+01	
0.33408333	2.26747197e+01	
0.33566667	2.26209615e+01	
0.33725000	2.24879377e+01	
0.33883333	2.24850626e+01	
0.34041667	2.23967377e+01	
0.34200000	2.23697628e+01	
0.34358333	2.22866713e+01	
0.34516667	2.22730476e+01	
0.34675000	2.20973900e+01	
0.34833333	2.21890748e+01	
0.34991667	2.21535329e+01	
0.35150000	2.17695829e+01	
0.35308333	2.02295511e+01	
0.35466667	2.03761366e+01	
0.35625000	2.03494867e+01	
0.35783333	2.01195824e+01	
0.35941667	2.00969182e+01	
0.36100000	2.02013115e+01	
0.36258333	2.01444884e+01	
0.36416667	1.99075843e+01	
0.36575000	1.97709751e+01	
0.36733333	1.97526818e+01	
0.36891667	1.97212289e+01	
0.37050000	1.96299801e+01	
0.37208333	1.96583268e+01	
0.37366667	1.93852437e+01	
0.37525000	1.95366680e+01	
0.37683333	1.93939065e+01	
0.37841667	1.92254216e+01	
0.38000000	1.93695229e+01	
0.38158333	1.91964623e+01	
0.38316667	1.91455698e+01	
0.38475000	1.91216747e+01	
0.38633333	1.87717784e+01	
0.38791667	1.87662932e+01	
0.38950000	1.87170787e+01	
0.39108333	1.87044415e+01	
0.39266667	1.88036823e+01	
0.39425000	1.85558191e+01	
0.39583333	1.82224685e+01	
0.39741667	1.69932076e+01	
0.39900000	1.55124597e+01	
0.40058333	1.54307653e+01	
0.40216667	1.51902711e+01	
0.40375000	1.52998133e+01	
0.40533333	1.52107988e+01	
0.40691667	1.52191440e+01	
0.40850000	1.52676839e+01	
0.41008333	1.51494620e+01	
0.41166667	1.51647873e+01	
0.41325000	1.50147226e+01	
0.41483333	1.50204323e+01	
0.41641667	1.49517838e+01	
0.41800000	1.48943904e+01	
0.41958333	1.49195191e+01	
0.42116667	1.46743872e+01	
0.42275000	1.47118684e+01	
0.42433333	1.45616994e+01	
0.42591667	1.44056027e+01	
0.42750000	1.44790730e+01	
0.42908333	1.42804130e+01	
0.43066667	1.39941441e+01	
0.43225000	1.36139852e+01	
0.43383333	1.35998034e+01	
0.43541667	1.34071426e+01	
0.43700000	1.23701142e+01	
0.43858333	1.19931517e+01	
0.44016667	1.18112536e+01	
0.44175000	1.16846564e+01	
0.44333333	1.16682506e+01	
0.44491667	1.16202670e+01	
0.44650000	1.16261881e+01	
0.44808333	1.14860810e+01	
0.44966667	1.14134525e+01	
0.45125000	1.13742510e+01	
0.45283333	1.12271778e+01	
0.45441667	1.09703333e+01	
0.45600000	1.06173890e+01	
0.45758333	1.06029582e+01	
0.45916667	1.06306435e+01	
0.46075000	1.06569241e+01	
0.46233333	1.07795704e+01	
0.46391667	1.09329329e+01	
0.46550000	1.09029448e+01	
0.46708333	1.08596646e+01	
0.46866667	1.07597277e+01	
0.47025000	1.05625822e+01	
0.47183333	1.05116389e+01	
0.47341667	1.04859089e+01	
0.47500000	1.04359597e+01	
0.47658333	1.00008588e+01	
0.47816667	8.96114416e+00	
0.47975000	8.82251774e+00	
0.48133333	8.76313997e+00	
0.48291667	8.78528649e+00	
0.48450000	8.49032939e+00	
0.48608333	7.71913529e+00	
0.48766667	7.50583590e+00	
0.48925000	7.43310454e+00	
0.49083333	7.10979557e+00	
0.49241667	7.09370456e+00	
0.49400000	7.06005681e+00	
0.49558333	7.20667988e+00	
0.49716667	7.54598685e+00	
0.49875000	7.46897436e+00	
0.50033333	7.37035749e+00	
0.50191667	7.54775699e+00	
0.50350000	7.14686333e+00	
0.50508333	7.03794881e+00	
0.50666667	6.90400237e+00	
0.50825000	6.51562608e+00	
0.50983333	5.61801522e+00	
0.51141667	5.63148249e+00	
0.51300000	5.70131857e+00	
0.51458333	5.65592249e+00	
0.51616667	5.58142616e+00	
0.51775000	5.67285394e+00	
0.51933333	5.51827744e+00	
0.52091667	5.15837753e+00	
0.52250000	5.17197070e+00	
0.52408333	5.11144760e+00	
0.52566667	5.46996541e+00	
0.52725000	5.36139384e+00	
0.52883333	5.26428309e+00	
0.53041667	5.20705176e+00	
0.53200000	5.17179124e+00	
0.53358333	5.10283460e+00	
0.53516667	5.04654283e+00	
0.53675000	4.91248693e+00	
0.53833333	4.49607868e+00	
0.53991667	4.17698742e+00	
0.54150000	4.05836342e+00	
0.54308333	3.74053235e+00	
0.54466667	3.65488079e+00	
0.54625000	3.46051225e+00	
0.54783333	3.25907488e+00	
0.54941667	3.19710461e+00	
0.55100000	3.07140756e+00	
0.55258333	3.15329640e+00	
0.55416667	3.08774521e+00	
0.55575000	3.10835177e+00	
0.55733333	3.06670362e+00	
0.55891667	3.02156192e+00	
0.56050000	3.00039326e+00	
0.56208333	2.96230583e+00	
0.56366667	3.02430029e+00	
0.56525000	3.08037572e+00	
0.56683333	3.09379742e+00	
0.56841667	3.14306170e+00	
0.57000000	3.10987481e+00	
0.57158333	2.96309507e+00	
0.57316667	2.38888948e+00	
0.57475000	2.58913407e+00	
0.57633333	2.36796769e+00	
0.57791667	2.18385334e+00	
0.57950000	2.10993320e+00	
0.58108333	2.08188175e+00	
0.58266667	1.95399950e+00	
0.58425000	1.90894965e+00	
0.58583333	1.82830726e+00	
0.58741667	1.81577309e+00	
0.58900000	1.77262210e+00	
0.59058333	1.75247440e+00	
0.59216667	1.43303197e+00	
0.59375000	1.29559586e+00	
0.59533333	1.31071595e+00	
0.59691667	1.53591260e+00	
0.59850000	1.50926920e+00	
0.60008333	1.49399056e+00	
0.60166667	1.50106444e+00	
0.60325000	1.18765720e+00	
0.60483333	1.06782339e+00	
0.60641667	1.02508334e+00	
0.60800000	1.02735439e+00	
0.60958333	1.00936440e+00	
0.61116667	1.00997136e+00	
0.61275000	1.00240104e+00	
0.61433333	9.89510426e-01	
0.61591667	9.97171414e-01	
0.61750000	9.84445988e-01	
0.61908333	9.87228689e-01	
0.62066667	9.78483794e-01	
0.62225000	9.72376026e-01	
0.62383333	9.73869525e-01	
0.62541667	9.54282446e-01	
0.62700000	7.93709693e-01	
0.62858333	6.95937723e-01	
0.63016667	6.94400064e-01	
0.63175000	5.89944021e-01	
0.63333333	5.79889135e-01	
0.63491667	6.43629662e-01	
0.63650000	5.46155888e-01	
0.63808333	4.91123789e-01	
0.63966667	4.69152444e-01	
0.64125000	4.93195298e-01	
0.64283333	4.45669864e-01	
0.64441667	4.62178220e-01	
0.64600000	4.04561022e-01	
0.64758333	3.78087950e-01	
0.64916667	3.36981574e-01	
0.65075000	3.61955568e-01	
0.65233333	2.94517407e-01	
0.65391667	3.10017197e-01	
0.65550000	2.99214974e-01	
0.65708333	3.67007263e-01	
0.65866667	2.91485251e-01	
0.66025000	2.28278797e-02	
0.66183333	2.25562387e-02	
0.66341667	1.67997603e-02	
0.66500000	1.24759250e-02	
0.66658333	1.00793833e-02	
0.66816667	7.08688309e-03	
0.66975000	7.28184768e-03	
0.67133333	8.40871885e-03	
0.67291667	5.54712026e-03	
0.67450000	1.76751635e-03	
0.67608333	5.08729250e-03	
0.67766667	3.83647359e-03	
0.67925000	1.94863403e-03	
0.68083333	1.83707132e-03	
0.68241667	1.68422447e-03	
0.68400000	2.97456721e-03	
0.68558333	1.05409688e-03	
0.68716667	1.79013545e-03	
0.68875000	1.34742070e-03	
0.69033333	1.39292968e-03	
0.69191667	8.82200585e-04	
0.69350000	3.01624567e-04	
0.69508333	7.65296327e-04	
0.69666667	1.25846906e-03	
0.69825000	5.68617595e-04	
0.69983333	6.93544639e-04	
0.70141667	7.47566946e-04	
0.70300000	5.03726048e-04	
0.70458333	5.04456987e-04	
0.70616667	4.78914308e-04	
0.70775000	3.62567774e-04	
0.70933333	3.31338493e-04	
0.71091667	3.90417621e-04	
0.71250000	4.07245571e-04	
0.71408333	3.09629661e-04	
0.71566667	2.56126082e-04	
0.71725000	2.57073390e-04	
0.71883333	2.81893819e-04	
0.72041667	2.97434568e-04	
0.72200000	8.59046333e-04	
0.72358333	1.62951251e-03	
0.72516667	4.72688620e-04	
0.72675000	6.97470929e-04	
0.72833333	5.95589065e-04	
0.72991667	2.26784450e-04	
0.73150000	3.99207503e-04	
0.73308333	6.34418086e-04	
0.73466667	3.41625120e-04	
0.73625000	1.69715277e-04	
0.73783333	1.37578658e-04	
0.73941667	1.62046649e-04	
0.74100000	1.85743228e-04	
0.74258333	1.82570299e-04	
0.74416667	1.83240753e-04	
0.74575000	3.59691814e-04	
0.74733333	1.15147159e-03	
0.74891667	6.19012445e-04	
0.75050000	4.37837015e-04	
0.75208333	6.01419319e-04	
0.75366667	5.84794490e-04	
0.75525000	4.35961724e-04	
0.75683333	3.91707345e-04	
0.75841667	3.77305700e-04	
0.76000000	3.49688565e-04	
0.76158333	3.85306005e-04	
0.76316667	3.61933549e-04	
0.76475000	3.51367300e-04	
0.76633333	3.64890310e-04	
0.76791667	4.80992404e-04	
0.76950000	5.65708690e-04	
0.77108333	3.11235680e-04	
0.77266667	1.79667688e-04	
0.77425000	1.39374079e-04	
0.77583333	1.33348259e-04	
0.77741667	1.44384636e-04	
0.77900000	1.53481867e-04	
0.78058333	1.44794664e-04	
0.78216667	1.29869774e-04	
0.78375000	1.22064375e-04	
0.78533333	1.45434680e-04	
0.78691667	1.95588760e-04	
0.78850000	2.16702363e-04	
0.79008333	2.01153729e-04	
0.79166667	1.76456825e-04	
0.79325000	1.45773326e-04	
0.79483333	1.34145061e-04	
0.79641667	1.30152062e-04	
0.79800000	1.24743320e-04	
0.79958333	1.03960255e-04	
0.80116667	7.05321991e-05	
0.80275000	4.65657006e-05	
0.80433333	3.20691464e-05	
0.80591667	2.23569343e-05	
0.80750000	1.57113643e-05	
0.80908333	1.10886741e-05	
0.81066667	8.20310830e-06	
0.81225000	6.04178988e-06	
0.81383333	4.61598651e-06	
0.81541667	3.73983034e-06	
0.81700000	3.23195676e-06	
0.81858333	3.15884817e-06	
0.82016667	3.39854654e-06	
0.82175000	3.76808786e-06	
0.82333333	4.46465832e-06	
0.82491667	4.79707310e-06	
0.82650000	5.36570470e-06	
0.82808333	5.54670706e-06	
0.82966667	5.55435521e-06	
0.83125000	5.24921096e-06	
0.83283333	4.46404946e-06	
0.83441667	3.93994076e-06	
0.83600000	3.40018137e-06	
0.83758333	3.02601604e-06	
0.83916667	2.87692951e-06	
0.84075000	2.63235399e-06	
0.84233333	2.78601413e-06	
0.84391667	2.77157646e-06	
0.84550000	2.83670066e-06	
0.84708333	2.96279569e-06	
0.84866667	2.95320224e-06	
0.85025000	3.18360711e-06	
0.85183333	3.10543096e-06	
0.85341667	2.64160448e-06	
0.85500000	2.53447660e-06	
0.85658333	2.43658668e-06	
0.85816667	2.98094387e-06	
0.85975000	3.53176039e-06	
0.86133333	4.36013388e-06	
0.86291667	5.21510901e-06	
0.86450000	5.73684097e-06	
0.86608333	6.05712696e-06	
0.86766667	6.08348935e-06	
0.86925000	6.13214479e-06	
0.87083333	6.02528124e-06	
0.87241667	5.41172264e-06	
0.87400000	4.84427337e-06	
0.87558333	3.87835815e-06	
0.87716667	3.33734767e-06	
0.87875000	2.79045020e-06	
0.88033333	1.99075941e-06	
0.88191667	1.72172860e-06	
0.88350000	1.59737614e-06	
0.88508333	1.33744540e-06	
0.88666667	1.15630024e-06	
0.88825000	8.63320514e-07	
0.88983333	7.72578858e-07	
0.89141667	6.37550695e-07	
0.89300000	3.59598043e-07	
0.89458333	1.47956987e-07	
0.89616667	2.24269028e-08	
0.89775000	2.07112735e-07	
0.89933333	1.10103194e-07	
0.90091667	3.26333055e-07	
0.90250000	4.88418524e-07	
0.90408333	3.64791660e-07	
0.90566667	3.07017172e-07	
0.90725000	3.54377601e-07	
0.90883333	5.43039791e-07	
0.91041667	5.93251196e-07	
0.91200000	4.49487061e-07	
0.91358333	2.97460091e-07	
0.91516667	7.87313357e-08	
0.91675000	2.44749630e-07	
0.91833333	1.58758374e-07	
0.91991667	1.60738395e-08	
0.92150000	1.77279175e-07	
0.92308333	4.39055165e-07	
0.92466667	6.06042226e-07	
0.92625000	4.85307976e-07	
0.92783333	3.91583207e-07	
0.92941667	4.81851949e-07	
0.93100000	3.65214003e-07	
0.93258333	1.14942897e-07	
0.93416667	6.47573157e-08	
0.93575000	-2.73095957e-08	
0.93733333	2.07112553e-07	
0.93891667	3.27455828e-08	
0.94050000	1.58991442e-07	
0.94208333	2.93233666e-07	
0.94366667	3.00190382e-07	
0.94525000	5.74108305e-07	
0.94683333	4.14743102e-07	
0.94841667	4.97493899e-07	
0.95000000	5.08296392e-07	
0.95158333	5.13785758e-07	
0.95316667	9.22997226e-08	
0.95475000	-4.96499588e-08	
0.95633333	3.40941303e-08	
0.95791667	4.45590504e-08	
0.95950000	3.80686882e-08	
0.96108333	1.30455754e-07	
0.96266667	3.93094966e-07	
0.96425000	4.28485586e-07	
0.96583333	5.22125484e-07	
0.96741667	5.21259517e-07	
0.96900000	5.47273413e-07	
0.97058333	4.59986020e-07	
0.97216667	2.29513628e-07	
0.97375000	-9.31216294e-08	
0.97533333	1.62691374e-07	
0.97691667	2.21026476e-07	
0.97850000	1.50999127e-07	
0.98008333	2.04079219e-07	
0.98166667	2.33514280e-07	
0.98325000	5.52986901e-07	
0.98483333	5.42001616e-07	
0.98641667	3.96032662e-07	
0.98800000	3.99534275e-07	
0.98958333	3.35493050e-07	
0.99116667	3.57791010e-07	
0.99275000	3.54940986e-07	
0.99433333	1.28165347e-08	
0.99591667	1.11658174e-07	
0.99750000	1.59536193e-07	
0.99908333	2.33169024e-07	
1.00066667	3.09610620e-07	
1.00225000	3.81695767e-07	
1.00383333	7.70687485e-07	
1.00541667	7.18520697e-07	
1.00700000	7.87529905e-07	
1.00858333	6.46184155e-07	
1.01016667	5.31718715e-07	
1.01175000	5.29814965e-07	
1.01333333	1.79017535e-07	
1.01491667	5.48530578e-08	
1.01650000	8.14271917e-08	
1.01808333	2.20076057e-07	
1.01966667	1.62008367e-07	
1.02125000	1.71056777e-07	
1.02283333	2.13938966e-07	
1.02441667	4.05581903e-07	
1.02600000	5.31761165e-07	
1.02758333	4.82888276e-07	
1.02916667	3.33549959e-07	
1.03075000	5.70072484e-07	
1.03233333	2.77287930e-07	
1.03391667	-5.49049161e-08	
1.03550000	1.34817264e-08	
1.03708333	6.98295613e-08	
1.03866667	7.89121888e-08	
1.04025000	2.93404655e-08	
1.04183333	1.14933334e-07	
1.04341667	4.44819251e-07	
1.04500000	4.30948325e-07	
1.04658333	4.21873566e-07	
1.04816667	4.35873466e-07	
1.04975000	4.95375380e-07	
1.05133333	5.75749850e-07	
1.05291667	2.00916071e-07	
1.05450000	2.40039287e-07	
1.05608333	8.27931210e-08	
1.05766667	1.68550805e-07	
1.05925000	1.95272866e-07	
1.06083333	2.24795739e-07	
1.06241667	3.17146991e-07	
1.06400000	5.86942457e-07	
1.06558333	5.57687920e-07	
1.06716667	4.98729594e-07	
1.06875000	5.87677882e-07	
1.07033333	5.60625924e-07	
1.07191667	4.32114717e-07	
1.07350000	9.60335151e-08	
1.07508333	7.40901345e-08	
1.07666667	1.65110543e-07	
1.07825000	3.56710526e-07	
1.07983333	1.18209544e-07	
1.08141667	1.95445368e-07	
1.08300000	3.60651339e-07	
1.08458333	4.93301383e-07	
1.08616667	5.78473253e-07	
1.08775000	4.36607015e-07	
1.08933333	4.79604120e-07	
1.09091667	4.69061339e-07	
1.09250000	2.72318407e-07	
1.09408333	1.94072844e-07	
1.09566667	8.30519926e-08	
1.09725000	2.25485788e-07	
1.09883333	1.85334044e-07	
1.10041667	2.19427016e-07	
1.10200000	2.58127426e-07	
1.10358333	4.74937655e-07	
1.10516667	7.33774045e-07	
1.10675000	6.06473613e-07	
1.10833333	6.74054533e-07	
1.10991667	6.68828379e-07	
1.11150000	3.69675360e-07	
1.11308333	1.42927107e-07	
1.11466667	8.78068737e-09	
1.11625000	5.78166478e-08	
1.11783333	8.93954672e-08	
1.11941667	-4.65557990e-08	
1.12100000	1.08011655e-07	
1.12258333	3.05677956e-07	
1.12416667	3.90589106e-07	
1.12575000	6.52147918e-07	
1.12733333	4.72172699e-07	
1.12891667	5.14519895e-07	
1.13050000	4.36807420e-07	
1.13208333	4.52969213e-07	
1.13366667	1.90432793e-07	
1.13525000	-8.44350937e-09	
1.13683333	1.16368315e-07	
1.13841667	3.23968674e-09	
1.14000000	1.69044467e-07	
1.14158333	2.72612644e-07	
1.14316667	4.54367988e-07	
1.14475000	6.53315011e-07	
1.14633333	5.14044602e-07	
1.14791667	5.11935155e-07	
1.14950000	5.06352488e-07	
1.15108333	4.05454329e-07	
1.15266667	3.84711166e-07	
1.15425000	1.44931549e-07	
1.15583333	1.98988815e-07	
1.15741667	2.56286568e-07	
1.15900000	1.71549026e-07	
1.16058333	3.09782380e-07	
1.16216667	2.94400758e-07	
1.16375000	5.44034563e-07	
1.16533333	6.04098042e-07	
1.16691667	5.49779917e-07	
1.16850000	5.34396531e-07	
1.17008333	5.20006125e-07	
1.17166667	4.00571274e-07	
1.17325000	1.00120865e-07	
1.17483333	1.91997489e-07	
1.17641667	2.80312710e-07	
1.17800000	1.52104869e-07	
1.17958333	1.58022893e-07	
1.18116667	1.74876037e-07	
1.18275000	4.68887171e-07	
1.18433333	5.61403743e-07	
1.18591667	4.05323031e-07	
1.18750000	5.42217674e-07	
1.18908333	4.88548954e-07	
1.19066667	5.74240527e-07	
1.19225000	4.94772793e-07	
1.19383333	-9.04011026e-09	
1.19541667	1.05046434e-07	
1.19700000	1.40177930e-07	
1.19858333	1.65283758e-07	
1.20016667	3.97028030e-08	
1.20175000	2.20058472e-07	
1.20333333	5.43124074e-07	
1.20491667	5.41526267e-07	
1.20650000	5.37162159e-07	
1.20808333	4.93174481e-07	
1.20966667	5.31933596e-07	
1.21125000	4.94218312e-07	
1.21283333	1.02688070e-07	
1.21441667	9.22998626e-08	
1.21600000	1.55613286e-07	
1.21758333	1.95704645e-07	
1.21916667	2.12756711e-07	
1.22075000	1.61203317e-07	
1.22233333	3.29487424e-07	
1.22391667	5.31892602e-07	
1.22550000	5.26833783e-07	
1.22708333	6.47740689e-07	
1.22866667	5.69181764e-07	
1.23025000	6.65585385e-07	
1.23183333	3.92706309e-07	
1.23341667	2.58749233e-08	
1.23500000	1.05245284e-07	
1.23658333	1.89303369e-09	
1.23816667	2.28624099e-07	
1.23975000	1.63727785e-07	
1.24133333	4.09474973e-08	
1.24291667	4.46677275e-07	
1.24450000	5.24198025e-07	
@ 
0.00000000	5.76832155e-07	
0.00158333	4.28614784e-07	
0.00316667	4.20144432e-07	
0.00475000	5.47100701e-07	
0.00633333	2.44681363e-07	
0.00791667	1.28743169e-07	
0.00950000	1.41863592e-07	
0.01108333	2.10699192e-07	
0.01266667	1.33480603e-07	
0.01425000	6.89569511e-08	
0.01583333	4.09290893e-07	
0.01741667	7.13033122e-07	
0.01900000	6.02065599e-07	
0.02058333	6.88618715e-07	
0.02216667	5.28520075e-07	
0.02375000	7.63116058e-07	
0.02533333	5.58810826e-07	
0.02691667	1.79976214e-07	
0.02850000	1.99982831e-07	
0.03008333	9.08300556e-08	
0.03166667	1.99766480e-07	
0.03325000	2.47601670e-07	
0.03483333	7.31912941e-08	
0.03641667	4.23688971e-07	
0.03800000	3.42450326e-07	
0.03958333	4.43738543e-07	
0.04116667	4.70962764e-07	
0.04275000	5.27957866e-07	
0.04433333	6.49167409e-07	
0.04591667	4.14830718e-07	
0.04750000	2.52684038e-07	
0.04908333	1.78592546e-07	
0.05066667	2.58792680e-07	
0.05225000	4.02947489e-07	
0.05383333	3.20758229e-07	
0.05541667	4.48059809e-07	
0.05700000	5.79422495e-07	
0.05858333	6.03750267e-07	
0.06016667	5.42174832e-07	
0.06175000	3.64315807e-07	
0.06333333	4.97450777e-07	
0.06491667	4.26669593e-07	
0.06650000	4.47331867e-08	
0.06808333	1.09247994e-07	
0.06966667	-7.90788383e-09	
0.07125000	2.41206575e-07	
0.07283333	1.26911999e-07	
0.07441667	2.43106376e-07	
0.07600000	2.48146351e-07	
0.07758333	5.12712862e-07	
0.07916667	5.27741528e-07	
0.08075000	5.59113184e-07	
0.08233333	6.52321638e-07	
0.08391667	5.10545565e-07	
0.08550000	5.09031481e-07	
0.08708333	1.32400315e-07	
0.08866667	-5.99789713e-09	
0.09025000	1.42926365e-07	
0.09183333	1.95661803e-07	
0.09341667	1.76597624e-07	
0.09500000	4.96291749e-07	
0.09658333	5.27397225e-07	
0.09816667	6.32270890e-07	
0.09975000	4.73121997e-07	
0.10133333	4.86906960e-07	
0.10291667	6.35945383e-07	
0.10450000	5.36660656e-07	
0.10608333	4.65173533e-07	
0.10766667	8.58614637e-08	
0.10925000	3.01610668e-08	
0.11083333	2.29418242e-07	
0.11241667	1.57816565e-07	
0.11400000	2.02030661e-07	
0.11558333	1.71204862e-07	
0.11716667	5.54619822e-07	
0.11875000	7.06939601e-07	
0.12033333	5.01382377e-07	
0.12191667	4.94857469e-07	
0.12350000	4.98955901e-07	
0.12508333	5.32045265e-07	
0.12666667	5.63511005e-07	
0.12825000	1.68593661e-07	
0.12983333	3.27153688e-07	
0.13141667	1.88098776e-07	
0.13300000	2.10222471e-07	
0.13458333	2.31536369e-07	
0.13616667	4.13137258e-07	
0.13775000	5.69051726e-07	
0.13933333	6.48820529e-07	
0.14091667	5.99773976e-07	
0.14250000	5.74065239e-07	
0.14408333	5.57836719e-07	
0.14566667	5.76631050e-07	
0.14725000	1.92826676e-07	
0.14883333	9.55924603e-08	
0.15041667	2.70460468e-07	
0.15200000	2.42831320e-07	
0.15358333	1.86847512e-07	
0.15516667	2.46148937e-07	
0.15675000	4.93320480e-07	
0.15833333	5.26707442e-07	
0.15991667	5.18191868e-07	
0.16150000	5.99514853e-07	
0.16308333	5.62699585e-07	
0.16466667	5.56305274e-07	
0.16625000	3.30265691e-07	
0.16783333	1.06688987e-07	
0.16941667	1.90865062e-07	
0.17100000	1.68827149e-07	
0.17258333	2.64757312e-07	
0.17416667	1.93629990e-07	
0.17575000	2.57264092e-07	
0.17733333	4.57262394e-07	
0.17891667	5.24415147e-07	
0.18050000	6.05650880e-07	
0.18208333	4.47412168e-07	
0.18366667	4.56183589e-07	
0.18525000	5.07691172e-07	
0.18683333	3.99058338e-07	
0.18841667	1.40030811e-07	
0.19000000	2.05037576e-07	
0.19158333	3.69026374e-07	
0.19316667	3.17690803e-07	
0.19475000	2.14630933e-07	
0.19633333	5.08339682e-07	
0.19791667	5.15771999e-07	
0.19950000	7.37748991e-07	
0.20108333	6.69908163e-07	
0.20266667	7.37923439e-07	
0.20425000	8.45044038e-07	
0.20583333	6.27994539e-07	
0.20741667	3.73277273e-07	
0.20900000	3.58007796e-07	
0.21058333	2.53521780e-07	
0.21216667	1.91539571e-07	
0.21375000	1.19117079e-07	
0.21533333	1.69293860e-07	
0.21691667	5.65164703e-07	
0.21850000	6.55690357e-07	
0.22008333	6.58240376e-07	
0.22166667	6.38968679e-07	
0.22325000	6.83909408e-07	
0.22483333	5.27950474e-07	
0.22641667	2.53927686e-07	
0.22800000	2.08884347e-07	
0.22958333	2.33860319e-07	
0.23116667	3.26764470e-07	
0.23275000	3.51094006e-07	
0.23433333	3.05643122e-07	
0.23591667	5.89681483e-07	
0.23750000	5.88756490e-07	
0.23908333	6.47957586e-07	
0.24066667	6.67038651e-07	
0.24225000	5.77391172e-07	
0.24383333	7.99248599e-07	
0.24541667	5.11278133e-07	
0.24700000	2.57151331e-07	
0.24858333	1.33091344e-07	
0.25016667	2.62811953e-07	
0.25175000	3.86872303e-07	
0.25333333	2.41768728e-07	
0.25491667	2.97079554e-07	
0.25650000	4.43997106e-07	
0.25808333	5.75016329e-07	
0.25966667	6.13214299e-07	
0.26125000	4.59424203e-07	
0.26283333	5.58940528e-07	
0.26441667	5.81930120e-07	
0.26600000	4.24466426e-07	
0.26758333	2.00362612e-07	
0.26916667	1.77210698e-07	
0.27075000	3.16480421e-07	
0.27233333	2.45562171e-07	
0.27391667	2.23990829e-07	
0.27550000	4.40853517e-07	
0.27708333	6.02211766e-07	
0.27866667	7.76035669e-07	
0.28025000	6.44456533e-07	
0.28183333	5.57945587e-07	
0.28341667	7.54170552e-07	
0.28500000	4.92533476e-07	
0.28658333	3.80865558e-07	
0.28816667	2.70719479e-07	
0.28975000	1.84858051e-07	
0.29133333	2.05383882e-07	
0.29291667	2.15236292e-07	
0.29450000	3.59952175e-07	
0.29608333	6.38839033e-07	
0.29766667	7.25736452e-07	
0.29925000	7.63591183e-07	
0.30083333	6.40091865e-07	
0.30241667	7.23481847e-07	
0.30400000	7.52310877e-07	
0.30558333	5.63519854e-07	
0.30716667	3.33549847e-07	
0.30875000	2.77504324e-07	
0.31033333	3.43229181e-07	
0.31191667	2.51455455e-07	
0.31350000	2.79474828e-07	
0.31508333	3.62975247e-07	
0.31666667	4.32916981e-07	
0.31825000	5.21648511e-07	
0.31983333	4.98833199e-07	
0.32141667	5.49191779e-07	
0.32300000	5.37239554e-07	
0.32458333	5.29176537e-07	
0.32616667	5.17327133e-07	
0.32775000	3.07173867e-07	
0.32933333	3.29443826e-07	
0.33091667	3.96983529e-07	
0.33250000	2.40645066e-07	
0.33408333	2.93924177e-07	
0.33566667	7.64137067e-08	
0.33725000	8.34889606e-07	
0.33883333	7.60351046e-07	
0.34041667	6.39618476e-07	
0.34200000	7.85929297e-07	
0.34358333	7.71975095e-07	
0.34516667	5.41854721e-07	
0.34675000	3.18986505e-07	
0.34833333	2.83182559e-07	
0.34991667	3.43574884e-07	
0.35150000	2.51144389e-07	
0.35308333	1.46832302e-07	
0.35466667	2.07346084e-07	
0.35625000	4.24380770e-07	
0.35783333	7.52960170e-07	
0.35941667	6.40264073e-07	
0.36100000	7.77461381e-07	
0.36258333	7.61861601e-07	
0.36416667	8.01010998e-07	
0.36575000	6.21642286e-07	
0.36733333	1.73104649e-07	
0.36891667	2.46997039e-07	
0.37050000	2.21319649e-07	
0.37208333	8.86273508e-08	
0.37366667	1.44109628e-07	
0.37525000	2.38830052e-07	
0.37683333	6.68179702e-07	
0.37841667	6.41993655e-07	
0.38000000	6.27040480e-07	
0.38158333	8.05936083e-07	
0.38316667	7.54906145e-07	
0.38475000	7.55294187e-07	
0.38633333	3.37481678e-08	
0.38791667	2.32139824e-07	
0.38950000	2.24871762e-07	
0.39108333	2.28113258e-07	
0.39266667	4.00526584e-07	
0.39425000	2.09272836e-07	
0.39583333	4.06620217e-07	
0.39741667	7.44130870e-07	
0.39900000	6.33178019e-07	
0.40058333	6.23284447e-07	
0.40216667	4.95419230e-07	
0.40375000	7.23273518e-07	
0.40533333	4.03092871e-07	
0.40691667	3.08615904e-07	
0.40850000	3.93052181e-07	
0.41008333	3.52518542e-07	
0.41166667	4.60979588e-07	
0.41325000	2.22695939e-07	
0.41483333	4.26151346e-07	
0.41641667	6.88228657e-07	
0.41800000	7.03873127e-07	
0.41958333	7.94097040e-07	
0.42116667	7.01323165e-07	
0.42275000	6.47955738e-07	
0.42433333	6.90303382e-07	
0.42591667	5.59027220e-07	
0.42750000	5.59503129e-07	
0.42908333	7.96561094e-07	
0.43066667	8.07193171e-07	
0.43225000	8.28494903e-07	
0.43383333	9.21526782e-07	
0.43541667	1.33716483e-06	
0.43700000	1.82043997e-06	
0.43858333	2.15919368e-06	
0.44016667	2.40836634e-06	
0.44175000	2.57088518e-06	
0.44333333	3.06658672e-06	
0.44491667	3.34321987e-06	
0.44650000	3.76519365e-06	
0.44808333	4.94547663e-06	
0.44966667	6.10037344e-06	
0.45125000	7.84761062e-06	
0.45283333	9.57476396e-06	
0.45441667	1.12184547e-05	
0.45600000	1.27136385e-05	
0.45758333	1.42918404e-05	
0.45916667	1.65988939e-05	
0.46075000	1.92224513e-05	
0.46233333	2.25254185e-05	
0.46391667	2.72528962e-05	
0.46550000	3.43308594e-05	
0.46708333	4.62601473e-05	
0.46866667	7.59399881e-05	
0.47025000	1.68175249e-04	
0.47183333	3.26414057e-04	
0.47341667	3.45582378e-04	
0.47500000	2.49122288e-04	
0.47658333	2.08740781e-04	
0.47816667	2.71723547e-04	
0.47975000	6.04075842e-04	
0.48133333	9.09843584e-04	
0.48291667	6.20019106e-04	
0.48450000	1.56457727e-03	
0.48608333	2.10337619e-03	
0.48766667	2.28090352e-03	
0.48925000	1.82377965e-03	
0.49083333	2.22768682e-03	
0.49241667	3.65246793e-03	
0.49400000	2.43474281e-03	
0.49558333	3.71345555e-03	
0.49716667	1.00890046e-02	
0.49875000	1.34987796e-02	
0.50033333	1.22953062e-02	
0.50191667	1.30281725e-02	
0.50350000	1.37208833e-02	
0.50508333	2.37398756e-02	
0.50666667	3.56267779e-02	
0.50825000	4.26281540e-02	
0.50983333	4.02610893e-02	
0.51141667	4.23623705e-02	
0.51300000	4.90542073e-02	
0.51458333	6.10440527e-02	
0.51616667	8.86738555e-02	
0.51775000	1.19166399e-01	
0.51933333	1.27565307e-01	
0.52091667	1.96100573e-01	
0.52250000	1.37026906e+00	
0.52408333	1.49765722e+00	
0.52566667	1.59153539e+00	
0.52725000	1.79446925e+00	
0.52883333	2.36233922e+00	
0.53041667	3.50500494e+00	
0.53200000	4.28592355e+00	
0.53358333	4.50987762e+00	
0.53516667	5.26208262e+00	
0.53675000	5.61686096e+00	
0.53833333	5.71954428e+00	
0.53991667	5.85804057e+00	
0.54150000	7.08019688e+00	
0.54308333	7.34664237e+00	
0.54466667	7.52211200e+00	
0.54625000	8.20018476e+00	
0.54783333	8.20364330e+00	
0.54941667	8.20786289e+00	
0.55100000	8.59264910e+00	
0.55258333	8.76934299e+00	
0.55416667	9.46397841e+00	
0.55575000	1.06105696e+01	
0.55733333	1.10647888e+01	
0.55891667	1.17599457e+01	
0.56050000	1.25831702e+01	
0.56208333	1.30281619e+01	
0.56366667	1.31394235e+01	
0.56525000	1.35352308e+01	
0.56683333	1.40615655e+01	
0.56841667	1.45156870e+01	
0.57000000	1.49585487e+01	
0.57158333	1.50663733e+01	
0.57316667	1.57233547e+01	
0.57475000	1.77614947e+01	
0.57633333	1.80274145e+01	
0.57791667	1.84913197e+01	
0.57950000	1.84193621e+01	
0.58108333	1.89921217e+01	
0.58266667	1.95959151e+01	
0.58425000	1.96575244e+01	
0.58583333	2.09558208e+01	
0.58741667	2.23719219e+01	
0.58900000	2.27767641e+01	
0.59058333	2.30782972e+01	
0.59216667	2.30832525e+01	
0.59375000	2.32972406e+01	
0.59533333	2.38409920e+01	
0.59691667	2.49839593e+01	
0.59850000	2.54873357e+01	
0.60008333	2.55292554e+01	
0.60166667	2.56678226e+01	
0.60325000	2.61826918e+01	
0.60483333	2.62843679e+01	
0.60641667	2.67463244e+01	
0.60800000	2.70366034e+01	
0.60958333	2.75517563e+01	
0.61116667	2.79212276e+01	
0.61275000	2.96128621e+01	
0.61433333	3.19968499e+01	
0.61591667	3.28289523e+01	
0.61750000	3.28004459e+01	
