start voltage : 0.00 V 
set voltage : 0.10 V 
High G : 30.00 G0 
Intermediate G : 20.00 G0 
Low G : 10.00 G0 
Breaking speed 1 : 300.00 V/s 
Breaking speed 2 : 300.00 V/s 
Making speed : 500.00 V/s 
Post breaking : 230.00 V/s 
@ 
0.00000000	5.45335229e+01	
0.00158333	5.51124911e+01	
0.00316667	5.49448913e+01	
0.00475000	5.50967590e+01	
0.00633333	5.51870137e+01	
0.00791667	5.49813314e+01	
0.00950000	5.51287681e+01	
0.01108333	5.48009986e+01	
0.01266667	5.47796291e+01	
0.01425000	5.50533247e+01	
0.01583333	5.49743937e+01	
0.01741667	5.50989801e+01	
0.01900000	5.47477477e+01	
0.02058333	5.50902459e+01	
0.02216667	5.48337030e+01	
0.02375000	5.47472591e+01	
0.02533333	5.50011074e+01	
0.02691667	5.48764420e+01	
0.02850000	5.48668772e+01	
0.03008333	5.49028288e+01	
0.03166667	5.48432866e+01	
0.03325000	5.51310419e+01	
0.03483333	5.45374653e+01	
0.03641667	5.47464361e+01	
0.03800000	5.45578914e+01	
0.03958333	5.47269081e+01	
0.04116667	5.47427643e+01	
0.04275000	5.47060535e+01	
0.04433333	5.48371343e+01	
0.04591667	5.46071134e+01	
0.04750000	5.45845300e+01	
0.04908333	5.48746267e+01	
0.05066667	5.47769344e+01	
0.05225000	5.48202785e+01	
0.05383333	5.43644009e+01	
0.05541667	5.46567939e+01	
0.05700000	5.44467295e+01	
0.05858333	5.42252812e+01	
0.06016667	5.45125104e+01	
0.06175000	5.44555088e+01	
0.06333333	5.45057944e+01	
0.06491667	5.44428246e+01	
0.06650000	5.44256419e+01	
0.06808333	5.45700532e+01	
0.06966667	5.41928850e+01	
0.07125000	5.45539378e+01	
0.07283333	5.44136079e+01	
0.07441667	5.43205871e+01	
0.07600000	5.43669302e+01	
0.07758333	5.40581324e+01	
0.07916667	5.45534605e+01	
0.08075000	5.41804714e+01	
0.08233333	5.41118493e+01	
0.08391667	5.43544829e+01	
0.08550000	5.40736766e+01	
0.08708333	5.40903558e+01	
0.08866667	5.42105564e+01	
0.09025000	5.40087638e+01	
0.09183333	5.40434263e+01	
0.09341667	5.40903858e+01	
0.09500000	5.42332600e+01	
0.09658333	5.38986016e+01	
0.09816667	5.40057986e+01	
0.09975000	5.40967862e+01	
0.10133333	5.37658258e+01	
0.10291667	5.38809227e+01	
0.10450000	5.37299532e+01	
0.10608333	5.34921602e+01	
0.10766667	5.35349218e+01	
0.10925000	5.35393603e+01	
0.11083333	5.37442233e+01	
0.11241667	5.33732938e+01	
0.11400000	5.33414049e+01	
0.11558333	5.34152774e+01	
0.11716667	5.32059383e+01	
0.11875000	5.33673332e+01	
0.12033333	5.31168411e+01	
0.12191667	5.31940509e+01	
0.12350000	5.32329264e+01	
0.12508333	5.32513005e+01	
0.12666667	5.31566674e+01	
0.12825000	5.27694308e+01	
0.12983333	5.29981814e+01	
0.13141667	5.29187054e+01	
0.13300000	5.23060443e+01	
0.13458333	5.23500498e+01	
0.13616667	5.24267560e+01	
0.13775000	5.27601630e+01	
0.13933333	5.24324235e+01	
0.14091667	5.20822058e+01	
0.14250000	5.20584686e+01	
0.14408333	5.18583861e+01	
0.14566667	5.23470394e+01	
0.14725000	5.24392447e+01	
0.14883333	5.20376666e+01	
0.15041667	5.20550749e+01	
0.15200000	5.17604607e+01	
0.15358333	5.15411359e+01	
0.15516667	5.12732881e+01	
0.15675000	5.10571315e+01	
0.15833333	5.12799026e+01	
0.15991667	5.11815075e+01	
0.16150000	5.12524861e+01	
0.16308333	5.05063014e+01	
0.16466667	5.03116834e+01	
0.16625000	5.01125103e+01	
0.16783333	4.97068846e+01	
0.16941667	4.97768409e+01	
0.17100000	4.95659571e+01	
0.17258333	5.00573541e+01	
0.17416667	4.99400135e+01	
0.17575000	4.96905399e+01	
0.17733333	4.99249917e+01	
0.17891667	4.97027956e+01	
0.18050000	4.98221167e+01	
0.18208333	4.97143785e+01	
0.18366667	4.98097483e+01	
0.18525000	4.99190687e+01	
0.18683333	4.96631346e+01	
0.18841667	4.99783666e+01	
0.19000000	4.97079143e+01	
0.19158333	4.96586961e+01	
0.19316667	4.83223322e+01	
0.19475000	4.78860578e+01	
0.19633333	4.80056834e+01	
0.19791667	4.76247832e+01	
0.19950000	4.73980358e+01	
0.20108333	4.74659101e+01	
0.20266667	4.70673423e+01	
0.20425000	4.74079539e+01	
0.20583333	4.72274106e+01	
0.20741667	4.72255465e+01	
0.20900000	4.70862088e+01	
0.21058333	4.68720478e+01	
0.21216667	4.69613329e+01	
0.21375000	4.66510618e+01	
0.21533333	4.67038579e+01	
0.21691667	4.68280310e+01	
0.21850000	4.66195037e+01	
0.22008333	4.67189737e+01	
0.22166667	4.64192295e+01	
0.22325000	4.65075675e+01	
0.22483333	4.60660879e+01	
0.22641667	4.52846807e+01	
0.22800000	4.53535283e+01	
0.22958333	4.51202077e+01	
0.23116667	4.49388714e+01	
0.23275000	4.48315730e+01	
0.23433333	4.48463918e+01	
0.23591667	4.47117670e+01	
0.23750000	4.47285364e+01	
0.23908333	4.46018791e+01	
0.24066667	4.47471586e+01	
0.24225000	4.43164276e+01	
0.24383333	4.44041380e+01	
0.24541667	4.42065885e+01	
0.24700000	4.41096253e+01	
0.24858333	4.37951638e+01	
0.25016667	4.36503879e+01	
0.25175000	4.34509067e+01	
0.25333333	4.33475544e+01	
0.25491667	4.35674730e+01	
0.25650000	4.35338666e+01	
0.25808333	4.32246140e+01	
0.25966667	4.33796274e+01	
0.26125000	4.32623508e+01	
0.26283333	4.34529737e+01	
0.26441667	4.33843102e+01	
0.26600000	4.32853025e+01	
0.26758333	4.33752791e+01	
0.26916667	4.30885310e+01	
0.27075000	4.33441344e+01	
0.27233333	4.29872420e+01	
0.27391667	4.30267714e+01	
0.27550000	4.31131439e+01	
0.27708333	4.29737649e+01	
0.27866667	4.31776507e+01	
0.28025000	4.29613851e+01	
0.28183333	4.30421465e+01	
0.28341667	4.28098331e+01	
0.28500000	4.28981448e+01	
0.28658333	4.18191357e+01	
0.28816667	4.06898184e+01	
0.28975000	4.07573469e+01	
0.29133333	4.07006121e+01	
0.29291667	4.03568248e+01	
0.29450000	4.03120112e+01	
0.29608333	4.01503081e+01	
0.29766667	4.00957118e+01	
0.29925000	3.99149318e+01	
0.30083333	3.99323062e+01	
0.30241667	3.96350726e+01	
0.30400000	3.97205430e+01	
0.30558333	3.98212608e+01	
0.30716667	3.96371697e+01	
0.30875000	3.94516542e+01	
0.31033333	3.89542215e+01	
0.31191667	3.88387225e+01	
0.31350000	3.86709573e+01	
0.31508333	3.88277784e+01	
0.31666667	3.76472397e+01	
0.31825000	3.64651639e+01	
0.31983333	3.64303812e+01	
0.32141667	3.65741198e+01	
0.32300000	3.63721769e+01	
0.32458333	3.62498304e+01	
0.32616667	3.61809489e+01	
0.32775000	3.49276953e+01	
0.32933333	3.49411837e+01	
0.33091667	3.48901014e+01	
0.33250000	3.44043832e+01	
0.33408333	3.46044883e+01	
0.33566667	3.43972763e+01	
0.33725000	3.46400715e+01	
0.33883333	3.44908609e+01	
0.34041667	3.46435254e+01	
0.34200000	3.45633014e+01	
0.34358333	3.45464231e+01	
0.34516667	3.45931233e+01	
0.34675000	3.44753467e+01	
0.34833333	3.44445966e+01	
0.34991667	3.43921425e+01	
0.35150000	3.43450252e+01	
0.35308333	3.40616106e+01	
0.35466667	3.37628586e+01	
0.35625000	3.35899596e+01	
0.35783333	3.32944848e+01	
0.35941667	3.28146258e+01	
0.36100000	3.20852706e+01	
0.36258333	3.17489059e+01	
0.36416667	3.16555280e+01	
0.36575000	3.16136422e+01	
0.36733333	3.15755334e+01	
0.36891667	3.17434677e+01	
0.37050000	3.14301637e+01	
0.37208333	3.14829522e+01	
0.37366667	3.12397718e+01	
0.37525000	3.08271538e+01	
0.37683333	3.09210616e+01	
0.37841667	3.09364780e+01	
0.38000000	3.10059720e+01	
0.38158333	3.08037717e+01	
0.38316667	3.07567615e+01	
0.38475000	3.08416645e+01	
0.38633333	3.08042716e+01	
0.38791667	3.08670497e+01	
0.38950000	3.07454980e+01	
0.39108333	3.06028380e+01	
0.39266667	3.06753556e+01	
0.39425000	3.03483527e+01	
0.39583333	3.02347554e+01	
0.39741667	2.97284363e+01	
0.39900000	2.90140596e+01	
0.40058333	2.67436015e+01	
0.40216667	2.67403074e+01	
0.40375000	2.69150517e+01	
0.40533333	2.66121976e+01	
0.40691667	2.67635692e+01	
0.40850000	2.63461500e+01	
0.41008333	2.63444982e+01	
0.41166667	2.64550232e+01	
0.41325000	2.58071678e+01	
0.41483333	2.58426665e+01	
0.41641667	2.58793810e+01	
0.41800000	2.58915972e+01	
0.41958333	2.59846594e+01	
0.42116667	2.59431099e+01	
0.42275000	2.59978283e+01	
0.42433333	2.58932790e+01	
0.42591667	2.59271241e+01	
0.42750000	2.59446414e+01	
0.42908333	2.57315214e+01	
0.43066667	2.57829214e+01	
0.43225000	2.56477234e+01	
0.43383333	2.55179223e+01	
0.43541667	2.55031448e+01	
0.43700000	2.50873473e+01	
0.43858333	2.43515297e+01	
0.44016667	2.39146502e+01	
0.44175000	2.35115199e+01	
0.44333333	2.36082596e+01	
0.44491667	2.34426873e+01	
0.44650000	2.35134479e+01	
0.44808333	2.33306102e+01	
0.44966667	2.28758470e+01	
0.45125000	2.27681013e+01	
0.45283333	2.21974369e+01	
0.45441667	2.20136653e+01	
0.45600000	2.17530841e+01	
0.45758333	2.18104784e+01	
0.45916667	2.16535502e+01	
0.46075000	2.14133106e+01	
0.46233333	2.13459043e+01	
0.46391667	2.07146811e+01	
0.46550000	2.03366222e+01	
0.46708333	2.02558515e+01	
0.46866667	2.02013848e+01	
0.47025000	1.98687896e+01	
0.47183333	1.96933933e+01	
0.47341667	1.94013986e+01	
0.47500000	1.90562245e+01	
0.47658333	1.88387582e+01	
0.47816667	1.87616273e+01	
0.47975000	1.85882529e+01	
0.48133333	1.83373925e+01	
0.48291667	1.79363668e+01	
0.48450000	1.74391258e+01	
0.48608333	1.65826679e+01	
0.48766667	1.64782201e+01	
0.48925000	1.65897109e+01	
0.49083333	1.64604811e+01	
0.49241667	1.65577732e+01	
0.49400000	1.64284851e+01	
0.49558333	1.64271603e+01	
0.49716667	1.58069846e+01	
0.49875000	1.46229187e+01	
0.50033333	1.45445411e+01	
0.50191667	1.44728193e+01	
0.50350000	1.42690612e+01	
0.50508333	1.42343310e+01	
0.50666667	1.40950873e+01	
0.50825000	1.40641145e+01	
0.50983333	1.41295290e+01	
0.51141667	1.39249732e+01	
0.51300000	1.39616219e+01	
0.51458333	1.38156021e+01	
0.51616667	1.37194985e+01	
0.51775000	1.37605134e+01	
0.51933333	1.36447222e+01	
0.52091667	1.35473287e+01	
0.52250000	1.34220685e+01	
0.52408333	1.34053198e+01	
0.52566667	1.22014451e+01	
0.52725000	1.12900198e+01	
0.52883333	1.18200272e+01	
0.53041667	1.17786788e+01	
0.53200000	1.18113550e+01	
0.53358333	1.18136260e+01	
0.53516667	1.18774479e+01	
0.53675000	1.18201973e+01	
0.53833333	1.15466595e+01	
0.53991667	1.14183119e+01	
0.54150000	1.13244746e+01	
0.54308333	1.09564221e+01	
0.54466667	1.09148904e+01	
0.54625000	1.09643633e+01	
0.54783333	1.11370612e+01	
0.54941667	1.08856568e+01	
0.55100000	1.09553538e+01	
0.55258333	9.57261482e+00	
0.55416667	8.18313351e+00	
0.55575000	8.09629316e+00	
0.55733333	7.97131675e+00	
0.55891667	7.87499477e+00	
0.56050000	7.68339936e+00	
0.56208333	7.45764789e+00	
0.56366667	7.59576319e+00	
0.56525000	7.00093742e+00	
0.56683333	6.69143020e+00	
0.56841667	6.40748341e+00	
0.57000000	6.25115603e+00	
0.57158333	6.22910018e+00	
0.57316667	6.22024665e+00	
0.57475000	6.21568130e+00	
0.57633333	6.15568154e+00	
0.57791667	6.04450407e+00	
0.57950000	5.95345165e+00	
0.58108333	5.97465672e+00	
0.58266667	5.89176160e+00	
0.58425000	5.98182185e+00	
0.58583333	5.81239832e+00	
0.58741667	5.54091582e+00	
0.58900000	5.50018468e+00	
0.59058333	5.52619376e+00	
0.59216667	5.41272704e+00	
0.59375000	5.54573814e+00	
0.59533333	5.47937752e+00	
0.59691667	5.22826012e+00	
0.59850000	5.39672904e+00	
0.60008333	5.31866612e+00	
0.60166667	5.30426492e+00	
0.60325000	5.27594921e+00	
0.60483333	5.22814361e+00	
0.60641667	4.76168138e+00	
0.60800000	4.34399626e+00	
0.60958333	4.40045574e+00	
0.61116667	4.29936123e+00	
0.61275000	4.13535571e+00	
0.61433333	3.88569440e+00	
0.61591667	3.53376952e+00	
0.61750000	3.75274624e+00	
0.61908333	3.72939004e+00	
0.62066667	3.45094182e+00	
0.62225000	3.40432501e+00	
0.62383333	3.21951209e+00	
0.62541667	3.01967809e+00	
0.62700000	3.05898908e+00	
0.62858333	3.07161262e+00	
0.63016667	2.99747943e+00	
0.63175000	2.93615089e+00	
0.63333333	2.67493573e+00	
0.63491667	2.79251611e+00	
0.63650000	2.30500383e+00	
0.63808333	2.00974796e+00	
0.63966667	2.36609232e+00	
0.64125000	2.34643495e+00	
0.64283333	2.41174561e+00	
0.64441667	1.86987297e+00	
0.64600000	1.55296549e+00	
0.64758333	1.36519505e+00	
0.64916667	5.35434850e-01	
0.65075000	5.42111837e-04	
0.65233333	1.23909572e-04	
0.65391667	1.31141606e-04	
0.65550000	2.44459725e-04	
0.65708333	2.96764645e-04	
0.65866667	1.85487477e-04	
0.66025000	1.01114453e-04	
0.66183333	6.35202042e-05	
0.66341667	4.58135537e-05	
0.66500000	3.55330765e-05	
0.66658333	2.87859063e-05	
0.66816667	2.46708112e-05	
0.66975000	2.16256508e-05	
0.67133333	1.87914344e-05	
0.67291667	1.59263136e-05	
0.67450000	1.34323891e-05	
0.67608333	1.15415256e-05	
0.67766667	9.69336832e-06	
0.67925000	8.34306262e-06	
0.68083333	7.33421005e-06	
0.68241667	6.11373474e-06	
0.68400000	5.58153077e-06	
0.68558333	4.85261505e-06	
0.68716667	4.36042465e-06	
0.68875000	4.01330450e-06	
0.69033333	3.63880494e-06	
0.69191667	3.30001729e-06	
0.69350000	2.51307804e-06	
0.69508333	2.21809399e-06	
0.69666667	2.17618485e-06	
0.69825000	1.82943700e-06	
0.69983333	1.80632745e-06	
0.70141667	1.70763153e-06	
0.70300000	1.69373731e-06	
0.70458333	1.69308611e-06	
0.70616667	1.54637275e-06	
0.70775000	1.56110667e-06	
0.70933333	1.35573829e-06	
0.71091667	1.35371279e-06	
0.71250000	8.62595001e-07	
0.71408333	7.69182642e-07	
0.71566667	6.51326362e-07	
0.71725000	5.84522532e-07	
0.71883333	6.07469674e-07	
0.72041667	5.79768479e-07	
0.72200000	3.52304024e-07	
0.72358333	6.69415173e-07	
0.72516667	7.39652405e-07	
0.72675000	7.47385120e-07	
0.72833333	6.56685970e-07	
0.72991667	7.44491078e-07	
0.73150000	7.68430920e-07	
0.73308333	2.11710178e-07	
0.73466667	2.70503702e-07	
0.73625000	2.25235386e-07	
0.73783333	2.35503055e-07	
0.73941667	3.15530170e-07	
0.74100000	1.94149484e-07	
0.74258333	5.35907031e-07	
0.74416667	6.87469991e-07	
0.74575000	7.07761214e-07	
0.74733333	7.44578890e-07	
0.74891667	6.83346694e-07	
0.75050000	7.19169766e-07	
0.75208333	5.28061303e-07	
0.75366667	2.53348760e-07	
0.75525000	3.35631432e-07	
0.75683333	2.66960367e-07	
0.75841667	4.88247268e-07	
0.76000000	4.16757596e-07	
0.76158333	5.00699875e-07	
0.76316667	7.83640587e-07	
0.76475000	6.23109999e-07	
0.76633333	7.32132779e-07	
0.76791667	6.42511566e-07	
0.76950000	6.73451610e-07	
0.77108333	7.20852473e-07	
0.77266667	3.34406265e-07	
0.77425000	4.05417591e-07	
0.77583333	1.76216247e-07	
0.77741667	2.14069563e-07	
0.77900000	1.30567983e-07	
0.78058333	3.11770917e-07	
0.78216667	5.66330564e-07	
0.78375000	4.28873180e-07	
0.78533333	5.68792266e-07	
0.78691667	6.94538964e-07	
0.78850000	6.30067304e-07	
0.79008333	8.02138105e-07	
0.79166667	4.71567424e-07	
0.79325000	2.22884653e-07	
0.79483333	1.65024201e-07	
0.79641667	2.25650771e-07	
0.79800000	3.25944593e-07	
0.79958333	2.56935637e-07	
0.80116667	4.59859566e-07	
0.80275000	4.84314940e-07	
0.80433333	4.86907240e-07	
0.80591667	5.21864960e-07	
0.80750000	4.86950306e-07	
0.80908333	6.48994585e-07	
0.81066667	6.49430452e-07	
0.81225000	4.57566599e-07	
0.81383333	3.63840570e-07	
0.81541667	2.14069563e-07	
0.81700000	3.66260550e-07	
0.81858333	3.40896648e-07	
0.82016667	3.58587198e-07	
0.82175000	5.23031829e-07	
0.82333333	5.38372373e-07	
0.82491667	6.04443522e-07	
0.82650000	5.39668775e-07	
0.82808333	5.61491107e-07	
0.82966667	6.96958833e-07	
0.83125000	5.83918881e-07	
0.83283333	2.28787976e-07	
0.83441667	1.59354912e-07	
0.83600000	7.74344715e-08	
0.83758333	2.80961107e-07	
0.83916667	1.11183189e-07	
0.84075000	3.25400417e-07	
0.84233333	4.34620718e-07	
0.84391667	6.71550549e-07	
0.84550000	6.41732963e-07	
0.84708333	6.26481743e-07	
0.84866667	8.49107412e-07	
0.85025000	6.56078679e-07	
0.85183333	6.72416292e-07	
0.85341667	1.94330288e-07	
0.85500000	2.03871576e-07	
0.85658333	3.22011621e-07	
0.85816667	1.75221824e-07	
0.85975000	2.21527950e-07	
0.86133333	2.05902563e-07	
0.86291667	3.58378701e-07	
0.86450000	5.41353219e-07	
0.86608333	4.84272042e-07	
0.86766667	5.46109456e-07	
0.86925000	6.54307879e-07	
0.87083333	8.23782292e-07	
0.87241667	7.26989845e-07	
0.87400000	2.10915740e-07	
0.87558333	1.06913844e-07	
0.87716667	1.76865274e-07	
0.87875000	2.07648637e-07	
0.88033333	3.73458805e-07	
0.88191667	2.23895148e-07	
0.88350000	3.70710314e-07	
0.88508333	4.28268073e-07	
0.88666667	5.54490960e-07	
0.88825000	6.63989034e-07	
0.88983333	7.07804000e-07	
0.89141667	7.68646194e-07	
0.89300000	2.79939369e-07	
0.89458333	1.52665720e-07	
0.89616667	1.35372634e-07	
0.89775000	2.34405252e-07	
0.89933333	3.30524087e-07	
0.90091667	3.57358895e-07	
0.90250000	5.94909150e-07	
0.90408333	5.61879876e-07	
0.90566667	4.64480138e-07	
0.90725000	5.54402588e-07	
0.90883333	6.42166759e-07	
0.91041667	6.93862902e-07	
0.91200000	5.32537807e-07	
0.91358333	4.42181841e-07	
0.91516667	2.99541537e-07	
0.91675000	2.49373898e-07	
0.91833333	3.87996078e-07	
0.91991667	3.68421183e-07	
0.92150000	3.04985121e-07	
0.92308333	4.25374003e-07	
0.92466667	5.21866473e-07	
0.92625000	5.72120943e-07	
0.92783333	5.14822756e-07	
0.92941667	5.73287700e-07	
0.93100000	6.68566623e-07	
0.93258333	4.44222965e-07	
0.93416667	3.00206482e-07	
0.93575000	1.20429890e-07	
0.93733333	2.32304528e-07	
0.93891667	2.67073268e-07	
0.94050000	2.24699624e-07	
0.94208333	4.27274420e-07	
0.94366667	5.48354597e-07	
0.94525000	5.97874035e-07	
0.94683333	5.15037190e-07	
0.94841667	3.40393354e-07	
0.95000000	4.84011518e-07	
0.95158333	4.69016873e-07	
0.95316667	1.67704117e-07	
0.95475000	2.31691216e-07	
0.95633333	1.77253638e-07	
0.95791667	2.33860221e-07	
0.95950000	2.01773050e-07	
0.96108333	3.02825384e-07	
0.96266667	5.94027558e-07	
0.96425000	5.28042654e-07	
0.96583333	7.08800284e-07	
0.96741667	6.31579987e-07	
0.96900000	7.25632232e-07	
0.97058333	6.81964328e-07	
0.97216667	4.53937189e-07	
0.97375000	3.02954974e-07	
0.97533333	5.28737365e-08	
0.97691667	2.64885922e-07	
0.97850000	2.00587603e-07	
0.98008333	1.29876324e-07	
0.98166667	2.65622327e-07	
0.98325000	3.86786507e-07	
0.98483333	6.25227622e-07	
0.98641667	5.64513170e-07	
0.98800000	6.03101254e-07	
0.98958333	6.42682878e-07	
0.99116667	5.18019884e-07	
0.99275000	4.62941917e-07	
0.99433333	1.59752768e-07	
0.99591667	1.49710804e-07	
0.99750000	2.50409972e-07	
0.99908333	1.47402912e-07	
1.00066667	2.70451395e-07	
1.00225000	3.50056755e-07	
1.00383333	7.07225102e-07	
1.00541667	6.56253519e-07	
1.00700000	5.41223965e-07	
1.00858333	5.69484121e-07	
1.01016667	5.86031464e-07	
1.01175000	4.62058981e-07	
1.01333333	4.26323861e-07	
1.01491667	1.99455456e-07	
1.01650000	2.19090525e-07	
1.01808333	1.27248196e-07	
1.01966667	4.42139615e-07	
1.02125000	3.05636234e-07	
1.02283333	3.05420008e-07	
1.02441667	5.63521030e-07	
1.02600000	4.87900108e-07	
1.02758333	5.73200336e-07	
1.02916667	5.34093557e-07	
1.03075000	5.57110758e-07	
1.03233333	5.48614281e-07	
1.03391667	2.28545457e-07	
1.03550000	1.46702853e-07	
1.03708333	2.11477277e-07	
1.03866667	2.64929772e-07	
1.04025000	3.21994400e-07	
1.04183333	2.08020312e-07	
1.04341667	6.05655080e-07	
1.04500000	5.60063434e-07	
1.04658333	7.01281555e-07	
1.04816667	7.88953433e-07	
1.04975000	7.26514383e-07	
1.05133333	7.54948595e-07	
1.05291667	2.99843642e-07	
1.05450000	6.17059418e-08	
1.05608333	2.22020730e-07	
1.05766667	1.64911790e-07	
1.05925000	9.48405216e-08	
1.06083333	-8.64579254e-08	
1.06241667	1.50376478e-08	
1.06400000	3.83760356e-07	
1.06558333	4.34577988e-07	
1.06716667	5.94679708e-07	
1.06875000	6.53532356e-07	
1.07033333	8.23523560e-07	
1.07191667	8.13458004e-07	
1.07350000	3.24991459e-07	
1.07508333	1.31699499e-07	
1.07666667	2.17783237e-08	
1.07825000	2.36080973e-07	
1.07983333	2.18235114e-07	
1.08141667	3.09229187e-07	
1.08300000	4.32417831e-07	
1.08458333	6.04138700e-07	
1.08616667	7.34377472e-07	
1.08775000	5.44854104e-07	
1.08933333	3.66520402e-07	
1.09091667	5.54488776e-07	
1.09250000	3.56452774e-07	
1.09408333	1.19954946e-07	
1.09566667	6.53614358e-08	
1.09725000	2.28156744e-07	
1.09883333	5.52110630e-07	
1.10041667	2.88116828e-07	
1.10200000	3.64099889e-07	
1.10358333	3.91064567e-07	
1.10516667	4.39721315e-07	
1.10675000	4.97103841e-07	
1.10833333	5.78715183e-07	
1.10991667	7.00025643e-07	
1.11150000	5.65941458e-07	
1.11308333	3.27802393e-07	
1.11466667	1.85636584e-07	
1.11625000	1.08728823e-07	
1.11783333	2.14917035e-07	
1.11941667	1.50592493e-07	
1.12100000	2.84721424e-07	
1.12258333	5.19831621e-07	
1.12416667	5.69959695e-07	
1.12575000	6.47308797e-07	
1.12733333	4.73770506e-07	
1.12891667	6.03663463e-07	
1.13050000	6.41345258e-07	
1.13208333	5.24648117e-07	
1.13366667	5.10974768e-07	
1.13525000	1.44205169e-07	
1.13683333	2.70806031e-07	
1.13841667	3.25520878e-07	
1.14000000	2.18009998e-07	
1.14158333	2.66874991e-07	
1.14316667	4.77659209e-07	
1.14475000	6.46530138e-07	
1.14633333	4.54239574e-07	
1.14791667	5.67497376e-07	
1.14950000	5.78213513e-07	
1.15108333	5.44203803e-07	
1.15266667	2.34396054e-07	
1.15425000	1.57211934e-07	
1.15583333	1.86500632e-07	
1.15741667	1.01460579e-07	
1.15900000	5.73412319e-08	
1.16058333	1.21372216e-07	
1.16216667	7.16886207e-08	
1.16375000	2.51490625e-07	
1.16533333	5.82232701e-07	
1.16691667	5.44118455e-07	
1.16850000	6.84955366e-07	
1.17008333	6.31665335e-07	
1.17166667	5.87547956e-07	
1.17325000	1.53331702e-07	
1.17483333	1.31345032e-07	
1.17641667	2.27620814e-07	
1.17800000	2.48171188e-07	
1.17958333	3.26982740e-07	
1.18116667	3.40680703e-07	
1.18275000	2.91686680e-07	
1.18433333	7.53564325e-07	
1.18591667	4.79431520e-07	
1.18750000	5.65033713e-07	
1.18908333	6.00768637e-07	
1.19066667	4.69458201e-07	
1.19225000	4.75542090e-07	
1.19383333	1.41430580e-07	
1.19541667	1.57808319e-07	
1.19700000	1.06213694e-07	
1.19858333	2.06204557e-07	
1.20016667	3.11598178e-07	
1.20175000	3.04856791e-07	
1.20333333	6.59191242e-07	
1.20491667	5.60107172e-07	
1.20650000	5.22513750e-07	
1.20808333	7.20067038e-07	
1.20966667	5.85645158e-07	
1.21125000	6.77943684e-07	
1.21283333	3.26290353e-07	
1.21441667	-1.46058360e-08	
1.21600000	5.51809455e-08	
1.21758333	1.32053323e-07	
1.21916667	1.93803458e-07	
1.22075000	8.10736128e-08	
1.22233333	2.84114524e-07	
1.22391667	3.59130030e-07	
1.22550000	5.30982226e-07	
1.22708333	6.09040320e-07	
1.22866667	5.58725926e-07	
1.23025000	7.55683124e-07	
1.23183333	7.25174747e-07	
1.23341667	4.00700696e-07	
1.23500000	2.65967022e-07	
1.23658333	1.55345566e-07	
1.23816667	2.27629256e-07	
1.23975000	2.26920530e-07	
1.24133333	2.03440595e-07	
1.24291667	2.32175400e-07	
1.24450000	4.73080163e-07	
1.24608333	5.76441985e-07	
1.24766667	5.17328645e-07	
1.24925000	6.05306689e-07	
1.25083333	6.77599940e-07	
1.25241667	3.37611093e-07	
1.25400000	1.73320063e-07	
1.25558333	1.60050684e-08	
1.25716667	1.61524842e-07	
1.25875000	1.99300021e-07	
1.26033333	1.68913687e-07	
1.26191667	2.79983947e-07	
1.26350000	3.41414700e-07	
1.26508333	4.82457784e-07	
1.26666667	5.33706132e-07	
1.26825000	3.93484240e-07	
1.26983333	6.38691131e-07	
1.27141667	6.33651688e-07	
1.27300000	3.34957218e-07	
1.27458333	2.87788373e-07	
1.27616667	4.67115175e-08	
1.27775000	1.83121609e-07	
1.27933333	1.05124851e-07	
1.28091667	1.99636232e-07	
1.28250000	5.30420072e-07	
1.28408333	3.94044909e-07	
1.28566667	6.47739737e-07	
1.28725000	6.95316895e-07	
1.28883333	6.39012809e-07	
1.29041667	7.91245784e-07	
1.29200000	5.75101173e-07	
1.29358333	5.91461635e-07	
1.29516667	-1.01892302e-07	
1.29675000	2.12297910e-07	
1.29833333	1.93163531e-07	
1.29991667	5.95969572e-08	
1.30150000	3.14278682e-07	
1.30308333	6.15419874e-08	
1.30466667	5.49174138e-07	
1.30625000	5.91132677e-07	
1.30783333	4.94771505e-07	
1.30941667	6.56600398e-07	
1.31100000	6.25398486e-07	
1.31258333	4.92222214e-07	
1.31416667	8.48238491e-08	
1.31575000	5.73574972e-08	
1.31733333	1.38838420e-07	
1.31891667	2.68213479e-07	
@ 
0.00000000	1.74341367e-07	
0.00158333	2.05453129e-07	
0.00316667	4.03336286e-07	
0.00475000	4.50608707e-07	
0.00633333	4.93042875e-07	
0.00791667	5.17545319e-07	
0.00950000	6.65889479e-07	
0.01108333	6.62482342e-07	
0.01266667	5.16637294e-07	
0.01425000	1.72647109e-07	
0.01583333	2.01443909e-07	
0.01741667	9.86940615e-08	
0.01900000	2.42244470e-07	
0.02058333	2.03387966e-07	
0.02216667	6.06244773e-08	
0.02375000	4.43609849e-07	
0.02533333	4.25634051e-07	
0.02691667	3.81566065e-07	
0.02850000	4.98850280e-07	
0.03008333	3.22875880e-07	
0.03166667	5.87157058e-07	
0.03325000	2.10025342e-07	
0.03483333	1.80840066e-07	
0.03641667	1.05176359e-07	
0.03800000	7.19030045e-09	
0.03958333	1.76648222e-07	
0.04116667	2.30576416e-07	
0.04275000	5.50170479e-07	
0.04433333	5.20783888e-07	
0.04591667	5.41180619e-07	
0.04750000	5.79380157e-07	
0.04908333	4.14277497e-07	
0.05066667	6.95793197e-07	
0.05225000	4.10033375e-07	
0.05383333	1.64014517e-07	
0.05541667	1.29807791e-07	
0.05700000	1.07207984e-07	
0.05858333	2.12072892e-07	
0.06016667	1.67175901e-07	
0.06175000	2.06896090e-07	
0.06333333	4.58706334e-07	
0.06491667	3.41976713e-07	
0.06650000	4.37733085e-07	
0.06808333	5.97915757e-07	
0.06966667	6.55734879e-07	
0.07125000	6.96915599e-07	
0.07283333	4.10207150e-07	
0.07441667	1.93786475e-07	
0.07600000	1.80147847e-07	
0.07758333	2.82603129e-07	
0.07916667	2.49805341e-07	
0.08075000	1.94962850e-07	
0.08233333	2.16704566e-07	
0.08391667	3.81652281e-07	
0.08550000	5.22383096e-07	
0.08708333	5.42908353e-07	
0.08866667	5.63434114e-07	
0.09025000	6.03881705e-07	
0.09183333	5.67919075e-07	
0.09341667	1.03551817e-07	
0.09500000	2.17223723e-07	
0.09658333	2.23965558e-07	
0.09816667	2.95263841e-07	
0.09975000	4.77048831e-08	
0.10133333	8.57667354e-08	
0.10291667	2.18311502e-07	
0.10450000	4.63140445e-07	
0.10608333	5.27352535e-07	
0.10766667	4.51301542e-07	
0.10925000	7.00025083e-07	
0.11083333	6.43679890e-07	
0.11241667	3.62785874e-07	
0.11400000	1.82006837e-07	
0.11558333	1.12869012e-07	
0.11716667	2.73225368e-07	
0.11875000	3.60322436e-07	
0.12033333	2.69613794e-07	
0.12191667	2.87574528e-07	
0.12350000	5.49303840e-07	
0.12508333	5.58983482e-07	
0.12666667	4.70962036e-07	
0.12825000	3.42527861e-07	
0.12983333	5.74322290e-07	
0.13141667	5.52371601e-07	
0.13300000	3.50747742e-07	
0.13458333	9.29486937e-08	
0.13616667	2.70070298e-08	
0.13775000	1.25486175e-07	
0.13933333	7.07370120e-08	
0.14091667	1.40463081e-07	
0.14250000	1.79569257e-07	
0.14408333	4.27838029e-07	
0.14566667	4.96542920e-07	
0.14725000	5.15685643e-07	
0.14883333	6.39028994e-07	
0.15041667	6.40611513e-07	
0.15200000	6.42772426e-07	
0.15358333	4.24475975e-07	
0.15516667	1.61221616e-07	
0.15675000	2.24050849e-07	
0.15833333	2.25996153e-07	
0.15991667	1.82386674e-07	
0.16150000	1.92248800e-07	
0.16308333	3.55889865e-07	
0.16466667	4.59942254e-07	
0.16625000	4.71177814e-07	
0.16783333	5.82879362e-07	
0.16941667	4.90839008e-07	
0.17100000	6.11719648e-07	
0.17258333	5.12401712e-07	
0.17416667	1.10388639e-07	
0.17575000	1.17967529e-07	
0.17733333	9.32938932e-08	
0.17891667	2.58274489e-07	
0.18050000	2.81695020e-07	
0.18208333	2.43669454e-07	
0.18366667	3.93681985e-07	
0.18525000	3.82940479e-07	
0.18683333	4.75110871e-07	
0.18841667	5.86509613e-07	
0.19000000	5.89622849e-07	
0.19158333	6.27471755e-07	
0.19316667	1.49511365e-07	
0.19475000	1.94841367e-07	
0.19633333	1.87624827e-07	
0.19791667	1.90649467e-07	
0.19950000	1.05574796e-07	
0.20108333	-4.93053754e-08	
0.20266667	3.09300423e-07	
0.20425000	2.23186241e-07	
0.20583333	3.71056970e-07	
0.20741667	5.43427944e-07	
0.20900000	4.96067739e-07	
0.21058333	5.57083037e-07	
0.21216667	5.95671568e-07	
0.21375000	6.23110559e-08	
0.21533333	7.64409730e-08	
0.21691667	1.66407547e-07	
0.21850000	3.48370212e-07	
0.22008333	8.60687500e-08	
0.22166667	5.10761258e-08	
0.22325000	3.31562709e-07	
0.22483333	4.78784187e-07	
0.22641667	6.47048498e-07	
0.22800000	5.51163291e-07	
0.22958333	6.27042216e-07	
0.23116667	6.60184335e-07	
0.23275000	3.84357902e-07	
0.23433333	1.53616503e-07	
0.23591667	-2.88482909e-08	
0.23750000	1.14336956e-07	
0.23908333	2.90768575e-07	
0.24066667	8.82120291e-08	
0.24225000	3.20888939e-07	
0.24383333	5.09895879e-07	
0.24541667	4.21588933e-07	
0.24700000	4.66338525e-07	
0.24858333	5.63736639e-07	
0.25016667	6.84988520e-07	
0.25175000	4.72129241e-07	
0.25333333	2.11423641e-07	
0.25491667	1.64592799e-07	
0.25650000	1.93846006e-07	
0.25808333	3.12376389e-07	
0.25966667	1.04501529e-07	
0.26125000	9.99044998e-08	
0.26283333	3.50661442e-07	
0.26441667	3.86792864e-07	
0.26600000	4.65474126e-07	
0.26758333	3.43487941e-07	
0.26916667	5.95714298e-07	
0.27075000	6.44023690e-07	
0.27233333	5.01988661e-07	
0.27391667	3.85619891e-07	
0.27550000	4.40321718e-08	
0.27708333	8.26289636e-08	
0.27866667	1.41258218e-07	
0.28025000	1.09335963e-08	
0.28183333	1.96292658e-07	
0.28341667	3.44525023e-07	
0.28500000	7.53475841e-07	
0.28658333	4.94079874e-07	
0.28816667	4.61542246e-07	
0.28975000	5.39149688e-07	
0.29133333	5.18149138e-07	
0.29291667	1.29935798e-07	
0.29450000	4.11309143e-09	
0.29608333	4.51731985e-08	
0.29766667	1.93889954e-07	
0.29925000	1.84659298e-07	
0.30083333	2.64886034e-07	
0.30241667	3.43756277e-07	
0.30400000	5.37162887e-07	
0.30558333	4.51992025e-07	
0.30716667	4.78004968e-07	
0.30875000	6.34043874e-07	
0.31033333	4.96716584e-07	
0.31191667	6.15072687e-07	
0.31350000	2.62216086e-07	
0.31508333	1.15072157e-07	
0.31666667	3.28061600e-07	
0.31825000	2.22667993e-07	
0.31983333	2.55379383e-07	
0.32141667	2.39003464e-07	
0.32300000	3.68310270e-07	
0.32458333	3.99031653e-07	
0.32616667	3.91408367e-07	
0.32775000	4.58085547e-07	
0.32933333	5.08166802e-07	
0.33091667	5.58596057e-07	
0.33250000	2.88523154e-07	
0.33408333	1.02411228e-07	
0.33566667	1.18485749e-07	
0.33725000	1.93890080e-07	
0.33883333	8.59306548e-08	
0.34041667	2.60910303e-07	
0.34200000	2.35796256e-07	
0.34358333	5.26790549e-07	
0.34516667	3.34067954e-07	
0.34675000	4.29738335e-07	
0.34833333	5.55614483e-07	
0.34991667	4.78231499e-07	
0.35150000	5.82965438e-07	
0.35308333	2.68212471e-07	
0.35466667	1.57523700e-07	
0.35625000	2.48898072e-07	
0.35783333	1.86112073e-07	
0.35941667	2.96983846e-07	
0.36100000	2.02859498e-07	
0.36258333	3.47722655e-07	
0.36416667	4.21312589e-07	
0.36575000	4.46157655e-07	
0.36733333	4.52726862e-07	
0.36891667	4.45638512e-07	
0.37050000	6.02152795e-07	
0.37208333	4.99699614e-07	
0.37366667	1.54584520e-07	
0.37525000	1.87623609e-07	
0.37683333	1.42585349e-13	
0.37841667	1.93889940e-07	
0.38000000	1.63883864e-07	
0.38158333	2.18010306e-07	
0.38316667	3.51007510e-07	
0.38475000	5.44602709e-07	
0.38633333	5.98910922e-07	
0.38791667	6.60574952e-07	
0.38950000	6.49426364e-07	
0.39108333	6.08202579e-07	
0.39266667	3.45440748e-07	
0.39425000	8.15229420e-08	
0.39583333	4.49395700e-08	
0.39741667	3.28497440e-08	
0.39900000	1.70469633e-07	
0.40058333	8.25765803e-08	
0.40216667	3.05022363e-07	
0.40375000	5.79855843e-07	
0.40533333	6.73193215e-07	
0.40691667	6.88490413e-07	
0.40850000	5.61619016e-07	
0.41008333	5.53108034e-07	
0.41166667	4.26220145e-07	
0.41325000	2.59440629e-07	
0.41483333	8.71227383e-08	
0.41641667	-8.59470355e-08	
0.41800000	1.84037978e-07	
0.41958333	1.16022590e-07	
0.42116667	3.37612101e-07	
0.42275000	3.05980454e-07	
0.42433333	6.08590452e-07	
0.42591667	6.09928800e-07	
0.42750000	3.41240868e-07	
0.42908333	4.10552938e-07	
0.43066667	4.95030012e-07	
0.43225000	4.47585159e-07	
0.43383333	2.03809791e-07	
0.43541667	1.48552098e-07	
0.43700000	2.75473169e-07	
0.43858333	3.42277782e-07	
0.44016667	2.80468677e-07	
0.44175000	4.15521285e-07	
0.44333333	4.97839658e-07	
0.44491667	5.16117535e-07	
0.44650000	6.78939801e-07	
0.44808333	6.15244502e-07	
0.44966667	6.19384656e-07	
0.45125000	5.75731930e-07	
0.45283333	3.90278012e-07	
0.45441667	9.10895573e-08	
0.45600000	4.27359551e-08	
0.45758333	-2.27471567e-08	
0.45916667	1.36551032e-08	
0.46075000	4.26502117e-08	
0.46233333	3.26523833e-09	
0.46391667	2.99886904e-07	
0.46550000	3.71661881e-07	
0.46708333	3.06369755e-07	
0.46866667	4.14787064e-07	
0.47025000	6.28536251e-07	
0.47183333	6.19395689e-07	
0.47341667	4.19625681e-07	
0.47500000	2.89127281e-07	
0.47658333	1.96059365e-07	
0.47816667	2.29540104e-07	
0.47975000	1.61757588e-07	
0.48133333	1.68023989e-07	
0.48291667	2.29488329e-07	
0.48450000	5.44464775e-07	
0.48608333	4.55880924e-07	
0.48766667	5.61230807e-07	
0.48925000	6.30154219e-07	
0.49083333	5.49131408e-07	
0.49241667	3.92471546e-07	
0.49400000	8.59890584e-09	
0.49558333	9.96885401e-08	
0.49716667	1.07432190e-07	
0.49875000	1.54023221e-07	
0.50033333	2.85948299e-07	
0.50191667	1.50765863e-07	
0.50350000	5.49747716e-07	
0.50508333	5.34440325e-07	
0.50666667	4.53936740e-07	
0.50825000	5.11797053e-07	
0.50983333	3.68274233e-07	
0.51141667	5.51724100e-07	
0.51300000	1.84408113e-07	
0.51458333	1.76302771e-07	
0.51616667	1.15590447e-07	
0.51775000	7.25511154e-08	
0.51933333	1.93501521e-07	
0.52091667	3.03603427e-07	
0.52250000	3.90198937e-07	
0.52408333	4.71092970e-07	
0.52566667	4.03639148e-07	
0.52725000	5.41483817e-07	
0.52883333	4.21838704e-07	
0.53041667	4.48190127e-07	
0.53200000	5.43815033e-07	
0.53358333	1.81461554e-07	
0.53516667	2.07881426e-07	
0.53675000	1.30325716e-07	
0.53833333	3.82767487e-07	
0.53991667	3.95774883e-07	
0.54150000	3.40593031e-07	
0.54308333	5.86759160e-07	
0.54466667	8.06456850e-07	
0.54625000	1.00993700e-06	
0.54783333	1.02658274e-06	
0.54941667	1.14575507e-06	
0.55100000	1.39517895e-06	
0.55258333	1.47848000e-06	
0.55416667	1.66649388e-06	
0.55575000	2.05254698e-06	
0.55733333	2.62673649e-06	
0.55891667	3.53647289e-06	
0.56050000	4.46197960e-06	
0.56208333	5.86707907e-06	
0.56366667	7.62380218e-06	
0.56525000	1.04292844e-05	
0.56683333	1.44606526e-05	
0.56841667	2.01172585e-05	
0.57000000	2.96582498e-05	
0.57158333	4.44066308e-05	
0.57316667	6.97127739e-05	
0.57475000	1.25079528e-04	
0.57633333	2.37498138e-04	
0.57791667	4.00991469e-04	
0.57950000	5.13555882e-04	
0.58108333	4.33248400e-04	
0.58266667	3.80239378e-04	
0.58425000	1.34097116e-03	
0.58583333	5.84588948e-03	
0.58741667	8.09569556e-03	
0.58900000	9.88538852e-03	
0.59058333	1.46492656e-02	
0.59216667	1.73385446e-02	
0.59375000	1.90628286e-02	
0.59533333	4.43706017e-02	
0.59691667	5.25928964e-02	
0.59850000	3.84050459e-02	
0.60008333	3.86852716e-02	
0.60166667	4.56583506e-02	
0.60325000	5.21136406e-02	
0.60483333	6.49140967e-02	
0.60641667	8.05122692e-02	
0.60800000	9.01133958e-02	
0.60958333	1.14708686e-01	
0.61116667	1.32898270e-01	
0.61275000	1.52812421e-01	
0.61433333	1.77698947e-01	
0.61591667	2.02143775e-01	
0.61750000	2.96150608e-01	
0.61908333	6.47536849e-01	
0.62066667	1.97086119e+00	
0.62225000	1.29131261e+01	
0.62383333	1.80617481e+01	
0.62541667	1.99886501e+01	
0.62700000	2.15816753e+01	
0.62858333	2.30188471e+01	
0.63016667	2.62955299e+01	
0.63175000	2.79016320e+01	
0.63333333	2.97213313e+01	
0.63491667	3.06202933e+01	
0.63650000	3.22147729e+01	
0.63808333	3.29231946e+01	
0.63966667	3.42157747e+01	
0.64125000	3.52412736e+01	
0.64283333	3.54691448e+01	
0.64441667	3.59890143e+01	
0.64600000	3.63218876e+01	
0.64758333	3.69608114e+01	
0.64916667	3.72389681e+01	
