start voltage : 0.00 V 
set voltage : 0.10 V 
High G : 30.00 G0 
Intermediate G : 20.00 G0 
Low G : 10.00 G0 
Breaking speed 1 : 300.00 V/s 
Breaking speed 2 : 300.00 V/s 
Making speed : 500.00 V/s 
Post breaking : 230.00 V/s 
@ 
0.00000000	5.00537048e+01	
0.00158333	5.08290799e+01	
0.00316667	5.06331992e+01	
0.00475000	5.06230857e+01	
0.00633333	5.06751151e+01	
0.00791667	5.05656068e+01	
0.00950000	5.07070792e+01	
0.01108333	5.07005135e+01	
0.01266667	5.07087854e+01	
0.01425000	5.07699286e+01	
0.01583333	5.05960826e+01	
0.01741667	5.06730218e+01	
0.01900000	5.06142387e+01	
0.02058333	5.07313726e+01	
0.02216667	5.05578084e+01	
0.02375000	5.06784449e+01	
0.02533333	5.04655317e+01	
0.02691667	5.06878443e+01	
0.02850000	5.06052565e+01	
0.03008333	5.06702444e+01	
0.03166667	5.04342028e+01	
0.03325000	5.04679182e+01	
0.03483333	5.04819365e+01	
0.03641667	5.06601798e+01	
0.03800000	5.04334812e+01	
0.03958333	5.03780694e+01	
0.04116667	5.03502582e+01	
0.04275000	5.02420577e+01	
0.04433333	5.01575156e+01	
0.04591667	5.02692638e+01	
0.04750000	5.02446134e+01	
0.04908333	5.04278100e+01	
0.05066667	5.01920578e+01	
0.05225000	5.05788622e+01	
0.05383333	5.00439145e+01	
0.05541667	5.03070231e+01	
0.05700000	5.03567638e+01	
0.05858333	5.02715827e+01	
0.06016667	5.03578161e+01	
0.06175000	5.03135738e+01	
0.06333333	5.00604809e+01	
0.06491667	5.02967067e+01	
0.06650000	5.00786221e+01	
0.06808333	5.01972141e+01	
0.06966667	4.99812266e+01	
0.07125000	5.00228607e+01	
0.07283333	5.01366008e+01	
0.07441667	4.99889762e+01	
0.07600000	5.00775284e+01	
0.07758333	4.98783441e+01	
0.07916667	5.00368790e+01	
0.08075000	4.99363830e+01	
0.08233333	4.97443845e+01	
0.08391667	4.98573730e+01	
0.08550000	4.98936553e+01	
0.08708333	4.99180464e+01	
0.08866667	4.96788554e+01	
0.09025000	4.97000896e+01	
0.09183333	4.97172048e+01	
0.09341667	4.95186443e+01	
0.09500000	4.93431634e+01	
0.09658333	4.93517360e+01	
0.09816667	4.93486355e+01	
0.09975000	4.93385182e+01	
0.10133333	4.93136235e+01	
0.10291667	4.91502216e+01	
0.10450000	4.92439903e+01	
0.10608333	4.91078021e+01	
0.10766667	4.92040325e+01	
0.10925000	4.89696858e+01	
0.11083333	4.91139957e+01	
0.11241667	4.91870338e+01	
0.11400000	4.90340123e+01	
0.11558333	4.84556304e+01	
0.11716667	4.78852685e+01	
0.11875000	4.78083970e+01	
0.12033333	4.77381437e+01	
0.12191667	4.77029777e+01	
0.12350000	4.77671688e+01	
0.12508333	4.76705551e+01	
0.12666667	4.78155640e+01	
0.12825000	4.76708031e+01	
0.12983333	4.76099869e+01	
0.13141667	4.76998959e+01	
0.13300000	4.77327807e+01	
0.13458333	4.79216448e+01	
0.13616667	4.75834536e+01	
0.13775000	4.78168418e+01	
0.13933333	4.73830290e+01	
0.14091667	4.69919402e+01	
0.14250000	4.71717582e+01	
0.14408333	4.69074695e+01	
0.14566667	4.70374791e+01	
0.14725000	4.64990024e+01	
0.14883333	4.64725705e+01	
0.15041667	4.66697254e+01	
0.15200000	4.62221010e+01	
0.15358333	4.62622693e+01	
0.15516667	4.59652048e+01	
0.15675000	4.61078723e+01	
0.15833333	4.53157240e+01	
0.15991667	4.52359585e+01	
0.16150000	4.52359924e+01	
0.16308333	4.48789647e+01	
0.16466667	4.53367928e+01	
0.16625000	4.49432761e+01	
0.16783333	4.49774500e+01	
0.16941667	4.49489586e+01	
0.17100000	4.48390745e+01	
0.17258333	4.47339671e+01	
0.17416667	4.47038371e+01	
0.17575000	4.45707795e+01	
0.17733333	4.46862559e+01	
0.17891667	4.44106097e+01	
0.18050000	4.45158599e+01	
0.18208333	4.45959035e+01	
0.18366667	4.41050026e+01	
0.18525000	4.35861629e+01	
0.18683333	4.25686615e+01	
0.18841667	4.22446239e+01	
0.19000000	4.24637232e+01	
0.19158333	4.23454544e+01	
0.19316667	4.25510803e+01	
0.19475000	4.24569283e+01	
0.19633333	4.24803122e+01	
0.19791667	4.23477018e+01	
0.19950000	4.22095142e+01	
0.20108333	4.24547146e+01	
0.20266667	4.22122201e+01	
0.20425000	4.20704584e+01	
0.20583333	4.19546850e+01	
0.20741667	4.18876188e+01	
0.20900000	4.19412379e+01	
0.21058333	4.17599467e+01	
0.21216667	4.17112396e+01	
0.21375000	4.17571243e+01	
0.21533333	4.17539936e+01	
0.21691667	4.18344393e+01	
0.21850000	4.13909340e+01	
0.22008333	4.07087713e+01	
0.22166667	4.04561182e+01	
0.22325000	4.02990941e+01	
0.22483333	3.95621810e+01	
0.22641667	3.99075994e+01	
0.22800000	3.96292698e+01	
0.22958333	3.86118962e+01	
0.23116667	3.77267270e+01	
0.23275000	3.78393660e+01	
0.23433333	3.80608406e+01	
0.23591667	3.77811618e+01	
0.23750000	3.71382128e+01	
0.23908333	3.71327483e+01	
0.24066667	3.67488453e+01	
0.24225000	3.62188961e+01	
0.24383333	3.61888826e+01	
0.24541667	3.62338728e+01	
0.24700000	3.60766533e+01	
0.24858333	3.62065126e+01	
0.25016667	3.48366025e+01	
0.25175000	3.48272444e+01	
0.25333333	3.46958479e+01	
0.25491667	3.47005495e+01	
0.25650000	3.48142107e+01	
0.25808333	3.48703968e+01	
0.25966667	3.47487493e+01	
0.26125000	3.44363360e+01	
0.26283333	3.42475959e+01	
0.26441667	3.42633844e+01	
0.26600000	3.34340631e+01	
0.26758333	3.28330563e+01	
0.26916667	3.25995441e+01	
0.27075000	3.27980594e+01	
0.27233333	3.26282159e+01	
0.27391667	3.25912458e+01	
0.27550000	3.26071696e+01	
0.27708333	3.23852440e+01	
0.27866667	3.26619501e+01	
0.28025000	3.26561698e+01	
0.28183333	3.26893027e+01	
0.28341667	3.25579138e+01	
0.28500000	3.24042533e+01	
0.28658333	3.21573316e+01	
0.28816667	3.18052235e+01	
0.28975000	3.18836359e+01	
0.29133333	3.19032315e+01	
0.29291667	3.18876385e+01	
0.29450000	3.16486504e+01	
0.29608333	3.08812221e+01	
0.29766667	3.07420103e+01	
0.29925000	3.05581823e+01	
0.30083333	2.99692659e+01	
0.30241667	3.03319422e+01	
0.30400000	2.99409718e+01	
0.30558333	2.92390745e+01	
0.30716667	2.88519957e+01	
0.30875000	2.87069962e+01	
0.31033333	2.88515222e+01	
0.31191667	2.85776706e+01	
0.31350000	2.84032683e+01	
0.31508333	2.81770564e+01	
0.31666667	2.81056250e+01	
0.31825000	2.80989728e+01	
0.31983333	2.81744952e+01	
0.32141667	2.82402930e+01	
0.32300000	2.77985522e+01	
0.32458333	2.67609516e+01	
0.32616667	2.65089731e+01	
0.32775000	2.65786175e+01	
0.32933333	2.66553725e+01	
0.33091667	2.65423634e+01	
0.33250000	2.63112770e+01	
0.33408333	2.57492229e+01	
0.33566667	2.56730034e+01	
0.33725000	2.55614280e+01	
0.33883333	2.53727443e+01	
0.34041667	2.54918362e+01	
0.34200000	2.57556814e+01	
0.34358333	2.39506939e+01	
0.34516667	2.36530881e+01	
0.34675000	2.32675352e+01	
0.34833333	2.33773348e+01	
0.34991667	2.33627246e+01	
0.35150000	2.31182213e+01	
0.35308333	2.32182663e+01	
0.35466667	2.31789492e+01	
0.35625000	2.31945479e+01	
0.35783333	2.32065405e+01	
0.35941667	2.33663814e+01	
0.36100000	2.32617983e+01	
0.36258333	2.30750670e+01	
0.36416667	2.30650099e+01	
0.36575000	2.28571214e+01	
0.36733333	2.26225925e+01	
0.36891667	2.26688962e+01	
0.37050000	2.23257930e+01	
0.37208333	2.21203812e+01	
0.37366667	2.23353859e+01	
0.37525000	2.20056076e+01	
0.37683333	2.19936619e+01	
0.37841667	2.19910123e+01	
0.38000000	2.20949641e+01	
0.38158333	2.18489950e+01	
0.38316667	2.16580169e+01	
0.38475000	2.17519416e+01	
0.38633333	2.02793030e+01	
0.38791667	2.02132759e+01	
0.38950000	2.03715459e+01	
0.39108333	1.94990139e+01	
0.39266667	1.98282342e+01	
0.39425000	1.96053766e+01	
0.39583333	1.94757052e+01	
0.39741667	1.95819663e+01	
0.39900000	1.95777890e+01	
0.40058333	1.94120176e+01	
0.40216667	1.92615273e+01	
0.40375000	1.93443106e+01	
0.40533333	1.90520284e+01	
0.40691667	1.91503578e+01	
0.40850000	1.92002055e+01	
0.41008333	1.89822450e+01	
0.41166667	1.84821402e+01	
0.41325000	1.81449862e+01	
0.41483333	1.79210105e+01	
0.41641667	1.63011739e+01	
0.41800000	1.63230207e+01	
0.41958333	1.65187793e+01	
0.42116667	1.55864853e+01	
0.42275000	1.50249488e+01	
0.42433333	1.52327546e+01	
0.42591667	1.46781408e+01	
0.42750000	1.48198312e+01	
0.42908333	1.44550784e+01	
0.43066667	1.46403505e+01	
0.43225000	1.44246139e+01	
0.43383333	1.43859949e+01	
0.43541667	1.48555478e+01	
0.43700000	1.49182254e+01	
0.43858333	1.47828245e+01	
0.44016667	1.47197852e+01	
0.44175000	1.48131198e+01	
0.44333333	1.46595186e+01	
0.44491667	1.41458295e+01	
0.44650000	1.40466649e+01	
0.44808333	1.37932216e+01	
0.44966667	1.35741890e+01	
0.45125000	1.30447951e+01	
0.45283333	1.29905351e+01	
0.45441667	1.30958408e+01	
0.45600000	1.31185585e+01	
0.45758333	1.29017348e+01	
0.45916667	1.30184318e+01	
0.46075000	1.33365999e+01	
0.46233333	1.28429180e+01	
0.46391667	1.23730137e+01	
0.46550000	1.19462016e+01	
0.46708333	1.20963321e+01	
0.46866667	1.17421710e+01	
0.47025000	1.17370523e+01	
0.47183333	1.05698385e+01	
0.47341667	1.01993497e+01	
0.47500000	9.96155955e+00	
0.47658333	9.83322889e+00	
0.47816667	1.02462368e+01	
0.47975000	1.02302107e+01	
0.48133333	9.83708957e+00	
0.48291667	9.71816867e+00	
0.48450000	9.65414380e+00	
0.48608333	9.74873370e+00	
0.48766667	9.26354826e+00	
0.48925000	9.27386282e+00	
0.49083333	9.45180163e+00	
0.49241667	9.16248570e+00	
0.49400000	9.07169635e+00	
0.49558333	8.99754766e+00	
0.49716667	8.59566135e+00	
0.49875000	8.62813745e+00	
0.50033333	8.67624513e+00	
0.50191667	8.95930637e+00	
0.50350000	8.65086650e+00	
0.50508333	8.39892275e+00	
0.50666667	8.14948200e+00	
0.50825000	7.74649452e+00	
0.50983333	7.31809835e+00	
0.51141667	7.77160631e+00	
0.51300000	6.23463705e+00	
0.51458333	6.12333744e+00	
0.51616667	6.18998228e+00	
0.51775000	6.16186482e+00	
0.51933333	6.10072772e+00	
0.52091667	6.14606273e+00	
0.52250000	6.10596110e+00	
0.52408333	5.72937026e+00	
0.52566667	5.52363109e+00	
0.52725000	5.43712475e+00	
0.52883333	4.70496305e+00	
0.53041667	4.60631517e+00	
0.53200000	4.82885191e+00	
0.53358333	5.06239567e+00	
0.53516667	4.95205113e+00	
0.53675000	4.89775547e+00	
0.53833333	4.81387569e+00	
0.53991667	4.69895735e+00	
0.54150000	4.67292009e+00	
0.54308333	4.56026985e+00	
0.54466667	4.23556515e+00	
0.54625000	4.06183841e+00	
0.54783333	3.73109323e+00	
0.54941667	3.48759195e+00	
0.55100000	2.75255189e+00	
0.55258333	2.59299663e+00	
0.55416667	2.52497908e+00	
0.55575000	2.40128753e+00	
0.55733333	2.33838803e+00	
0.55891667	2.35492017e+00	
0.56050000	1.87346281e+00	
0.56208333	1.78433286e+00	
0.56366667	1.76978438e+00	
0.56525000	1.70222111e+00	
0.56683333	1.11580117e+00	
0.56841667	1.65256917e-01	
0.57000000	6.65735689e-02	
0.57158333	2.17545262e-02	
0.57316667	1.95941643e-02	
0.57475000	1.37886697e-02	
0.57633333	8.10099530e-03	
0.57791667	9.35151028e-03	
0.57950000	5.63601204e-03	
0.58108333	2.40880794e-03	
0.58266667	2.35176737e-03	
0.58425000	9.53220302e-04	
0.58583333	3.29801232e-04	
0.58741667	8.03680468e-05	
0.58900000	3.42689609e-05	
0.59058333	1.98213054e-05	
0.59216667	1.36922506e-05	
0.59375000	1.10123422e-05	
0.59533333	1.02021597e-05	
0.59691667	1.10394653e-05	
0.59850000	1.24278223e-05	
0.60008333	1.33001748e-05	
0.60166667	1.34472813e-05	
0.60325000	1.31017153e-05	
0.60483333	1.23193270e-05	
0.60641667	1.11465825e-05	
0.60800000	9.84778562e-06	
0.60958333	8.59307844e-06	
0.61116667	7.53868643e-06	
0.61275000	6.45147828e-06	
0.61433333	5.30823044e-06	
0.61591667	4.19350311e-06	
0.61750000	3.49179140e-06	
0.61908333	3.01819136e-06	
0.62066667	2.66995071e-06	
0.62225000	2.27048121e-06	
0.62383333	1.99817280e-06	
0.62541667	1.96486765e-06	
0.62700000	1.85769542e-06	
0.62858333	1.70246317e-06	
0.63016667	1.59699902e-06	
0.63175000	1.48349884e-06	
0.63333333	1.33584452e-06	
0.63491667	1.24130488e-06	
0.63650000	7.75000183e-07	
0.63808333	7.47125940e-07	
0.63966667	4.90235189e-07	
0.64125000	6.19782554e-07	
0.64283333	7.47515438e-07	
0.64441667	7.10572372e-07	
0.64600000	8.66692369e-07	
0.64758333	7.38872346e-07	
0.64916667	8.40678530e-07	
0.65075000	8.00839238e-07	
0.65233333	9.22867090e-07	
0.65391667	8.33212779e-07	
0.65550000	6.48216542e-07	
0.65708333	3.79440126e-07	
0.65866667	3.56235261e-07	
0.66025000	3.89767689e-07	
0.66183333	4.89455914e-07	
0.66341667	3.71704723e-07	
0.66500000	5.44162081e-07	
0.66658333	7.04303227e-07	
0.66816667	6.77685568e-07	
0.66975000	6.31837655e-07	
0.67133333	7.47387472e-07	
0.67291667	8.93398847e-07	
0.67450000	3.47557559e-07	
0.67608333	1.98591659e-07	
0.67766667	1.44282844e-07	
0.67925000	1.34266473e-07	
0.68083333	2.80052802e-07	
0.68241667	2.29278908e-07	
0.68400000	3.02238030e-07	
0.68558333	6.12091057e-07	
0.68716667	6.15721252e-07	
0.68875000	7.49330367e-07	
0.69033333	7.50756639e-07	
0.69191667	8.27069527e-07	
0.69350000	7.75992827e-07	
0.69508333	6.06429931e-07	
0.69666667	3.10387795e-07	
0.69825000	1.77814531e-07	
0.69983333	3.40852266e-07	
0.70141667	3.53124041e-07	
0.70300000	1.99031895e-07	
0.70458333	4.18140270e-07	
0.70616667	5.41310377e-07	
0.70775000	6.61265799e-07	
0.70933333	6.28597014e-07	
0.71091667	5.85384915e-07	
0.71250000	6.93797491e-07	
0.71408333	4.37039046e-07	
0.71566667	3.28251701e-07	
0.71725000	2.77114854e-07	
0.71883333	1.96179519e-07	
0.72041667	3.66736796e-07	
0.72200000	1.81616961e-07	
0.72358333	3.02352527e-07	
0.72516667	5.04321221e-07	
0.72675000	6.16559441e-07	
0.72833333	6.16584755e-07	
0.72991667	5.76961689e-07	
0.73150000	7.24916408e-07	
0.73308333	6.76690628e-07	
0.73466667	5.26844032e-07	
0.73625000	3.86224102e-07	
0.73783333	1.91556791e-07	
0.73941667	2.15884787e-07	
0.74100000	2.83294536e-07	
0.74258333	1.66787720e-07	
0.74416667	3.87563458e-07	
0.74575000	4.73554113e-07	
0.74733333	7.02530915e-07	
0.74891667	6.32875382e-07	
0.75050000	8.26377336e-07	
0.75208333	7.47213584e-07	
0.75366667	7.21936066e-07	
0.75525000	4.77745789e-07	
0.75683333	2.45916946e-07	
0.75841667	3.04857071e-07	
0.76000000	3.28968673e-07	
0.76158333	5.79906021e-08	
0.76316667	2.64177798e-07	
0.76475000	2.68533701e-07	
0.76633333	6.69638511e-07	
0.76791667	5.61404303e-07	
0.76950000	4.19955284e-07	
0.77108333	5.91221441e-07	
0.77266667	6.43245031e-07	
0.77425000	5.85836463e-07	
0.77583333	3.69914182e-07	
0.77741667	2.43729740e-07	
0.77900000	2.85239083e-07	
0.78058333	3.23482527e-07	
0.78216667	3.98548015e-07	
0.78375000	4.04891196e-07	
0.78533333	4.37905377e-07	
0.78691667	8.95257067e-07	
0.78850000	6.52362912e-07	
0.79008333	6.26998366e-07	
0.79166667	5.04649060e-07	
0.79325000	4.74246472e-07	
0.79483333	5.32494965e-07	
0.79641667	2.53218897e-08	
0.79800000	5.05658414e-08	
0.79958333	1.43893609e-08	
0.80116667	1.73364445e-07	
0.80275000	2.68169685e-07	
0.80433333	2.62156387e-07	
0.80591667	3.97200007e-07	
0.80750000	4.59554269e-07	
0.80908333	5.13395980e-07	
0.81066667	5.93640133e-07	
0.81225000	6.56429030e-07	
0.81383333	6.82199203e-07	
0.81541667	4.38552486e-07	
0.81700000	1.95618220e-07	
0.81858333	3.03603595e-07	
0.82016667	3.20369235e-07	
0.82175000	4.39461463e-07	
0.82333333	4.45788431e-07	
0.82491667	6.14858141e-07	
0.82650000	7.02446967e-07	
0.82808333	6.43592358e-07	
0.82966667	6.69484616e-07	
0.83125000	5.60625364e-07	
0.83283333	6.02835410e-07	
0.83441667	4.20448330e-07	
0.83600000	1.02523625e-07	
0.83758333	1.23281776e-07	
0.83916667	8.71140929e-08	
0.84075000	1.92161856e-07	
0.84233333	2.07890428e-07	
0.84391667	3.19247085e-07	
0.84550000	5.31285255e-07	
0.84708333	3.80174543e-07	
0.84866667	4.90320425e-07	
0.85025000	6.27647827e-07	
0.85183333	7.76468681e-07	
0.85341667	8.03732664e-07	
0.85500000	3.67126573e-07	
0.85658333	3.79959269e-07	
0.85816667	1.36409815e-07	
0.85975000	2.61861506e-07	
0.86133333	3.10517581e-07	
0.86291667	5.41265652e-08	
0.86450000	3.82852695e-07	
0.86608333	5.64470048e-07	
0.86766667	6.47957250e-07	
0.86925000	6.54308495e-07	
0.87083333	5.88194505e-07	
0.87241667	6.90432580e-07	
0.87400000	5.06783540e-07	
0.87558333	3.16611187e-07	
0.87716667	2.11995594e-07	
0.87875000	2.48898100e-07	
0.88033333	3.32858888e-07	
0.88191667	1.68212928e-07	
0.88350000	3.09998634e-07	
0.88508333	3.85826008e-07	
0.88666667	4.23213314e-07	
0.88825000	5.09204864e-07	
0.88983333	5.08987127e-07	
0.89141667	5.69829769e-07	
0.89300000	5.57514144e-07	
0.89458333	4.55829037e-07	
0.89616667	1.80580201e-07	
0.89775000	-7.50922574e-08	
0.89933333	1.30931551e-07	
0.90091667	1.33177448e-07	
0.90250000	2.56839117e-07	
0.90408333	3.17604503e-07	
0.90566667	5.09721992e-07	
0.90725000	5.75922058e-07	
0.90883333	5.31285311e-07	
0.91041667	6.23109271e-07	
0.91200000	7.23232188e-07	
0.91358333	5.51552341e-07	
0.91516667	4.69398502e-07	
0.91675000	1.69647614e-07	
0.91833333	1.92766544e-07	
0.91991667	2.66268820e-07	
0.92150000	2.86008221e-07	
0.92308333	3.60385383e-07	
0.92466667	4.13017860e-07	
0.92625000	7.23320000e-07	
0.92783333	6.22333805e-07	
0.92941667	5.39366306e-07	
0.93100000	7.35111945e-07	
0.93258333	6.87710410e-07	
0.93416667	5.37551992e-07	
0.93575000	1.49096260e-07	
0.93733333	4.77485755e-08	
0.93891667	1.31016927e-07	
0.94050000	1.30023442e-07	
0.94208333	2.14199685e-07	
0.94366667	2.50540094e-07	
0.94525000	4.62838592e-07	
0.94683333	5.30248481e-07	
0.94841667	4.31769602e-07	
0.95000000	6.01718440e-07	
0.95158333	6.33003011e-07	
0.95316667	7.32390727e-07	
0.95475000	4.58734112e-07	
0.95633333	3.18572647e-07	
0.95791667	2.13594550e-07	
0.95950000	2.16143309e-07	
0.96108333	3.77306178e-07	
0.96266667	2.27637628e-07	
0.96425000	2.60823555e-07	
0.96583333	6.32700710e-07	
0.96741667	6.48301498e-07	
0.96900000	5.05056254e-07	
0.97058333	5.60409698e-07	
0.97216667	5.77263430e-07	
0.97375000	6.21943467e-07	
0.97533333	3.26593719e-07	
0.97691667	7.98622610e-09	
0.97850000	1.38190415e-07	
0.98008333	1.55993852e-07	
0.98166667	2.82560399e-07	
0.98325000	1.79828479e-07	
0.98483333	4.91661461e-07	
0.98641667	5.70952507e-07	
0.98800000	5.20785288e-07	
0.98958333	6.12782296e-07	
0.99116667	5.92644800e-07	
0.99275000	6.03318655e-07	
0.99433333	5.25537885e-07	
0.99591667	4.97102770e-08	
0.99750000	1.37524391e-07	
0.99908333	9.10461203e-08	
1.00066667	2.17439599e-07	
1.00225000	2.97769365e-07	
1.00383333	2.18778759e-07	
1.00541667	4.87606431e-07	
1.00700000	5.88022241e-07	
1.00858333	6.49598292e-07	
1.01016667	6.65628227e-07	
1.01175000	6.82922307e-07	
1.01333333	7.29454851e-07	
1.01491667	4.50911289e-07	
1.01650000	2.68301319e-07	
1.01808333	1.45146711e-07	
1.01966667	2.06724358e-07	
1.02125000	3.79527546e-07	
1.02283333	2.27638090e-07	
1.02441667	1.75542271e-07	
1.02600000	4.38120315e-07	
1.02758333	3.98712131e-07	
1.02916667	4.86042841e-07	
1.03075000	5.71515500e-07	
1.03233333	6.10795215e-07	
1.03391667	5.40628602e-07	
1.03550000	2.54601760e-07	
1.03708333	1.10353484e-07	
1.03866667	2.87786361e-08	
1.04025000	1.41361935e-07	
1.04183333	2.30447232e-07	
1.04341667	9.48922329e-08	
1.04500000	1.57722593e-07	
1.04658333	3.94520398e-07	
1.04816667	5.71385967e-07	
1.04975000	4.96975652e-07	
1.05133333	4.77919061e-07	
1.05291667	6.03275253e-07	
1.05450000	3.66571840e-07	
1.05608333	3.61697242e-07	
1.05766667	2.52484501e-07	
1.05925000	2.60763885e-07	
1.06083333	2.47860318e-07	
1.06241667	6.58372822e-08	
1.06400000	2.99264576e-07	
1.06558333	4.13792879e-07	
1.06716667	5.44508513e-07	
1.06875000	5.48958584e-07	
1.07033333	5.84866443e-07	
1.07191667	6.87495136e-07	
1.07350000	5.26445238e-07	
1.07508333	3.79181450e-07	
1.07666667	1.03258119e-07	
1.07825000	2.16490979e-08	
1.07983333	2.44836098e-07	
1.08141667	2.03248870e-07	
1.08300000	2.82343697e-07	
1.08458333	3.59080552e-07	
1.08616667	3.16317369e-07	
1.08775000	6.04960873e-07	
1.08933333	5.66503387e-07	
1.09091667	6.37930280e-07	
1.09250000	5.64731860e-07	
1.09408333	4.77832705e-07	
1.09566667	1.30188356e-07	
1.09725000	8.23265361e-08	
1.09883333	1.92247652e-07	
1.10041667	8.90926897e-08	
1.10200000	2.48985436e-07	
1.10358333	2.89576842e-07	
1.10516667	1.80122548e-07	
1.10675000	5.87633360e-07	
1.10833333	4.92005877e-07	
1.10991667	6.35598000e-07	
1.11150000	6.49036531e-07	
1.11308333	6.82613733e-07	
1.11466667	6.29963587e-07	
1.11625000	3.04295646e-07	
1.11783333	1.26081957e-07	
1.11941667	1.92463920e-07	
1.12100000	1.35337591e-07	
1.12258333	2.35019053e-07	
1.12416667	2.51300860e-07	
1.12575000	5.03234325e-07	
1.12733333	5.43816489e-07	
1.12891667	4.03032836e-07	
1.13050000	5.42459045e-07	
1.13208333	5.81109011e-07	
1.13366667	6.40262169e-07	
1.13525000	3.60212195e-07	
1.13683333	8.72005398e-08	
1.13841667	1.12003885e-07	
1.14000000	2.63585995e-08	
1.14158333	1.56858306e-07	
1.14316667	1.69526887e-07	
1.14475000	3.03820157e-07	
1.14633333	4.68801403e-07	
1.14791667	5.28433887e-07	
1.14950000	5.96881503e-07	
1.15108333	5.15470706e-07	
1.15266667	7.40386318e-07	
1.15425000	7.16740377e-07	
1.15583333	-2.47085362e-08	
1.15741667	1.44715295e-07	
1.15900000	1.23887065e-07	
1.16058333	1.68524834e-07	
1.16216667	2.43885847e-07	
1.16375000	2.23092268e-07	
1.16533333	7.86232047e-07	
1.16691667	7.51950501e-07	
1.16850000	6.11399090e-07	
1.17008333	5.77478200e-07	
1.17166667	5.36816343e-07	
1.17325000	8.08186096e-07	
1.17483333	5.80805981e-07	
1.17641667	2.69726555e-07	
1.17800000	1.77037118e-07	
1.17958333	1.41517468e-07	
1.18116667	2.49113094e-07	
1.18275000	-5.22820734e-09	
1.18433333	1.67834099e-07	
1.18591667	3.10692729e-07	
1.18750000	4.13619523e-07	
1.18908333	5.89923806e-07	
1.19066667	5.79336195e-07	
1.19225000	8.04254496e-07	
1.19383333	6.17277786e-07	
1.19541667	3.70894282e-07	
1.19700000	1.96655820e-07	
1.19858333	6.08765936e-08	
1.20016667	2.81496491e-07	
1.20175000	1.43764219e-07	
1.20333333	3.06267074e-07	
1.20491667	4.65595036e-07	
1.20650000	3.64921558e-07	
1.20808333	4.78091380e-07	
1.20966667	3.95730725e-07	
1.21125000	4.03811971e-07	
1.21283333	5.49867393e-07	
1.21441667	4.60763867e-07	
1.21600000	4.08220601e-07	
1.21758333	8.28448323e-08	
1.21916667	1.21121591e-07	
1.22075000	3.15400692e-07	
1.22233333	3.26336303e-08	
1.22391667	2.16229846e-07	
1.22550000	2.41379511e-07	
1.22708333	4.56487319e-07	
1.22866667	6.05365043e-07	
1.23025000	6.04571264e-07	
1.23183333	6.87840392e-07	
1.23341667	6.18011475e-07	
1.23500000	4.45899988e-07	
1.23658333	1.36488022e-07	
1.23816667	-1.28775950e-08	
1.23975000	3.34888699e-07	
1.24133333	2.80269056e-07	
@ 
0.00000000	3.18027378e-07	
0.00158333	2.60435178e-07	
0.00316667	7.17591335e-07	
0.00475000	7.04432424e-07	
0.00633333	5.87286704e-07	
0.00791667	5.11495871e-07	
0.00950000	6.60057265e-07	
0.01108333	7.07976375e-07	
0.01266667	3.97865149e-07	
0.01425000	-8.49023086e-08	
0.01583333	-2.08280871e-08	
0.01741667	5.36418074e-08	
0.01900000	7.17474094e-08	
0.02058333	1.66147373e-07	
0.02216667	1.88395971e-08	
0.02375000	5.08686113e-07	
0.02533333	6.01936009e-07	
0.02691667	5.51766774e-07	
0.02850000	4.54421330e-07	
0.03008333	5.28865779e-07	
0.03166667	6.09170694e-07	
0.03325000	3.00647614e-07	
0.03483333	2.90035138e-07	
0.03641667	2.33557836e-07	
0.03800000	2.32053496e-07	
0.03958333	2.65977075e-07	
0.04116667	2.81608944e-07	
0.04275000	4.58603458e-07	
0.04433333	6.03881089e-07	
0.04591667	5.57039859e-07	
0.04750000	5.88238747e-07	
0.04908333	6.50549215e-07	
0.05066667	5.75574170e-07	
0.05225000	2.25166041e-07	
0.05383333	3.22360685e-08	
0.05541667	9.30338315e-08	
0.05700000	9.06147470e-08	
0.05858333	2.16178254e-07	
0.06016667	-4.54494554e-08	
0.06175000	1.68921794e-07	
0.06333333	5.13178691e-07	
0.06491667	4.52814282e-07	
0.06650000	6.22116403e-07	
0.06808333	6.12005429e-07	
0.06966667	5.97486946e-07	
0.07125000	5.73590617e-07	
0.07283333	2.64930024e-07	
0.07441667	9.83315082e-08	
0.07600000	6.45143418e-08	
0.07758333	4.87084796e-08	
0.07916667	4.60629489e-08	
0.08075000	1.16108981e-07	
0.08233333	4.98012202e-07	
0.08391667	5.37466309e-07	
0.08550000	5.50859757e-07	
0.08708333	5.85256221e-07	
0.08866667	6.65420234e-07	
0.09025000	8.62761105e-07	
0.09183333	5.59978479e-07	
0.09341667	1.77503353e-07	
0.09500000	1.08936347e-07	
0.09658333	9.80463714e-08	
0.09816667	1.73631549e-07	
0.09975000	1.59104273e-07	
0.10133333	1.98125424e-07	
0.10291667	5.44249613e-07	
0.10450000	6.61091296e-07	
0.10608333	6.45103194e-07	
0.10766667	4.92525020e-07	
0.10925000	6.17577511e-07	
0.11083333	5.15513827e-07	
0.11241667	4.00960407e-07	
0.11400000	1.20862691e-07	
0.11558333	8.17999024e-08	
0.11716667	2.93923729e-07	
0.11875000	2.03396619e-07	
0.12033333	1.37412876e-07	
0.12191667	3.00484731e-07	
0.12350000	4.86777090e-07	
0.12508333	5.32929265e-07	
0.12666667	5.03457439e-07	
0.12825000	5.06785276e-07	
0.12983333	6.41309640e-07	
0.13141667	6.42382312e-07	
0.13300000	3.47497888e-07	
0.13458333	3.53034976e-08	
0.13616667	-5.22011892e-09	
0.13775000	1.31561887e-07	
0.13933333	1.68958374e-08	
0.14091667	1.22607015e-07	
0.14250000	3.29833772e-07	
0.14408333	3.90112525e-07	
0.14566667	5.04320941e-07	
0.14725000	5.69873675e-07	
0.14883333	6.36332641e-07	
0.15041667	7.50833530e-07	
0.15200000	6.14901207e-07	
0.15358333	2.64316096e-07	
0.15516667	2.75257503e-07	
0.15675000	2.92022611e-07	
0.15833333	1.29591033e-07	
0.15991667	2.10483387e-07	
0.16150000	2.61550020e-07	
0.16308333	2.04260695e-07	
0.16466667	5.21993430e-07	
0.16625000	3.75723939e-07	
0.16783333	3.52345046e-07	
0.16941667	5.17847116e-07	
0.17100000	5.26964661e-07	
0.17258333	4.13145518e-07	
0.17416667	5.90269286e-08	
0.17575000	2.07285153e-07	
0.17733333	2.25606347e-07	
0.17891667	3.28362334e-07	
0.18050000	3.66968198e-07	
0.18208333	2.32719394e-07	
0.18366667	5.13671681e-07	
0.18525000	5.17024887e-07	
0.18683333	5.20871924e-07	
0.18841667	4.72345522e-07	
0.19000000	5.65380929e-07	
0.19158333	4.25287619e-07	
0.19316667	3.72967271e-07	
0.19475000	2.31085913e-07	
0.19633333	1.75655158e-07	
0.19791667	-3.31900665e-09	
0.19950000	2.66649161e-07	
0.20108333	1.36495975e-07	
0.20266667	3.67080763e-07	
0.20425000	4.92913229e-07	
0.20583333	4.49788354e-07	
0.20741667	4.43393427e-07	
0.20900000	5.21778493e-07	
0.21058333	4.57219832e-07	
0.21216667	2.46987379e-07	
0.21375000	3.78875620e-08	
0.21533333	-4.69285482e-08	
0.21691667	-5.02549925e-08	
0.21850000	1.44818368e-07	
0.22008333	5.39713857e-08	
0.22166667	6.86115417e-08	
0.22325000	5.27308573e-07	
0.22483333	5.37551936e-07	
0.22641667	5.26488696e-07	
0.22800000	4.05021486e-07	
0.22958333	5.47792220e-07	
0.23116667	4.94416337e-07	
0.23275000	2.07026463e-07	
0.23433333	1.08357449e-07	
0.23591667	1.53746625e-07	
0.23750000	1.87771175e-07	
0.23908333	2.18390885e-07	
0.24066667	1.56918313e-07	
0.24225000	2.19903359e-07	
0.24383333	3.98548603e-07	
0.24541667	4.80079246e-07	
0.24700000	5.84866443e-07	
0.24858333	5.69182100e-07	
0.25016667	6.74401133e-07	
0.25175000	4.54792515e-07	
0.25333333	2.02419683e-07	
0.25491667	1.93371791e-07	
0.25650000	7.37178315e-09	
0.25808333	1.46098054e-07	
0.25966667	1.76822446e-07	
0.26125000	1.50687557e-07	
0.26283333	4.30602397e-07	
0.26441667	6.28295888e-07	
0.26600000	5.53624546e-07	
0.26758333	4.05324627e-07	
0.26916667	5.00146178e-07	
0.27075000	4.92611824e-07	
0.27233333	2.78065609e-07	
0.27391667	-1.04770712e-07	
0.27550000	-9.66558010e-08	
0.27708333	1.06896204e-07	
0.27866667	1.67953370e-07	
0.28025000	5.27352388e-08	
0.28183333	3.08019337e-07	
0.28341667	4.63166095e-07	
0.28500000	6.77123807e-07	
0.28658333	7.84418853e-07	
0.28816667	7.01062585e-07	
0.28975000	7.74738539e-07	
0.29133333	6.74703714e-07	
0.29291667	2.84738224e-07	
0.29450000	1.29116048e-07	
0.29608333	1.23195518e-07	
0.29766667	1.78895701e-07	
0.29925000	9.57819378e-08	
0.30083333	1.13032560e-07	
0.30241667	2.35519856e-07	
0.30400000	6.24084947e-07	
0.30558333	3.82207658e-07	
0.30716667	3.40377197e-07	
0.30875000	5.49693057e-07	
0.31033333	6.58412639e-07	
0.31191667	4.09197985e-07	
0.31350000	1.93794764e-07	
0.31508333	5.01282168e-09	
0.31666667	2.16281677e-07	
0.31825000	1.78601590e-07	
0.31983333	2.38976135e-07	
0.32141667	3.07579297e-07	
0.32300000	2.87658139e-07	
0.32458333	6.86371670e-07	
0.32616667	5.07882253e-07	
0.32775000	4.65768027e-07	
0.32933333	5.98782004e-07	
0.33091667	5.37637508e-07	
0.33250000	4.06947832e-07	
0.33408333	5.41009686e-08	
0.33566667	9.90840420e-08	
0.33725000	1.02393804e-07	
0.33883333	2.27404798e-07	
0.34041667	2.52570913e-07	
0.34200000	2.66900024e-07	
0.34358333	5.58639795e-07	
0.34516667	5.79897676e-07	
0.34675000	5.43167308e-07	
0.34833333	6.49252980e-07	
0.34991667	5.41300241e-07	
0.35150000	5.86638251e-07	
0.35308333	1.94460452e-07	
0.35466667	2.14459229e-07	
0.35625000	1.47523709e-07	
0.35783333	2.47774326e-07	
0.35941667	2.26359441e-07	
0.36100000	1.68654214e-07	
0.36258333	2.64929604e-07	
0.36416667	5.62785717e-07	
0.36575000	4.45683286e-07	
0.36733333	5.97701883e-07	
0.36891667	4.87727509e-07	
0.37050000	4.36815680e-07	
0.37208333	3.69812454e-07	
0.37366667	1.07596935e-07	
0.37525000	1.00337413e-07	
0.37683333	1.36997323e-07	
0.37841667	5.49055952e-08	
0.38000000	3.58215313e-08	
0.38158333	2.00232323e-07	
0.38316667	4.08867570e-07	
0.38475000	5.24802684e-07	
0.38633333	5.21692753e-07	
0.38791667	5.58983818e-07	
0.38950000	5.37161039e-07	
0.39108333	7.01753768e-07	
0.39266667	4.05933935e-08	
0.39425000	1.05547131e-07	
0.39583333	1.56425589e-07	
0.39741667	2.72534381e-07	
0.39900000	4.02601477e-07	
0.40058333	7.02969443e-08	
0.40216667	2.24431568e-07	
0.40375000	6.33395813e-07	
0.40533333	5.24889712e-07	
0.40691667	5.25884205e-07	
0.40850000	3.30222569e-07	
0.41008333	4.65906634e-07	
0.41166667	2.84028449e-07	
0.41325000	1.70512601e-07	
0.41483333	-1.00515156e-08	
0.41641667	-4.79664717e-09	
0.41800000	2.02142078e-07	
0.41958333	1.38993855e-07	
0.42116667	2.66313342e-07	
0.42275000	5.71558230e-07	
0.42433333	5.59504417e-07	
0.42591667	5.68187831e-07	
0.42750000	3.99619595e-07	
0.42908333	4.59831033e-07	
0.43066667	5.90527961e-07	
0.43225000	3.49626152e-07	
0.43383333	1.95989530e-07	
0.43541667	1.76778092e-07	
0.43700000	2.44360161e-07	
0.43858333	1.60357707e-07	
0.44016667	1.39918456e-07	
0.44175000	1.94253410e-07	
0.44333333	3.35839705e-07	
0.44491667	3.59692856e-07	
0.44650000	4.83838302e-07	
0.44808333	4.18028041e-07	
0.44966667	7.82905330e-07	
0.45125000	5.90312016e-07	
0.45283333	1.48983821e-07	
0.45441667	1.39702399e-07	
0.45600000	-1.66797954e-08	
0.45758333	3.01445041e-08	
0.45916667	2.06116496e-08	
0.46075000	4.35316318e-08	
0.46233333	3.56494496e-07	
0.46391667	5.09324542e-07	
0.46550000	5.78904976e-07	
0.46708333	4.44473296e-07	
0.46866667	3.86613768e-07	
0.47025000	4.13230446e-07	
0.47183333	3.50444741e-07	
0.47341667	3.86440300e-07	
0.47500000	-2.19511527e-08	
0.47658333	3.24993671e-07	
0.47816667	2.73355826e-07	
0.47975000	2.78635827e-07	
0.48133333	6.33822650e-08	
0.48291667	1.57021596e-07	
0.48450000	5.75578427e-07	
0.48608333	4.72405893e-07	
0.48766667	4.86819764e-07	
0.48925000	5.54922796e-07	
0.49083333	4.75843551e-07	
0.49241667	4.36781491e-07	
0.49400000	1.91972274e-07	
0.49558333	-7.73400023e-08	
0.49716667	1.27863033e-07	
0.49875000	1.83475475e-07	
0.50033333	3.16868854e-07	
0.50191667	1.58499810e-07	
0.50350000	4.95290648e-07	
0.50508333	6.07207638e-07	
0.50666667	6.61783711e-07	
0.50825000	7.53132658e-07	
0.50983333	9.21139356e-07	
0.51141667	1.01326825e-06	
0.51300000	1.08962073e-06	
0.51458333	1.24412181e-06	
0.51616667	1.39797919e-06	
0.51775000	1.51941090e-06	
0.51933333	2.02041475e-06	
0.52091667	2.15982539e-06	
0.52250000	2.53664592e-06	
0.52408333	3.08499609e-06	
0.52566667	3.61723120e-06	
0.52725000	4.40536734e-06	
0.52883333	5.21804086e-06	
0.53041667	6.47255315e-06	
0.53200000	8.09701804e-06	
0.53358333	1.03442699e-05	
0.53516667	1.42078097e-05	
0.53675000	1.91326519e-05	
0.53833333	2.55340689e-05	
0.53991667	3.33460037e-05	
0.54150000	4.25588489e-05	
0.54308333	5.39177965e-05	
0.54466667	6.72138181e-05	
0.54625000	9.02719290e-05	
0.54783333	1.38188539e-04	
0.54941667	2.41422536e-04	
0.55100000	6.62249295e-04	
0.55258333	1.01244893e-03	
0.55416667	7.92337014e-04	
0.55575000	1.29671819e-03	
0.55733333	1.42380037e-03	
0.55891667	1.47156193e-03	
0.56050000	1.87547724e-03	
0.56208333	1.82703647e-03	
0.56366667	5.32272633e-03	
0.56525000	7.84384868e-03	
0.56683333	8.89168251e-03	
0.56841667	9.99914394e-03	
0.57000000	1.08897316e-02	
0.57158333	1.94779957e-02	
0.57316667	2.87724640e-02	
0.57475000	2.73364673e-02	
0.57633333	3.52145689e-02	
0.57791667	4.43415742e-02	
0.57950000	5.49711919e-02	
0.58108333	6.18351601e-02	
0.58266667	7.56719321e-02	
0.58425000	1.75230692e-01	
0.58583333	2.40216482e-01	
0.58741667	2.57192374e-01	
0.58900000	7.16191307e-01	
0.59058333	1.08483483e+00	
0.59216667	3.08002080e+00	
0.59375000	8.59863038e+00	
0.59533333	1.09622192e+01	
0.59691667	1.55137845e+01	
0.59850000	2.00347433e+01	
0.60008333	2.35905111e+01	
0.60166667	2.52319390e+01	
0.60325000	2.62637200e+01	
0.60483333	2.68272211e+01	
0.60641667	2.76843423e+01	
0.60800000	2.79271713e+01	
0.60958333	2.79934765e+01	
0.61116667	2.86581782e+01	
0.61275000	2.95009184e+01	
0.61433333	3.23048698e+01	
0.61591667	3.28535088e+01	
0.61750000	3.35851040e+01	
0.61908333	3.38609569e+01	
0.62066667	3.49255456e+01	
0.62225000	3.54398378e+01	
