start voltage : 0.00 V 
set voltage : 0.10 V 
High G : 30.00 G0 
Intermediate G : 20.00 G0 
Low G : 10.00 G0 
Breaking speed 1 : 300.00 V/s 
Breaking speed 2 : 300.00 V/s 
Making speed : 500.00 V/s 
Post breaking : 230.00 V/s 
@ 
0.00000000	3.10418917e+01	
0.00158333	3.13592170e+01	
0.00316667	3.14220045e+01	
0.00475000	3.14149013e+01	
0.00633333	3.13631820e+01	
0.00791667	3.15462903e+01	
0.00950000	3.12340085e+01	
0.01108333	3.15338392e+01	
0.01266667	3.14135089e+01	
0.01425000	3.13525235e+01	
0.01583333	3.14969067e+01	
0.01741667	3.13171658e+01	
0.01900000	3.16766307e+01	
0.02058333	3.15510107e+01	
0.02216667	3.13151326e+01	
0.02375000	3.13546113e+01	
0.02533333	3.12195618e+01	
0.02691667	3.12751521e+01	
0.02850000	3.12442348e+01	
0.03008333	3.14028918e+01	
0.03166667	3.13274766e+01	
0.03325000	3.12047185e+01	
0.03483333	3.12445824e+01	
0.03641667	3.11862316e+01	
0.03800000	3.11709148e+01	
0.03958333	3.12096926e+01	
0.04116667	3.11803837e+01	
0.04275000	3.12655366e+01	
0.04433333	3.11519637e+01	
0.04591667	3.11876466e+01	
0.04750000	3.10826707e+01	
0.04908333	3.09378347e+01	
0.05066667	3.11105927e+01	
0.05225000	3.09893361e+01	
0.05383333	3.08143738e+01	
0.05541667	3.08732207e+01	
0.05700000	3.07069494e+01	
0.05858333	3.09734837e+01	
0.06016667	3.07996001e+01	
0.06175000	3.05946224e+01	
0.06333333	3.05844826e+01	
0.06491667	3.04174127e+01	
0.06650000	3.04914956e+01	
0.06808333	3.03404904e+01	
0.06966667	3.04155618e+01	
0.07125000	3.03889326e+01	
0.07283333	3.02010287e+01	
0.07441667	3.01694724e+01	
0.07600000	3.01386678e+01	
0.07758333	3.01666143e+01	
0.07916667	3.01161370e+01	
0.08075000	2.99481445e+01	
0.08233333	2.99660695e+01	
0.08391667	2.98371046e+01	
0.08550000	2.98918889e+01	
0.08708333	2.98662650e+01	
0.08866667	2.98897016e+01	
0.09025000	2.98519479e+01	
0.09183333	2.96686235e+01	
0.09341667	2.97095905e+01	
0.09500000	2.96412539e+01	
0.09658333	2.95896793e+01	
0.09816667	2.97446382e+01	
0.09975000	2.96026847e+01	
0.10133333	2.94711492e+01	
0.10291667	2.93467112e+01	
0.10450000	2.93659723e+01	
0.10608333	2.92049626e+01	
0.10766667	2.89225384e+01	
0.10925000	2.91698303e+01	
0.11083333	2.87395973e+01	
0.11241667	2.85259287e+01	
0.11400000	2.83236438e+01	
0.11558333	2.84245701e+01	
0.11716667	2.82782722e+01	
0.11875000	2.81159358e+01	
0.12033333	2.79855033e+01	
0.12191667	2.77958876e+01	
0.12350000	2.76899477e+01	
0.12508333	2.77265776e+01	
0.12666667	2.76207768e+01	
0.12825000	2.76678510e+01	
0.12983333	2.75444145e+01	
0.13141667	2.74283649e+01	
0.13300000	2.73980996e+01	
0.13458333	2.72165886e+01	
0.13616667	2.72927423e+01	
0.13775000	2.73522826e+01	
0.13933333	2.71083712e+01	
0.14091667	2.69906210e+01	
0.14250000	2.66403864e+01	
0.14408333	2.58605295e+01	
0.14566667	2.54311102e+01	
0.14725000	2.43984404e+01	
0.14883333	2.38383932e+01	
0.15041667	2.36169731e+01	
0.15200000	2.37054069e+01	
0.15358333	2.36492622e+01	
0.15516667	2.35159716e+01	
0.15675000	2.35890116e+01	
0.15833333	2.34757018e+01	
0.15991667	2.34249314e+01	
0.16150000	2.32793813e+01	
0.16308333	2.31568168e+01	
0.16466667	2.32133242e+01	
0.16625000	2.30042293e+01	
0.16783333	2.31068525e+01	
0.16941667	2.29345849e+01	
0.17100000	2.28465663e+01	
0.17258333	2.18306491e+01	
0.17416667	2.14751059e+01	
0.17575000	2.14988938e+01	
0.17733333	2.13685478e+01	
0.17891667	2.11980165e+01	
0.18050000	2.13278402e+01	
0.18208333	2.12521976e+01	
0.18366667	2.13327541e+01	
0.18525000	2.13143687e+01	
0.18683333	2.12467800e+01	
0.18841667	2.12297720e+01	
0.19000000	2.11522728e+01	
0.19158333	2.11372886e+01	
0.19316667	2.10175503e+01	
0.19475000	2.10722913e+01	
0.19633333	2.10631568e+01	
0.19791667	2.08672949e+01	
0.19950000	2.10029757e+01	
0.20108333	2.09437399e+01	
0.20266667	2.03726471e+01	
0.20425000	1.75505358e+01	
0.20583333	1.73921268e+01	
0.20741667	1.73660651e+01	
0.20900000	1.72982491e+01	
0.21058333	1.65433320e+01	
0.21216667	1.63454500e+01	
0.21375000	1.62620071e+01	
0.21533333	1.63275588e+01	
0.21691667	1.59250223e+01	
0.21850000	1.55186646e+01	
0.22008333	1.52586640e+01	
0.22166667	1.51234642e+01	
0.22325000	1.51521313e+01	
0.22483333	1.50336501e+01	
0.22641667	1.50419737e+01	
0.22800000	1.49011205e+01	
0.22958333	1.47877685e+01	
0.23116667	1.47676486e+01	
0.23275000	1.46531634e+01	
0.23433333	1.46653101e+01	
0.23591667	1.45145163e+01	
0.23750000	1.45327833e+01	
0.23908333	1.43220753e+01	
0.24066667	1.41569211e+01	
0.24225000	1.41023257e+01	
0.24383333	1.41095632e+01	
0.24541667	1.39763581e+01	
0.24700000	1.39760490e+01	
0.24858333	1.38690202e+01	
0.25016667	1.39586952e+01	
0.25175000	1.38049164e+01	
0.25333333	1.36259929e+01	
0.25491667	1.36612031e+01	
0.25650000	1.32928105e+01	
0.25808333	1.25247517e+01	
0.25966667	1.24630767e+01	
0.26125000	1.21438628e+01	
0.26283333	1.19593593e+01	
0.26441667	1.18950629e+01	
0.26600000	1.19053361e+01	
0.26758333	1.17216697e+01	
0.26916667	1.15937543e+01	
0.27075000	1.06906338e+01	
0.27233333	9.26087519e+00	
0.27391667	9.05855839e+00	
0.27550000	9.05380137e+00	
0.27708333	9.04886019e+00	
0.27866667	8.91021028e+00	
0.28025000	8.84727343e+00	
0.28183333	9.00711244e+00	
0.28341667	9.15035308e+00	
0.28500000	9.47868920e+00	
0.28658333	9.41040059e+00	
0.28816667	9.30939346e+00	
0.28975000	9.12419367e+00	
0.29133333	8.99331491e+00	
0.29291667	9.05420632e+00	
0.29450000	8.92137702e+00	
0.29608333	8.65506072e+00	
0.29766667	8.87707365e+00	
0.29925000	8.09355902e+00	
0.30083333	7.53074004e+00	
0.30241667	7.40817785e+00	
0.30400000	7.25948069e+00	
0.30558333	6.95363590e+00	
0.30716667	7.12817771e+00	
0.30875000	6.72822738e+00	
0.31033333	6.52174501e+00	
0.31191667	6.52125737e+00	
0.31350000	6.38572118e+00	
0.31508333	5.98443619e+00	
0.31666667	5.56622633e+00	
0.31825000	5.48222910e+00	
0.31983333	5.61036198e+00	
0.32141667	5.55013578e+00	
0.32300000	5.37780054e+00	
0.32458333	5.37602711e+00	
0.32616667	5.37086748e+00	
0.32775000	5.28157439e+00	
0.32933333	5.22538175e+00	
0.33091667	5.26174673e+00	
0.33250000	5.16647706e+00	
0.33408333	5.01212417e+00	
0.33566667	5.00776928e+00	
0.33725000	5.01298482e+00	
0.33883333	4.93063418e+00	
0.34041667	5.08475922e+00	
0.34200000	4.85927131e+00	
0.34358333	4.03078058e+00	
0.34516667	3.94180083e+00	
0.34675000	3.77552250e+00	
0.34833333	3.70227039e+00	
0.34991667	3.58069381e+00	
0.35150000	3.31435567e+00	
0.35308333	3.26724206e+00	
0.35466667	3.27314136e+00	
0.35625000	3.25571922e+00	
0.35783333	3.20750091e+00	
0.35941667	3.06267852e+00	
0.36100000	3.11810165e+00	
0.36258333	3.08735623e+00	
0.36416667	2.95306966e+00	
0.36575000	2.89650284e+00	
0.36733333	2.80573580e+00	
0.36891667	2.55816973e+00	
0.37050000	2.53602955e+00	
0.37208333	2.39207861e+00	
0.37366667	2.42752891e+00	
0.37525000	2.39272761e+00	
0.37683333	2.45384945e+00	
0.37841667	2.29631285e+00	
0.38000000	2.15729110e+00	
0.38158333	1.95318760e+00	
0.38316667	1.81823816e+00	
0.38475000	1.90465923e+00	
0.38633333	1.66315289e+00	
0.38791667	1.63278693e+00	
0.38950000	1.57904538e+00	
0.39108333	1.61661758e+00	
0.39266667	1.60680334e+00	
0.39425000	1.46069468e+00	
0.39583333	1.26181082e+00	
0.39741667	1.23343921e+00	
0.39900000	1.17121749e+00	
0.40058333	1.05254593e+00	
0.40216667	7.75432310e-01	
0.40375000	2.61236884e-01	
0.40533333	4.61276640e-02	
0.40691667	-1.10595743e-05	
0.40850000	-2.24218668e-05	
0.41008333	5.60418974e-03	
0.41166667	1.61497240e-04	
0.41325000	4.95801089e-05	
0.41483333	4.23435269e-05	
0.41641667	5.52715340e-05	
0.41800000	9.88896637e-05	
0.41958333	2.20272216e-04	
0.42116667	4.09283668e-04	
0.42275000	2.86176203e-04	
0.42433333	1.27025742e-04	
0.42591667	7.41061235e-05	
0.42750000	5.54608852e-05	
0.42908333	4.84156974e-05	
0.43066667	4.57548953e-05	
0.43225000	4.49959743e-05	
0.43383333	4.48591382e-05	
0.43541667	4.39414389e-05	
0.43700000	4.25237636e-05	
0.43858333	3.99371428e-05	
0.44016667	3.68007583e-05	
0.44175000	3.42999711e-05	
0.44333333	3.17523209e-05	
0.44491667	2.93572896e-05	
0.44650000	2.65534795e-05	
0.44808333	2.39612889e-05	
0.44966667	2.26129724e-05	
0.45125000	2.14482635e-05	
0.45283333	2.02652145e-05	
0.45441667	1.83189094e-05	
0.45600000	1.65633104e-05	
0.45758333	1.52562296e-05	
0.45916667	1.35525660e-05	
0.46075000	1.18101710e-05	
0.46233333	1.01411465e-05	
0.46391667	8.81946390e-06	
0.46550000	7.88528284e-06	
0.46708333	6.61990875e-06	
0.46866667	5.90959886e-06	
0.47025000	5.22582476e-06	
0.47183333	4.63460802e-06	
0.47341667	4.16723435e-06	
0.47500000	3.63187989e-06	
0.47658333	3.29526156e-06	
0.47816667	3.00583587e-06	
0.47975000	2.36325654e-06	
0.48133333	2.04719919e-06	
0.48291667	1.65465573e-06	
0.48450000	1.67509721e-06	
0.48608333	1.54401482e-06	
0.48766667	1.27080824e-06	
0.48925000	1.44238336e-06	
0.49083333	1.39641863e-06	
0.49241667	1.50265226e-06	
0.49400000	1.40670438e-06	
0.49558333	1.34152272e-06	
0.49716667	1.50566250e-06	
0.49875000	1.38921726e-06	
0.50033333	8.82248075e-07	
0.50191667	7.72752410e-07	
0.50350000	8.07968582e-07	
0.50508333	7.18610021e-07	
0.50666667	6.16497111e-07	
0.50825000	6.60876750e-07	
0.50983333	9.56658782e-07	
0.51141667	9.79518560e-07	
0.51300000	1.00268154e-06	
0.51458333	8.90673037e-07	
0.51616667	9.18721896e-07	
0.51775000	7.56806422e-07	
0.51933333	4.19799373e-07	
0.52091667	3.75939885e-07	
0.52250000	2.31872146e-07	
0.52408333	2.94581422e-07	
0.52566667	2.63546566e-07	
0.52725000	2.92238669e-07	
0.52883333	4.41518155e-07	
0.53041667	4.77885011e-07	
0.53200000	5.42649005e-07	
0.53358333	6.14425354e-07	
0.53516667	8.35451591e-07	
0.53675000	7.39220457e-07	
0.53833333	7.90337703e-07	
0.53991667	6.82395996e-07	
0.54150000	3.33678596e-07	
0.54308333	3.90544808e-07	
0.54466667	3.71705255e-07	
0.54625000	3.76588282e-07	
0.54783333	2.75647393e-07	
0.54941667	3.54619812e-07	
0.55100000	7.10812119e-07	
0.55258333	5.57990949e-07	
0.55416667	5.98565162e-07	
0.55575000	5.51033365e-07	
0.55733333	5.41827000e-07	
0.55891667	5.01383497e-07	
0.56050000	1.82396222e-07	
0.56208333	2.37793362e-07	
0.56366667	2.73874577e-07	
0.56525000	2.08409193e-07	
0.56683333	3.06198191e-07	
0.56841667	2.70037565e-07	
0.57000000	5.24284213e-07	
0.57158333	6.17754535e-07	
0.57316667	4.94555279e-07	
0.57475000	6.11483990e-07	
0.57633333	7.40990809e-07	
0.57791667	8.17603758e-07	
0.57950000	5.95496896e-07	
0.58108333	2.56417558e-07	
0.58266667	4.07916844e-07	
0.58425000	2.83078534e-07	
0.58583333	3.12029593e-07	
0.58741667	2.33557626e-07	
0.58900000	2.66485661e-07	
0.59058333	7.32090105e-07	
0.59216667	5.11320863e-07	
0.59375000	6.19437635e-07	
0.59533333	5.43282337e-07	
0.59691667	5.91780402e-07	
0.59850000	6.43592918e-07	
0.60008333	-2.92978354e-08	
0.60166667	4.05059210e-08	
0.60325000	1.64142749e-07	
0.60483333	2.61040593e-07	
0.60641667	2.57756970e-07	
0.60800000	1.49295517e-07	
0.60958333	1.70167164e-07	
0.61116667	3.70891090e-07	
0.61275000	5.22471020e-07	
0.61433333	6.29676966e-07	
0.61591667	5.60107564e-07	
0.61750000	6.90561722e-07	
0.61908333	6.24795675e-07	
0.62066667	4.98530841e-07	
0.62225000	2.82749911e-07	
0.62383333	1.63122901e-07	
0.62541667	4.27057998e-07	
0.62700000	3.27889029e-07	
0.62858333	4.51639293e-07	
0.63016667	7.52872582e-07	
0.63175000	6.79285784e-07	
0.63333333	7.00111103e-07	
0.63491667	5.94936087e-07	
0.63650000	6.53659314e-07	
0.63808333	6.54006866e-07	
0.63966667	4.49227209e-07	
0.64125000	1.04934372e-07	
0.64283333	3.78533200e-08	
0.64441667	9.51941704e-08	
0.64600000	2.65378884e-07	
0.64758333	1.76293222e-07	
0.64916667	3.14129351e-07	
0.65075000	5.70691759e-07	
0.65233333	5.37334871e-07	
0.65391667	5.75014817e-07	
0.65550000	5.37550760e-07	
0.65708333	7.59657342e-07	
0.65866667	6.72891865e-07	
0.66025000	3.96206242e-07	
0.66183333	2.42761037e-07	
0.66341667	1.21769400e-07	
0.66500000	2.70331382e-07	
0.66658333	1.77944218e-07	
0.66816667	2.31009022e-07	
0.66975000	4.13457340e-07	
0.67133333	4.42570470e-07	
0.67291667	5.35693493e-07	
0.67450000	5.01123534e-07	
0.67608333	5.87114720e-07	
0.67766667	5.91220320e-07	
0.67925000	5.81922111e-07	
0.68083333	3.97380867e-07	
0.68241667	7.60432151e-08	
0.68400000	2.34776017e-07	
0.68558333	3.47422145e-07	
0.68716667	4.35822924e-07	
0.68875000	4.15175273e-07	
0.69033333	6.07336612e-07	
0.69191667	6.36981094e-07	
0.69350000	5.82100983e-07	
0.69508333	6.06516623e-07	
0.69666667	6.19393785e-07	
0.69825000	6.79415038e-07	
0.69983333	5.33186764e-07	
0.70141667	2.43236806e-07	
0.70300000	2.95220803e-07	
0.70458333	4.12884994e-07	
0.70616667	3.20214220e-07	
0.70775000	3.50228459e-07	
0.70933333	2.86657599e-07	
0.71091667	4.34957573e-07	
0.71250000	4.69191069e-07	
0.71408333	3.94261051e-07	
0.71566667	4.62448478e-07	
0.71725000	4.16818471e-07	
0.71883333	4.18805244e-07	
0.72041667	2.47126573e-07	
0.72200000	4.63230841e-08	
0.72358333	2.64014939e-08	
0.72516667	-3.73606624e-08	
0.72675000	6.84033033e-08	
0.72833333	1.72586458e-07	
0.72991667	3.03906681e-07	
0.73150000	7.74043884e-07	
0.73308333	6.07163844e-07	
0.73466667	7.49545193e-07	
0.73625000	7.82387922e-07	
0.73783333	6.84513283e-07	
0.73941667	6.40102058e-07	
0.74100000	3.25036933e-07	
0.74258333	2.83380864e-07	
0.74416667	2.70374280e-07	
0.74575000	1.34258170e-07	
0.74733333	3.30093008e-07	
0.74891667	2.59295443e-07	
0.75050000	4.87425711e-07	
0.75208333	5.14216753e-07	
0.75366667	4.73511887e-07	
0.75525000	5.56735933e-07	
0.75683333	6.17664875e-07	
0.75841667	6.82872633e-07	
0.76000000	3.44654081e-07	
0.76158333	-1.09057067e-07	
0.76316667	-2.94014523e-08	
0.76475000	7.58705174e-08	
0.76633333	1.59665614e-07	
0.76791667	1.26868247e-07	
0.76950000	3.00855720e-07	
0.77108333	6.09931600e-07	
0.77266667	6.73063345e-07	
0.77425000	6.71981712e-07	
0.77583333	5.22124364e-07	
0.77741667	6.12694428e-07	
0.77900000	6.40093993e-07	
0.78058333	2.22012050e-07	
0.78216667	1.71981211e-07	
0.78375000	1.38492814e-07	
0.78533333	2.99671630e-07	
0.78691667	4.29720498e-07	
0.78850000	2.37360071e-07	
0.79008333	4.37559926e-07	
0.79166667	6.22376535e-07	
0.79325000	7.11433859e-07	
0.79483333	5.80244444e-07	
0.79641667	6.36245725e-07	
0.79800000	6.77426949e-07	
0.79958333	3.99531307e-07	
0.80116667	1.61939120e-07	
0.80275000	1.55345020e-07	
0.80433333	4.16550891e-08	
0.80591667	5.68579408e-08	
0.80750000	8.38252996e-10	
0.80908333	2.21838876e-07	
0.81066667	5.20483602e-07	
0.81225000	5.23033621e-07	
0.81383333	6.29591730e-07	
0.81541667	5.11753483e-07	
0.81700000	6.19738760e-07	
0.81858333	6.11789147e-07	
0.82016667	3.11555560e-07	
0.82175000	1.37645258e-07	
0.82333333	1.61394216e-07	
0.82491667	2.01408543e-07	
0.82650000	1.55189501e-07	
0.82808333	1.29685859e-07	
0.82966667	3.08788308e-07	
0.83125000	5.32018944e-07	
0.83283333	5.61534564e-07	
0.83441667	4.93561346e-07	
0.83600000	6.02014413e-07	
0.83758333	6.35131051e-07	
0.83916667	5.20181245e-07	
0.84075000	5.48272021e-08	
0.84233333	4.15700458e-08	
0.84391667	7.71754039e-08	
0.84550000	6.46612714e-08	
0.84708333	5.10325909e-08	
0.84866667	2.88384632e-07	
0.85025000	4.71577616e-07	
0.85183333	5.96448211e-07	
0.85341667	6.35727702e-07	
0.85500000	6.27559903e-07	
0.85658333	9.30994454e-07	
0.85816667	6.99481186e-07	
0.85975000	6.60566104e-07	
0.86133333	3.10388215e-07	
0.86291667	3.95385686e-08	
0.86450000	1.92031833e-07	
0.86608333	1.29205401e-08	
0.86766667	1.46444597e-07	
0.86925000	1.22081110e-07	
0.87083333	2.96517065e-07	
0.87241667	4.82111913e-07	
0.87400000	4.08217633e-07	
0.87558333	6.07250088e-07	
0.87716667	5.41353667e-07	
0.87875000	5.72206291e-07	
0.88033333	4.82879875e-07	
0.88191667	4.90883971e-08	
0.88350000	9.92735685e-08	
0.88508333	1.27957790e-07	
0.88666667	2.45786797e-07	
0.88825000	3.40074503e-07	
0.88983333	2.78791570e-07	
0.89141667	4.79637442e-07	
0.89300000	4.86819876e-07	
0.89458333	4.73943274e-07	
0.89616667	6.55820283e-07	
0.89775000	6.04236089e-07	
0.89933333	6.47479157e-07	
0.90091667	2.58732730e-07	
0.90250000	3.77452961e-07	
0.90408333	2.20724034e-07	
0.90566667	1.07597112e-08	
0.90725000	7.07021085e-08	
0.90883333	1.90865244e-07	
0.91041667	5.19012977e-07	
0.91200000	4.71004206e-07	
0.91358333	4.42010025e-07	
0.91516667	5.46149778e-07	
0.91675000	5.98350112e-07	
0.91833333	6.91298827e-07	
0.91991667	4.77936477e-07	
0.92150000	4.32013841e-09	
0.92308333	2.95048035e-07	
0.92466667	1.80494265e-07	
0.92625000	3.06801198e-07	
0.92783333	1.86976360e-07	
0.92941667	2.86622569e-07	
0.93100000	4.32874895e-07	
0.93258333	7.74738483e-07	
0.93416667	5.54965862e-07	
0.93575000	4.26152298e-07	
0.93733333	5.91309084e-07	
0.93891667	6.34606195e-07	
0.94050000	3.26704799e-07	
0.94208333	2.71454736e-07	
0.94366667	1.81531333e-07	
0.94525000	2.20680884e-07	
0.94683333	1.84935894e-07	
0.94841667	1.41820582e-07	
0.95000000	3.65568779e-07	
0.95158333	4.61109654e-07	
0.95316667	4.34534978e-07	
0.95475000	4.87814649e-07	
0.95633333	3.93139068e-07	
0.95791667	3.82638009e-07	
0.95950000	3.10949613e-07	
0.96108333	6.90340176e-08	
0.96266667	1.17932710e-07	
0.96425000	8.46900714e-09	
0.96583333	2.03266343e-07	
0.96741667	2.07562379e-07	
0.96900000	2.31656509e-07	
0.97058333	3.11554440e-07	
0.97216667	2.50332577e-07	
0.97375000	5.88714096e-07	
0.97533333	5.36858233e-07	
0.97691667	7.01757352e-07	
0.97850000	7.15237717e-07	
0.98008333	4.30431926e-07	
0.98166667	7.86439718e-08	
0.98325000	-5.34268173e-08	
0.98483333	7.84201438e-08	
0.98641667	1.29409753e-07	
0.98800000	8.37958460e-08	
0.98958333	2.19988861e-07	
0.99116667	3.62423706e-07	
0.99275000	5.08253494e-07	
0.99433333	5.55656541e-07	
0.99591667	5.70520952e-07	
0.99750000	6.53229215e-07	
0.99908333	7.46824983e-07	
1.00066667	4.71524582e-07	
1.00225000	1.55517550e-07	
1.00383333	9.61015301e-08	
1.00541667	2.19384426e-07	
1.00700000	1.77512621e-07	
1.00858333	1.77296087e-07	
1.01016667	9.75628667e-08	
1.01175000	3.25095819e-07	
1.01333333	6.02152963e-07	
1.01491667	6.20300689e-07	
1.01650000	6.78117628e-07	
1.01808333	7.13769051e-07	
1.01966667	7.56545395e-07	
1.02125000	3.01883198e-07	
1.02283333	1.68343116e-08	
1.02441667	1.19116393e-07	
1.02600000	1.39460874e-07	
1.02758333	2.45614561e-07	
1.02916667	2.06378430e-07	
1.03075000	2.04217153e-07	
1.03233333	5.15685811e-07	
1.03391667	5.66416136e-07	
1.03550000	5.40661532e-07	
1.03708333	4.38510624e-07	
1.03866667	5.33186484e-07	
@ 
0.00000000	5.75956724e-07	
0.00158333	-8.02691087e-08	
0.00316667	6.08848679e-08	
0.00475000	1.65724274e-07	
0.00633333	1.94667815e-07	
0.00791667	2.88834024e-07	
0.00950000	1.91340286e-07	
0.01108333	3.53737352e-07	
0.01266667	4.86535383e-07	
0.01425000	4.80511585e-07	
0.01583333	6.66537708e-07	
0.01741667	5.53756375e-07	
0.01900000	4.96370993e-07	
0.02058333	1.35900808e-07	
0.02216667	-4.81979607e-08	
0.02375000	1.63944304e-07	
0.02533333	1.82611832e-07	
0.02691667	1.79007132e-07	
0.02850000	1.06983189e-07	
0.03008333	2.88133965e-07	
0.03166667	6.25746150e-07	
0.03325000	5.51161947e-07	
0.03483333	6.18400636e-07	
0.03641667	5.33316018e-07	
0.03800000	6.67660894e-07	
0.03958333	5.36126224e-07	
0.04116667	4.06576395e-07	
0.04275000	1.29763801e-07	
0.04433333	1.20431178e-07	
0.04591667	1.58110705e-07	
0.04750000	2.47965266e-07	
0.04908333	8.75029743e-08	
0.05066667	4.19842411e-07	
0.05225000	4.97926854e-07	
0.05383333	5.44724514e-07	
0.05541667	6.18357234e-07	
0.05700000	6.02757958e-07	
0.05858333	6.67533545e-07	
0.06016667	4.00053279e-07	
0.06175000	1.34708304e-07	
0.06333333	1.65854452e-07	
0.06491667	1.23498295e-07	
0.06650000	3.47765805e-07	
0.06808333	4.38417982e-08	
0.06966667	2.20335601e-07	
0.07125000	3.04631857e-07	
0.07283333	5.00215733e-07	
0.07441667	6.61222790e-07	
0.07600000	5.97743941e-07	
0.07758333	6.05781870e-07	
0.07916667	5.48655499e-07	
0.08075000	1.39338438e-07	
0.08233333	2.70935537e-07	
0.08391667	-2.13465198e-08	
0.08550000	1.55950086e-07	
0.08708333	2.41500532e-07	
0.08866667	2.20085297e-07	
0.09025000	4.12107092e-07	
0.09183333	6.52799060e-07	
0.09341667	6.19955602e-07	
0.09500000	5.59890499e-07	
0.09658333	6.42252946e-07	
0.09816667	6.81790048e-07	
0.09975000	5.28089920e-07	
0.10133333	2.44283493e-07	
0.10291667	1.75865251e-08	
0.10450000	1.71118233e-08	
0.10608333	-3.59952161e-08	
0.10766667	-5.34948044e-08	
0.10925000	6.98262082e-09	
0.11083333	2.22296277e-07	
0.11241667	2.85930182e-07	
0.11400000	5.13267063e-07	
0.11558333	4.42138859e-07	
0.11716667	5.87876298e-07	
0.11875000	5.84651562e-07	
0.12033333	4.65215451e-07	
0.12191667	-9.40632907e-08	
0.12350000	-2.00501194e-08	
0.12508333	1.47955139e-07	
0.12666667	1.98471016e-07	
0.12825000	2.34724424e-07	
0.12983333	3.37396043e-07	
0.13141667	2.54791917e-07	
0.13300000	7.11089331e-07	
0.13458333	5.42433171e-07	
0.13616667	5.27137597e-07	
0.13775000	5.50998252e-07	
0.13933333	5.04149406e-07	
0.14091667	3.69328144e-07	
0.14250000	3.66788178e-08	
0.14408333	1.61049156e-07	
0.14566667	2.39651581e-07	
0.14725000	1.78074088e-07	
0.14883333	2.01321753e-07	
0.15041667	3.53183628e-07	
0.15200000	5.86207872e-07	
0.15358333	4.30690405e-07	
0.15516667	4.17293708e-07	
0.15675000	5.97226422e-07	
0.15833333	4.30172410e-07	
0.15991667	4.59468613e-07	
0.16150000	4.66247136e-08	
0.16308333	-5.07305413e-08	
0.16466667	8.61977798e-08	
0.16625000	2.03569470e-07	
0.16783333	2.79103392e-07	
0.16941667	1.68238633e-07	
0.17100000	5.61361405e-07	
0.17258333	8.08487949e-07	
0.17416667	5.15514836e-07	
0.17575000	5.63002950e-07	
0.17733333	6.26999206e-07	
0.17891667	6.06844798e-07	
0.18050000	3.63495818e-07	
0.18208333	5.98063348e-09	
0.18366667	-5.12486136e-08	
0.18525000	-8.31219047e-08	
0.18683333	1.11960140e-07	
0.18841667	7.42112259e-08	
0.19000000	2.32952841e-07	
0.19158333	3.87087129e-07	
0.19316667	4.03551616e-07	
0.19475000	5.66415127e-07	
0.19633333	5.73459012e-07	
0.19791667	6.41000002e-07	
0.19950000	6.75394785e-07	
0.20108333	4.05541105e-07	
0.20266667	1.44740427e-07	
0.20425000	1.69130179e-07	
0.20583333	1.33005226e-07	
0.20741667	1.80520222e-07	
0.20900000	4.69619747e-08	
0.21058333	2.07631193e-07	
0.21216667	4.39280211e-07	
0.21375000	5.70477998e-07	
0.21533333	5.70737905e-07	
0.21691667	4.98531905e-07	
0.21850000	6.87806902e-07	
0.22008333	5.22082922e-07	
0.22166667	1.16584274e-07	
0.22325000	2.12341088e-07	
0.22483333	-3.21930340e-08	
0.22641667	5.53012739e-08	
0.22800000	6.48517849e-08	
0.22958333	-1.99760154e-09	
0.23116667	4.57437206e-07	
0.23275000	5.18019660e-07	
0.23433333	6.73754136e-07	
0.23591667	5.87460368e-07	
0.23750000	5.19747953e-07	
0.23908333	5.52286478e-07	
0.24066667	4.81636059e-07	
0.24225000	2.71540028e-07	
0.24383333	3.04856427e-07	
0.24541667	3.07700123e-07	
0.24700000	2.85195345e-07	
0.24858333	1.85204608e-07	
0.25016667	2.04735779e-07	
0.25175000	3.59260180e-07	
0.25333333	3.50963548e-07	
0.25491667	3.93656812e-07	
0.25650000	3.64834446e-07	
0.25808333	5.38147355e-07	
0.25966667	5.29385202e-07	
0.26125000	3.19160645e-07	
0.26283333	-5.43688356e-08	
0.26441667	-1.15461606e-07	
0.26600000	8.24827481e-08	
0.26758333	-4.43782463e-08	
0.26916667	-7.08612702e-09	
0.27075000	1.41603810e-07	
0.27233333	3.17768787e-07	
0.27391667	5.84695020e-07	
0.27550000	4.79994010e-07	
0.27708333	5.39840871e-07	
0.27866667	5.89362493e-07	
0.28025000	5.99127315e-07	
0.28183333	5.30552294e-07	
0.28341667	8.08913387e-08	
0.28500000	2.14933920e-07	
0.28658333	3.71878778e-07	
0.28816667	2.79621499e-07	
0.28975000	3.19160477e-07	
0.29133333	3.21890459e-07	
0.29291667	3.54895680e-07	
0.29450000	3.77884656e-07	
0.29608333	2.92282351e-07	
0.29766667	4.88203138e-07	
0.29925000	4.67271667e-07	
0.30083333	4.22859658e-07	
0.30241667	1.38665792e-07	
0.30400000	-7.96130813e-08	
0.30558333	-7.22673927e-08	
0.30716667	1.21602203e-08	
0.30875000	5.30198015e-08	
0.31033333	1.78264903e-07	
0.31191667	4.12756245e-07	
0.31350000	6.55737679e-07	
0.31508333	3.93656168e-07	
0.31666667	3.78534033e-07	
0.31825000	3.37827823e-07	
0.31983333	4.52797509e-07	
0.32141667	4.40367024e-07	
0.32300000	1.47869805e-07	
0.32458333	3.00319300e-07	
0.32616667	3.67298445e-07	
0.32775000	3.46909358e-07	
0.32933333	1.30446933e-07	
0.33091667	2.24226375e-07	
0.33250000	7.83079273e-07	
0.33408333	6.10405717e-07	
0.33566667	6.11485782e-07	
0.33725000	5.17026567e-07	
0.33883333	5.91782418e-07	
0.34041667	5.21995838e-07	
0.34200000	4.98489120e-07	
0.34358333	-1.89837892e-07	
0.34516667	-3.38693887e-08	
0.34675000	1.18787784e-07	
0.34833333	3.62346283e-07	
0.34991667	1.77987536e-07	
0.35150000	2.27447150e-07	
0.35308333	4.50047786e-07	
0.35466667	4.57263850e-07	
0.35625000	5.21070285e-07	
0.35783333	5.20870972e-07	
0.35941667	6.00768133e-07	
0.36100000	4.73873383e-07	
0.36258333	2.50886161e-07	
0.36416667	2.71091980e-07	
0.36575000	1.05695279e-07	
0.36733333	1.66624067e-07	
0.36891667	1.92393483e-07	
0.37050000	2.92973870e-07	
0.37208333	4.48810606e-07	
0.37366667	5.32798219e-07	
0.37525000	5.46287712e-07	
0.37683333	5.58596897e-07	
0.37841667	7.07328538e-07	
0.38000000	8.16207336e-07	
0.38158333	5.20914654e-07	
0.38316667	3.24518377e-07	
0.38475000	1.67314326e-07	
0.38633333	2.86534673e-07	
0.38791667	3.44006244e-07	
0.38950000	2.40730946e-07	
0.39108333	4.85454871e-07	
0.39266667	4.88029978e-07	
0.39425000	7.53737821e-07	
0.39583333	8.21276795e-07	
0.39741667	7.23058356e-07	
0.39900000	9.59561840e-07	
0.40058333	1.00652700e-06	
0.40216667	7.71024228e-07	
0.40375000	7.93753184e-07	
0.40533333	8.42886709e-07	
0.40691667	1.16208798e-06	
0.40850000	1.29435987e-06	
0.41008333	1.88448635e-06	
0.41166667	2.88739033e-06	
0.41325000	4.00695919e-06	
0.41483333	5.29612628e-06	
0.41641667	6.80006839e-06	
0.41800000	8.92147807e-06	
0.41958333	1.12200219e-05	
0.42116667	1.38373724e-05	
0.42275000	1.72781354e-05	
0.42433333	2.31473798e-05	
0.42591667	3.18306240e-05	
0.42750000	4.33733244e-05	
0.42908333	5.74993516e-05	
0.43066667	7.72574611e-05	
0.43225000	1.02490857e-04	
0.43383333	1.26891537e-04	
0.43541667	1.50249642e-04	
0.43700000	1.66607909e-04	
0.43858333	1.84600196e-04	
0.44016667	2.31687209e-04	
0.44175000	3.42650219e-04	
0.44333333	4.37511028e-04	
0.44491667	5.19784408e-04	
0.44650000	9.14399138e-04	
0.44808333	5.88364486e-04	
0.44966667	4.03629124e-04	
0.45125000	8.60543308e-04	
0.45283333	3.46611520e-03	
0.45441667	5.73516885e-03	
0.45600000	9.21146444e-03	
0.45758333	1.07371439e-02	
0.45916667	1.71952112e-02	
0.46075000	1.84551641e-02	
0.46233333	2.34468832e-02	
0.46391667	1.94059225e-02	
0.46550000	1.95943570e-02	
0.46708333	2.58062956e-02	
0.46866667	2.51932176e-02	
0.47025000	2.70522449e-02	
0.47183333	3.32447792e-02	
0.47341667	4.74959660e-02	
0.47500000	6.27920937e-02	
0.47658333	8.13284366e-02	
0.47816667	1.26877838e-01	
0.47975000	1.67157954e-01	
0.48133333	2.22910391e-01	
0.48291667	2.94594569e-01	
0.48450000	6.26229365e-01	
0.48608333	7.77994449e-01	
0.48766667	1.62502282e+00	
0.48925000	4.91686719e+00	
0.49083333	5.18742516e+00	
0.49241667	5.89354631e+00	
0.49400000	6.55729772e+00	
0.49558333	9.19878208e+00	
0.49716667	9.64653426e+00	
0.49875000	1.02301092e+01	
0.50033333	1.07747222e+01	
0.50191667	1.42167715e+01	
0.50350000	1.56373064e+01	
0.50508333	1.59989135e+01	
0.50666667	1.60505709e+01	
0.50825000	1.64614169e+01	
0.50983333	1.67848062e+01	
0.51141667	1.75381636e+01	
0.51300000	2.09507772e+01	
0.51458333	2.17782494e+01	
0.51616667	2.20432410e+01	
0.51775000	2.20750847e+01	
0.51933333	2.20214242e+01	
0.52091667	2.21091872e+01	
0.52250000	2.23316822e+01	
