start voltage : 0.00 V 
set voltage : 0.10 V 
High G : 30.00 G0 
Intermediate G : 20.00 G0 
Low G : 10.00 G0 
Breaking speed 1 : 300.00 V/s 
Breaking speed 2 : 300.00 V/s 
Making speed : 500.00 V/s 
Post breaking : 230.00 V/s 
@ 
0.00000000	4.22764676e+01	
0.00158333	4.30965324e+01	
0.00316667	4.26984118e+01	
0.00475000	4.27788800e+01	
0.00633333	4.29641963e+01	
0.00791667	4.27676015e+01	
0.00950000	4.29601750e+01	
0.01108333	4.28356937e+01	
0.01266667	4.27823940e+01	
0.01425000	4.30540602e+01	
0.01583333	4.27100700e+01	
0.01741667	4.28748285e+01	
0.01900000	4.28255915e+01	
0.02058333	4.28867460e+01	
0.02216667	4.30170338e+01	
0.02375000	4.27665604e+01	
0.02533333	4.27510651e+01	
0.02691667	4.26914327e+01	
0.02850000	4.27330856e+01	
0.03008333	4.27813492e+01	
0.03166667	4.26556352e+01	
0.03325000	4.27908576e+01	
0.03483333	4.25419365e+01	
0.03641667	4.27633922e+01	
0.03800000	4.28621519e+01	
0.03958333	4.26647566e+01	
0.04116667	4.28849608e+01	
0.04275000	4.25733556e+01	
0.04433333	4.26545942e+01	
0.04591667	4.28758545e+01	
0.04750000	4.26989305e+01	
0.04908333	4.29055674e+01	
0.05066667	4.26500542e+01	
0.05225000	4.27787598e+01	
0.05383333	4.26885727e+01	
0.05541667	4.27635200e+01	
0.05700000	4.28121369e+01	
0.05858333	4.25736299e+01	
0.06016667	4.27287786e+01	
0.06175000	4.27230548e+01	
0.06333333	4.27339237e+01	
0.06491667	4.26968108e+01	
0.06650000	4.26715816e+01	
0.06808333	4.27559133e+01	
0.06966667	4.26021251e+01	
0.07125000	4.24782038e+01	
0.07283333	4.25376220e+01	
0.07441667	4.28831118e+01	
0.07600000	4.27233028e+01	
0.07758333	4.26258660e+01	
0.07916667	4.26310374e+01	
0.08075000	4.27691461e+01	
0.08233333	4.25085706e+01	
0.08391667	4.28795076e+01	
0.08550000	4.25528392e+01	
0.08708333	4.26100513e+01	
0.08866667	4.22010167e+01	
0.09025000	4.20404636e+01	
0.09183333	4.20520917e+01	
0.09341667	4.20055118e+01	
0.09500000	4.19391784e+01	
0.09658333	4.20257425e+01	
0.09816667	4.18516108e+01	
0.09975000	4.19049819e+01	
0.10133333	4.16210525e+01	
0.10291667	4.18264981e+01	
0.10450000	4.17832104e+01	
0.10608333	4.17319138e+01	
0.10766667	4.17862771e+01	
0.10925000	4.16469733e+01	
0.11083333	4.17324663e+01	
0.11241667	4.16684743e+01	
0.11400000	4.17117019e+01	
0.11558333	4.18422640e+01	
0.11716667	4.16871755e+01	
0.11875000	4.16190719e+01	
0.12033333	4.17029714e+01	
0.12191667	4.14211467e+01	
0.12350000	4.16876340e+01	
0.12508333	4.15630437e+01	
0.12666667	4.16565155e+01	
0.12825000	4.15420876e+01	
0.12983333	4.16013667e+01	
0.13141667	4.17335261e+01	
0.13300000	4.14260888e+01	
0.13458333	4.14688015e+01	
0.13616667	4.16507954e+01	
0.13775000	4.15821770e+01	
0.13933333	4.15454362e+01	
0.14091667	4.15044373e+01	
0.14250000	4.14532047e+01	
0.14408333	4.13126493e+01	
0.14566667	4.10530171e+01	
0.14725000	4.10302044e+01	
0.14883333	4.08188697e+01	
0.15041667	4.08407165e+01	
0.15200000	4.07418628e+01	
0.15358333	4.09691213e+01	
0.15516667	4.09025700e+01	
0.15675000	4.07338276e+01	
0.15833333	4.07477219e+01	
0.15991667	4.04907468e+01	
0.16150000	4.02740189e+01	
0.16308333	4.01159238e+01	
0.16466667	3.99470612e+01	
0.16625000	4.01777547e+01	
0.16783333	4.02162845e+01	
0.16941667	4.00544761e+01	
0.17100000	4.02222338e+01	
0.17258333	3.99249513e+01	
0.17416667	4.01473617e+01	
0.17575000	4.01631990e+01	
0.17733333	3.99730383e+01	
0.17891667	4.00797242e+01	
0.18050000	3.98327611e+01	
0.18208333	3.97014172e+01	
0.18366667	3.94553298e+01	
0.18525000	3.93674465e+01	
0.18683333	3.95423298e+01	
0.18841667	3.93370797e+01	
0.19000000	3.93198218e+01	
0.19158333	3.89254370e+01	
0.19316667	3.90948671e+01	
0.19475000	3.92628014e+01	
0.19633333	3.90651768e+01	
0.19791667	3.91651880e+01	
0.19950000	3.91432735e+01	
0.20108333	3.91774549e+01	
0.20266667	3.90823558e+01	
0.20425000	3.88769253e+01	
0.20583333	3.86617045e+01	
0.20741667	3.86477500e+01	
0.20900000	3.86769818e+01	
0.21058333	3.87972914e+01	
0.21216667	3.85273315e+01	
0.21375000	3.87123584e+01	
0.21533333	3.84895346e+01	
0.21691667	3.84640460e+01	
0.21850000	3.85206192e+01	
0.22008333	3.83235734e+01	
0.22166667	3.83141476e+01	
0.22325000	3.80200559e+01	
0.22483333	3.82117800e+01	
0.22641667	3.81726527e+01	
0.22800000	3.80718936e+01	
0.22958333	3.82251369e+01	
0.23116667	3.79934135e+01	
0.23275000	3.80778693e+01	
0.23433333	3.81353106e+01	
0.23591667	3.79691464e+01	
0.23750000	3.80044741e+01	
0.23908333	3.77550456e+01	
0.24066667	3.76632687e+01	
0.24225000	3.75027006e+01	
0.24383333	3.69881566e+01	
0.24541667	3.72415801e+01	
0.24700000	3.70027048e+01	
0.24858333	3.70975897e+01	
0.25016667	3.67837784e+01	
0.25175000	3.68717856e+01	
0.25333333	3.67678245e+01	
0.25491667	3.65027541e+01	
0.25650000	3.64675354e+01	
0.25808333	3.63910585e+01	
0.25966667	3.64576775e+01	
0.26125000	3.63230414e+01	
0.26283333	3.60808475e+01	
0.26441667	3.62560315e+01	
0.26600000	3.61079183e+01	
0.26758333	3.58990715e+01	
0.26916667	3.58648938e+01	
0.27075000	3.57706290e+01	
0.27233333	3.59516233e+01	
0.27391667	3.57179833e+01	
0.27550000	3.58839445e+01	
0.27708333	3.58157508e+01	
0.27866667	3.57963919e+01	
0.28025000	3.58073811e+01	
0.28183333	3.56003345e+01	
0.28341667	3.58150404e+01	
0.28500000	3.56129661e+01	
0.28658333	3.57099631e+01	
0.28816667	3.55691560e+01	
0.28975000	3.49951035e+01	
0.29133333	3.50471142e+01	
0.29291667	3.48783117e+01	
0.29450000	3.48597459e+01	
0.29608333	3.48785785e+01	
0.29766667	3.47811793e+01	
0.29925000	3.48184726e+01	
0.30083333	3.47456750e+01	
0.30241667	3.46988771e+01	
0.30400000	3.44204159e+01	
0.30558333	3.47372527e+01	
0.30716667	3.42659249e+01	
0.30875000	3.35148958e+01	
0.31033333	3.31001450e+01	
0.31191667	3.33107243e+01	
0.31350000	3.32907642e+01	
0.31508333	3.29704472e+01	
0.31666667	3.30969467e+01	
0.31825000	3.29771670e+01	
0.31983333	3.29227135e+01	
0.32141667	3.29961500e+01	
0.32300000	3.28861719e+01	
0.32458333	3.28985178e+01	
0.32616667	3.28199513e+01	
0.32775000	3.29925872e+01	
0.32933333	3.27689666e+01	
0.33091667	3.29925872e+01	
0.33250000	3.27262352e+01	
0.33408333	3.24431739e+01	
0.33566667	3.22519346e+01	
0.33725000	3.17096658e+01	
0.33883333	3.17187871e+01	
0.34041667	3.16556821e+01	
0.34200000	3.15677049e+01	
0.34358333	3.14738798e+01	
0.34516667	3.12176112e+01	
0.34675000	3.13278242e+01	
0.34833333	3.12858707e+01	
0.34991667	3.11294329e+01	
0.35150000	3.13171150e+01	
0.35308333	3.11383889e+01	
0.35466667	3.10931187e+01	
0.35625000	3.10654767e+01	
0.35783333	3.10515730e+01	
0.35941667	3.10301659e+01	
0.36100000	3.02548527e+01	
0.36258333	3.01374144e+01	
0.36416667	3.00923341e+01	
0.36575000	3.01989372e+01	
0.36733333	3.01479977e+01	
0.36891667	3.00028291e+01	
0.37050000	3.01073991e+01	
0.37208333	3.01501305e+01	
0.37366667	2.99545692e+01	
0.37525000	2.99415036e+01	
0.37683333	2.97994976e+01	
0.37841667	2.97726617e+01	
0.38000000	2.96837637e+01	
0.38158333	2.96392414e+01	
0.38316667	2.93193191e+01	
0.38475000	2.87276084e+01	
0.38633333	2.90829674e+01	
0.38791667	2.90864363e+01	
0.38950000	2.92348577e+01	
0.39108333	2.92972637e+01	
0.39266667	2.89677898e+01	
0.39425000	2.90068344e+01	
0.39583333	2.88173633e+01	
0.39741667	2.87713246e+01	
0.39900000	2.90464258e+01	
0.40058333	2.90759226e+01	
0.40216667	2.91343392e+01	
0.40375000	2.89948925e+01	
0.40533333	2.86069569e+01	
0.40691667	2.86768888e+01	
0.40850000	2.83331052e+01	
0.41008333	2.79433638e+01	
0.41166667	2.75415564e+01	
0.41325000	2.76817716e+01	
0.41483333	2.76624447e+01	
0.41641667	2.76892769e+01	
0.41800000	2.75614601e+01	
0.41958333	2.76212992e+01	
0.42116667	2.77362326e+01	
0.42275000	2.76214063e+01	
0.42433333	2.74461622e+01	
0.42591667	2.74619789e+01	
0.42750000	2.74733288e+01	
0.42908333	2.75552628e+01	
0.43066667	2.75433641e+01	
0.43225000	2.73848010e+01	
0.43383333	2.69928873e+01	
0.43541667	2.65263400e+01	
0.43700000	2.65156665e+01	
0.43858333	2.64649863e+01	
0.44016667	2.59418377e+01	
0.44175000	2.59392689e+01	
0.44333333	2.58957764e+01	
0.44491667	2.56113923e+01	
0.44650000	2.55256324e+01	
0.44808333	2.56619898e+01	
0.44966667	2.54141623e+01	
0.45125000	2.50046204e+01	
0.45283333	2.49875071e+01	
0.45441667	2.47146101e+01	
0.45600000	2.48898260e+01	
0.45758333	2.50509222e+01	
0.45916667	2.49389259e+01	
0.46075000	2.44591815e+01	
0.46233333	2.42662002e+01	
0.46391667	2.38976554e+01	
0.46550000	2.40075715e+01	
0.46708333	2.33116855e+01	
0.46866667	2.29922536e+01	
0.47025000	2.28016626e+01	
0.47183333	2.30286430e+01	
0.47341667	2.31151094e+01	
0.47500000	2.31638278e+01	
0.47658333	2.32293494e+01	
0.47816667	2.31312042e+01	
0.47975000	2.26170529e+01	
0.48133333	2.22552691e+01	
0.48291667	2.21044161e+01	
0.48450000	2.20097567e+01	
0.48608333	2.18176304e+01	
0.48766667	2.20678632e+01	
0.48925000	2.19104558e+01	
0.49083333	2.20604688e+01	
0.49241667	2.21712700e+01	
0.49400000	2.21394920e+01	
0.49558333	2.19808763e+01	
0.49716667	2.13388744e+01	
0.49875000	2.09572959e+01	
0.50033333	2.08242947e+01	
0.50191667	2.07263937e+01	
0.50350000	2.08607686e+01	
0.50508333	2.07912445e+01	
0.50666667	2.08623697e+01	
0.50825000	2.07748829e+01	
0.50983333	2.03663952e+01	
0.51141667	2.03925189e+01	
0.51300000	2.01731245e+01	
0.51458333	2.00476830e+01	
0.51616667	2.00566352e+01	
0.51775000	1.93627937e+01	
0.51933333	1.78781268e+01	
0.52091667	1.75880527e+01	
0.52250000	1.76305286e+01	
0.52408333	1.76209337e+01	
0.52566667	1.74672282e+01	
0.52725000	1.72461520e+01	
0.52883333	1.72535295e+01	
0.53041667	1.73892367e+01	
0.53200000	1.73158847e+01	
0.53358333	1.68124238e+01	
0.53516667	1.64159663e+01	
0.53675000	1.63610355e+01	
0.53833333	1.66411165e+01	
0.53991667	1.66937679e+01	
0.54150000	1.63798212e+01	
0.54308333	1.60401003e+01	
0.54466667	1.55567706e+01	
0.54625000	1.53110101e+01	
0.54783333	1.53174395e+01	
0.54941667	1.52139952e+01	
0.55100000	1.51758648e+01	
0.55258333	1.49262464e+01	
0.55416667	1.48600643e+01	
0.55575000	1.49155936e+01	
0.55733333	1.48835460e+01	
0.55891667	1.48446197e+01	
0.56050000	1.48861457e+01	
0.56208333	1.49957734e+01	
0.56366667	1.48589613e+01	
0.56525000	1.41652588e+01	
0.56683333	1.42067181e+01	
0.56841667	1.40278548e+01	
0.57000000	1.32273415e+01	
0.57158333	1.32698343e+01	
0.57316667	1.30547968e+01	
0.57475000	1.28524828e+01	
0.57633333	1.26911358e+01	
0.57791667	1.26231412e+01	
0.57950000	1.22866177e+01	
0.58108333	1.20338763e+01	
0.58266667	1.14395386e+01	
0.58425000	1.11880834e+01	
0.58583333	1.16385124e+01	
0.58741667	1.12067479e+01	
0.58900000	1.08537125e+01	
0.59058333	1.07961556e+01	
0.59216667	1.05688848e+01	
0.59375000	1.05755445e+01	
0.59533333	9.84818021e+00	
0.59691667	9.63724758e+00	
0.59850000	9.22393897e+00	
0.60008333	7.41986840e+00	
0.60166667	7.18704154e+00	
0.60325000	7.05012465e+00	
0.60483333	6.95269210e+00	
0.60641667	6.71162524e+00	
0.60800000	6.13015916e+00	
0.60958333	5.03818727e+00	
0.61116667	4.38215627e+00	
0.61275000	3.88685946e+00	
0.61433333	3.27206556e+00	
0.61591667	1.94607003e+00	
0.61750000	2.94658753e-01	
0.61908333	9.22228597e-03	
0.62066667	3.95229801e-04	
0.62225000	-2.72457852e-05	
0.62383333	-7.28201840e-05	
0.62541667	-9.10127320e-05	
0.62700000	-7.23931599e-05	
0.62858333	-4.60784984e-05	
0.63016667	-2.82224368e-05	
0.63175000	-1.61166594e-05	
0.63333333	-6.85571965e-06	
0.63491667	4.02001270e-07	
0.63650000	5.34145696e-06	
0.63808333	8.60302897e-06	
0.63966667	1.01525988e-05	
0.64125000	1.09203475e-05	
0.64283333	1.07272446e-05	
0.64441667	9.84007699e-06	
0.64600000	8.67199360e-06	
0.64758333	7.41824339e-06	
0.64916667	6.39936682e-06	
0.65075000	5.01866654e-06	
0.65233333	4.09847581e-06	
0.65391667	3.30770778e-06	
0.65550000	2.88233039e-06	
0.65708333	2.48305062e-06	
0.65866667	1.93621811e-06	
0.66025000	1.65666802e-06	
0.66183333	1.59662011e-06	
0.66341667	1.27310266e-06	
0.66500000	7.91823842e-07	
0.66658333	4.77529395e-07	
0.66816667	4.18848898e-07	
0.66975000	2.79361871e-07	
0.67133333	8.67163980e-08	
0.67291667	2.40300538e-07	
0.67450000	3.00379474e-07	
0.67608333	5.53928303e-07	
0.67766667	4.31595966e-07	
0.67925000	3.36919714e-07	
0.68083333	5.87849641e-07	
0.68241667	3.90897820e-07	
0.68400000	3.00950812e-07	
0.68558333	1.38103807e-07	
0.68716667	3.32302216e-08	
0.68875000	1.79024423e-07	
0.69033333	5.94163211e-08	
0.69191667	1.92895545e-07	
0.69350000	1.50436498e-07	
0.69508333	4.00328139e-07	
0.69666667	4.82931622e-07	
0.69825000	2.84287376e-07	
0.69983333	3.74125459e-07	
0.70141667	5.14259427e-07	
0.70300000	3.97978946e-07	
0.70458333	2.31958516e-07	
0.70616667	8.87493522e-09	
0.70775000	7.42405450e-09	
0.70933333	7.12966023e-09	
0.71091667	1.71549348e-07	
0.71250000	1.85394331e-07	
0.71408333	1.33696927e-07	
0.71566667	5.60756970e-07	
0.71725000	5.32106252e-07	
0.71883333	2.98418294e-07	
0.72041667	3.66140901e-07	
0.72200000	3.89293096e-07	
0.72358333	4.97968576e-07	
0.72516667	1.89637557e-07	
0.72675000	1.68610518e-07	
0.72833333	2.04606259e-07	
0.72991667	2.85621549e-08	
0.73150000	1.82655164e-07	
0.73308333	1.80659290e-07	
0.73466667	5.12012718e-07	
0.73625000	6.34822253e-07	
0.73783333	6.44499767e-07	
0.73941667	6.29073147e-07	
0.74100000	5.83484189e-07	
0.74258333	4.96682423e-07	
0.74416667	2.57531644e-07	
0.74575000	-9.61115686e-08	
0.74733333	2.65747989e-08	
0.74891667	4.11804783e-08	
0.75050000	2.76118920e-08	
0.75208333	8.74598384e-08	
0.75366667	2.09228860e-07	
0.75525000	4.24181037e-07	
0.75683333	4.01261813e-07	
0.75841667	4.12539683e-07	
0.76000000	3.39555304e-07	
0.76158333	5.17717022e-07	
0.76316667	4.96016329e-07	
0.76475000	1.77668182e-07	
0.76633333	8.12635034e-08	
0.76791667	1.30618511e-07	
0.76950000	6.81181525e-08	
0.77108333	4.80248989e-08	
0.77266667	-3.34973536e-08	
0.77425000	6.26047219e-07	
0.77583333	3.53772438e-07	
0.77741667	2.78886410e-07	
0.77900000	2.89041906e-07	
0.78058333	1.57030192e-07	
0.78216667	4.32504047e-07	
0.78375000	3.30818100e-07	
0.78533333	-1.44573287e-08	
0.78691667	-8.12358014e-09	
0.78850000	-2.92111610e-08	
0.79008333	1.09861719e-07	
0.79166667	1.14034627e-07	
0.79325000	1.28138986e-07	
0.79483333	3.89809383e-07	
0.79641667	4.87425263e-07	
0.79800000	5.64903172e-07	
0.79958333	4.90018571e-07	
0.80116667	5.34914106e-07	
0.80275000	6.34260436e-07	
0.80433333	1.28424893e-07	
0.80591667	3.65135789e-08	
0.80750000	6.12697023e-09	
0.80908333	-5.94418582e-08	
0.81066667	-6.39268264e-08	
0.81225000	-5.96756407e-08	
0.81383333	1.91771757e-07	
0.81541667	3.69182229e-07	
0.81700000	4.51992025e-07	
0.81858333	5.52415731e-07	
0.82016667	4.49960842e-07	
0.82175000	6.22892374e-07	
0.82333333	3.50144091e-07	
0.82491667	1.44378230e-07	
0.82650000	1.41344924e-07	
0.82808333	5.89491341e-08	
0.82966667	1.48171925e-07	
0.83125000	-1.10561295e-07	
0.83283333	1.26151075e-09	
0.83441667	3.18339284e-07	
0.83600000	4.08608055e-07	
0.83758333	3.29444834e-07	
0.83916667	3.54031842e-07	
0.84075000	4.01521805e-07	
0.84233333	4.13881783e-07	
0.84391667	3.73287634e-07	
0.84550000	3.78186405e-08	
0.84708333	-1.93587638e-07	
0.84866667	8.72807476e-09	
0.85025000	-4.57173994e-08	
0.85183333	-1.49018921e-07	
0.85341667	1.69803385e-07	
0.85500000	1.93588296e-07	
0.85658333	4.00787892e-07	
0.85816667	2.10871960e-07	
0.85975000	1.24284571e-07	
0.86133333	4.72342722e-07	
0.86291667	2.46261950e-07	
0.86450000	1.61835796e-07	
0.86608333	-1.81233880e-08	
0.86766667	-7.34176537e-10	
0.86925000	2.03353399e-07	
0.87083333	2.14759171e-08	
0.87241667	1.05816580e-07	
0.87400000	2.41267058e-07	
0.87558333	3.29789362e-07	
0.87716667	5.38242447e-07	
0.87875000	4.11243393e-07	
0.88033333	5.28302785e-07	
0.88191667	5.04354879e-07	
0.88350000	2.39866211e-07	
0.88508333	-9.54201966e-08	
0.88666667	-1.04278191e-07	
0.88825000	-1.59893289e-09	
0.88983333	6.35820820e-08	
0.89141667	-1.39763707e-07	
0.89300000	3.31264314e-08	
0.89458333	1.88662623e-07	
0.89616667	3.70374467e-07	
0.89775000	3.79915307e-07	
0.89933333	3.96984005e-07	
0.90091667	6.30981041e-07	
0.90250000	4.61881005e-07	
0.90408333	5.00665881e-07	
0.90566667	3.97286531e-07	
0.90725000	3.37178249e-07	
0.90883333	2.55033876e-07	
0.91041667	1.13386664e-07	
0.91200000	3.58478735e-08	
0.91358333	2.28805519e-07	
0.91516667	5.28131306e-07	
0.91675000	7.14545806e-07	
0.91833333	6.26437781e-07	
0.91991667	7.44275860e-07	
0.92150000	8.48898579e-07	
0.92308333	6.90149152e-07	
0.92466667	6.56825192e-07	
0.92625000	3.18036703e-07	
0.92783333	3.64100085e-07	
0.92941667	2.39001616e-07	
0.93100000	1.30412212e-07	
0.93258333	6.64253786e-08	
0.93416667	1.66874230e-07	
0.93575000	3.13067208e-07	
0.93733333	4.57827263e-07	
0.93891667	4.83234203e-07	
0.94050000	5.04665413e-07	
0.94208333	4.95991520e-07	
0.94366667	4.70789437e-07	
0.94525000	2.13032873e-07	
0.94683333	1.10508884e-07	
0.94841667	2.67608288e-07	
0.95000000	1.54973472e-07	
0.95158333	3.07839681e-07	
0.95316667	3.56287651e-07	
0.95475000	4.99653972e-07	
0.95633333	6.68353086e-07	
0.95791667	5.43600600e-07	
0.95950000	6.08289326e-07	
0.96108333	6.23543795e-07	
0.96266667	5.06457493e-07	
0.96425000	5.36686194e-07	
0.96583333	1.48077434e-07	
0.96741667	1.79456580e-07	
0.96900000	1.39443653e-07	
0.97058333	1.47524158e-07	
0.97216667	9.81246839e-08	
0.97375000	2.56494197e-07	
0.97533333	6.76306002e-07	
0.97691667	4.85826559e-07	
0.97850000	6.54525001e-07	
0.98008333	5.17283955e-07	
0.98166667	4.87296513e-07	
0.98325000	5.51379349e-07	
0.98483333	2.25719598e-07	
0.98641667	1.78377426e-07	
0.98800000	1.93629920e-07	
0.98958333	2.18520293e-07	
0.99116667	2.86396627e-07	
0.99275000	1.59320765e-07	
0.99433333	3.49840306e-07	
0.99591667	5.57428740e-07	
0.99750000	6.15331362e-07	
0.99908333	6.40480187e-07	
1.00066667	5.79509691e-07	
1.00225000	6.46229013e-07	
1.00383333	2.45267933e-07	
1.00541667	-5.06583200e-09	
1.00700000	1.54481364e-07	
1.00858333	1.09324836e-07	
1.01016667	2.76596327e-07	
1.01175000	1.83865812e-07	
1.01333333	1.19842353e-07	
1.01491667	3.85646072e-07	
1.01650000	2.46650971e-07	
1.01808333	5.06697240e-07	
1.01966667	3.44352507e-07	
1.02125000	5.41568325e-07	
1.02283333	7.33773261e-07	
1.02441667	4.13879403e-07	
1.02600000	3.92792497e-07	
1.02758333	3.47203875e-07	
1.02916667	4.78827197e-07	
1.03075000	3.78489231e-07	
1.03233333	1.02686313e-07	
1.03391667	3.95557649e-07	
1.03550000	5.25858332e-07	
1.03708333	6.60703814e-07	
1.03866667	6.43289945e-07	
1.04025000	6.23024372e-07	
1.04183333	9.14225846e-07	
1.04341667	6.23760525e-07	
1.04500000	3.16093331e-07	
1.04658333	2.73312452e-07	
1.04816667	2.49027942e-07	
1.04975000	3.77840610e-07	
1.05133333	1.72829117e-07	
1.05291667	2.18477563e-07	
1.05450000	3.60211327e-07	
1.05608333	5.91262434e-07	
1.05766667	4.85826839e-07	
1.05925000	4.09340959e-07	
1.06083333	5.13525682e-07	
1.06241667	5.94978201e-07	
1.06400000	4.81978907e-07	
1.06558333	8.71145549e-08	
1.06716667	1.13715293e-07	
1.06875000	3.35882743e-07	
1.07033333	1.97173759e-07	
1.07191667	2.31786238e-07	
1.07350000	2.41760048e-07	
1.07508333	3.43790690e-07	
1.07666667	6.21814493e-07	
1.07825000	5.57945755e-07	
1.07983333	5.54835936e-07	
1.08141667	6.64161689e-07	
1.08300000	5.26463215e-07	
1.08458333	4.23686703e-07	
1.08616667	2.86059716e-07	
1.08775000	2.82344453e-07	
1.08933333	3.72309942e-07	
1.09091667	2.06723224e-07	
1.09250000	3.50056587e-07	
1.09408333	3.89222309e-07	
1.09566667	5.14908384e-07	
1.09725000	5.59026604e-07	
1.09883333	4.46935558e-07	
1.10041667	4.81176559e-07	
1.10200000	5.65983068e-07	
1.10358333	4.10465686e-07	
1.10516667	3.39201536e-07	
1.10675000	1.98167244e-07	
1.10833333	4.65387574e-07	
1.10991667	1.99619319e-07	
1.11150000	3.05418496e-07	
1.11308333	3.65915183e-07	
1.11466667	4.19270989e-07	
1.11625000	7.27423360e-07	
1.11783333	6.00251006e-07	
1.11941667	5.76657259e-07	
1.12100000	5.78259715e-07	
1.12258333	5.83021161e-07	
1.12416667	6.44439901e-07	
1.12575000	1.85376550e-07	
1.12733333	1.81764430e-07	
1.12891667	2.42070162e-07	
1.13050000	1.01391710e-07	
1.13208333	1.33566035e-07	
1.13366667	2.24657273e-07	
1.13525000	7.51491280e-07	
1.13683333	6.63383647e-07	
1.13841667	4.65949111e-07	
1.14000000	5.40230257e-07	
1.14158333	4.05754699e-07	
1.14316667	5.81585536e-07	
1.14475000	2.82940124e-07	
1.14633333	2.88133405e-07	
1.14791667	2.30662968e-07	
1.14950000	1.64981401e-07	
1.15108333	1.76588216e-07	
1.15266667	1.06352132e-07	
1.15425000	2.81496967e-07	
1.15583333	4.34490988e-07	
1.15741667	5.21129647e-07	
1.15900000	6.26956476e-07	
1.16058333	5.46886435e-07	
1.16216667	6.03792661e-07	
1.16375000	4.97536629e-07	
1.16533333	2.26255500e-07	
1.16691667	3.21190624e-07	
1.16850000	2.76726365e-07	
1.17008333	2.17318843e-07	
1.17166667	3.14363442e-07	
1.17325000	1.80969152e-07	
1.17483333	3.52424934e-07	
1.17641667	5.51769126e-07	
1.17800000	5.16679632e-07	
1.17958333	5.43341588e-07	
1.18116667	6.06559577e-07	
1.18275000	6.44497695e-07	
1.18433333	3.86959863e-07	
1.18591667	4.71351198e-07	
1.18750000	2.99498527e-07	
1.18908333	2.65490973e-07	
1.19066667	1.97338813e-07	
1.19225000	1.91426162e-08	
1.19383333	2.07898759e-07	
1.19541667	4.95852801e-07	
1.19700000	6.36850720e-07	
1.19858333	6.83303124e-07	
1.20016667	6.08200562e-07	
1.20175000	5.73537583e-07	
1.20333333	5.68318149e-07	
1.20491667	3.00753935e-08	
1.20650000	2.09617756e-07	
1.20808333	2.03957596e-07	
1.20966667	2.72430328e-07	
1.21125000	2.90423740e-07	
1.21283333	9.62748719e-08	
1.21441667	4.01781684e-07	
1.21600000	5.55390193e-07	
1.21758333	7.26256212e-07	
1.21916667	6.47569209e-07	
1.22075000	6.72199394e-07	
1.22233333	7.40964600e-07	
1.22391667	4.52812322e-07	
1.22550000	1.61231375e-07	
1.22708333	2.44101429e-07	
1.22866667	2.03223823e-07	
1.23025000	2.33990007e-07	
1.23183333	1.01969753e-07	
1.23341667	3.31386890e-07	
1.23500000	3.86440048e-07	
1.23658333	6.11097796e-07	
1.23816667	6.26998310e-07	
1.23975000	5.64299465e-07	
1.24133333	7.13292190e-07	
1.24291667	6.03732402e-07	
1.24450000	5.88109381e-07	
1.24608333	1.22798110e-07	
1.24766667	5.86724362e-08	
1.24925000	1.40047808e-07	
1.25083333	4.81199002e-08	
1.25241667	2.58142026e-08	
1.25400000	2.84849501e-07	
1.25558333	4.04371296e-07	
1.25716667	6.50073865e-07	
1.25875000	5.35736615e-07	
1.26033333	4.56496307e-07	
1.26191667	6.32183695e-07	
1.26350000	4.36523095e-07	
1.26508333	1.97509704e-07	
1.26666667	1.60228160e-07	
1.26825000	2.76812749e-07	
1.26983333	4.42337500e-07	
1.27141667	1.26264736e-07	
1.27300000	2.00500925e-07	
1.27458333	4.38942936e-07	
1.27616667	6.53918438e-07	
1.27775000	6.33957574e-07	
1.27933333	5.20569286e-07	
1.28091667	6.79847545e-07	
1.28250000	6.80798356e-07	
1.28408333	3.12418838e-07	
1.28566667	1.80554076e-07	
1.28725000	3.00319286e-08	
1.28883333	2.04606021e-07	
1.29041667	2.48898240e-07	
1.29200000	1.57937587e-07	
1.29358333	2.02446214e-07	
1.29516667	2.82731626e-07	
1.29675000	5.01468733e-07	
1.29833333	4.27837889e-07	
1.29991667	4.61456898e-07	
1.30150000	4.92991521e-07	
1.30308333	4.67979875e-07	
1.30466667	1.33505847e-07	
1.30625000	1.82874403e-08	
1.30783333	1.77296885e-07	
1.30941667	2.12997507e-07	
1.31100000	1.68446458e-07	
1.31258333	1.86241103e-07	
1.31416667	4.67584665e-07	
1.31575000	7.56184459e-07	
1.31733333	7.47688205e-07	
1.31891667	6.54999846e-07	
1.32050000	6.61049798e-07	
1.32208333	7.08486502e-07	
1.32366667	4.11329525e-07	
1.32525000	2.61860890e-07	
1.32683333	8.43832983e-08	
1.32841667	3.54204973e-07	
1.33000000	3.26159559e-07	
1.33158333	2.53756122e-07	
1.33316667	3.82984525e-07	
1.33475000	5.90141152e-07	
1.33633333	5.20829418e-07	
1.33791667	3.85446255e-07	
1.33950000	6.08504936e-07	
1.34108333	5.56045366e-07	
1.34266667	6.72802317e-07	
1.34425000	5.07865788e-07	
1.34583333	3.12850282e-07	
1.34741667	2.53824109e-07	
1.34900000	2.15262193e-07	
1.35058333	2.16479702e-07	
1.35216667	3.46858088e-07	
1.35375000	2.33980809e-07	
1.35533333	5.91391520e-07	
1.35691667	6.07208142e-07	
1.35850000	5.79553877e-07	
1.36008333	7.23622357e-07	
1.36166667	5.81104811e-07	
@ 
0.00000000	4.00784027e-07	
0.00158333	3.41889265e-07	
0.00316667	1.85610963e-07	
0.00475000	2.68040767e-07	
0.00633333	2.39046390e-07	
0.00791667	3.74411800e-07	
0.00950000	1.01245459e-07	
0.01108333	5.64428270e-07	
0.01266667	6.09107971e-07	
0.01425000	4.80080198e-07	
0.01583333	4.52546422e-07	
0.01741667	3.99490369e-07	
0.01900000	4.35181919e-07	
0.02058333	3.88056056e-07	
0.02216667	1.31777665e-07	
0.02375000	1.03145687e-07	
0.02533333	2.08149720e-07	
0.02691667	2.17742488e-07	
0.02850000	2.89648105e-07	
0.03008333	3.47981834e-07	
0.03166667	3.67428679e-07	
0.03325000	5.37075019e-07	
0.03483333	5.67800462e-07	
0.03641667	6.37714671e-07	
0.03800000	5.98435740e-07	
0.03958333	7.44337799e-07	
0.04116667	4.39028900e-07	
0.04275000	1.58327126e-07	
0.04433333	1.42727556e-07	
0.04591667	1.56079997e-07	
0.04750000	1.20387146e-07	
0.04908333	2.63247355e-08	
0.05066667	-1.15945020e-07	
0.05225000	2.54627633e-07	
0.05383333	4.78179024e-07	
0.05541667	6.19998500e-07	
0.05700000	6.46574380e-07	
0.05858333	6.68827763e-07	
0.06016667	5.01053251e-07	
0.06175000	3.89768697e-07	
0.06333333	2.79319001e-07	
0.06491667	1.82265820e-07	
0.06650000	2.90509591e-07	
0.06808333	2.04804018e-07	
0.06966667	1.77037860e-07	
0.07125000	6.32678925e-07	
0.07283333	5.40230649e-07	
0.07441667	7.46738515e-07	
0.07600000	5.66459593e-07	
0.07758333	6.06862102e-07	
0.07916667	6.68487940e-07	
0.08075000	6.10647760e-07	
0.08233333	2.38787295e-07	
0.08391667	2.35113418e-07	
0.08550000	3.00578395e-07	
0.08708333	2.68974049e-07	
0.08866667	1.86041804e-07	
0.09025000	3.04381386e-07	
0.09183333	2.92878834e-07	
0.09341667	6.74919604e-07	
0.09500000	5.96620811e-07	
0.09658333	4.37904761e-07	
0.09816667	5.16057500e-07	
0.09975000	4.47844675e-07	
0.10133333	2.96863805e-07	
0.10291667	2.66191536e-07	
0.10450000	1.25746432e-08	
0.10608333	2.22106820e-07	
0.10766667	3.18289267e-08	
0.10925000	1.98849190e-08	
0.11083333	1.05159419e-07	
0.11241667	4.34405584e-07	
0.11400000	5.97657305e-07	
0.11558333	4.97450609e-07	
0.11716667	5.80287174e-07	
0.11875000	7.17051415e-07	
0.12033333	5.26704026e-07	
0.12191667	3.96033838e-07	
0.12350000	1.49528333e-07	
0.12508333	1.83216911e-07	
0.12666667	2.51222625e-07	
0.12825000	2.10094715e-07	
0.12983333	3.17993833e-07	
0.13141667	3.88342761e-07	
0.13300000	7.29798987e-07	
0.13458333	6.79932949e-07	
0.13616667	5.69224270e-07	
0.13775000	6.02748046e-07	
0.13933333	5.87331674e-07	
0.14091667	4.88437677e-07	
0.14250000	2.57583558e-07	
0.14408333	1.72846044e-07	
0.14566667	3.07580249e-07	
0.14725000	1.47437256e-07	
0.14883333	1.52277441e-07	
0.15041667	2.65155238e-07	
0.15200000	4.07570104e-07	
0.15358333	6.25962375e-07	
0.15516667	4.77140962e-07	
0.15675000	5.35778785e-07	
0.15833333	6.27216104e-07	
0.15991667	5.08512225e-07	
0.16150000	4.43486952e-07	
0.16308333	2.19237265e-07	
0.16466667	2.18563849e-07	
0.16625000	2.53952999e-07	
0.16783333	2.39816173e-07	
0.16941667	1.44196978e-07	
0.17100000	1.51896470e-07	
0.17258333	6.07639921e-07	
0.17416667	6.66061911e-07	
0.17575000	5.55786859e-07	
0.17733333	5.21304543e-07	
0.17891667	3.46901434e-07	
0.18050000	2.87390391e-07	
0.18208333	1.12257361e-08	
0.18366667	1.86691223e-07	
0.18525000	2.95998454e-07	
0.18683333	2.25382883e-07	
0.18841667	3.67885351e-07	
0.19000000	2.75774994e-07	
0.19158333	5.67713210e-07	
0.19316667	7.41767340e-07	
0.19475000	5.78904584e-07	
0.19633333	5.18753965e-07	
0.19791667	4.81721799e-07	
0.19950000	4.22218961e-07	
0.20108333	3.32859224e-07	
0.20266667	1.25261409e-07	
0.20425000	1.60720156e-07	
0.20583333	2.34077035e-07	
0.20741667	2.31743733e-07	
0.20900000	1.69508560e-07	
0.21058333	8.86185024e-08	
0.21216667	7.30363380e-07	
0.21375000	6.63858324e-07	
0.21533333	6.90908210e-07	
0.21691667	6.39314383e-07	
0.21850000	7.36020586e-07	
0.22008333	6.73303092e-07	
0.22166667	3.89016499e-07	
0.22325000	1.18001663e-07	
0.22483333	1.11995841e-07	
0.22641667	1.12902466e-07	
0.22800000	1.34430910e-07	
0.22958333	7.93185921e-08	
0.23116667	4.49830860e-07	
0.23275000	5.68282867e-07	
0.23433333	4.77097952e-07	
0.23591667	5.72767829e-07	
0.23750000	5.38027230e-07	
0.23908333	6.67729274e-07	
0.24066667	6.36851056e-07	
0.24225000	3.75300840e-07	
0.24383333	3.23386035e-07	
0.24541667	2.01970949e-07	
0.24700000	2.57627044e-07	
0.24858333	2.51101939e-07	
0.25016667	2.53746350e-07	
0.25175000	4.76881726e-07	
0.25333333	3.39538391e-07	
0.25491667	4.47412364e-07	
0.25650000	3.08227582e-07	
0.25808333	4.06879649e-07	
0.25966667	4.18763438e-07	
0.26125000	2.57048762e-07	
0.26283333	2.89863042e-07	
0.26441667	8.37002637e-08	
0.26600000	8.15402468e-08	
0.26758333	7.90077081e-08	
0.26916667	8.10605135e-09	
0.27075000	3.23307463e-07	
0.27233333	6.08633742e-07	
0.27391667	5.92905156e-07	
0.27550000	6.87147809e-07	
0.27708333	4.19929019e-07	
0.27866667	5.90787365e-07	
0.28025000	5.32712983e-07	
0.28183333	1.74980173e-07	
0.28341667	2.56995980e-07	
0.28500000	1.37325512e-07	
0.28658333	2.07199343e-07	
0.28816667	2.00976624e-07	
0.28975000	2.50920351e-07	
0.29133333	6.06297429e-07	
0.29291667	6.36313880e-07	
0.29450000	7.56279607e-07	
0.29608333	6.31882905e-07	
0.29766667	6.65673701e-07	
0.29925000	6.69476552e-07	
0.30083333	3.65914063e-07	
0.30241667	4.14727505e-07	
0.30400000	1.47999521e-07	
0.30558333	2.53651538e-07	
0.30716667	2.70537975e-07	
0.30875000	1.61662188e-07	
0.31033333	3.75205244e-07	
0.31191667	5.51032357e-07	
0.31350000	5.54621222e-07	
0.31508333	5.89015670e-07	
0.31666667	5.32452740e-07	
0.31825000	7.14460122e-07	
0.31983333	6.60765361e-07	
0.32141667	4.18804908e-07	
0.32300000	3.28796129e-07	
0.32458333	2.12323545e-07	
0.32616667	2.60876618e-07	
0.32775000	6.45141528e-08	
0.32933333	2.59501448e-07	
0.33091667	3.86051866e-07	
0.33250000	6.92638295e-07	
0.33408333	7.75299964e-07	
0.33566667	7.35719628e-07	
0.33725000	9.24078032e-07	
0.33883333	8.67038857e-07	
0.34041667	8.35322450e-07	
0.34200000	7.55294859e-07	
0.34358333	5.09506438e-07	
0.34516667	6.58594536e-07	
0.34675000	6.63945744e-07	
0.34833333	5.82750668e-07	
0.34991667	6.06863390e-07	
0.35150000	6.99316595e-07	
0.35308333	8.81713643e-07	
0.35466667	9.15954644e-07	
0.35625000	9.13665429e-07	
0.35783333	9.75670851e-07	
0.35941667	9.39162365e-07	
0.36100000	1.00717518e-06	
0.36258333	6.57030273e-07	
0.36416667	6.35511476e-07	
0.36575000	6.98426379e-07	
0.36733333	5.04840141e-07	
0.36891667	5.71299443e-07	
0.37050000	6.20604839e-07	
0.37208333	9.96114680e-07	
0.37366667	9.69447740e-07	
0.37525000	8.73046302e-07	
0.37683333	1.06228725e-06	
0.37841667	8.32943967e-07	
0.38000000	9.16124219e-07	
0.38158333	5.49822311e-07	
0.38316667	3.70797958e-07	
0.38475000	4.87987304e-07	
0.38633333	5.32409898e-07	
0.38791667	4.96023833e-07	
0.38950000	5.21432117e-07	
0.39108333	6.73864069e-07	
0.39266667	9.92180280e-07	
0.39425000	1.06454258e-06	
0.39583333	9.94468767e-07	
0.39741667	1.04515384e-06	
0.39900000	1.19583756e-06	
0.40058333	1.01491629e-06	
0.40216667	8.30423854e-07	
0.40375000	7.46219315e-07	
0.40533333	7.32477419e-07	
0.40691667	7.44472989e-07	
0.40850000	7.29365471e-07	
0.41008333	6.09802178e-07	
0.41166667	9.93269753e-07	
0.41325000	7.76857338e-07	
0.41483333	7.40643369e-07	
0.41641667	7.66573709e-07	
0.41800000	9.00487086e-07	
0.41958333	8.95083067e-07	
0.42116667	6.34001200e-07	
0.42275000	3.77754198e-07	
0.42433333	5.45328669e-07	
0.42591667	5.15124162e-07	
0.42750000	5.16376490e-07	
0.42908333	5.38937383e-07	
0.43066667	5.91695502e-07	
0.43225000	8.79869200e-07	
0.43383333	1.05358424e-06	
0.43541667	1.06373637e-06	
0.43700000	8.07968302e-07	
0.43858333	1.08607062e-06	
0.44016667	1.21933958e-06	
0.44175000	8.37146003e-07	
0.44333333	6.75741049e-07	
0.44491667	6.80106837e-07	
0.44650000	7.70330413e-07	
0.44808333	7.41163857e-07	
0.44966667	6.02152907e-07	
0.45125000	8.13598179e-07	
0.45283333	9.55925261e-07	
0.45441667	9.60116601e-07	
0.45600000	1.03707828e-06	
0.45758333	9.45382228e-07	
0.45916667	1.02485887e-06	
0.46075000	7.64412572e-07	
0.46233333	6.98771018e-07	
0.46391667	5.15383342e-07	
0.46550000	4.12626655e-07	
0.46708333	6.54440437e-07	
0.46866667	4.79042359e-07	
0.47025000	6.35175909e-07	
0.47183333	7.19645283e-07	
0.47341667	8.69155808e-07	
0.47500000	9.74247827e-07	
0.47658333	8.29489676e-07	
0.47816667	9.24120314e-07	
0.47975000	1.02847775e-06	
0.48133333	8.24863980e-07	
0.48291667	5.80631701e-07	
0.48450000	4.99567728e-07	
0.48608333	6.29418682e-07	
0.48766667	6.06732513e-07	
0.48925000	5.01254412e-07	
0.49083333	7.95264468e-07	
0.49241667	9.01223575e-07	
0.49400000	1.00510129e-06	
0.49558333	1.03763651e-06	
0.49716667	8.90674269e-07	
0.49875000	1.06283081e-06	
0.50033333	8.55891108e-07	
0.50191667	7.21934554e-07	
0.50350000	6.38579854e-07	
0.50508333	6.08720266e-07	
0.50666667	6.93243682e-07	
0.50825000	6.19697150e-07	
0.50983333	7.07640360e-07	
0.51141667	7.20378692e-07	
0.51300000	9.27362075e-07	
0.51458333	1.07523189e-06	
0.51616667	9.13883111e-07	
0.51775000	1.19162382e-06	
0.51933333	1.18762871e-06	
0.52091667	1.00485958e-06	
0.52250000	7.30578990e-07	
0.52408333	5.20265753e-07	
0.52566667	5.70608316e-07	
0.52725000	6.06776363e-07	
0.52883333	4.70658559e-07	
0.53041667	5.40360294e-07	
0.53200000	6.08939068e-07	
0.53358333	8.88514812e-07	
0.53516667	9.49436810e-07	
0.53675000	9.65982528e-07	
0.53833333	1.09942912e-06	
0.53991667	1.12928955e-06	
0.54150000	9.21306748e-07	
0.54308333	8.12920996e-07	
0.54466667	6.76129538e-07	
0.54625000	6.99119298e-07	
0.54783333	6.50938096e-07	
0.54941667	5.75703872e-07	
0.55100000	6.95448389e-07	
0.55258333	1.25958063e-06	
0.55416667	1.24976104e-06	
0.55575000	1.14138856e-06	
0.55733333	1.34557316e-06	
0.55891667	1.15464133e-06	
0.56050000	1.25921986e-06	
0.56208333	1.21507286e-06	
0.56366667	1.05164498e-06	
0.56525000	1.38276913e-06	
0.56683333	1.29787436e-06	
0.56841667	1.31695218e-06	
0.57000000	1.52128183e-06	
0.57158333	1.76040248e-06	
0.57316667	2.44685104e-06	
0.57475000	2.63922550e-06	
0.57633333	2.80463653e-06	
0.57791667	3.21414707e-06	
0.57950000	3.74371669e-06	
0.58108333	5.52891125e-06	
0.58266667	8.13692588e-06	
0.58425000	1.37447604e-05	
0.58583333	2.17580981e-05	
0.58741667	3.25378471e-05	
0.58900000	4.80721915e-05	
0.59058333	7.05419480e-05	
0.59216667	9.97367228e-05	
0.59375000	1.27106916e-04	
0.59533333	1.49345057e-04	
0.59691667	1.71610624e-04	
0.59850000	2.11555179e-04	
0.60008333	3.08254576e-04	
0.60166667	4.43512318e-04	
0.60325000	4.60078482e-04	
0.60483333	3.61559449e-04	
0.60641667	5.24630308e-04	
0.60800000	1.38993206e-03	
0.60958333	7.16462853e-04	
0.61116667	9.88564888e-04	
0.61275000	1.57017762e-03	
0.61433333	2.92588570e-03	
0.61591667	4.61361164e-03	
0.61750000	8.43003342e-03	
0.61908333	1.11924656e-02	
0.62066667	1.46368136e-02	
0.62225000	3.18502170e-02	
0.62383333	3.82156573e-02	
0.62541667	5.75063435e-02	
0.62700000	6.60196652e-02	
0.62858333	7.00842949e-02	
0.63016667	7.69458225e-02	
0.63175000	8.09535350e-02	
0.63333333	8.39787695e-02	
0.63491667	1.01221645e-01	
0.63650000	1.30991112e-01	
0.63808333	1.56965377e-01	
0.63966667	1.62514074e-01	
0.64125000	1.71296126e-01	
0.64283333	1.77287696e-01	
0.64441667	1.82057184e-01	
0.64600000	2.04458983e-01	
0.64758333	2.36199411e-01	
0.64916667	2.43133953e-01	
0.65075000	3.79038967e-01	
0.65233333	6.37499051e-01	
0.65391667	1.28072816e+00	
0.65550000	1.28757718e+01	
0.65708333	2.49558212e+01	
0.65866667	2.71103556e+01	
0.66025000	2.99780490e+01	
0.66183333	3.10918709e+01	
0.66341667	3.16954859e+01	
0.66500000	3.26784902e+01	
0.66658333	3.32308837e+01	
0.66816667	3.37620544e+01	
0.66975000	3.37154519e+01	
