start voltage : 0.00 V 
set voltage : 0.10 V 
High G : 30.00 G0 
Intermediate G : 20.00 G0 
Low G : 10.00 G0 
Breaking speed 1 : 300.00 V/s 
Breaking speed 2 : 300.00 V/s 
Making speed : 500.00 V/s 
Post breaking : 230.00 V/s 
@ 
0.00000000	3.31512160e+01	
0.00158333	3.39492047e+01	
0.00316667	3.38451195e+01	
0.00475000	3.37937628e+01	
0.00633333	3.38471565e+01	
0.00791667	3.37128436e+01	
0.00950000	3.41164174e+01	
0.01108333	3.37739042e+01	
0.01266667	3.39423308e+01	
0.01425000	3.40620767e+01	
0.01583333	3.39122685e+01	
0.01741667	3.39007794e+01	
0.01900000	3.37999565e+01	
0.02058333	3.39757493e+01	
0.02216667	3.39733929e+01	
0.02375000	3.40050525e+01	
0.02533333	3.41694653e+01	
0.02691667	3.39846489e+01	
0.02850000	3.39928193e+01	
0.03008333	3.38719498e+01	
0.03166667	3.38363440e+01	
0.03325000	3.38803758e+01	
0.03483333	3.37187855e+01	
0.03641667	3.39060335e+01	
0.03800000	3.38195333e+01	
0.03958333	3.37956457e+01	
0.04116667	3.37325896e+01	
0.04275000	3.36061953e+01	
0.04433333	3.37448828e+01	
0.04591667	3.36457736e+01	
0.04750000	3.36381819e+01	
0.04908333	3.35503363e+01	
0.05066667	3.32680154e+01	
0.05225000	3.35129453e+01	
0.05383333	3.32956236e+01	
0.05541667	3.33605551e+01	
0.05700000	3.34042675e+01	
0.05858333	3.31779072e+01	
0.06016667	3.28483149e+01	
0.06175000	3.32828004e+01	
0.06333333	3.31931695e+01	
0.06491667	3.33167300e+01	
0.06650000	3.32379868e+01	
0.06808333	3.32722472e+01	
0.06966667	3.33068420e+01	
0.07125000	3.34944997e+01	
0.07283333	3.33563045e+01	
0.07441667	3.32986941e+01	
0.07600000	3.30823684e+01	
0.07758333	3.29267612e+01	
0.07916667	3.26819327e+01	
0.08075000	3.25323726e+01	
0.08233333	3.25287120e+01	
0.08391667	3.26158888e+01	
0.08550000	3.22257395e+01	
0.08708333	3.20866799e+01	
0.08866667	3.21532200e+01	
0.09025000	3.18442606e+01	
0.09183333	3.21927682e+01	
0.09341667	3.19665470e+01	
0.09500000	3.18416486e+01	
0.09658333	3.14854778e+01	
0.09816667	3.15646569e+01	
0.09975000	3.12565863e+01	
0.10133333	3.14455387e+01	
0.10291667	3.16338842e+01	
0.10450000	3.15569337e+01	
0.10608333	3.15030872e+01	
0.10766667	3.15831626e+01	
0.10925000	3.12828491e+01	
0.11083333	3.15827304e+01	
0.11241667	3.13043351e+01	
0.11400000	3.14008811e+01	
0.11558333	3.12124962e+01	
0.11716667	3.09788674e+01	
0.11875000	3.11662169e+01	
0.12033333	3.06348960e+01	
0.12191667	3.08476119e+01	
0.12350000	3.08910781e+01	
0.12508333	3.09598206e+01	
0.12666667	3.08753103e+01	
0.12825000	3.03932358e+01	
0.12983333	3.00483060e+01	
0.13141667	2.99808583e+01	
0.13300000	3.00785206e+01	
0.13458333	2.99062736e+01	
0.13616667	3.01164283e+01	
0.13775000	2.98881231e+01	
0.13933333	2.90535571e+01	
0.14091667	2.90648394e+01	
0.14250000	2.89094916e+01	
0.14408333	2.84585448e+01	
0.14566667	2.84982603e+01	
0.14725000	2.82126228e+01	
0.14883333	2.82551175e+01	
0.15041667	2.83917943e+01	
0.15200000	2.79334607e+01	
0.15358333	2.78731218e+01	
0.15516667	2.76792216e+01	
0.15675000	2.74000370e+01	
0.15833333	2.73851092e+01	
0.15991667	2.71455987e+01	
0.16150000	2.73470831e+01	
0.16308333	2.73006253e+01	
0.16466667	2.71967619e+01	
0.16625000	2.74111746e+01	
0.16783333	2.73726900e+01	
0.16941667	2.71305431e+01	
0.17100000	2.62524865e+01	
0.17258333	2.60082782e+01	
0.17416667	2.64951220e+01	
0.17575000	2.63309910e+01	
0.17733333	2.62544821e+01	
0.17891667	2.62524470e+01	
0.18050000	2.63713134e+01	
0.18208333	2.63286459e+01	
0.18366667	2.62282758e+01	
0.18525000	2.63446166e+01	
0.18683333	2.55388577e+01	
0.18841667	2.56295560e+01	
0.19000000	2.57553094e+01	
0.19158333	2.56199198e+01	
0.19316667	2.54892543e+01	
0.19475000	2.27056671e+01	
0.19633333	2.24239438e+01	
0.19791667	2.27054999e+01	
0.19950000	2.27107239e+01	
0.20108333	2.26886854e+01	
0.20266667	2.25260615e+01	
0.20425000	2.27065898e+01	
0.20583333	2.25419458e+01	
0.20741667	2.25037374e+01	
0.20900000	2.23634771e+01	
0.21058333	2.20630884e+01	
0.21216667	2.19825168e+01	
0.21375000	2.02513002e+01	
0.21533333	2.01177897e+01	
0.21691667	1.99012197e+01	
0.21850000	2.00658937e+01	
0.22008333	2.03366974e+01	
0.22166667	2.03320409e+01	
0.22325000	2.00923820e+01	
0.22483333	1.98979481e+01	
0.22641667	1.96720726e+01	
0.22800000	1.94129027e+01	
0.22958333	1.91356479e+01	
0.23116667	1.91521411e+01	
0.23275000	1.88679993e+01	
0.23433333	1.89667308e+01	
0.23591667	1.91345543e+01	
0.23750000	1.91368825e+01	
0.23908333	1.90708216e+01	
0.24066667	1.88192002e+01	
0.24225000	1.84736314e+01	
0.24383333	1.80033673e+01	
0.24541667	1.76379042e+01	
0.24700000	1.78365210e+01	
0.24858333	1.78551920e+01	
0.25016667	1.80172484e+01	
0.25175000	1.81261798e+01	
0.25333333	1.78484290e+01	
0.25491667	1.75504663e+01	
0.25650000	1.73300703e+01	
0.25808333	1.73906855e+01	
0.25966667	1.63991932e+01	
0.26125000	1.62113081e+01	
0.26283333	1.59481450e+01	
0.26441667	1.54015739e+01	
0.26600000	1.55230476e+01	
0.26758333	1.54124663e+01	
0.26916667	1.50977398e+01	
0.27075000	1.52641830e+01	
0.27233333	1.53778377e+01	
0.27391667	1.54811928e+01	
0.27550000	1.52213153e+01	
0.27708333	1.50837563e+01	
0.27866667	1.50994902e+01	
0.28025000	1.47541395e+01	
0.28183333	1.48358865e+01	
0.28341667	1.37249847e+01	
0.28500000	1.34442827e+01	
0.28658333	1.30944540e+01	
0.28816667	1.29278200e+01	
0.28975000	1.34235605e+01	
0.29133333	1.30557683e+01	
0.29291667	1.25802745e+01	
0.29450000	1.25802124e+01	
0.29608333	1.21989195e+01	
0.29766667	1.16975557e+01	
0.29925000	1.04176551e+01	
0.30083333	1.06525654e+01	
0.30241667	1.05188097e+01	
0.30400000	1.05042295e+01	
0.30558333	1.06406733e+01	
0.30716667	1.05504459e+01	
0.30875000	1.04745458e+01	
0.31033333	1.03408596e+01	
0.31191667	1.02154567e+01	
0.31350000	1.00630327e+01	
0.31508333	1.01466438e+01	
0.31666667	1.00354517e+01	
0.31825000	1.00198174e+01	
0.31983333	9.85650477e+00	
0.32141667	9.66872024e+00	
0.32300000	9.27267427e+00	
0.32458333	9.18851826e+00	
0.32616667	8.75705534e+00	
0.32775000	8.69858801e+00	
0.32933333	8.47807839e+00	
0.33091667	8.54968085e+00	
0.33250000	8.62463757e+00	
0.33408333	8.35550351e+00	
0.33566667	8.37329420e+00	
0.33725000	8.15908437e+00	
0.33883333	7.80880373e+00	
0.34041667	7.87795252e+00	
0.34200000	7.73257813e+00	
0.34358333	7.72254779e+00	
0.34516667	8.00090087e+00	
0.34675000	7.61353697e+00	
0.34833333	7.35264338e+00	
0.34991667	7.08778012e+00	
0.35150000	7.04534649e+00	
0.35308333	6.15582952e+00	
0.35466667	5.46956751e+00	
0.35625000	5.39176860e+00	
0.35783333	5.34227742e+00	
0.35941667	5.50904902e+00	
0.36100000	5.07268533e+00	
0.36258333	4.87776573e+00	
0.36416667	4.70575793e+00	
0.36575000	4.58918923e+00	
0.36733333	4.52383770e+00	
0.36891667	4.60350869e+00	
0.37050000	4.56494278e+00	
0.37208333	4.82682668e+00	
0.37366667	4.67822394e+00	
0.37525000	4.59329560e+00	
0.37683333	4.59829316e+00	
0.37841667	4.46467227e+00	
0.38000000	4.43859884e+00	
0.38158333	3.58049345e+00	
0.38316667	2.83039049e+00	
0.38475000	3.03523355e+00	
0.38633333	3.12871993e+00	
0.38791667	3.53832501e+00	
0.38950000	2.62147864e+00	
0.39108333	2.53189358e+00	
0.39266667	2.47944723e+00	
0.39425000	2.55145206e+00	
0.39583333	3.00223364e+00	
0.39741667	3.01740082e+00	
0.39900000	2.96879753e+00	
0.40058333	2.68565759e+00	
0.40216667	1.66173109e+00	
0.40375000	1.08603958e+00	
0.40533333	9.91271056e-01	
0.40691667	9.82390393e-01	
0.40850000	9.49195635e-01	
0.41008333	2.71388703e-02	
0.41166667	-3.12325208e-04	
0.41325000	3.55894599e-03	
0.41483333	2.16993698e-05	
0.41641667	-9.96018795e-05	
0.41800000	-2.76175677e-04	
0.41958333	-1.85388812e-04	
0.42116667	-6.73958146e-05	
0.42275000	-2.54362482e-05	
0.42433333	-5.05950312e-06	
0.42591667	8.05757256e-06	
0.42750000	1.72889130e-05	
0.42908333	2.42800391e-05	
0.43066667	2.99673120e-05	
0.43225000	3.20153660e-05	
0.43383333	3.12004497e-05	
0.43541667	2.83529540e-05	
0.43700000	2.46143105e-05	
0.43858333	2.06092527e-05	
0.44016667	1.65522156e-05	
0.44175000	1.33257970e-05	
0.44333333	1.04943960e-05	
0.44491667	8.45393415e-06	
0.44650000	6.48461788e-06	
0.44808333	5.01162635e-06	
0.44966667	3.88583606e-06	
0.45125000	3.02907960e-06	
0.45283333	2.47903792e-06	
0.45441667	2.07340388e-06	
0.45600000	1.67854719e-06	
0.45758333	1.46428863e-06	
0.45916667	1.23878275e-06	
0.46075000	7.32049448e-07	
0.46233333	5.69526907e-07	
0.46391667	5.03241213e-07	
0.46550000	4.09384109e-07	
0.46708333	4.36782863e-07	
0.46866667	6.92508593e-07	
0.47025000	6.92031732e-07	
0.47183333	9.29928727e-07	
0.47341667	1.04118203e-06	
0.47500000	8.08919617e-07	
0.47658333	9.23295397e-07	
0.47816667	8.44829268e-07	
0.47975000	6.10704099e-07	
0.48133333	5.84739654e-07	
0.48291667	4.30213852e-07	
0.48450000	7.22323099e-07	
0.48608333	6.01202880e-07	
0.48766667	7.38354883e-07	
0.48925000	7.38874026e-07	
0.49083333	9.53979398e-07	
0.49241667	1.06814511e-06	
0.49400000	8.81515786e-07	
0.49558333	8.54249619e-07	
0.49716667	8.78186661e-07	
0.49875000	8.65180301e-07	
0.50033333	4.63055098e-07	
0.50191667	3.80866286e-07	
0.50350000	5.88411234e-07	
0.50508333	5.43885989e-07	
0.50666667	5.35874157e-07	
0.50825000	6.96225592e-07	
0.50983333	7.35029173e-07	
0.51141667	1.01863564e-06	
0.51300000	9.89371642e-07	
0.51458333	9.57350189e-07	
0.51616667	9.68023372e-07	
0.51775000	9.31684517e-07	
0.51933333	9.28962403e-07	
0.52091667	5.81885486e-07	
0.52250000	4.05410227e-07	
0.52408333	4.87355932e-07	
0.52566667	5.56521332e-07	
0.52725000	6.50220872e-07	
0.52883333	5.52113262e-07	
0.53041667	7.23308295e-07	
0.53200000	6.52105972e-07	
0.53358333	8.46124046e-07	
0.53516667	8.48067165e-07	
0.53675000	7.74740107e-07	
0.53833333	9.07874713e-07	
0.53991667	7.48508530e-07	
0.54150000	5.21605221e-07	
0.54308333	4.93993686e-07	
0.54466667	4.49140293e-07	
0.54625000	4.54074227e-07	
0.54783333	4.43393931e-07	
0.54941667	4.79259313e-07	
0.55100000	1.08868325e-06	
0.55258333	6.03751499e-07	
0.55416667	8.05288862e-07	
0.55575000	9.08696718e-07	
0.55733333	8.69457157e-07	
0.55891667	8.58917988e-07	
0.56050000	3.51827583e-07	
0.56208333	2.03526810e-07	
0.56366667	2.75982456e-07	
0.56525000	3.17690775e-07	
0.56683333	4.40541611e-07	
0.56841667	3.38734391e-07	
0.57000000	7.35330467e-07	
0.57158333	9.14632872e-07	
0.57316667	8.28190362e-07	
0.57475000	7.33904083e-07	
0.57633333	6.50160109e-07	
0.57791667	7.96094089e-07	
0.57950000	8.30825448e-07	
0.58108333	4.52944544e-07	
0.58266667	4.32373925e-07	
0.58425000	2.85670666e-07	
0.58583333	4.35053085e-07	
0.58741667	4.33582487e-07	
0.58900000	4.29520877e-07	
0.59058333	5.97270664e-07	
0.59216667	7.51403916e-07	
0.59375000	8.60780296e-07	
0.59533333	7.16274660e-07	
0.59691667	7.28510705e-07	
0.59850000	6.92376931e-07	
0.60008333	5.50350135e-07	
0.60166667	2.87348250e-07	
0.60325000	1.26004548e-07	
0.60483333	3.23808742e-07	
0.60641667	3.36532540e-07	
0.60800000	3.82508951e-07	
0.60958333	4.00829446e-07	
0.61116667	3.59727157e-07	
0.61275000	7.56157017e-07	
0.61433333	7.86879884e-07	
0.61591667	7.77160312e-07	
0.61750000	7.76035277e-07	
0.61908333	7.13246940e-07	
0.62066667	5.88342967e-07	
0.62225000	4.58083867e-07	
0.62383333	2.01062042e-07	
0.62541667	2.90986229e-07	
0.62700000	2.45130083e-07	
0.62858333	4.40022608e-07	
0.63016667	4.76166126e-07	
0.63175000	6.89075303e-07	
0.63333333	5.44310208e-07	
0.63491667	7.20942469e-07	
0.63650000	8.59450236e-07	
0.63808333	6.68998682e-07	
0.63966667	5.19962219e-07	
0.64125000	2.07328681e-07	
0.64283333	2.93104020e-07	
0.64441667	3.41197746e-07	
0.64600000	2.52743149e-07	
0.64758333	2.87442558e-07	
0.64916667	2.58248644e-07	
0.65075000	5.73546655e-07	
0.65233333	7.87142816e-07	
0.65391667	7.04605528e-07	
0.65550000	6.43807464e-07	
0.65708333	7.08027562e-07	
0.65866667	7.93578568e-07	
0.66025000	5.80460222e-07	
0.66183333	5.79982534e-08	
0.66341667	2.32503211e-07	
0.66500000	2.75818592e-07	
0.66658333	2.78057405e-07	
0.66816667	2.82507644e-07	
0.66975000	3.99602710e-07	
0.67133333	6.28453983e-07	
0.67291667	6.24277820e-07	
0.67450000	5.96578641e-07	
0.67608333	8.07060893e-07	
0.67766667	6.56600510e-07	
0.67925000	7.00674544e-07	
0.68083333	3.04166196e-07	
0.68241667	7.45653228e-08	
0.68400000	2.03819984e-07	
0.68558333	1.67185170e-07	
0.68716667	2.01909570e-07	
0.68875000	1.08849312e-07	
0.69033333	4.59122461e-07	
0.69191667	7.94920109e-07	
0.69350000	6.30584543e-07	
0.69508333	6.23844864e-07	
0.69666667	5.42779659e-07	
0.69825000	6.85291214e-07	
0.69983333	5.56617544e-07	
0.70141667	1.65932015e-07	
0.70300000	2.16791734e-07	
0.70458333	2.07889812e-07	
0.70616667	3.27888105e-07	
0.70775000	3.92361138e-07	
0.70933333	2.83354738e-07	
0.71091667	2.96474251e-07	
0.71250000	3.79449002e-07	
0.71408333	6.50117603e-07	
0.71566667	6.67011937e-07	
0.71725000	7.25647688e-07	
0.71883333	7.85544056e-07	
0.72041667	2.98280080e-07	
0.72200000	2.36540250e-07	
0.72358333	9.70101149e-08	
0.72516667	2.03439866e-07	
0.72675000	1.79283925e-07	
0.72833333	8.35449827e-08	
0.72991667	3.84019927e-07	
0.73150000	4.86605050e-07	
0.73308333	6.13603293e-07	
0.73466667	7.48294097e-07	
0.73625000	6.04658964e-07	
0.73783333	7.39002776e-07	
0.73941667	5.59371411e-07	
0.74100000	8.40546406e-08	
0.74258333	1.44153576e-07	
0.74416667	2.34630130e-07	
0.74575000	2.74479152e-07	
0.74733333	1.15987301e-07	
0.74891667	1.59148515e-07	
0.75050000	3.33938728e-07	
0.75208333	5.80676503e-07	
0.75366667	6.18831631e-07	
0.75525000	6.57117189e-07	
0.75683333	7.02747365e-07	
0.75841667	6.31192058e-07	
0.76000000	4.57298599e-07	
0.76158333	2.73398864e-07	
0.76316667	1.69042413e-08	
0.76475000	1.82767491e-07	
0.76633333	1.81357810e-07	
0.76791667	2.08235950e-07	
0.76950000	1.53892833e-07	
0.77108333	2.39045550e-07	
0.77266667	5.22470180e-07	
0.77425000	4.70703809e-07	
0.77583333	4.64012573e-07	
0.77741667	6.50514941e-07	
0.77900000	5.85861384e-07	
0.78058333	4.73638957e-07	
0.78216667	-6.53438650e-08	
0.78375000	1.81842259e-07	
0.78533333	3.43272275e-07	
0.78691667	2.18744989e-07	
0.78850000	3.66154650e-07	
0.79008333	3.71748433e-07	
0.79166667	8.06844948e-07	
0.79325000	5.76656643e-07	
0.79483333	4.67159998e-07	
0.79641667	6.11918849e-07	
0.79800000	6.47093468e-07	
0.79958333	6.48301050e-07	
0.80116667	2.64176286e-07	
0.80275000	2.63227407e-07	
0.80433333	1.65759332e-07	
0.80591667	1.23368748e-07	
0.80750000	2.47559388e-07	
0.80908333	3.88514437e-07	
0.81066667	2.94305834e-07	
0.81225000	5.46323274e-07	
0.81383333	4.95333546e-07	
0.81541667	6.60918584e-07	
0.81700000	5.87936165e-07	
0.81858333	6.05609550e-07	
0.82016667	3.61896219e-07	
0.82175000	-2.00009069e-07	
0.82333333	3.49750989e-08	
0.82491667	-1.30152124e-08	
0.82650000	-3.24946251e-08	
0.82808333	-8.96216964e-08	
0.82966667	1.64160880e-07	
0.83125000	5.13612486e-07	
0.83283333	5.54161890e-07	
0.83441667	6.15763646e-07	
0.83600000	6.54740331e-07	
0.83758333	6.40307195e-07	
0.83916667	7.12819697e-07	
0.84075000	4.02212120e-07	
0.84233333	1.63616088e-07	
0.84391667	5.68666386e-08	
0.84550000	-1.19678868e-07	
0.84708333	1.83045228e-08	
0.84866667	1.47731843e-07	
0.85025000	3.08659838e-07	
0.85183333	3.11554524e-07	
0.85341667	4.60815081e-07	
0.85500000	5.37205225e-07	
0.85658333	4.81764865e-07	
0.85816667	4.77012828e-07	
0.85975000	5.09731008e-07	
0.86133333	1.46210731e-07	
0.86291667	4.26921191e-08	
0.86450000	1.42252095e-07	
0.86608333	2.69709110e-07	
0.86766667	6.51634599e-08	
0.86925000	1.60680682e-09	
0.87083333	1.39209828e-07	
0.87241667	2.22495198e-07	
0.87400000	5.62959492e-07	
0.87558333	5.67495864e-07	
0.87716667	5.70133862e-07	
0.87875000	6.29245579e-07	
0.88033333	3.40463217e-07	
0.88191667	3.57030188e-07	
0.88350000	8.95773214e-08	
0.88508333	1.62561014e-07	
0.88666667	2.33756841e-07	
0.88825000	1.55293218e-07	
0.88983333	2.45665831e-07	
0.89141667	5.57082477e-07	
0.89300000	6.16238435e-07	
0.89458333	3.53901916e-07	
0.89616667	2.12297644e-07	
0.89775000	3.84625678e-07	
0.89933333	3.07320202e-07	
0.90091667	3.96680499e-07	
0.90250000	1.79630020e-07	
0.90408333	1.41303642e-08	
0.90566667	1.60097940e-07	
0.90725000	2.54509248e-08	
0.90883333	3.20505965e-07	
0.91041667	3.82222499e-07	
0.91200000	2.36929383e-07	
0.91358333	4.84271538e-07	
0.91516667	5.29167408e-07	
0.91675000	5.78220793e-07	
0.91833333	4.17207884e-07	
0.91991667	4.73701119e-07	
0.92150000	4.88720944e-08	
0.92308333	-9.65956263e-08	
0.92466667	1.52709122e-07	
0.92625000	9.58425955e-08	
0.92783333	1.53270855e-07	
0.92941667	1.09091222e-07	
0.93100000	4.09208226e-08	
0.93258333	4.92869050e-08	
0.93416667	2.59614433e-07	
0.93575000	4.97797545e-07	
0.93733333	4.12159258e-07	
0.93891667	3.96162588e-07	
0.94050000	3.73088265e-07	
0.94208333	1.63849170e-07	
0.94366667	3.01186064e-08	
0.94525000	5.13355155e-08	
0.94683333	1.96010685e-08	
0.94841667	1.72603105e-07	
0.95000000	3.90453405e-08	
0.95158333	2.94798600e-07	
0.95316667	4.27836713e-07	
0.95475000	3.92169945e-07	
0.95633333	5.30291827e-07	
0.95791667	4.94426865e-07	
0.95950000	6.57627820e-07	
0.96108333	1.56355306e-07	
0.96266667	-1.76951042e-07	
0.96425000	-5.19418669e-09	
0.96583333	9.11677858e-08	
0.96741667	2.91600072e-07	
0.96900000	1.50288641e-08	
0.97058333	2.42875058e-07	
0.97216667	4.46426748e-07	
0.97375000	4.50047478e-07	
0.97533333	5.34440325e-07	
0.97691667	3.87002061e-07	
0.97850000	5.38025662e-07	
0.98008333	4.85654128e-07	
0.98166667	1.33419309e-07	
0.98325000	4.15617618e-09	
0.98483333	-4.14403370e-08	
0.98641667	1.15729004e-07	
0.98800000	1.25071378e-07	
0.98958333	1.58542932e-07	
0.99116667	3.49968495e-07	
0.99275000	5.12833883e-07	
0.99433333	4.99308436e-07	
0.99591667	4.79777280e-07	
0.99750000	3.88704257e-07	
0.99908333	4.85177938e-07	
1.00066667	2.91590440e-07	
1.00225000	1.43720915e-07	
1.00383333	-3.06978999e-08	
1.00541667	-1.35105852e-07	
1.00700000	-3.39215236e-08	
1.00858333	-1.84893752e-07	
1.01016667	2.99182680e-08	
1.01175000	1.22633813e-07	
1.01333333	2.50022267e-07	
1.01491667	3.43877102e-07	
1.01650000	4.97787800e-07	
1.01808333	6.69173970e-07	
1.01966667	5.49348362e-07	
1.02125000	2.59597940e-07	
1.02283333	-6.61918551e-08	
1.02441667	-4.71069031e-09	
1.02600000	1.33773553e-07	
1.02758333	5.09105684e-08	
1.02916667	4.63999370e-08	
1.03075000	2.37663156e-07	
1.03233333	2.97839620e-07	
1.03391667	5.18755085e-07	
1.03550000	3.90544612e-07	
1.03708333	5.08641871e-07	
1.03866667	5.57557154e-07	
1.04025000	4.94150213e-07	
1.04183333	4.63141734e-07	
1.04341667	-1.03172029e-07	
1.04500000	9.62317290e-08	
1.04658333	1.46491137e-08	
1.04816667	-3.14925196e-08	
1.04975000	7.28373583e-08	
1.05133333	1.43255506e-07	
1.05291667	3.60729126e-07	
1.05450000	2.99369469e-07	
1.05608333	3.69242320e-07	
1.05766667	5.38855731e-07	
1.05925000	4.02990078e-07	
1.06083333	4.36521695e-07	
1.06241667	2.54039747e-07	
1.06400000	6.56212945e-08	
1.06558333	1.26177120e-07	
1.06716667	-9.25162353e-08	
1.06875000	-2.23833084e-08	
1.07033333	-4.45684413e-08	
1.07191667	4.05021206e-07	
1.07350000	3.58525287e-07	
1.07508333	3.45562274e-07	
1.07666667	4.93388411e-07	
1.07825000	4.78583810e-07	
1.07983333	3.41846787e-07	
1.08141667	1.50721145e-07	
1.08300000	-2.16057149e-07	
1.08458333	8.96638103e-08	
1.08616667	-6.73670118e-08	
@ 
0.00000000	1.25135681e-08	
0.00158333	7.36315929e-08	
0.00316667	1.42579276e-07	
0.00475000	3.85746569e-07	
0.00633333	2.13456042e-07	
0.00791667	3.26851470e-07	
0.00950000	4.54109172e-07	
0.01108333	5.71991410e-07	
0.01266667	5.80995886e-07	
0.01425000	3.88993839e-08	
0.01583333	1.46057012e-08	
0.01741667	4.62615933e-08	
0.01900000	7.34855174e-08	
0.02058333	-2.32396778e-08	
0.02216667	-7.27767705e-08	
0.02375000	2.43453340e-07	
0.02533333	3.73476474e-07	
0.02691667	3.31734945e-07	
0.02850000	3.70624854e-07	
0.03008333	2.60867713e-07	
0.03166667	4.76580209e-07	
0.03325000	3.33030675e-07	
0.03483333	3.34460272e-08	
0.03641667	-6.35464224e-08	
0.03800000	-1.61792324e-07	
0.03958333	5.15774463e-08	
0.04116667	-7.07805610e-08	
0.04275000	-1.46879114e-09	
0.04433333	1.98297730e-07	
0.04591667	3.45087120e-07	
0.04750000	4.27922733e-07	
0.04908333	3.38216592e-07	
0.05066667	5.01382377e-07	
0.05225000	3.78964972e-07	
0.05383333	6.02197471e-08	
0.05541667	-1.82291904e-07	
0.05700000	-1.93890136e-07	
0.05858333	1.65582822e-08	
0.06016667	-8.24487615e-08	
0.06175000	-1.36099785e-07	
0.06333333	1.33738495e-07	
0.06491667	2.62389134e-07	
0.06650000	2.44258124e-07	
0.06808333	3.16091819e-07	
0.06966667	3.78358997e-07	
0.07125000	2.51715419e-07	
0.07283333	1.33777683e-08	
0.07441667	1.30239752e-07	
0.07600000	-9.33709526e-08	
0.07758333	-1.08625232e-07	
0.07916667	2.20380581e-08	
0.08075000	-1.03846944e-07	
0.08233333	-8.15833967e-08	
0.08391667	7.03304408e-08	
0.08550000	3.41369730e-07	
0.08708333	4.60289246e-07	
0.08866667	3.02610446e-07	
0.09025000	5.35604337e-07	
0.09183333	4.27490926e-07	
0.09341667	3.55725330e-07	
0.09500000	4.41187236e-08	
0.09658333	-8.13926591e-08	
0.09816667	-1.23150856e-08	
0.09975000	-7.76687371e-08	
0.10133333	-2.64281931e-08	
0.10291667	-3.88991809e-08	
0.10450000	2.17873114e-07	
0.10608333	3.12392601e-07	
0.10766667	2.69120832e-07	
0.10925000	3.22313558e-07	
0.11083333	3.36313991e-07	
0.11241667	3.96673415e-07	
0.11400000	1.75169868e-07	
0.11558333	-1.53270939e-07	
0.11716667	-8.15833617e-08	
0.11875000	2.08284161e-08	
0.12033333	4.48268719e-08	
0.12191667	7.94052000e-08	
0.12350000	5.99856706e-08	
0.12508333	3.54766483e-07	
0.12666667	4.29218771e-07	
0.12825000	3.83978093e-07	
0.12983333	4.12626319e-07	
0.13141667	2.83131008e-07	
0.13300000	4.37689431e-07	
0.13458333	2.04131190e-07	
0.13616667	-1.65457506e-07	
0.13775000	-1.57047749e-07	
0.13933333	-1.46176079e-07	
0.14091667	3.07313929e-08	
0.14250000	-1.05237129e-07	
0.14408333	-1.56341323e-08	
0.14566667	2.97943897e-07	
0.14725000	2.43747269e-07	
0.14883333	3.33808158e-07	
0.15041667	3.34629379e-07	
0.15200000	3.48060770e-07	
0.15358333	2.02704343e-07	
0.15516667	-9.07427092e-09	
0.15675000	-3.98577829e-08	
0.15833333	-2.00354212e-07	
0.15991667	-1.16221511e-07	
0.16150000	-1.06620734e-07	
0.16308333	-4.75328083e-08	
0.16466667	3.45821201e-07	
0.16625000	4.07787058e-07	
0.16783333	4.21139737e-07	
0.16941667	3.39167151e-07	
0.17100000	3.12073947e-07	
0.17258333	4.66122271e-07	
0.17416667	2.16662760e-07	
0.17575000	-6.58626522e-09	
0.17733333	-1.69226727e-07	
0.17891667	-4.71869578e-08	
0.18050000	-1.01735451e-08	
0.18208333	-5.00734848e-08	
0.18366667	1.81038497e-07	
0.18525000	1.44238630e-07	
0.18683333	3.27500819e-07	
0.18841667	2.90424076e-07	
0.19000000	2.19454205e-07	
0.19158333	3.53254583e-07	
0.19316667	1.97260731e-07	
0.19475000	2.59525953e-08	
0.19633333	-5.45327400e-09	
0.19791667	-1.18409137e-07	
0.19950000	-3.66441698e-08	
0.20108333	-7.82126755e-08	
0.20266667	1.28467734e-07	
0.20425000	-1.28813508e-07	
0.20583333	1.45969220e-07	
0.20741667	4.21917976e-07	
0.20900000	3.40376301e-07	
0.21058333	4.15781556e-07	
0.21216667	3.52045013e-07	
0.21375000	3.22609616e-07	
0.21533333	-4.82753527e-08	
0.21691667	-1.87018110e-07	
0.21850000	-6.81530351e-08	
0.22008333	-1.59986257e-07	
0.22166667	-9.04591090e-08	
0.22325000	3.09732503e-08	
0.22483333	-9.86599279e-08	
0.22641667	1.30670621e-07	
0.22800000	1.45527710e-07	
0.22958333	2.38181795e-07	
0.23116667	3.63771351e-07	
0.23275000	4.24034367e-07	
0.23433333	3.08409199e-07	
0.23591667	-8.17561085e-08	
0.23750000	-4.81717410e-08	
0.23908333	7.82551604e-08	
0.24066667	3.72479888e-08	
0.24225000	4.51645041e-08	
0.24383333	3.31427806e-08	
0.24541667	3.16912928e-07	
0.24700000	2.23013991e-07	
0.24858333	1.36634245e-07	
0.25016667	3.42536766e-07	
0.25175000	2.51681341e-07	
0.25333333	1.65128071e-07	
0.25491667	-1.77858766e-08	
0.25650000	-1.70469409e-07	
0.25808333	-1.00380437e-07	
0.25966667	-1.33108243e-07	
0.26125000	-1.02696806e-07	
0.26283333	-1.21779788e-07	
0.26441667	3.39650095e-08	
0.26600000	3.95471797e-07	
0.26758333	2.67998065e-07	
0.26916667	4.09948055e-07	
0.27075000	3.74858700e-07	
0.27233333	4.43220772e-07	
0.27391667	2.18968817e-07	
0.27550000	-1.14294527e-07	
0.27708333	-2.07743128e-07	
0.27866667	-1.54497954e-07	
0.28025000	-1.52674457e-07	
0.28183333	-1.56563383e-07	
0.28341667	1.91693189e-08	
0.28500000	4.65560286e-07	
0.28658333	2.46737887e-07	
0.28816667	3.36789648e-07	
0.28975000	3.26247203e-07	
0.29133333	2.97597353e-07	
0.29291667	4.18701807e-07	
0.29450000	1.23065858e-07	
0.29608333	-2.53427920e-07	
0.29766667	-2.88082218e-07	
0.29925000	-2.41846264e-07	
0.30083333	-1.02855703e-08	
0.30241667	-1.37784088e-07	
0.30400000	1.28477031e-07	
0.30558333	2.56934821e-08	
0.30716667	1.50410471e-07	
0.30875000	2.70676777e-07	
0.31033333	1.91089786e-07	
0.31191667	2.73710602e-07	
0.31350000	3.09462550e-07	
0.31508333	6.42204196e-08	
0.31666667	-4.60886505e-08	
0.31825000	-1.83329224e-07	
0.31983333	-5.54402826e-08	
0.32141667	-3.77754590e-08	
0.32300000	4.72986303e-08	
0.32458333	1.12644455e-07	
0.32616667	6.20517713e-08	
0.32775000	1.14639853e-07	
0.32933333	1.84167330e-07	
0.33091667	2.04132506e-07	
0.33250000	3.50789212e-07	
0.33408333	1.48499581e-07	
0.33566667	1.71765419e-07	
0.33725000	-1.92274015e-07	
0.33883333	-6.49914631e-09	
0.34041667	8.59388591e-08	
0.34200000	4.07483069e-08	
0.34358333	1.27628957e-07	
0.34516667	1.44369956e-07	
0.34675000	2.87572092e-07	
0.34833333	2.51447867e-07	
0.34991667	1.93499910e-07	
0.35150000	4.06792453e-07	
0.35308333	3.41197718e-07	
0.35466667	1.28943000e-07	
0.35625000	-2.91419380e-07	
0.35783333	-3.09083021e-07	
0.35941667	-5.71685272e-08	
0.36100000	-1.91384332e-07	
0.36258333	-8.59298637e-08	
0.36416667	2.00501824e-08	
0.36575000	-9.39333019e-08	
0.36733333	3.07016864e-07	
0.36891667	2.83898691e-07	
0.37050000	3.70494844e-07	
0.37208333	4.07310112e-07	
0.37366667	2.89577066e-07	
0.37525000	-4.05357126e-09	
0.37683333	-2.49848799e-07	
0.37841667	-5.21567783e-08	
0.38000000	-9.23434255e-08	
0.38158333	4.96585202e-08	
0.38316667	1.23074538e-07	
0.38475000	4.02461849e-08	
0.38633333	3.70494816e-07	
0.38791667	2.83898327e-07	
0.38950000	2.41353274e-07	
0.39108333	2.97526874e-07	
0.39266667	1.58931351e-07	
0.39425000	1.17490626e-07	
0.39583333	-2.37059449e-07	
0.39741667	-2.67445068e-07	
0.39900000	-1.90225794e-07	
0.40058333	-1.71006025e-07	
0.40216667	-1.03491783e-07	
0.40375000	-3.27121423e-08	
0.40533333	3.86681811e-07	
0.40691667	3.48500417e-07	
0.40850000	2.71152603e-07	
0.41008333	4.02731627e-07	
0.41166667	2.35432772e-07	
0.41325000	2.62336295e-07	
0.41483333	-1.49171583e-08	
0.41641667	-3.90635693e-08	
0.41800000	-1.49719694e-07	
0.41958333	-1.49468831e-07	
0.42116667	7.66481053e-08	
0.42275000	-6.29158061e-08	
0.42433333	-3.39208166e-08	
0.42591667	3.17759294e-07	
0.42750000	3.93613662e-07	
0.42908333	4.15262133e-07	
0.43066667	2.76466849e-07	
0.43225000	4.48275250e-07	
0.43383333	2.82411936e-07	
0.43541667	-3.98583990e-08	
0.43700000	-1.17224187e-07	
0.43858333	-1.45838440e-07	
0.44016667	-1.06638882e-08	
0.44175000	-8.57319019e-08	
0.44333333	2.30828270e-08	
0.44491667	1.23091773e-07	
0.44650000	1.06334610e-07	
0.44808333	1.91686101e-07	
0.44966667	1.83139264e-07	
0.45125000	1.88237872e-07	
0.45283333	6.56302759e-08	
0.45441667	-1.00813519e-07	
0.45600000	-7.95617550e-08	
0.45758333	-8.87391248e-08	
0.45916667	-1.65327286e-07	
0.46075000	-7.51363804e-08	
0.46233333	-1.65733431e-07	
0.46391667	-2.86895973e-09	
0.46550000	1.86777509e-07	
0.46708333	2.54083037e-07	
0.46866667	3.20155166e-07	
0.47025000	2.15538621e-07	
0.47183333	4.67523118e-07	
0.47341667	3.72784787e-07	
0.47500000	-4.26073138e-08	
0.47658333	-2.92844308e-07	
0.47816667	-1.96050573e-07	
0.47975000	-1.85388426e-08	
0.48133333	-1.00950648e-07	
0.48291667	-1.21467896e-07	
0.48450000	8.33205037e-08	
0.48608333	3.77296630e-07	
0.48766667	2.13922879e-07	
0.48925000	7.38135731e-08	
0.49083333	1.32443479e-07	
0.49241667	3.05461282e-07	
0.49400000	3.34499845e-07	
0.49558333	-5.18443132e-09	
0.49716667	-2.65707450e-07	
0.49875000	-1.26980980e-07	
0.50033333	-1.61870671e-07	
0.50191667	-1.35727354e-07	
0.50350000	-9.46848836e-08	
0.50508333	3.85530539e-08	
0.50666667	4.30647003e-07	
0.50825000	1.27481796e-07	
0.50983333	1.63987790e-07	
0.51141667	4.08563449e-07	
0.51300000	2.57099752e-07	
0.51458333	9.85654517e-08	
0.51616667	-2.15910128e-07	
0.51775000	-2.42425218e-07	
0.51933333	-1.40169137e-07	
0.52091667	-2.75949106e-07	
0.52250000	-9.17207616e-08	
0.52408333	-9.24036650e-10	
0.52566667	3.93121428e-07	
0.52725000	3.16749793e-07	
0.52883333	1.50850889e-07	
0.53041667	3.23654343e-07	
0.53200000	3.26401966e-07	
0.53358333	2.79533547e-07	
0.53516667	1.33401696e-07	
0.53675000	-2.71895252e-07	
0.53833333	-1.45319647e-07	
0.53991667	-2.41811150e-07	
0.54150000	-2.09116855e-07	
0.54308333	-2.68118835e-07	
0.54466667	-1.97632238e-07	
0.54625000	1.22504349e-07	
0.54783333	1.41777054e-07	
0.54941667	3.72526028e-07	
0.55100000	4.39374967e-07	
0.55258333	3.25598078e-07	
0.55416667	4.15988682e-07	
0.55575000	8.41141573e-08	
0.55733333	-9.72259136e-08	
0.55891667	-2.01521780e-07	
0.56050000	2.67916232e-08	
0.56208333	-1.03837346e-07	
0.56366667	-8.92833362e-08	
