start voltage : 0.00 V 
set voltage : 0.10 V 
High G : 30.00 G0 
Intermediate G : 20.00 G0 
Low G : 10.00 G0 
Breaking speed 1 : 300.00 V/s 
Breaking speed 2 : 300.00 V/s 
Making speed : 500.00 V/s 
Post breaking : 230.00 V/s 
@ 
0.00000000	5.27471706e+01	
0.00158333	5.34769543e+01	
0.00316667	5.35077570e+01	
0.00475000	5.36126840e+01	
0.00633333	5.34395520e+01	
0.00791667	5.33145409e+01	
0.00950000	5.34569303e+01	
0.01108333	5.33929232e+01	
0.01266667	5.35266310e+01	
0.01425000	5.34271084e+01	
0.01583333	5.33958472e+01	
0.01741667	5.33903714e+01	
0.01900000	5.33269168e+01	
0.02058333	5.34136576e+01	
0.02216667	5.35199488e+01	
0.02375000	5.35236056e+01	
0.02533333	5.35077307e+01	
0.02691667	5.34948136e+01	
0.02850000	5.33450956e+01	
0.03008333	5.33715725e+01	
0.03166667	5.34772362e+01	
0.03325000	5.32903827e+01	
0.03483333	5.34344070e+01	
0.03641667	5.33054158e+01	
0.03800000	5.31418862e+01	
0.03958333	5.32932165e+01	
0.04116667	5.32671341e+01	
0.04275000	5.32425551e+01	
0.04433333	5.32487374e+01	
0.04591667	5.31818065e+01	
0.04750000	5.26598962e+01	
0.04908333	5.30000455e+01	
0.05066667	5.29607190e+01	
0.05225000	5.29275373e+01	
0.05383333	5.29969224e+01	
0.05541667	5.32916681e+01	
0.05700000	5.29849523e+01	
0.05858333	5.29065399e+01	
0.06016667	5.29681604e+01	
0.06175000	5.28148344e+01	
0.06333333	5.29434836e+01	
0.06491667	5.25181871e+01	
0.06650000	5.25656013e+01	
0.06808333	5.28863429e+01	
0.06966667	5.25422963e+01	
0.07125000	5.25671009e+01	
0.07283333	5.22653723e+01	
0.07441667	5.23702768e+01	
0.07600000	5.22616855e+01	
0.07758333	5.23011172e+01	
0.07916667	5.23187284e+01	
0.08075000	5.22642824e+01	
0.08233333	5.22777445e+01	
0.08391667	5.23378956e+01	
0.08550000	5.21757828e+01	
0.08708333	5.22137939e+01	
0.08866667	5.22091449e+01	
0.09025000	5.22608737e+01	
0.09183333	5.21288195e+01	
0.09341667	5.19949614e+01	
0.09500000	5.21581039e+01	
0.09658333	5.17946534e+01	
0.09816667	5.18492986e+01	
0.09975000	5.19620277e+01	
0.10133333	5.17449128e+01	
0.10291667	5.19894029e+01	
0.10450000	5.14920980e+01	
0.10608333	5.15438756e+01	
0.10766667	5.15628286e+01	
0.10925000	5.14801843e+01	
0.11083333	5.14926092e+01	
0.11241667	5.11403658e+01	
0.11400000	5.11794630e+01	
0.11558333	5.10012874e+01	
0.11716667	5.07082931e+01	
0.11875000	5.08981193e+01	
0.12033333	5.05570229e+01	
0.12191667	5.03752619e+01	
0.12350000	5.02342819e+01	
0.12508333	4.99222970e+01	
0.12666667	4.99450007e+01	
0.12825000	4.97042613e+01	
0.12983333	4.98729134e+01	
0.13141667	4.98472482e+01	
0.13300000	4.95556520e+01	
0.13458333	4.96245748e+01	
0.13616667	4.94817682e+01	
0.13775000	4.92781755e+01	
0.13933333	4.96780699e+01	
0.14091667	4.95286902e+01	
0.14250000	4.97397731e+01	
0.14408333	4.94843502e+01	
0.14566667	4.96035135e+01	
0.14725000	4.95332640e+01	
0.14883333	4.91001691e+01	
0.15041667	4.90453698e+01	
0.15200000	4.89201669e+01	
0.15358333	4.87155181e+01	
0.15516667	4.80819987e+01	
0.15675000	4.81211899e+01	
0.15833333	4.82021429e+01	
0.15991667	4.75154628e+01	
0.16150000	4.75423231e+01	
0.16308333	4.71442289e+01	
0.16466667	4.71084239e+01	
0.16625000	4.66404710e+01	
0.16783333	4.60604054e+01	
0.16941667	4.61234202e+01	
0.17100000	4.61065982e+01	
0.17258333	4.59169637e+01	
0.17416667	4.58729206e+01	
0.17575000	4.56494203e+01	
0.17733333	4.56538513e+01	
0.17891667	4.53679751e+01	
0.18050000	4.55069257e+01	
0.18208333	4.54369017e+01	
0.18366667	4.54196400e+01	
0.18525000	4.54828540e+01	
0.18683333	4.52683886e+01	
0.18841667	4.53509239e+01	
0.19000000	4.53670543e+01	
0.19158333	4.51920207e+01	
0.19316667	4.52453317e+01	
0.19475000	4.51522507e+01	
0.19633333	4.50771493e+01	
0.19791667	4.49406604e+01	
0.19950000	4.49414609e+01	
0.20108333	4.49960873e+01	
0.20266667	4.48205011e+01	
0.20425000	4.47551938e+01	
0.20583333	4.47385860e+01	
0.20741667	4.47837378e+01	
0.20900000	4.48396420e+01	
0.21058333	4.42545027e+01	
0.21216667	4.41187278e+01	
0.21375000	4.40879401e+01	
0.21533333	4.38721706e+01	
0.21691667	4.38536762e+01	
0.21850000	4.38260078e+01	
0.22008333	4.32558602e+01	
0.22166667	4.29550299e+01	
0.22325000	4.29549134e+01	
0.22483333	4.30085063e+01	
0.22641667	4.25372461e+01	
0.22800000	4.19532080e+01	
0.22958333	4.20272345e+01	
0.23116667	4.17651181e+01	
0.23275000	4.19985101e+01	
0.23433333	4.19158208e+01	
0.23591667	4.18744498e+01	
0.23750000	4.17814440e+01	
0.23908333	4.17863861e+01	
0.24066667	4.14824590e+01	
0.24225000	4.05702604e+01	
0.24383333	4.03170736e+01	
0.24541667	4.03207830e+01	
0.24700000	4.01512364e+01	
0.24858333	4.03028260e+01	
0.25016667	4.02224443e+01	
0.25175000	4.02235718e+01	
0.25333333	4.00716664e+01	
0.25491667	4.02329073e+01	
0.25650000	4.01483350e+01	
0.25808333	3.98838922e+01	
0.25966667	3.98520372e+01	
0.26125000	3.94313934e+01	
0.26283333	3.88221222e+01	
0.26441667	3.83766100e+01	
0.26600000	3.79955858e+01	
0.26758333	3.70883933e+01	
0.26916667	3.66810161e+01	
0.27075000	3.64079631e+01	
0.27233333	3.61696929e+01	
0.27391667	3.62298063e+01	
0.27550000	3.65102443e+01	
0.27708333	3.63400851e+01	
0.27866667	3.63193207e+01	
0.28025000	3.62883225e+01	
0.28183333	3.62250521e+01	
0.28341667	3.61346433e+01	
0.28500000	3.60638414e+01	
0.28658333	3.61740750e+01	
0.28816667	3.60606806e+01	
0.28975000	3.57964596e+01	
0.29133333	3.53479257e+01	
0.29291667	3.48666197e+01	
0.29450000	3.50187317e+01	
0.29608333	3.50697502e+01	
0.29766667	3.47272369e+01	
0.29925000	3.47759967e+01	
0.30083333	3.43982309e+01	
0.30241667	3.46205849e+01	
0.30400000	3.45185818e+01	
0.30558333	3.42700966e+01	
0.30716667	3.47042213e+01	
0.30875000	3.44882451e+01	
0.31033333	3.47081412e+01	
0.31191667	3.47412966e+01	
0.31350000	3.47098324e+01	
0.31508333	3.48078141e+01	
0.31666667	3.46431796e+01	
0.31825000	3.45110653e+01	
0.31983333	3.38723068e+01	
0.32141667	3.33868480e+01	
0.32300000	3.34279935e+01	
0.32458333	3.35313119e+01	
0.32616667	3.35690825e+01	
0.32775000	3.35703114e+01	
0.32933333	3.35600551e+01	
0.33091667	3.35724236e+01	
0.33250000	3.25017465e+01	
0.33408333	3.16953130e+01	
0.33566667	3.17829670e+01	
0.33725000	3.15281454e+01	
0.33883333	3.15866127e+01	
0.34041667	3.14272510e+01	
0.34200000	3.13357974e+01	
0.34358333	3.12607392e+01	
0.34516667	3.10255846e+01	
0.34675000	3.08216179e+01	
0.34833333	3.04529377e+01	
0.34991667	3.01539959e+01	
0.35150000	2.99046050e+01	
0.35308333	2.97282597e+01	
0.35466667	2.93861128e+01	
0.35625000	2.91509864e+01	
0.35783333	2.89631972e+01	
0.35941667	2.90194640e+01	
0.36100000	2.85089639e+01	
0.36258333	2.81319516e+01	
0.36416667	2.81613619e+01	
0.36575000	2.83550986e+01	
0.36733333	2.77402408e+01	
0.36891667	2.78935780e+01	
0.37050000	2.77476465e+01	
0.37208333	2.76750443e+01	
0.37366667	2.75421859e+01	
0.37525000	2.71900797e+01	
0.37683333	2.72568565e+01	
0.37841667	2.74214798e+01	
0.38000000	2.69344650e+01	
0.38158333	2.66296979e+01	
0.38316667	2.64750397e+01	
0.38475000	2.63396388e+01	
0.38633333	2.63486286e+01	
0.38791667	2.63380754e+01	
0.38950000	2.62298091e+01	
0.39108333	2.59673770e+01	
0.39266667	2.56734901e+01	
0.39425000	2.58987999e+01	
0.39583333	2.57985182e+01	
0.39741667	2.58084419e+01	
0.39900000	2.57449929e+01	
0.40058333	2.56666482e+01	
0.40216667	2.56199348e+01	
0.40375000	2.53656299e+01	
0.40533333	2.54589645e+01	
0.40691667	2.52961001e+01	
0.40850000	2.52403895e+01	
0.41008333	2.49590138e+01	
0.41166667	2.43680229e+01	
0.41325000	2.39581521e+01	
0.41483333	2.36683223e+01	
0.41641667	2.38304031e+01	
0.41800000	2.30482875e+01	
0.41958333	2.27110659e+01	
0.42116667	2.26392755e+01	
0.42275000	2.23177521e+01	
0.42433333	2.17140169e+01	
0.42591667	2.13423903e+01	
0.42750000	2.12814068e+01	
0.42908333	2.09702713e+01	
0.43066667	2.09818054e+01	
0.43225000	2.09881926e+01	
0.43383333	2.09106070e+01	
0.43541667	2.09080946e+01	
0.43700000	2.08221694e+01	
0.43858333	2.07861652e+01	
0.44016667	2.08618642e+01	
0.44175000	2.04898542e+01	
0.44333333	1.99585783e+01	
0.44491667	1.97697330e+01	
0.44650000	1.94043432e+01	
0.44808333	1.89546574e+01	
0.44966667	1.90835133e+01	
0.45125000	1.88464213e+01	
0.45283333	1.82825086e+01	
0.45441667	1.78178086e+01	
0.45600000	1.80450821e+01	
0.45758333	1.77677503e+01	
0.45916667	1.74250436e+01	
0.46075000	1.71105820e+01	
0.46233333	1.70424973e+01	
0.46391667	1.70891881e+01	
0.46550000	1.68196434e+01	
0.46708333	1.68440402e+01	
0.46866667	1.67797626e+01	
0.47025000	1.69416856e+01	
0.47183333	1.69096558e+01	
0.47341667	1.68369258e+01	
0.47500000	1.68178940e+01	
0.47658333	1.66576641e+01	
0.47816667	1.59687365e+01	
0.47975000	1.60110997e+01	
0.48133333	1.60612237e+01	
0.48291667	1.61684545e+01	
0.48450000	1.58637513e+01	
0.48608333	1.55851661e+01	
0.48766667	1.50640329e+01	
0.48925000	1.47977598e+01	
0.49083333	1.48627336e+01	
0.49241667	1.41344072e+01	
0.49400000	1.39936508e+01	
0.49558333	1.39831324e+01	
0.49716667	1.37514757e+01	
0.49875000	1.38206879e+01	
0.50033333	1.33732280e+01	
0.50191667	1.32659220e+01	
0.50350000	1.32097434e+01	
0.50508333	1.30166973e+01	
0.50666667	1.31061262e+01	
0.50825000	1.31238521e+01	
0.50983333	1.29595783e+01	
0.51141667	1.25622836e+01	
0.51300000	1.22943522e+01	
0.51458333	1.23799345e+01	
0.51616667	1.25076591e+01	
0.51775000	1.17066686e+01	
0.51933333	1.17634757e+01	
0.52091667	1.11158749e+01	
0.52250000	1.09454649e+01	
0.52408333	1.10251843e+01	
0.52566667	1.11161615e+01	
0.52725000	1.12285543e+01	
0.52883333	1.11374709e+01	
0.53041667	1.11895219e+01	
0.53200000	1.09627567e+01	
0.53358333	1.07550054e+01	
0.53516667	1.07338717e+01	
0.53675000	1.04500419e+01	
0.53833333	1.03160269e+01	
0.53991667	1.01813560e+01	
0.54150000	1.02233875e+01	
0.54308333	1.02890078e+01	
0.54466667	1.01807153e+01	
0.54625000	9.92405206e+00	
0.54783333	9.77406534e+00	
0.54941667	9.69776317e+00	
0.55100000	9.53577631e+00	
0.55258333	9.55779316e+00	
0.55416667	9.59079449e+00	
0.55575000	9.60481470e+00	
0.55733333	9.34279879e+00	
0.55891667	9.21377286e+00	
0.56050000	9.51906518e+00	
0.56208333	9.19388694e+00	
0.56366667	9.26702653e+00	
0.56525000	9.55638381e+00	
0.56683333	9.50487491e+00	
0.56841667	9.43515252e+00	
0.57000000	8.95813849e+00	
0.57158333	8.59666386e+00	
0.57316667	8.65083362e+00	
0.57475000	8.43714712e+00	
0.57633333	8.21703306e+00	
0.57791667	7.98694268e+00	
0.57950000	8.10661617e+00	
0.58108333	7.88170280e+00	
0.58266667	7.64910284e+00	
0.58425000	7.28819383e+00	
0.58583333	6.76352782e+00	
0.58741667	6.60894991e+00	
0.58900000	6.51191432e+00	
0.59058333	6.52340616e+00	
0.59216667	6.51682638e+00	
0.59375000	6.27202004e+00	
0.59533333	5.46868526e+00	
0.59691667	5.63440266e+00	
0.59850000	5.54562211e+00	
0.60008333	5.57630834e+00	
0.60166667	5.36069433e+00	
0.60325000	5.02592311e+00	
0.60483333	4.99826604e+00	
0.60641667	4.96224401e+00	
0.60800000	4.87523548e+00	
0.60958333	4.30491782e+00	
0.61116667	4.13256379e+00	
0.61275000	4.11241902e+00	
0.61433333	4.00225816e+00	
0.61591667	3.64556522e+00	
0.61750000	3.52232584e+00	
0.61908333	3.59686938e+00	
0.62066667	3.30280628e+00	
0.62225000	3.08294285e+00	
0.62383333	2.86559087e+00	
0.62541667	2.92981751e+00	
0.62700000	3.10376105e+00	
0.62858333	2.85396726e+00	
0.63016667	2.80970077e+00	
0.63175000	2.79582174e+00	
0.63333333	2.76204245e+00	
0.63491667	2.71590317e+00	
0.63650000	2.64237577e+00	
0.63808333	2.44002397e+00	
0.63966667	2.32059265e+00	
0.64125000	1.77647985e+00	
0.64283333	1.71140173e+00	
0.64441667	1.04086688e+00	
0.64600000	8.89132687e-01	
0.64758333	8.62190801e-01	
0.64916667	6.75809807e-01	
0.65075000	1.40978797e-02	
0.65233333	-2.36155697e-04	
0.65391667	4.29325854e-03	
0.65550000	-2.36439903e-05	
0.65708333	-4.41163747e-04	
0.65866667	-4.97238660e-04	
0.66025000	-9.96494270e-05	
0.66183333	-2.68936199e-05	
0.66341667	-2.10597427e-06	
0.66500000	1.45754980e-05	
0.66658333	2.70581257e-05	
0.66816667	3.48581647e-05	
0.66975000	3.88461350e-05	
0.67133333	3.85007007e-05	
0.67291667	3.56409024e-05	
0.67450000	3.20549387e-05	
0.67608333	2.80707551e-05	
0.67766667	2.42567815e-05	
0.67925000	2.11747867e-05	
0.68083333	1.80238577e-05	
0.68241667	1.54335506e-05	
0.68400000	1.30192930e-05	
0.68558333	1.09951633e-05	
0.68716667	9.55705283e-06	
0.68875000	7.90968112e-06	
0.69033333	6.71229095e-06	
0.69191667	5.81695413e-06	
0.69350000	5.00428554e-06	
0.69508333	4.45324724e-06	
0.69666667	3.81631185e-06	
0.69825000	3.54943927e-06	
0.69983333	3.26895538e-06	
0.70141667	2.81587489e-06	
0.70300000	2.43156459e-06	
0.70458333	2.09958035e-06	
0.70616667	1.93682025e-06	
0.70775000	1.75206102e-06	
0.70933333	1.25552112e-06	
0.71091667	1.11891912e-06	
0.71250000	1.06339240e-06	
0.71408333	1.10655735e-06	
0.71566667	9.81159097e-07	
0.71725000	8.70023455e-07	
0.71883333	9.04070070e-07	
0.72041667	1.11485670e-06	
0.72200000	1.06927155e-06	
0.72358333	9.85610961e-07	
0.72516667	7.85282524e-07	
0.72675000	9.25590660e-07	
0.72833333	6.73579016e-07	
0.72991667	4.12238053e-07	
0.73150000	4.31725976e-07	
0.73308333	4.75542818e-07	
0.73466667	5.74758270e-07	
0.73625000	3.76934405e-07	
0.73783333	5.10025861e-07	
0.73941667	6.30715197e-07	
0.74100000	8.16025328e-07	
0.74258333	7.84806503e-07	
0.74416667	7.31829918e-07	
0.74575000	6.14293524e-07	
0.74733333	6.43678602e-07	
0.74891667	7.68341820e-07	
0.75050000	3.08055039e-07	
0.75208333	2.36254357e-07	
0.75366667	3.37610393e-07	
0.75525000	2.57765342e-07	
0.75683333	2.80572814e-07	
0.75841667	4.00663426e-07	
0.76000000	6.61698755e-07	
0.76158333	8.50919877e-07	
0.76316667	8.26289692e-07	
0.76475000	6.96826779e-07	
0.76633333	8.27629160e-07	
0.76791667	7.14547542e-07	
0.76950000	6.40708565e-07	
0.77108333	3.57704262e-07	
0.77266667	4.42355113e-07	
0.77425000	5.11667463e-07	
0.77583333	3.03128218e-07	
0.77741667	4.19748186e-07	
0.77900000	4.96974476e-07	
0.78058333	6.22375918e-07	
0.78216667	6.76216566e-07	
0.78375000	4.78652694e-07	
0.78533333	5.71861652e-07	
0.78691667	6.77382819e-07	
0.78850000	5.79378869e-07	
0.79008333	4.01383954e-07	
0.79166667	3.35986600e-07	
0.79325000	3.55846323e-07	
0.79483333	3.73001545e-07	
0.79641667	2.62681579e-07	
0.79800000	2.94578650e-07	
0.79958333	4.75500256e-07	
0.80116667	7.39762786e-07	
0.80275000	7.18521481e-07	
0.80433333	6.35813273e-07	
0.80591667	7.25175307e-07	
0.80750000	6.66754718e-07	
0.80908333	7.69000242e-07	
0.81066667	1.81089656e-07	
0.81225000	3.11208848e-07	
0.81383333	4.49443015e-07	
0.81541667	2.71455072e-07	
0.81700000	2.77072264e-07	
0.81858333	2.86535177e-07	
0.82016667	5.32236850e-07	
0.82175000	7.60867725e-07	
0.82333333	6.41993935e-07	
0.82491667	6.60747832e-07	
0.82650000	7.51274326e-07	
0.82808333	7.22469770e-07	
0.82966667	5.01382713e-07	
0.83125000	2.74435890e-07	
0.83283333	4.15608677e-07	
0.83441667	3.66346682e-07	
0.83600000	3.98366875e-07	
0.83758333	2.57714436e-07	
0.83916667	3.01834224e-07	
0.84075000	6.33654041e-07	
0.84233333	5.92256479e-07	
0.84391667	7.05383795e-07	
0.84550000	7.82042723e-07	
0.84708333	7.18693352e-07	
0.84866667	7.20459168e-07	
0.85025000	3.20196943e-07	
0.85183333	3.64014010e-07	
0.85341667	2.48250039e-07	
0.85500000	1.57073468e-07	
0.85658333	1.99802223e-07	
0.85816667	2.59286678e-07	
0.85975000	3.91540673e-07	
0.86133333	5.33705404e-07	
0.86291667	5.64299073e-07	
0.86450000	7.05773349e-07	
0.86608333	7.58532980e-07	
0.86766667	9.30387331e-07	
0.86925000	6.16643949e-07	
0.87083333	3.69631174e-07	
0.87241667	4.02947433e-07	
0.87400000	3.50487975e-07	
0.87558333	4.10683368e-07	
0.87716667	1.88098888e-07	
0.87875000	3.25512870e-07	
0.88033333	5.25364614e-07	
0.88191667	6.01633932e-07	
0.88350000	5.02808201e-07	
0.88508333	6.23370299e-07	
0.88666667	6.49814070e-07	
0.88825000	4.99067458e-07	
0.88983333	2.39012033e-07	
0.89141667	2.87787925e-07	
0.89300000	2.80399402e-07	
0.89458333	2.36410128e-07	
0.89616667	2.10915138e-07	
0.89775000	3.93221854e-08	
0.89933333	3.54602255e-07	
0.90091667	4.81029608e-07	
0.90250000	5.34481711e-07	
0.90408333	5.64256119e-07	
0.90566667	5.99991322e-07	
0.90725000	6.55432298e-07	
0.90883333	1.80840122e-07	
0.91041667	2.09462363e-07	
0.91200000	3.47334221e-07	
0.91358333	3.61679685e-07	
0.91516667	4.34922683e-07	
0.91675000	3.53547672e-07	
0.91833333	4.42132419e-07	
0.91991667	5.98408019e-07	
0.92150000	6.11745633e-07	
0.92308333	6.37499845e-07	
0.92466667	5.27049953e-07	
0.92625000	6.44189513e-07	
0.92783333	6.53918830e-07	
0.92941667	5.91523686e-07	
0.93100000	1.40999053e-07	
0.93258333	1.53659653e-07	
0.93416667	2.79837137e-07	
0.93575000	3.01399784e-07	
0.93733333	2.90165372e-07	
0.93891667	4.56780464e-07	
0.94050000	6.47697343e-07	
0.94208333	6.81748103e-07	
0.94366667	6.51672233e-07	
0.94525000	5.81367126e-07	
0.94683333	7.91676779e-07	
0.94841667	4.72950966e-07	
0.95000000	4.15936487e-07	
0.95158333	3.07665037e-07	
0.95316667	3.29098823e-07	
0.95475000	2.88998532e-07	
0.95633333	2.44535084e-07	
0.95791667	3.12203145e-07	
0.95950000	3.81003240e-07	
0.96108333	6.10536539e-07	
0.96266667	5.88022521e-07	
0.96425000	4.96369984e-07	
0.96583333	6.34691319e-07	
0.96741667	6.73538302e-07	
0.96900000	5.72423077e-07	
0.97058333	5.41611223e-07	
0.97216667	3.62198800e-07	
0.97375000	4.26886323e-07	
0.97533333	4.50824093e-07	
0.97691667	4.51533673e-07	
0.97850000	4.92482458e-07	
0.98008333	4.47586000e-07	
0.98166667	5.52718313e-07	
0.98325000	5.52026962e-07	
0.98483333	5.08209980e-07	
0.98641667	7.45312187e-07	
0.98800000	5.16463518e-07	
0.98958333	5.30481843e-07	
0.99116667	2.75386645e-07	
0.99275000	3.36963508e-07	
0.99433333	3.85403693e-07	
0.99591667	2.06464646e-07	
0.99750000	3.59000861e-07	
0.99908333	3.24475171e-07	
1.00066667	5.52632461e-07	
1.00225000	6.01849317e-07	
1.00383333	5.82447919e-07	
1.00541667	6.70729776e-07	
1.00700000	7.77573218e-07	
1.00858333	7.08755034e-07	
1.01016667	3.57834580e-07	
1.01175000	1.48820966e-07	
1.01333333	2.69206992e-07	
1.01491667	2.09990088e-07	
1.01650000	2.86897793e-07	
1.01808333	3.61533294e-07	
1.01966667	4.34447698e-07	
1.02125000	6.93761594e-07	
1.02283333	6.43549797e-07	
1.02441667	7.10084758e-07	
1.02600000	7.87873648e-07	
1.02758333	7.00552010e-07	
1.02916667	6.98082075e-07	
1.03075000	3.30653061e-07	
1.03233333	3.25943949e-07	
1.03391667	4.20620566e-07	
1.03550000	3.53859438e-07	
1.03708333	1.46936075e-07	
1.03866667	3.56666732e-07	
1.04025000	6.60186127e-07	
1.04183333	6.94840930e-07	
1.04341667	6.03016410e-07	
1.04500000	6.57289005e-07	
1.04658333	6.18528658e-07	
1.04816667	7.62639756e-07	
1.04975000	5.01859743e-07	
1.05133333	2.16359702e-07	
1.05291667	2.79534611e-07	
1.05450000	1.83519605e-07	
1.05608333	2.21329267e-07	
1.05766667	2.58732394e-07	
1.05925000	3.10993575e-07	
1.06083333	5.72328769e-07	
1.06241667	5.47144047e-07	
1.06400000	6.12739734e-07	
1.06558333	5.05704259e-07	
1.06716667	6.04140044e-07	
1.06875000	6.86155780e-07	
1.07033333	3.82282841e-07	
1.07191667	3.20369963e-07	
1.07350000	2.84331534e-07	
1.07508333	4.02688533e-07	
1.07666667	3.44179600e-07	
1.07825000	1.35554894e-07	
1.07983333	5.63002782e-07	
1.08141667	5.26662640e-07	
1.08300000	5.56910325e-07	
1.08458333	5.52157336e-07	
1.08616667	4.54194576e-07	
1.08775000	6.67011433e-07	
1.08933333	4.63987959e-07	
1.09091667	3.63754858e-07	
1.09250000	2.84564001e-07	
1.09408333	3.32382306e-07	
1.09566667	4.85610390e-07	
1.09725000	3.03318654e-07	
1.09883333	4.64221350e-07	
1.10041667	5.06136487e-07	
1.10200000	5.19401410e-07	
1.10358333	6.02454985e-07	
1.10516667	5.58897070e-07	
1.10675000	6.72328704e-07	
1.10833333	7.10355138e-07	
1.10991667	5.72778189e-07	
1.11150000	2.44748958e-07	
1.11308333	2.34829261e-07	
1.11466667	3.31906845e-07	
1.11625000	3.91842218e-07	
1.11783333	1.32028724e-07	
1.11941667	3.10649887e-07	
1.12100000	5.07172757e-07	
1.12258333	6.38363572e-07	
1.12416667	6.10966639e-07	
1.12575000	6.68569031e-07	
1.12733333	6.46574996e-07	
1.12891667	4.26443735e-07	
1.13050000	4.30473704e-07	
1.13208333	3.31734637e-07	
1.13366667	2.00336669e-07	
1.13525000	3.73606428e-07	
1.13683333	1.17293385e-07	
1.13841667	3.78651582e-07	
1.14000000	2.90898473e-07	
1.14158333	5.01901073e-07	
1.14316667	6.23887258e-07	
1.14475000	5.28694579e-07	
1.14633333	6.29073651e-07	
1.14791667	4.95937813e-07	
1.14950000	2.64714946e-07	
1.15108333	8.53938847e-08	
1.15266667	1.59147927e-07	
1.15425000	2.63460490e-07	
1.15583333	2.72024898e-07	
1.15741667	1.07199618e-07	
1.15900000	3.21190484e-07	
1.16058333	5.83025753e-07	
1.16216667	6.76260136e-07	
1.16375000	6.48604415e-07	
1.16533333	6.47774570e-07	
1.16691667	7.99370740e-07	
1.16850000	7.49934354e-07	
1.17008333	7.91894517e-07	
1.17166667	2.91720562e-07	
1.17325000	2.81522756e-07	
1.17483333	3.10032963e-07	
1.17641667	2.94893468e-07	
1.17800000	2.92586165e-07	
1.17958333	4.60375181e-07	
1.18116667	6.90777836e-07	
1.18275000	6.93933297e-07	
1.18433333	6.57592091e-07	
1.18591667	7.32998634e-07	
1.18750000	5.87071486e-07	
1.18908333	4.30429518e-07	
1.19066667	3.61195151e-07	
1.19225000	2.50928975e-07	
1.19383333	4.12756581e-07	
1.19541667	3.34716827e-07	
1.19700000	5.11667463e-07	
1.19858333	3.34371067e-07	
1.20016667	4.04234958e-07	
1.20175000	7.81390126e-07	
1.20333333	6.95531945e-07	
1.20491667	7.31528064e-07	
1.20650000	6.83044113e-07	
1.20808333	6.96310884e-07	
1.20966667	6.38969519e-07	
1.21125000	2.10233153e-07	
1.21283333	2.25770658e-07	
1.21441667	2.20257365e-07	
1.21600000	2.21113630e-07	
1.21758333	2.22237236e-07	
1.21916667	1.29332021e-07	
1.22075000	5.30560863e-07	
1.22233333	5.81237369e-07	
1.22391667	4.66209047e-07	
1.22550000	6.41647615e-07	
1.22708333	6.53227815e-07	
1.22866667	5.91263554e-07	
1.23025000	3.60815594e-07	
1.23183333	2.44818653e-07	
1.23341667	2.47990076e-07	
1.23500000	2.51490625e-07	
1.23658333	3.81644217e-07	
1.23816667	3.58223798e-07	
1.23975000	4.23205082e-07	
1.24133333	5.88419915e-07	
1.24291667	6.11874663e-07	
1.24450000	6.04226848e-07	
1.24608333	6.66535748e-07	
1.24766667	6.82809854e-07	
1.24925000	7.29757713e-07	
1.25083333	3.25425618e-07	
1.25241667	2.56115172e-07	
1.25400000	2.22841657e-07	
1.25558333	2.53435480e-07	
1.25716667	2.84720024e-07	
1.25875000	1.72353320e-07	
1.26033333	3.80736976e-07	
1.26191667	6.26610548e-07	
1.26350000	6.40695796e-07	
1.26508333	7.08494903e-07	
1.26666667	5.83916305e-07	
1.26825000	7.44625652e-07	
1.26983333	5.63694749e-07	
1.27141667	2.47860794e-07	
1.27300000	3.41672731e-07	
1.27458333	2.24612905e-07	
1.27616667	4.16559291e-07	
1.27775000	1.04874093e-07	
1.27933333	5.49305016e-07	
1.28091667	5.80080357e-07	
1.28250000	5.56952719e-07	
1.28408333	6.54912482e-07	
1.28566667	6.30588071e-07	
1.28725000	7.85756361e-07	
1.28883333	6.45197727e-07	
1.29041667	5.12273242e-07	
1.29200000	2.59518697e-07	
1.29358333	2.12470328e-07	
1.29516667	2.16273570e-07	
1.29675000	2.09843698e-07	
1.29833333	2.13775032e-07	
1.29991667	2.62233699e-07	
1.30150000	5.29730625e-07	
1.30308333	6.51844553e-07	
1.30466667	6.64160121e-07	
1.30625000	5.89621001e-07	
1.30783333	7.81263112e-07	
1.30941667	6.25571310e-07	
1.31100000	2.74998239e-07	
1.31258333	2.18563611e-07	
@ 
0.00000000	1.59277069e-07	
0.00158333	2.02403386e-07	
0.00316667	9.15991941e-08	
0.00475000	2.42295376e-07	
0.00633333	3.58915457e-07	
0.00791667	3.84062601e-07	
0.00950000	5.74928797e-07	
0.01108333	4.68146146e-07	
0.01266667	5.65033993e-07	
0.01425000	5.93758354e-07	
0.01583333	2.99542853e-07	
0.01741667	2.25822293e-07	
0.01900000	1.32373154e-07	
0.02058333	2.12773567e-07	
0.02216667	2.28415713e-07	
0.02375000	1.37231358e-07	
0.02533333	3.13334228e-07	
0.02691667	3.98237957e-07	
0.02850000	5.31068413e-07	
0.03008333	4.91574377e-07	
0.03166667	4.33134607e-07	
0.03325000	4.28097601e-07	
0.03483333	3.66898755e-07	
0.03641667	2.95868724e-07	
0.03800000	2.15624907e-07	
0.03958333	1.86501766e-07	
0.04116667	1.73018041e-07	
0.04275000	1.02194919e-07	
0.04433333	1.67747449e-07	
0.04591667	3.18987961e-07	
0.04750000	5.25753663e-07	
0.04908333	5.84348364e-07	
0.05066667	4.20879745e-07	
0.05225000	4.24439993e-07	
0.05383333	4.51082544e-07	
0.05541667	1.56882709e-07	
0.05700000	1.26220676e-07	
0.05858333	-2.17788592e-08	
0.06016667	-2.38957875e-08	
0.06175000	3.27624746e-08	
0.06333333	4.56136967e-08	
0.06491667	1.60740583e-08	
0.06650000	1.64384862e-07	
0.06808333	3.59925238e-07	
0.06966667	3.73347248e-07	
0.07125000	3.99706651e-07	
0.07283333	6.10794375e-07	
0.07441667	6.01329782e-07	
0.07600000	3.65300471e-07	
0.07758333	1.42078641e-07	
0.07916667	1.52622906e-07	
0.08075000	2.01650292e-07	
0.08233333	8.15401278e-08	
0.08391667	1.70132190e-07	
0.08550000	1.25045505e-07	
0.08708333	3.59147447e-07	
0.08866667	4.84055424e-07	
0.09025000	3.23783848e-07	
0.09183333	4.03553016e-07	
0.09341667	3.79309388e-07	
0.09500000	5.10283137e-07	
0.09658333	1.81790163e-07	
0.09816667	-4.39030020e-08	
0.09975000	1.97473278e-08	
0.10133333	9.32927661e-08	
0.10291667	4.43342563e-08	
0.10450000	1.13265754e-07	
0.10608333	1.74487533e-07	
0.10766667	6.02410351e-07	
0.10925000	4.56140915e-07	
0.11083333	4.57825891e-07	
0.11241667	4.18675626e-07	
0.11400000	3.91392686e-07	
0.11558333	3.48464296e-07	
0.11716667	9.64051828e-08	
0.11875000	-3.32038059e-08	
0.12033333	-1.57292840e-08	
0.12191667	6.05212436e-08	
0.12350000	1.15115062e-07	
0.12508333	1.28235058e-07	
0.12666667	4.32589115e-07	
0.12825000	3.78489259e-07	
0.12983333	3.76069139e-07	
0.13141667	4.91271348e-07	
0.13300000	4.96067571e-07	
0.13458333	6.57117357e-07	
0.13616667	2.50513549e-07	
0.13775000	1.23801143e-07	
0.13933333	1.82611314e-07	
0.14091667	4.74804145e-08	
0.14250000	1.08763621e-07	
0.14408333	8.03904242e-08	
0.14566667	2.56295920e-07	
0.14725000	5.11623389e-07	
0.14883333	4.13922245e-07	
0.15041667	4.04330135e-07	
0.15200000	2.99722089e-07	
0.15358333	3.23351285e-07	
0.15516667	2.89905912e-07	
0.15675000	6.58190323e-08	
0.15833333	1.21596954e-07	
0.15991667	1.33048418e-07	
0.16150000	1.47472383e-07	
0.16308333	3.24520561e-08	
0.16466667	-1.91634495e-07	
0.16625000	7.96826364e-08	
0.16783333	3.04424200e-07	
0.16941667	3.41370038e-07	
0.17100000	4.40324994e-07	
0.17258333	3.43816367e-07	
0.17416667	5.08599029e-07	
0.17575000	3.59000581e-07	
0.17733333	-2.60557239e-08	
0.17891667	7.68558046e-08	
0.18050000	7.82123814e-08	
0.18208333	2.20956514e-07	
0.18366667	1.92601210e-07	
0.18525000	8.17831017e-08	
0.18683333	3.37949516e-07	
0.18841667	4.86865686e-07	
0.19000000	4.23213510e-07	
0.19158333	3.42580616e-07	
0.19316667	5.23593534e-07	
0.19475000	4.65630345e-07	
0.19633333	2.64125576e-07	
0.19791667	2.27335187e-07	
0.19950000	1.95531668e-07	
0.20108333	1.93112639e-07	
0.20266667	2.31371960e-07	
0.20425000	-5.53709060e-08	
0.20583333	2.21174630e-07	
0.20741667	2.76631385e-07	
0.20900000	4.45121833e-07	
0.21058333	3.49062431e-07	
0.21216667	4.16386076e-07	
0.21375000	4.98747403e-07	
0.21533333	3.41388238e-07	
0.21691667	2.75430299e-07	
0.21850000	2.23057309e-08	
0.22008333	-5.82757319e-08	
0.22166667	8.72441587e-08	
0.22325000	3.23744157e-08	
0.22483333	1.96532436e-08	
0.22641667	3.03942550e-07	
0.22800000	5.17889062e-07	
0.22958333	5.02247224e-07	
0.23116667	4.11416861e-07	
0.23275000	5.65681887e-07	
0.23433333	5.37939978e-07	
0.23591667	4.91919633e-07	
0.23750000	1.47870337e-07	
0.23908333	-1.04061958e-07	
0.24066667	1.66873362e-07	
0.24225000	8.18508577e-08	
0.24383333	5.24407286e-08	
0.24541667	3.65142019e-08	
0.24700000	1.87235833e-07	
0.24858333	4.16646095e-07	
0.25016667	3.31691151e-07	
0.25175000	4.29608801e-07	
0.25333333	3.97112251e-07	
0.25491667	1.96214856e-07	
0.25650000	-8.22414612e-08	
0.25808333	6.92156898e-08	
0.25966667	3.33157304e-08	
0.26125000	1.19522243e-07	
0.26283333	5.72812848e-08	
0.26441667	-1.45881112e-08	
0.26600000	1.42770160e-07	
0.26758333	4.25633518e-07	
0.26916667	3.99187340e-07	
0.27075000	2.77262533e-07	
0.27233333	3.28624314e-07	
0.27391667	4.34794186e-07	
0.27550000	3.31079464e-07	
0.27708333	-2.76527961e-09	
0.27866667	-9.29481897e-08	
0.28025000	2.12341340e-07	
0.28183333	1.80062612e-07	
0.28341667	-3.15877484e-08	
0.28500000	-4.15267313e-08	
0.28658333	1.07163959e-07	
0.28816667	3.51163617e-07	
0.28975000	3.45519460e-07	
0.29133333	4.18373913e-07	
0.29291667	4.88895385e-07	
0.29450000	4.38596644e-07	
0.29608333	5.71341389e-07	
0.29766667	-3.08954383e-08	
0.29925000	-8.34591659e-08	
0.30083333	3.25374495e-08	
0.30241667	-7.28811522e-08	
0.30400000	-7.32872615e-08	
0.30558333	-1.28148282e-07	
0.30716667	4.32529640e-07	
0.30875000	3.11554748e-07	
0.31033333	3.00751863e-07	
0.31191667	4.26453983e-07	
0.31350000	2.66311858e-07	
0.31508333	2.67479146e-07	
0.31666667	1.65622784e-07	
0.31825000	1.16929887e-07	
0.31983333	1.30981911e-07	
0.32141667	5.55701735e-08	
0.32300000	9.22745634e-08	
0.32458333	1.02195094e-07	
0.32616667	3.76959494e-07	
0.32775000	3.21407186e-07	
0.32933333	4.08954318e-07	
0.33091667	4.81332918e-07	
0.33250000	4.92480946e-07	
0.33408333	4.96932474e-07	
0.33566667	4.33454605e-07	
0.33725000	2.64022079e-08	
0.33883333	6.05128713e-08	
0.34041667	1.02445467e-07	
0.34200000	1.73969524e-07	
0.34358333	2.61861506e-07	
0.34516667	1.01174777e-07	
0.34675000	4.23515419e-07	
0.34833333	3.59312627e-07	
0.34991667	3.39080207e-07	
0.35150000	3.68896617e-07	
0.35308333	3.08097517e-07	
0.35466667	4.16827991e-07	
0.35625000	3.18642370e-07	
0.35783333	6.72192982e-08	
0.35941667	7.13856611e-08	
0.36100000	-1.72590899e-10	
0.36258333	5.00817277e-08	
0.36416667	-2.09843306e-08	
0.36575000	6.67956112e-08	
0.36733333	1.29047360e-07	
0.36891667	2.86146520e-07	
0.37050000	3.53124657e-07	
0.37208333	2.81782132e-07	
0.37366667	3.50574751e-07	
0.37525000	4.40065814e-07	
0.37683333	8.21023510e-08	
0.37841667	1.02022620e-07	
0.38000000	3.37388539e-08	
0.38158333	4.90447362e-08	
0.38316667	1.17587188e-07	
0.38475000	6.61999229e-09	
0.38633333	3.62606134e-07	
0.38791667	2.12289398e-07	
0.38950000	4.20706445e-07	
0.39108333	4.88981517e-07	
0.39266667	3.55802389e-07	
0.39425000	5.14130341e-07	
0.39583333	2.83631083e-07	
0.39741667	2.19684347e-08	
0.39900000	2.43279589e-08	
0.40058333	1.88750677e-08	
0.40216667	4.64872484e-08	
0.40375000	-5.50695355e-08	
0.40533333	1.31051466e-07	
0.40691667	3.54376901e-07	
0.40850000	2.75083391e-07	
0.41008333	3.30697583e-07	
0.41166667	2.25650155e-07	
0.41325000	3.76501870e-07	
0.41483333	4.69836666e-07	
0.41641667	2.03872752e-07	
0.41800000	1.53659919e-07	
0.41958333	1.11839482e-07	
0.42116667	2.13533885e-07	
0.42275000	1.37974203e-07	
0.42433333	-1.50463544e-08	
0.42591667	1.00935000e-08	
0.42750000	1.82508003e-07	
0.42908333	3.69190406e-07	
0.43066667	4.41276644e-07	
0.43225000	5.37162775e-07	
0.43383333	6.24752721e-07	
0.43541667	4.15738939e-07	
0.43700000	7.98116662e-08	
0.43858333	2.40776346e-08	
0.44016667	-2.06985025e-08	
0.44175000	1.65802412e-07	
0.44333333	9.70529218e-08	
0.44491667	3.89937832e-08	
0.44650000	2.53263020e-07	
0.44808333	4.33452813e-07	
0.44966667	4.68326530e-07	
0.45125000	3.30179167e-07	
0.45283333	3.18727802e-07	
0.45441667	4.26498953e-07	
0.45600000	3.16913376e-07	
0.45758333	1.05306831e-07	
0.45916667	4.07658707e-08	
0.46075000	1.01434082e-07	
0.46233333	6.97000345e-08	
0.46391667	2.57539736e-08	
0.46550000	1.54222170e-07	
0.46708333	1.73226651e-07	
0.46866667	4.41621956e-07	
0.47025000	2.38569893e-07	
0.47183333	2.02091256e-07	
0.47341667	2.04424475e-07	
0.47500000	1.84201911e-07	
0.47658333	2.40350269e-07	
0.47816667	8.65791429e-08	
0.47975000	-4.35494126e-08	
0.48133333	1.87273401e-08	
0.48291667	-7.22424147e-09	
0.48450000	3.70057710e-08	
0.48608333	-6.23367961e-08	
0.48766667	4.58689730e-07	
0.48925000	3.61636843e-07	
0.49083333	4.39720363e-07	
0.49241667	4.62751480e-07	
0.49400000	3.85921829e-07	
0.49558333	4.27145138e-07	
0.49716667	1.61792016e-07	
0.49875000	1.15461522e-07	
0.50033333	1.69216367e-07	
0.50191667	1.29503907e-07	
0.50350000	-1.04744615e-07	
0.50508333	-1.79924103e-07	
0.50666667	1.21268919e-07	
0.50825000	3.53037965e-07	
0.50983333	2.36798561e-07	
0.51141667	2.61256623e-07	
0.51300000	2.30317867e-07	
0.51458333	3.37093042e-07	
0.51616667	3.51440045e-07	
0.51775000	-1.57204426e-08	
0.51933333	1.13041380e-07	
0.52091667	7.88260360e-08	
0.52250000	1.95152111e-07	
0.52408333	2.77071648e-07	
0.52566667	3.07173699e-07	
0.52725000	4.73340183e-07	
0.52883333	8.18183721e-07	
0.53041667	7.27941775e-07	
0.53200000	6.79458664e-07	
0.53358333	7.03093852e-07	
0.53516667	1.04411992e-06	
0.53675000	9.21165285e-07	
0.53833333	1.09259167e-06	
0.53991667	1.22912501e-06	
0.54150000	1.43605474e-06	
0.54308333	1.80047015e-06	
0.54466667	2.06940060e-06	
0.54625000	2.71542924e-06	
0.54783333	3.45363734e-06	
0.54941667	3.95116859e-06	
0.55100000	4.90701679e-06	
0.55258333	5.85506810e-06	
0.55416667	7.00717554e-06	
0.55575000	8.82050151e-06	
0.55733333	1.14037935e-05	
0.55891667	1.48277128e-05	
0.56050000	1.91144067e-05	
0.56208333	2.48802928e-05	
0.56366667	3.34163321e-05	
0.56525000	4.64339576e-05	
0.56683333	7.14923241e-05	
0.56841667	1.16703380e-04	
0.57000000	1.72622619e-04	
0.57158333	2.05682861e-04	
0.57316667	2.02592841e-04	
0.57475000	2.02423124e-04	
0.57633333	2.20545573e-04	
0.57791667	3.13635462e-04	
0.57950000	5.15537550e-04	
0.58108333	7.89858667e-04	
0.58266667	1.17256056e-03	
0.58425000	1.10340622e-03	
0.58583333	1.92089412e-03	
0.58741667	3.53017132e-03	
0.58900000	4.18579473e-03	
0.59058333	1.28245582e-02	
0.59216667	1.74218119e-02	
0.59375000	2.06811617e-02	
0.59533333	3.32936771e-02	
0.59691667	3.64818382e-02	
0.59850000	5.60502654e-02	
0.60008333	6.70022534e-02	
0.60166667	1.16060135e-01	
0.60325000	1.15841693e-01	
0.60483333	1.38021534e-01	
0.60641667	1.64870403e-01	
0.60800000	1.67964659e-01	
0.60958333	1.93836262e-01	
0.61116667	1.92463203e-01	
0.61275000	1.91405222e-01	
0.61433333	3.47178657e-01	
0.61591667	4.35998909e-01	
0.61750000	1.00180982e+00	
0.61908333	7.57142937e+00	
0.62066667	1.13232457e+01	
0.62225000	1.46184417e+01	
0.62383333	1.72220803e+01	
0.62541667	1.79465705e+01	
0.62700000	1.95321769e+01	
0.62858333	2.15180798e+01	
0.63016667	2.31563319e+01	
0.63175000	2.56115670e+01	
0.63333333	2.63078852e+01	
0.63491667	2.68503269e+01	
0.63650000	2.84184968e+01	
0.63808333	2.90318080e+01	
0.63966667	2.93392003e+01	
0.64125000	3.07468904e+01	
0.64283333	3.22915655e+01	
