start voltage : 0.00 V 
set voltage : 0.10 V 
High G : 30.00 G0 
Intermediate G : 20.00 G0 
Low G : 10.00 G0 
Breaking speed 1 : 300.00 V/s 
Breaking speed 2 : 300.00 V/s 
Making speed : 500.00 V/s 
Post breaking : 230.00 V/s 
@ 
0.00000000	4.22024561e+01	
0.00158333	4.26973595e+01	
0.00316667	4.28300263e+01	
0.00475000	4.26740958e+01	
0.00633333	4.28054472e+01	
0.00791667	4.27699091e+01	
0.00950000	4.28715100e+01	
0.01108333	4.27861748e+01	
0.01266667	4.26339125e+01	
0.01425000	4.27194468e+01	
0.01583333	4.26643244e+01	
0.01741667	4.25795755e+01	
0.01900000	4.27012643e+01	
0.02058333	4.27238590e+01	
0.02216667	4.26618589e+01	
0.02375000	4.26818830e+01	
0.02533333	4.27653315e+01	
0.02691667	4.26116936e+01	
0.02850000	4.25269523e+01	
0.03008333	4.27852428e+01	
0.03166667	4.25641666e+01	
0.03325000	4.25471905e+01	
0.03483333	4.26567214e+01	
0.03641667	4.24636556e+01	
0.03800000	4.24409331e+01	
0.03958333	4.21681432e+01	
0.04116667	4.24013698e+01	
0.04275000	4.25549325e+01	
0.04433333	4.25538389e+01	
0.04591667	4.24782602e+01	
0.04750000	4.24243479e+01	
0.04908333	4.25010353e+01	
0.05066667	4.25780083e+01	
0.05225000	4.25142380e+01	
0.05383333	4.28689469e+01	
0.05541667	4.27404292e+01	
0.05700000	4.26411697e+01	
0.05858333	4.27082434e+01	
0.06016667	4.27891476e+01	
0.06175000	4.26789891e+01	
0.06333333	4.26062667e+01	
0.06491667	4.28082509e+01	
0.06650000	4.27709050e+01	
0.06808333	4.26963523e+01	
0.06966667	4.29184207e+01	
0.07125000	4.26359908e+01	
0.07283333	4.26710028e+01	
0.07441667	4.26191951e+01	
0.07600000	4.23204055e+01	
0.07758333	4.25153092e+01	
0.07916667	4.24914630e+01	
0.08075000	4.26673159e+01	
0.08233333	4.26158841e+01	
0.08391667	4.23505355e+01	
0.08550000	4.24990058e+01	
0.08708333	4.21671247e+01	
0.08866667	4.24145350e+01	
0.09025000	4.23730363e+01	
0.09183333	4.22668427e+01	
0.09341667	4.24123815e+01	
0.09500000	4.23095968e+01	
0.09658333	4.23261406e+01	
0.09816667	4.21992579e+01	
0.09975000	4.22572404e+01	
0.10133333	4.22510467e+01	
0.10291667	4.21243406e+01	
0.10450000	4.21104764e+01	
0.10608333	4.20194324e+01	
0.10766667	4.19401781e+01	
0.10925000	4.20345782e+01	
0.11083333	4.19554554e+01	
0.11241667	4.19612394e+01	
0.11400000	4.19631449e+01	
0.11558333	4.17591575e+01	
0.11716667	4.19308689e+01	
0.11875000	4.17083871e+01	
0.12033333	4.16944627e+01	
0.12191667	4.17505924e+01	
0.12350000	4.16713532e+01	
0.12508333	4.17128782e+01	
0.12666667	4.14778664e+01	
0.12825000	4.16107399e+01	
0.12983333	4.15165840e+01	
0.13141667	4.14011790e+01	
0.13300000	4.15311436e+01	
0.13458333	4.14254799e+01	
0.13616667	4.13758972e+01	
0.13775000	4.12086844e+01	
0.13933333	4.16607887e+01	
0.14091667	4.11301480e+01	
0.14250000	4.10521865e+01	
0.14408333	4.12151674e+01	
0.14566667	4.10561552e+01	
0.14725000	4.10662537e+01	
0.14883333	4.09474136e+01	
0.15041667	4.08436141e+01	
0.15200000	4.09067680e+01	
0.15358333	4.08395852e+01	
0.15516667	4.06671297e+01	
0.15675000	4.07476656e+01	
0.15833333	4.03597111e+01	
0.15991667	3.95043902e+01	
0.16150000	3.93023233e+01	
0.16308333	3.94032365e+01	
0.16466667	3.94139964e+01	
0.16625000	3.92885643e+01	
0.16783333	3.94962422e+01	
0.16941667	3.94415896e+01	
0.17100000	3.93018610e+01	
0.17258333	3.91428601e+01	
0.17416667	3.82109419e+01	
0.17575000	3.63266568e+01	
0.17733333	3.62726994e+01	
0.17891667	3.63234510e+01	
0.18050000	3.60815428e+01	
0.18208333	3.60147547e+01	
0.18366667	3.62127701e+01	
0.18525000	3.61760744e+01	
0.18683333	3.58544985e+01	
0.18841667	3.61836774e+01	
0.19000000	3.60430356e+01	
0.19158333	3.62052122e+01	
0.19316667	3.60148524e+01	
0.19475000	3.60198433e+01	
0.19633333	3.61414382e+01	
0.19791667	3.59588580e+01	
0.19950000	3.61100906e+01	
0.20108333	3.56111959e+01	
0.20266667	3.59399577e+01	
0.20425000	3.58682161e+01	
0.20583333	3.57432538e+01	
0.20741667	3.58339145e+01	
0.20900000	3.53028378e+01	
0.21058333	3.53452987e+01	
0.21216667	3.53253310e+01	
0.21375000	3.49828704e+01	
0.21533333	3.46914921e+01	
0.21691667	3.44802776e+01	
0.21850000	3.46795634e+01	
0.22008333	3.45137299e+01	
0.22166667	3.43434166e+01	
0.22325000	3.43218254e+01	
0.22483333	3.42255499e+01	
0.22641667	3.43635985e+01	
0.22800000	3.42990165e+01	
0.22958333	3.41508018e+01	
0.23116667	3.24495968e+01	
0.23275000	3.22867925e+01	
0.23433333	3.20837560e+01	
0.23591667	3.19573505e+01	
0.23750000	3.18396642e+01	
0.23908333	3.17187721e+01	
0.24066667	3.16765931e+01	
0.24225000	3.16695163e+01	
0.24383333	3.16632062e+01	
0.24541667	3.16535963e+01	
0.24700000	3.17359098e+01	
0.24858333	3.16120449e+01	
0.25016667	3.17040096e+01	
0.25175000	3.15671712e+01	
0.25333333	3.15129376e+01	
0.25491667	3.15635219e+01	
0.25650000	3.13912825e+01	
0.25808333	3.13495733e+01	
0.25966667	3.12097527e+01	
0.26125000	3.12896459e+01	
0.26283333	3.12339728e+01	
0.26441667	3.11184193e+01	
0.26600000	3.11189248e+01	
0.26758333	3.11468318e+01	
0.26916667	3.08314194e+01	
0.27075000	3.06662211e+01	
0.27233333	3.06969825e+01	
0.27391667	3.06747919e+01	
0.27550000	3.05939140e+01	
0.27708333	3.06734201e+01	
0.27866667	3.06654544e+01	
0.28025000	3.04285597e+01	
0.28183333	3.06022028e+01	
0.28341667	3.03400000e+01	
0.28500000	2.93874621e+01	
0.28658333	2.91104291e+01	
0.28816667	2.90962754e+01	
0.28975000	2.92455086e+01	
0.29133333	2.91027641e+01	
0.29291667	2.91698491e+01	
0.29450000	2.91383304e+01	
0.29608333	2.90848315e+01	
0.29766667	2.91759281e+01	
0.29925000	2.90763472e+01	
0.30083333	2.90562781e+01	
0.30241667	2.90096531e+01	
0.30400000	2.87856135e+01	
0.30558333	2.85493032e+01	
0.30716667	2.84245833e+01	
0.30875000	2.83594244e+01	
0.31033333	2.81938465e+01	
0.31191667	2.81109843e+01	
0.31350000	2.81803543e+01	
0.31508333	2.79538831e+01	
0.31666667	2.79631059e+01	
0.31825000	2.79719228e+01	
0.31983333	2.83583739e+01	
0.32141667	2.79662065e+01	
0.32300000	2.78953313e+01	
0.32458333	2.79385532e+01	
0.32616667	2.67513492e+01	
0.32775000	2.54957147e+01	
0.32933333	2.54561778e+01	
0.33091667	2.56407199e+01	
0.33250000	2.57788079e+01	
0.33408333	2.56167609e+01	
0.33566667	2.56236498e+01	
0.33725000	2.55519064e+01	
0.33883333	2.54325571e+01	
0.34041667	2.53986406e+01	
0.34200000	2.54269141e+01	
0.34358333	2.54387432e+01	
0.34516667	2.50945519e+01	
0.34675000	2.47236318e+01	
0.34833333	2.48466173e+01	
0.34991667	2.43141256e+01	
0.35150000	2.38866474e+01	
0.35308333	2.35153064e+01	
0.35466667	2.34849283e+01	
0.35625000	2.37511056e+01	
0.35783333	2.38936227e+01	
0.35941667	2.40552620e+01	
0.36100000	2.39667924e+01	
0.36258333	2.39770055e+01	
0.36416667	2.38289411e+01	
0.36575000	2.37839866e+01	
0.36733333	2.37284601e+01	
0.36891667	2.38139099e+01	
0.37050000	2.36849808e+01	
0.37208333	2.36383031e+01	
0.37366667	2.26875354e+01	
0.37525000	2.18527195e+01	
0.37683333	2.11223176e+01	
0.37841667	2.10049113e+01	
0.38000000	2.12856555e+01	
0.38158333	2.07923175e+01	
0.38316667	2.05044851e+01	
0.38475000	2.04787429e+01	
0.38633333	2.08418796e+01	
0.38791667	2.07282597e+01	
0.38950000	2.06474326e+01	
0.39108333	2.06627720e+01	
0.39266667	2.04376030e+01	
0.39425000	2.03692515e+01	
0.39583333	2.03504132e+01	
0.39741667	2.00958828e+01	
0.39900000	2.03729289e+01	
0.40058333	1.98831161e+01	
0.40216667	1.98525332e+01	
0.40375000	1.99700974e+01	
0.40533333	1.97312334e+01	
0.40691667	1.97670665e+01	
0.40850000	1.92119520e+01	
0.41008333	1.83901209e+01	
0.41166667	1.80554812e+01	
0.41325000	1.78617765e+01	
0.41483333	1.77974688e+01	
0.41641667	1.78058648e+01	
0.41800000	1.77024392e+01	
0.41958333	1.75469729e+01	
0.42116667	1.70237041e+01	
0.42275000	1.67727816e+01	
0.42433333	1.68135043e+01	
0.42591667	1.61660567e+01	
0.42750000	1.60621407e+01	
0.42908333	1.59953638e+01	
0.43066667	1.60419889e+01	
0.43225000	1.57772943e+01	
0.43383333	1.56600449e+01	
0.43541667	1.56869794e+01	
0.43700000	1.56029399e+01	
0.43858333	1.51112085e+01	
0.44016667	1.50301502e+01	
0.44175000	1.50176916e+01	
0.44333333	1.51229559e+01	
0.44491667	1.49626424e+01	
0.44650000	1.50136515e+01	
0.44808333	1.48933682e+01	
0.44966667	1.48067317e+01	
0.45125000	1.45131539e+01	
0.45283333	1.44337408e+01	
0.45441667	1.44842031e+01	
0.45600000	1.29945978e+01	
0.45758333	1.28504683e+01	
0.45916667	1.29179499e+01	
0.46075000	1.27069261e+01	
0.46233333	1.24154839e+01	
0.46391667	1.23898046e+01	
0.46550000	1.26149520e+01	
0.46708333	1.24117247e+01	
0.46866667	1.23994108e+01	
0.47025000	1.24122330e+01	
0.47183333	1.20881268e+01	
0.47341667	1.21160479e+01	
0.47500000	1.23849884e+01	
0.47658333	1.23421921e+01	
0.47816667	1.24019063e+01	
0.47975000	1.25919392e+01	
0.48133333	1.25768742e+01	
0.48291667	1.24887776e+01	
0.48450000	1.23827983e+01	
0.48608333	1.23408222e+01	
0.48766667	1.22291266e+01	
0.48925000	1.22220160e+01	
0.49083333	1.21463414e+01	
0.49241667	1.10616629e+01	
0.49400000	1.02528965e+01	
0.49558333	9.78090914e+00	
0.49716667	9.76368689e+00	
0.49875000	9.77406440e+00	
0.50033333	9.80747632e+00	
0.50191667	9.67793080e+00	
0.50350000	9.34124851e+00	
0.50508333	9.41641287e+00	
0.50666667	9.29486118e+00	
0.50825000	9.07221123e+00	
0.50983333	8.91510260e+00	
0.51141667	8.87249797e+00	
0.51300000	8.51188774e+00	
0.51458333	8.26757327e+00	
0.51616667	8.34160827e+00	
0.51775000	8.45863688e+00	
0.51933333	8.28020573e+00	
0.52091667	8.26826103e+00	
0.52250000	8.46122445e+00	
0.52408333	8.39336991e+00	
0.52566667	8.27254451e+00	
0.52725000	8.25055208e+00	
0.52883333	8.26346548e+00	
0.53041667	8.02518866e+00	
0.53200000	6.93703893e+00	
0.53358333	6.82132148e+00	
0.53516667	6.58590893e+00	
0.53675000	6.70711203e+00	
0.53833333	6.64518522e+00	
0.53991667	6.98987920e+00	
0.54150000	6.48374707e+00	
0.54308333	6.30546672e+00	
0.54466667	6.28907411e+00	
0.54625000	6.44264809e+00	
0.54783333	6.30747739e+00	
0.54941667	5.80099950e+00	
0.55100000	5.94036490e+00	
0.55258333	6.02489861e+00	
0.55416667	5.86452311e+00	
0.55575000	5.83028250e+00	
0.55733333	5.87692538e+00	
0.55891667	4.72232483e+00	
0.56050000	4.07329360e+00	
0.56208333	3.82008684e+00	
0.56366667	3.87454762e+00	
0.56525000	3.97475001e+00	
0.56683333	3.96920751e+00	
0.56841667	3.90687316e+00	
0.57000000	3.77071310e+00	
0.57158333	3.77249827e+00	
0.57316667	3.78520896e+00	
0.57475000	3.76956871e+00	
0.57633333	3.79349852e+00	
0.57791667	3.76646321e+00	
0.57950000	3.74133028e+00	
0.58108333	3.83391960e+00	
0.58266667	3.56340180e+00	
0.58425000	3.32414947e+00	
0.58583333	3.35920610e+00	
0.58741667	3.24775193e+00	
0.58900000	3.14844706e+00	
0.59058333	3.16499728e+00	
0.59216667	3.22714372e+00	
0.59375000	2.64016309e+00	
0.59533333	2.24600753e+00	
0.59691667	2.21730871e+00	
0.59850000	2.19475090e+00	
0.60008333	2.12656916e+00	
0.60166667	2.11620551e+00	
0.60325000	1.68790764e+00	
0.60483333	1.35551552e+00	
0.60641667	1.31832456e+00	
0.60800000	1.29885428e+00	
0.60958333	1.26327431e+00	
0.61116667	1.22038452e+00	
0.61275000	1.18197470e+00	
0.61433333	1.14931890e+00	
0.61591667	1.02204620e+00	
0.61750000	8.05217030e-01	
0.61908333	9.30935576e-01	
0.62066667	6.97779391e-01	
0.62225000	7.04354593e-01	
0.62383333	6.24738215e-01	
0.62541667	5.29660099e-01	
0.62700000	5.15740073e-01	
0.62858333	4.85897393e-01	
0.63016667	4.75455230e-01	
0.63175000	3.59516014e-01	
0.63333333	3.12649509e-01	
0.63491667	2.75848989e-01	
0.63650000	2.06793923e-01	
0.63808333	2.03493095e-01	
0.63966667	1.88033618e-01	
0.64125000	1.70346137e-01	
0.64283333	1.56083917e-01	
0.64441667	8.26691169e-02	
0.64600000	4.20475718e-02	
0.64758333	3.60330632e-02	
0.64916667	3.46778967e-02	
0.65075000	2.98795043e-02	
0.65233333	2.61418987e-02	
0.65391667	2.89571420e-02	
0.65550000	3.70917342e-02	
0.65708333	2.19931375e-02	
0.65866667	1.82478851e-02	
0.66025000	1.73550017e-02	
0.66183333	1.52767087e-02	
0.66341667	1.13842031e-02	
0.66500000	1.34102099e-02	
0.66658333	1.17367433e-02	
0.66816667	1.19007572e-02	
0.66975000	9.92776443e-03	
0.67133333	8.67451884e-03	
0.67291667	7.93423330e-03	
0.67450000	7.69653130e-03	
0.67608333	7.28723321e-03	
0.67766667	2.60144407e-02	
0.67925000	3.42954125e-02	
0.68083333	3.39752957e-02	
0.68241667	2.98035738e-02	
0.68400000	2.70933105e-02	
0.68558333	2.52008681e-02	
0.68716667	2.11277383e-02	
0.68875000	2.11923701e-02	
0.69033333	1.50409335e-02	
0.69191667	1.41804450e-02	
0.69350000	1.11166075e-02	
0.69508333	1.05685569e-02	
0.69666667	1.00347548e-02	
0.69825000	7.98596817e-03	
0.69983333	7.84486349e-03	
0.70141667	8.53822301e-03	
0.70300000	7.63411024e-03	
0.70458333	6.44252507e-03	
0.70616667	6.20464001e-03	
0.70775000	5.44641096e-03	
0.70933333	4.56976904e-03	
0.71091667	5.97450041e-03	
0.71250000	6.00398114e-03	
0.71408333	1.67817853e-03	
0.71566667	3.91294800e-03	
0.71725000	3.02173477e-03	
0.71883333	1.69147812e-03	
0.72041667	1.90937939e-03	
0.72200000	1.45202154e-03	
0.72358333	1.64969850e-03	
0.72516667	1.58298666e-03	
0.72675000	1.28535864e-03	
0.72833333	1.47553926e-03	
0.72991667	1.20748394e-03	
0.73150000	1.20016893e-03	
0.73308333	1.10618317e-03	
0.73466667	1.45190157e-03	
0.73625000	1.14700521e-03	
0.73783333	1.04859161e-03	
0.73941667	1.17388527e-03	
0.74100000	7.60444119e-04	
0.74258333	6.57825466e-04	
0.74416667	2.07228064e-04	
0.74575000	5.30627555e-05	
0.74733333	1.97849638e-05	
0.74891667	5.62118323e-06	
0.75050000	-1.31827530e-06	
0.75208333	-4.66805989e-06	
0.75366667	-5.88099995e-06	
0.75525000	-5.50189833e-06	
0.75683333	-4.30947311e-06	
0.75841667	-2.91573365e-06	
0.76000000	-1.50521560e-06	
0.76158333	-4.05748706e-07	
0.76316667	6.10362259e-07	
0.76475000	1.49422634e-06	
0.76633333	1.85276137e-06	
0.76791667	1.97084783e-06	
0.76950000	1.93608057e-06	
0.77108333	2.22094049e-06	
0.77266667	2.18580899e-06	
0.77425000	1.88737451e-06	
0.77583333	1.75427244e-06	
0.77741667	1.64714188e-06	
0.77900000	1.35073491e-06	
0.78058333	9.85396023e-07	
0.78216667	8.42409344e-07	
0.78375000	8.19074104e-07	
0.78533333	6.83875470e-07	
0.78691667	6.83345070e-07	
0.78850000	5.65032873e-07	
0.79008333	3.46771368e-07	
0.79166667	6.61472561e-07	
0.79325000	7.35114017e-07	
0.79483333	6.54914274e-07	
0.79641667	5.34439037e-07	
0.79800000	6.10264479e-07	
0.79958333	6.13257869e-07	
0.80116667	2.55207315e-07	
0.80275000	3.24129720e-07	
0.80433333	3.25166634e-07	
0.80591667	2.60002671e-07	
0.80750000	1.80882978e-07	
0.80908333	1.62008717e-07	
0.81066667	4.23170892e-07	
0.81225000	5.43946079e-07	
0.81383333	5.14821356e-07	
0.81541667	6.83519910e-07	
0.81700000	7.37233040e-07	
0.81858333	5.54317465e-07	
0.82016667	3.18771119e-07	
0.82175000	2.07733957e-07	
0.82333333	1.49511841e-07	
0.82491667	1.61222680e-07	
0.82650000	2.71999053e-07	
0.82808333	2.33298614e-07	
0.82966667	3.08574182e-07	
0.83125000	5.48917982e-07	
0.83283333	4.61758667e-07	
0.83441667	5.37593826e-07	
0.83600000	4.74980609e-07	
0.83758333	5.07087969e-07	
0.83916667	3.93483288e-07	
0.84075000	1.01936355e-07	
0.84233333	2.70763553e-07	
0.84391667	2.76380521e-07	
0.84550000	1.98695082e-07	
0.84708333	2.51171354e-07	
0.84866667	1.83345997e-07	
0.85025000	2.51231501e-07	
0.85183333	3.38949917e-07	
0.85341667	4.61887977e-07	
0.85500000	5.91219424e-07	
0.85658333	5.35173846e-07	
0.85816667	6.34042362e-07	
0.85975000	4.96803780e-07	
0.86133333	2.14268470e-07	
0.86291667	2.20292213e-07	
0.86450000	6.59407048e-08	
0.86608333	1.45604811e-07	
0.86766667	-6.11959829e-08	
0.86925000	2.27707379e-07	
0.87083333	5.01728585e-07	
0.87241667	4.14484818e-07	
0.87400000	6.17450273e-07	
0.87558333	4.91643428e-07	
0.87716667	6.08160129e-07	
0.87875000	6.46271351e-07	
0.88033333	4.05972576e-07	
0.88191667	1.85334352e-07	
0.88350000	1.97692273e-07	
0.88508333	2.30308738e-07	
0.88666667	1.22463495e-08	
0.88825000	2.97560322e-08	
0.88983333	3.18079572e-07	
0.89141667	3.18902529e-07	
0.89300000	5.15667778e-07	
0.89458333	5.77954053e-07	
0.89616667	3.50524236e-07	
0.89775000	5.90312632e-07	
0.89933333	4.18027089e-07	
0.90091667	1.66597689e-07	
0.90250000	1.40091588e-07	
0.90408333	6.17488747e-08	
0.90566667	2.46175678e-07	
0.90725000	7.50929435e-08	
0.90883333	1.53738546e-07	
0.91041667	3.03950082e-07	
0.91200000	5.91998363e-07	
0.91358333	6.17189638e-07	
0.91516667	4.61281694e-07	
0.91675000	4.77356795e-07	
0.91833333	7.20369900e-07	
0.91991667	4.20812794e-07	
0.92150000	3.74946820e-07	
0.92308333	2.56546223e-07	
0.92466667	2.33644542e-07	
0.92625000	1.25692320e-07	
0.92783333	1.05782272e-07	
0.92941667	1.85946964e-07	
0.93100000	3.42407932e-07	
0.93258333	4.66899754e-07	
0.93416667	4.02904059e-07	
0.93575000	4.10638426e-07	
0.93733333	5.18177643e-07	
0.93891667	4.14052059e-07	
0.94050000	2.93189760e-07	
0.94208333	2.06543086e-09	
0.94366667	1.54212902e-07	
0.94525000	3.38518306e-07	
0.94683333	2.43738001e-07	
0.94841667	2.02195239e-07	
0.95000000	3.04589519e-07	
0.95158333	4.19150948e-07	
0.95316667	4.82412814e-07	
0.95475000	4.99249074e-07	
0.95633333	5.62874761e-07	
0.95791667	4.16818331e-07	
0.95950000	4.45900296e-07	
0.96108333	2.40143451e-07	
0.96266667	6.59838127e-08	
0.96425000	2.71195109e-07	
0.96583333	2.33557808e-07	
0.96741667	1.09195317e-07	
0.96900000	2.02740577e-07	
0.97058333	2.07008627e-07	
0.97216667	5.29253652e-07	
0.97375000	4.10552798e-07	
0.97533333	5.13007883e-07	
0.97691667	5.55181191e-07	
0.97850000	4.25330993e-07	
0.98008333	2.67003321e-07	
0.98166667	-6.96227160e-08	
0.98325000	8.66215228e-08	
0.98483333	1.50159930e-07	
0.98641667	4.04976747e-08	
0.98800000	1.54446306e-07	
0.98958333	2.15477411e-07	
0.99116667	3.88643551e-07	
0.99275000	4.45337303e-07	
0.99433333	2.90459049e-07	
0.99591667	4.69061059e-07	
0.99750000	4.89109987e-07	
0.99908333	4.61888341e-07	
1.00066667	1.00647373e-07	
1.00225000	1.13861789e-07	
1.00383333	1.91944637e-07	
1.00541667	-1.83644910e-08	
1.00700000	1.25615316e-07	
1.00858333	1.15122714e-07	
1.01016667	2.29409184e-07	
1.01175000	4.92005317e-07	
1.01333333	3.91063587e-07	
1.01491667	4.70487919e-07	
1.01650000	3.91928350e-07	
1.01808333	5.04105500e-07	
1.01966667	4.46848642e-07	
1.02125000	1.30671321e-07	
1.02283333	2.26946193e-07	
1.02441667	1.77210600e-07	
1.02600000	2.02056128e-07	
1.02758333	1.37983289e-07	
1.02916667	2.70746165e-07	
1.03075000	6.31361298e-07	
1.03233333	4.53807431e-07	
1.03391667	4.91919521e-07	
1.03550000	4.81289572e-07	
1.03708333	4.08564429e-07	
1.03866667	6.56701427e-07	
1.04025000	3.38346294e-07	
1.04183333	4.75761648e-08	
1.04341667	9.44165265e-08	
1.04500000	1.00942513e-07	
1.04658333	1.00414711e-07	
1.04816667	3.36623055e-08	
1.04975000	4.66899810e-07	
1.05133333	4.86863054e-07	
1.05291667	3.41370626e-07	
1.05450000	3.24043560e-07	
1.05608333	4.23559577e-07	
1.05766667	4.02256110e-07	
1.05925000	3.98539027e-07	
1.06083333	1.31967317e-07	
1.06241667	1.10618456e-08	
1.06400000	5.87681200e-08	
1.06558333	2.08548262e-07	
1.06716667	-6.68936453e-09	
1.06875000	-7.19820249e-08	
1.07033333	2.28071046e-07	
1.07191667	5.09204248e-07	
1.07350000	5.94288362e-07	
1.07508333	4.57781845e-07	
1.07666667	4.21398048e-07	
1.07825000	4.21165302e-07	
1.07983333	2.57497090e-07	
1.08141667	1.37541920e-07	
1.08300000	1.39970091e-07	
1.08458333	3.55201223e-08	
1.08616667	1.33981518e-07	
1.08775000	3.67374349e-08	
1.08933333	2.55942012e-07	
1.09091667	5.24812261e-07	
1.09250000	4.75023675e-07	
1.09408333	5.44163369e-07	
1.09566667	4.09730653e-07	
1.09725000	6.50377623e-07	
1.09883333	5.93986229e-07	
1.10041667	2.86024238e-07	
1.10200000	2.14069647e-07	
1.10358333	2.52052610e-07	
1.10516667	3.54161151e-07	
1.10675000	2.39261608e-07	
1.10833333	1.60315005e-07	
1.10991667	5.28787935e-07	
1.11150000	3.98653328e-07	
1.11308333	4.32546945e-07	
1.11466667	4.00829530e-07	
1.11625000	5.51465033e-07	
1.11783333	7.67124269e-07	
1.11941667	8.24695581e-07	
1.12100000	5.80278774e-07	
1.12258333	3.16308521e-07	
1.12416667	3.69846811e-07	
1.12575000	4.02732159e-07	
1.12733333	8.57752058e-08	
1.12891667	2.44490870e-07	
1.13050000	3.32859252e-07	
1.13208333	5.00787407e-07	
1.13366667	5.27266963e-07	
1.13525000	3.12418866e-07	
1.13683333	4.12193811e-07	
1.13841667	3.66172878e-07	
1.14000000	2.72535053e-07	
1.14158333	1.14035061e-07	
1.14316667	5.11189362e-08	
1.14475000	2.48163599e-07	
1.14633333	1.36591501e-07	
1.14791667	1.26479645e-07	
1.14950000	2.02576154e-07	
1.15108333	4.29072997e-07	
1.15266667	4.97968800e-07	
1.15425000	4.15867548e-07	
1.15583333	5.19575130e-07	
1.15741667	4.78222146e-07	
1.15900000	3.51300739e-07	
1.16058333	1.69440195e-07	
1.16216667	4.79905974e-08	
1.16375000	2.13464960e-07	
1.16533333	2.65750796e-07	
1.16691667	1.53487067e-07	
1.16850000	3.62111884e-07	
1.17008333	3.67644736e-07	
1.17166667	5.82879698e-07	
1.17325000	5.79553485e-07	
1.17483333	5.29643205e-07	
1.17641667	6.26308583e-07	
1.17800000	5.55568505e-07	
1.17958333	4.29652175e-07	
1.18116667	7.84018169e-08	
1.18275000	7.07455384e-08	
1.18433333	2.25391563e-07	
1.18591667	-7.34567461e-09	
1.18750000	1.42484855e-07	
1.18908333	1.62258965e-07	
1.19066667	4.58836736e-07	
1.19225000	5.51396318e-07	
1.19383333	4.58905619e-07	
1.19541667	6.17405919e-07	
1.19700000	6.55299628e-07	
1.19858333	5.97441976e-07	
1.20016667	3.36660534e-07	
1.20175000	5.37463011e-08	
1.20333333	1.42597560e-07	
1.20491667	1.46771820e-07	
1.20650000	1.75482740e-07	
1.20808333	1.42468209e-07	
1.20966667	1.64523048e-07	
1.21125000	4.68670470e-07	
1.21283333	3.97890658e-07	
1.21441667	4.96716472e-07	
1.21600000	5.77539859e-07	
1.21758333	5.76225144e-07	
1.21916667	5.54967150e-07	
1.22075000	3.15288603e-07	
1.22233333	2.41509325e-07	
1.22391667	2.55942236e-07	
1.22550000	3.09436425e-07	
1.22708333	3.61852481e-07	
1.22866667	3.14571911e-07	
1.23025000	4.11858048e-07	
1.23183333	5.59200324e-07	
1.23341667	4.76017383e-07	
1.23500000	4.98530953e-07	
1.23658333	3.36142455e-07	
1.23816667	3.35666938e-07	
1.23975000	2.11501988e-07	
1.24133333	6.53349746e-08	
1.24291667	1.92205090e-07	
1.24450000	1.83562475e-07	
1.24608333	2.07320589e-07	
1.24766667	8.73726215e-08	
1.24925000	1.19600787e-07	
1.25083333	4.22824348e-07	
1.25241667	3.37611457e-07	
1.25400000	5.26662136e-07	
1.25558333	5.20957608e-07	
1.25716667	6.75959459e-07	
1.25875000	6.18659480e-07	
1.26033333	4.18520723e-07	
1.26191667	2.79924500e-07	
@ 
0.00000000	2.08192800e-07	
0.00158333	1.86932090e-07	
0.00316667	1.36720881e-07	
0.00475000	-3.37566452e-08	
0.00633333	1.91902649e-07	
0.00791667	4.31422974e-07	
0.00950000	5.27309525e-07	
0.01108333	5.73417122e-07	
0.01266667	4.48630082e-07	
0.01425000	6.64246981e-07	
0.01583333	4.22522607e-07	
0.01741667	2.21034484e-07	
0.01900000	1.52104253e-07	
0.02058333	1.42035617e-07	
0.02216667	2.79578937e-07	
0.02375000	1.58957561e-07	
0.02533333	3.34284124e-07	
0.02691667	6.25139978e-07	
0.02850000	6.45967761e-07	
0.03008333	7.65361478e-07	
0.03166667	6.77167433e-07	
0.03325000	6.53920398e-07	
0.03483333	6.39919378e-07	
0.03641667	3.49019841e-07	
0.03800000	2.89171971e-07	
0.03958333	1.77209760e-07	
0.04116667	2.33990483e-07	
0.04275000	1.80769951e-07	
0.04433333	-1.93064025e-08	
0.04591667	2.37144461e-07	
0.04750000	4.39417137e-07	
0.04908333	4.53028296e-07	
0.05066667	4.72689714e-07	
0.05225000	5.02636890e-07	
0.05383333	4.26143477e-07	
0.05541667	4.10881561e-07	
0.05700000	2.47515006e-07	
0.05858333	1.75913567e-07	
0.06016667	1.14768603e-07	
0.06175000	2.94926006e-07	
0.06333333	1.71428774e-07	
0.06491667	2.42113620e-07	
0.06650000	4.57842496e-07	
0.06808333	7.16274380e-07	
0.06966667	8.43488288e-07	
0.07125000	5.51465705e-07	
0.07283333	6.69822255e-07	
0.07441667	5.34091821e-07	
0.07600000	4.23705688e-07	
0.07758333	2.70072314e-07	
0.07916667	1.62656008e-07	
0.08075000	1.99680208e-07	
0.08233333	1.81315696e-07	
0.08391667	1.02774412e-07	
0.08550000	1.83657553e-07	
0.08708333	3.31786608e-07	
0.08866667	6.32268818e-07	
0.09025000	5.61791896e-07	
0.09183333	4.70400667e-07	
0.09341667	6.64161857e-07	
0.09500000	5.67288431e-07	
0.09658333	3.86725017e-07	
0.09816667	7.43146066e-08	
0.09975000	1.15858622e-07	
0.10133333	2.50496776e-07	
0.10291667	1.48086115e-07	
0.10450000	1.74668534e-07	
0.10608333	3.49840166e-07	
0.10766667	5.95844896e-07	
0.10925000	6.43288993e-07	
0.11083333	4.80986822e-07	
0.11241667	5.72250533e-07	
0.11400000	5.45675493e-07	
0.11558333	5.48389263e-07	
0.11716667	3.72534624e-07	
0.11875000	1.27775949e-07	
0.12033333	2.08711747e-07	
0.12191667	2.50280214e-07	
0.12350000	2.15883681e-07	
0.12508333	1.86984158e-07	
0.12666667	2.82127611e-07	
0.12825000	6.09195559e-07	
0.12983333	5.22739160e-07	
0.13141667	5.77651304e-07	
0.13300000	6.13386171e-07	
0.13458333	6.29419635e-07	
0.13616667	4.96067795e-07	
0.13775000	1.53720878e-07	
0.13933333	1.14337075e-07	
0.14091667	1.84876434e-07	
0.14250000	1.49744741e-07	
0.14408333	1.18269943e-07	
0.14566667	7.05380211e-08	
0.14725000	3.36920218e-07	
0.14883333	5.18495009e-07	
0.15041667	5.32581769e-07	
0.15200000	5.68748808e-07	
0.15358333	6.63899822e-07	
0.15516667	5.65465157e-07	
0.15675000	3.64791296e-07	
0.15833333	1.06170775e-07	
0.15991667	2.59701293e-07	
0.16150000	2.97510746e-07	
0.16308333	3.66199956e-07	
0.16466667	3.18727830e-07	
0.16625000	2.86535065e-07	
0.16783333	4.67807275e-07	
0.16941667	5.82490257e-07	
0.17100000	5.91132621e-07	
0.17258333	5.69614215e-07	
0.17416667	5.86163574e-07	
0.17575000	6.63168653e-07	
0.17733333	1.29937450e-07	
0.17891667	1.24535658e-07	
0.18050000	2.89085559e-07	
0.18208333	2.71108445e-07	
0.18366667	3.69977045e-07	
0.18525000	2.04744809e-07	
0.18683333	4.42615244e-07	
0.18841667	7.86061015e-07	
0.19000000	6.58672939e-07	
0.19158333	6.94278105e-07	
0.19316667	5.93301878e-07	
0.19475000	6.09712014e-07	
0.19633333	4.62406589e-07	
0.19791667	1.00985194e-07	
0.19950000	3.51353297e-07	
0.20108333	2.81090557e-07	
0.20266667	4.45554396e-07	
0.20425000	2.16748500e-07	
0.20583333	2.29159497e-07	
0.20741667	6.64032380e-07	
0.20900000	5.26229348e-07	
0.21058333	7.81264400e-07	
0.21216667	6.85897329e-07	
0.21375000	6.44196570e-07	
0.21533333	5.43253832e-07	
0.21691667	1.92429842e-07	
0.21850000	1.69985127e-07	
0.22008333	2.44835902e-07	
0.22166667	4.39426545e-07	
0.22325000	4.08694970e-07	
0.22483333	1.48441591e-07	
0.22641667	4.73124293e-07	
0.22800000	6.40524037e-07	
0.22958333	6.64332441e-07	
0.23116667	7.10743460e-07	
0.23275000	6.69951117e-07	
0.23433333	7.56547971e-07	
0.23591667	4.79171949e-07	
0.23750000	3.18226299e-07	
0.23908333	2.59225440e-07	
0.24066667	1.59968154e-07	
0.24225000	1.52190749e-07	
0.24383333	-9.22134437e-08	
0.24541667	1.72135260e-07	
0.24700000	4.61863084e-07	
0.24858333	4.95463808e-07	
0.25016667	6.87019843e-07	
0.25175000	5.77952765e-07	
0.25333333	6.28683369e-07	
0.25491667	6.13645799e-07	
0.25650000	3.10601893e-07	
0.25808333	3.45562610e-07	
0.25966667	1.93820749e-07	
0.26125000	4.18762682e-07	
0.26283333	5.96880270e-07	
0.26441667	4.61671892e-07	
0.26600000	4.72474944e-07	
0.26758333	5.90114999e-07	
0.26916667	7.31181521e-07	
0.27075000	6.92810055e-07	
0.27233333	6.02023373e-07	
0.27391667	7.94574293e-07	
0.27550000	6.68783633e-07	
0.27708333	4.24251544e-07	
0.27866667	2.87010554e-07	
0.28025000	3.77623992e-07	
0.28183333	4.82759246e-07	
0.28341667	3.05504376e-07	
0.28500000	1.33090952e-07	
0.28658333	4.32150335e-07	
0.28816667	4.51517572e-07	
0.28975000	5.59675225e-07	
0.29133333	4.64047798e-07	
0.29291667	6.18874865e-07	
0.29450000	6.87191995e-07	
0.29608333	6.92491345e-07	
0.29766667	3.61333869e-07	
0.29925000	2.98720988e-07	
0.30083333	3.40118045e-07	
0.30241667	2.19515332e-07	
0.30400000	1.81186120e-07	
0.30558333	3.60555742e-07	
0.30716667	7.06032360e-07	
0.30875000	6.68740959e-07	
0.31033333	6.78549351e-07	
0.31191667	6.66364436e-07	
0.31350000	6.78939745e-07	
0.31508333	5.61646289e-07	
0.31666667	4.89541710e-07	
0.31825000	3.54852895e-07	
0.31983333	3.34500097e-07	
0.32141667	4.25486484e-07	
0.32300000	2.49191245e-07	
0.32458333	3.45823049e-07	
0.32616667	3.45735041e-07	
0.32775000	3.59727073e-07	
0.32933333	4.80857288e-07	
0.33091667	6.04053688e-07	
0.33250000	7.54092093e-07	
0.33408333	6.42770466e-07	
0.33566667	5.76483707e-07	
0.33725000	4.05021542e-07	
0.33883333	1.37240388e-07	
0.34041667	4.27059258e-07	
0.34200000	4.03206108e-07	
0.34358333	4.45511554e-07	
0.34516667	4.07777957e-07	
0.34675000	4.26868990e-07	
0.34833333	6.09368495e-07	
0.34991667	4.74894757e-07	
0.35150000	6.21900121e-07	
0.35308333	6.16974588e-07	
0.35466667	6.41346770e-07	
0.35625000	7.03525296e-07	
0.35783333	4.69285825e-07	
0.35941667	3.44481229e-07	
0.36100000	2.52657437e-07	
0.36258333	2.04130293e-07	
0.36416667	1.38190065e-07	
0.36575000	4.55887056e-08	
0.36733333	2.87874813e-07	
0.36891667	5.99083689e-07	
0.37050000	5.90485288e-07	
0.37208333	6.38148074e-07	
0.37366667	6.25097697e-07	
0.37525000	6.05912692e-07	
0.37683333	4.50783071e-07	
0.37841667	2.66268736e-07	
0.38000000	3.01832095e-07	
0.38158333	3.78748243e-07	
0.38316667	4.82973567e-07	
0.38475000	3.27715869e-07	
0.38633333	3.99508850e-07	
0.38791667	6.02169540e-07	
0.38950000	7.16836533e-07	
0.39108333	7.17181452e-07	
0.39266667	6.04355598e-07	
0.39425000	5.90787421e-07	
0.39583333	5.44595652e-07	
0.39741667	2.09091612e-07	
0.39900000	2.82602821e-07	
0.40058333	1.95704967e-07	
0.40216667	3.90070859e-07	
0.40375000	4.05376458e-07	
0.40533333	1.00077702e-07	
0.40691667	4.77185596e-07	
0.40850000	6.31837879e-07	
0.41008333	6.16368529e-07	
0.41166667	6.56468400e-07	
0.41325000	6.44153112e-07	
0.41483333	8.37248768e-07	
0.41641667	4.95678745e-07	
0.41800000	3.24387864e-07	
0.41958333	1.07553190e-07	
0.42116667	1.56684069e-07	
0.42275000	4.85740652e-07	
0.42433333	1.94581515e-07	
0.42591667	4.17856366e-07	
0.42750000	7.30446880e-07	
0.42908333	8.31995564e-07	
0.43066667	8.60601536e-07	
0.43225000	7.68041535e-07	
0.43383333	1.00764179e-06	
0.43541667	1.20634520e-06	
0.43700000	8.95099812e-07	
0.43858333	8.27975648e-07	
0.44016667	7.93752008e-07	
0.44175000	9.74507567e-07	
0.44333333	8.92535569e-07	
0.44491667	9.52725277e-07	
0.44650000	1.20165757e-06	
0.44808333	1.20313559e-06	
0.44966667	1.58277729e-06	
0.45125000	1.82216339e-06	
0.45283333	2.15423634e-06	
0.45441667	2.51539722e-06	
0.45600000	2.84021269e-06	
0.45758333	3.51849452e-06	
0.45916667	4.25183264e-06	
0.46075000	5.54697274e-06	
0.46233333	7.38275617e-06	
0.46391667	9.34642245e-06	
0.46550000	1.23472091e-05	
0.46708333	1.62231018e-05	
0.46866667	2.15730622e-05	
0.47025000	2.90448888e-05	
0.47183333	3.88043365e-05	
0.47341667	5.37947092e-05	
0.47500000	7.82029054e-05	
0.47658333	1.33051361e-04	
0.47816667	2.32642804e-04	
0.47975000	3.22853695e-04	
0.48133333	3.88288543e-04	
0.48291667	4.73735367e-04	
0.48450000	6.24163314e-04	
0.48608333	6.32075593e-04	
0.48766667	5.00393753e-04	
0.48925000	6.01783470e-04	
0.49083333	7.57750837e-04	
0.49241667	8.33454565e-04	
0.49400000	1.27286293e-03	
0.49558333	9.73020870e-04	
0.49716667	1.21800417e-03	
0.49875000	2.83470144e-03	
0.50033333	3.89816313e-03	
0.50191667	5.52075139e-03	
0.50350000	9.40811731e-03	
0.50508333	1.33407682e-02	
0.50666667	1.75871351e-02	
0.50825000	1.98579402e-02	
0.50983333	2.41200696e-02	
0.51141667	2.98629702e-02	
0.51300000	3.19357506e-02	
0.51458333	3.88104504e-02	
0.51616667	6.14233035e-02	
0.51775000	7.88920753e-02	
0.51933333	9.57689827e-02	
0.52091667	2.77765528e-01	
0.52250000	3.90861324e-01	
0.52408333	3.86557670e-01	
0.52566667	3.40661033e-01	
0.52725000	4.14297160e-01	
0.52883333	4.88176018e-01	
0.53041667	7.28638329e-01	
0.53200000	1.04947037e+00	
0.53358333	1.12780800e+00	
0.53516667	1.19781121e+00	
0.53675000	1.76183565e+00	
0.53833333	3.31867861e+00	
0.53991667	6.36959353e+00	
0.54150000	7.08704820e+00	
0.54308333	7.54897514e+00	
0.54466667	7.71256725e+00	
0.54625000	8.19967081e+00	
0.54783333	8.55679243e+00	
0.54941667	1.02654763e+01	
0.55100000	1.15769060e+01	
0.55258333	1.14969921e+01	
0.55416667	1.17710589e+01	
0.55575000	1.19998950e+01	
0.55733333	1.30783207e+01	
0.55891667	1.43299432e+01	
0.56050000	1.55048802e+01	
0.56208333	1.56990914e+01	
0.56366667	1.58011705e+01	
0.56525000	1.58887475e+01	
0.56683333	1.59451891e+01	
0.56841667	1.62816835e+01	
0.57000000	1.68138783e+01	
0.57158333	1.83994132e+01	
0.57316667	1.91227984e+01	
0.57475000	2.06095249e+01	
0.57633333	2.07220060e+01	
0.57791667	2.09294359e+01	
0.57950000	2.20931413e+01	
0.58108333	2.26823133e+01	
0.58266667	2.30945573e+01	
0.58425000	2.36398384e+01	
0.58583333	2.50480302e+01	
0.58741667	2.57434295e+01	
0.58900000	2.60528982e+01	
0.59058333	2.64670872e+01	
0.59216667	2.69402753e+01	
0.59375000	2.70507288e+01	
0.59533333	2.74022488e+01	
0.59691667	2.78984788e+01	
0.59850000	2.80783155e+01	
0.60008333	2.82427716e+01	
0.60166667	2.85113879e+01	
0.60325000	2.95842448e+01	
0.60483333	2.98043514e+01	
0.60641667	3.10380695e+01	
0.60800000	3.17255370e+01	
0.60958333	3.20312530e+01	
0.61116667	3.22347180e+01	
