start voltage : 0.00 V 
set voltage : 0.10 V 
High G : 30.00 G0 
Intermediate G : 20.00 G0 
Low G : 10.00 G0 
Breaking speed 1 : 300.00 V/s 
Breaking speed 2 : 300.00 V/s 
Making speed : 500.00 V/s 
Post breaking : 230.00 V/s 
@ 
0.00000000	3.95274396e+01	
0.00158333	4.02304982e+01	
0.00316667	4.01099594e+01	
0.00475000	4.01556073e+01	
0.00633333	4.01527209e+01	
0.00791667	3.99283563e+01	
0.00950000	4.00487636e+01	
0.01108333	3.99810547e+01	
0.01266667	3.97710917e+01	
0.01425000	4.00299121e+01	
0.01583333	3.99683705e+01	
0.01741667	4.00492634e+01	
0.01900000	3.99594634e+01	
0.02058333	4.00633983e+01	
0.02216667	3.99552955e+01	
0.02375000	3.96912361e+01	
0.02533333	3.98959713e+01	
0.02691667	3.98861998e+01	
0.02850000	3.97052018e+01	
0.03008333	3.98761690e+01	
0.03166667	3.98225123e+01	
0.03325000	3.98326596e+01	
0.03483333	3.97190811e+01	
0.03641667	3.97996282e+01	
0.03800000	3.98365757e+01	
0.03958333	3.97733767e+01	
0.04116667	3.97650108e+01	
0.04275000	3.97395298e+01	
0.04433333	3.97419576e+01	
0.04591667	3.97484143e+01	
0.04750000	3.95345803e+01	
0.04908333	3.97152213e+01	
0.05066667	3.97337909e+01	
0.05225000	3.94130230e+01	
0.05383333	3.96774733e+01	
0.05541667	3.97084113e+01	
0.05700000	3.96098659e+01	
0.05858333	3.94420368e+01	
0.06016667	3.96525335e+01	
0.06175000	3.95356627e+01	
0.06333333	3.91972497e+01	
0.06491667	3.96382821e+01	
0.06650000	3.94616211e+01	
0.06808333	3.94760416e+01	
0.06966667	3.95366699e+01	
0.07125000	3.94267707e+01	
0.07283333	3.95316639e+01	
0.07441667	3.92821414e+01	
0.07600000	3.94211934e+01	
0.07758333	3.94234522e+01	
0.07916667	3.93399548e+01	
0.08075000	3.95192992e+01	
0.08233333	3.93522819e+01	
0.08391667	3.95878424e+01	
0.08550000	3.93862491e+01	
0.08708333	3.92946564e+01	
0.08866667	3.94543564e+01	
0.09025000	3.91630871e+01	
0.09183333	3.94166798e+01	
0.09341667	3.93579343e+01	
0.09500000	3.92494445e+01	
0.09658333	3.91852007e+01	
0.09816667	3.90809615e+01	
0.09975000	3.92274060e+01	
0.10133333	3.91589004e+01	
0.10291667	3.89556496e+01	
0.10450000	3.92195776e+01	
0.10608333	3.90288005e+01	
0.10766667	3.89112006e+01	
0.10925000	3.88310369e+01	
0.11083333	3.86253583e+01	
0.11241667	3.87972989e+01	
0.11400000	3.85212844e+01	
0.11558333	3.84942362e+01	
0.11716667	3.82167597e+01	
0.11875000	3.78559738e+01	
0.12033333	3.78803612e+01	
0.12191667	3.77410686e+01	
0.12350000	3.78465180e+01	
0.12508333	3.76570300e+01	
0.12666667	3.77358446e+01	
0.12825000	3.77648133e+01	
0.12983333	3.76153058e+01	
0.13141667	3.76897683e+01	
0.13300000	3.75487018e+01	
0.13458333	3.76102434e+01	
0.13616667	3.75972924e+01	
0.13775000	3.76456801e+01	
0.13933333	3.76879756e+01	
0.14091667	3.73639041e+01	
0.14250000	3.73758404e+01	
0.14408333	3.74777908e+01	
0.14566667	3.71850370e+01	
0.14725000	3.71220335e+01	
0.14883333	3.68989053e+01	
0.15041667	3.68442488e+01	
0.15200000	3.66186064e+01	
0.15358333	3.64803323e+01	
0.15516667	3.67287611e+01	
0.15675000	3.65935275e+01	
0.15833333	3.65475639e+01	
0.15991667	3.66406072e+01	
0.16150000	3.63404384e+01	
0.16308333	3.64514162e+01	
0.16466667	3.63730225e+01	
0.16625000	3.60130221e+01	
0.16783333	3.53766539e+01	
0.16941667	3.53002032e+01	
0.17100000	3.52687541e+01	
0.17258333	3.52607828e+01	
0.17416667	3.53492674e+01	
0.17575000	3.51444419e+01	
0.17733333	3.48517332e+01	
0.17891667	3.47540409e+01	
0.18050000	3.47181833e+01	
0.18208333	3.47805968e+01	
0.18366667	3.47346332e+01	
0.18525000	3.47471595e+01	
0.18683333	3.48307358e+01	
0.18841667	3.46222273e+01	
0.19000000	3.39398879e+01	
0.19158333	3.36711795e+01	
0.19316667	3.36431767e+01	
0.19475000	3.37852090e+01	
0.19633333	3.36065336e+01	
0.19791667	3.36441689e+01	
0.19950000	3.36032150e+01	
0.20108333	3.35342358e+01	
0.20266667	3.35065186e+01	
0.20425000	3.33370322e+01	
0.20583333	3.20858794e+01	
0.20741667	3.17519914e+01	
0.20900000	3.17476243e+01	
0.21058333	3.15192721e+01	
0.21216667	3.12911022e+01	
0.21375000	3.12793257e+01	
0.21533333	3.12373346e+01	
0.21691667	3.10797693e+01	
0.21850000	3.10513926e+01	
0.22008333	3.06847982e+01	
0.22166667	3.07069457e+01	
0.22325000	3.06973057e+01	
0.22483333	3.04595297e+01	
0.22641667	3.04070606e+01	
0.22800000	3.03444817e+01	
0.22958333	3.03456749e+01	
0.23116667	3.02362700e+01	
0.23275000	3.02134667e+01	
0.23433333	3.02386640e+01	
0.23591667	3.01414414e+01	
0.23750000	3.01375986e+01	
0.23908333	3.01084345e+01	
0.24066667	2.79267823e+01	
0.24225000	2.76427270e+01	
0.24383333	2.76969926e+01	
0.24541667	2.77362777e+01	
0.24700000	2.75448956e+01	
0.24858333	2.75516248e+01	
0.25016667	2.75078692e+01	
0.25175000	2.75130030e+01	
0.25333333	2.78024063e+01	
0.25491667	2.73974062e+01	
0.25650000	2.73651566e+01	
0.25808333	2.64560492e+01	
0.25966667	2.68855456e+01	
0.26125000	2.69481620e+01	
0.26283333	2.63812353e+01	
0.26441667	2.65301979e+01	
0.26600000	2.65034973e+01	
0.26758333	2.64236980e+01	
0.26916667	2.63871113e+01	
0.27075000	2.61847983e+01	
0.27233333	2.63101233e+01	
0.27391667	2.60065588e+01	
0.27550000	2.58593833e+01	
0.27708333	2.59178017e+01	
0.27866667	2.59092178e+01	
0.28025000	2.58967667e+01	
0.28183333	2.58245329e+01	
0.28341667	2.56647089e+01	
0.28500000	2.54834816e+01	
0.28658333	2.45687763e+01	
0.28816667	2.44029409e+01	
0.28975000	2.42916493e+01	
0.29133333	2.42801302e+01	
0.29291667	2.42419726e+01	
0.29450000	2.41569794e+01	
0.29608333	2.41523699e+01	
0.29766667	2.40091217e+01	
0.29925000	2.39008499e+01	
0.30083333	2.32475601e+01	
0.30241667	2.29373660e+01	
0.30400000	2.30177534e+01	
0.30558333	2.29914850e+01	
0.30716667	2.28648353e+01	
0.30875000	2.25596040e+01	
0.31033333	2.23435113e+01	
0.31191667	2.21502613e+01	
0.31350000	2.19263739e+01	
0.31508333	2.18545385e+01	
0.31666667	2.16434367e+01	
0.31825000	2.15198781e+01	
0.31983333	2.16019304e+01	
0.32141667	2.15228021e+01	
0.32300000	2.15580283e+01	
0.32458333	2.14028927e+01	
0.32616667	2.14083460e+01	
0.32775000	2.14121907e+01	
0.32933333	2.13207258e+01	
0.33091667	2.12667101e+01	
0.33250000	2.12423603e+01	
0.33408333	2.07582488e+01	
0.33566667	1.97688367e+01	
0.33725000	1.91866382e+01	
0.33883333	1.92469377e+01	
0.34041667	1.91619107e+01	
0.34200000	1.89683995e+01	
0.34358333	1.91348944e+01	
0.34516667	1.89711487e+01	
0.34675000	1.89957014e+01	
0.34833333	1.89119898e+01	
0.34991667	1.87661692e+01	
0.35150000	1.86668063e+01	
0.35308333	1.85434318e+01	
0.35466667	1.84363682e+01	
0.35625000	1.83121275e+01	
0.35783333	1.81982070e+01	
0.35941667	1.82973143e+01	
0.36100000	1.81979007e+01	
0.36258333	1.84223330e+01	
0.36416667	1.80285476e+01	
0.36575000	1.80639392e+01	
0.36733333	1.81104609e+01	
0.36891667	1.79449018e+01	
0.37050000	1.78907508e+01	
0.37208333	1.76394375e+01	
0.37366667	1.76513813e+01	
0.37525000	1.72792041e+01	
0.37683333	1.67951208e+01	
0.37841667	1.58705970e+01	
0.38000000	1.52728496e+01	
0.38158333	1.51712139e+01	
0.38316667	1.51177535e+01	
0.38475000	1.51344449e+01	
0.38633333	1.51177385e+01	
0.38791667	1.50801718e+01	
0.38950000	1.54019667e+01	
0.39108333	1.53446682e+01	
0.39266667	1.51838191e+01	
0.39425000	1.53098695e+01	
0.39583333	1.51063378e+01	
0.39741667	1.51643466e+01	
0.39900000	1.52099325e+01	
0.40058333	1.51211003e+01	
0.40216667	1.52800204e+01	
0.40375000	1.51121293e+01	
0.40533333	1.52276715e+01	
0.40691667	1.51711416e+01	
0.40850000	1.51132699e+01	
0.41008333	1.51497007e+01	
0.41166667	1.54995134e+01	
0.41325000	1.52467353e+01	
0.41483333	1.51878940e+01	
0.41641667	1.35682941e+01	
0.41800000	1.30064279e+01	
0.41958333	1.28835871e+01	
0.42116667	1.28720849e+01	
0.42275000	1.28303165e+01	
0.42433333	1.28321590e+01	
0.42591667	1.27734934e+01	
0.42750000	1.27968727e+01	
0.42908333	1.27468088e+01	
0.43066667	1.25129536e+01	
0.43225000	1.25372038e+01	
0.43383333	1.26691245e+01	
0.43541667	1.24503728e+01	
0.43700000	1.23723437e+01	
0.43858333	1.24976762e+01	
0.44016667	1.22611855e+01	
0.44175000	1.23374003e+01	
0.44333333	1.22062341e+01	
0.44491667	1.20408873e+01	
0.44650000	1.19276254e+01	
0.44808333	1.18637828e+01	
0.44966667	1.18660735e+01	
0.45125000	1.18164052e+01	
0.45283333	1.18674960e+01	
0.45441667	1.20306094e+01	
0.45600000	1.21436326e+01	
0.45758333	1.10254088e+01	
0.45916667	9.88290752e+00	
0.46075000	9.88095698e+00	
0.46233333	9.88382547e+00	
0.46391667	9.85698113e+00	
0.46550000	9.74569796e+00	
0.46708333	9.49639721e+00	
0.46866667	9.58044892e+00	
0.47025000	9.38340309e+00	
0.47183333	9.40734230e+00	
0.47341667	9.27569121e+00	
0.47500000	9.20368568e+00	
0.47658333	9.23728269e+00	
0.47816667	9.23935161e+00	
0.47975000	9.27427811e+00	
0.48133333	9.17571009e+00	
0.48291667	9.03068146e+00	
0.48450000	9.05362003e+00	
0.48608333	8.99666165e+00	
0.48766667	8.90484159e+00	
0.48925000	8.84812656e+00	
0.49083333	8.74673890e+00	
0.49241667	8.60000214e+00	
0.49400000	7.44145024e+00	
0.49558333	7.22884143e+00	
0.49716667	7.17762708e+00	
0.49875000	7.00914124e+00	
0.50033333	6.61756291e+00	
0.50191667	6.54898303e+00	
0.50350000	6.38891900e+00	
0.50508333	6.35853624e+00	
0.50666667	6.34334815e+00	
0.50825000	6.26681813e+00	
0.50983333	6.26418547e+00	
0.51141667	6.00757771e+00	
0.51300000	6.13024654e+00	
0.51458333	6.18684789e+00	
0.51616667	6.09398868e+00	
0.51775000	5.76052205e+00	
0.51933333	5.63723076e+00	
0.52091667	5.58461270e+00	
0.52250000	5.56249484e+00	
0.52408333	4.99673643e+00	
0.52566667	4.61217713e+00	
0.52725000	4.19463200e+00	
0.52883333	4.19511447e+00	
0.53041667	4.65138241e+00	
0.53200000	4.70235670e+00	
0.53358333	4.58143076e+00	
0.53516667	4.62036498e+00	
0.53675000	4.61599411e+00	
0.53833333	4.60931145e+00	
0.53991667	4.47795445e+00	
0.54150000	4.50233713e+00	
0.54308333	4.53053728e+00	
0.54466667	4.47255288e+00	
0.54625000	4.43941814e+00	
0.54783333	4.40039185e+00	
0.54941667	4.33420927e+00	
0.55100000	3.76106822e+00	
0.55258333	3.60534756e+00	
0.55416667	3.58284871e+00	
0.55575000	3.56602530e+00	
0.55733333	3.52369596e+00	
0.55891667	3.48911499e+00	
0.56050000	3.43234428e+00	
0.56208333	3.21823945e+00	
0.56366667	2.64416494e+00	
0.56525000	2.56895548e+00	
0.56683333	2.55126321e+00	
0.56841667	2.62048951e+00	
0.57000000	2.70073176e+00	
0.57158333	2.63955660e+00	
0.57316667	2.84208974e+00	
0.57475000	2.75896044e+00	
0.57633333	2.73819931e+00	
0.57791667	2.75762085e+00	
0.57950000	2.75878380e+00	
0.58108333	2.70903565e+00	
0.58266667	2.68821462e+00	
0.58425000	2.65974858e+00	
0.58583333	2.66450396e+00	
0.58741667	2.63941754e+00	
0.58900000	2.63979314e+00	
0.59058333	1.96059784e+00	
0.59216667	1.83484923e+00	
0.59375000	1.80979745e+00	
0.59533333	1.74932027e+00	
0.59691667	1.83515646e+00	
0.59850000	1.88004718e+00	
0.60008333	1.96166871e+00	
0.60166667	1.97481113e+00	
0.60325000	1.99177640e+00	
0.60483333	1.99276553e+00	
0.60641667	1.98348638e+00	
0.60800000	1.96288603e+00	
0.60958333	1.99771517e+00	
0.61116667	1.97240983e+00	
0.61275000	1.94282477e+00	
0.61433333	1.96798518e+00	
0.61591667	1.90691337e+00	
0.61750000	1.95431601e+00	
0.61908333	1.94895696e+00	
0.62066667	1.92939496e+00	
0.62225000	1.06301727e+00	
0.62383333	8.68911049e-01	
0.62541667	8.10373605e-01	
0.62700000	7.57316240e-01	
0.62858333	7.15899220e-01	
0.63016667	7.04704581e-01	
0.63175000	7.03425303e-01	
0.63333333	6.93915248e-01	
0.63491667	6.68365917e-01	
0.63650000	6.30464166e-01	
0.63808333	6.34624683e-01	
0.63966667	5.69812522e-01	
0.64125000	5.63969771e-01	
0.64283333	5.68984705e-01	
0.64441667	5.56928779e-01	
0.64600000	5.51747364e-01	
0.64758333	5.35057849e-01	
0.64916667	5.73942327e-01	
0.65075000	7.06739975e-01	
0.65233333	9.30070000e-01	
0.65391667	9.27485019e-01	
0.65550000	9.25620214e-01	
0.65708333	9.33564717e-01	
0.65866667	9.26663368e-01	
0.66025000	9.35654312e-01	
0.66183333	9.32032402e-01	
0.66341667	9.22584652e-01	
0.66500000	9.37634331e-01	
0.66658333	9.29388169e-01	
0.66816667	9.32815237e-01	
0.66975000	9.29024791e-01	
0.67133333	9.27552667e-01	
0.67291667	9.36398625e-01	
0.67450000	9.26564420e-01	
0.67608333	9.29810504e-01	
0.67766667	9.27887916e-01	
0.67925000	9.21659825e-01	
0.68083333	9.24573244e-01	
0.68241667	9.16643598e-01	
0.68400000	9.22865230e-01	
0.68558333	9.08268833e-01	
0.68716667	8.98139781e-01	
0.68875000	9.06609912e-01	
0.69033333	9.00548711e-01	
0.69191667	8.55437669e-01	
0.69350000	4.31572612e-01	
0.69508333	4.81235501e-01	
0.69666667	2.81508437e-01	
0.69825000	2.40955528e-02	
0.69983333	1.03825108e-02	
0.70141667	2.48573791e-03	
0.70300000	-4.78316566e-06	
0.70458333	-1.24301952e-04	
0.70616667	-3.04200689e-04	
0.70775000	-2.12557138e-04	
0.70933333	-8.60477015e-05	
0.71091667	-4.06264665e-05	
0.71250000	-2.08526817e-05	
0.71408333	-9.11781482e-06	
0.71566667	-1.22534125e-06	
0.71725000	3.86604611e-06	
0.71883333	7.32158171e-06	
0.72041667	9.27369356e-06	
0.72200000	9.83091229e-06	
0.72358333	9.59926887e-06	
0.72516667	8.78439019e-06	
0.72675000	8.00853945e-06	
0.72833333	7.10358095e-06	
0.72991667	5.96025291e-06	
0.73150000	5.24414430e-06	
0.73308333	4.63607932e-06	
0.73466667	4.04805383e-06	
0.73625000	3.45726764e-06	
0.73783333	2.89771898e-06	
0.73941667	2.54381581e-06	
0.74100000	2.22349241e-06	
0.74258333	1.83304905e-06	
0.74416667	1.25641873e-06	
0.74575000	1.08797986e-06	
0.74733333	1.09830303e-06	
0.74891667	8.95818100e-07	
0.75050000	6.84495474e-07	
0.75208333	9.76772084e-07	
0.75366667	7.94356723e-07	
0.75525000	8.43746740e-07	
0.75683333	6.54006138e-07	
0.75841667	7.81049462e-07	
0.76000000	7.60136332e-07	
0.76158333	4.88376690e-07	
0.76316667	2.87183490e-07	
0.76475000	1.74789443e-07	
0.76633333	3.31043314e-07	
0.76791667	3.37698401e-07	
0.76950000	2.56693762e-07	
0.77108333	3.81903004e-07	
0.77266667	4.69042578e-07	
0.77425000	7.36150904e-07	
0.77583333	6.46961750e-07	
0.77741667	6.71981824e-07	
0.77900000	6.42552056e-07	
0.78058333	5.76527445e-07	
0.78216667	4.96414170e-07	
0.78375000	2.43996004e-07	
0.78533333	2.23843668e-07	
0.78691667	3.99576305e-07	
0.78850000	3.22053371e-07	
0.79008333	1.52224812e-07	
0.79166667	3.65698453e-07	
0.79325000	4.51387562e-07	
0.79483333	5.73846941e-07	
0.79641667	4.50004076e-07	
0.79800000	5.47491094e-07	
0.79958333	5.54662832e-07	
0.80116667	6.46141593e-07	
0.80275000	3.82390702e-07	
0.80433333	2.60435710e-07	
0.80591667	3.38259322e-07	
0.80750000	1.49191044e-07	
0.80908333	2.07891982e-07	
0.81066667	1.58110705e-07	
0.81225000	2.95522936e-07	
0.81383333	5.57729306e-07	
0.81541667	4.89326828e-07	
0.81700000	4.43393091e-07	
0.81858333	5.20999946e-07	
0.82016667	6.61524811e-07	
0.82175000	5.45502725e-07	
0.82333333	2.37965654e-07	
0.82491667	1.46399865e-07	
0.82650000	2.71462941e-07	
0.82808333	2.34128796e-07	
0.82966667	2.52916757e-07	
0.83125000	1.18019570e-07	
0.83283333	4.57306440e-07	
0.83441667	5.31674081e-07	
0.83600000	4.73165791e-07	
0.83758333	4.51948483e-07	
0.83916667	4.77964031e-07	
0.84075000	5.29193281e-07	
0.84233333	1.89439462e-07	
0.84391667	7.27948874e-08	
0.84550000	1.80753669e-07	
0.84708333	8.12897685e-08	
0.84866667	2.46217764e-07	
0.85025000	1.36799032e-07	
0.85183333	4.05885044e-07	
0.85341667	5.61490154e-07	
0.85500000	5.41526267e-07	
0.85658333	6.20819553e-07	
0.85816667	4.53332585e-07	
0.85975000	5.98954828e-07	
0.86133333	3.74989186e-07	
0.86291667	2.35589079e-08	
0.86450000	1.40410928e-07	
0.86608333	8.58172427e-08	
0.86766667	2.01235510e-07	
0.86925000	2.23359862e-07	
0.87083333	1.53641746e-07	
0.87241667	4.88938843e-07	
0.87400000	5.60668990e-07	
0.87558333	4.48578952e-07	
0.87716667	4.09342612e-07	
0.87875000	4.20404844e-07	
0.88033333	6.17405639e-07	
0.88191667	3.91840706e-07	
0.88350000	1.39046511e-07	
0.88508333	5.60891768e-08	
0.88666667	1.83821892e-07	
0.88825000	2.91807478e-07	
0.88983333	1.49900246e-07	
0.89141667	4.08392389e-07	
0.89300000	6.17231808e-07	
0.89458333	5.11798117e-07	
0.89616667	5.63565552e-07	
0.89775000	4.73684319e-07	
0.89933333	5.25071272e-07	
0.90091667	4.76362359e-07	
0.90250000	1.36029390e-07	
0.90408333	2.26858252e-08	
0.90566667	4.74909403e-10	
0.90725000	6.81447327e-08	
0.90883333	2.86755529e-08	
0.91041667	7.41509182e-08	
0.91200000	2.95782564e-07	
0.91358333	3.50532553e-07	
0.91516667	4.93345569e-07	
0.91675000	5.10759942e-07	
0.91833333	5.28692619e-07	
0.91991667	6.34472741e-07	
0.92150000	4.32910737e-07	
0.92308333	3.64323423e-07	
0.92466667	1.50116262e-07	
0.92625000	1.33446414e-07	
0.92783333	2.63806697e-07	
0.92941667	1.66623157e-07	
0.93100000	3.67851414e-07	
0.93258333	4.09628000e-07	
0.93416667	3.22486858e-07	
0.93575000	3.88730999e-07	
0.93733333	4.38899226e-07	
0.93891667	6.17406928e-07	
0.94050000	4.71262938e-07	
0.94208333	2.71022229e-07	
0.94366667	1.56434451e-07	
0.94525000	1.23308027e-07	
0.94683333	2.35243484e-07	
0.94841667	1.80408329e-07	
0.95000000	1.11613995e-07	
0.95158333	3.70667780e-07	
0.95316667	3.95420079e-07	
0.95475000	4.88117566e-07	
0.95633333	4.18546709e-07	
0.95791667	3.83890169e-07	
0.95950000	3.75239097e-07	
0.96108333	4.19175953e-07	
0.96266667	1.10734532e-07	
0.96425000	-4.75764168e-08	
0.96583333	8.52991354e-08	
0.96741667	1.91512759e-07	
0.96900000	1.38796992e-07	
0.97058333	2.78643919e-07	
0.97216667	4.01609981e-07	
0.97375000	4.97891125e-07	
0.97533333	4.91574153e-07	
0.97691667	3.83069033e-07	
0.97850000	5.57048539e-07	
0.98008333	4.61583688e-07	
0.98166667	6.60401289e-07	
0.98325000	-3.63016470e-09	
0.98483333	-1.32917957e-08	
0.98641667	6.04100156e-08	
0.98800000	3.67723105e-08	
0.98958333	-9.42968282e-08	
0.99116667	1.50237619e-07	
0.99275000	3.17078136e-07	
0.99433333	6.59279950e-07	
0.99591667	6.30369941e-07	
0.99750000	5.40057377e-07	
0.99908333	4.62709366e-07	
1.00066667	4.64911021e-07	
1.00225000	2.96689889e-07	
1.00383333	1.23031781e-07	
1.00541667	1.46789349e-07	
1.00700000	9.03635407e-08	
1.00858333	-5.68656901e-08	
1.01016667	1.79180110e-07	
1.01175000	2.18649183e-07	
1.01333333	5.34826574e-07	
1.01491667	4.82240326e-07	
1.01650000	5.14951394e-07	
1.01808333	5.83312262e-07	
1.01966667	4.24900754e-07	
1.02125000	3.85056058e-07	
1.02283333	1.04960673e-07	
1.02441667	6.91466807e-08	
1.02600000	8.50396058e-08	
1.02758333	1.76389435e-07	
1.02916667	3.83805298e-07	
1.03075000	2.01926483e-07	
1.03233333	2.60737872e-07	
1.03391667	5.14432531e-07	
1.03550000	5.10198405e-07	
1.03708333	6.32445506e-07	
1.03866667	6.21512696e-07	
1.04025000	5.67928707e-07	
1.04183333	3.87371818e-07	
1.04341667	1.27231227e-07	
1.04500000	1.46357345e-07	
1.04658333	1.78747715e-07	
1.04816667	2.36755691e-07	
1.04975000	2.85714600e-07	
1.05133333	2.87356202e-07	
1.05291667	5.28779927e-07	
1.05450000	4.53375203e-07	
1.05608333	5.18667777e-07	
1.05766667	5.36091335e-07	
1.05925000	5.20525884e-07	
1.06083333	5.11477502e-07	
1.06241667	5.42044717e-08	
1.06400000	5.41437825e-08	
1.06558333	1.94235377e-07	
1.06716667	1.63080200e-07	
1.06875000	3.00059476e-07	
1.07033333	1.44551306e-07	
1.07191667	3.68681399e-07	
1.07350000	5.53497644e-07	
1.07508333	5.72768669e-07	
1.07666667	5.02636554e-07	
1.07825000	3.87771172e-07	
1.07983333	5.70132966e-07	
1.08141667	3.75378292e-07	
1.08300000	1.87270345e-07	
1.08458333	2.71108949e-07	
1.08616667	1.38820975e-07	
1.08775000	2.10793836e-07	
1.08933333	1.12903068e-07	
1.09091667	2.50780541e-07	
1.09250000	2.99671714e-07	
1.09408333	3.82888256e-07	
1.09566667	4.90105095e-07	
1.09725000	4.71740359e-07	
1.09883333	5.64212437e-07	
1.10041667	6.99249112e-07	
1.10200000	2.87080446e-07	
1.10358333	3.09161368e-07	
1.10516667	3.87045799e-07	
1.10675000	4.58690710e-07	
1.10833333	3.64444865e-07	
1.10991667	1.79362202e-07	
1.11150000	3.98090335e-07	
1.11308333	5.70814125e-07	
1.11466667	4.83321959e-07	
1.11625000	5.25754111e-07	
1.11783333	3.21752441e-07	
1.11941667	3.85403189e-07	
1.12100000	2.40074036e-07	
1.12258333	9.99041690e-09	
1.12416667	5.96342890e-09	
1.12575000	8.24470115e-08	
1.12733333	4.05020870e-07	
1.12891667	2.59856252e-07	
1.13050000	1.56330455e-07	
1.13208333	5.05548292e-07	
1.13366667	5.19445092e-07	
1.13525000	6.67574147e-07	
1.13683333	3.77581066e-07	
1.13841667	5.72034028e-07	
1.14000000	6.37153750e-07	
1.14158333	3.99817088e-07	
1.14316667	1.61541054e-07	
1.14475000	5.76866904e-08	
1.14633333	9.13488209e-08	
1.14791667	1.63641457e-07	
1.14950000	9.41130419e-08	
1.15108333	2.50541578e-07	
1.15266667	4.83451157e-07	
1.15425000	4.86518918e-07	
1.15583333	5.75145135e-07	
1.15741667	3.47679953e-07	
1.15900000	4.36566077e-07	
1.16058333	4.89552463e-07	
1.16216667	4.28917198e-07	
1.16375000	2.02170010e-07	
1.16533333	-8.98830269e-09	
1.16691667	1.40999277e-07	
1.16850000	-2.76560604e-08	
1.17008333	2.18653184e-08	
1.17166667	2.70822944e-07	
1.17325000	4.95697114e-07	
1.17483333	5.23378428e-07	
1.17641667	4.71091234e-07	
1.17800000	5.90077533e-07	
1.17958333	7.16319070e-07	
1.18116667	5.07606049e-07	
1.18275000	4.26816684e-07	
1.18433333	9.38298372e-08	
1.18591667	2.94442480e-07	
1.18750000	1.58931673e-07	
1.18908333	1.83432619e-07	
1.19066667	3.01875413e-07	
1.19225000	3.87606916e-07	
1.19383333	5.43861459e-07	
1.19541667	4.95246686e-07	
1.19700000	4.54800103e-07	
1.19858333	5.29728833e-07	
1.20016667	6.39227859e-07	
1.20175000	5.52846839e-07	
1.20333333	2.56287996e-07	
1.20491667	2.05427032e-07	
1.20650000	3.84063833e-07	
1.20808333	2.67047087e-07	
1.20966667	2.52830401e-07	
1.21125000	2.16101671e-07	
1.21283333	5.55612131e-07	
1.21441667	6.87754484e-07	
1.21600000	4.62362683e-07	
1.21758333	4.52381271e-07	
1.21916667	4.40929653e-07	
1.22075000	4.18045710e-07	
1.22233333	6.33827550e-08	
1.22391667	-2.96694488e-08	
1.22550000	2.81868488e-07	
@ 
0.00000000	1.38656818e-07	
0.00158333	2.04087900e-07	
0.00316667	4.06144000e-07	
0.00475000	4.47412308e-07	
0.00633333	7.55770320e-07	
0.00791667	5.97485266e-07	
0.00950000	5.47230571e-07	
0.01108333	5.50213040e-07	
0.01266667	5.22685845e-07	
0.01425000	6.61611447e-07	
0.01583333	2.32641131e-07	
0.01741667	1.99205278e-07	
0.01900000	1.96067290e-07	
0.02058333	2.44917750e-08	
0.02216667	1.15970711e-07	
0.02375000	6.94838368e-08	
0.02533333	3.67168519e-07	
0.02691667	5.57428124e-07	
0.02850000	4.51992445e-07	
0.03008333	5.16334152e-07	
0.03166667	4.93691272e-07	
0.03325000	6.74964294e-07	
0.03483333	2.87285219e-07	
0.03641667	1.79500486e-07	
0.03800000	1.64117156e-07	
0.03958333	1.31284843e-07	
0.04116667	1.86068335e-07	
0.04275000	2.24786260e-07	
0.04433333	2.74782966e-07	
0.04591667	6.32269546e-07	
0.04750000	4.95635232e-07	
0.04908333	4.97148643e-07	
0.05066667	4.80382947e-07	
0.05225000	5.30117211e-07	
0.05383333	5.59286344e-07	
0.05541667	1.63303874e-07	
0.05700000	1.33825663e-07	
0.05858333	1.58412964e-07	
0.06016667	2.26212686e-07	
0.06175000	3.00198866e-07	
0.06333333	1.12047742e-07	
0.06491667	2.79102748e-07	
0.06650000	4.52208615e-07	
0.06808333	5.13655104e-07	
0.06966667	6.26305895e-07	
0.07125000	4.67159466e-07	
0.07283333	5.80598044e-07	
0.07441667	3.88937816e-07	
0.07600000	2.92437730e-07	
0.07758333	2.02315098e-07	
0.07916667	1.05867801e-07	
0.08075000	1.64566464e-07	
0.08233333	5.31927898e-08	
0.08391667	3.12678158e-07	
0.08550000	6.76860987e-07	
0.08708333	6.18486488e-07	
0.08866667	6.62734745e-07	
0.09025000	6.11961187e-07	
0.09183333	6.87323713e-07	
0.09341667	4.86085011e-07	
0.09500000	1.71722927e-07	
0.09658333	4.62275788e-08	
0.09816667	9.12198821e-08	
0.09975000	1.39746151e-07	
0.10133333	1.40947852e-07	
0.10291667	6.12039003e-08	
0.10450000	4.13620307e-07	
0.10608333	4.12350394e-07	
0.10766667	6.17967961e-07	
0.10925000	5.53106634e-07	
0.11083333	6.00812375e-07	
0.11241667	5.97310202e-07	
0.11400000	5.06049123e-07	
0.11558333	1.42564295e-07	
0.11716667	1.11614709e-07	
0.11875000	1.30931005e-07	
0.12033333	1.89621106e-07	
0.12191667	1.57678519e-07	
0.12350000	1.86380297e-07	
0.12508333	2.98072227e-07	
0.12666667	5.08858433e-07	
0.12825000	4.96586042e-07	
0.12983333	3.67297521e-07	
0.13141667	4.89110715e-07	
0.13300000	5.70565082e-07	
0.13458333	3.76890975e-07	
0.13616667	4.29436425e-07	
0.13775000	3.05548310e-07	
0.13933333	3.42580616e-07	
0.14091667	3.14016534e-07	
0.14250000	3.59045187e-07	
0.14408333	4.03137029e-07	
0.14566667	4.31381308e-07	
0.14725000	5.58551703e-07	
0.14883333	4.59208537e-07	
0.15041667	4.55226394e-07	
0.15200000	5.42434291e-07	
0.15358333	4.36823941e-07	
0.15516667	4.36772922e-07	
0.15675000	5.53449909e-08	
0.15833333	1.87535282e-08	
0.15991667	1.02004636e-07	
0.16150000	1.21615071e-07	
0.16308333	2.75906628e-07	
0.16466667	2.41984898e-07	
0.16625000	5.61619352e-07	
0.16783333	5.72077038e-07	
0.16941667	5.82489977e-07	
0.17100000	7.32779776e-07	
0.17258333	5.20870972e-07	
0.17416667	6.35924214e-07	
0.17575000	3.45380573e-07	
0.17733333	4.24769736e-07	
0.17891667	4.52380235e-07	
0.18050000	3.42148640e-07	
0.18208333	3.32079753e-07	
0.18366667	4.52943004e-07	
0.18525000	4.32244419e-07	
0.18683333	6.04701021e-07	
0.18841667	4.68368644e-07	
0.19000000	5.14087948e-07	
0.19158333	5.78947986e-07	
0.19316667	5.59847601e-07	
0.19475000	2.69120636e-07	
0.19633333	8.26204162e-08	
0.19791667	1.35900178e-07	
0.19950000	2.41811262e-07	
0.20108333	3.46815862e-07	
0.20266667	4.48534570e-07	
0.20425000	4.76206056e-07	
0.20583333	4.72328330e-07	
0.20741667	5.93208746e-07	
0.20900000	5.38587759e-07	
0.21058333	4.74330756e-07	
0.21216667	5.64644888e-07	
0.21375000	6.35685196e-07	
0.21533333	3.52648552e-07	
0.21691667	3.37869964e-07	
0.21850000	4.13836085e-07	
0.22008333	3.29012999e-07	
0.22166667	3.91280989e-07	
0.22325000	4.28657374e-07	
0.22483333	6.10189100e-07	
0.22641667	7.44750930e-07	
0.22800000	6.28208860e-07	
0.22958333	6.95444637e-07	
0.23116667	7.23188282e-07	
0.23275000	5.99007526e-07	
0.23433333	5.07768792e-07	
0.23591667	4.90621880e-08	
0.23750000	2.20810250e-07	
0.23908333	3.07924525e-07	
0.24066667	2.73710322e-07	
0.24225000	2.17284164e-07	
0.24383333	3.70513577e-07	
0.24541667	5.16246732e-07	
0.24700000	6.65024408e-07	
0.24858333	6.09671300e-07	
0.25016667	4.76664324e-07	
0.25175000	5.33530396e-07	
0.25333333	7.14003198e-07	
0.25491667	4.73227226e-07	
0.25650000	3.34413209e-07	
0.25808333	2.38527051e-07	
0.25966667	2.04260597e-07	
0.26125000	3.66000727e-07	
0.26283333	1.40610493e-07	
0.26441667	2.92499137e-07	
0.26600000	5.88670078e-07	
0.26758333	6.18442694e-07	
0.26916667	6.46055405e-07	
0.27075000	5.11451349e-07	
0.27233333	6.92808991e-07	
0.27391667	6.89052790e-07	
0.27550000	3.57143005e-07	
0.27708333	3.41241092e-07	
0.27866667	3.51309056e-07	
0.28025000	4.39452503e-07	
0.28183333	4.44500093e-07	
0.28341667	3.38312076e-07	
0.28500000	5.83828605e-07	
0.28658333	5.91132397e-07	
0.28816667	4.94296547e-07	
0.28975000	5.49779301e-07	
0.29133333	5.48657907e-07	
0.29291667	7.21373353e-07	
0.29450000	3.89949725e-07	
0.29608333	2.73312480e-07	
0.29766667	2.57834757e-07	
0.29925000	2.71324475e-07	
0.30083333	4.58084147e-07	
0.30241667	2.11822911e-07	
0.30400000	4.33004037e-07	
0.30558333	7.40173004e-07	
0.30716667	5.93251980e-07	
0.30875000	5.92905940e-07	
0.31033333	5.68619106e-07	
0.31191667	6.72888113e-07	
0.31350000	6.30422080e-07	
0.31508333	4.55837858e-07	
0.31666667	3.06973014e-07	
0.31825000	2.18822763e-07	
0.31983333	3.12073807e-07	
0.32141667	2.89128513e-07	
0.32300000	3.33115043e-07	
0.32458333	6.07470010e-07	
0.32616667	6.06387257e-07	
0.32775000	6.69563244e-07	
0.32933333	6.79154458e-07	
0.33091667	7.24916408e-07	
0.33250000	6.71980368e-07	
0.33408333	6.87667400e-07	
0.33566667	3.18710105e-07	
0.33725000	2.74331949e-07	
0.33883333	2.61213977e-07	
0.34041667	2.74634811e-07	
0.34200000	1.15227788e-07	
0.34358333	3.60383675e-07	
0.34516667	5.35259810e-07	
0.34675000	6.37326293e-07	
0.34833333	6.02065655e-07	
0.34991667	5.00474969e-07	
0.35150000	5.64731524e-07	
0.35308333	5.46934709e-07	
0.35466667	4.64143534e-07	
0.35625000	3.11365011e-07	
0.35783333	3.24258610e-07	
0.35941667	3.78402875e-07	
0.36100000	4.24078329e-07	
0.36258333	4.42469694e-07	
0.36416667	5.72640311e-07	
0.36575000	6.61612175e-07	
0.36733333	5.77954165e-07	
0.36891667	4.75154497e-07	
0.37050000	6.28944789e-07	
0.37208333	8.21564368e-07	
0.37366667	4.66252309e-07	
0.37525000	1.61861655e-07	
0.37683333	2.72967756e-07	
0.37841667	4.64997993e-07	
0.38000000	2.76344540e-07	
0.38158333	2.19981035e-07	
0.38316667	3.39364448e-07	
0.38475000	4.38510428e-07	
0.38633333	6.20645553e-07	
0.38791667	5.96364431e-07	
0.38950000	5.56995673e-07	
0.39108333	7.47903759e-07	
0.39266667	7.49547937e-07	
0.39425000	5.95411941e-07	
0.39583333	3.93527614e-07	
0.39741667	3.04337676e-07	
0.39900000	3.16783002e-07	
0.40058333	1.79801570e-07	
0.40216667	2.58404835e-07	
0.40375000	3.06153949e-07	
0.40533333	6.74228365e-07	
0.40691667	7.81091744e-07	
0.40850000	7.47083042e-07	
0.41008333	7.16318006e-07	
0.41166667	9.34580799e-07	
0.41325000	9.44342037e-07	
0.41483333	4.84142508e-07	
0.41641667	5.35390239e-07	
0.41800000	8.13975188e-07	
0.41958333	8.47593664e-07	
0.42116667	1.12733842e-06	
0.42275000	1.32504667e-06	
0.42433333	1.54873236e-06	
0.42591667	2.09163785e-06	
0.42750000	2.30214413e-06	
0.42908333	2.65672852e-06	
0.43066667	3.23235505e-06	
0.43225000	3.59925395e-06	
0.43383333	4.05669793e-06	
0.43541667	4.69501995e-06	
0.43700000	5.76510521e-06	
0.43858333	6.91634394e-06	
0.44016667	7.92014239e-06	
0.44175000	9.31168477e-06	
0.44333333	1.00259668e-05	
0.44491667	1.16418508e-05	
0.44650000	1.38982861e-05	
0.44808333	1.64462481e-05	
0.44966667	1.98472332e-05	
0.45125000	2.37655525e-05	
0.45283333	2.88802271e-05	
0.45441667	3.51944127e-05	
0.45600000	4.98947086e-05	
0.45758333	1.12326482e-04	
0.45916667	3.56416981e-04	
0.46075000	6.70229071e-04	
0.46233333	5.33484102e-04	
0.46391667	5.13261120e-04	
0.46550000	7.79500328e-04	
0.46708333	8.47224222e-04	
0.46866667	4.92029584e-04	
0.47025000	5.96254973e-04	
0.47183333	9.31839435e-04	
0.47341667	8.57676037e-04	
0.47500000	1.18980170e-03	
0.47658333	1.31124454e-03	
0.47816667	9.27400065e-04	
0.47975000	2.45241290e-03	
0.48133333	4.56250254e-03	
0.48291667	7.60597188e-03	
0.48450000	1.27902567e-02	
0.48608333	6.75544651e-03	
0.48766667	8.57321543e-03	
0.48925000	3.85941795e-03	
0.49083333	6.94813879e-03	
0.49241667	8.49393769e-03	
0.49400000	1.01952160e-02	
0.49558333	1.56107851e-02	
0.49716667	2.22624719e-02	
0.49875000	2.80809066e-02	
0.50033333	3.42024578e-02	
0.50191667	4.61904277e-02	
0.50350000	6.38825411e-02	
0.50508333	1.24245805e-01	
0.50666667	1.15314772e-01	
0.50825000	1.33980254e-01	
0.50983333	1.62843010e-01	
0.51141667	2.29548647e-01	
0.51300000	4.16216488e-01	
0.51458333	5.56960606e-01	
0.51616667	6.42225481e-01	
0.51775000	6.78118614e-01	
0.51933333	7.17159178e-01	
0.52091667	1.02517413e+00	
0.52250000	2.02688189e+00	
0.52408333	4.48709126e+00	
0.52566667	4.65462203e+00	
0.52725000	5.84284356e+00	
0.52883333	7.43426585e+00	
0.53041667	7.71792560e+00	
0.53200000	7.91411220e+00	
0.53358333	8.08605000e+00	
0.53516667	8.32237629e+00	
0.53675000	8.53878940e+00	
0.53833333	8.90586760e+00	
0.53991667	1.08447368e+01	
0.54150000	1.09696164e+01	
0.54308333	1.11181412e+01	
0.54466667	1.17126198e+01	
0.54625000	1.17572896e+01	
0.54783333	1.19170168e+01	
0.54941667	1.20214768e+01	
0.55100000	1.31336311e+01	
0.55258333	1.39878490e+01	
0.55416667	1.60477804e+01	
0.55575000	1.62630275e+01	
0.55733333	1.64399534e+01	
0.55891667	1.65570572e+01	
0.56050000	1.71460619e+01	
0.56208333	1.75210409e+01	
0.56366667	1.86471768e+01	
0.56525000	2.00951330e+01	
0.56683333	2.06892621e+01	
0.56841667	2.09000350e+01	
0.57000000	2.14292006e+01	
0.57158333	2.17177433e+01	
0.57316667	2.23659594e+01	
0.57475000	2.38367602e+01	
0.57633333	2.45391762e+01	
0.57791667	2.51620898e+01	
0.57950000	2.53139801e+01	
0.58108333	2.54585380e+01	
0.58266667	2.60172417e+01	
0.58425000	2.62988409e+01	
0.58583333	2.67673613e+01	
0.58741667	2.70139091e+01	
0.58900000	2.71193153e+01	
0.59058333	2.84368240e+01	
0.59216667	2.87333135e+01	
0.59375000	2.91732823e+01	
0.59533333	3.03132731e+01	
0.59691667	3.08709150e+01	
0.59850000	3.10846081e+01	
0.60008333	3.14490659e+01	
0.60166667	3.17066930e+01	
0.60325000	3.21331960e+01	
0.60483333	3.27072334e+01	
0.60641667	3.37881743e+01	
0.60800000	3.41353553e+01	
0.60958333	3.45330887e+01	
