start voltage : 0.00 V 
set voltage : 0.10 V 
High G : 30.00 G0 
Intermediate G : 20.00 G0 
Low G : 10.00 G0 
Breaking speed 1 : 300.00 V/s 
Breaking speed 2 : 300.00 V/s 
Making speed : 500.00 V/s 
Post breaking : 230.00 V/s 
@ 
0.00000000	2.92186821e+01	
0.00158333	2.99179506e+01	
0.00316667	2.98629296e+01	
0.00475000	2.98101729e+01	
0.00633333	3.00051743e+01	
0.00791667	2.98318450e+01	
0.00950000	3.00293737e+01	
0.01108333	2.99324180e+01	
0.01266667	2.98704724e+01	
0.01425000	2.98531543e+01	
0.01583333	2.97250257e+01	
0.01741667	2.96878564e+01	
0.01900000	2.96496800e+01	
0.02058333	2.96537370e+01	
0.02216667	2.95801558e+01	
0.02375000	2.97159138e+01	
0.02533333	2.98175109e+01	
0.02691667	2.96484040e+01	
0.02850000	2.94904554e+01	
0.03008333	2.92578000e+01	
0.03166667	2.91930357e+01	
0.03325000	2.93665360e+01	
0.03483333	2.93070296e+01	
0.03641667	2.94377664e+01	
0.03800000	2.93060956e+01	
0.03958333	2.91022736e+01	
0.04116667	2.91750994e+01	
0.04275000	2.91910307e+01	
0.04433333	2.92085968e+01	
0.04591667	2.92488572e+01	
0.04750000	2.92577211e+01	
0.04908333	2.92958224e+01	
0.05066667	2.92724065e+01	
0.05225000	2.93308194e+01	
0.05383333	2.92240508e+01	
0.05541667	2.91546714e+01	
0.05700000	2.91282883e+01	
0.05858333	2.90553010e+01	
0.06016667	2.91484270e+01	
0.06175000	2.88629811e+01	
0.06333333	2.85970256e+01	
0.06491667	2.86035519e+01	
0.06650000	2.85007426e+01	
0.06808333	2.85583926e+01	
0.06966667	2.82663660e+01	
0.07125000	2.81575736e+01	
0.07283333	2.82398383e+01	
0.07441667	2.78651825e+01	
0.07600000	2.79576658e+01	
0.07758333	2.79801290e+01	
0.07916667	2.80795558e+01	
0.08075000	2.81386827e+01	
0.08233333	2.79709513e+01	
0.08391667	2.79804390e+01	
0.08550000	2.78519872e+01	
0.08708333	2.78549656e+01	
0.08866667	2.78898141e+01	
0.09025000	2.79458668e+01	
0.09183333	2.79435855e+01	
0.09341667	2.76700439e+01	
0.09500000	2.75411542e+01	
0.09658333	2.73434751e+01	
0.09816667	2.70738835e+01	
0.09975000	2.72358535e+01	
0.10133333	2.72773128e+01	
0.10291667	2.71285757e+01	
0.10450000	2.70888677e+01	
0.10608333	2.69729140e+01	
0.10766667	2.70553553e+01	
0.10925000	2.69849855e+01	
0.11083333	2.68647642e+01	
0.11241667	2.68657207e+01	
0.11400000	2.67728446e+01	
0.11558333	2.65387573e+01	
0.11716667	2.63947350e+01	
0.11875000	2.66041135e+01	
0.12033333	2.65966252e+01	
0.12191667	2.64550438e+01	
0.12350000	2.65636126e+01	
0.12508333	2.55706320e+01	
0.12666667	2.49210873e+01	
0.12825000	2.49802161e+01	
0.12983333	2.47493872e+01	
0.13141667	2.47315843e+01	
0.13300000	2.39914466e+01	
0.13458333	2.40520186e+01	
0.13616667	2.36867472e+01	
0.13775000	2.37040803e+01	
0.13933333	2.33751306e+01	
0.14091667	2.26456269e+01	
0.14250000	2.10742005e+01	
0.14408333	2.11731406e+01	
0.14566667	2.09847914e+01	
0.14725000	2.09989788e+01	
0.14883333	2.07583465e+01	
0.15041667	2.10563431e+01	
0.15200000	2.08374805e+01	
0.15358333	2.07252851e+01	
0.15516667	2.07263092e+01	
0.15675000	2.06780362e+01	
0.15833333	2.06286619e+01	
0.15991667	2.05721827e+01	
0.16150000	2.05616314e+01	
0.16308333	2.05411357e+01	
0.16466667	2.04765368e+01	
0.16625000	2.04669701e+01	
0.16783333	2.03659028e+01	
0.16941667	2.04044758e+01	
0.17100000	2.01838788e+01	
0.17258333	2.02230286e+01	
0.17416667	2.02712773e+01	
0.17575000	2.01683985e+01	
0.17733333	2.02211232e+01	
0.17891667	1.88600638e+01	
0.18050000	1.90942563e+01	
0.18208333	1.91245986e+01	
0.18366667	1.90389196e+01	
0.18525000	1.82768750e+01	
0.18683333	1.80541527e+01	
0.18841667	1.70610687e+01	
0.19000000	1.72835374e+01	
0.19158333	1.66542178e+01	
0.19316667	1.68085246e+01	
0.19475000	1.68228624e+01	
0.19633333	1.67503523e+01	
0.19791667	1.64935463e+01	
0.19950000	1.68028891e+01	
0.20108333	1.68881848e+01	
0.20266667	1.68878278e+01	
0.20425000	1.66973363e+01	
0.20583333	1.66256174e+01	
0.20741667	1.64976052e+01	
0.20900000	1.63337110e+01	
0.21058333	1.64488756e+01	
0.21216667	1.52322246e+01	
0.21375000	1.38502467e+01	
0.21533333	1.37268516e+01	
0.21691667	1.36779725e+01	
0.21850000	1.35354995e+01	
0.22008333	1.35445391e+01	
0.22166667	1.39275702e+01	
0.22325000	1.35596464e+01	
0.22483333	1.33485531e+01	
0.22641667	1.31165601e+01	
0.22800000	1.32334703e+01	
0.22958333	1.30322923e+01	
0.23116667	1.28252992e+01	
0.23275000	1.27408473e+01	
0.23433333	1.25731939e+01	
0.23591667	1.26034141e+01	
0.23750000	1.24949346e+01	
0.23908333	1.26009064e+01	
0.24066667	1.22978991e+01	
0.24225000	1.23059399e+01	
0.24383333	1.22578501e+01	
0.24541667	1.21339908e+01	
0.24700000	1.19338895e+01	
0.24858333	1.17664898e+01	
0.25016667	1.16946308e+01	
0.25175000	1.17331512e+01	
0.25333333	1.16357792e+01	
0.25491667	1.16341002e+01	
0.25650000	1.16597241e+01	
0.25808333	1.11226727e+01	
0.25966667	1.11660384e+01	
0.26125000	1.11212925e+01	
0.26283333	1.10172120e+01	
0.26441667	1.09826755e+01	
0.26600000	1.10531843e+01	
0.26758333	1.09454207e+01	
0.26916667	1.06555335e+01	
0.27075000	1.07957243e+01	
0.27233333	1.07553258e+01	
0.27391667	1.00700832e+01	
0.27550000	9.28047830e+00	
0.27708333	9.05935045e+00	
0.27866667	8.84234822e+00	
0.28025000	8.76474757e+00	
0.28183333	8.91605532e+00	
0.28341667	8.73089124e+00	
0.28500000	8.42361737e+00	
0.28658333	8.50111279e+00	
0.28816667	8.43257238e+00	
0.28975000	8.51002364e+00	
0.29133333	8.46274655e+00	
0.29291667	8.20464206e+00	
0.29450000	8.35986498e+00	
0.29608333	8.32387865e+00	
0.29766667	8.28008923e+00	
0.29925000	8.09982499e+00	
0.30083333	8.16296948e+00	
0.30241667	7.80413315e+00	
0.30400000	7.59890651e+00	
0.30558333	7.75594327e+00	
0.30716667	7.70677952e+00	
0.30875000	7.73780071e+00	
0.31033333	7.75539268e+00	
0.31191667	7.67789585e+00	
0.31350000	7.56491676e+00	
0.31508333	7.67076548e+00	
0.31666667	7.60011245e+00	
0.31825000	6.92822627e+00	
0.31983333	6.75689307e+00	
0.32141667	6.96722531e+00	
0.32300000	6.88237543e+00	
0.32458333	6.80588628e+00	
0.32616667	6.72246877e+00	
0.32775000	6.61541553e+00	
0.32933333	6.23103710e+00	
0.33091667	6.10408714e+00	
0.33250000	5.85571233e+00	
0.33408333	5.74651171e+00	
0.33566667	5.72533670e+00	
0.33725000	5.64280332e+00	
0.33883333	5.49792972e+00	
0.34041667	5.11023885e+00	
0.34200000	5.10189503e+00	
0.34358333	4.54906505e+00	
0.34516667	4.39166938e+00	
0.34675000	4.28299257e+00	
0.34833333	4.20899562e+00	
0.34991667	4.03405027e+00	
0.35150000	4.07063557e+00	
0.35308333	4.04001557e+00	
0.35466667	3.90570364e+00	
0.35625000	3.77306460e+00	
0.35783333	3.63255059e+00	
0.35941667	3.49033243e+00	
0.36100000	3.29466119e+00	
0.36258333	3.30539596e+00	
0.36416667	3.27112482e+00	
0.36575000	3.29730395e+00	
0.36733333	3.23135392e+00	
0.36891667	3.32531806e+00	
0.37050000	3.22083054e+00	
0.37208333	3.19250637e+00	
0.37366667	3.28498036e+00	
0.37525000	3.20698838e+00	
0.37683333	3.22262675e+00	
0.37841667	3.19710320e+00	
0.38000000	3.03541700e+00	
0.38158333	2.95649250e+00	
0.38316667	2.96677394e+00	
0.38475000	2.86639232e+00	
0.38633333	2.46141249e+00	
0.38791667	2.62859585e+00	
0.38950000	2.63120527e+00	
0.39108333	2.61487889e+00	
0.39266667	2.61707043e+00	
0.39425000	2.54488027e+00	
0.39583333	2.53112102e+00	
0.39741667	2.49453737e+00	
0.39900000	2.47606268e+00	
0.40058333	2.48124485e+00	
0.40216667	2.47234528e+00	
0.40375000	2.45288123e+00	
0.40533333	2.43824889e+00	
0.40691667	2.42015167e+00	
0.40850000	2.13661336e+00	
0.41008333	1.67300412e+00	
0.41166667	1.54689531e+00	
0.41325000	1.30991285e+00	
0.41483333	1.27949686e+00	
0.41641667	1.11814057e+00	
0.41800000	9.64584438e-01	
0.41958333	1.03442392e+00	
0.42116667	1.05036637e+00	
0.42275000	9.88605154e-01	
0.42433333	8.29698545e-01	
0.42591667	7.92478391e-01	
0.42750000	7.61788281e-01	
0.42908333	7.57450774e-01	
0.43066667	7.41096214e-01	
0.43225000	7.21232550e-01	
0.43383333	7.02677232e-01	
0.43541667	6.50183665e-01	
0.43700000	6.20052833e-01	
0.43858333	4.54154529e-01	
0.44016667	2.17030688e-01	
0.44175000	1.57715709e-01	
0.44333333	1.47062437e-01	
0.44491667	1.36109253e-01	
0.44650000	2.44851465e-01	
0.44808333	4.37838022e-01	
0.44966667	4.24485053e-01	
0.45125000	3.86298232e-01	
0.45283333	4.25524125e-01	
0.45441667	2.35062535e-01	
0.45600000	1.63693068e-01	
0.45758333	1.52022672e-01	
0.45916667	1.39816091e-01	
0.46075000	1.20728604e-01	
0.46233333	1.17279890e-01	
0.46391667	8.59519468e-02	
0.46550000	6.70282162e-02	
0.46708333	6.66623799e-02	
0.46866667	5.83024974e-02	
0.47025000	4.72564134e-02	
0.47183333	5.00754461e-02	
0.47341667	4.99791883e-02	
0.47500000	5.16897053e-02	
0.47658333	4.84931468e-02	
0.47816667	5.14936076e-02	
0.47975000	5.56685702e-02	
0.48133333	5.19604876e-02	
0.48291667	5.34820968e-02	
0.48450000	5.80442782e-02	
0.48608333	5.37499906e-02	
0.48766667	5.61625362e-02	
0.48925000	5.12599712e-02	
0.49083333	5.35554857e-02	
0.49241667	5.43497532e-02	
0.49400000	5.68847911e-02	
0.49558333	5.49330807e-02	
0.49716667	4.80540280e-02	
0.49875000	2.65319545e-02	
0.50033333	2.34760924e-02	
0.50191667	2.32705311e-02	
0.50350000	2.34540548e-02	
0.50508333	1.83238230e-02	
0.50666667	1.72148247e-02	
0.50825000	1.57815310e-02	
0.50983333	1.62912641e-02	
0.51141667	1.75230409e-02	
0.51300000	2.00374836e-02	
0.51458333	3.04084397e-02	
0.51616667	3.54156287e-02	
0.51775000	2.12377813e-02	
0.51933333	-2.59486844e-03	
0.52091667	-7.36126935e-04	
0.52250000	2.70345205e-05	
0.52408333	2.57254405e-04	
0.52566667	4.35351241e-04	
0.52725000	1.57469518e-04	
0.52883333	5.46668646e-05	
0.53041667	2.44425503e-05	
0.53200000	9.71456595e-06	
0.53358333	1.06745023e-06	
0.53516667	-3.90316413e-06	
0.53675000	-6.48647448e-06	
0.53833333	-7.56409275e-06	
0.53991667	-7.60132322e-06	
0.54150000	-6.76676078e-06	
0.54308333	-5.91349440e-06	
0.54466667	-4.68773425e-06	
0.54625000	-3.52359299e-06	
0.54783333	-2.69215616e-06	
0.54941667	-1.77109437e-06	
0.55100000	-1.16041183e-06	
0.55258333	-8.68255679e-07	
0.55416667	-3.20336110e-07	
0.55575000	-1.79584028e-08	
0.55733333	2.07631431e-07	
0.55891667	2.97381716e-07	
0.56050000	4.19194350e-07	
0.56208333	9.20019586e-07	
0.56366667	9.73338682e-07	
0.56525000	1.00877102e-06	
0.56683333	1.11027636e-06	
0.56841667	1.12411996e-06	
0.57000000	1.03046729e-06	
0.57158333	6.57282733e-07	
0.57316667	5.77608574e-07	
0.57475000	5.47662574e-07	
0.57633333	4.97192493e-07	
0.57791667	4.78661990e-07	
0.57950000	5.26919859e-07	
0.58108333	6.67228443e-07	
0.58266667	6.91557167e-07	
0.58425000	7.88307108e-07	
0.58583333	7.14329749e-07	
0.58741667	6.36359074e-07	
0.58900000	7.70114468e-07	
0.59058333	4.83147063e-07	
0.59216667	2.61730600e-07	
0.59375000	2.79751565e-07	
0.59533333	4.42874228e-07	
0.59691667	5.35281146e-07	
0.59850000	4.44689746e-07	
0.60008333	5.23638336e-07	
0.60166667	8.26505414e-07	
0.60325000	7.15711667e-07	
0.60483333	7.41336344e-07	
0.60641667	6.04210215e-07	
0.60800000	8.67436363e-07	
0.60958333	6.64421429e-07	
0.61116667	4.42787088e-07	
0.61275000	3.16662793e-07	
0.61433333	1.94019222e-07	
0.61591667	3.04468246e-07	
0.61750000	2.32217640e-07	
0.61908333	2.76035266e-07	
0.62066667	3.02998460e-07	
0.62225000	3.75637443e-07	
0.62383333	6.31535577e-07	
0.62541667	6.28122784e-07	
0.62700000	7.51706498e-07	
0.62858333	5.95324801e-07	
0.63016667	4.51214262e-07	
0.63175000	-1.24154925e-07	
0.63333333	3.23218608e-08	
0.63491667	2.77763167e-07	
0.63650000	1.95272460e-07	
0.63808333	2.04639734e-07	
0.63966667	3.16456480e-07	
0.64125000	2.26600504e-07	
0.64283333	4.83838694e-07	
0.64441667	6.17580031e-07	
0.64600000	6.21208042e-07	
0.64758333	6.96051088e-07	
0.64916667	6.64034844e-07	
0.65075000	5.95325305e-07	
0.65233333	4.43695589e-07	
0.65391667	2.16791384e-07	
0.65550000	2.77935599e-07	
0.65708333	1.74790353e-07	
0.65866667	1.94433234e-07	
0.66025000	2.91028931e-07	
0.66183333	5.31716755e-07	
0.66341667	6.26911954e-07	
0.66500000	5.88324879e-07	
0.66658333	6.14717519e-07	
0.66816667	5.92040309e-07	
0.66975000	4.89284659e-07	
0.67133333	3.59389686e-07	
0.67291667	1.81618207e-07	
0.67450000	2.78229808e-07	
0.67608333	2.63459930e-07	
0.67766667	2.49244112e-07	
0.67925000	2.77555846e-07	
0.68083333	3.69328284e-07	
0.68241667	4.75715810e-07	
0.68400000	5.60453940e-07	
0.68558333	6.62173096e-07	
0.68716667	6.65586001e-07	
0.68875000	6.58327572e-07	
0.69033333	5.10674650e-07	
0.69191667	4.23722853e-07	
0.69350000	1.58327028e-07	
0.69508333	2.44490758e-07	
0.69666667	1.51888251e-07	
0.69825000	2.31398169e-07	
0.69983333	2.76130526e-07	
0.70141667	4.59944186e-07	
0.70300000	5.78212449e-07	
0.70458333	4.53936096e-07	
0.70616667	5.62093918e-07	
0.70775000	5.58638843e-07	
0.70933333	5.73374952e-07	
0.71091667	2.35450777e-07	
0.71250000	1.74721526e-07	
0.71408333	3.73995785e-07	
0.71566667	2.37014451e-07	
0.71725000	3.35449984e-07	
0.71883333	2.58533977e-07	
0.72041667	3.49018665e-07	
0.72200000	6.46917116e-07	
0.72358333	4.22651749e-07	
0.72516667	4.66295683e-07	
0.72675000	4.08390989e-07	
0.72833333	5.21433909e-07	
0.72991667	6.00207212e-07	
0.73150000	2.70270283e-07	
0.73308333	2.01625077e-07	
0.73466667	6.74529127e-08	
0.73625000	-6.20430489e-08	
0.73783333	1.04666736e-07	
0.73941667	1.49356224e-07	
0.74100000	2.43176576e-07	
0.74258333	3.55457862e-07	
0.74416667	4.92654106e-07	
0.74575000	5.80243380e-07	
0.74733333	4.81677669e-07	
0.74891667	6.64982686e-07	
0.75050000	4.71999147e-07	
0.75208333	3.47203595e-07	
0.75366667	4.47714413e-07	
0.75525000	2.31656229e-07	
0.75683333	2.73209435e-07	
0.75841667	2.04822107e-07	
0.76000000	6.04787153e-07	
0.76158333	6.00554987e-07	
0.76316667	6.08158673e-07	
0.76475000	5.97701211e-07	
0.76633333	5.35261378e-07	
0.76791667	5.90312968e-07	
0.76950000	4.99438922e-07	
0.77108333	1.53945126e-07	
0.77266667	4.33839847e-08	
0.77425000	1.09757036e-07	
0.77583333	2.94529984e-07	
0.77741667	1.91902355e-07	
0.77900000	9.37258475e-08	
0.78058333	2.79232701e-07	
0.78216667	3.67859758e-07	
0.78375000	5.08167138e-07	
0.78533333	5.39970629e-07	
0.78691667	5.82491489e-07	
0.78850000	6.86794265e-07	
0.79008333	4.97320963e-07	
0.79166667	2.73761424e-07	
0.79325000	1.38605295e-07	
0.79483333	2.01667191e-07	
0.79641667	2.93803855e-07	
0.79800000	1.44170559e-07	
0.79958333	8.24910714e-08	
0.80116667	2.38183223e-07	
0.80275000	4.27059398e-07	
0.80433333	5.81281891e-07	
0.80591667	6.05394108e-07	
0.80750000	7.52224297e-07	
0.80908333	5.94289930e-07	
0.81066667	4.55751950e-07	
0.81225000	1.89714855e-07	
0.81383333	1.34128300e-07	
0.81541667	1.97303041e-07	
0.81700000	1.51128269e-07	
0.81858333	1.35753003e-07	
0.82016667	4.43625446e-07	
0.82175000	3.85964363e-07	
0.82333333	5.64730572e-07	
0.82491667	5.63476844e-07	
0.82650000	5.21518529e-07	
0.82808333	6.86113498e-07	
0.82966667	5.63651571e-07	
0.83125000	5.55137229e-07	
0.83283333	3.30205489e-07	
0.83441667	6.88795837e-08	
0.83600000	1.26393891e-07	
0.83758333	-2.65070149e-08	
0.83916667	4.97791601e-08	
0.84075000	2.44387126e-07	
0.84233333	6.27691453e-07	
0.84391667	5.79032718e-07	
0.84550000	4.70875345e-07	
0.84708333	4.89025143e-07	
0.84866667	4.86777258e-07	
0.85025000	4.58275479e-07	
0.85183333	2.30186625e-07	
0.85341667	9.69666220e-08	
0.85500000	8.41150813e-08	
0.85658333	1.99247840e-07	
0.85816667	4.95507602e-07	
0.85975000	3.60436401e-07	
0.86133333	3.94130089e-07	
0.86291667	5.85559138e-07	
0.86450000	5.39150640e-07	
0.86608333	6.95617293e-07	
0.86766667	7.81957319e-07	
0.86925000	7.01625634e-07	
0.87083333	5.18233534e-07	
0.87241667	1.49209161e-07	
0.87400000	2.01149112e-07	
0.87558333	2.22541176e-08	
0.87716667	9.89974831e-08	
0.87875000	2.88739912e-07	
0.88033333	2.56261395e-07	
0.88191667	8.25729555e-07	
0.88350000	4.34838316e-07	
0.88508333	6.44326999e-07	
0.88666667	5.86900847e-07	
0.88825000	5.54800654e-07	
0.88983333	4.45337443e-07	
0.89141667	5.04738617e-09	
0.89300000	3.02564986e-08	
0.89458333	3.02739336e-07	
0.89616667	2.35207698e-07	
0.89775000	2.49633749e-07	
0.89933333	2.03181107e-07	
0.90091667	3.72015929e-07	
0.90250000	4.48802766e-07	
0.90408333	5.85342297e-07	
0.90566667	6.77037507e-07	
0.90725000	5.45864277e-07	
0.90883333	6.49424740e-07	
0.91041667	4.51127906e-07	
0.91200000	1.73364403e-07	
0.91358333	1.26652427e-07	
0.91516667	1.02151909e-07	
0.91675000	2.49259904e-07	
0.91833333	1.39891253e-07	
0.91991667	1.58275478e-07	
0.92150000	5.16333816e-07	
0.92308333	6.06129757e-07	
0.92466667	5.75187473e-07	
0.92625000	6.68828659e-07	
0.92783333	6.56254695e-07	
0.92941667	6.28942941e-07	
0.93100000	2.45926719e-07	
0.93258333	3.20862337e-07	
0.93416667	3.40591148e-08	
0.93575000	4.96085047e-09	
0.93733333	7.87311887e-08	
0.93891667	-3.59092488e-08	
0.94050000	2.13032523e-07	
0.94208333	6.20302761e-07	
0.94366667	5.17588497e-07	
0.94525000	5.70867047e-07	
0.94683333	4.22704223e-07	
0.94841667	6.51066454e-07	
0.95000000	5.60970955e-07	
0.95158333	4.08996124e-07	
0.95316667	1.80623519e-07	
0.95475000	1.09195492e-07	
0.95633333	2.82300519e-07	
0.95791667	1.69596176e-07	
0.95950000	1.77339895e-07	
0.96108333	4.83373089e-07	
0.96266667	3.48810475e-07	
0.96425000	5.28304577e-07	
0.96583333	5.05575454e-07	
0.96741667	4.71523070e-07	
0.96900000	5.91435146e-07	
0.97058333	4.28527364e-07	
0.97216667	2.95790320e-07	
0.97375000	1.52147501e-07	
0.97533333	2.41465223e-07	
0.97691667	3.12289221e-07	
0.97850000	2.21372865e-07	
0.98008333	1.92291348e-07	
0.98166667	4.13447204e-07	
0.98325000	4.19107798e-07	
0.98483333	4.23472998e-07	
0.98641667	4.12064418e-07	
0.98800000	5.92775454e-07	
0.98958333	5.76529013e-07	
0.99116667	4.80116151e-07	
0.99275000	1.80502637e-07	
0.99433333	1.57029716e-07	
0.99591667	3.20776009e-07	
0.99750000	1.81004532e-07	
0.99908333	3.32771776e-07	
1.00066667	4.36954146e-07	
1.00225000	5.14086435e-07	
1.00383333	5.52719097e-07	
1.00541667	4.75845288e-07	
1.00700000	4.50350424e-07	
1.00858333	5.10752718e-07	
1.01016667	5.23351939e-07	
1.01175000	2.60521254e-07	
1.01333333	-8.18687855e-08	
1.01491667	1.45233851e-07	
1.01650000	1.89447723e-07	
1.01808333	2.22063922e-07	
1.01966667	2.84374796e-07	
1.02125000	3.58006704e-07	
1.02283333	6.41691857e-07	
1.02441667	5.45847365e-07	
1.02600000	5.58509813e-07	
1.02758333	5.51550660e-07	
1.02916667	5.92644912e-07	
1.03075000	4.68800927e-07	
1.03233333	3.11640964e-07	
1.03391667	1.93241627e-07	
1.03550000	2.79751285e-07	
1.03708333	1.26808268e-07	
1.03866667	2.12945985e-07	
1.04025000	1.59571656e-07	
1.04183333	4.14311686e-07	
@ 
0.00000000	6.81703581e-07	
0.00158333	4.91443891e-07	
0.00316667	8.10821518e-07	
0.00475000	6.06991244e-07	
0.00633333	5.84739822e-07	
0.00791667	4.48206059e-07	
0.00950000	1.65423387e-07	
0.01108333	9.12190491e-08	
0.01266667	-1.33355100e-08	
0.01425000	3.60305992e-08	
0.01583333	6.61481941e-08	
0.01741667	2.69595817e-07	
0.01900000	1.68784419e-07	
0.02058333	3.02955590e-07	
0.02216667	5.38804041e-07	
0.02375000	5.79338547e-07	
0.02533333	6.37326349e-07	
0.02691667	6.36504232e-07	
0.02850000	2.10785394e-07	
0.03008333	9.62668356e-08	
0.03166667	5.93724011e-08	
0.03325000	1.18399547e-07	
0.03483333	1.76388959e-07	
0.03641667	1.60565141e-07	
0.03800000	3.16869330e-07	
0.03958333	4.45811224e-07	
0.04116667	5.08641423e-07	
0.04275000	6.18833424e-07	
0.04433333	5.58248113e-07	
0.04591667	6.73666100e-07	
0.04750000	4.30127412e-07	
0.04908333	2.36281854e-07	
0.05066667	2.16964795e-07	
0.05225000	1.88029907e-07	
0.05383333	3.42105967e-07	
0.05541667	2.83233717e-07	
0.05700000	2.62423295e-07	
0.05858333	4.09862287e-07	
0.06016667	4.18676018e-07	
0.06175000	5.59156138e-07	
0.06333333	5.41354283e-07	
0.06491667	3.93683049e-07	
0.06650000	3.53729568e-07	
0.06808333	3.20385616e-07	
0.06966667	1.49347487e-07	
0.07125000	-1.78901007e-08	
0.07283333	8.99149606e-08	
0.07441667	1.10119778e-07	
0.07600000	1.40212329e-07	
0.07758333	4.19973513e-07	
0.07916667	5.47619060e-07	
0.08075000	7.21718664e-07	
0.08233333	6.42252330e-07	
0.08391667	6.21640885e-07	
0.08550000	5.82723899e-07	
0.08708333	4.07398316e-07	
0.08866667	3.60650667e-07	
0.09025000	-1.48816177e-08	
0.09183333	1.61092376e-07	
0.09341667	1.13481945e-07	
0.09500000	1.29365693e-07	
0.09658333	2.22417032e-07	
0.09816667	2.36204179e-07	
0.09975000	4.68758254e-07	
0.10133333	4.83536505e-07	
0.10291667	4.15738518e-07	
0.10450000	6.20734485e-07	
0.10608333	6.53643073e-07	
0.10766667	4.40930437e-07	
0.10925000	2.89154639e-07	
0.11083333	5.77304144e-08	
0.11241667	2.13334516e-07	
0.11400000	1.53513220e-07	
0.11558333	-6.10139940e-09	
0.11716667	1.85420414e-07	
0.11875000	2.59053400e-07	
0.12033333	5.20222855e-07	
0.12191667	4.50435967e-07	
0.12350000	5.21777037e-07	
0.12508333	5.16637686e-07	
0.12666667	6.60746768e-07	
0.12825000	2.58101049e-07	
0.12983333	2.00216194e-07	
0.13141667	1.35399011e-07	
0.13300000	2.76510279e-07	
0.13458333	3.04900613e-07	
0.13616667	2.78817751e-07	
0.13775000	4.38164697e-07	
0.13933333	5.60279660e-07	
0.14091667	5.33619440e-07	
0.14250000	5.34310119e-07	
0.14408333	6.68567295e-07	
0.14566667	5.99041239e-07	
0.14725000	4.92481338e-07	
0.14883333	-1.16082996e-07	
0.15041667	5.62699389e-08	
0.15200000	2.22019764e-07	
0.15358333	4.39284236e-08	
0.15516667	1.59847230e-07	
0.15675000	2.22762946e-07	
0.15833333	4.56226935e-07	
0.15991667	5.49849416e-07	
0.16150000	3.27111490e-07	
0.16308333	4.59943010e-07	
0.16466667	4.17768134e-07	
0.16625000	4.56485975e-07	
0.16783333	2.64496928e-07	
0.16941667	-9.62833913e-08	
0.17100000	1.09368224e-07	
0.17258333	1.82490712e-07	
0.17416667	1.82871068e-07	
0.17575000	1.87762761e-07	
0.17733333	1.89308906e-07	
0.17891667	6.19522926e-07	
0.18050000	7.83857596e-07	
0.18208333	6.48993689e-07	
0.18366667	7.70225689e-07	
0.18525000	5.41776878e-07	
0.18683333	6.20775927e-07	
0.18841667	3.32079529e-07	
0.19000000	1.54679991e-07	
0.19158333	1.72543546e-07	
0.19316667	1.77685417e-07	
0.19475000	2.46738755e-07	
0.19633333	1.58327406e-07	
0.19791667	2.49460029e-07	
0.19950000	1.29201801e-07	
0.20108333	4.07138969e-07	
0.20266667	4.84055368e-07	
0.20425000	3.80088579e-07	
0.20583333	6.33999184e-07	
0.20741667	5.66760887e-07	
0.20900000	2.40420636e-07	
0.21058333	2.74824408e-07	
0.21216667	1.60305443e-08	
0.21375000	2.04433953e-07	
0.21533333	1.15486471e-07	
0.21691667	1.21129459e-07	
0.21850000	2.20465764e-07	
0.22008333	4.07742676e-07	
0.22166667	4.51084701e-07	
0.22325000	4.58517270e-07	
0.22483333	5.14173239e-07	
0.22641667	4.40004547e-07	
0.22800000	2.16402698e-07	
0.22958333	3.00753200e-08	
0.23116667	6.97526069e-08	
0.23275000	3.54767694e-08	
0.23433333	2.20897418e-07	
0.23591667	-1.22285521e-08	
0.23750000	2.68488983e-07	
0.23908333	4.88937891e-07	
0.24066667	5.04235145e-07	
0.24225000	4.91530023e-07	
0.24383333	4.56744790e-07	
0.24541667	4.81764865e-07	
0.24700000	4.50911849e-07	
0.24858333	3.37611345e-07	
0.25016667	4.86562012e-08	
0.25175000	-7.41690350e-08	
0.25333333	2.50807842e-07	
0.25491667	6.53953033e-08	
0.25650000	2.08581765e-07	
0.25808333	3.96638609e-07	
0.25966667	5.62095710e-07	
0.26125000	5.63478020e-07	
0.26283333	6.13646807e-07	
0.26441667	6.71550101e-07	
0.26600000	7.53305033e-07	
0.26758333	5.45649620e-07	
0.26916667	1.01978770e-07	
0.27075000	1.81704549e-07	
0.27233333	2.48423367e-07	
0.27391667	2.46598693e-07	
0.27550000	-2.60912085e-08	
0.27708333	2.17958882e-07	
0.27866667	3.23869756e-07	
0.28025000	4.94123388e-07	
0.28183333	3.32426352e-07	
0.28341667	3.24388368e-07	
0.28500000	5.55913816e-07	
0.28658333	7.12946710e-07	
0.28816667	4.69448064e-07	
0.28975000	3.67971455e-07	
0.29133333	2.16921449e-07	
0.29291667	2.59312552e-07	
0.29450000	2.02964195e-07	
0.29608333	8.05030872e-08	
0.29766667	1.18459357e-07	
0.29925000	3.42451390e-07	
0.30083333	5.26272134e-07	
0.30241667	4.54455884e-07	
0.30400000	6.84945846e-07	
0.30558333	6.23843464e-07	
0.30716667	6.18268638e-07	
0.30875000	2.45337544e-07	
0.31033333	-6.48435246e-08	
0.31191667	-2.85192674e-08	
0.31350000	-8.78231757e-08	
0.31508333	1.21874069e-07	
0.31666667	1.66018245e-07	
0.31825000	2.99888108e-07	
0.31983333	3.64143655e-07	
0.32141667	4.68256079e-07	
0.32300000	4.79172677e-07	
0.32458333	6.50936416e-07	
0.32616667	6.55607642e-07	
0.32775000	4.78092276e-07	
0.32933333	-1.74652377e-07	
0.33091667	8.16609182e-08	
0.33250000	1.68221804e-07	
0.33408333	1.16244626e-08	
0.33566667	1.74564957e-07	
0.33725000	3.93256033e-09	
0.33883333	4.47134199e-07	
0.34041667	5.79726869e-07	
0.34200000	5.07347205e-07	
0.34358333	7.05947236e-07	
0.34516667	6.56899788e-07	
0.34675000	6.13765756e-07	
0.34833333	3.90156095e-07	
0.34991667	6.26397277e-08	
0.35150000	1.90098627e-09	
0.35308333	5.31505534e-08	
0.35466667	2.98807764e-07	
0.35625000	3.15919500e-07	
0.35783333	2.95307159e-07	
0.35941667	6.46486344e-07	
0.36100000	4.24941887e-07	
0.36258333	5.47705808e-07	
0.36416667	6.05869122e-07	
0.36575000	6.69388180e-07	
0.36733333	6.52580986e-07	
0.36891667	3.14536237e-07	
0.37050000	3.15400832e-07	
0.37208333	3.05807238e-07	
0.37366667	3.70624490e-07	
0.37525000	5.28996096e-07	
0.37683333	4.20361470e-07	
0.37841667	6.89267000e-07	
0.38000000	1.04515451e-06	
0.38158333	1.36021558e-06	
0.38316667	1.73686339e-06	
0.38475000	1.90790929e-06	
0.38633333	2.25547119e-06	
0.38791667	2.29450651e-06	
0.38950000	2.50596214e-06	
0.39108333	2.83233739e-06	
0.39266667	3.45579948e-06	
0.39425000	4.36203259e-06	
0.39583333	5.14942703e-06	
0.39741667	6.45969452e-06	
0.39900000	8.32912381e-06	
0.40058333	9.99472905e-06	
0.40216667	1.23935631e-05	
0.40375000	1.44417793e-05	
0.40533333	1.72249841e-05	
0.40691667	2.11133309e-05	
0.40850000	2.63589276e-05	
0.41008333	3.43481744e-05	
0.41166667	4.59096307e-05	
0.41325000	6.53185067e-05	
0.41483333	1.00484114e-04	
0.41641667	1.56328508e-04	
0.41800000	2.21883024e-04	
0.41958333	2.78903367e-04	
0.42116667	3.46826082e-04	
0.42275000	4.60797751e-04	
0.42433333	6.55407275e-04	
0.42591667	1.00866968e-03	
0.42750000	1.28868382e-03	
0.42908333	1.05348740e-03	
0.43066667	2.10123028e-03	
0.43225000	2.01696775e-03	
0.43383333	3.14167535e-03	
0.43541667	3.63029545e-03	
0.43700000	5.51689724e-03	
0.43858333	6.61880247e-03	
0.44016667	7.68699388e-03	
0.44175000	8.53958373e-03	
0.44333333	8.49503232e-03	
0.44491667	1.05157365e-02	
0.44650000	2.08619750e-02	
0.44808333	5.46605404e-02	
0.44966667	5.24125731e-02	
0.45125000	3.78663698e-02	
0.45283333	1.05842139e-01	
0.45441667	2.10492907e-01	
0.45600000	2.85494488e-01	
0.45758333	3.41667925e-01	
0.45916667	4.33730326e-01	
0.46075000	4.93081728e-01	
0.46233333	2.54362254e-01	
0.46391667	5.15695385e-01	
0.46550000	1.39551662e+00	
0.46708333	1.31606795e+00	
0.46866667	1.43218307e+00	
0.47025000	1.49281000e+00	
0.47183333	1.60469519e+00	
0.47341667	1.69778272e+00	
0.47500000	1.68696255e+00	
0.47658333	1.87425146e+00	
0.47816667	2.01199751e+00	
0.47975000	2.73561691e+00	
0.48133333	5.24419563e+00	
0.48291667	6.60703836e+00	
0.48450000	6.94795669e+00	
0.48608333	7.88525812e+00	
0.48766667	9.14314754e+00	
0.48925000	1.05755717e+01	
0.49083333	1.07470980e+01	
0.49241667	1.09808715e+01	
0.49400000	1.14304098e+01	
0.49558333	1.23014535e+01	
0.49716667	1.45708442e+01	
0.49875000	1.50463888e+01	
0.50033333	1.58734532e+01	
0.50191667	1.73476966e+01	
0.50350000	1.76294255e+01	
0.50508333	1.77566559e+01	
0.50666667	1.83112443e+01	
0.50825000	1.86287444e+01	
0.50983333	1.88797702e+01	
0.51141667	1.90032631e+01	
0.51300000	1.99165177e+01	
0.51458333	2.00823117e+01	
