start voltage : 0.00 V 
set voltage : 0.10 V 
High G : 30.00 G0 
Intermediate G : 20.00 G0 
Low G : 10.00 G0 
Breaking speed 1 : 300.00 V/s 
Breaking speed 2 : 300.00 V/s 
Making speed : 500.00 V/s 
Post breaking : 230.00 V/s 
@ 
0.00000000	5.31432166e+01	
0.00158333	5.42125332e+01	
0.00316667	5.39423778e+01	
0.00475000	5.40317982e+01	
0.00633333	5.37784649e+01	
0.00791667	5.36872104e+01	
0.00950000	5.37222638e+01	
0.01108333	5.37683326e+01	
0.01266667	5.37496277e+01	
0.01425000	5.36945541e+01	
0.01583333	5.37141760e+01	
0.01741667	5.37281004e+01	
0.01900000	5.35818324e+01	
0.02058333	5.37242970e+01	
0.02216667	5.36383304e+01	
0.02375000	5.35003006e+01	
0.02533333	5.35728013e+01	
0.02691667	5.33910930e+01	
0.02850000	5.35250789e+01	
0.03008333	5.36289085e+01	
0.03166667	5.36401344e+01	
0.03325000	5.33233465e+01	
0.03483333	5.31273530e+01	
0.03641667	5.33971062e+01	
0.03800000	5.32401986e+01	
0.03958333	5.33706856e+01	
0.04116667	5.31577235e+01	
0.04275000	5.30898718e+01	
0.04433333	5.34092529e+01	
0.04591667	5.32888043e+01	
0.04750000	5.31976964e+01	
0.04908333	5.34393529e+01	
0.05066667	5.32795627e+01	
0.05225000	5.32784766e+01	
0.05383333	5.37572119e+01	
0.05541667	5.36336401e+01	
0.05700000	5.34806036e+01	
0.05858333	5.32476513e+01	
0.06016667	5.33683893e+01	
0.06175000	5.30603619e+01	
0.06333333	5.33564831e+01	
0.06491667	5.31624815e+01	
0.06650000	5.31916682e+01	
0.06808333	5.31836894e+01	
0.06966667	5.28282101e+01	
0.07125000	5.30644847e+01	
0.07283333	5.29458927e+01	
0.07441667	5.25718250e+01	
0.07600000	5.25599000e+01	
0.07758333	5.25215733e+01	
0.07916667	5.24687433e+01	
0.08075000	5.23767185e+01	
0.08233333	5.21412180e+01	
0.08391667	5.22878994e+01	
0.08550000	5.23305820e+01	
0.08708333	5.24031353e+01	
0.08866667	5.22591674e+01	
0.09025000	5.22705212e+01	
0.09183333	5.24016884e+01	
0.09341667	5.23731331e+01	
0.09500000	5.24081488e+01	
0.09658333	5.22106821e+01	
0.09816667	5.21723628e+01	
0.09975000	5.21785339e+01	
0.10133333	5.20803567e+01	
0.10291667	5.23052663e+01	
0.10450000	5.17400157e+01	
0.10608333	5.20313602e+01	
0.10766667	5.19926388e+01	
0.10925000	5.17237011e+01	
0.11083333	5.16245393e+01	
0.11241667	5.18120466e+01	
0.11400000	5.17055299e+01	
0.11558333	5.16772978e+01	
0.11716667	5.15840440e+01	
0.11875000	5.15685674e+01	
0.12033333	5.10719691e+01	
0.12191667	5.11652492e+01	
0.12350000	5.09947819e+01	
0.12508333	5.10558912e+01	
0.12666667	5.09395955e+01	
0.12825000	5.06476647e+01	
0.12983333	5.07624459e+01	
0.13141667	5.06383668e+01	
0.13300000	5.06674182e+01	
0.13458333	5.08256036e+01	
0.13616667	5.05119463e+01	
0.13775000	5.05515621e+01	
0.13933333	5.03929521e+01	
0.14091667	4.98348197e+01	
0.14250000	4.98678060e+01	
0.14408333	4.96789118e+01	
0.14566667	4.99400699e+01	
0.14725000	4.97239283e+01	
0.14883333	4.95585158e+01	
0.15041667	4.94781039e+01	
0.15200000	4.95223763e+01	
0.15358333	4.98250782e+01	
0.15516667	4.95314563e+01	
0.15675000	4.95043404e+01	
0.15833333	4.95157016e+01	
0.15991667	4.92713768e+01	
0.16150000	4.95779610e+01	
0.16308333	4.91675848e+01	
0.16466667	4.95433512e+01	
0.16625000	4.93936444e+01	
0.16783333	4.92357184e+01	
0.16941667	4.94490976e+01	
0.17100000	4.92360491e+01	
0.17258333	4.92051487e+01	
0.17416667	4.87691786e+01	
0.17575000	4.87049461e+01	
0.17733333	4.89243724e+01	
0.17891667	4.90383418e+01	
0.18050000	4.91360079e+01	
0.18208333	4.90640070e+01	
0.18366667	4.90574639e+01	
0.18525000	4.88841214e+01	
0.18683333	4.86642291e+01	
0.18841667	4.86570395e+01	
0.19000000	4.87419575e+01	
0.19158333	4.83452088e+01	
0.19316667	4.85168675e+01	
0.19475000	4.86328701e+01	
0.19633333	4.86018306e+01	
0.19791667	4.84114632e+01	
0.19950000	4.81400564e+01	
0.20108333	4.82790295e+01	
0.20266667	4.78502716e+01	
0.20425000	4.74525457e+01	
0.20583333	4.72079089e+01	
0.20741667	4.68451048e+01	
0.20900000	4.59936022e+01	
0.21058333	4.51437044e+01	
0.21216667	4.46156005e+01	
0.21375000	4.43114253e+01	
0.21533333	4.39090993e+01	
0.21691667	4.38451261e+01	
0.21850000	4.36602683e+01	
0.22008333	4.37827201e+01	
0.22166667	4.39316940e+01	
0.22325000	4.38770639e+01	
0.22483333	4.36403007e+01	
0.22641667	4.34418154e+01	
0.22800000	4.34954496e+01	
0.22958333	4.38047736e+01	
0.23116667	4.36700624e+01	
0.23275000	4.35972836e+01	
0.23433333	4.33813224e+01	
0.23591667	4.35081075e+01	
0.23750000	4.33809616e+01	
0.23908333	4.33838404e+01	
0.24066667	4.32827920e+01	
0.24225000	4.32571681e+01	
0.24383333	4.34146845e+01	
0.24541667	4.27113929e+01	
0.24700000	4.21673051e+01	
0.24858333	4.16226536e+01	
0.25016667	4.15839923e+01	
0.25175000	4.17490139e+01	
0.25333333	4.13205041e+01	
0.25491667	4.05029048e+01	
0.25650000	3.91566078e+01	
0.25808333	3.95010002e+01	
0.25966667	3.92808974e+01	
0.26125000	3.92367115e+01	
0.26283333	3.94142707e+01	
0.26441667	3.93740084e+01	
0.26600000	3.93127901e+01	
0.26758333	3.93090168e+01	
0.26916667	3.85753320e+01	
0.27075000	3.86417706e+01	
0.27233333	3.88484714e+01	
0.27391667	3.84982049e+01	
0.27550000	3.85430185e+01	
0.27708333	3.85649517e+01	
0.27866667	3.88789622e+01	
0.28025000	3.84581944e+01	
0.28183333	3.84845436e+01	
0.28341667	3.84683380e+01	
0.28500000	3.82436914e+01	
0.28658333	3.81436953e+01	
0.28816667	3.78561542e+01	
0.28975000	3.79513961e+01	
0.29133333	3.77935828e+01	
0.29291667	3.76540197e+01	
0.29450000	3.73197558e+01	
0.29608333	3.72725257e+01	
0.29766667	3.75636183e+01	
0.29925000	3.65005893e+01	
0.30083333	3.56684794e+01	
0.30241667	3.55604330e+01	
0.30400000	3.49902478e+01	
0.30558333	3.51967720e+01	
0.30716667	3.49776915e+01	
0.30875000	3.49009552e+01	
0.31033333	3.46799241e+01	
0.31191667	3.46115275e+01	
0.31350000	3.45721972e+01	
0.31508333	3.41303305e+01	
0.31666667	3.39722353e+01	
0.31825000	3.40345812e+01	
0.31983333	3.37370318e+01	
0.32141667	3.39425939e+01	
0.32300000	3.36188532e+01	
0.32458333	3.35879790e+01	
0.32616667	3.35603633e+01	
0.32775000	3.36461194e+01	
0.32933333	3.36252310e+01	
0.33091667	3.34449958e+01	
0.33250000	3.36288464e+01	
0.33408333	3.35360812e+01	
0.33566667	3.32919180e+01	
0.33725000	3.31716798e+01	
0.33883333	3.24276485e+01	
0.34041667	3.05123765e+01	
0.34200000	3.02925932e+01	
0.34358333	3.02479375e+01	
0.34516667	3.03626548e+01	
0.34675000	2.99575758e+01	
0.34833333	2.94393017e+01	
0.34991667	2.94671899e+01	
0.35150000	2.92349949e+01	
0.35308333	2.91667260e+01	
0.35466667	2.85365458e+01	
0.35625000	2.88396404e+01	
0.35783333	2.86457215e+01	
0.35941667	2.88684118e+01	
0.36100000	2.92263415e+01	
0.36258333	2.88533600e+01	
0.36416667	2.89782734e+01	
0.36575000	2.89987259e+01	
0.36733333	2.90785552e+01	
0.36891667	2.89586797e+01	
0.37050000	2.86027420e+01	
0.37208333	2.84662474e+01	
0.37366667	2.83099994e+01	
0.37525000	2.87243613e+01	
0.37683333	2.83951749e+01	
0.37841667	2.82708571e+01	
0.38000000	2.82577877e+01	
0.38158333	2.76990145e+01	
0.38316667	2.66895896e+01	
0.38475000	2.58244502e+01	
0.38633333	2.56131211e+01	
0.38791667	2.57468270e+01	
0.38950000	2.56948577e+01	
0.39108333	2.52761982e+01	
0.39266667	2.49080254e+01	
0.39425000	2.50303908e+01	
0.39583333	2.48613666e+01	
0.39741667	2.47441557e+01	
0.39900000	2.46595797e+01	
0.40058333	2.44960162e+01	
0.40216667	2.42267967e+01	
0.40375000	2.41130039e+01	
0.40533333	2.35831844e+01	
0.40691667	2.34078764e+01	
0.40850000	2.31658310e+01	
0.41008333	2.30833878e+01	
0.41166667	2.31770118e+01	
0.41325000	2.32051161e+01	
0.41483333	2.30993285e+01	
0.41641667	2.29986521e+01	
0.41800000	2.30633055e+01	
0.41958333	2.28382925e+01	
0.42116667	2.26434716e+01	
0.42275000	2.23181599e+01	
0.42433333	2.10574856e+01	
0.42591667	2.08854285e+01	
0.42750000	2.09423004e+01	
0.42908333	2.04460892e+01	
0.43066667	2.04455950e+01	
0.43225000	2.05519764e+01	
0.43383333	2.05560053e+01	
0.43541667	2.05269370e+01	
0.43700000	2.02116430e+01	
0.43858333	2.03665530e+01	
0.44016667	1.97174199e+01	
0.44175000	1.97744534e+01	
0.44333333	1.91878033e+01	
0.44491667	1.91162046e+01	
0.44650000	1.89899626e+01	
0.44808333	1.88542685e+01	
0.44966667	1.89183432e+01	
0.45125000	1.85294492e+01	
0.45283333	1.85776696e+01	
0.45441667	1.81439865e+01	
0.45600000	1.70432076e+01	
0.45758333	1.72966687e+01	
0.45916667	1.70836352e+01	
0.46075000	1.71645638e+01	
0.46233333	1.70411274e+01	
0.46391667	1.68786520e+01	
0.46550000	1.68624783e+01	
0.46708333	1.68979187e+01	
0.46866667	1.69029867e+01	
0.47025000	1.69027969e+01	
0.47183333	1.67549468e+01	
0.47341667	1.67022972e+01	
0.47500000	1.65748338e+01	
0.47658333	1.61686725e+01	
0.47816667	1.55182192e+01	
0.47975000	1.49455310e+01	
0.48133333	1.52203448e+01	
0.48291667	1.51679489e+01	
0.48450000	1.48876425e+01	
0.48608333	1.49603978e+01	
0.48766667	1.46718016e+01	
0.48925000	1.47141121e+01	
0.49083333	1.44181243e+01	
0.49241667	1.33898104e+01	
0.49400000	1.36449139e+01	
0.49558333	1.34802230e+01	
0.49716667	1.31668626e+01	
0.49875000	1.27655203e+01	
0.50033333	1.21614816e+01	
0.50191667	1.20871112e+01	
0.50350000	1.19627455e+01	
0.50508333	1.20587391e+01	
0.50666667	1.19219739e+01	
0.50825000	1.21569576e+01	
0.50983333	1.20029147e+01	
0.51141667	1.17928766e+01	
0.51300000	1.17226299e+01	
0.51458333	1.15056221e+01	
0.51616667	1.15424765e+01	
0.51775000	1.13814603e+01	
0.51933333	1.14856159e+01	
0.52091667	1.14292532e+01	
0.52250000	1.13063457e+01	
0.52408333	1.06425891e+01	
0.52566667	9.98575808e+00	
0.52725000	9.86475885e+00	
0.52883333	1.01294798e+01	
0.53041667	9.71525695e+00	
0.53200000	9.60979064e+00	
0.53358333	9.46386566e+00	
0.53516667	9.25668003e+00	
0.53675000	9.13484460e+00	
0.53833333	8.83646372e+00	
0.53991667	8.89311393e+00	
0.54150000	8.84605106e+00	
0.54308333	8.82165898e+00	
0.54466667	7.77778959e+00	
0.54625000	7.56344117e+00	
0.54783333	7.55477180e+00	
0.54941667	7.39280937e+00	
0.55100000	7.19261410e+00	
0.55258333	7.09762771e+00	
0.55416667	6.95254365e+00	
0.55575000	6.59515473e+00	
0.55733333	6.46059710e+00	
0.55891667	6.42124007e+00	
0.56050000	6.32311271e+00	
0.56208333	6.18347015e+00	
0.56366667	6.32894413e+00	
0.56525000	6.13548462e+00	
0.56683333	5.90217200e+00	
0.56841667	5.79641630e+00	
0.57000000	5.59162421e+00	
0.57158333	5.52087440e+00	
0.57316667	5.41358627e+00	
0.57475000	5.42127615e+00	
0.57633333	5.52536365e+00	
0.57791667	5.45329140e+00	
0.57950000	4.82833468e+00	
0.58108333	4.21480543e+00	
0.58266667	4.16595973e+00	
0.58425000	3.91709235e+00	
0.58583333	3.89575903e+00	
0.58741667	3.91016094e+00	
0.58900000	3.32717769e+00	
0.59058333	3.30756942e+00	
0.59216667	3.37798568e+00	
0.59375000	3.09139519e+00	
0.59533333	2.65107568e+00	
0.59691667	2.67101163e+00	
0.59850000	2.59656040e+00	
0.60008333	2.47536599e+00	
0.60166667	2.36050895e+00	
0.60325000	2.29800876e+00	
0.60483333	1.82456027e+00	
0.60641667	6.35669540e-01	
0.60800000	-5.43246554e-04	
0.60958333	5.67575952e-05	
0.61116667	2.41536816e-03	
0.61275000	1.25689323e-04	
0.61433333	-6.58936364e-06	
0.61591667	-4.91792205e-05	
0.61750000	-8.84005669e-05	
0.61908333	-9.94594163e-05	
0.62066667	-7.94566807e-05	
0.62225000	-5.48430799e-05	
0.62383333	-3.73779265e-05	
0.62541667	-2.53716239e-05	
0.62700000	-1.67961410e-05	
0.62858333	-1.05747843e-05	
0.63016667	-5.59389881e-06	
0.63175000	-1.72787678e-06	
0.63333333	9.17628335e-07	
0.63491667	2.40357745e-06	
0.63650000	3.42766740e-06	
0.63808333	4.01085159e-06	
0.63966667	4.15461407e-06	
0.64125000	4.16385448e-06	
0.64283333	4.00311652e-06	
0.64441667	3.93898692e-06	
0.64600000	3.22025314e-06	
0.64758333	2.76415635e-06	
0.64916667	2.48467043e-06	
0.65075000	2.09163606e-06	
0.65233333	1.97806655e-06	
0.65391667	1.56202332e-06	
0.65550000	8.55415087e-07	
0.65708333	7.17442536e-07	
0.65866667	5.45198687e-07	
0.66025000	6.38718460e-07	
0.66183333	8.88979577e-07	
0.66341667	7.02101936e-07	
0.66500000	7.41596420e-07	
0.66658333	5.97875547e-07	
0.66816667	5.72852784e-07	
0.66975000	6.43506731e-07	
0.67133333	7.65275963e-07	
0.67291667	8.97978565e-07	
0.67450000	4.34577176e-07	
0.67608333	2.62855999e-07	
0.67766667	2.17699520e-07	
0.67925000	3.48690042e-07	
0.68083333	5.24631373e-07	
0.68241667	5.57643790e-07	
0.68400000	8.70582752e-07	
0.68558333	6.40438353e-07	
0.68716667	4.77617767e-07	
0.68875000	4.87814257e-07	
0.69033333	7.77043827e-07	
0.69191667	9.37343795e-07	
0.69350000	4.58118280e-07	
0.69508333	3.37352221e-07	
0.69666667	2.23446680e-07	
0.69825000	1.70426301e-07	
0.69983333	4.21226513e-07	
0.70141667	3.48069198e-07	
0.70300000	5.59933901e-07	
0.70458333	6.44162464e-07	
0.70616667	4.69363081e-07	
0.70775000	5.83313046e-07	
0.70933333	6.08376018e-07	
0.71091667	7.91938143e-07	
0.71250000	9.43829838e-07	
0.71408333	3.49304194e-07	
0.71566667	2.12729423e-07	
0.71725000	2.29450731e-08	
0.71883333	2.23541114e-07	
0.72041667	4.54887551e-07	
0.72200000	4.59521199e-07	
0.72358333	8.24175149e-07	
0.72516667	5.56477706e-07	
0.72675000	5.58465851e-07	
0.72833333	4.16341722e-07	
0.72991667	7.56484184e-07	
0.73150000	8.55284601e-07	
0.73308333	7.79120848e-07	
0.73466667	4.50479929e-07	
0.73625000	8.70273310e-08	
0.73783333	-2.79143055e-08	
0.73941667	1.21949910e-07	
0.74100000	3.13215754e-07	
0.74258333	4.90158018e-07	
0.74416667	6.82266966e-07	
0.74575000	6.27732335e-07	
0.74733333	5.28390093e-07	
0.74891667	3.30048402e-07	
0.75050000	7.51579652e-07	
0.75208333	8.81806271e-07	
0.75366667	4.39556387e-07	
0.75525000	2.35787744e-07	
0.75683333	1.09506404e-07	
0.75841667	1.25485167e-07	
0.76000000	2.06464408e-07	
0.76158333	2.96908383e-07	
0.76316667	5.16853520e-07	
0.76475000	6.57763626e-07	
0.76633333	7.65192799e-07	
0.76791667	5.42261244e-07	
0.76950000	5.52259316e-07	
0.77108333	7.36670215e-07	
0.77266667	8.67461508e-07	
0.77425000	5.68905839e-07	
0.77583333	9.36826696e-08	
0.77741667	1.00751692e-07	
0.77900000	3.56760648e-07	
0.78058333	3.76967783e-07	
0.78216667	3.08355772e-07	
0.78375000	3.99101404e-07	
0.78533333	5.77995775e-07	
0.78691667	4.43220772e-07	
0.78850000	5.04839189e-07	
0.79008333	6.24279052e-07	
0.79166667	7.30360076e-07	
0.79325000	7.47420121e-07	
0.79483333	3.63408370e-07	
0.79641667	1.90173949e-07	
0.79800000	7.10820085e-08	
0.79958333	1.66777667e-07	
0.80116667	5.68297484e-07	
0.80275000	4.57575252e-07	
0.80433333	5.74997065e-07	
0.80591667	4.24086505e-07	
0.80750000	4.08478381e-07	
0.80908333	5.06757275e-07	
0.81066667	7.28975190e-07	
0.81225000	9.14952143e-07	
0.81383333	8.12636952e-07	
0.81541667	1.76129667e-07	
0.81700000	8.89208249e-08	
0.81858333	1.20257738e-07	
0.82016667	2.34138134e-07	
0.82175000	3.54154263e-07	
0.82333333	4.79431912e-07	
0.82491667	6.79370348e-07	
0.82650000	4.10846223e-07	
0.82808333	3.35622136e-07	
0.82966667	5.42285213e-07	
0.83125000	6.89097536e-07	
0.83283333	7.13204714e-07	
0.83441667	3.21580570e-07	
0.83600000	1.65621342e-07	
0.83758333	9.50651826e-08	
0.83916667	2.54937075e-07	
0.84075000	4.33188762e-07	
0.84233333	3.59390386e-07	
0.84391667	7.64154848e-07	
0.84550000	5.97027333e-07	
0.84708333	4.72992632e-07	
0.84866667	5.45070666e-07	
0.85025000	5.99129051e-07	
0.85183333	9.43625429e-07	
0.85341667	5.80589868e-07	
0.85500000	2.77935123e-07	
0.85658333	3.85010661e-08	
0.85816667	4.68410723e-08	
0.85975000	1.95886234e-07	
0.86133333	2.81133371e-07	
0.86291667	4.33324232e-07	
0.86450000	7.92283398e-07	
0.86608333	4.75196890e-07	
0.86766667	6.49081613e-07	
0.86925000	5.10932038e-07	
0.87083333	9.72689053e-07	
0.87241667	7.75861725e-07	
0.87400000	5.42236379e-07	
0.87558333	2.52406966e-07	
0.87716667	-1.07161675e-08	
0.87875000	8.15741353e-08	
0.88033333	2.50498064e-07	
0.88191667	2.56745508e-07	
0.88350000	5.07259561e-07	
0.88508333	5.13437198e-07	
0.88666667	4.79431128e-07	
0.88825000	2.77979561e-07	
0.88983333	4.14804229e-07	
0.89141667	6.98042930e-07	
0.89300000	6.65675269e-07	
0.89458333	3.09696136e-07	
0.89616667	6.26226539e-08	
0.89775000	1.76300828e-08	
0.89933333	2.22947908e-07	
0.90091667	1.71990591e-07	
0.90250000	4.01868124e-07	
0.90408333	5.39366586e-07	
0.90566667	4.47843807e-07	
0.90725000	5.27268027e-07	
0.90883333	4.77832257e-07	
0.91041667	6.26392811e-07	
0.91200000	7.55242888e-07	
0.91358333	5.69777798e-07	
0.91516667	1.49900540e-07	
0.91675000	7.23795657e-08	
0.91833333	1.04010800e-07	
0.91991667	1.57852225e-07	
0.92150000	2.48923917e-07	
0.92308333	5.58942712e-07	
0.92466667	7.25048069e-07	
0.92625000	7.88003574e-07	
0.92783333	5.04564384e-07	
0.92941667	4.67847961e-07	
0.93100000	6.76389614e-07	
0.93258333	9.04890451e-07	
0.93416667	2.84643244e-07	
0.93575000	1.06853726e-07	
0.93733333	4.22432030e-08	
0.93891667	-3.71801348e-08	
0.94050000	1.17898912e-07	
0.94208333	2.59960333e-07	
0.94366667	3.07015968e-07	
0.94525000	4.40711943e-07	
0.94683333	4.28311923e-07	
0.94841667	4.13230642e-07	
0.95000000	5.39227980e-07	
0.95158333	6.22676932e-07	
0.95316667	7.13767259e-07	
0.95475000	3.04605788e-07	
0.95633333	9.63184069e-08	
0.95791667	2.63632697e-07	
0.95950000	1.88065105e-07	
0.96108333	5.14994852e-07	
0.96266667	2.76502019e-07	
0.96425000	4.23215302e-07	
0.96583333	5.62812542e-07	
0.96741667	3.09143672e-07	
0.96900000	4.91141758e-07	
0.97058333	5.65008120e-07	
0.97216667	7.62404322e-07	
0.97375000	4.81634659e-07	
0.97533333	1.69950378e-07	
0.97691667	1.14423718e-07	
0.97850000	4.28664164e-08	
0.98008333	4.00361573e-07	
0.98166667	5.21993094e-07	
0.98325000	5.46497666e-07	
0.98483333	7.00978357e-07	
0.98641667	2.56459560e-07	
0.98800000	2.82800425e-07	
0.98958333	4.27420671e-07	
0.99116667	6.14683133e-07	
0.99275000	5.92472033e-07	
0.99433333	2.20939812e-07	
0.99591667	1.96223509e-07	
0.99750000	9.68792440e-08	
0.99908333	1.89386722e-07	
1.00066667	4.33108342e-07	
1.00225000	3.65052156e-07	
1.00383333	6.15678130e-07	
1.00541667	3.56909699e-07	
1.00700000	3.76251399e-07	
1.00858333	4.27284557e-07	
1.01016667	6.03708377e-07	
1.01175000	8.09600999e-07	
1.01333333	6.91424665e-07	
1.01491667	3.34629519e-07	
1.01650000	7.74305444e-09	
1.01808333	-1.47525372e-08	
1.01966667	1.67019178e-07	
1.02125000	2.45181465e-07	
1.02283333	6.10147546e-07	
1.02441667	6.64895434e-07	
1.02600000	6.16240283e-07	
1.02758333	5.97226702e-07	
1.02916667	4.82113985e-07	
1.03075000	5.62051300e-07	
1.03233333	8.40015516e-07	
1.03391667	4.24898962e-07	
1.03550000	1.62734440e-07	
1.03708333	2.18820771e-08	
1.03866667	1.57194951e-07	
1.04025000	2.65535355e-07	
1.04183333	2.77158312e-07	
1.04341667	7.27769344e-07	
1.04500000	6.18310304e-07	
1.04658333	5.32841397e-07	
1.04816667	3.86785695e-07	
1.04975000	3.08702988e-07	
1.05133333	6.27948225e-07	
1.05291667	5.25753215e-07	
1.05450000	2.98204141e-07	
1.05608333	6.61063594e-09	
1.05766667	-1.46487199e-08	
1.05925000	1.32821860e-07	
1.06083333	2.19254864e-07	
1.06241667	3.15901943e-07	
1.06400000	4.65863708e-07	
1.06558333	4.28095697e-07	
1.06716667	4.25980118e-07	
1.06875000	3.25814920e-07	
1.07033333	6.22478011e-07	
1.07191667	6.15116817e-07	
1.07350000	5.75924298e-07	
1.07508333	2.19402193e-07	
1.07666667	1.06170768e-07	
1.07825000	3.09783556e-07	
1.07983333	4.17717871e-07	
1.08141667	7.53304417e-07	
1.08300000	5.98142231e-07	
1.08458333	5.08132304e-07	
1.08616667	6.20000068e-07	
1.08775000	4.30472668e-07	
1.08933333	4.88705873e-07	
1.09091667	6.11357984e-07	
1.09250000	6.64290271e-07	
1.09408333	3.04839570e-07	
1.09566667	1.68567788e-07	
1.09725000	2.93404480e-08	
1.09883333	1.27231325e-07	
1.10041667	1.17768258e-07	
1.10200000	4.11417225e-07	
1.10358333	6.01414570e-07	
1.10516667	6.05738916e-07	
1.10675000	4.85870185e-07	
1.10833333	2.38354451e-07	
1.10991667	6.68698901e-07	
1.11150000	6.63666515e-07	
1.11308333	6.89441056e-07	
1.11466667	7.98118412e-08	
1.11625000	-7.93799148e-08	
1.11783333	-6.95187754e-08	
1.11941667	6.14028282e-08	
1.12100000	3.33955137e-07	
1.12258333	3.10580612e-07	
1.12416667	5.98868304e-07	
1.12575000	6.85809909e-07	
1.12733333	3.08399902e-07	
1.12891667	4.20317900e-07	
1.13050000	6.49552594e-07	
1.13208333	7.17664754e-07	
1.13366667	5.12227656e-07	
1.13525000	1.29720819e-07	
1.13683333	8.68973351e-08	
1.13841667	9.73125635e-08	
1.14000000	2.54108938e-07	
1.14158333	2.89266028e-07	
1.14316667	3.45087120e-07	
1.14475000	7.87703401e-07	
1.14633333	3.76336663e-07	
1.14791667	3.83932787e-07	
1.14950000	5.15426464e-07	
1.15108333	6.37456835e-07	
1.15266667	7.91633601e-07	
1.15425000	3.17647345e-07	
1.15583333	3.82593662e-08	
1.15741667	4.70141656e-08	
1.15900000	1.89647372e-07	
1.16058333	3.92222251e-07	
1.16216667	4.12022864e-07	
1.16375000	5.73806003e-07	
1.16533333	4.62207528e-07	
1.16691667	3.21795423e-07	
1.16850000	4.74203126e-07	
1.17008333	6.00724675e-07	
1.17166667	7.80097868e-07	
1.17325000	5.26272974e-07	
1.17483333	3.16914720e-08	
1.17641667	1.93152999e-08	
1.17800000	-7.89997838e-08	
1.17958333	2.62596259e-07	
1.18116667	2.27344357e-07	
1.18275000	3.91678187e-07	
1.18433333	6.81835802e-07	
1.18591667	5.92558725e-07	
1.18750000	4.90666409e-07	
1.18908333	2.99067559e-07	
1.19066667	5.44084629e-07	
1.19225000	5.94890893e-07	
1.19383333	5.87216645e-07	
1.19541667	2.59484003e-07	
1.19700000	-4.77060591e-08	
1.19858333	9.96200980e-08	
1.20016667	2.16688297e-07	
1.20175000	2.45354289e-07	
1.20333333	4.40705307e-07	
1.20491667	4.36479301e-07	
1.20650000	4.74376062e-07	
1.20808333	4.66252393e-07	
1.20966667	5.83093852e-07	
1.21125000	9.61692848e-07	
1.21283333	7.50195606e-07	
1.21441667	3.17821121e-07	
1.21600000	-3.45602567e-08	
1.21758333	4.29517188e-08	
1.21916667	2.00543445e-07	
1.22075000	3.08833446e-07	
1.22233333	4.55595787e-07	
1.22391667	5.76752295e-07	
1.22550000	5.89577375e-07	
1.22708333	4.08780234e-07	
1.22866667	2.65189371e-07	
1.23025000	4.79562286e-07	
1.23183333	8.20604765e-07	
1.23341667	7.53133946e-07	
1.23500000	8.44609878e-08	
1.23658333	-1.19781199e-07	
1.23816667	9.67419819e-08	
1.23975000	3.55240432e-07	
1.24133333	2.31545260e-07	
1.24291667	2.87399688e-07	
1.24450000	3.46470018e-07	
1.24608333	4.81075082e-07	
1.24766667	3.42060969e-07	
1.24925000	4.27058222e-07	
1.25083333	5.77219132e-07	
1.25241667	6.15027941e-07	
1.25400000	5.54749020e-07	
1.25558333	1.26886335e-07	
1.25716667	7.50920964e-08	
1.25875000	1.86458393e-07	
1.26033333	1.90899014e-07	
1.26191667	5.33404950e-07	
1.26350000	7.98937841e-07	
1.26508333	5.24499375e-07	
1.26666667	3.01010539e-07	
1.26825000	4.12885554e-07	
1.26983333	5.26305848e-07	
1.27141667	6.28293816e-07	
1.27300000	6.42686182e-07	
1.27458333	7.86016269e-08	
1.27616667	3.34886417e-08	
1.27775000	1.33393757e-07	
1.27933333	-6.96821347e-08	
1.28091667	3.42140744e-07	
1.28250000	4.32719852e-07	
1.28408333	5.31069533e-07	
1.28566667	6.05296552e-07	
1.28725000	3.84365211e-07	
1.28883333	3.80243678e-07	
1.29041667	5.81757296e-07	
1.29200000	6.78506285e-07	
@ 
0.00000000	6.50074089e-07	
0.00158333	4.45854346e-08	
0.00316667	1.26202825e-07	
0.00475000	1.08028490e-07	
0.00633333	3.38872829e-07	
0.00791667	3.23828398e-07	
0.00950000	4.54747853e-07	
0.01108333	6.11226714e-07	
0.01266667	4.91271404e-07	
0.01425000	4.66424293e-07	
0.01583333	3.25676285e-07	
0.01741667	5.26920363e-07	
0.01900000	6.39020201e-07	
0.02058333	3.83718158e-07	
0.02216667	-1.53655302e-08	
0.02375000	-9.79260640e-08	
0.02533333	-1.64749046e-07	
0.02691667	1.38363630e-07	
0.02850000	1.79473899e-07	
0.03008333	4.54110768e-07	
0.03166667	3.90658465e-07	
0.03325000	4.23212558e-07	
0.03483333	4.06559287e-07	
0.03641667	3.20181263e-07	
0.03800000	6.61005444e-07	
0.03958333	6.00689561e-07	
0.04116667	2.37982818e-07	
0.04275000	7.85583930e-08	
0.04433333	-3.65565468e-08	
0.04591667	1.89075432e-07	
0.04750000	4.43564431e-07	
0.04908333	4.49684666e-07	
0.05066667	4.18807764e-07	
0.05225000	3.08010797e-07	
0.05383333	4.66685041e-07	
0.05541667	4.14016049e-07	
0.05700000	7.05236901e-07	
0.05858333	8.19418968e-07	
0.06016667	3.43573848e-07	
0.06175000	1.51560231e-07	
0.06333333	-2.59338873e-07	
0.06491667	-9.60680476e-08	
0.06650000	1.18829982e-07	
0.06808333	2.12004807e-07	
0.06966667	6.96811714e-07	
0.07125000	6.12437433e-07	
0.07283333	5.14389241e-07	
0.07441667	4.16689161e-07	
0.07600000	6.36848088e-07	
0.07758333	9.52236264e-07	
0.07916667	6.37973346e-07	
0.08075000	3.62330154e-07	
0.08233333	2.10483247e-07	
0.08391667	6.81441657e-08	
0.08550000	4.05140771e-07	
0.08708333	3.10118171e-07	
0.08866667	2.65759785e-07	
0.09025000	5.13350338e-07	
0.09183333	4.14009385e-07	
0.09341667	3.15141093e-07	
0.09500000	1.96915182e-07	
0.09658333	5.60669214e-07	
0.09816667	7.84893531e-07	
0.09975000	5.23031381e-07	
0.10133333	2.83984543e-07	
0.10291667	-2.97295920e-08	
0.10450000	1.10621680e-07	
0.10608333	7.47391056e-08	
0.10766667	2.32971084e-07	
0.10925000	3.89638239e-07	
0.11083333	3.55941443e-07	
0.11241667	4.72215373e-07	
0.11400000	3.59302294e-07	
0.11558333	3.09999390e-07	
0.11716667	5.93967972e-07	
0.11875000	4.62493028e-07	
0.12033333	4.55717144e-07	
0.12191667	9.25241596e-08	
0.12350000	4.83963006e-08	
0.12508333	3.62106823e-08	
0.12666667	2.61887995e-07	
0.12825000	3.60298579e-07	
0.12983333	4.19584687e-07	
0.13141667	6.14510310e-07	
0.13300000	4.95766221e-07	
0.13458333	3.43938537e-07	
0.13616667	5.91814059e-07	
0.13775000	5.62398571e-07	
0.13933333	7.26729657e-07	
0.14091667	2.79966418e-07	
0.14250000	-3.83452461e-08	
0.14408333	9.24730556e-09	
0.14566667	1.74410656e-07	
0.14725000	2.71549185e-07	
0.14883333	2.72110918e-07	
0.15041667	1.98114210e-07	
0.15200000	6.12222271e-07	
0.15358333	3.44482265e-07	
0.15516667	2.94962351e-07	
0.15675000	4.58130125e-07	
0.15833333	6.13465079e-07	
0.15991667	5.75447941e-07	
0.16150000	6.66230744e-08	
0.16308333	1.60314725e-07	
0.16466667	1.30498750e-07	
0.16625000	1.83372276e-07	
0.16783333	1.67582872e-07	
0.16941667	3.13281361e-07	
0.17100000	7.66355915e-07	
0.17258333	3.95859951e-07	
0.17416667	3.75896231e-07	
0.17575000	5.40964673e-07	
0.17733333	7.13151456e-07	
0.17891667	7.05927411e-07	
0.18050000	4.35658248e-07	
0.18208333	1.78453323e-07	
0.18366667	-2.21415105e-08	
0.18525000	-1.56691531e-08	
0.18683333	1.39865198e-07	
0.18841667	3.54333583e-07	
0.19000000	5.10820761e-07	
0.19158333	5.87157954e-07	
0.19316667	2.95393739e-07	
0.19475000	4.39936224e-07	
0.19633333	3.86492102e-07	
0.19791667	6.62475342e-07	
0.19950000	6.03274693e-07	
0.20108333	1.48378420e-07	
0.20266667	8.00704958e-08	
0.20425000	-1.90255275e-10	
0.20583333	2.76594087e-07	
0.20741667	3.43463775e-07	
0.20900000	4.05107617e-07	
0.21058333	4.44733232e-07	
0.21216667	3.94695350e-07	
0.21375000	3.47982506e-07	
0.21533333	3.87088529e-07	
0.21691667	6.37498389e-07	
0.21850000	7.10742844e-07	
0.22008333	3.90829665e-07	
0.22166667	4.05150991e-07	
0.22325000	1.89279109e-09	
0.22483333	-3.63328448e-08	
0.22641667	2.16938362e-07	
0.22800000	2.47904924e-07	
0.22958333	4.67029932e-07	
0.23116667	4.02297775e-07	
0.23275000	3.12722176e-07	
0.23433333	2.94529228e-07	
0.23591667	4.56926183e-07	
0.23750000	8.78833770e-07	
0.23908333	5.33921237e-07	
0.24066667	3.03769810e-07	
0.24225000	9.98704013e-08	
0.24383333	-2.19087151e-08	
0.24541667	3.22712240e-07	
0.24700000	1.89716605e-07	
0.24858333	3.90000324e-07	
0.25016667	3.64827222e-07	
0.25175000	3.83285202e-07	
0.25333333	3.83675232e-07	
0.25491667	3.22462329e-07	
0.25650000	5.60368032e-07	
0.25808333	7.64584779e-07	
0.25966667	5.08166970e-07	
0.26125000	6.76675913e-09	
0.26283333	-8.39685017e-08	
0.26441667	-1.79327834e-08	
0.26600000	1.87148497e-07	
0.26758333	3.64585627e-07	
0.26916667	5.21967781e-07	
0.27075000	5.82966502e-07	
0.27233333	5.43298298e-07	
0.27391667	3.53323270e-07	
0.27550000	2.57626512e-07	
0.27708333	4.90578093e-07	
0.27866667	6.25615440e-07	
0.28025000	5.06880480e-07	
0.28183333	-4.33817778e-09	
0.28341667	-3.27026359e-08	
0.28500000	1.30486227e-09	
0.28658333	2.01883501e-07	
0.28816667	3.43100683e-07	
0.28975000	5.20717805e-07	
0.29133333	6.22333133e-07	
0.29291667	5.78644676e-07	
0.29450000	3.75507797e-07	
0.29608333	4.48456755e-07	
0.29766667	6.55509749e-07	
0.29925000	4.98617365e-07	
0.30083333	2.24267313e-07	
0.30241667	-1.21883085e-07	
0.30400000	-5.60972936e-08	
0.30558333	-1.15470286e-07	
0.30716667	3.07891427e-07	
0.30875000	4.93648150e-07	
0.31033333	5.24061211e-07	
0.31191667	5.73938505e-07	
0.31350000	4.03724775e-07	
0.31508333	3.93569924e-07	
0.31666667	5.37549752e-07	
0.31825000	8.46530568e-07	
0.31983333	7.28201347e-07	
0.32141667	2.47559248e-07	
0.32300000	6.76945495e-08	
0.32458333	7.01305118e-08	
0.32616667	1.60789319e-07	
0.32775000	2.51325949e-07	
0.32933333	1.32745822e-07	
0.33091667	5.10070159e-07	
0.33250000	2.35899693e-07	
0.33408333	2.95686912e-07	
0.33566667	3.52605234e-07	
0.33725000	5.95715138e-07	
0.33883333	8.13587706e-07	
0.34041667	3.87365209e-07	
0.34200000	7.20508590e-08	
0.34358333	-4.24254352e-08	
0.34516667	3.06021741e-08	
0.34675000	2.21501489e-07	
0.34833333	2.89879871e-07	
0.34991667	4.63702515e-07	
0.35150000	3.71628027e-07	
0.35308333	2.86664375e-07	
0.35466667	2.56001123e-07	
0.35625000	3.89335294e-07	
0.35783333	6.40089905e-07	
0.35941667	7.19583680e-07	
0.36100000	3.37204851e-07	
0.36258333	5.26222782e-08	
0.36416667	1.02408566e-08	
0.36575000	1.92740600e-07	
0.36733333	4.44386128e-07	
0.36891667	5.28087176e-07	
0.37050000	6.78594321e-07	
0.37208333	5.39279782e-07	
0.37366667	4.69061255e-07	
0.37525000	3.88756760e-07	
0.37683333	4.30904503e-07	
0.37841667	6.77598820e-07	
0.38000000	2.57938446e-07	
0.38158333	1.35502770e-07	
0.38316667	1.25906766e-08	
0.38475000	1.07569872e-07	
0.38633333	4.25244469e-07	
0.38791667	2.45769856e-07	
0.38950000	3.78843195e-07	
0.39108333	2.88532199e-07	
0.39266667	4.76492845e-07	
0.39425000	3.21536832e-07	
0.39583333	4.93432541e-07	
0.39741667	8.85486532e-07	
0.39900000	9.52642394e-07	
0.40058333	4.74878628e-07	
0.40216667	7.96734660e-08	
0.40375000	-1.38588341e-07	
0.40533333	9.24299004e-08	
0.40691667	2.03845143e-07	
0.40850000	2.84866498e-07	
0.41008333	4.01089633e-07	
0.41166667	4.68845253e-07	
0.41325000	5.74685691e-07	
0.41483333	3.63062807e-07	
0.41641667	5.33271440e-07	
0.41800000	5.09721936e-07	
0.41958333	4.99913992e-07	
0.42116667	4.22873120e-08	
0.42275000	-1.81479321e-07	
0.42433333	-1.01287664e-07	
0.42591667	7.38750288e-08	
0.42750000	2.00415829e-07	
0.42908333	3.67385557e-07	
0.43066667	3.82291718e-07	
0.43225000	4.57696161e-07	
0.43383333	2.63771892e-07	
0.43541667	3.24301396e-07	
0.43700000	6.14910279e-07	
0.43858333	6.64738907e-07	
0.44016667	4.70357713e-07	
0.44175000	1.00380493e-07	
0.44333333	1.32227122e-08	
0.44491667	1.21873691e-07	
0.44650000	2.24396287e-07	
0.44808333	4.01563526e-07	
0.44966667	5.04018864e-07	
0.45125000	7.51495032e-07	
0.45283333	5.81886550e-07	
0.45441667	3.67427503e-07	
0.45600000	5.06509295e-07	
0.45758333	5.66890869e-07	
0.45916667	6.52839213e-07	
0.46075000	1.58500006e-07	
0.46233333	8.34844510e-08	
0.46391667	1.17664528e-07	
0.46550000	1.32702826e-07	
0.46708333	2.65619247e-07	
0.46866667	2.99715396e-07	
0.47025000	3.73822374e-07	
0.47183333	6.30197901e-07	
0.47341667	4.90364275e-07	
0.47500000	5.13266839e-07	
0.47658333	4.90925252e-07	
0.47816667	6.65673085e-07	
0.47975000	4.25892306e-07	
0.48133333	-8.38819778e-08	
0.48291667	-8.17135045e-08	
0.48450000	-1.57445003e-07	
0.48608333	3.66601025e-08	
0.48766667	3.35882183e-07	
0.48925000	2.68732398e-07	
0.49083333	4.53936432e-07	
0.49241667	5.39884553e-07	
0.49400000	3.86061415e-07	
0.49558333	4.54196648e-07	
0.49716667	6.21058963e-07	
0.49875000	7.91936463e-07	
0.50033333	2.34215459e-07	
0.50191667	1.51673300e-07	
0.50350000	4.09211202e-08	
0.50508333	1.07380562e-07	
0.50666667	2.30145519e-07	
0.50825000	3.78315987e-07	
0.50983333	5.59771773e-07	
0.51141667	5.11667519e-07	
0.51300000	3.55025858e-07	
0.51458333	3.49451508e-07	
0.51616667	4.20766620e-07	
0.51775000	8.34293403e-07	
0.51933333	8.43011987e-07	
0.52091667	1.98426998e-07	
0.52250000	6.49466042e-08	
0.52408333	-8.58095703e-08	
0.52566667	3.15228765e-07	
0.52725000	3.42528814e-07	
0.52883333	3.13673407e-07	
0.53041667	7.42417193e-07	
0.53200000	4.68456624e-07	
0.53358333	4.71048392e-07	
0.53516667	5.58268330e-07	
0.53675000	6.03580187e-07	
0.53833333	9.64611027e-07	
0.53991667	8.83153636e-07	
0.54150000	8.91800032e-07	
0.54308333	8.74730410e-07	
0.54466667	1.18114676e-06	
0.54625000	2.16524599e-06	
0.54783333	3.12397720e-06	
0.54941667	4.88324663e-06	
0.55100000	6.63551105e-06	
0.55258333	8.78852094e-06	
0.55416667	1.11804295e-05	
0.55575000	1.47672184e-05	
0.55733333	2.00577077e-05	
0.55891667	2.75982552e-05	
0.56050000	3.75724712e-05	
0.56208333	5.22190906e-05	
0.56366667	7.78206331e-05	
0.56525000	1.29552145e-04	
0.56683333	1.83240581e-04	
0.56841667	1.90854643e-04	
0.57000000	1.81694546e-04	
0.57158333	1.94987639e-04	
0.57316667	2.75579187e-04	
0.57475000	4.41040538e-04	
0.57633333	6.54663261e-04	
0.57791667	5.97153250e-04	
0.57950000	8.80384477e-04	
0.58108333	6.12239402e-03	
0.58266667	2.10908566e-02	
0.58425000	2.66503270e-02	
0.58583333	5.39830838e-02	
0.58741667	5.55959337e-02	
0.58900000	7.19669875e-02	
0.59058333	5.18505694e-02	
0.59216667	6.55844479e-02	
0.59375000	9.14788572e-02	
0.59533333	9.60586628e-02	
0.59691667	1.23005159e-01	
0.59850000	1.20884939e-01	
0.60008333	1.64178281e-01	
0.60166667	2.06639320e-01	
0.60325000	1.43562597e-01	
0.60483333	1.92071390e-01	
0.60641667	4.50402401e-01	
0.60800000	5.61702362e-01	
0.60958333	6.84052445e-01	
0.61116667	1.16731512e+00	
0.61275000	1.40702713e+00	
0.61433333	1.53251301e+00	
0.61591667	5.41229108e+00	
0.61750000	1.37184002e+01	
0.61908333	1.91055217e+01	
0.62066667	2.21997163e+01	
0.62225000	2.29356842e+01	
0.62383333	2.37925010e+01	
0.62541667	2.45181637e+01	
0.62700000	2.52545055e+01	
0.62858333	2.55072883e+01	
0.63016667	2.90699093e+01	
0.63175000	3.22011116e+01	
0.63333333	3.27639682e+01	
0.63491667	3.33659971e+01	
0.63650000	3.40014295e+01	
0.63808333	3.46370687e+01	
0.63966667	3.52819005e+01	
0.64125000	3.81114569e+01	
0.64283333	3.87127455e+01	
0.64441667	3.98044989e+01	
0.64600000	4.12413926e+01	
