start voltage : 0.00 V 
set voltage : 0.10 V 
High G : 30.00 G0 
Intermediate G : 20.00 G0 
Low G : 10.00 G0 
Breaking speed 1 : 300.00 V/s 
Breaking speed 2 : 300.00 V/s 
Making speed : 500.00 V/s 
Post breaking : 230.00 V/s 
@ 
0.00000000	3.90371401e+01	
0.00158333	3.93646691e+01	
0.00316667	3.95256281e+01	
0.00475000	3.94046947e+01	
0.00633333	3.95327087e+01	
0.00791667	3.93959905e+01	
0.00950000	3.92511846e+01	
0.01108333	3.92898797e+01	
0.01266667	3.93314423e+01	
0.01425000	3.94104448e+01	
0.01583333	3.94673525e+01	
0.01741667	3.94074983e+01	
0.01900000	3.94503764e+01	
0.02058333	3.95756206e+01	
0.02216667	3.93022819e+01	
0.02375000	3.93271842e+01	
0.02533333	3.92216935e+01	
0.02691667	3.92714153e+01	
0.02850000	3.91604112e+01	
0.03008333	3.92111628e+01	
0.03166667	3.91552361e+01	
0.03325000	3.92851029e+01	
0.03483333	3.92564311e+01	
0.03641667	3.91426947e+01	
0.03800000	3.91762448e+01	
0.03958333	3.92316416e+01	
0.04116667	3.90717199e+01	
0.04275000	3.90914207e+01	
0.04433333	3.89665824e+01	
0.04591667	3.89871852e+01	
0.04750000	3.89218779e+01	
0.04908333	3.89583819e+01	
0.05066667	3.90969717e+01	
0.05225000	3.88078333e+01	
0.05383333	3.90083368e+01	
0.05541667	3.88963818e+01	
0.05700000	3.89075326e+01	
0.05858333	3.88835060e+01	
0.06016667	3.87407521e+01	
0.06175000	3.89590396e+01	
0.06333333	3.86455402e+01	
0.06491667	3.87198674e+01	
0.06650000	3.86659400e+01	
0.06808333	3.87020757e+01	
0.06966667	3.87546276e+01	
0.07125000	3.85577095e+01	
0.07283333	3.86360956e+01	
0.07441667	3.87073674e+01	
0.07600000	3.85581567e+01	
0.07758333	3.87062587e+01	
0.07916667	3.86474118e+01	
0.08075000	3.83588109e+01	
0.08233333	3.87999936e+01	
0.08391667	3.85312776e+01	
0.08550000	3.85310784e+01	
0.08708333	3.83386440e+01	
0.08866667	3.83161959e+01	
0.09025000	3.84594572e+01	
0.09183333	3.79878964e+01	
0.09341667	3.83823376e+01	
0.09500000	3.82696047e+01	
0.09658333	3.82487501e+01	
0.09816667	3.82980961e+01	
0.09975000	3.80456196e+01	
0.10133333	3.82563681e+01	
0.10291667	3.81197175e+01	
0.10450000	3.82502947e+01	
0.10608333	3.81615733e+01	
0.10766667	3.80134037e+01	
0.10925000	3.79362466e+01	
0.11083333	3.78901289e+01	
0.11241667	3.76357131e+01	
0.11400000	3.76527531e+01	
0.11558333	3.75248969e+01	
0.11716667	3.75704734e+01	
0.11875000	3.74138628e+01	
0.12033333	3.71105069e+01	
0.12191667	3.70668922e+01	
0.12350000	3.69954476e+01	
0.12508333	3.70602589e+01	
0.12666667	3.69576921e+01	
0.12825000	3.68040316e+01	
0.12983333	3.68389647e+01	
0.13141667	3.65244919e+01	
0.13300000	3.67802531e+01	
0.13458333	3.66142543e+01	
0.13616667	3.66511041e+01	
0.13775000	3.66484395e+01	
0.13933333	3.66885627e+01	
0.14091667	3.65275586e+01	
0.14250000	3.65772429e+01	
0.14408333	3.65825120e+01	
0.14566667	3.63846356e+01	
0.14725000	3.62028934e+01	
0.14883333	3.62373492e+01	
0.15041667	3.59659761e+01	
0.15200000	3.60565015e+01	
0.15358333	3.58978651e+01	
0.15516667	3.56173632e+01	
0.15675000	3.56790401e+01	
0.15833333	3.39781734e+01	
0.15991667	3.38291168e+01	
0.16150000	3.37665079e+01	
0.16308333	3.35132798e+01	
0.16466667	3.34311917e+01	
0.16625000	3.32645465e+01	
0.16783333	3.32567707e+01	
0.16941667	3.34490848e+01	
0.17100000	3.34422636e+01	
0.17258333	3.35624980e+01	
0.17416667	3.35141705e+01	
0.17575000	3.35140878e+01	
0.17733333	3.32983258e+01	
0.17891667	3.34714803e+01	
0.18050000	3.34902980e+01	
0.18208333	3.32813159e+01	
0.18366667	3.33852883e+01	
0.18525000	3.26648777e+01	
0.18683333	3.27855707e+01	
0.18841667	3.27058842e+01	
0.19000000	3.24055086e+01	
0.19158333	3.24143894e+01	
0.19316667	3.23960340e+01	
0.19475000	3.23328162e+01	
0.19633333	3.22198954e+01	
0.19791667	3.21315123e+01	
0.19950000	3.21928810e+01	
0.20108333	3.20506119e+01	
0.20266667	3.21284268e+01	
0.20425000	3.19732330e+01	
0.20583333	3.19018861e+01	
0.20741667	3.20039493e+01	
0.20900000	3.17827040e+01	
0.21058333	3.16067683e+01	
0.21216667	3.15046074e+01	
0.21375000	3.14510540e+01	
0.21533333	3.10594728e+01	
0.21691667	3.05288979e+01	
0.21850000	2.96965888e+01	
0.22008333	2.90476961e+01	
0.22166667	2.88488538e+01	
0.22325000	2.87985419e+01	
0.22483333	2.86677994e+01	
0.22641667	2.87486923e+01	
0.22800000	2.84648399e+01	
0.22958333	2.82762370e+01	
0.23116667	2.72359906e+01	
0.23275000	2.66291699e+01	
0.23433333	2.67588751e+01	
0.23591667	2.66135862e+01	
0.23750000	2.66028169e+01	
0.23908333	2.67854385e+01	
0.24066667	2.68406550e+01	
0.24225000	2.68794027e+01	
0.24383333	2.67102507e+01	
0.24541667	2.64567407e+01	
0.24700000	2.62327951e+01	
0.24858333	2.60163115e+01	
0.25016667	2.60521278e+01	
0.25175000	2.60451637e+01	
0.25333333	2.60313483e+01	
0.25491667	2.60995683e+01	
0.25650000	2.59505738e+01	
0.25808333	2.58427792e+01	
0.25966667	2.57821246e+01	
0.26125000	2.58559971e+01	
0.26283333	2.58966258e+01	
0.26441667	2.57627489e+01	
0.26600000	2.56715245e+01	
0.26758333	2.55823221e+01	
0.26916667	2.58160148e+01	
0.27075000	2.54148820e+01	
0.27233333	2.49616502e+01	
0.27391667	2.49830179e+01	
0.27550000	2.48484833e+01	
0.27708333	2.48555225e+01	
0.27866667	2.48432386e+01	
0.28025000	2.49137850e+01	
0.28183333	2.47793143e+01	
0.28341667	2.47920435e+01	
0.28500000	2.48894972e+01	
0.28658333	2.48007871e+01	
0.28816667	2.46041284e+01	
0.28975000	2.47124397e+01	
0.29133333	2.37902385e+01	
0.29291667	2.20247071e+01	
0.29450000	2.19575732e+01	
0.29608333	2.18942276e+01	
0.29766667	2.18052282e+01	
0.29925000	2.17076279e+01	
0.30083333	2.17352549e+01	
0.30241667	2.17340504e+01	
0.30400000	2.16242038e+01	
0.30558333	2.16632672e+01	
0.30716667	2.15056211e+01	
0.30875000	2.14984710e+01	
0.31033333	2.14227439e+01	
0.31191667	2.14058317e+01	
0.31350000	2.14504216e+01	
0.31508333	2.13091691e+01	
0.31666667	2.13331299e+01	
0.31825000	2.12622134e+01	
0.31983333	2.12940346e+01	
0.32141667	2.12665936e+01	
0.32300000	2.09758223e+01	
0.32458333	2.10342389e+01	
0.32616667	2.09442002e+01	
0.32775000	2.08937305e+01	
0.32933333	2.08623715e+01	
0.33091667	1.91816190e+01	
0.33250000	1.88934992e+01	
0.33408333	1.87766867e+01	
0.33566667	1.86558472e+01	
0.33725000	1.88303641e+01	
0.33883333	1.88258579e+01	
0.34041667	1.88496985e+01	
0.34200000	1.84487592e+01	
0.34358333	1.84018448e+01	
0.34516667	1.82499715e+01	
0.34675000	1.82728499e+01	
0.34833333	1.84722202e+01	
0.34991667	1.83527562e+01	
0.35150000	1.82121558e+01	
0.35308333	1.84117197e+01	
0.35466667	1.81503925e+01	
0.35625000	1.82744227e+01	
0.35783333	1.82132758e+01	
0.35941667	1.80558026e+01	
0.36100000	1.81031868e+01	
0.36258333	1.80013960e+01	
0.36416667	1.80316050e+01	
0.36575000	1.78940130e+01	
0.36733333	1.80158203e+01	
0.36891667	1.78678085e+01	
0.37050000	1.76986979e+01	
0.37208333	1.75773341e+01	
0.37366667	1.74938875e+01	
0.37525000	1.75556865e+01	
0.37683333	1.74531629e+01	
0.37841667	1.74194607e+01	
0.38000000	1.63706172e+01	
0.38158333	1.45245058e+01	
0.38316667	1.45281926e+01	
0.38475000	1.44517664e+01	
0.38633333	1.42625490e+01	
0.38791667	1.43588574e+01	
0.38950000	1.44668915e+01	
0.39108333	1.43801978e+01	
0.39266667	1.38462366e+01	
0.39425000	1.37495863e+01	
0.39583333	1.36912758e+01	
0.39741667	1.36979815e+01	
0.39900000	1.36437488e+01	
0.40058333	1.34998383e+01	
0.40216667	1.34674092e+01	
0.40375000	1.34083198e+01	
0.40533333	1.33361649e+01	
0.40691667	1.33031081e+01	
0.40850000	1.33220667e+01	
0.41008333	1.31716018e+01	
0.41166667	1.29074981e+01	
0.41325000	1.31119402e+01	
0.41483333	1.25907224e+01	
0.41641667	1.05610554e+01	
0.41800000	1.05708194e+01	
0.41958333	1.06586576e+01	
0.42116667	1.08395861e+01	
0.42275000	1.09459572e+01	
0.42433333	1.07309121e+01	
0.42591667	1.06451532e+01	
0.42750000	1.03493176e+01	
0.42908333	1.03457519e+01	
0.43066667	1.01647097e+01	
0.43225000	1.01088196e+01	
0.43383333	1.00796602e+01	
0.43541667	9.97221705e+00	
0.43700000	9.87874806e+00	
0.43858333	9.91387938e+00	
0.44016667	9.77766670e+00	
0.44175000	9.85233967e+00	
0.44333333	9.87638975e+00	
0.44491667	9.50984804e+00	
0.44650000	8.72259487e+00	
0.44808333	8.59113264e+00	
0.44966667	8.19675816e+00	
0.45125000	8.14436325e+00	
0.45283333	8.03481264e+00	
0.45441667	7.95456616e+00	
0.45600000	7.81060206e+00	
0.45758333	7.87328335e+00	
0.45916667	7.77982516e+00	
0.46075000	7.77591516e+00	
0.46233333	7.68562566e+00	
0.46391667	7.74732556e+00	
0.46550000	7.67371102e+00	
0.46708333	7.51931257e+00	
0.46866667	7.47547851e+00	
0.47025000	7.45145427e+00	
0.47183333	7.35882713e+00	
0.47341667	7.39908849e+00	
0.47500000	7.30666993e+00	
0.47658333	7.01525641e+00	
0.47816667	6.76041598e+00	
0.47975000	6.33838724e+00	
0.48133333	6.00993555e+00	
0.48291667	6.01755543e+00	
0.48450000	6.24685141e+00	
0.48608333	5.91919412e+00	
0.48766667	5.77225441e+00	
0.48925000	5.75235675e+00	
0.49083333	5.71276719e+00	
0.49241667	5.72706504e+00	
0.49400000	5.66071522e+00	
0.49558333	5.66708782e+00	
0.49716667	5.65040254e+00	
0.49875000	5.64048541e+00	
0.50033333	5.63464131e+00	
0.50191667	5.59572965e+00	
0.50350000	5.53330768e+00	
0.50508333	5.49786208e+00	
0.50666667	5.46041754e+00	
0.50825000	5.44350723e+00	
0.50983333	5.45607769e+00	
0.51141667	5.45675088e+00	
0.51300000	5.40808323e+00	
0.51458333	5.39513977e+00	
0.51616667	5.40236080e+00	
0.51775000	5.32939973e+00	
0.51933333	5.29894932e+00	
0.52091667	5.08175778e+00	
0.52250000	3.86997287e+00	
0.52408333	3.71323161e+00	
0.52566667	3.66402840e+00	
0.52725000	3.61734042e+00	
0.52883333	3.63514238e+00	
0.53041667	3.57581511e+00	
0.53200000	3.56110808e+00	
0.53358333	3.54718277e+00	
0.53516667	3.52038023e+00	
0.53675000	3.52434943e+00	
0.53833333	3.55413180e+00	
0.53991667	3.55770544e+00	
0.54150000	3.52160543e+00	
0.54308333	3.54400351e+00	
0.54466667	3.47057101e+00	
0.54625000	3.41485919e+00	
0.54783333	3.44254069e+00	
0.54941667	3.18592941e+00	
0.55100000	3.43225878e+00	
0.55258333	2.76271189e+00	
0.55416667	2.17913766e+00	
0.55575000	2.15614882e+00	
0.55733333	1.97999988e+00	
0.55891667	1.82163246e+00	
0.56050000	1.33883752e+00	
0.56208333	1.29685006e+00	
0.56366667	1.30463860e+00	
0.56525000	1.31529457e+00	
0.56683333	1.30180945e+00	
0.56841667	1.32031949e+00	
0.57000000	1.32660026e+00	
0.57158333	1.34714364e+00	
0.57316667	1.33830502e+00	
0.57475000	1.34074132e+00	
0.57633333	1.31513121e+00	
0.57791667	1.29439944e+00	
0.57950000	1.30999965e+00	
0.58108333	1.26958902e+00	
0.58266667	1.25087897e+00	
0.58425000	1.18683426e+00	
0.58583333	9.63495716e-01	
0.58741667	9.64272091e-01	
0.58900000	1.01962317e+00	
0.59058333	9.93785805e-01	
0.59216667	1.01678181e+00	
0.59375000	1.02857043e+00	
0.59533333	1.02358438e+00	
0.59691667	1.00742079e+00	
0.59850000	1.00486071e+00	
0.60008333	1.01044549e+00	
0.60166667	1.00807285e+00	
0.60325000	9.74364912e-01	
0.60483333	9.81915677e-01	
0.60641667	4.54088466e-01	
0.60800000	4.05453522e-01	
0.60958333	2.79345027e-01	
0.61116667	2.78229762e-01	
0.61275000	2.64415261e-01	
0.61433333	2.74570298e-01	
0.61591667	2.08668343e-01	
0.61750000	1.17780121e-01	
0.61908333	1.05747962e-01	
0.62066667	1.01239086e-01	
0.62225000	1.00964615e-01	
0.62383333	1.05445664e-01	
0.62541667	1.07067355e-01	
0.62700000	3.48189711e-02	
0.62858333	1.94432795e-02	
0.63016667	2.47146939e-02	
0.63175000	3.16296648e-02	
0.63333333	2.34717230e-02	
0.63491667	2.13861080e-02	
0.63650000	4.81822651e-03	
0.63808333	2.76807665e-03	
0.63966667	1.80499959e-04	
0.64125000	-1.30513372e-05	
0.64283333	-6.28838938e-05	
0.64441667	-9.85618206e-05	
0.64600000	-9.15610083e-05	
0.64758333	-6.23553734e-05	
0.64916667	-3.77033719e-05	
0.65075000	-2.11218182e-05	
0.65233333	-9.53267606e-06	
0.65391667	-8.27242687e-07	
0.65550000	5.37200655e-06	
0.65708333	1.00190225e-05	
0.65866667	1.30642644e-05	
0.66025000	1.48721608e-05	
0.66183333	1.59715493e-05	
0.66341667	1.59015901e-05	
0.66500000	1.55294359e-05	
0.66658333	1.46956588e-05	
0.66816667	1.37283288e-05	
0.66975000	1.27663266e-05	
0.67133333	1.16641272e-05	
0.67291667	1.08433965e-05	
0.67450000	9.93384580e-06	
0.67608333	9.27825888e-06	
0.67766667	8.81803740e-06	
0.67925000	8.11041832e-06	
0.68083333	7.74424791e-06	
0.68241667	7.47695642e-06	
0.68400000	6.85960623e-06	
0.68558333	6.41881493e-06	
0.68716667	5.92532795e-06	
0.68875000	5.44037039e-06	
0.69033333	5.06408233e-06	
0.69191667	4.49646192e-06	
0.69350000	3.85480842e-06	
0.69508333	3.57022673e-06	
0.69666667	3.36344170e-06	
0.69825000	3.00301872e-06	
0.69983333	2.65330722e-06	
0.70141667	2.53965572e-06	
0.70300000	2.56868854e-06	
0.70458333	2.48204481e-06	
0.70616667	2.15304058e-06	
0.70775000	1.89040514e-06	
0.70933333	1.74271520e-06	
0.71091667	1.48465316e-06	
0.71250000	1.13668603e-06	
0.71408333	7.76769358e-07	
0.71566667	8.80219048e-07	
0.71725000	8.98324997e-07	
0.71883333	7.20283544e-07	
0.72041667	6.41173946e-07	
0.72200000	6.45235640e-07	
0.72358333	8.83284850e-07	
0.72516667	1.06650726e-06	
0.72675000	9.79043770e-07	
0.72833333	8.91887116e-07	
0.72991667	9.01972440e-07	
0.73150000	8.81238182e-07	
0.73308333	5.27093579e-07	
0.73466667	4.04960471e-07	
0.73625000	3.91280429e-07	
0.73783333	4.79258585e-07	
0.73941667	4.59425659e-07	
0.74100000	5.10372797e-07	
0.74258333	5.70286469e-07	
0.74416667	7.24397656e-07	
0.74575000	6.01029385e-07	
0.74733333	6.41172154e-07	
0.74891667	6.49769828e-07	
0.75050000	4.74030246e-07	
0.75208333	4.57869573e-07	
0.75366667	1.91298578e-07	
0.75525000	1.80251984e-07	
0.75683333	1.91944917e-07	
0.75841667	1.50022052e-07	
0.76000000	1.76476379e-07	
0.76158333	2.57869535e-07	
0.76316667	4.92984745e-07	
0.76475000	5.70435100e-07	
0.76633333	6.13734003e-07	
0.76791667	3.88297903e-07	
0.76950000	4.20275114e-07	
0.77108333	3.81600731e-07	
0.77266667	2.24751259e-07	
0.77425000	1.79889438e-07	
0.77583333	2.15970471e-07	
0.77741667	2.61446611e-07	
0.77900000	2.22021122e-07	
0.78058333	1.91512689e-07	
0.78216667	3.87089313e-07	
0.78375000	5.75188985e-07	
0.78533333	4.64307342e-07	
0.78691667	6.24968667e-07	
0.78850000	5.75775443e-07	
0.79008333	5.19401858e-07	
0.79166667	4.17855105e-07	
0.79325000	1.47895202e-07	
0.79483333	1.08245017e-07	
0.79641667	8.93523243e-08	
0.79800000	7.57835175e-08	
0.79958333	1.76129583e-08	
0.80116667	1.92238202e-07	
0.80275000	5.73332278e-07	
0.80433333	5.44507392e-07	
0.80591667	5.01727633e-07	
0.80750000	5.97527828e-07	
0.80908333	5.14907096e-07	
0.81066667	6.73666492e-07	
0.81225000	2.79698894e-07	
0.81383333	8.98365430e-08	
0.81541667	1.38708648e-07	
0.81700000	1.60012004e-07	
0.81858333	2.02142372e-07	
0.82016667	8.18938466e-08	
0.82175000	1.97044982e-07	
0.82333333	3.40471337e-07	
0.82491667	3.80303909e-07	
0.82650000	5.14562569e-07	
0.82808333	4.47412252e-07	
0.82966667	5.38589159e-07	
0.83125000	5.64048237e-07	
0.83283333	2.91538610e-07	
0.83441667	3.02091275e-07	
0.83600000	1.66925976e-07	
0.83758333	3.15616274e-07	
0.83916667	2.36755411e-07	
0.84075000	2.41102858e-07	
0.84233333	4.36065079e-07	
0.84391667	6.20039438e-07	
0.84550000	5.71083777e-07	
0.84708333	4.30515538e-07	
0.84866667	3.44438807e-07	
0.85025000	5.28908509e-07	
0.85183333	3.22081792e-07	
0.85341667	-1.84944869e-08	
0.85500000	-4.85792013e-08	
0.85658333	5.06870834e-08	
0.85816667	2.47385416e-07	
0.85975000	8.59213794e-08	
0.86133333	3.03024305e-07	
0.86291667	4.02171098e-07	
0.86450000	5.09636364e-07	
0.86608333	4.68844833e-07	
0.86766667	3.75896875e-07	
0.86925000	5.22341486e-07	
0.87083333	5.66114170e-07	
0.87241667	3.21104240e-07	
0.87400000	1.15357420e-07	
0.87558333	6.19221255e-08	
0.87716667	2.33747600e-07	
0.87875000	2.29393083e-07	
0.88033333	1.97303643e-07	
0.88191667	2.60954797e-07	
0.88350000	3.88305968e-07	
0.88508333	5.32668293e-07	
0.88666667	4.80295639e-07	
0.88825000	6.51844217e-07	
0.88983333	5.66243816e-07	
0.89141667	4.63857558e-07	
0.89300000	2.54973421e-07	
0.89458333	8.23175406e-08	
0.89616667	1.74919173e-07	
0.89775000	1.33826405e-07	
0.89933333	-6.95658052e-09	
0.90091667	8.66213758e-08	
0.90250000	2.45960404e-07	
0.90408333	4.22088559e-07	
0.90566667	5.23335698e-07	
0.90725000	4.08434027e-07	
0.90883333	5.40445306e-07	
0.91041667	5.03717514e-07	
0.91200000	2.41898010e-07	
0.91358333	1.19702879e-07	
0.91516667	6.11885468e-09	
0.91675000	2.97597325e-07	
0.91833333	3.84236545e-07	
0.91991667	4.15434649e-07	
0.92150000	2.87701149e-07	
0.92308333	3.96119662e-07	
0.92466667	5.04969562e-07	
0.92625000	4.72431206e-07	
0.92783333	4.29158233e-07	
0.92941667	6.84211373e-07	
0.93100000	6.08286470e-07	
0.93258333	4.57048380e-07	
0.93416667	2.47559108e-07	
0.93575000	1.82654128e-07	
0.93733333	9.83491630e-08	
0.93891667	1.40195067e-07	
0.94050000	3.37994206e-08	
0.94208333	1.88151376e-07	
0.94366667	4.63786966e-07	
0.94525000	4.13533840e-07	
0.94683333	3.59649566e-07	
0.94841667	5.29599860e-07	
0.95000000	4.36436711e-07	
0.95158333	4.05228107e-07	
0.95316667	1.07985718e-07	
0.95475000	8.28879542e-08	
0.95633333	1.39875054e-07	
0.95791667	1.06844233e-07	
0.95950000	3.43712679e-07	
0.96108333	1.65810812e-07	
0.96266667	3.09437349e-07	
0.96425000	4.91193952e-07	
0.96583333	4.22003380e-07	
0.96741667	5.19660758e-07	
0.96900000	3.81816452e-07	
0.97058333	5.63175550e-07	
0.97216667	4.92195949e-07	
0.97375000	1.43358481e-07	
0.97533333	2.87097022e-07	
0.97691667	2.52830205e-07	
0.97850000	2.03345026e-07	
0.98008333	8.07372197e-08	
0.98166667	1.92144034e-07	
0.98325000	4.66729198e-07	
0.98483333	3.76156278e-07	
0.98641667	4.52468103e-07	
0.98800000	3.02696186e-07	
0.98958333	2.98893000e-07	
0.99116667	4.53478640e-07	
0.99275000	1.74816128e-07	
0.99433333	4.15684952e-08	
0.99591667	6.86625669e-08	
0.99750000	1.20214658e-07	
0.99908333	2.88566668e-07	
1.00066667	1.69345887e-07	
1.00225000	3.68116782e-07	
1.00383333	4.51819229e-07	
1.00541667	3.89292872e-07	
1.00700000	3.90069375e-07	
1.00858333	3.12289865e-07	
1.01016667	4.84746607e-07	
1.01175000	4.14917158e-07	
1.01333333	2.27205331e-07	
1.01491667	1.02108759e-07	
1.01650000	1.43418445e-07	
1.01808333	3.20845201e-07	
1.01966667	1.56624398e-07	
1.02125000	2.01798769e-07	
1.02283333	3.64091965e-07	
1.02441667	3.48198144e-07	
1.02600000	6.00294408e-07	
1.02758333	4.78869647e-07	
1.02916667	5.61059159e-07	
1.03075000	4.79776440e-07	
1.03233333	2.85368505e-07	
1.03391667	9.27402803e-08	
1.03550000	4.48184715e-08	
1.03708333	1.40506483e-07	
1.03866667	1.91296968e-07	
1.04025000	1.13214540e-07	
1.04183333	2.63744730e-07	
1.04341667	3.70019859e-07	
1.04500000	5.25840691e-07	
1.04658333	4.90710035e-07	
1.04816667	3.12981188e-07	
1.04975000	3.32409103e-07	
1.05133333	3.80002811e-07	
1.05291667	2.94425959e-07	
1.05450000	1.68282665e-07	
1.05608333	3.62869201e-09	
1.05766667	2.96258277e-07	
1.05925000	2.31561164e-07	
1.06083333	8.75985006e-08	
1.06241667	3.38284243e-07	
1.06400000	3.99490033e-07	
1.06558333	4.93432597e-07	
1.06716667	5.21434245e-07	
1.06875000	5.08607822e-07	
1.07033333	4.63762969e-07	
1.07191667	3.12677458e-07	
1.07350000	3.44655173e-07	
1.07508333	1.39313881e-07	
1.07666667	3.42148612e-07	
1.07825000	3.02956066e-07	
1.07983333	3.93841004e-07	
1.08141667	3.39728576e-07	
1.08300000	4.86233698e-07	
1.08458333	6.60832172e-07	
1.08616667	4.87304690e-07	
1.08775000	3.94218517e-07	
1.08933333	4.30040916e-07	
1.09091667	3.60901614e-07	
1.09250000	3.44437575e-07	
1.09408333	4.08336232e-08	
1.09566667	5.60371644e-08	
1.09725000	1.74141746e-07	
1.09883333	1.89344132e-07	
1.10041667	1.43237291e-07	
1.10200000	2.10569616e-07	
1.10358333	4.20230536e-07	
1.10516667	4.53720991e-07	
1.10675000	4.39158405e-07	
1.10833333	4.96198001e-07	
1.10991667	5.92386181e-07	
1.11150000	4.72587453e-07	
1.11308333	3.96665071e-07	
1.11466667	1.65482581e-07	
1.11625000	2.66743973e-07	
1.11783333	2.83208656e-07	
1.11941667	2.45708309e-07	
1.12100000	2.64792425e-07	
1.12258333	2.50626254e-07	
1.12416667	5.78083643e-07	
1.12575000	4.27102576e-07	
1.12733333	4.39460931e-07	
1.12891667	5.26704978e-07	
1.13050000	5.14260771e-07	
1.13208333	4.67184975e-07	
1.13366667	1.54420811e-07	
1.13525000	6.04789057e-08	
1.13683333	1.31751694e-07	
1.13841667	1.33143244e-07	
1.14000000	1.82836514e-07	
1.14158333	1.31786373e-07	
1.14316667	3.76544208e-07	
1.14475000	5.09376232e-07	
1.14633333	4.95506818e-07	
1.14791667	5.98996717e-07	
1.14950000	3.93571716e-07	
1.15108333	4.46763155e-07	
1.15266667	2.67289605e-07	
1.15425000	3.05765012e-07	
1.15583333	2.46607429e-07	
1.15741667	2.80226438e-07	
1.15900000	4.29230420e-07	
1.16058333	2.41854776e-07	
1.16216667	9.31550839e-08	
1.16375000	4.46460097e-07	
1.16533333	3.90631444e-07	
1.16691667	4.58300736e-07	
1.16850000	4.66510173e-07	
1.17008333	3.85170051e-07	
1.17166667	4.70487359e-07	
1.17325000	2.49979929e-07	
1.17483333	-1.20989054e-08	
1.17641667	7.80831837e-08	
1.17800000	-1.44382583e-09	
1.17958333	2.20638518e-07	
1.18116667	3.51352429e-07	
1.18275000	6.26289598e-07	
1.18433333	5.05704035e-07	
1.18591667	4.03811215e-07	
1.18750000	5.09074379e-07	
1.18908333	5.47749042e-07	
1.19066667	6.55865365e-07	
1.19225000	4.88937499e-07	
1.19383333	2.00069537e-07	
1.19541667	1.61351388e-07	
1.19700000	2.15754553e-07	
1.19858333	1.82378497e-07	
1.20016667	-1.62482005e-09	
1.20175000	1.54558605e-07	
@ 
0.00000000	5.27826932e-07	
0.00158333	4.81462284e-07	
0.00316667	4.49442791e-07	
0.00475000	3.05590872e-07	
0.00633333	4.55683179e-07	
0.00791667	4.72690106e-07	
0.00950000	3.08182696e-07	
0.01108333	2.66528251e-07	
0.01266667	3.08833614e-07	
0.01425000	4.04373145e-07	
0.01583333	4.69579670e-07	
0.01741667	1.82404553e-07	
0.01900000	2.37533370e-07	
0.02058333	4.78939146e-07	
0.02216667	3.98461911e-07	
0.02375000	3.72785039e-07	
0.02533333	3.60772976e-07	
0.02691667	5.48527589e-07	
0.02850000	3.63684687e-07	
0.03008333	2.94182656e-07	
0.03166667	1.68464561e-07	
0.03325000	1.53789425e-07	
0.03483333	2.84512786e-07	
0.03641667	1.52752608e-07	
0.03800000	1.89007039e-07	
0.03958333	3.07528027e-07	
0.04116667	7.33819575e-07	
0.04275000	6.38967951e-07	
0.04433333	5.04753113e-07	
0.04591667	6.15029901e-07	
0.04750000	5.39243156e-07	
0.04908333	3.47023827e-07	
0.05066667	3.04934691e-07	
0.05225000	1.31950433e-07	
0.05383333	2.32685541e-07	
0.05541667	2.69596461e-07	
0.05700000	6.52317970e-08	
0.05858333	2.48025357e-07	
0.06016667	1.87339242e-07	
0.06175000	5.19100452e-07	
0.06333333	5.11105478e-07	
0.06491667	5.48786936e-07	
0.06650000	5.94288082e-07	
0.06808333	5.47420083e-07	
0.06966667	4.82328194e-07	
0.07125000	2.22928153e-07	
0.07283333	1.94149582e-07	
0.07441667	2.89300497e-07	
0.07600000	1.97960637e-07	
0.07758333	2.23489858e-07	
0.07916667	2.14613726e-07	
0.08075000	5.32192944e-07	
0.08233333	5.36167722e-07	
0.08391667	3.96724853e-07	
0.08550000	5.88322862e-07	
0.08708333	4.54023012e-07	
0.08866667	4.67591749e-07	
0.09025000	2.49416908e-07	
0.09183333	2.67564858e-07	
0.09341667	4.06749387e-07	
0.09500000	3.97199923e-07	
0.09658333	3.66345702e-07	
0.09816667	3.57186043e-07	
0.09975000	2.16403832e-07	
0.10133333	4.85782653e-07	
0.10291667	4.39244201e-07	
0.10450000	4.06706853e-07	
0.10608333	3.60340609e-07	
0.10766667	6.84730180e-07	
0.10925000	3.81945734e-07	
0.11083333	8.31296191e-08	
0.11241667	1.60443825e-07	
0.11400000	1.17578410e-07	
0.11558333	1.33653175e-07	
0.11716667	6.98220920e-08	
0.11875000	1.63702331e-07	
0.12033333	3.85586738e-07	
0.12191667	5.35563679e-07	
0.12350000	5.50427586e-07	
0.12508333	4.78351400e-07	
0.12666667	5.38890228e-07	
0.12825000	5.35476651e-07	
0.12983333	3.28805174e-07	
0.13141667	7.84114984e-08	
0.13300000	2.37360855e-07	
0.13458333	2.29193056e-07	
0.13616667	2.67435772e-07	
0.13775000	2.55208295e-07	
0.13933333	3.38415037e-07	
0.14091667	6.10666857e-07	
0.14250000	4.70745139e-07	
0.14408333	5.84305410e-07	
0.14566667	5.91221777e-07	
0.14725000	5.96231929e-07	
0.14883333	6.37973010e-07	
0.15041667	2.19263755e-07	
0.15200000	1.06611571e-07	
0.15358333	1.99766438e-07	
0.15516667	1.78713861e-07	
0.15675000	1.57911364e-07	
0.15833333	1.23403189e-07	
0.15991667	4.60011865e-07	
0.16150000	4.54109172e-07	
0.16308333	4.71999315e-07	
0.16466667	4.75196274e-07	
0.16625000	4.67505757e-07	
0.16783333	6.98253667e-07	
0.16941667	4.46504899e-07	
0.17100000	3.42537102e-07	
0.17258333	2.22193232e-07	
0.17416667	3.10993351e-07	
0.17575000	4.42182205e-07	
0.17733333	2.55517317e-07	
0.17891667	2.19817241e-07	
0.18050000	5.12746183e-07	
0.18208333	6.38406974e-07	
0.18366667	7.61256494e-07	
0.18525000	6.73840324e-07	
0.18683333	7.22712093e-07	
0.18841667	7.81351820e-07	
0.19000000	5.13309905e-07	
0.19158333	4.31121457e-07	
0.19316667	3.62069322e-07	
0.19475000	5.30377790e-07	
0.19633333	4.65603632e-07	
0.19791667	2.99593227e-07	
0.19950000	5.56087648e-07	
0.20108333	4.53071978e-07	
0.20266667	5.58638227e-07	
0.20425000	5.56390958e-07	
0.20583333	5.37637116e-07	
0.20741667	6.34861791e-07	
0.20900000	4.64697959e-07	
0.21058333	3.83580224e-07	
0.21216667	2.02074329e-07	
0.21375000	2.20724090e-07	
0.21533333	3.61464019e-07	
0.21691667	2.23964633e-07	
0.21850000	3.12013156e-07	
0.22008333	5.64471336e-07	
0.22166667	5.51162507e-07	
0.22325000	6.03491591e-07	
0.22483333	5.88324879e-07	
0.22641667	6.87321361e-07	
0.22800000	5.61015421e-07	
0.22958333	4.16385964e-07	
0.23116667	1.26911061e-07	
0.23275000	1.26479505e-07	
0.23433333	3.04476254e-07	
0.23591667	3.55977341e-07	
0.23750000	2.30620210e-07	
0.23908333	3.19963553e-07	
0.24066667	2.65707422e-07	
0.24225000	7.07501474e-07	
0.24383333	5.96317837e-07	
0.24541667	5.66373126e-07	
0.24700000	6.31294543e-07	
0.24858333	6.26998366e-07	
0.25016667	5.02419488e-07	
0.25175000	4.07569684e-07	
0.25333333	2.86967908e-07	
0.25491667	2.91201670e-07	
0.25650000	1.74902834e-07	
0.25808333	3.58913833e-07	
0.25966667	4.63097492e-07	
0.26125000	7.66137897e-07	
0.26283333	8.35018804e-07	
0.26441667	7.48726716e-07	
0.26600000	7.94487265e-07	
0.26758333	7.68389142e-07	
0.26916667	6.89117641e-07	
0.27075000	4.04909201e-07	
0.27233333	3.25901107e-07	
0.27391667	3.07752401e-07	
0.27550000	2.82560175e-07	
0.27708333	3.37525129e-07	
0.27866667	4.07614626e-07	
0.28025000	5.67945060e-07	
0.28183333	5.77545739e-07	
0.28341667	4.12841705e-07	
0.28500000	4.62838396e-07	
0.28658333	4.52984586e-07	
0.28816667	5.78947874e-07	
0.28975000	7.84893587e-07	
0.29133333	2.58664378e-07	
0.29291667	3.64488435e-07	
0.29450000	4.29478427e-07	
0.29608333	3.92904474e-07	
0.29766667	3.27136523e-07	
0.29925000	3.05419000e-07	
0.30083333	4.79345277e-07	
0.30241667	5.14303221e-07	
0.30400000	5.41267423e-07	
0.30558333	7.06681037e-07	
0.30716667	6.80667254e-07	
0.30875000	7.90900136e-07	
0.31033333	3.52492641e-07	
0.31191667	2.24569979e-07	
0.31350000	2.11302717e-07	
0.31508333	2.94010140e-07	
0.31666667	4.09299378e-07	
0.31825000	2.71438160e-07	
0.31983333	4.17510158e-07	
0.32141667	5.79784887e-07	
0.32300000	4.26799407e-07	
0.32458333	4.90666241e-07	
0.32616667	4.60557442e-07	
0.32775000	6.43134482e-07	
0.32933333	5.54143857e-07	
0.33091667	2.94520519e-07	
0.33250000	3.53340939e-07	
0.33408333	3.01702450e-07	
0.33566667	3.69545042e-07	
0.33725000	2.47869754e-07	
0.33883333	1.63762954e-07	
0.34041667	2.60072310e-07	
0.34200000	6.36980142e-07	
0.34358333	7.31267709e-07	
0.34516667	8.82724881e-07	
0.34675000	7.20551460e-07	
0.34833333	6.80882864e-07	
0.34991667	3.47031108e-07	
0.35150000	3.29573976e-07	
0.35308333	2.48941502e-07	
0.35466667	2.05643607e-07	
0.35625000	3.89378696e-07	
0.35783333	1.84685591e-07	
0.35941667	4.69034710e-07	
0.36100000	4.61498704e-07	
0.36258333	4.92524796e-07	
0.36416667	5.87893099e-07	
0.36575000	5.96059722e-07	
0.36733333	6.50939272e-07	
0.36891667	5.62553306e-07	
0.37050000	6.35035679e-07	
0.37208333	4.01909818e-07	
0.37366667	3.62803627e-07	
0.37525000	4.98486823e-07	
0.37683333	3.67901872e-07	
0.37841667	4.10465042e-07	
0.38000000	5.31544267e-07	
0.38158333	7.43722499e-07	
0.38316667	8.07925292e-07	
0.38475000	6.22937680e-07	
0.38633333	6.30412167e-07	
0.38791667	6.92810951e-07	
0.38950000	5.31837328e-07	
0.39108333	4.14969324e-07	
0.39266667	2.08970493e-07	
0.39425000	3.12072967e-07	
0.39583333	3.41941263e-07	
0.39741667	3.61168606e-08	
0.39900000	1.93197931e-07	
0.40058333	2.03671731e-07	
0.40216667	4.88808301e-07	
0.40375000	6.40438129e-07	
0.40533333	5.66632025e-07	
0.40691667	8.05939107e-07	
0.40850000	8.38434061e-07	
0.41008333	6.78899479e-07	
0.41166667	4.80038308e-07	
0.41325000	3.91193765e-07	
0.41483333	4.73727609e-07	
0.41641667	4.44853721e-07	
0.41800000	5.15774015e-07	
0.41958333	7.76637248e-07	
0.42116667	9.41841077e-07	
0.42275000	9.08309741e-07	
0.42433333	8.55978248e-07	
0.42591667	9.66641118e-07	
0.42750000	1.14015124e-06	
0.42908333	1.27215308e-06	
0.43066667	1.29194370e-06	
0.43225000	1.36808628e-06	
0.43383333	1.70417999e-06	
0.43541667	1.85525203e-06	
0.43700000	2.27713162e-06	
0.43858333	3.14432515e-06	
0.44016667	4.71883311e-06	
0.44175000	6.58145474e-06	
0.44333333	8.12684005e-06	
0.44491667	9.63317593e-06	
0.44650000	1.15186479e-05	
0.44808333	1.43252134e-05	
0.44966667	1.83830014e-05	
0.45125000	2.35678251e-05	
0.45283333	2.96176789e-05	
0.45441667	3.82779846e-05	
0.45600000	5.09100619e-05	
0.45758333	7.38911742e-05	
0.45916667	1.29478828e-04	
0.46075000	3.66859562e-04	
0.46233333	7.08064619e-04	
0.46391667	3.11484249e-04	
0.46550000	3.43357360e-04	
0.46708333	4.44889840e-04	
0.46866667	2.89494534e-04	
0.47025000	2.43749344e-04	
0.47183333	3.49544797e-04	
0.47341667	6.17861499e-04	
0.47500000	9.33518256e-04	
0.47658333	2.57947318e-03	
0.47816667	6.98504659e-04	
0.47975000	2.08624608e-03	
0.48133333	4.80236720e-03	
0.48291667	9.05591484e-03	
0.48450000	1.19432542e-02	
0.48608333	1.42843230e-02	
0.48766667	1.24461241e-02	
0.48925000	5.89946724e-03	
0.49083333	8.13090361e-03	
0.49241667	1.04780025e-02	
0.49400000	1.52318839e-02	
0.49558333	1.74389534e-02	
0.49716667	2.07716206e-02	
0.49875000	5.27430325e-02	
0.50033333	7.22687718e-02	
0.50191667	5.13645861e-02	
0.50350000	6.27705937e-02	
0.50508333	3.54801505e-01	
0.50666667	4.17960646e-01	
0.50825000	2.12314535e-01	
0.50983333	2.84491707e-01	
0.51141667	3.81936560e-01	
0.51300000	5.03000494e-01	
0.51458333	7.86488186e-01	
0.51616667	8.50078970e-01	
0.51775000	9.10417915e-01	
0.51933333	9.82525573e-01	
0.52091667	2.19373875e+00	
0.52250000	2.98551453e+00	
0.52408333	3.12442329e+00	
0.52566667	3.22552203e+00	
0.52725000	3.65401545e+00	
0.52883333	4.33399975e+00	
0.53041667	5.44444586e+00	
0.53200000	5.96832122e+00	
0.53358333	7.38010878e+00	
0.53516667	7.74674162e+00	
0.53675000	8.20163075e+00	
0.53833333	1.04897781e+01	
0.53991667	1.23956675e+01	
0.54150000	1.26524172e+01	
0.54308333	1.26300104e+01	
0.54466667	1.26743213e+01	
0.54625000	1.29048702e+01	
0.54783333	1.32028884e+01	
0.54941667	1.33533580e+01	
0.55100000	1.37814047e+01	
0.55258333	1.47970476e+01	
0.55416667	1.56405413e+01	
0.55575000	1.65531204e+01	
0.55733333	1.74616904e+01	
0.55891667	1.80158221e+01	
0.56050000	1.84620767e+01	
0.56208333	1.86523952e+01	
0.56366667	1.94680890e+01	
0.56525000	1.97042547e+01	
0.56683333	2.11396977e+01	
0.56841667	2.23161906e+01	
0.57000000	2.25945070e+01	
0.57158333	2.29870710e+01	
0.57316667	2.32387075e+01	
0.57475000	2.35500158e+01	
0.57633333	2.42207121e+01	
0.57791667	2.48536020e+01	
0.57950000	2.50050845e+01	
0.58108333	2.57716541e+01	
0.58266667	2.63435173e+01	
0.58425000	2.76656280e+01	
0.58583333	2.81655994e+01	
0.58741667	2.84970163e+01	
0.58900000	2.84763158e+01	
0.59058333	2.95034853e+01	
0.59216667	2.99174451e+01	
0.59375000	3.00549205e+01	
