start voltage : 0.00 V 
set voltage : 0.10 V 
High G : 30.00 G0 
Intermediate G : 20.00 G0 
Low G : 10.00 G0 
Breaking speed 1 : 300.00 V/s 
Breaking speed 2 : 300.00 V/s 
Making speed : 500.00 V/s 
Post breaking : 230.00 V/s 
@ 
0.00000000	4.30151885e+01	
0.00158333	4.36879856e+01	
0.00316667	4.36925932e+01	
0.00475000	4.37840280e+01	
0.00633333	4.36280450e+01	
0.00791667	4.34703294e+01	
0.00950000	4.36697617e+01	
0.01108333	4.36143837e+01	
0.01266667	4.37570775e+01	
0.01425000	4.37778344e+01	
0.01583333	4.36881885e+01	
0.01741667	4.38107418e+01	
0.01900000	4.37065288e+01	
0.02058333	4.36247227e+01	
0.02216667	4.36257524e+01	
0.02375000	4.35198746e+01	
0.02533333	4.37146053e+01	
0.02691667	4.36120385e+01	
0.02850000	4.36200474e+01	
0.03008333	4.36636621e+01	
0.03166667	4.35273611e+01	
0.03325000	4.37855952e+01	
0.03483333	4.34022371e+01	
0.03641667	4.36123016e+01	
0.03800000	4.35415711e+01	
0.03958333	4.35107383e+01	
0.04116667	4.36500834e+01	
0.04275000	4.35622490e+01	
0.04433333	4.37340468e+01	
0.04591667	4.35980691e+01	
0.04750000	4.34714306e+01	
0.04908333	4.36340695e+01	
0.05066667	4.34680105e+01	
0.05225000	4.36227158e+01	
0.05383333	4.34659773e+01	
0.05541667	4.35055782e+01	
0.05700000	4.34750047e+01	
0.05858333	4.33951566e+01	
0.06016667	4.35361742e+01	
0.06175000	4.33782068e+01	
0.06333333	4.31624147e+01	
0.06491667	4.31921276e+01	
0.06650000	4.32737233e+01	
0.06808333	4.33089720e+01	
0.06966667	4.32071832e+01	
0.07125000	4.31154064e+01	
0.07283333	4.32853401e+01	
0.07441667	4.30167820e+01	
0.07600000	4.32216863e+01	
0.07758333	4.30558604e+01	
0.07916667	4.31027297e+01	
0.08075000	4.30113250e+01	
0.08233333	4.28268806e+01	
0.08391667	4.29724532e+01	
0.08550000	4.28994339e+01	
0.08708333	4.30668496e+01	
0.08866667	4.28319956e+01	
0.09025000	4.26489305e+01	
0.09183333	4.27212132e+01	
0.09341667	4.26764297e+01	
0.09500000	4.25494831e+01	
0.09658333	4.26359156e+01	
0.09816667	4.25653016e+01	
0.09975000	4.25745920e+01	
0.10133333	4.25596454e+01	
0.10291667	4.26764185e+01	
0.10450000	4.27120919e+01	
0.10608333	4.26257044e+01	
0.10766667	4.27418912e+01	
0.10925000	4.25803046e+01	
0.11083333	4.24788690e+01	
0.11241667	4.26670566e+01	
0.11400000	4.22591308e+01	
0.11558333	4.25070259e+01	
0.11716667	4.23153394e+01	
0.11875000	4.24717772e+01	
0.12033333	4.24552633e+01	
0.12191667	4.24225777e+01	
0.12350000	4.25403542e+01	
0.12508333	4.22104387e+01	
0.12666667	4.23850402e+01	
0.12825000	4.23197366e+01	
0.12983333	4.22328981e+01	
0.13141667	4.24088638e+01	
0.13300000	4.20730666e+01	
0.13458333	4.20177036e+01	
0.13616667	4.22617202e+01	
0.13775000	4.23166322e+01	
0.13933333	4.24326724e+01	
0.14091667	4.21432710e+01	
0.14250000	4.22540834e+01	
0.14408333	4.22424967e+01	
0.14566667	4.19804291e+01	
0.14725000	4.21842812e+01	
0.14883333	4.21471946e+01	
0.15041667	4.21403921e+01	
0.15200000	4.20950975e+01	
0.15358333	4.20663506e+01	
0.15516667	4.21780011e+01	
0.15675000	4.19208193e+01	
0.15833333	4.19542115e+01	
0.15991667	4.18430570e+01	
0.16150000	4.18088305e+01	
0.16308333	4.16783323e+01	
0.16466667	4.14382806e+01	
0.16625000	4.16484202e+01	
0.16783333	4.14102251e+01	
0.16941667	4.12671668e+01	
0.17100000	4.11845488e+01	
0.17258333	4.10617964e+01	
0.17416667	4.11871157e+01	
0.17575000	4.09950233e+01	
0.17733333	4.11513408e+01	
0.17891667	4.11574029e+01	
0.18050000	4.08750520e+01	
0.18208333	4.12312754e+01	
0.18366667	4.10793137e+01	
0.18525000	4.08945348e+01	
0.18683333	4.11173135e+01	
0.18841667	4.09953428e+01	
0.19000000	4.10644460e+01	
0.19158333	4.09115936e+01	
0.19316667	4.08460119e+01	
0.19475000	4.08410472e+01	
0.19633333	4.05809151e+01	
0.19791667	4.04581476e+01	
0.19950000	4.03187724e+01	
0.20108333	4.02854666e+01	
0.20266667	4.00743724e+01	
0.20425000	4.00779465e+01	
0.20583333	4.01447196e+01	
0.20741667	3.99478955e+01	
0.20900000	3.99276798e+01	
0.21058333	3.97764359e+01	
0.21216667	3.97560398e+01	
0.21375000	3.99275558e+01	
0.21533333	3.95654657e+01	
0.21691667	3.98710916e+01	
0.21850000	3.98492223e+01	
0.22008333	3.97298071e+01	
0.22166667	3.97970651e+01	
0.22325000	3.96343096e+01	
0.22483333	3.94367715e+01	
0.22641667	3.97918561e+01	
0.22800000	3.95661460e+01	
0.22958333	3.96173260e+01	
0.23116667	3.95206334e+01	
0.23275000	3.95178899e+01	
0.23433333	3.95927996e+01	
0.23591667	3.95001847e+01	
0.23750000	3.95617939e+01	
0.23908333	3.94012408e+01	
0.24066667	3.94841557e+01	
0.24225000	3.92146505e+01	
0.24383333	3.93097759e+01	
0.24541667	3.92501661e+01	
0.24700000	3.91054954e+01	
0.24858333	3.92772782e+01	
0.25016667	3.91247190e+01	
0.25175000	3.91915071e+01	
0.25333333	3.89906541e+01	
0.25491667	3.86127042e+01	
0.25650000	3.87274403e+01	
0.25808333	3.84853253e+01	
0.25966667	3.84680749e+01	
0.26125000	3.83847993e+01	
0.26283333	3.81010277e+01	
0.26441667	3.82691950e+01	
0.26600000	3.80426280e+01	
0.26758333	3.82099648e+01	
0.26916667	3.82599497e+01	
0.27075000	3.80347357e+01	
0.27233333	3.83769332e+01	
0.27391667	3.82250730e+01	
0.27550000	3.81794213e+01	
0.27708333	3.81010615e+01	
0.27866667	3.79622763e+01	
0.28025000	3.82246934e+01	
0.28183333	3.81286434e+01	
0.28341667	3.77921171e+01	
0.28500000	3.77150652e+01	
0.28658333	3.72858675e+01	
0.28816667	3.74809102e+01	
0.28975000	3.72928617e+01	
0.29133333	3.74138477e+01	
0.29291667	3.71779602e+01	
0.29450000	3.70762127e+01	
0.29608333	3.70690532e+01	
0.29766667	3.69221652e+01	
0.29925000	3.70501003e+01	
0.30083333	3.70502318e+01	
0.30241667	3.70842516e+01	
0.30400000	3.72146597e+01	
0.30558333	3.69511865e+01	
0.30716667	3.70455265e+01	
0.30875000	3.69732588e+01	
0.31033333	3.68302305e+01	
0.31191667	3.69544374e+01	
0.31350000	3.66953689e+01	
0.31508333	3.65990070e+01	
0.31666667	3.66598834e+01	
0.31825000	3.66198767e+01	
0.31983333	3.65486951e+01	
0.32141667	3.61672312e+01	
0.32300000	3.61920095e+01	
0.32458333	3.59022848e+01	
0.32616667	3.61492329e+01	
0.32775000	3.61385707e+01	
0.32933333	3.59183927e+01	
0.33091667	3.57478840e+01	
0.33250000	3.57975983e+01	
0.33408333	3.57509432e+01	
0.33566667	3.57227074e+01	
0.33725000	3.56783223e+01	
0.33883333	3.57528073e+01	
0.34041667	3.55787358e+01	
0.34200000	3.53221327e+01	
0.34358333	3.52796230e+01	
0.34516667	3.52669501e+01	
0.34675000	3.53138119e+01	
0.34833333	3.51942916e+01	
0.34991667	3.50098472e+01	
0.35150000	3.48722947e+01	
0.35308333	3.46157781e+01	
0.35466667	3.44010496e+01	
0.35625000	3.43488473e+01	
0.35783333	3.44232534e+01	
0.35941667	3.45554579e+01	
0.36100000	3.45445402e+01	
0.36258333	3.46529774e+01	
0.36416667	3.44572244e+01	
0.36575000	3.43858061e+01	
0.36733333	3.43706377e+01	
0.36891667	3.42670975e+01	
0.37050000	3.44546800e+01	
0.37208333	3.42994787e+01	
0.37366667	3.38272227e+01	
0.37525000	3.36433270e+01	
0.37683333	3.33562820e+01	
0.37841667	3.33511181e+01	
0.38000000	3.32832552e+01	
0.38158333	3.31129531e+01	
0.38316667	3.30266333e+01	
0.38475000	3.28438200e+01	
0.38633333	3.26583797e+01	
0.38791667	3.26311022e+01	
0.38950000	3.28044747e+01	
0.39108333	3.28270732e+01	
0.39266667	3.27460224e+01	
0.39425000	3.27309105e+01	
0.39583333	3.22676216e+01	
0.39741667	3.20219589e+01	
0.39900000	3.20326774e+01	
0.40058333	3.20541409e+01	
0.40216667	3.20884877e+01	
0.40375000	3.18725227e+01	
0.40533333	3.20612778e+01	
0.40691667	3.20213914e+01	
0.40850000	3.18563133e+01	
0.41008333	3.16033520e+01	
0.41166667	3.12679081e+01	
0.41325000	3.14455538e+01	
0.41483333	3.09754023e+01	
0.41641667	3.09814888e+01	
0.41800000	3.10327083e+01	
0.41958333	3.09801434e+01	
0.42116667	3.08552581e+01	
0.42275000	3.04883086e+01	
0.42433333	3.05083965e+01	
0.42591667	3.03514345e+01	
0.42750000	3.02887485e+01	
0.42908333	3.03630682e+01	
0.43066667	3.01865970e+01	
0.43225000	3.00456245e+01	
0.43383333	3.00971258e+01	
0.43541667	2.97764124e+01	
0.43700000	2.97342146e+01	
0.43858333	2.93944712e+01	
0.44016667	2.92295510e+01	
0.44175000	2.92138208e+01	
0.44333333	2.92394090e+01	
0.44491667	2.90971530e+01	
0.44650000	2.86030426e+01	
0.44808333	2.85475781e+01	
0.44966667	2.83076731e+01	
0.45125000	2.82836164e+01	
0.45283333	2.83352982e+01	
0.45441667	2.81395715e+01	
0.45600000	2.82041197e+01	
0.45758333	2.81458666e+01	
0.45916667	2.79873242e+01	
0.46075000	2.80347140e+01	
0.46233333	2.79856048e+01	
0.46391667	2.79429579e+01	
0.46550000	2.78814332e+01	
0.46708333	2.76615052e+01	
0.46866667	2.78604790e+01	
0.47025000	2.78411314e+01	
0.47183333	2.75273050e+01	
0.47341667	2.74432815e+01	
0.47500000	2.69217734e+01	
0.47658333	2.70741673e+01	
0.47816667	2.65606736e+01	
0.47975000	2.63433238e+01	
0.48133333	2.62307412e+01	
0.48291667	2.62010246e+01	
0.48450000	2.61980856e+01	
0.48608333	2.59063409e+01	
0.48766667	2.56631022e+01	
0.48925000	2.55984093e+01	
0.49083333	2.53361332e+01	
0.49241667	2.53539718e+01	
0.49400000	2.50455159e+01	
0.49558333	2.50448319e+01	
0.49716667	2.45568137e+01	
0.49875000	2.44059363e+01	
0.50033333	2.43529522e+01	
0.50191667	2.41680099e+01	
0.50350000	2.42808067e+01	
0.50508333	2.40313538e+01	
0.50666667	2.40764022e+01	
0.50825000	2.37549634e+01	
0.50983333	2.36567036e+01	
0.51141667	2.37153588e+01	
0.51300000	2.35720731e+01	
0.51458333	2.32605524e+01	
0.51616667	2.31822940e+01	
0.51775000	2.31697057e+01	
0.51933333	2.32280509e+01	
0.52091667	2.31459817e+01	
0.52250000	2.30735392e+01	
0.52408333	2.30876384e+01	
0.52566667	2.31005518e+01	
0.52725000	2.30260423e+01	
0.52883333	2.29840456e+01	
0.53041667	2.26784028e+01	
0.53200000	2.23754077e+01	
0.53358333	2.21769957e+01	
0.53516667	2.19610045e+01	
0.53675000	2.16860554e+01	
0.53833333	2.13247509e+01	
0.53991667	2.12789076e+01	
0.54150000	2.12468270e+01	
0.54308333	2.13677755e+01	
0.54466667	2.12712990e+01	
0.54625000	2.12026918e+01	
0.54783333	2.11238660e+01	
0.54941667	2.10292780e+01	
0.55100000	2.09655077e+01	
0.55258333	2.09241349e+01	
0.55416667	2.01008099e+01	
0.55575000	1.91975935e+01	
0.55733333	1.93355388e+01	
0.55891667	1.92243223e+01	
0.56050000	1.89093327e+01	
0.56208333	1.87014706e+01	
0.56366667	1.81414403e+01	
0.56525000	1.81143094e+01	
0.56683333	1.82758866e+01	
0.56841667	1.81109063e+01	
0.57000000	1.81069244e+01	
0.57158333	1.80615621e+01	
0.57316667	1.79518828e+01	
0.57475000	1.76986791e+01	
0.57633333	1.75396969e+01	
0.57791667	1.73169897e+01	
0.57950000	1.73673523e+01	
0.58108333	1.72495908e+01	
0.58266667	1.73304875e+01	
0.58425000	1.69443220e+01	
0.58583333	1.65382997e+01	
0.58741667	1.56883004e+01	
0.58900000	1.51609801e+01	
0.59058333	1.50483262e+01	
0.59216667	1.48832058e+01	
0.59375000	1.47225926e+01	
0.59533333	1.45211243e+01	
0.59691667	1.41294783e+01	
0.59850000	1.40158744e+01	
0.60008333	1.37417569e+01	
0.60166667	1.36712452e+01	
0.60325000	1.35766365e+01	
0.60483333	1.35006867e+01	
0.60641667	1.31145071e+01	
0.60800000	1.24736694e+01	
0.60958333	1.21695327e+01	
0.61116667	1.19161637e+01	
0.61275000	1.15597392e+01	
0.61433333	1.11441042e+01	
0.61591667	1.08243153e+01	
0.61750000	1.08779552e+01	
0.61908333	1.02906229e+01	
0.62066667	1.01316661e+01	
0.62225000	9.90941456e+00	
0.62383333	9.86907898e+00	
0.62541667	9.94199308e+00	
0.62700000	9.40349290e+00	
0.62858333	9.34635693e+00	
0.63016667	9.12152624e+00	
0.63175000	8.89928876e+00	
0.63333333	8.99002173e+00	
0.63491667	8.67038693e+00	
0.63650000	8.65406384e+00	
0.63808333	8.45959618e+00	
0.63966667	7.44785902e+00	
0.64125000	6.45830878e+00	
0.64283333	5.59864559e+00	
0.64441667	5.23880957e+00	
0.64600000	5.14765379e+00	
0.64758333	4.68413757e+00	
0.64916667	3.26651789e+00	
0.65075000	1.94642166e+00	
0.65233333	7.92268339e-01	
0.65391667	2.64856328e-01	
0.65550000	1.42192966e-02	
0.65708333	1.12008707e-03	
0.65866667	2.95716694e-04	
0.66025000	7.74099886e-05	
0.66183333	4.24460195e-05	
0.66341667	3.16082627e-05	
0.66500000	2.81450458e-05	
0.66658333	2.67951989e-05	
0.66816667	2.64281342e-05	
0.66975000	2.53202629e-05	
0.67133333	2.33380338e-05	
0.67291667	2.14228930e-05	
0.67450000	1.88821173e-05	
0.67608333	1.60920631e-05	
0.67766667	1.39260992e-05	
0.67925000	1.19171206e-05	
0.68083333	1.00789398e-05	
0.68241667	8.43340677e-06	
0.68400000	7.16187105e-06	
0.68558333	6.09891200e-06	
0.68716667	5.37140486e-06	
0.68875000	4.59454875e-06	
0.69033333	3.87171984e-06	
0.69191667	3.53914668e-06	
0.69350000	2.86207137e-06	
0.69508333	2.54200110e-06	
0.69666667	1.87331038e-06	
0.69825000	1.62047930e-06	
0.69983333	1.48707997e-06	
0.70141667	1.28658762e-06	
0.70300000	1.10980079e-06	
0.70458333	8.88713789e-07	
0.70616667	1.28113891e-06	
0.70775000	1.17912854e-06	
0.70933333	9.25158489e-07	
0.71091667	8.71012739e-07	
0.71250000	8.87998189e-07	
0.71408333	7.92974749e-07	
0.71566667	6.43160859e-07	
0.71725000	3.78059076e-07	
0.71883333	3.34111496e-07	
0.72041667	4.05323171e-07	
0.72200000	2.61083295e-07	
0.72358333	2.34853832e-07	
0.72516667	2.31829822e-07	
0.72675000	5.45778986e-07	
0.72833333	6.11744681e-07	
0.72991667	4.60332647e-07	
0.73150000	5.80494215e-07	
0.73308333	5.82318049e-07	
0.73466667	5.94830018e-07	
0.73625000	1.36574490e-07	
0.73783333	7.80484621e-08	
0.73941667	3.16955266e-07	
0.74100000	1.29150573e-07	
0.74258333	1.49813764e-07	
0.74416667	7.52745456e-08	
0.74575000	1.30239178e-07	
0.74733333	4.29910038e-07	
0.74891667	2.73312788e-07	
0.75050000	3.47636635e-07	
0.75208333	3.81211569e-07	
0.75366667	4.78576474e-07	
0.75525000	3.33894710e-07	
0.75683333	-9.12369139e-08	
0.75841667	1.56987616e-07	
0.76000000	1.51196774e-07	
0.76158333	1.14485132e-07	
0.76316667	-1.27249316e-07	
0.76475000	3.22360510e-08	
0.76633333	3.39814932e-07	
0.76791667	4.96327647e-07	
0.76950000	5.07994370e-07	
0.77108333	4.73554785e-07	
0.77266667	4.29565399e-07	
0.77425000	5.38546485e-07	
0.77583333	3.49114205e-07	
0.77741667	1.39399859e-07	
0.77900000	1.52363741e-07	
0.78058333	1.09514671e-07	
0.78216667	1.17958639e-07	
0.78375000	1.21466720e-07	
0.78533333	1.50497079e-07	
0.78691667	4.09816673e-07	
0.78850000	2.73615845e-07	
0.79008333	3.17043134e-07	
0.79166667	2.84132865e-07	
0.79325000	3.34888979e-07	
0.79483333	3.50920426e-07	
0.79641667	7.16264089e-08	
0.79800000	4.03162580e-08	
0.79958333	-8.91887270e-09	
0.80116667	5.69528230e-08	
0.80275000	-3.11558675e-08	
0.80433333	-7.72103355e-08	
0.80591667	2.84461040e-07	
0.80750000	3.58784075e-07	
0.80908333	3.70711210e-07	
0.81066667	4.28268269e-07	
0.81225000	4.67503517e-07	
0.81383333	5.73806059e-07	
0.81541667	3.52830840e-07	
0.81700000	3.10086894e-08	
0.81858333	-5.71253388e-08	
0.82016667	5.65898602e-08	
0.82175000	4.12839534e-08	
0.82333333	-5.63910163e-08	
0.82491667	1.98876908e-07	
0.82650000	2.71127206e-07	
0.82808333	3.65958165e-07	
0.82966667	3.49407826e-07	
0.83125000	3.05073017e-07	
0.83283333	3.24250517e-07	
0.83441667	3.58654737e-07	
0.83600000	-1.31794957e-08	
0.83758333	-3.73358603e-08	
0.83916667	-1.26791425e-07	
0.84075000	-3.73782892e-08	
0.84233333	-4.17424600e-08	
0.84391667	-5.53541158e-08	
0.84550000	2.53659798e-07	
0.84708333	5.11365497e-07	
0.84866667	6.04226344e-07	
0.85025000	4.06100850e-07	
0.85183333	4.70270069e-07	
0.85341667	6.58889333e-07	
0.85500000	3.48759485e-07	
0.85658333	7.53773102e-08	
0.85816667	-1.28425019e-07	
0.85975000	-1.30611399e-07	
0.86133333	-1.89326547e-07	
0.86291667	-2.07562477e-07	
0.86450000	-6.45065855e-08	
0.86608333	7.15153209e-08	
0.86766667	3.24250097e-07	
0.86925000	4.57436506e-07	
0.87083333	4.19021554e-07	
0.87241667	5.55223081e-07	
0.87400000	3.90053778e-07	
0.87558333	3.60168009e-07	
0.87716667	4.69100919e-08	
0.87875000	-8.38994996e-08	
0.88033333	5.20174791e-08	
0.88191667	-2.32482059e-08	
0.88350000	1.08979472e-08	
0.88508333	4.67291311e-10	
0.88666667	1.52458819e-07	
0.88825000	4.15132179e-07	
0.88983333	3.06974274e-07	
0.89141667	3.96248888e-07	
0.89300000	5.01079740e-07	
0.89458333	3.06369447e-07	
0.89616667	1.17059141e-07	
0.89775000	5.38068504e-08	
0.89933333	1.36505341e-07	
0.90091667	1.85307919e-07	
0.90250000	1.63917885e-07	
0.90408333	2.48777695e-07	
0.90566667	5.99819898e-07	
0.90725000	7.01193519e-07	
0.90883333	7.61601414e-07	
0.91041667	4.80165713e-07	
0.91200000	6.70857910e-07	
0.91358333	6.39702984e-07	
0.91516667	5.96405649e-07	
0.91675000	4.16775741e-07	
0.91833333	1.81098518e-07	
0.91991667	2.71151987e-07	
0.92150000	8.17825066e-08	
0.92308333	1.29072226e-07	
0.92466667	1.91850860e-07	
0.92625000	3.84452295e-07	
0.92783333	5.29946235e-07	
0.92941667	5.39322232e-07	
0.93100000	4.08218277e-07	
0.93258333	4.93388243e-07	
0.93416667	5.81859948e-07	
0.93575000	3.86371725e-07	
0.93733333	1.96474358e-07	
0.93891667	2.96388119e-07	
0.94050000	3.98849421e-07	
0.94208333	2.72750831e-07	
0.94366667	2.55292439e-07	
0.94525000	1.87649930e-07	
0.94683333	5.02333692e-07	
0.94841667	6.02280033e-07	
0.95000000	5.20957608e-07	
0.95158333	5.60108068e-07	
0.95316667	5.49522025e-07	
0.95475000	6.37284851e-07	
0.95633333	3.72113317e-07	
0.95791667	1.91607852e-07	
0.95950000	2.49373450e-07	
0.96108333	1.33375949e-07	
0.96266667	1.59580266e-07	
0.96425000	5.56995323e-08	
0.96583333	1.52432568e-07	
0.96741667	6.33783238e-07	
0.96900000	6.29159615e-07	
0.97058333	6.78723911e-07	
0.97216667	6.88834717e-07	
0.97375000	5.23411694e-07	
0.97533333	4.16947081e-07	
0.97691667	3.41690848e-07	
0.97850000	3.70667500e-07	
0.98008333	3.40549937e-07	
0.98166667	4.02471355e-07	
0.98325000	2.55423877e-07	
0.98483333	4.22228146e-07	
0.98641667	5.78646580e-07	
0.98800000	5.83657797e-07	
0.98958333	4.78999125e-07	
0.99116667	6.45535478e-07	
0.99275000	7.44965419e-07	
0.99433333	8.12246782e-07	
0.99591667	2.54723174e-07	
0.99750000	1.26782129e-07	
0.99908333	1.74833629e-07	
1.00066667	1.46314069e-07	
1.00225000	2.13119747e-07	
1.00383333	9.05887338e-08	
1.00541667	2.96827431e-07	
1.00700000	4.82153803e-07	
1.00858333	4.92784312e-07	
1.01016667	4.88203474e-07	
1.01175000	4.38034967e-07	
1.01333333	5.41137609e-07	
1.01491667	5.72553395e-07	
1.01650000	3.08183704e-07	
1.01808333	1.98375853e-07	
1.01966667	1.88747803e-07	
1.02125000	3.83069929e-07	
1.02283333	3.27440028e-07	
1.02441667	3.59649258e-07	
1.02600000	4.25417013e-07	
1.02758333	4.70790613e-07	
1.02916667	5.48137419e-07	
1.03075000	5.03803422e-07	
1.03233333	5.35995963e-07	
1.03391667	6.02455041e-07	
1.03550000	4.78168664e-07	
1.03708333	2.74480048e-07	
1.03866667	1.01288525e-07	
1.04025000	1.79932882e-07	
1.04183333	2.14025741e-07	
1.04341667	-1.85120822e-08	
1.04500000	2.10526172e-07	
1.04658333	5.03802918e-07	
1.04816667	5.92818632e-07	
1.04975000	6.07295506e-07	
1.05133333	4.66726874e-07	
1.05291667	6.78869181e-07	
1.05450000	6.81747935e-07	
1.05608333	4.50738885e-07	
1.05766667	2.59440349e-07	
1.05925000	2.18908825e-07	
1.06083333	4.57436954e-07	
1.06241667	2.31181411e-07	
1.06400000	2.71152183e-07	
1.06558333	6.44887473e-07	
1.06716667	6.15936750e-07	
1.06875000	5.70217978e-07	
1.07033333	4.06921483e-07	
1.07191667	4.06862960e-07	
1.07350000	6.11380497e-07	
1.07508333	5.64262783e-07	
1.07666667	4.68499158e-07	
1.07825000	1.49165423e-07	
1.07983333	1.69112440e-07	
1.08141667	1.89784676e-07	
1.08300000	7.22934269e-08	
1.08458333	2.09549727e-07	
1.08616667	4.04330023e-07	
1.08775000	4.96759818e-07	
1.08933333	4.97579695e-07	
1.09091667	5.06526040e-07	
1.09250000	4.67201832e-07	
1.09408333	5.16811518e-07	
1.09566667	2.81133679e-07	
1.09725000	1.16799793e-07	
1.09883333	2.64102513e-08	
1.10041667	2.21588433e-07	
1.10200000	8.82376713e-08	
1.10358333	1.86423755e-07	
1.10516667	2.97812655e-07	
1.10675000	5.43150452e-07	
1.10833333	6.63770568e-07	
1.10991667	4.70875401e-07	
1.11150000	5.40273434e-07	
1.11308333	8.23179761e-07	
1.11466667	7.35649177e-07	
1.11625000	6.15451936e-07	
1.11783333	1.60020992e-07	
1.11941667	2.80010240e-07	
1.12100000	2.70504122e-07	
1.12258333	1.62432054e-07	
1.12416667	1.29374919e-07	
1.12575000	1.33783451e-07	
1.12733333	2.29409632e-07	
1.12891667	2.75663325e-07	
1.13050000	4.55837718e-07	
1.13208333	5.49693113e-07	
1.13366667	5.66115066e-07	
1.13525000	5.90969653e-07	
1.13683333	3.90027569e-07	
1.13841667	1.23930201e-07	
1.14000000	1.80943601e-07	
1.14158333	2.31008742e-07	
1.14316667	1.87970628e-07	
1.14475000	3.22877112e-07	
1.14633333	4.51180101e-07	
1.14791667	5.93899537e-07	
1.14950000	5.43384654e-07	
1.15108333	6.74271207e-07	
1.15266667	5.31416301e-07	
1.15425000	6.07899829e-07	
1.15583333	1.84746508e-07	
1.15741667	1.39650246e-07	
1.15900000	2.54039859e-07	
1.16058333	3.32124163e-07	
1.16216667	3.04477066e-07	
1.16375000	2.60202964e-07	
1.16533333	2.30472223e-07	
1.16691667	4.12843917e-07	
1.16850000	5.73156878e-07	
1.17008333	6.37887831e-07	
1.17166667	5.06395554e-07	
1.17325000	5.40230257e-07	
1.17483333	5.19488886e-07	
1.17641667	3.49753278e-07	
1.17800000	1.08504736e-07	
1.17958333	2.41638214e-07	
1.18116667	1.84425921e-07	
1.18275000	2.23576998e-07	
1.18433333	1.62388008e-07	
1.18591667	1.92852451e-07	
1.18750000	3.60902762e-07	
1.18908333	4.64005320e-07	
1.19066667	7.07501754e-07	
1.19225000	5.07519693e-07	
1.19383333	5.00345211e-07	
1.19541667	3.95298497e-07	
1.19700000	1.03370474e-07	
1.19858333	1.57592149e-07	
1.20016667	1.04554318e-07	
1.20175000	1.52968218e-07	
1.20333333	1.63140430e-07	
1.20491667	2.56392581e-07	
1.20650000	3.95947090e-07	
1.20808333	5.38457609e-07	
1.20966667	6.15806768e-07	
1.21125000	5.76139236e-07	
1.21283333	6.31882401e-07	
1.21441667	7.68128338e-07	
1.21600000	2.81781880e-07	
1.21758333	2.36236296e-07	
1.21916667	1.44628016e-07	
1.22075000	2.34076335e-07	
1.22233333	2.01192738e-07	
1.22391667	9.95328741e-08	
1.22550000	6.65454129e-08	
1.22708333	2.06768418e-07	
1.22866667	3.54248627e-07	
1.23025000	5.14648365e-07	
1.23183333	3.58585434e-07	
1.23341667	5.15469417e-07	
1.23500000	4.23645541e-07	
1.23658333	4.62275571e-07	
1.23816667	1.18174543e-07	
1.23975000	2.18044496e-07	
1.24133333	2.77660095e-07	
1.24291667	2.02921031e-07	
1.24450000	2.15781882e-07	
1.24608333	4.84314828e-07	
1.24766667	5.20049527e-07	
1.24925000	4.75368874e-07	
1.25083333	4.19151116e-07	
1.25241667	5.16127167e-07	
1.25400000	6.20733029e-07	
1.25558333	4.10940923e-07	
1.25716667	3.61637291e-07	
1.25875000	1.95618458e-07	
1.26033333	2.13852876e-07	
1.26191667	1.80580439e-07	
1.26350000	2.73788165e-07	
1.26508333	3.19810246e-07	
1.26666667	5.55304005e-07	
1.26825000	5.59329074e-07	
1.26983333	6.14597841e-07	
1.27141667	4.76536135e-07	
1.27300000	5.88239363e-07	
1.27458333	5.10544725e-07	
1.27616667	3.70469755e-07	
1.27775000	3.35752873e-07	
1.27933333	3.16438111e-07	
1.28091667	3.17517587e-07	
1.28250000	1.89292176e-07	
1.28408333	1.69130403e-07	
1.28566667	2.29867046e-07	
1.28725000	1.95100560e-07	
1.28883333	6.18270542e-07	
1.29041667	5.36514994e-07	
1.29200000	5.94117667e-07	
1.29358333	6.80235363e-07	
1.29516667	5.91693990e-07	
1.29675000	3.16914076e-07	
1.29833333	1.96361821e-07	
1.29991667	8.95691240e-08	
1.30150000	1.72629160e-07	
1.30308333	1.72240713e-07	
1.30466667	9.15909548e-08	
1.30625000	2.27950220e-07	
1.30783333	6.62130142e-07	
1.30941667	6.07898765e-07	
1.31100000	5.29200282e-07	
1.31258333	5.60972411e-07	
1.31416667	5.28003172e-07	
1.31575000	4.72949734e-07	
1.31733333	3.22244955e-07	
1.31891667	2.51705898e-07	
1.32050000	3.39901316e-07	
1.32208333	2.46952881e-07	
1.32366667	1.78722821e-07	
1.32525000	2.54083149e-07	
1.32683333	3.59830846e-07	
1.32841667	5.66545333e-07	
1.33000000	5.15858075e-07	
1.33158333	5.54360139e-07	
1.33316667	6.18917483e-07	
1.33475000	5.61403015e-07	
1.33633333	3.38389220e-07	
1.33791667	-1.03281882e-08	
1.33950000	1.69199020e-07	
1.34108333	1.45104485e-07	
1.34266667	1.51819200e-07	
1.34425000	1.54402330e-07	
1.34583333	3.96033558e-07	
1.34741667	5.95903027e-07	
1.34900000	5.54602461e-07	
1.35058333	6.24882143e-07	
1.35216667	5.95153097e-07	
1.35375000	5.19271820e-07	
1.35533333	6.31581724e-07	
1.35691667	1.67963437e-07	
1.35850000	2.16549439e-07	
1.36008333	1.95990090e-07	
1.36166667	1.05643364e-07	
1.36325000	2.22469898e-07	
1.36483333	4.29780085e-08	
1.36641667	1.42460270e-07	
1.36800000	4.32418727e-07	
1.36958333	4.62752096e-07	
1.37116667	5.23289664e-07	
1.37275000	3.89811987e-07	
1.37433333	7.03050506e-07	
1.37591667	3.81643741e-07	
1.37750000	3.37869880e-07	
1.37908333	2.96516729e-07	
1.38066667	1.91253846e-07	
1.38225000	3.65743395e-07	
1.38383333	2.81721985e-07	
1.38541667	1.41820624e-07	
1.38700000	3.38864737e-07	
1.38858333	3.82896181e-07	
@ 
0.00000000	4.98617533e-07	
0.00158333	3.74253565e-07	
0.00316667	4.25201459e-07	
0.00475000	5.44637430e-07	
0.00633333	6.17958216e-07	
0.00791667	3.46599412e-07	
0.00950000	3.34673033e-07	
0.01108333	2.28139313e-07	
0.01266667	2.50039207e-07	
0.01425000	1.96526440e-07	
0.01583333	2.14769329e-07	
0.01741667	4.48361018e-07	
0.01900000	5.02377318e-07	
0.02058333	6.57031786e-07	
0.02216667	5.66071776e-07	
0.02375000	5.49607597e-07	
0.02533333	4.80295863e-07	
0.02691667	8.85759055e-08	
0.02850000	8.70450208e-08	
0.03008333	2.38607807e-08	
0.03166667	8.13064013e-08	
0.03325000	5.62092462e-08	
0.03483333	2.36227924e-07	
0.03641667	4.68714488e-07	
0.03800000	5.46097584e-07	
0.03958333	6.77988262e-07	
0.04116667	5.33143531e-07	
0.04275000	5.77263486e-07	
0.04433333	7.46867264e-07	
0.04591667	4.84704773e-07	
0.04750000	2.85419355e-07	
0.04908333	1.64808353e-07	
0.05066667	1.68792470e-07	
0.05225000	1.84807214e-07	
0.05383333	2.28501803e-07	
0.05541667	3.38570836e-07	
0.05700000	3.35132254e-07	
0.05858333	4.79215799e-07	
0.06016667	4.99006359e-07	
0.06175000	4.79301035e-07	
0.06333333	6.17924167e-07	
0.06491667	5.41137329e-07	
0.06650000	2.25727453e-07	
0.06808333	3.43894687e-07	
0.06966667	2.23058079e-07	
0.07125000	3.18511576e-07	
0.07283333	1.30714513e-07	
0.07441667	6.24924621e-08	
0.07600000	2.71662002e-07	
0.07758333	3.70754780e-07	
0.07916667	5.40359678e-07	
0.08075000	4.11157065e-07	
0.08233333	4.75499472e-07	
0.08391667	5.83355888e-07	
0.08550000	3.02091135e-07	
0.08708333	3.08141255e-07	
0.08866667	2.38051534e-07	
0.09025000	2.47688726e-07	
0.09183333	3.16955798e-07	
0.09341667	1.86406170e-07	
0.09500000	2.84546752e-07	
0.09658333	4.41015393e-07	
0.09816667	6.41174170e-07	
0.09975000	6.76173108e-07	
0.10133333	5.42607451e-07	
0.10291667	5.74021725e-07	
0.10450000	4.19712345e-07	
0.10608333	3.44957867e-07	
0.10766667	5.73493208e-08	
0.10925000	1.54956265e-07	
0.11083333	3.18468090e-07	
0.11241667	2.87080278e-07	
0.11400000	3.02437203e-07	
0.11558333	1.99464094e-07	
0.11716667	5.01642453e-07	
0.11875000	4.34404072e-07	
0.12033333	3.50618349e-07	
0.12191667	5.43816489e-07	
0.12350000	5.38544021e-07	
0.12508333	5.07649619e-07	
0.12666667	3.22358612e-07	
0.12825000	2.65924135e-08	
0.12983333	1.07829961e-07	
0.13141667	8.81517074e-08	
0.13300000	2.43064654e-07	
0.13458333	2.35414627e-07	
0.13616667	4.58611578e-07	
0.13775000	5.24803244e-07	
0.13933333	5.22988035e-07	
0.14091667	4.70140816e-07	
0.14250000	4.59139290e-07	
0.14408333	5.75662150e-07	
0.14566667	6.93675798e-07	
0.14725000	1.20672759e-07	
0.14883333	2.02187034e-07	
0.15041667	2.41594365e-07	
0.15200000	1.58205349e-07	
0.15358333	1.83994576e-07	
0.15516667	6.50762220e-08	
0.15675000	3.93613578e-07	
0.15833333	6.12695884e-07	
0.15991667	4.89845636e-07	
0.16150000	6.18184578e-07	
0.16308333	6.00985647e-07	
0.16466667	7.37102554e-07	
0.16625000	6.56037405e-07	
0.16783333	2.86535009e-07	
0.16941667	3.28234676e-07	
0.17100000	2.57021797e-07	
0.17258333	3.36427340e-07	
0.17416667	2.18909609e-07	
0.17575000	1.88738913e-07	
0.17733333	3.99584874e-07	
0.17891667	3.90502218e-07	
0.18050000	5.77478704e-07	
0.18208333	5.90009658e-07	
0.18366667	6.70374888e-07	
0.18525000	6.35036183e-07	
0.18683333	-8.03477083e-08	
0.18841667	3.12419118e-07	
0.19000000	1.94062568e-07	
0.19158333	1.56554745e-07	
0.19316667	2.23023329e-07	
0.19475000	8.75118017e-08	
0.19633333	2.90968868e-07	
0.19791667	4.65059148e-07	
0.19950000	5.02118586e-07	
0.20108333	4.67116372e-07	
0.20266667	4.55552553e-07	
0.20425000	4.77357803e-07	
0.20583333	3.30308617e-07	
0.20741667	1.17578256e-07	
0.20900000	2.20810810e-07	
0.21058333	1.96525964e-07	
0.21216667	2.90250132e-07	
0.21375000	2.47489805e-07	
0.21533333	3.87909330e-07	
0.21691667	5.99730966e-07	
0.21850000	4.47110258e-07	
0.22008333	6.43938286e-07	
0.22166667	4.40022888e-07	
0.22325000	4.83104949e-07	
0.22483333	5.91607690e-07	
0.22641667	1.51715162e-07	
0.22800000	1.94157688e-07	
0.22958333	1.77642169e-07	
0.23116667	2.72707373e-07	
0.23275000	2.51835656e-07	
0.23433333	7.77290028e-08	
0.23591667	1.58861698e-07	
0.23750000	3.86094120e-07	
0.23908333	5.58509533e-07	
0.24066667	5.74323578e-07	
0.24225000	5.55872542e-07	
0.24383333	6.00251902e-07	
0.24541667	4.63053950e-07	
0.24700000	5.73132853e-07	
0.24858333	2.45613105e-07	
0.25016667	2.09532688e-07	
0.25175000	3.65309096e-07	
0.25333333	2.10370387e-07	
0.25491667	2.22081325e-07	
0.25650000	3.46339785e-07	
0.25808333	3.29919344e-07	
0.25966667	4.77616535e-07	
0.26125000	4.08305949e-07	
0.26283333	5.18148522e-07	
0.26441667	4.88202578e-07	
0.26600000	4.43091518e-07	
0.26758333	2.98894736e-07	
0.26916667	3.79047128e-08	
0.27075000	1.77772081e-07	
0.27233333	2.24000475e-07	
0.27391667	1.75525176e-07	
0.27550000	2.28458961e-07	
0.27708333	3.59908885e-07	
0.27866667	5.67298343e-07	
0.28025000	5.98738154e-07	
0.28183333	5.59459447e-07	
0.28341667	6.32139677e-07	
0.28500000	3.97978050e-07	
0.28658333	2.74298152e-07	
0.28816667	1.33912943e-07	
0.28975000	8.57224934e-08	
0.29133333	2.55941256e-07	
0.29291667	1.25589961e-07	
0.29450000	2.12729941e-07	
0.29608333	4.37816333e-07	
0.29766667	5.57211450e-07	
0.29925000	7.26471877e-07	
0.30083333	6.57594163e-07	
0.30241667	7.18779708e-07	
0.30400000	6.64359322e-07	
0.30558333	4.81678789e-07	
0.30716667	4.49745512e-07	
0.30875000	5.46192613e-08	
0.31033333	2.99541677e-07	
0.31191667	3.35494058e-07	
0.31350000	1.67488451e-07	
0.31508333	2.35207950e-07	
0.31666667	1.45140299e-07	
0.31825000	6.72069244e-07	
0.31983333	5.84954255e-07	
0.32141667	6.81185165e-07	
0.32300000	7.92108222e-07	
0.32458333	7.43541835e-07	
0.32616667	4.88330656e-07	
0.32775000	3.08236627e-07	
0.32933333	1.63166107e-07	
0.33091667	1.88877407e-07	
0.33250000	1.27845491e-07	
0.33408333	1.92549002e-07	
0.33566667	1.80606648e-07	
0.33725000	5.16464190e-07	
0.33883333	5.56476978e-07	
0.34041667	4.82974687e-07	
0.34200000	6.09715206e-07	
0.34358333	6.71592439e-07	
0.34516667	6.28520066e-07	
0.34675000	5.53886189e-07	
0.34833333	3.31778151e-07	
0.34991667	4.40930017e-07	
0.35150000	4.17335906e-07	
0.35308333	4.79863972e-07	
0.35466667	6.16368081e-07	
0.35625000	5.43928886e-07	
0.35783333	8.41856823e-07	
0.35941667	7.49460181e-07	
0.36100000	7.74135896e-07	
0.36258333	8.40463816e-07	
0.36416667	1.02730125e-06	
0.36575000	1.06753973e-06	
0.36733333	8.90113516e-07	
0.36891667	6.88530455e-07	
0.37050000	6.93847893e-07	
0.37208333	6.20430839e-07	
0.37366667	6.15158707e-07	
0.37525000	4.51906005e-07	
0.37683333	8.25339442e-07	
0.37841667	1.02251034e-06	
0.38000000	1.00268053e-06	
0.38158333	1.00531690e-06	
0.38316667	8.65916566e-07	
0.38475000	9.41606539e-07	
0.38633333	1.05146734e-06	
0.38791667	5.00433303e-07	
0.38950000	7.51145128e-07	
0.39108333	6.49210867e-07	
0.39266667	6.86286042e-07	
0.39425000	6.46659672e-07	
0.39583333	5.82240486e-07	
0.39741667	8.95949370e-07	
0.39900000	1.00678428e-06	
0.40058333	9.61888409e-07	
0.40216667	8.77107604e-07	
0.40375000	8.96333547e-07	
0.40533333	1.00876117e-06	
0.40691667	8.75937096e-07	
0.40850000	6.15289304e-07	
0.41008333	4.70616725e-07	
0.41166667	6.41172042e-07	
0.41325000	6.77643230e-07	
0.41483333	4.05843154e-07	
0.41641667	5.14132526e-07	
0.41800000	5.69873563e-07	
0.41958333	7.87093925e-07	
0.42116667	8.53816719e-07	
0.42275000	9.36980283e-07	
0.42433333	9.86469480e-07	
0.42591667	8.85005975e-07	
0.42750000	6.48484738e-07	
0.42908333	6.16843038e-07	
0.43066667	6.18140728e-07	
0.43225000	7.33687801e-07	
0.43383333	6.61311162e-07	
0.43541667	6.32617378e-07	
0.43700000	7.63199333e-07	
0.43858333	7.60091698e-07	
0.44016667	9.23691055e-07	
0.44175000	8.70208879e-07	
0.44333333	9.52986697e-07	
0.44491667	1.05630697e-06	
0.44650000	8.28365705e-07	
0.44808333	6.95273381e-07	
0.44966667	6.62864727e-07	
0.45125000	7.14761024e-07	
0.45283333	6.08892697e-07	
0.45441667	5.28700571e-07	
0.45600000	6.76837018e-07	
0.45758333	8.35496001e-07	
0.45916667	1.08404770e-06	
0.46075000	9.26588121e-07	
0.46233333	9.37086128e-07	
0.46391667	1.08472208e-06	
0.46550000	1.04204604e-06	
0.46708333	8.31044922e-07	
0.46866667	6.02583734e-07	
0.47025000	6.09369951e-07	
0.47183333	7.98029648e-07	
0.47341667	7.15368427e-07	
0.47500000	6.54396475e-07	
0.47658333	8.32207814e-07	
0.47816667	7.25693834e-07	
0.47975000	8.59951011e-07	
0.48133333	6.96179726e-07	
0.48291667	9.32804848e-07	
0.48450000	9.26974426e-07	
0.48608333	9.44601105e-07	
0.48766667	7.33841864e-07	
0.48925000	4.97925846e-07	
0.49083333	6.40566991e-07	
0.49241667	5.50601418e-07	
0.49400000	5.69269352e-07	
0.49558333	5.96274155e-07	
0.49716667	7.28157777e-07	
0.49875000	7.38354379e-07	
0.50033333	8.24131019e-07	
0.50191667	9.57998586e-07	
0.50350000	1.09692279e-06	
0.50508333	1.01590149e-06	
0.50666667	9.61043219e-07	
0.50825000	6.62777867e-07	
0.50983333	6.57377265e-07	
0.51141667	8.15230092e-07	
0.51300000	5.92083375e-07	
0.51458333	5.95627886e-07	
0.51616667	5.57169225e-07	
0.51775000	9.45511370e-07	
0.51933333	1.13371453e-06	
0.52091667	9.59033737e-07	
0.52250000	1.16251988e-06	
0.52408333	1.03050448e-06	
0.52566667	8.70626546e-07	
0.52725000	8.43998191e-07	
0.52883333	5.36384172e-07	
0.53041667	6.97649904e-07	
0.53200000	7.37533886e-07	
0.53358333	6.66797672e-07	
0.53516667	6.48343836e-07	
0.53675000	8.24519005e-07	
0.53833333	1.02432863e-06	
0.53991667	9.60504251e-07	
0.54150000	8.56021930e-07	
0.54308333	8.08096884e-07	
0.54466667	9.37992976e-07	
0.54625000	8.93399744e-07	
0.54783333	6.72536641e-07	
0.54941667	6.26435205e-07	
0.55100000	4.96888792e-07	
0.55258333	5.16247180e-07	
0.55416667	5.89231279e-07	
0.55575000	5.30983738e-07	
0.55733333	9.30214619e-07	
0.55891667	1.05342866e-06	
0.56050000	9.65952511e-07	
0.56208333	9.99695705e-07	
0.56366667	1.02937670e-06	
0.56525000	1.12986694e-06	
0.56683333	8.64184353e-07	
0.56841667	9.21530198e-07	
0.57000000	9.67683213e-07	
0.57158333	1.04895977e-06	
0.57316667	1.18592825e-06	
0.57475000	1.04217787e-06	
0.57633333	1.30781638e-06	
0.57791667	1.48960188e-06	
0.57950000	1.46835968e-06	
0.58108333	1.59916206e-06	
0.58266667	1.53638940e-06	
0.58425000	1.79542947e-06	
0.58583333	2.19239892e-06	
0.58741667	1.83926947e-06	
0.58900000	2.39766672e-06	
0.59058333	3.13145309e-06	
0.59216667	4.34016204e-06	
0.59375000	5.67094662e-06	
0.59533333	7.01576901e-06	
0.59691667	8.39625246e-06	
0.59850000	9.95624681e-06	
0.60008333	1.14243764e-05	
0.60166667	1.32538468e-05	
0.60325000	1.59289623e-05	
0.60483333	2.00399661e-05	
0.60641667	2.50546605e-05	
0.60800000	3.05809383e-05	
0.60958333	3.71315907e-05	
0.61116667	4.68333012e-05	
0.61275000	6.65131290e-05	
0.61433333	9.97785356e-05	
0.61591667	1.53355288e-04	
0.61750000	2.06950306e-04	
0.61908333	2.38338050e-04	
0.62066667	2.75354159e-04	
0.62225000	3.28800993e-04	
0.62383333	3.49841508e-04	
0.62541667	3.58962739e-04	
0.62700000	4.12479392e-04	
0.62858333	5.01542004e-04	
0.63016667	6.79262188e-04	
0.63175000	8.33509044e-04	
0.63333333	1.85596667e-03	
0.63491667	2.45923783e-03	
0.63650000	5.61916453e-03	
0.63808333	6.00949880e-03	
0.63966667	2.16367208e-02	
0.64125000	3.25881105e-02	
0.64283333	3.19887847e-02	
0.64441667	3.09953328e-02	
0.64600000	4.85381579e-02	
0.64758333	5.69365406e-02	
0.64916667	7.53337323e-02	
0.65075000	7.58647267e-02	
0.65233333	7.76453883e-02	
0.65391667	8.08905254e-02	
0.65550000	1.29653977e-01	
0.65708333	1.70043831e-01	
0.65866667	1.76752701e-01	
0.66025000	1.58554962e-01	
0.66183333	1.61116557e-01	
0.66341667	1.72936477e-01	
0.66500000	1.97888905e-01	
0.66658333	2.03134210e-01	
0.66816667	2.40843789e-01	
0.66975000	2.61082942e-01	
0.67133333	2.80658365e-01	
0.67291667	2.84430018e-01	
0.67450000	2.70499304e-01	
0.67608333	2.67901639e-01	
0.67766667	2.89607469e-01	
0.67925000	3.68124026e-01	
0.68083333	3.85147305e+00	
0.68241667	1.69436511e+01	
0.68400000	2.17612527e+01	
0.68558333	2.55055764e+01	
0.68716667	2.79264215e+01	
0.68875000	2.91306335e+01	
0.69033333	3.02623354e+01	
0.69191667	3.08606475e+01	
