start voltage : 0.00 V 
set voltage : 0.10 V 
High G : 30.00 G0 
Intermediate G : 20.00 G0 
Low G : 10.00 G0 
Breaking speed 1 : 300.00 V/s 
Breaking speed 2 : 300.00 V/s 
Making speed : 500.00 V/s 
Post breaking : 230.00 V/s 
@ 
0.00000000	5.19498284e+01	
0.00158333	5.26318671e+01	
0.00316667	5.26388386e+01	
0.00475000	5.25635305e+01	
0.00633333	5.28070210e+01	
0.00791667	5.27848059e+01	
0.00950000	5.25876285e+01	
0.01108333	5.28813670e+01	
0.01266667	5.27800592e+01	
0.01425000	5.27847082e+01	
0.01583333	5.26736214e+01	
0.01741667	5.26073143e+01	
0.01900000	5.28329643e+01	
0.02058333	5.26342536e+01	
0.02216667	5.25922963e+01	
0.02375000	5.24982457e+01	
0.02533333	5.27300931e+01	
0.02691667	5.27417700e+01	
0.02850000	5.24567657e+01	
0.03008333	5.23796010e+01	
0.03166667	5.27062770e+01	
0.03325000	5.27262371e+01	
0.03483333	5.26122564e+01	
0.03641667	5.24881247e+01	
0.03800000	5.26174128e+01	
0.03958333	5.25088252e+01	
0.04116667	5.23164133e+01	
0.04275000	5.26223436e+01	
0.04433333	5.23807924e+01	
0.04591667	5.26284997e+01	
0.04750000	5.27178524e+01	
0.04908333	5.23673942e+01	
0.05066667	5.27119331e+01	
0.05225000	5.25085621e+01	
0.05383333	5.26284884e+01	
0.05541667	5.25249482e+01	
0.05700000	5.25186343e+01	
0.05858333	5.26046572e+01	
0.06016667	5.24531165e+01	
0.06175000	5.25222272e+01	
0.06333333	5.24555030e+01	
0.06491667	5.23223739e+01	
0.06650000	5.24782179e+01	
0.06808333	5.22532256e+01	
0.06966667	5.23679354e+01	
0.07125000	5.22272523e+01	
0.07283333	5.23370988e+01	
0.07441667	5.22627942e+01	
0.07600000	5.21758880e+01	
0.07758333	5.22871891e+01	
0.07916667	5.21106897e+01	
0.08075000	5.22816419e+01	
0.08233333	5.23389592e+01	
0.08391667	5.20087016e+01	
0.08550000	5.23832616e+01	
0.08708333	5.20734265e+01	
0.08866667	5.21736293e+01	
0.09025000	5.24310667e+01	
0.09183333	5.22112345e+01	
0.09341667	5.23630271e+01	
0.09500000	5.21246817e+01	
0.09658333	5.22435894e+01	
0.09816667	5.22774552e+01	
0.09975000	5.20555183e+01	
0.10133333	5.21122155e+01	
0.10291667	5.18785980e+01	
0.10450000	5.18920902e+01	
0.10608333	5.19684243e+01	
0.10766667	5.16342770e+01	
0.10925000	5.16073114e+01	
0.11083333	5.15589951e+01	
0.11241667	5.14972769e+01	
0.11400000	5.16068905e+01	
0.11558333	5.14638434e+01	
0.11716667	5.15034442e+01	
0.11875000	5.13671695e+01	
0.12033333	5.16262831e+01	
0.12191667	5.17628434e+01	
0.12350000	5.11865248e+01	
0.12508333	5.14446800e+01	
0.12666667	5.11872050e+01	
0.12825000	5.08585184e+01	
0.12983333	5.05611608e+01	
0.13141667	5.02684445e+01	
0.13300000	5.05972063e+01	
0.13458333	5.03890510e+01	
0.13616667	5.04119802e+01	
0.13775000	5.00667497e+01	
0.13933333	4.96159233e+01	
0.14091667	4.97035735e+01	
0.14250000	4.93838316e+01	
0.14408333	4.96789607e+01	
0.14566667	4.93724929e+01	
0.14725000	4.92706289e+01	
0.14883333	4.93486580e+01	
0.15041667	4.93447494e+01	
0.15200000	4.93940917e+01	
0.15358333	4.88305361e+01	
0.15516667	4.88188479e+01	
0.15675000	4.87502783e+01	
0.15833333	4.86953889e+01	
0.15991667	4.89093695e+01	
0.16150000	4.82898270e+01	
0.16308333	4.81109336e+01	
0.16466667	4.80236479e+01	
0.16625000	4.83450735e+01	
0.16783333	4.84914654e+01	
0.16941667	4.82668940e+01	
0.17100000	4.79855278e+01	
0.17258333	4.80158307e+01	
0.17416667	4.79977046e+01	
0.17575000	4.77280415e+01	
0.17733333	4.73170076e+01	
0.17891667	4.69457474e+01	
0.18050000	4.71579503e+01	
0.18208333	4.70357015e+01	
0.18366667	4.72809583e+01	
0.18525000	4.69452889e+01	
0.18683333	4.68645576e+01	
0.18841667	4.69282451e+01	
0.19000000	4.68342321e+01	
0.19158333	4.68655423e+01	
0.19316667	4.66782454e+01	
0.19475000	4.68273808e+01	
0.19633333	4.65705034e+01	
0.19791667	4.63858523e+01	
0.19950000	4.62969656e+01	
0.20108333	4.61697483e+01	
0.20266667	4.60143629e+01	
0.20425000	4.58503973e+01	
0.20583333	4.55952299e+01	
0.20741667	4.57762993e+01	
0.20900000	4.55151638e+01	
0.21058333	4.57518856e+01	
0.21216667	4.56201134e+01	
0.21375000	4.52627024e+01	
0.21533333	4.51137210e+01	
0.21691667	4.47130260e+01	
0.21850000	4.45803292e+01	
0.22008333	4.43479933e+01	
0.22166667	4.43117260e+01	
0.22325000	4.41994779e+01	
0.22483333	4.36861891e+01	
0.22641667	4.38019136e+01	
0.22800000	4.33531993e+01	
0.22958333	4.30955063e+01	
0.23116667	4.30572547e+01	
0.23275000	4.28372572e+01	
0.23433333	4.25744605e+01	
0.23591667	4.17500963e+01	
0.23750000	4.15026822e+01	
0.23908333	4.16828760e+01	
0.24066667	4.15991118e+01	
0.24225000	4.15364014e+01	
0.24383333	4.12175539e+01	
0.24541667	4.10337334e+01	
0.24700000	4.13020811e+01	
0.24858333	4.09106127e+01	
0.25016667	4.11360560e+01	
0.25175000	4.08197078e+01	
0.25333333	4.03960912e+01	
0.25491667	4.06132174e+01	
0.25650000	4.04988534e+01	
0.25808333	4.02871917e+01	
0.25966667	4.00262553e+01	
0.26125000	4.02926712e+01	
0.26283333	3.93161575e+01	
0.26441667	3.87763391e+01	
0.26600000	3.91852421e+01	
0.26758333	3.90114148e+01	
0.26916667	3.92240311e+01	
0.27075000	3.92391656e+01	
0.27233333	3.92133576e+01	
0.27391667	3.91691492e+01	
0.27550000	3.89968891e+01	
0.27708333	3.89245199e+01	
0.27866667	3.90513764e+01	
0.28025000	3.89658609e+01	
0.28183333	3.87507190e+01	
0.28341667	3.82919400e+01	
0.28500000	3.81234495e+01	
0.28658333	3.74694813e+01	
0.28816667	3.67462596e+01	
0.28975000	3.60341849e+01	
0.29133333	3.58266385e+01	
0.29291667	3.58702381e+01	
0.29450000	3.56095799e+01	
0.29608333	3.51796268e+01	
0.29766667	3.50012257e+01	
0.29925000	3.48795181e+01	
0.30083333	3.47381697e+01	
0.30241667	3.48329532e+01	
0.30400000	3.49732116e+01	
0.30558333	3.49816602e+01	
0.30716667	3.47581299e+01	
0.30875000	3.47654923e+01	
0.31033333	3.48669580e+01	
0.31191667	3.47464417e+01	
0.31350000	3.50356402e+01	
0.31508333	3.43765608e+01	
0.31666667	3.44261736e+01	
0.31825000	3.42140609e+01	
0.31983333	3.40126855e+01	
0.32141667	3.37617725e+01	
0.32300000	3.34672485e+01	
0.32458333	3.38515837e+01	
0.32616667	3.35332512e+01	
0.32775000	3.32798389e+01	
0.32933333	3.31834394e+01	
0.33091667	3.33236640e+01	
0.33250000	3.27021936e+01	
0.33408333	3.20632021e+01	
0.33566667	3.18757360e+01	
0.33725000	3.22029682e+01	
0.33883333	3.21877359e+01	
0.34041667	3.19286449e+01	
0.34200000	3.19875369e+01	
0.34358333	3.18641643e+01	
0.34516667	3.17820275e+01	
0.34675000	3.15629469e+01	
0.34833333	3.18551934e+01	
0.34991667	3.17805392e+01	
0.35150000	3.22332147e+01	
0.35308333	3.20965341e+01	
0.35466667	3.18315125e+01	
0.35625000	3.13680339e+01	
0.35783333	3.08707046e+01	
0.35941667	3.01390737e+01	
0.36100000	3.00674280e+01	
0.36258333	3.00674807e+01	
0.36416667	3.02320025e+01	
0.36575000	3.00278516e+01	
0.36733333	3.01227704e+01	
0.36891667	2.99112045e+01	
0.37050000	2.94631009e+01	
0.37208333	2.91926900e+01	
0.37366667	2.88604593e+01	
0.37525000	2.83540670e+01	
0.37683333	2.83477756e+01	
0.37841667	2.82582913e+01	
0.38000000	2.80794844e+01	
0.38158333	2.80474527e+01	
0.38316667	2.79673058e+01	
0.38475000	2.79088215e+01	
0.38633333	2.78176686e+01	
0.38791667	2.77581283e+01	
0.38950000	2.68744211e+01	
0.39108333	2.62598640e+01	
0.39266667	2.59936492e+01	
0.39425000	2.59566396e+01	
0.39583333	2.58969866e+01	
0.39741667	2.57711899e+01	
0.39900000	2.55788175e+01	
0.40058333	2.51595041e+01	
0.40216667	2.49293292e+01	
0.40375000	2.51025025e+01	
0.40533333	2.49715533e+01	
0.40691667	2.51103704e+01	
0.40850000	2.48435242e+01	
0.41008333	2.48472411e+01	
0.41166667	2.47878568e+01	
0.41325000	2.47950708e+01	
0.41483333	2.47692064e+01	
0.41641667	2.45900800e+01	
0.41800000	2.45204901e+01	
0.41958333	2.46242877e+01	
0.42116667	2.47293951e+01	
0.42275000	2.37920782e+01	
0.42433333	2.32516528e+01	
0.42591667	2.33478776e+01	
0.42750000	2.31732047e+01	
0.42908333	2.28753828e+01	
0.43066667	2.28535492e+01	
0.43225000	2.21608671e+01	
0.43383333	2.18241754e+01	
0.43541667	2.19682561e+01	
0.43700000	2.20984837e+01	
0.43858333	2.16482962e+01	
0.44016667	2.17207461e+01	
0.44175000	2.17867243e+01	
0.44333333	2.18718359e+01	
0.44491667	2.16440005e+01	
0.44650000	2.17284618e+01	
0.44808333	2.13095581e+01	
0.44966667	2.12944536e+01	
0.45125000	2.12962219e+01	
0.45283333	2.10475770e+01	
0.45441667	2.03271683e+01	
0.45600000	1.93476911e+01	
0.45758333	1.93863806e+01	
0.45916667	1.96142818e+01	
0.46075000	1.93531106e+01	
0.46233333	1.89653027e+01	
0.46391667	1.86303642e+01	
0.46550000	1.86243304e+01	
0.46708333	1.81836437e+01	
0.46866667	1.78544761e+01	
0.47025000	1.79657470e+01	
0.47183333	1.81671975e+01	
0.47341667	1.81862407e+01	
0.47500000	1.81339801e+01	
0.47658333	1.81667672e+01	
0.47816667	1.81289647e+01	
0.47975000	1.77079075e+01	
0.48133333	1.76637122e+01	
0.48291667	1.75514415e+01	
0.48450000	1.68143048e+01	
0.48608333	1.67369616e+01	
0.48766667	1.67660487e+01	
0.48925000	1.66020530e+01	
0.49083333	1.65062868e+01	
0.49241667	1.62142132e+01	
0.49400000	1.57853708e+01	
0.49558333	1.51546634e+01	
0.49716667	1.51374496e+01	
0.49875000	1.49974571e+01	
0.50033333	1.47151644e+01	
0.50191667	1.50114707e+01	
0.50350000	1.46702268e+01	
0.50508333	1.44977281e+01	
0.50666667	1.42404871e+01	
0.50825000	1.38069524e+01	
0.50983333	1.38517923e+01	
0.51141667	1.34320392e+01	
0.51300000	1.35819094e+01	
0.51458333	1.39196027e+01	
0.51616667	1.30345895e+01	
0.51775000	1.15613928e+01	
0.51933333	1.15219555e+01	
0.52091667	1.13473202e+01	
0.52250000	1.15151408e+01	
0.52408333	1.14881020e+01	
0.52566667	1.13947204e+01	
0.52725000	1.12121852e+01	
0.52883333	1.15490911e+01	
0.53041667	1.09163543e+01	
0.53200000	1.06622458e+01	
0.53358333	1.06921090e+01	
0.53516667	1.04758396e+01	
0.53675000	1.06301709e+01	
0.53833333	1.03412467e+01	
0.53991667	1.03028730e+01	
0.54150000	9.80101680e+00	
0.54308333	9.44474643e+00	
0.54466667	9.27566021e+00	
0.54625000	9.24322168e+00	
0.54783333	9.24332879e+00	
0.54941667	9.14931861e+00	
0.55100000	8.85916552e+00	
0.55258333	8.89376505e+00	
0.55416667	8.85834904e+00	
0.55575000	8.91653168e+00	
0.55733333	8.82858264e+00	
0.55891667	8.75430147e+00	
0.56050000	8.65915066e+00	
0.56208333	8.76732856e+00	
0.56366667	8.67150971e+00	
0.56525000	8.50627571e+00	
0.56683333	8.26669571e+00	
0.56841667	7.89343892e+00	
0.57000000	7.87201587e+00	
0.57158333	7.84100596e+00	
0.57316667	6.37319770e+00	
0.57475000	5.98485947e+00	
0.57633333	6.14343335e+00	
0.57791667	6.10617626e+00	
0.57950000	5.95865308e+00	
0.58108333	5.61924746e+00	
0.58266667	5.52077998e+00	
0.58425000	5.44518388e+00	
0.58583333	5.24309164e+00	
0.58741667	5.34857768e+00	
0.58900000	5.14722018e+00	
0.59058333	5.08444212e+00	
0.59216667	5.11775491e+00	
0.59375000	4.99090548e+00	
0.59533333	5.25132036e+00	
0.59691667	5.17757099e+00	
0.59850000	5.08242581e+00	
0.60008333	4.89135890e+00	
0.60166667	5.10606342e+00	
0.60325000	4.69406737e+00	
0.60483333	4.58920849e+00	
0.60641667	4.47983311e+00	
0.60800000	4.19533339e+00	
0.60958333	4.20581284e+00	
0.61116667	4.25547972e+00	
0.61275000	3.96489396e+00	
0.61433333	3.91548663e+00	
0.61591667	3.80894452e+00	
0.61750000	3.38488538e+00	
0.61908333	3.12893156e+00	
0.62066667	3.04172995e+00	
0.62225000	2.98368660e+00	
0.62383333	2.76827976e+00	
0.62541667	3.04442885e+00	
0.62700000	2.31641628e+00	
0.62858333	1.82389447e+00	
0.63016667	1.55658364e+00	
0.63175000	1.09663449e+00	
0.63333333	9.82858003e-01	
0.63491667	9.93950699e-01	
0.63650000	9.87158692e-01	
0.63808333	9.80417128e-01	
0.63966667	9.78581979e-01	
0.64125000	9.79896902e-01	
0.64283333	9.70978128e-01	
0.64441667	1.07756666e-01	
0.64600000	9.18258654e-03	
0.64758333	-7.46907919e-04	
0.64916667	-1.23085106e-03	
0.65075000	1.23647411e-05	
0.65233333	1.65274074e-03	
0.65391667	7.07948837e-04	
0.65550000	4.38403835e-05	
0.65708333	5.70821204e-06	
0.65866667	-7.13831640e-06	
0.66025000	-1.16366923e-05	
0.66183333	-1.15255044e-05	
0.66341667	-9.41568636e-06	
0.66500000	-6.63870812e-06	
0.66658333	-3.38949676e-06	
0.66816667	-8.45004948e-07	
0.66975000	1.21797816e-06	
0.67133333	2.47830810e-06	
0.67291667	3.51236359e-06	
0.67450000	4.51305614e-06	
0.67608333	4.73261556e-06	
0.67766667	4.71057341e-06	
0.67925000	4.40476385e-06	
0.68083333	4.26363528e-06	
0.68241667	4.08803022e-06	
0.68400000	3.79168822e-06	
0.68558333	2.98369807e-06	
0.68716667	2.72716714e-06	
0.68875000	2.39799288e-06	
0.69033333	2.30797399e-06	
0.69191667	2.05611949e-06	
0.69350000	1.96543888e-06	
0.69508333	2.03152834e-06	
0.69666667	1.91174345e-06	
0.69825000	1.69135452e-06	
0.69983333	1.45460893e-06	
0.70141667	1.43300652e-06	
0.70300000	1.14631006e-06	
0.70458333	8.91247455e-07	
0.70616667	9.13967338e-07	
0.70775000	7.29064906e-07	
0.70933333	8.58094023e-07	
0.71091667	7.22930670e-07	
0.71250000	6.50506261e-07	
0.71408333	1.02566956e-06	
0.71566667	9.43159040e-07	
0.71725000	1.05832854e-06	
0.71883333	9.56659454e-07	
0.72041667	9.90406232e-07	
0.72200000	1.19243485e-06	
0.72358333	9.45854777e-07	
0.72516667	7.53959647e-07	
0.72675000	5.00518595e-07	
0.72833333	6.22807530e-07	
0.72991667	7.01884982e-07	
0.73150000	4.68627152e-07	
0.73308333	5.56218414e-07	
0.73466667	7.24787826e-07	
0.73625000	8.57920024e-07	
0.73783333	8.16870910e-07	
0.73941667	6.97346818e-07	
0.74100000	7.73141067e-07	
0.74258333	7.56936460e-07	
0.74416667	6.79114304e-07	
0.74575000	5.42002624e-07	
0.74733333	4.95549044e-07	
0.74891667	5.13136689e-07	
0.75050000	3.28900098e-07	
0.75208333	3.09523705e-07	
0.75366667	4.02039436e-07	
0.75525000	3.64229143e-07	
0.75683333	6.49857472e-07	
0.75841667	5.16939763e-07	
0.76000000	5.55698319e-07	
0.76158333	6.09411953e-07	
0.76316667	5.56789416e-07	
0.76475000	5.61318283e-07	
0.76633333	3.01920271e-07	
0.76791667	3.04209010e-07	
0.76950000	4.06534057e-07	
0.77108333	3.32555634e-07	
0.77266667	4.29177274e-07	
0.77425000	3.73261509e-07	
0.77583333	6.82481399e-07	
0.77741667	6.85636189e-07	
0.77900000	6.75739985e-07	
0.78058333	7.08669127e-07	
0.78216667	6.57205113e-07	
0.78375000	7.40963368e-07	
0.78533333	5.97270832e-07	
0.78691667	2.93189480e-07	
0.78850000	4.76881838e-07	
0.79008333	4.43523017e-07	
0.79166667	3.58603915e-07	
0.79325000	3.44999840e-07	
0.79483333	3.65395424e-07	
0.79641667	6.30585775e-07	
0.79800000	5.56824473e-07	
0.79958333	6.85333607e-07	
0.80116667	6.72543586e-07	
0.80275000	6.04036384e-07	
0.80433333	5.96957554e-07	
0.80591667	2.19047921e-07	
0.80750000	3.39425826e-07	
0.80908333	3.80088187e-07	
0.81066667	5.42419003e-07	
0.81225000	3.55854387e-07	
0.81383333	1.33412266e-07	
0.81541667	6.45086730e-07	
0.81700000	5.77650016e-07	
0.81858333	7.01970274e-07	
0.82016667	6.81487803e-07	
0.82175000	5.91651484e-07	
0.82333333	6.45711382e-07	
0.82491667	7.11780234e-07	
0.82650000	3.62069406e-07	
0.82808333	2.75127213e-07	
0.82966667	2.49762331e-07	
0.83125000	1.87546353e-07	
0.83283333	1.65551114e-07	
0.83441667	3.81730433e-07	
0.83600000	5.74843394e-07	
0.83758333	6.45666132e-07	
0.83916667	7.04132251e-07	
0.84075000	5.91219200e-07	
0.84233333	6.97908636e-07	
0.84391667	8.24780032e-07	
0.84550000	6.20171044e-07	
0.84708333	5.91868942e-07	
0.84866667	3.82638205e-07	
0.85025000	5.17026623e-07	
0.85183333	3.55586611e-07	
0.85341667	3.72611823e-07	
0.85500000	6.01547128e-07	
0.85658333	6.44197578e-07	
0.85816667	7.13465182e-07	
0.85975000	7.29239074e-07	
0.86133333	6.90346952e-07	
0.86291667	6.37800691e-07	
0.86450000	4.03897347e-07	
0.86608333	3.07968403e-07	
0.86766667	3.47377147e-07	
0.86925000	2.75558741e-07	
0.87083333	1.52613834e-07	
0.87241667	1.81835977e-08	
0.87400000	3.16049929e-07	
0.87558333	4.27923909e-07	
0.87716667	5.57860744e-07	
0.87875000	6.41777541e-07	
0.88033333	4.72042773e-07	
0.88191667	7.33427333e-07	
0.88350000	7.36323895e-07	
0.88508333	6.48867235e-07	
0.88666667	3.04735742e-07	
0.88825000	3.39080711e-07	
0.88983333	5.73761929e-07	
0.89141667	3.89335490e-07	
0.89300000	3.66441018e-07	
0.89458333	7.31572698e-07	
0.89616667	6.82267302e-07	
0.89775000	7.88437930e-07	
0.89933333	7.36583803e-07	
0.90091667	6.57894672e-07	
0.90250000	6.18272054e-07	
0.90408333	5.62742987e-07	
0.90566667	3.87970821e-07	
0.90725000	9.83756802e-08	
0.90883333	1.10361877e-07	
0.91041667	2.63071272e-07	
0.91200000	2.05661010e-07	
0.91358333	2.84851405e-07	
0.91516667	4.91538816e-07	
0.91675000	6.16325463e-07	
0.91833333	7.03699128e-07	
0.91991667	6.54049820e-07	
0.92150000	8.77843421e-07	
0.92308333	6.81057312e-07	
0.92466667	3.13067908e-07	
0.92625000	2.81047015e-07	
0.92783333	1.86587086e-07	
0.92941667	3.75378656e-07	
0.93100000	2.17983971e-07	
0.93258333	2.44533320e-07	
0.93416667	3.05290811e-07	
0.93575000	4.80770877e-07	
0.93733333	8.01788089e-07	
0.93891667	7.41421524e-07	
0.94050000	7.78542286e-07	
0.94208333	8.05764883e-07	
0.94366667	7.63719597e-07	
0.94525000	5.77522610e-07	
0.94683333	3.86872807e-07	
0.94841667	4.06144476e-07	
0.95000000	3.77841198e-07	
0.95158333	2.29194232e-07	
0.95316667	2.18934712e-07	
0.95475000	3.06326325e-07	
0.95633333	6.11440644e-07	
0.95791667	6.15288576e-07	
0.95950000	5.21909202e-07	
0.96108333	6.09542551e-07	
0.96266667	6.49340120e-07	
0.96425000	6.78382912e-07	
0.96583333	3.52995095e-07	
0.96741667	2.35683831e-07	
0.96900000	3.60815930e-07	
0.97058333	2.24051885e-07	
0.97216667	1.72309750e-07	
0.97375000	2.78610933e-07	
0.97533333	4.34154777e-07	
0.97691667	6.71549709e-07	
0.97850000	6.59060869e-07	
0.98008333	7.69629766e-07	
0.98166667	6.47484589e-07	
0.98325000	6.41819711e-07	
0.98483333	5.02334308e-07	
0.98641667	2.03568784e-07	
0.98800000	2.16057513e-07	
0.98958333	3.54464013e-07	
0.99116667	3.33247209e-07	
0.99275000	3.57963638e-07	
0.99433333	3.51871461e-07	
0.99591667	5.08991159e-07	
0.99750000	5.70867271e-07	
0.99908333	5.79768535e-07	
1.00066667	5.58509477e-07	
1.00225000	6.14987787e-07	
1.00383333	6.25069695e-07	
1.00541667	4.51776668e-07	
1.00700000	2.73917251e-07	
1.00858333	3.57488149e-07	
1.01016667	2.94625160e-07	
1.01175000	2.67763247e-07	
1.01333333	2.69018375e-07	
1.01491667	3.35018989e-07	
1.01650000	6.70856678e-07	
1.01808333	4.47411776e-07	
1.01966667	6.65025752e-07	
1.02125000	6.04659412e-07	
1.02283333	5.92300105e-07	
1.02441667	5.24415147e-07	
1.02600000	3.89379144e-07	
1.02758333	3.16264391e-07	
1.02916667	2.45916218e-07	
1.03075000	2.79318497e-07	
1.03233333	2.10906976e-07	
1.03391667	2.83208600e-07	
1.03550000	5.19185520e-07	
1.03708333	3.76113296e-07	
1.03866667	4.97407543e-07	
1.04025000	5.35374055e-07	
1.04183333	5.73762041e-07	
1.04341667	6.94452441e-07	
1.04500000	7.30050326e-07	
1.04658333	3.21924621e-07	
1.04816667	2.67479258e-07	
1.04975000	2.83554387e-07	
1.05133333	3.95151575e-07	
1.05291667	3.14544246e-07	
1.05450000	5.63720007e-07	
1.05608333	6.29073035e-07	
1.05766667	5.51032133e-07	
1.05925000	6.61783935e-07	
1.06083333	5.52027298e-07	
1.06241667	7.20854097e-07	
1.06400000	5.94893189e-07	
1.06558333	1.48689878e-07	
1.06716667	3.05893734e-07	
1.06875000	7.65189215e-08	
1.07033333	2.00251167e-07	
1.07191667	3.59000637e-07	
1.07350000	1.76346103e-07	
1.07508333	4.06724102e-07	
1.07666667	5.21346209e-07	
1.07825000	6.45017958e-07	
1.07983333	6.04097650e-07	
1.08141667	7.27165076e-07	
1.08300000	7.70720191e-07	
1.08458333	6.95702025e-07	
1.08616667	3.86580894e-07	
1.08775000	3.09117826e-07	
1.08933333	4.21053017e-07	
1.09091667	4.65689260e-07	
1.09250000	3.32512680e-07	
1.09408333	3.67081491e-07	
1.09566667	4.37385898e-07	
1.09725000	5.17717806e-07	
1.09883333	6.95012746e-07	
1.10041667	6.13689481e-07	
1.10200000	7.04951120e-07	
1.10358333	6.52622652e-07	
1.10516667	3.81861926e-07	
1.10675000	2.59225916e-07	
1.10833333	1.65369820e-07	
1.10991667	3.14406312e-07	
1.11150000	1.64584287e-07	
1.11308333	2.70252166e-07	
1.11466667	1.21164349e-07	
1.11625000	3.56286475e-07	
1.11783333	4.91531087e-07	
1.11941667	6.01201144e-07	
1.12100000	5.68663068e-07	
1.12258333	6.73664812e-07	
1.12416667	5.28733781e-07	
1.12575000	3.37352865e-07	
1.12733333	3.23092161e-07	
1.12891667	3.03300593e-07	
1.13050000	2.29625395e-07	
1.13208333	2.05202952e-07	
1.13366667	3.60754803e-07	
1.13525000	3.59260264e-07	
1.13683333	6.74745660e-07	
1.13841667	5.45588409e-07	
1.14000000	5.11236188e-07	
1.14158333	6.98770626e-07	
1.14316667	6.47826036e-07	
1.14475000	5.43946975e-07	
1.14633333	4.42918330e-07	
1.14791667	2.16403118e-07	
1.14950000	5.35088274e-07	
1.15108333	4.44455431e-07	
1.15266667	3.69155040e-07	
1.15425000	2.98419778e-07	
1.15583333	6.67573083e-07	
1.15741667	7.35762302e-07	
1.15900000	5.23766638e-07	
1.16058333	6.40178781e-07	
1.16216667	5.96405089e-07	
1.16375000	6.34620252e-07	
1.16533333	3.97201183e-07	
1.16691667	1.48387394e-07	
1.16850000	2.42027684e-07	
1.17008333	2.87400332e-07	
1.17166667	2.05626653e-07	
1.17325000	3.14235560e-07	
1.17483333	3.18787920e-07	
1.17641667	6.29114925e-07	
1.17800000	6.44153840e-07	
1.17958333	5.93336599e-07	
1.18116667	6.79474121e-07	
1.18275000	5.20741662e-07	
1.18433333	5.33964527e-07	
1.18591667	4.78436804e-07	
1.18750000	3.18858231e-07	
1.18908333	3.87390663e-07	
1.19066667	3.49450780e-07	
1.19225000	3.08961775e-07	
1.19383333	2.46305100e-07	
1.19541667	3.87088585e-07	
1.19700000	5.73980059e-07	
1.19858333	5.49865881e-07	
1.20016667	6.71376269e-07	
1.20175000	6.74314665e-07	
1.20333333	6.69691042e-07	
1.20491667	4.80209955e-07	
1.20650000	1.39054463e-07	
1.20808333	2.87442474e-07	
1.20966667	2.91893525e-07	
1.21125000	2.53512875e-07	
1.21283333	3.33212347e-07	
1.21441667	2.34507513e-07	
1.21600000	3.99617243e-07	
1.21758333	5.99558759e-07	
1.21916667	6.01244434e-07	
1.22075000	6.57549809e-07	
1.22233333	6.18917763e-07	
1.22391667	7.08140855e-07	
1.22550000	3.91235851e-07	
1.22708333	2.03993241e-07	
1.22866667	2.86578523e-07	
1.23025000	2.30057707e-07	
1.23183333	3.39529263e-07	
1.23341667	2.20595508e-07	
1.23500000	2.70444591e-07	
1.23658333	4.93802997e-07	
1.23816667	5.75966748e-07	
1.23975000	6.45967929e-07	
1.24133333	5.57385562e-07	
1.24291667	5.88671758e-07	
1.24450000	6.33665241e-07	
1.24608333	3.08704024e-07	
1.24766667	2.29971673e-07	
1.24925000	1.92420546e-07	
1.25083333	3.59475734e-07	
1.25241667	2.66251907e-07	
1.25400000	2.52346707e-07	
1.25558333	4.73744633e-07	
1.25716667	6.79716723e-07	
1.25875000	6.94321115e-07	
1.26033333	5.95540354e-07	
1.26191667	7.21520975e-07	
1.26350000	6.84444680e-07	
1.26508333	4.20275338e-07	
1.26666667	3.21276476e-07	
1.26825000	2.67306126e-07	
1.26983333	2.82732522e-07	
1.27141667	3.72568169e-07	
1.27300000	2.43583070e-07	
1.27458333	2.97813663e-07	
1.27616667	6.02411079e-07	
1.27775000	6.52407434e-07	
1.27933333	7.04045727e-07	
1.28091667	5.59460511e-07	
1.28250000	7.44359864e-07	
1.28408333	7.16282276e-07	
1.28566667	3.20672937e-07	
1.28725000	1.70374765e-07	
1.28883333	4.19580032e-08	
1.29041667	2.15063958e-07	
1.29200000	2.08968109e-08	
1.29358333	1.87521133e-09	
1.29516667	3.44049814e-07	
1.29675000	6.86112378e-07	
1.29833333	7.21374809e-07	
1.29991667	6.49770108e-07	
1.30150000	5.31837328e-07	
1.30308333	8.30958734e-07	
1.30466667	6.72502312e-07	
1.30625000	4.62666636e-07	
1.30783333	2.33359475e-07	
@ 
0.00000000	2.48855454e-07	
0.00158333	3.63876019e-07	
0.00316667	7.82219159e-08	
0.00475000	2.74176879e-07	
0.00633333	2.96863076e-07	
0.00791667	5.10759774e-07	
0.00950000	5.53711181e-07	
0.01108333	4.37127166e-07	
0.01266667	5.14475933e-07	
0.01425000	4.50349136e-07	
0.01583333	4.40670557e-07	
0.01741667	1.13644863e-07	
0.01900000	7.47118814e-08	
0.02058333	2.50021567e-07	
0.02216667	1.23697580e-07	
0.02375000	2.01754177e-07	
0.02533333	2.05193515e-07	
0.02691667	3.85877279e-07	
0.02850000	5.28865163e-07	
0.03008333	4.30256526e-07	
0.03166667	3.71056690e-07	
0.03325000	4.95436423e-07	
0.03483333	4.66943380e-07	
0.03641667	2.78826039e-07	
0.03800000	-1.97216524e-08	
0.03958333	1.44369368e-07	
0.04116667	7.76942322e-08	
0.04275000	1.80709469e-07	
0.04433333	9.30773104e-08	
0.04591667	2.12125842e-07	
0.04750000	3.55760723e-07	
0.04908333	4.62492384e-07	
0.05066667	4.75109807e-07	
0.05225000	5.21389555e-07	
0.05383333	5.22383320e-07	
0.05541667	4.98358354e-07	
0.05700000	1.95315316e-07	
0.05858333	2.15449280e-08	
0.06016667	2.09869501e-07	
0.06175000	1.74574561e-07	
0.06333333	2.25779871e-07	
0.06491667	9.22214240e-08	
0.06650000	5.06526264e-07	
0.06808333	4.52727142e-07	
0.06966667	4.43912095e-07	
0.07125000	5.14562289e-07	
0.07283333	5.78774602e-07	
0.07441667	4.94460467e-07	
0.07600000	4.74012437e-07	
0.07758333	-1.16861459e-07	
0.07916667	2.79490271e-08	
0.08075000	7.47988953e-08	
0.08233333	1.30265051e-07	
0.08391667	1.20923006e-07	
0.08550000	7.21719854e-08	
0.08708333	4.14311014e-07	
0.08866667	4.29738279e-07	
0.09025000	3.50228627e-07	
0.09183333	3.87347345e-07	
0.09341667	3.33116891e-07	
0.09500000	4.88331720e-07	
0.09658333	1.89483032e-07	
0.09816667	1.52061943e-07	
0.09975000	1.59925368e-07	
0.10133333	1.58240210e-07	
0.10291667	1.56512225e-07	
0.10450000	3.94093743e-08	
0.10608333	1.75464945e-07	
0.10766667	4.62129572e-07	
0.10925000	3.68853047e-07	
0.11083333	4.31855006e-07	
0.11241667	3.68334715e-07	
0.11400000	4.51906005e-07	
0.11558333	4.57565675e-07	
0.11716667	9.15305770e-08	
0.11875000	1.86717726e-07	
0.12033333	6.77728480e-08	
0.12191667	1.81315794e-07	
0.12350000	2.36968123e-08	
0.12508333	-3.83663503e-09	
0.12666667	2.22323284e-07	
0.12825000	4.07355026e-07	
0.12983333	4.13663653e-07	
0.13141667	3.48517470e-07	
0.13300000	2.91936843e-07	
0.13458333	4.46460433e-07	
0.13616667	2.38700239e-07	
0.13775000	1.72586570e-07	
0.13933333	1.82953122e-08	
0.14091667	6.02366739e-08	
0.14250000	1.67055370e-07	
0.14408333	-1.73312461e-07	
0.14566667	1.23446885e-07	
0.14725000	1.90648459e-07	
0.14883333	2.68541570e-07	
0.15041667	3.34569148e-07	
0.15200000	1.47264838e-07	
0.15358333	4.06404552e-07	
0.15516667	4.18850466e-07	
0.15675000	7.80392987e-08	
0.15833333	2.29063340e-07	
0.15991667	2.74479320e-07	
0.16150000	3.38569492e-07	
0.16308333	1.10905843e-07	
0.16466667	5.02029591e-08	
0.16625000	4.15374670e-07	
0.16783333	3.31260464e-07	
0.16941667	5.15469081e-07	
0.17100000	4.80987270e-07	
0.17258333	4.64482350e-07	
0.17416667	4.25459687e-07	
0.17575000	3.32339492e-07	
0.17733333	2.05428306e-07	
0.17891667	3.51477581e-08	
0.18050000	7.89905714e-08	
0.18208333	6.40378094e-08	
0.18366667	-8.09952863e-08	
0.18525000	7.34470419e-09	
0.18683333	3.44370428e-07	
0.18841667	3.66563524e-07	
0.19000000	4.26410973e-07	
0.19158333	4.57783273e-07	
0.19316667	7.16491670e-07	
0.19475000	5.41872922e-07	
0.19633333	2.65335622e-07	
0.19791667	8.05884001e-08	
0.19950000	3.43527394e-08	
0.20108333	1.18701470e-07	
0.20266667	4.46361764e-08	
0.20425000	1.30784124e-07	
0.20583333	2.62380817e-07	
0.20741667	4.23204466e-07	
0.20900000	4.15219179e-07	
0.21058333	3.32425344e-07	
0.21216667	2.30230979e-07	
0.21375000	3.97458710e-07	
0.21533333	2.18363416e-07	
0.21691667	2.44974172e-07	
0.21850000	-3.46556150e-08	
0.22008333	9.34657929e-08	
0.22166667	1.46573599e-07	
0.22325000	6.19224335e-08	
0.22483333	2.17136877e-07	
0.22641667	1.62051139e-07	
0.22800000	4.15054840e-07	
0.22958333	3.90372824e-07	
0.23116667	4.36781827e-07	
0.23275000	5.86812419e-07	
0.23433333	4.63529579e-07	
0.23591667	4.06966173e-07	
0.23750000	2.10309779e-07	
0.23908333	-4.71071569e-09	
0.24066667	4.69791395e-08	
0.24225000	1.21165469e-07	
0.24383333	1.67160879e-07	
0.24541667	-7.38906168e-09	
0.24700000	4.04588614e-07	
0.24858333	3.96102553e-07	
0.25016667	2.42848457e-07	
0.25175000	2.98936962e-07	
0.25333333	3.42451558e-07	
0.25491667	3.14363834e-07	
0.25650000	3.34889287e-07	
0.25808333	-6.18784584e-09	
0.25966667	1.86457496e-07	
0.26125000	1.84858429e-07	
0.26283333	2.58448377e-07	
0.26441667	1.51628988e-07	
0.26600000	-8.85850374e-09	
0.26758333	2.21588951e-07	
0.26916667	4.13923841e-07	
0.27075000	3.32339632e-07	
0.27233333	4.16819423e-07	
0.27391667	3.38415093e-07	
0.27550000	2.82430305e-07	
0.27708333	2.25128194e-08	
0.27866667	2.32817794e-08	
0.28025000	1.20559452e-07	
0.28183333	-8.12350313e-09	
0.28341667	5.95020189e-08	
0.28500000	3.45434525e-08	
0.28658333	1.82612518e-07	
0.28816667	4.42355393e-07	
0.28975000	3.56278746e-07	
0.29133333	3.52778533e-07	
0.29291667	2.71497774e-07	
0.29450000	3.36487570e-07	
0.29608333	4.22738861e-07	
0.29766667	8.57751708e-08	
0.29925000	4.91743820e-08	
0.30083333	1.92723215e-08	
0.30241667	6.80578448e-08	
0.30400000	-8.79441481e-08	
0.30558333	6.67002739e-08	
0.30716667	1.08252892e-07	
0.30875000	4.01953024e-07	
0.31033333	4.05453433e-07	
0.31191667	4.30861465e-07	
0.31350000	4.55017001e-07	
0.31508333	4.36306925e-07	
0.31666667	1.44447281e-07	
0.31825000	2.43867514e-09	
0.31983333	-1.17280366e-08	
0.32141667	2.02054091e-08	
0.32300000	2.11174388e-07	
0.32458333	1.49260697e-07	
0.32616667	1.96353351e-07	
0.32775000	3.32209370e-07	
0.32933333	3.31129754e-07	
0.33091667	3.86094092e-07	
0.33250000	2.67392902e-07	
0.33408333	5.06265573e-07	
0.33566667	5.07173373e-07	
0.33725000	-3.20217118e-08	
0.33883333	-6.05131233e-08	
0.34041667	-8.20072237e-08	
0.34200000	2.53996072e-08	
0.34358333	-3.06457301e-08	
0.34516667	-1.05868122e-08	
0.34675000	1.70330285e-07	
0.34833333	3.09800917e-07	
0.34991667	4.63952734e-07	
0.35150000	3.05677928e-07	
0.35308333	4.15245584e-07	
0.35466667	5.55482933e-07	
0.35625000	2.93241534e-07	
0.35783333	4.51561422e-08	
0.35941667	-5.37120801e-08	
0.36100000	1.40653167e-07	
0.36258333	1.63494996e-07	
0.36416667	1.23493215e-08	
0.36575000	1.10278705e-08	
0.36733333	2.27208187e-07	
0.36891667	4.84660531e-07	
0.37050000	4.63398561e-07	
0.37208333	3.40419367e-07	
0.37366667	4.59726504e-07	
0.37525000	4.02385475e-07	
0.37683333	2.52872655e-07	
0.37841667	1.55907776e-07	
0.38000000	-1.29773097e-07	
0.38158333	-2.57370328e-08	
0.38316667	-1.07510299e-08	
0.38475000	4.69622932e-08	
0.38633333	2.04095894e-07	
0.38791667	2.40600768e-07	
0.38950000	5.79423223e-07	
0.39108333	4.67504777e-07	
0.39266667	4.32677907e-07	
0.39425000	4.49183779e-07	
0.39583333	3.33360026e-07	
0.39741667	3.20844277e-07	
0.39900000	9.24548285e-08	
0.40058333	8.57748488e-08	
0.40216667	1.90299461e-08	
0.40375000	-9.02774018e-08	
0.40533333	-5.17849986e-08	
0.40691667	2.44317907e-07	
0.40850000	4.07008903e-07	
0.41008333	3.58006480e-07	
0.41166667	1.98452395e-07	
0.41325000	3.20094095e-07	
0.41483333	5.01079516e-07	
0.41641667	4.53891938e-07	
0.41800000	1.51499286e-07	
0.41958333	-3.39988841e-08	
0.42116667	1.17759732e-07	
0.42275000	1.39953808e-07	
0.42433333	2.13550028e-07	
0.42591667	1.95772716e-07	
0.42750000	3.23481267e-07	
0.42908333	5.45200592e-07	
0.43066667	2.91720814e-07	
0.43225000	3.40074979e-07	
0.43383333	2.54255805e-07	
0.43541667	3.25381488e-07	
0.43700000	1.64031570e-07	
0.43858333	-1.03905186e-07	
0.44016667	9.99047938e-08	
0.44175000	7.88177196e-08	
0.44333333	-2.60393852e-08	
0.44491667	1.05176891e-07	
0.44650000	1.27646668e-07	
0.44808333	3.80615703e-07	
0.44966667	4.45208245e-07	
0.45125000	4.00872623e-07	
0.45283333	3.42061725e-07	
0.45441667	2.93587714e-07	
0.45600000	3.83157853e-07	
0.45758333	1.43721811e-07	
0.45916667	1.17015578e-07	
0.46075000	9.43300447e-08	
0.46233333	-5.22942680e-08	
0.46391667	1.88359118e-07	
0.46550000	1.90406934e-07	
0.46708333	4.59468669e-07	
0.46866667	3.72914601e-07	
0.47025000	3.46037399e-07	
0.47183333	3.65915295e-07	
0.47341667	4.94471331e-07	
0.47500000	4.30515958e-07	
0.47658333	2.48388057e-07	
0.47816667	-4.55797907e-08	
0.47975000	-5.41966138e-08	
0.48133333	-1.00441494e-07	
0.48291667	-2.15456770e-08	
0.48450000	-4.39372965e-08	
0.48608333	-5.26749486e-08	
0.48766667	2.29582148e-07	
0.48925000	3.79526566e-07	
0.49083333	3.29271423e-07	
0.49241667	3.98064209e-07	
0.49400000	2.67791248e-07	
0.49558333	4.38379550e-07	
0.49716667	5.83272516e-09	
0.49875000	1.86413843e-07	
0.50033333	1.65543120e-07	
0.50191667	1.80278179e-07	
0.50350000	2.09358422e-07	
0.50508333	1.21176304e-08	
0.50666667	1.19005480e-07	
0.50825000	4.64005180e-07	
0.50983333	6.00899011e-07	
0.51141667	7.02187340e-07	
0.51300000	6.97477976e-07	
0.51458333	9.63787902e-07	
0.51616667	1.13763919e-06	
0.51775000	1.15253933e-06	
0.51933333	1.46698302e-06	
0.52091667	1.70506640e-06	
0.52250000	2.12183889e-06	
0.52408333	2.47282568e-06	
0.52566667	3.01525258e-06	
0.52725000	3.76588898e-06	
0.52883333	4.63621059e-06	
0.53041667	5.85585124e-06	
0.53200000	6.92109161e-06	
0.53358333	8.30553108e-06	
0.53516667	1.00455166e-05	
0.53675000	1.17891849e-05	
0.53833333	1.42260836e-05	
0.53991667	1.73818288e-05	
0.54150000	2.16762305e-05	
0.54308333	2.73538172e-05	
0.54466667	3.54901705e-05	
0.54625000	4.86979429e-05	
0.54783333	7.05232315e-05	
0.54941667	1.02749339e-04	
0.55100000	1.48334782e-04	
0.55258333	1.95918718e-04	
0.55416667	2.19659468e-04	
0.55575000	2.31244709e-04	
0.55733333	3.11577466e-04	
0.55891667	5.90080869e-04	
0.56050000	6.03569185e-04	
0.56208333	5.56221331e-04	
0.56366667	2.05215056e-03	
0.56525000	3.04995272e-03	
0.56683333	3.35575860e-03	
0.56841667	7.29698763e-03	
0.57000000	1.26425365e-02	
0.57158333	1.80882910e-02	
0.57316667	2.09170332e-02	
0.57475000	2.02676241e-02	
0.57633333	1.64954509e-02	
0.57791667	1.96567941e-02	
0.57950000	2.58787908e-02	
0.58108333	1.80194219e-02	
0.58266667	2.18937839e-02	
0.58425000	3.16505262e-02	
0.58583333	4.59981396e-02	
0.58741667	5.43899013e-02	
0.58900000	6.05127903e-02	
0.59058333	6.84152803e-02	
0.59216667	6.34824033e-02	
0.59375000	7.29351592e-02	
0.59533333	7.94186948e-02	
0.59691667	9.12470853e-02	
0.59850000	1.00570709e-01	
0.60008333	1.33468734e-01	
0.60166667	6.21592429e-01	
0.60325000	1.37361674e+00	
0.60483333	2.03377196e+00	
0.60641667	5.03500778e+00	
0.60800000	9.22415225e+00	
0.60958333	1.05121933e+01	
0.61116667	1.17438453e+01	
0.61275000	1.39513205e+01	
0.61433333	1.56126052e+01	
0.61591667	1.65706170e+01	
0.61750000	1.76121770e+01	
0.61908333	1.85433285e+01	
0.62066667	1.93440907e+01	
0.62225000	2.08798700e+01	
0.62383333	2.28537014e+01	
0.62541667	2.42274375e+01	
0.62700000	2.50378491e+01	
0.62858333	2.53139237e+01	
0.63016667	2.66572892e+01	
0.63175000	2.74303061e+01	
0.63333333	2.81731986e+01	
0.63491667	2.86074360e+01	
0.63650000	2.87892496e+01	
0.63808333	2.98190687e+01	
0.63966667	3.09212382e+01	
0.64125000	3.14253343e+01	
0.64283333	3.21807080e+01	
0.64441667	3.34248929e+01	
0.64600000	3.39089499e+01	
0.64758333	3.42537970e+01	
0.64916667	3.50208664e+01	
0.65075000	3.57572383e+01	
0.65233333	3.66400172e+01	
0.65391667	3.77146179e+01	
0.65550000	3.84152299e+01	
0.65708333	3.88790261e+01	
