start voltage : 0.00 V 
set voltage : 0.10 V 
High G : 30.00 G0 
Intermediate G : 20.00 G0 
Low G : 10.00 G0 
Breaking speed 1 : 300.00 V/s 
Breaking speed 2 : 300.00 V/s 
Making speed : 500.00 V/s 
Post breaking : 230.00 V/s 
@ 
0.00000000	2.94896925e+01	
0.00158333	2.99926292e+01	
0.00316667	2.98897110e+01	
0.00475000	2.97940875e+01	
0.00633333	2.98086809e+01	
0.00791667	3.00821210e+01	
0.00950000	2.98541728e+01	
0.01108333	2.97042387e+01	
0.01266667	2.96946382e+01	
0.01425000	2.97440199e+01	
0.01583333	2.97672723e+01	
0.01741667	2.97329744e+01	
0.01900000	2.96119658e+01	
0.02058333	2.96024724e+01	
0.02216667	2.95263732e+01	
0.02375000	2.95391024e+01	
0.02533333	2.95717768e+01	
0.02691667	2.93956776e+01	
0.02850000	2.93398805e+01	
0.03008333	2.94046843e+01	
0.03166667	2.92570033e+01	
0.03325000	2.92187611e+01	
0.03483333	2.91905797e+01	
0.03641667	2.90972883e+01	
0.03800000	2.89450429e+01	
0.03958333	2.88755845e+01	
0.04116667	2.89434381e+01	
0.04275000	2.89042074e+01	
0.04433333	2.88985043e+01	
0.04591667	2.89687293e+01	
0.04750000	2.86298710e+01	
0.04908333	2.88643360e+01	
0.05066667	2.89352000e+01	
0.05225000	2.89945392e+01	
0.05383333	2.89113970e+01	
0.05541667	2.89023565e+01	
0.05700000	2.87152212e+01	
0.05858333	2.84564252e+01	
0.06016667	2.84810700e+01	
0.06175000	2.84274602e+01	
0.06333333	2.84542999e+01	
0.06491667	2.85035426e+01	
0.06650000	2.76786955e+01	
0.06808333	2.74694296e+01	
0.06966667	2.74312908e+01	
0.07125000	2.74808548e+01	
0.07283333	2.75135122e+01	
0.07441667	2.73319429e+01	
0.07600000	2.74556368e+01	
0.07758333	2.73424397e+01	
0.07916667	2.74025212e+01	
0.08075000	2.73572078e+01	
0.08233333	2.73003246e+01	
0.08391667	2.73061480e+01	
0.08550000	2.72116615e+01	
0.08708333	2.72989416e+01	
0.08866667	2.67711797e+01	
0.09025000	2.71071329e+01	
0.09183333	2.66216120e+01	
0.09341667	2.59641186e+01	
0.09500000	2.60040426e+01	
0.09658333	2.59340092e+01	
0.09816667	2.58707144e+01	
0.09975000	2.60734540e+01	
0.10133333	2.58743862e+01	
0.10291667	2.56815328e+01	
0.10450000	2.53579518e+01	
0.10608333	2.52118981e+01	
0.10766667	2.51949333e+01	
0.10925000	2.46119568e+01	
0.11083333	2.47121804e+01	
0.11241667	2.45948736e+01	
0.11400000	2.44662658e+01	
0.11558333	2.44636519e+01	
0.11716667	2.42961536e+01	
0.11875000	2.41202743e+01	
0.12033333	2.40093735e+01	
0.12191667	2.38540557e+01	
0.12350000	2.40444419e+01	
0.12508333	2.39673035e+01	
0.12666667	2.36593043e+01	
0.12825000	2.34813956e+01	
0.12983333	2.31796463e+01	
0.13141667	2.28284910e+01	
0.13300000	2.17648587e+01	
0.13458333	2.17732867e+01	
0.13616667	2.16398701e+01	
0.13775000	2.15702013e+01	
0.13933333	2.16900129e+01	
0.14091667	2.14066341e+01	
0.14250000	2.13802097e+01	
0.14408333	2.11522916e+01	
0.14566667	2.08364846e+01	
0.14725000	1.94119030e+01	
0.14883333	1.91816735e+01	
0.15041667	1.87443994e+01	
0.15200000	1.84522206e+01	
0.15358333	1.85730469e+01	
0.15516667	1.86466582e+01	
0.15675000	1.88856500e+01	
0.15833333	1.89185950e+01	
0.15991667	1.88445534e+01	
0.16150000	1.87246084e+01	
0.16308333	1.86215906e+01	
0.16466667	1.82068040e+01	
0.16625000	1.78296790e+01	
0.16783333	1.76696277e+01	
0.16941667	1.75396969e+01	
0.17100000	1.68919243e+01	
0.17258333	1.66827561e+01	
0.17416667	1.68432773e+01	
0.17575000	1.67329008e+01	
0.17733333	1.67033740e+01	
0.17891667	1.68130007e+01	
0.18050000	1.65256945e+01	
0.18208333	1.65900416e+01	
0.18366667	1.65264931e+01	
0.18525000	1.65003131e+01	
0.18683333	1.63899854e+01	
0.18841667	1.63989376e+01	
0.19000000	1.64085550e+01	
0.19158333	1.62678005e+01	
0.19316667	1.59989154e+01	
0.19475000	1.58376144e+01	
0.19633333	1.54388531e+01	
0.19791667	1.54977592e+01	
0.19950000	1.52433031e+01	
0.20108333	1.51183323e+01	
0.20266667	1.48513010e+01	
0.20425000	1.49212489e+01	
0.20583333	1.50370335e+01	
0.20741667	1.42109340e+01	
0.20900000	1.39783753e+01	
0.21058333	1.37825726e+01	
0.21216667	1.40017696e+01	
0.21375000	1.39438529e+01	
0.21533333	1.38193209e+01	
0.21691667	1.38337132e+01	
0.21850000	1.36841896e+01	
0.22008333	1.37213335e+01	
0.22166667	1.37013527e+01	
0.22325000	1.36335216e+01	
0.22483333	1.36205857e+01	
0.22641667	1.35960424e+01	
0.22800000	1.34918661e+01	
0.22958333	1.36057772e+01	
0.23116667	1.33677606e+01	
0.23275000	1.30896753e+01	
0.23433333	1.29250107e+01	
0.23591667	1.28066686e+01	
0.23750000	1.27324757e+01	
0.23908333	1.28071261e+01	
0.24066667	1.27652657e+01	
0.24225000	1.25566791e+01	
0.24383333	1.23532677e+01	
0.24541667	1.22178039e+01	
0.24700000	1.17607942e+01	
0.24858333	1.17315173e+01	
0.25016667	1.14891120e+01	
0.25175000	1.15298770e+01	
0.25333333	1.14241635e+01	
0.25491667	1.14796524e+01	
0.25650000	1.12475824e+01	
0.25808333	1.12150405e+01	
0.25966667	1.09893285e+01	
0.26125000	1.07165170e+01	
0.26283333	1.07297517e+01	
0.26441667	1.05932863e+01	
0.26600000	1.05869696e+01	
0.26758333	1.06105602e+01	
0.26916667	1.06442935e+01	
0.27075000	1.05349759e+01	
0.27233333	1.04544682e+01	
0.27391667	1.03443088e+01	
0.27550000	1.05034215e+01	
0.27708333	1.04118739e+01	
0.27866667	1.03332350e+01	
0.28025000	1.03888771e+01	
0.28183333	1.02830190e+01	
0.28341667	1.03976075e+01	
0.28500000	1.01797841e+01	
0.28658333	1.01917307e+01	
0.28816667	1.00863161e+01	
0.28975000	9.64969778e+00	
0.29133333	9.31350876e+00	
0.29291667	9.31029638e+00	
0.29450000	9.31504213e+00	
0.29608333	9.22466149e+00	
0.29766667	9.14257629e+00	
0.29925000	7.89520531e+00	
0.30083333	7.92093721e+00	
0.30241667	8.15098061e+00	
0.30400000	8.12152615e+00	
0.30558333	7.62153925e+00	
0.30716667	7.46524335e+00	
0.30875000	7.27455462e+00	
0.31033333	7.60660908e+00	
0.31191667	7.46831197e+00	
0.31350000	7.63131638e+00	
0.31508333	7.46619607e+00	
0.31666667	7.41511796e+00	
0.31825000	7.23221870e+00	
0.31983333	6.93162844e+00	
0.32141667	6.93189105e+00	
0.32300000	6.99231126e+00	
0.32458333	6.93761300e+00	
0.32616667	6.97368718e+00	
0.32775000	6.86966686e+00	
0.32933333	6.61615450e+00	
0.33091667	5.89301358e+00	
0.33250000	5.86333973e+00	
0.33408333	5.52681575e+00	
0.33566667	5.45441371e+00	
0.33725000	5.38420556e+00	
0.33883333	5.27222383e+00	
0.34041667	4.87505978e+00	
0.34200000	4.83209341e+00	
0.34358333	4.74834095e+00	
0.34516667	4.64096779e+00	
0.34675000	4.53406347e+00	
0.34833333	4.52460908e+00	
0.34991667	4.62711059e+00	
0.35150000	4.56985249e+00	
0.35308333	4.56143679e+00	
0.35466667	4.56577148e+00	
0.35625000	4.49446028e+00	
0.35783333	4.46478878e+00	
0.35941667	4.44798464e+00	
0.36100000	4.43384134e+00	
0.36258333	4.42441045e+00	
0.36416667	4.37053901e+00	
0.36575000	4.03905158e+00	
0.36733333	3.83563501e+00	
0.36891667	3.85171240e+00	
0.37050000	3.69788708e+00	
0.37208333	3.39132071e+00	
0.37366667	3.50972179e+00	
0.37525000	3.40472691e+00	
0.37683333	3.39515202e+00	
0.37841667	3.19292542e+00	
0.38000000	3.11733215e+00	
0.38158333	3.10819956e+00	
0.38316667	3.04781200e+00	
0.38475000	3.06042990e+00	
0.38633333	3.10360462e+00	
0.38791667	3.02209184e+00	
0.38950000	3.03257482e+00	
0.39108333	2.94808009e+00	
0.39266667	2.95390164e+00	
0.39425000	2.92444201e+00	
0.39583333	3.06369395e+00	
0.39741667	3.12056684e+00	
0.39900000	3.00155222e+00	
0.40058333	2.94211479e+00	
0.40216667	2.94825673e+00	
0.40375000	2.94493184e+00	
0.40533333	2.88429881e+00	
0.40691667	2.84541322e+00	
0.40850000	2.74120076e+00	
0.41008333	2.39182680e+00	
0.41166667	2.43560495e+00	
0.41325000	2.53260648e+00	
0.41483333	2.67515888e+00	
0.41641667	2.59919307e+00	
0.41800000	2.58096783e+00	
0.41958333	2.63572012e+00	
0.42116667	2.46870117e+00	
0.42275000	2.37787213e+00	
0.42433333	2.26997258e+00	
0.42591667	1.94931928e+00	
0.42750000	1.90981757e+00	
0.42908333	1.88018506e+00	
0.43066667	1.89298489e+00	
0.43225000	1.86842169e+00	
0.43383333	1.79337701e+00	
0.43541667	1.77715857e+00	
0.43700000	1.76793273e+00	
0.43858333	1.74708070e+00	
0.44016667	1.74332244e+00	
0.44175000	1.71975729e+00	
0.44333333	1.74809344e+00	
0.44491667	1.71839844e+00	
0.44650000	1.65556166e+00	
0.44808333	1.62348029e+00	
0.44966667	1.57770263e+00	
0.45125000	1.58462277e+00	
0.45283333	1.60025010e+00	
0.45441667	1.46209675e+00	
0.45600000	1.19249009e+00	
0.45758333	1.09518509e+00	
0.45916667	8.67534467e-01	
0.46075000	6.78456389e-01	
0.46233333	6.82021103e-01	
0.46391667	5.52101816e-01	
0.46550000	5.24345091e-01	
0.46708333	5.50373601e-01	
0.46866667	5.62224468e-01	
0.47025000	5.19531516e-01	
0.47183333	3.75595516e-01	
0.47341667	3.86371988e-01	
0.47500000	6.12826041e-01	
0.47658333	6.64717757e-01	
0.47816667	6.47219451e-01	
0.47975000	4.88340736e-01	
0.48133333	1.82244774e-01	
0.48291667	3.83594843e-02	
0.48450000	3.69463290e-02	
0.48608333	3.58046862e-02	
0.48766667	3.73405027e-02	
0.48925000	3.39765178e-02	
0.49083333	1.09379551e-03	
0.49241667	-2.19995172e-03	
0.49400000	-2.11063417e-04	
0.49558333	3.50176240e-05	
0.49716667	4.27196100e-04	
0.49875000	5.86075440e-04	
0.50033333	1.46626973e-04	
0.50191667	5.63843228e-05	
0.50350000	3.50768917e-05	
0.50508333	2.79500101e-05	
0.50666667	2.59864366e-05	
0.50825000	2.75139163e-05	
0.50983333	3.06767895e-05	
0.51141667	3.38245608e-05	
0.51300000	3.62721735e-05	
0.51458333	3.75944708e-05	
0.51616667	3.72835305e-05	
0.51775000	3.60355830e-05	
0.51933333	3.42035894e-05	
0.52091667	3.26546119e-05	
0.52250000	3.03954400e-05	
0.52408333	2.73382548e-05	
0.52566667	2.43457009e-05	
0.52725000	2.12935747e-05	
0.52883333	1.86329912e-05	
0.53041667	1.65080731e-05	
0.53200000	1.46125887e-05	
0.53358333	1.30753807e-05	
0.53516667	1.15499036e-05	
0.53675000	1.03619882e-05	
0.53833333	9.20213489e-06	
0.53991667	7.95231292e-06	
0.54150000	7.05566341e-06	
0.54308333	6.34179983e-06	
0.54466667	5.76242784e-06	
0.54625000	5.35761435e-06	
0.54783333	4.62518302e-06	
0.54941667	4.42572761e-06	
0.55100000	3.95864694e-06	
0.55258333	3.54948384e-06	
0.55416667	3.14485090e-06	
0.55575000	2.97412142e-06	
0.55733333	2.75177016e-06	
0.55891667	2.34115324e-06	
0.56050000	1.41483102e-06	
0.56208333	1.80247313e-06	
0.56366667	1.58740108e-06	
0.56525000	1.57178277e-06	
0.56683333	1.26090621e-06	
0.56841667	1.34537346e-06	
0.57000000	1.50191784e-06	
0.57158333	1.46856409e-06	
0.57316667	1.34655623e-06	
0.57475000	1.15401097e-06	
0.57633333	1.23777863e-06	
0.57791667	1.31719870e-06	
0.57950000	1.15059000e-06	
0.58108333	6.28337610e-07	
0.58266667	6.37068626e-07	
0.58425000	7.28892194e-07	
0.58583333	7.56243821e-07	
0.58741667	6.51889859e-07	
0.58900000	6.84385093e-07	
0.59058333	1.19614166e-06	
0.59216667	9.20839015e-07	
0.59375000	8.77928713e-07	
0.59533333	8.68990544e-07	
0.59691667	9.37684963e-07	
0.59850000	7.60220616e-07	
0.60008333	4.29772860e-07	
0.60166667	7.07363120e-08	
0.60325000	5.80936747e-08	
0.60483333	8.69414581e-08	
0.60641667	1.80114498e-07	
0.60800000	3.06541935e-07	
0.60958333	4.87253895e-07	
0.61116667	5.44897842e-07	
0.61275000	7.02318106e-07	
0.61433333	6.84901100e-07	
0.61591667	7.13638061e-07	
0.61750000	8.01270346e-07	
0.61908333	6.51637343e-07	
0.62066667	2.06940248e-07	
0.62225000	1.34663614e-07	
0.62383333	1.65759108e-07	
0.62541667	2.10482869e-07	
0.62700000	2.62593907e-07	
0.62858333	3.48794879e-07	
0.63016667	3.74470967e-07	
0.63175000	7.12429191e-07	
0.63333333	5.58118523e-07	
0.63491667	6.83093395e-07	
0.63650000	7.72549289e-07	
0.63808333	7.14506380e-07	
0.63966667	3.35752313e-07	
0.64125000	1.07337223e-07	
0.64283333	3.44482209e-07	
0.64441667	2.57971599e-07	
0.64600000	2.92264878e-07	
0.64758333	3.79959213e-07	
0.64916667	4.18347536e-07	
0.65075000	6.41386868e-07	
0.65233333	5.68144765e-07	
0.65391667	6.24708311e-07	
0.65550000	5.80615405e-07	
0.65708333	4.59814064e-07	
0.65866667	6.07596351e-07	
0.66025000	3.00465578e-07	
0.66183333	1.70685705e-07	
0.66341667	4.86997957e-08	
0.66500000	1.53357477e-07	
0.66658333	2.69190555e-07	
0.66816667	2.22107758e-07	
0.66975000	5.68620954e-07	
0.67133333	7.35415927e-07	
0.67291667	6.93197200e-07	
0.67450000	6.99206606e-07	
0.67608333	5.60497118e-07	
0.67766667	7.14240985e-07	
0.67925000	4.81807259e-07	
0.68083333	2.48076459e-07	
0.68241667	2.19669353e-07	
0.68400000	1.98988885e-07	
0.68558333	3.29228693e-07	
0.68716667	3.21103792e-07	
0.68875000	3.00362533e-07	
0.69033333	6.39401018e-07	
0.69191667	5.14605691e-07	
0.69350000	5.45934448e-07	
0.69508333	5.99646963e-07	
0.69666667	6.53357741e-07	
0.69825000	6.40395119e-07	
0.69983333	4.86259571e-07	
0.70141667	-4.41582439e-10	
0.70300000	1.41353605e-07	
0.70458333	3.04466482e-08	
0.70616667	2.93621875e-07	
0.70775000	1.57392654e-07	
0.70933333	3.03214993e-07	
0.71091667	7.02824200e-07	
0.71250000	4.57825695e-07	
0.71408333	5.06136711e-07	
0.71566667	4.81722415e-07	
0.71725000	8.08026993e-07	
0.71883333	6.13776061e-07	
0.72041667	4.29609389e-07	
0.72200000	1.17318369e-07	
0.72358333	7.86446438e-08	
0.72516667	2.71757094e-07	
0.72675000	1.56806238e-07	
0.72833333	2.10440041e-07	
0.72991667	4.83665254e-07	
0.73150000	5.68578281e-07	
0.73308333	6.95790453e-07	
0.73466667	5.03975742e-07	
0.73625000	4.54412930e-07	
0.73783333	6.00723611e-07	
0.73941667	4.87726165e-07	
0.74100000	3.62268467e-07	
0.74258333	1.08720212e-07	
0.74416667	1.51758256e-07	
0.74575000	3.00786893e-07	
0.74733333	3.69776360e-07	
0.74891667	3.89033496e-07	
0.75050000	3.56451318e-07	
0.75208333	5.95063829e-07	
0.75366667	5.98608676e-07	
0.75525000	5.03448366e-07	
0.75683333	6.87495304e-07	
0.75841667	5.55095732e-07	
0.76000000	4.66813790e-07	
0.76158333	2.02834143e-07	
0.76316667	7.89387550e-08	
0.76475000	1.97174207e-07	
0.76633333	2.38613239e-07	
0.76791667	2.24171857e-07	
0.76950000	3.08106897e-07	
0.77108333	5.22987811e-07	
0.77266667	6.07639977e-07	
0.77425000	4.88981853e-07	
0.77583333	5.73157830e-07	
0.77741667	6.62950131e-07	
0.77900000	5.39453278e-07	
0.78058333	3.20931864e-07	
0.78216667	1.39269947e-07	
0.78375000	1.74098960e-07	
0.78533333	1.81444964e-07	
0.78691667	2.45095194e-07	
0.78850000	2.51128092e-07	
0.79008333	2.57021293e-07	
0.79166667	4.63486177e-07	
0.79325000	5.68835668e-07	
0.79483333	5.53625218e-07	
0.79641667	7.35719068e-07	
0.79800000	7.18449685e-07	
0.79958333	4.35138769e-07	
0.80116667	3.58663894e-07	
0.80275000	6.84897572e-08	
0.80433333	1.24448588e-07	
0.80591667	1.06214401e-07	
0.80750000	1.90000173e-07	
0.80908333	8.44779776e-08	
0.81066667	2.72966972e-07	
0.81225000	6.82698857e-07	
0.81383333	5.30636802e-07	
0.81541667	7.88651747e-07	
0.81700000	6.73536846e-07	
0.81858333	6.61290497e-07	
0.82016667	1.88194904e-07	
0.82175000	-1.08374565e-07	
0.82333333	1.94883999e-07	
0.82491667	1.95531976e-07	
0.82650000	1.76025936e-07	
0.82808333	4.61242401e-08	
0.82966667	1.81150978e-07	
0.83125000	4.95808839e-07	
0.83283333	4.50609575e-07	
0.83441667	4.87123466e-07	
0.83600000	4.68170059e-07	
0.83758333	6.22850148e-07	
0.83916667	6.13562635e-07	
0.84075000	3.17518399e-07	
0.84233333	3.85791875e-07	
0.84391667	2.24915710e-07	
0.84550000	2.28070038e-07	
0.84708333	3.71402281e-07	
0.84866667	2.59053148e-07	
0.85025000	5.40879270e-07	
0.85183333	7.07934430e-07	
0.85341667	4.52726638e-07	
0.85500000	5.35303659e-07	
0.85658333	5.20819338e-07	
0.85816667	6.35468130e-07	
0.85975000	5.78127101e-07	
0.86133333	2.13023423e-07	
0.86291667	2.86207114e-07	
0.86450000	1.74781253e-07	
0.86608333	3.57271867e-07	
0.86766667	1.79630118e-07	
0.86925000	1.76000917e-07	
0.87083333	4.36842057e-07	
0.87241667	3.10560647e-07	
0.87400000	5.77350122e-07	
0.87558333	4.31812108e-07	
0.87716667	4.90276463e-07	
0.87875000	5.67325056e-07	
0.88033333	2.99334327e-07	
0.88191667	2.46328519e-09	
0.88350000	1.25157636e-07	
0.88508333	3.01227744e-07	
0.88666667	2.73234076e-07	
0.88825000	1.50686983e-07	
0.88983333	3.88557055e-07	
0.89141667	2.15098722e-07	
0.89300000	4.65171825e-07	
0.89458333	5.76916719e-07	
0.89616667	6.83003175e-07	
0.89775000	7.92256853e-07	
0.89933333	6.85679927e-07	
0.90091667	4.00571274e-07	
0.90250000	1.80303534e-07	
0.90408333	1.98384100e-07	
0.90566667	3.90803988e-07	
0.90725000	1.19834065e-07	
0.90883333	2.84331814e-07	
0.91041667	3.51438281e-07	
0.91200000	7.28848848e-07	
0.91358333	5.33661610e-07	
0.91516667	4.80555323e-07	
0.91675000	4.66382375e-07	
0.91833333	5.91261986e-07	
0.91991667	3.70114587e-07	
0.92150000	1.39323724e-07	
0.92308333	5.04794401e-08	
0.92466667	3.43575248e-07	
0.92625000	2.61948142e-07	
0.92783333	6.53962414e-08	
0.92941667	1.91209702e-07	
0.93100000	3.66821836e-07	
0.93258333	4.39114919e-07	
0.93416667	5.30593120e-07	
0.93575000	5.49001594e-07	
0.93733333	6.59968781e-07	
0.93891667	6.71161724e-07	
0.94050000	4.82671546e-07	
0.94208333	2.81850875e-07	
0.94366667	1.26565819e-07	
0.94525000	3.47203791e-07	
0.94683333	1.64463728e-07	
0.94841667	7.10741331e-08	
0.95000000	2.33904057e-07	
0.95158333	4.72906836e-07	
0.95316667	5.00260031e-07	
0.95475000	5.92342947e-07	
0.95633333	7.00542882e-07	
0.95791667	6.31969093e-07	
0.95950000	6.55562280e-07	
0.96108333	2.07517703e-07	
0.96266667	3.89594977e-07	
0.96425000	3.19159665e-07	
0.96583333	1.05263170e-07	
0.96741667	1.85394709e-07	
0.96900000	1.18528842e-07	
0.97058333	2.80139774e-07	
0.97216667	3.78280986e-07	
0.97375000	4.92956351e-07	
0.97533333	6.28812791e-07	
0.97691667	6.06645373e-07	
0.97850000	6.92229141e-07	
0.98008333	5.83398282e-07	
0.98166667	3.70815235e-07	
0.98325000	2.05341082e-07	
0.98483333	9.46760142e-08	
0.98641667	1.41084625e-07	
0.98800000	2.64411552e-07	
0.98958333	1.19566233e-07	
0.99116667	3.09740154e-07	
0.99275000	3.99679714e-07	
0.99433333	4.33412492e-07	
0.99591667	5.04234361e-07	
0.99750000	5.37075299e-07	
0.99908333	6.53426624e-07	
1.00066667	3.60892962e-07	
1.00225000	-1.43456807e-08	
1.00383333	1.23800359e-07	
1.00541667	2.14492452e-07	
1.00700000	1.46677428e-07	
1.00858333	2.37205056e-07	
1.01016667	3.29660892e-07	
1.01175000	7.07890860e-07	
1.01333333	4.88074108e-07	
1.01491667	6.13085998e-07	
1.01650000	5.96241450e-07	
1.01808333	6.34039674e-07	
1.01966667	5.84696812e-07	
1.02125000	2.41950709e-07	
1.02283333	8.38728424e-08	
1.02441667	3.98919655e-08	
1.02600000	2.67608568e-07	
1.02758333	2.57142706e-07	
1.02916667	2.79630627e-07	
1.03075000	3.56001030e-07	
1.03233333	3.83847384e-07	
1.03391667	5.61922662e-07	
1.03550000	6.27344573e-07	
1.03708333	5.39711281e-07	
1.03866667	6.31750235e-07	
1.04025000	5.06915930e-07	
1.04183333	9.32851498e-08	
1.04341667	1.51844639e-07	
1.04500000	2.23662724e-07	
1.04658333	2.68689556e-07	
1.04816667	1.61332767e-07	
1.04975000	3.10041924e-07	
1.05133333	3.95126738e-07	
1.05291667	4.18113865e-07	
1.05450000	5.49303560e-07	
1.05608333	4.50566509e-07	
@ 
0.00000000	5.93682247e-07	
0.00158333	5.42131654e-07	
0.00316667	5.23463720e-07	
0.00475000	2.61999272e-07	
0.00633333	-9.59554196e-08	
0.00791667	9.03921247e-09	
0.00950000	2.01615347e-07	
0.01108333	2.66260335e-07	
0.01266667	3.82119650e-07	
0.01425000	7.73226919e-07	
0.01583333	5.67929547e-07	
0.01741667	4.60029590e-07	
0.01900000	5.37724312e-07	
0.02058333	6.13258261e-07	
0.02216667	5.52527736e-07	
0.02375000	3.34456723e-07	
0.02533333	-1.08426087e-07	
0.02691667	1.73882874e-07	
0.02850000	2.76345968e-07	
0.03008333	1.86698993e-07	
0.03166667	1.83951426e-07	
0.03325000	2.43626920e-07	
0.03483333	4.44992243e-07	
0.03641667	4.88332504e-07	
0.03800000	4.99265706e-07	
0.03958333	5.94159612e-07	
0.04116667	5.59371971e-07	
0.04275000	4.73321422e-07	
0.04433333	3.08227582e-07	
0.04591667	-1.42167034e-08	
0.04750000	2.92152677e-07	
0.04908333	1.93370671e-07	
0.05066667	2.36410520e-07	
0.05225000	2.43537736e-07	
0.05383333	3.57401765e-07	
0.05541667	4.78221306e-07	
0.05700000	5.10802504e-07	
0.05858333	5.96725256e-07	
0.06016667	5.63589969e-07	
0.06175000	4.35745808e-07	
0.06333333	4.54585306e-07	
0.06491667	8.48768275e-08	
0.06650000	1.96222571e-07	
0.06808333	1.13862013e-07	
0.06966667	1.16514950e-07	
0.07125000	3.90113050e-08	
0.07283333	1.81661189e-07	
0.07441667	3.09048607e-07	
0.07600000	4.29566491e-07	
0.07758333	4.80555939e-07	
0.07916667	4.84099162e-07	
0.08075000	4.96715744e-07	
0.08233333	4.03700582e-07	
0.08391667	-2.46276366e-09	
0.08550000	2.12686256e-08	
0.08708333	2.20724370e-07	
0.08866667	2.19885676e-07	
0.09025000	3.29659380e-07	
0.09183333	6.04783387e-08	
0.09341667	3.66001483e-07	
0.09500000	5.59763429e-07	
0.09658333	4.04934234e-07	
0.09816667	5.58249065e-07	
0.09975000	5.82662689e-07	
0.10133333	6.06040714e-07	
0.10291667	4.11787009e-07	
0.10450000	-1.37231694e-07	
0.10608333	-7.67952729e-08	
0.10766667	-4.36612181e-08	
0.10925000	2.34855540e-07	
0.11083333	2.76077380e-07	
0.11241667	1.46141203e-07	
0.11400000	3.19098874e-07	
0.11558333	4.39677549e-07	
0.11716667	5.32537807e-07	
0.11875000	5.53927463e-07	
0.12033333	4.78998733e-07	
0.12191667	4.36462220e-07	
0.12350000	2.96879793e-07	
0.12508333	6.18876769e-08	
0.12666667	1.68913365e-07	
0.12825000	3.89767094e-08	
0.12983333	1.88238012e-07	
0.13141667	1.18054907e-07	
0.13300000	2.88436350e-07	
0.13458333	3.26809244e-07	
0.13616667	3.71316149e-07	
0.13775000	5.27136589e-07	
0.13933333	5.68403889e-07	
0.14091667	8.05591443e-07	
0.14250000	5.08038444e-07	
0.14408333	2.28554361e-07	
0.14566667	2.24311219e-07	
0.14725000	6.84469363e-08	
0.14883333	2.55741859e-07	
0.15041667	1.82766049e-07	
0.15200000	2.46304988e-07	
0.15358333	6.11787075e-07	
0.15516667	6.59320832e-07	
0.15675000	5.07260681e-07	
0.15833333	5.09074043e-07	
0.15991667	6.52926969e-07	
0.16150000	6.38623087e-07	
0.16308333	3.94865542e-07	
0.16466667	5.41006570e-08	
0.16625000	4.39199602e-08	
0.16783333	2.26773930e-07	
0.16941667	2.98936850e-07	
0.17100000	2.28458751e-07	
0.17258333	2.91530993e-07	
0.17416667	2.46435362e-07	
0.17575000	7.18130023e-07	
0.17733333	6.47438723e-07	
0.17891667	5.44984030e-07	
0.18050000	6.53488171e-07	
0.18208333	4.74202230e-07	
0.18366667	4.12151082e-07	
0.18525000	2.08243664e-07	
0.18683333	1.85376333e-08	
0.18841667	1.12997754e-07	
0.19000000	8.97937361e-08	
0.19158333	2.07588113e-07	
0.19316667	1.74098176e-07	
0.19475000	1.65456554e-07	
0.19633333	4.56831902e-07	
0.19791667	4.92739790e-07	
0.19950000	6.91427185e-07	
0.20108333	5.41223405e-07	
0.20266667	5.24718232e-07	
0.20425000	4.34405584e-07	
0.20583333	2.06507768e-07	
0.20741667	1.70987516e-07	
0.20900000	7.01144531e-08	
0.21058333	8.79786177e-08	
0.21216667	1.87304450e-07	
0.21375000	2.43454796e-07	
0.21533333	7.11217129e-07	
0.21691667	5.20654746e-07	
0.21850000	5.76268210e-07	
0.22008333	6.09715206e-07	
0.22166667	5.78515366e-07	
0.22325000	4.65431004e-07	
0.22483333	1.42381825e-07	
0.22641667	3.24267010e-08	
0.22800000	1.56598245e-07	
0.22958333	7.17045814e-08	
0.23116667	1.47947481e-07	
0.23275000	8.43666656e-08	
0.23433333	3.18599080e-07	
0.23591667	4.98971413e-07	
0.23750000	4.84011798e-07	
0.23908333	6.62647886e-07	
0.24066667	4.53029808e-07	
0.24225000	4.71135756e-07	
0.24383333	2.39910649e-07	
0.24541667	-4.19410309e-08	
0.24700000	1.23524449e-07	
0.24858333	2.59269741e-08	
0.25016667	7.04773284e-08	
0.25175000	-9.87839175e-09	
0.25333333	1.83476441e-07	
0.25491667	5.62139840e-07	
0.25650000	5.45113508e-07	
0.25808333	6.10189044e-07	
0.25966667	6.30110874e-07	
0.26125000	6.14641019e-07	
0.26283333	7.37011942e-07	
0.26441667	3.22745730e-07	
0.26600000	1.24491864e-07	
0.26758333	1.81272098e-07	
0.26916667	2.31025934e-07	
0.27075000	1.71689340e-07	
0.27233333	6.05032719e-10	
0.27391667	4.04709020e-07	
0.27550000	7.10614598e-07	
0.27708333	4.38519445e-07	
0.27866667	5.02506908e-07	
0.28025000	3.56840312e-07	
0.28183333	5.85256501e-07	
0.28341667	4.69077048e-07	
0.28500000	5.07297538e-08	
0.28658333	2.31398421e-07	
0.28816667	3.00834159e-08	
0.28975000	9.77008149e-08	
0.29133333	-3.65398721e-08	
0.29291667	8.55063167e-08	
0.29450000	3.55760555e-07	
0.29608333	2.76267648e-07	
0.29766667	4.64479886e-07	
0.29925000	5.18149418e-07	
0.30083333	5.48812138e-07	
0.30241667	7.24570760e-07	
0.30400000	4.82023933e-07	
0.30558333	2.26428184e-07	
0.30716667	1.01158459e-07	
0.30875000	1.35554026e-07	
0.31033333	2.14207750e-07	
0.31191667	2.07155633e-07	
0.31350000	2.95818574e-07	
0.31508333	3.05590256e-07	
0.31666667	4.77045981e-07	
0.31825000	4.93388803e-07	
0.31983333	4.00397554e-07	
0.32141667	5.70778675e-07	
0.32300000	4.11675256e-07	
0.32458333	2.87943500e-07	
0.32616667	7.03911265e-08	
0.32775000	6.07553621e-08	
0.32933333	2.20983494e-07	
0.33091667	2.46884390e-07	
0.33250000	2.39735725e-07	
0.33408333	3.52390100e-07	
0.33566667	3.26211865e-07	
0.33725000	6.49426588e-07	
0.33883333	6.05825552e-07	
0.34041667	5.53194390e-07	
0.34200000	5.67366106e-07	
0.34358333	4.40371084e-07	
0.34516667	2.46823151e-07	
0.34675000	-2.73361478e-08	
0.34833333	2.11174038e-07	
0.34991667	1.87624533e-07	
0.35150000	1.04485113e-07	
0.35308333	6.62001224e-08	
0.35466667	1.13481042e-07	
0.35625000	4.37645525e-07	
0.35783333	3.64662155e-07	
0.35941667	4.65870876e-07	
0.36100000	6.87755212e-07	
0.36258333	5.16204674e-07	
0.36416667	5.74497802e-07	
0.36575000	3.49796736e-07	
0.36733333	1.93543970e-07	
0.36891667	2.74418949e-07	
0.37050000	1.63270132e-07	
0.37208333	1.76302771e-07	
0.37366667	3.81773526e-07	
0.37525000	7.57843085e-07	
0.37683333	7.28112807e-07	
0.37841667	7.12645249e-07	
0.38000000	6.33050221e-07	
0.38158333	5.64815976e-07	
0.38316667	6.21726625e-07	
0.38475000	5.02263633e-07	
0.38633333	3.89724819e-07	
0.38791667	4.38422980e-07	
0.38950000	4.90191451e-07	
0.39108333	5.71602080e-07	
0.39266667	7.14847604e-07	
0.39425000	9.65866267e-07	
0.39583333	1.23942969e-06	
0.39741667	1.27903893e-06	
0.39900000	1.44928601e-06	
0.40058333	1.75542430e-06	
0.40216667	2.04817296e-06	
0.40375000	2.16229376e-06	
0.40533333	2.20419730e-06	
0.40691667	2.92126849e-06	
0.40850000	3.56594186e-06	
0.41008333	4.39871648e-06	
0.41166667	5.47312738e-06	
0.41325000	6.65028900e-06	
0.41483333	8.45627461e-06	
0.41641667	1.07095021e-05	
0.41800000	1.37922451e-05	
0.41958333	1.75375856e-05	
0.42116667	2.27090745e-05	
0.42275000	2.98496494e-05	
0.42433333	3.93044130e-05	
0.42591667	5.49532785e-05	
0.42750000	8.63010945e-05	
0.42908333	1.63131087e-04	
0.43066667	3.50469625e-04	
0.43225000	4.46893702e-04	
0.43383333	2.99134378e-04	
0.43541667	2.95083703e-04	
0.43700000	5.39069544e-04	
0.43858333	7.14982910e-04	
0.44016667	6.58368767e-04	
0.44175000	8.99614216e-04	
0.44333333	9.74805724e-04	
0.44491667	1.06375737e-03	
0.44650000	1.29431491e-03	
0.44808333	1.48957621e-03	
0.44966667	1.98926867e-03	
0.45125000	1.89114111e-03	
0.45283333	2.27394394e-03	
0.45441667	2.69027157e-03	
0.45600000	3.40775359e-03	
0.45758333	8.81366732e-03	
0.45916667	1.29393330e-02	
0.46075000	1.48090075e-02	
0.46233333	1.84847292e-02	
0.46391667	2.34848035e-02	
0.46550000	3.15204219e-02	
0.46708333	3.75360646e-02	
0.46866667	3.78016976e-02	
0.47025000	4.31904257e-02	
0.47183333	5.29418572e-02	
0.47341667	5.17985739e-02	
0.47500000	7.55374053e-02	
0.47658333	1.23483743e-01	
0.47816667	1.44448769e-01	
0.47975000	1.64497630e-01	
0.48133333	2.49488254e-01	
0.48291667	3.08028253e-01	
0.48450000	3.41244562e-01	
0.48608333	3.79119564e-01	
0.48766667	4.04151283e-01	
0.48925000	4.36237940e-01	
0.49083333	4.50370044e-01	
0.49241667	1.13275317e+00	
0.49400000	1.34963854e+00	
0.49558333	1.53174985e+00	
0.49716667	1.84772997e+00	
0.49875000	1.92962139e+00	
0.50033333	4.01185160e+00	
0.50191667	6.70280083e+00	
0.50350000	8.62781236e+00	
0.50508333	9.46764460e+00	
0.50666667	1.04448104e+01	
0.50825000	1.07922921e+01	
0.50983333	1.14116185e+01	
0.51141667	1.22671368e+01	
0.51300000	1.38272424e+01	
0.51458333	1.53626270e+01	
0.51616667	1.57969575e+01	
0.51775000	1.60296355e+01	
0.51933333	1.60403709e+01	
0.52091667	1.63617327e+01	
0.52250000	1.62169962e+01	
0.52408333	1.59706100e+01	
0.52566667	1.61141344e+01	
0.52725000	1.71815005e+01	
0.52883333	1.82138019e+01	
0.53041667	1.82751387e+01	
0.53200000	1.88519252e+01	
