start voltage : 0.00 V 
set voltage : 0.10 V 
High G : 30.00 G0 
Intermediate G : 20.00 G0 
Low G : 10.00 G0 
Breaking speed 1 : 300.00 V/s 
Breaking speed 2 : 300.00 V/s 
Making speed : 500.00 V/s 
Post breaking : 230.00 V/s 
@ 
0.00000000	4.31258205e+01	
0.00158333	4.38241738e+01	
0.00316667	4.39767331e+01	
0.00475000	4.38335281e+01	
0.00633333	4.39985423e+01	
0.00791667	4.39378914e+01	
0.00950000	4.39939346e+01	
0.01108333	4.39912550e+01	
0.01266667	4.39799351e+01	
0.01425000	4.39660821e+01	
0.01583333	4.39917548e+01	
0.01741667	4.39366211e+01	
0.01900000	4.39887257e+01	
0.02058333	4.38960018e+01	
0.02216667	4.40112114e+01	
0.02375000	4.38295895e+01	
0.02533333	4.40684873e+01	
0.02691667	4.40622073e+01	
0.02850000	4.40863241e+01	
0.03008333	4.41384211e+01	
0.03166667	4.40314872e+01	
0.03325000	4.41681716e+01	
0.03483333	4.41282851e+01	
0.03641667	4.39819683e+01	
0.03800000	4.40482979e+01	
0.03958333	4.40176305e+01	
0.04116667	4.41452198e+01	
0.04275000	4.41571298e+01	
0.04433333	4.40712722e+01	
0.04591667	4.40449305e+01	
0.04750000	4.38412965e+01	
0.04908333	4.40682430e+01	
0.05066667	4.39829981e+01	
0.05225000	4.39523306e+01	
0.05383333	4.40520863e+01	
0.05541667	4.39355725e+01	
0.05700000	4.41329604e+01	
0.05858333	4.40661309e+01	
0.06016667	4.38519098e+01	
0.06175000	4.40684648e+01	
0.06333333	4.39187054e+01	
0.06491667	4.39925253e+01	
0.06650000	4.38891955e+01	
0.06808333	4.37874292e+01	
0.06966667	4.39780973e+01	
0.07125000	4.39233845e+01	
0.07283333	4.38441039e+01	
0.07441667	4.38871059e+01	
0.07600000	4.38179576e+01	
0.07758333	4.38395263e+01	
0.07916667	4.37376736e+01	
0.08075000	4.38138160e+01	
0.08233333	4.37630682e+01	
0.08391667	4.37039619e+01	
0.08550000	4.38363431e+01	
0.08708333	4.36816942e+01	
0.08866667	4.37871211e+01	
0.09025000	4.37464829e+01	
0.09183333	4.35540109e+01	
0.09341667	4.36084043e+01	
0.09500000	4.36578931e+01	
0.09658333	4.36404886e+01	
0.09816667	4.36656164e+01	
0.09975000	4.36850691e+01	
0.10133333	4.36029510e+01	
0.10291667	4.35684802e+01	
0.10450000	4.37387259e+01	
0.10608333	4.35915109e+01	
0.10766667	4.36518912e+01	
0.10925000	4.35997565e+01	
0.11083333	4.35079045e+01	
0.11241667	4.36367115e+01	
0.11400000	4.34901354e+01	
0.11558333	4.36151466e+01	
0.11716667	4.36534809e+01	
0.11875000	4.34903008e+01	
0.12033333	4.35941191e+01	
0.12191667	4.34309052e+01	
0.12350000	4.34998506e+01	
0.12508333	4.34676385e+01	
0.12666667	4.33625348e+01	
0.12825000	4.33521883e+01	
0.12983333	4.31420449e+01	
0.13141667	4.32898199e+01	
0.13300000	4.31506814e+01	
0.13458333	4.29442850e+01	
0.13616667	4.30097916e+01	
0.13775000	4.29908687e+01	
0.13933333	4.28726976e+01	
0.14091667	4.29090175e+01	
0.14250000	4.28940107e+01	
0.14408333	4.30428906e+01	
0.14566667	4.29653125e+01	
0.14725000	4.29152149e+01	
0.14883333	4.30255538e+01	
0.15041667	4.29053644e+01	
0.15200000	4.29439693e+01	
0.15358333	4.28372684e+01	
0.15516667	4.29837882e+01	
0.15675000	4.29697886e+01	
0.15833333	4.28572474e+01	
0.15991667	4.28411695e+01	
0.16150000	4.27349422e+01	
0.16308333	4.27974346e+01	
0.16466667	4.28047256e+01	
0.16625000	4.26737802e+01	
0.16783333	4.25973859e+01	
0.16941667	4.23549665e+01	
0.17100000	4.25264411e+01	
0.17258333	4.20798766e+01	
0.17416667	4.17329436e+01	
0.17575000	4.18529525e+01	
0.17733333	4.17473039e+01	
0.17891667	4.20562070e+01	
0.18050000	4.18464357e+01	
0.18208333	4.18008404e+01	
0.18366667	4.19154074e+01	
0.18525000	4.17376527e+01	
0.18683333	4.17412343e+01	
0.18841667	4.16387239e+01	
0.19000000	4.16744274e+01	
0.19158333	4.17454135e+01	
0.19316667	4.14988413e+01	
0.19475000	4.16506038e+01	
0.19633333	4.14714210e+01	
0.19791667	4.14855408e+01	
0.19950000	4.14905054e+01	
0.20108333	4.13180011e+01	
0.20266667	4.14412872e+01	
0.20425000	4.12319556e+01	
0.20583333	4.12640888e+01	
0.20741667	4.12881717e+01	
0.20900000	4.06933962e+01	
0.21058333	4.05769426e+01	
0.21216667	4.03756913e+01	
0.21375000	4.04715609e+01	
0.21533333	4.04606506e+01	
0.21691667	4.02901983e+01	
0.21850000	3.96426455e+01	
0.22008333	3.96072313e+01	
0.22166667	3.96434234e+01	
0.22325000	3.95657438e+01	
0.22483333	3.94339302e+01	
0.22641667	3.95276388e+01	
0.22800000	3.93733019e+01	
0.22958333	3.91044206e+01	
0.23116667	3.88716449e+01	
0.23275000	3.84589085e+01	
0.23433333	3.83311350e+01	
0.23591667	3.85204012e+01	
0.23750000	3.85209875e+01	
0.23908333	3.83103781e+01	
0.24066667	3.80712434e+01	
0.24225000	3.79869794e+01	
0.24383333	3.76970969e+01	
0.24541667	3.75606418e+01	
0.24700000	3.77186054e+01	
0.24858333	3.76897157e+01	
0.25016667	3.77160423e+01	
0.25175000	3.74913131e+01	
0.25333333	3.76876223e+01	
0.25491667	3.77901365e+01	
0.25650000	3.74682862e+01	
0.25808333	3.70134046e+01	
0.25966667	3.66040807e+01	
0.26125000	3.66560725e+01	
0.26283333	3.65630329e+01	
0.26441667	3.62547199e+01	
0.26600000	3.62001198e+01	
0.26758333	3.55684795e+01	
0.26916667	3.54206256e+01	
0.27075000	3.52961330e+01	
0.27233333	3.51820885e+01	
0.27391667	3.50097157e+01	
0.27550000	3.50116061e+01	
0.27708333	3.49148871e+01	
0.27866667	3.48215093e+01	
0.28025000	3.47724451e+01	
0.28183333	3.47736929e+01	
0.28341667	3.45590659e+01	
0.28500000	3.44094042e+01	
0.28658333	3.44243471e+01	
0.28816667	3.44914472e+01	
0.28975000	3.44601821e+01	
0.29133333	3.39857162e+01	
0.29291667	3.36461081e+01	
0.29450000	3.35463675e+01	
0.29608333	3.34777454e+01	
0.29766667	3.32040272e+01	
0.29925000	3.29414222e+01	
0.30083333	3.29671663e+01	
0.30241667	3.28479316e+01	
0.30400000	3.19531638e+01	
0.30558333	3.16204070e+01	
0.30716667	3.14757627e+01	
0.30875000	3.14614005e+01	
0.31033333	3.12980494e+01	
0.31191667	3.12493892e+01	
0.31350000	3.11838263e+01	
0.31508333	3.09082064e+01	
0.31666667	3.08019358e+01	
0.31825000	3.04618655e+01	
0.31983333	3.00909228e+01	
0.32141667	2.99747755e+01	
0.32300000	2.99038007e+01	
0.32458333	2.98294998e+01	
0.32616667	2.97788816e+01	
0.32775000	2.98604717e+01	
0.32933333	2.97752849e+01	
0.33091667	2.96721807e+01	
0.33250000	2.94788217e+01	
0.33408333	2.91195184e+01	
0.33566667	2.88933667e+01	
0.33725000	2.85969655e+01	
0.33883333	2.82966538e+01	
0.34041667	2.82480125e+01	
0.34200000	2.82019549e+01	
0.34358333	2.81885097e+01	
0.34516667	2.80760343e+01	
0.34675000	2.79936587e+01	
0.34833333	2.80746155e+01	
0.34991667	2.80101237e+01	
0.35150000	2.79727083e+01	
0.35308333	2.79172495e+01	
0.35466667	2.77578802e+01	
0.35625000	2.71543818e+01	
0.35783333	2.68167186e+01	
0.35941667	2.70073491e+01	
0.36100000	2.68837134e+01	
0.36258333	2.68884733e+01	
0.36416667	2.70244510e+01	
0.36575000	2.67889413e+01	
0.36733333	2.66607938e+01	
0.36891667	2.65394376e+01	
0.37050000	2.60137765e+01	
0.37208333	2.53121085e+01	
0.37366667	2.46370959e+01	
0.37525000	2.45941615e+01	
0.37683333	2.46842001e+01	
0.37841667	2.45865510e+01	
0.38000000	2.42718733e+01	
0.38158333	2.39650955e+01	
0.38316667	2.39702293e+01	
0.38475000	2.37589942e+01	
0.38633333	2.33733962e+01	
0.38791667	2.29065295e+01	
0.38950000	2.26632476e+01	
0.39108333	2.24657451e+01	
0.39266667	2.20821465e+01	
0.39425000	2.19471534e+01	
0.39583333	2.19092964e+01	
0.39741667	2.18202481e+01	
0.39900000	2.17985027e+01	
0.40058333	2.16656800e+01	
0.40216667	2.14090300e+01	
0.40375000	2.13751323e+01	
0.40533333	2.13751830e+01	
0.40691667	2.13494577e+01	
0.40850000	2.13233547e+01	
0.41008333	2.12921799e+01	
0.41166667	2.14021805e+01	
0.41325000	2.14738694e+01	
0.41483333	2.12910543e+01	
0.41641667	2.13725673e+01	
0.41800000	2.13870573e+01	
0.41958333	2.12190666e+01	
0.42116667	2.12033495e+01	
0.42275000	2.12254857e+01	
0.42433333	2.08535359e+01	
0.42591667	1.96774902e+01	
0.42750000	1.96975912e+01	
0.42908333	1.98425118e+01	
0.43066667	1.97583342e+01	
0.43225000	1.95196412e+01	
0.43383333	1.96184798e+01	
0.43541667	1.96317690e+01	
0.43700000	1.93778832e+01	
0.43858333	1.92960375e+01	
0.44016667	1.91182735e+01	
0.44175000	1.90869521e+01	
0.44333333	1.90313148e+01	
0.44491667	1.86472445e+01	
0.44650000	1.80760897e+01	
0.44808333	1.77240718e+01	
0.44966667	1.71041084e+01	
0.45125000	1.66182418e+01	
0.45283333	1.67993338e+01	
0.45441667	1.70300292e+01	
0.45600000	1.69002488e+01	
0.45758333	1.68974132e+01	
0.45916667	1.65767843e+01	
0.46075000	1.60890179e+01	
0.46233333	1.56108031e+01	
0.46391667	1.54130122e+01	
0.46550000	1.51234501e+01	
0.46708333	1.48801165e+01	
0.46866667	1.47424870e+01	
0.47025000	1.47065993e+01	
0.47183333	1.45910440e+01	
0.47341667	1.46686399e+01	
0.47500000	1.46354911e+01	
0.47658333	1.45470892e+01	
0.47816667	1.44535328e+01	
0.47975000	1.38988946e+01	
0.48133333	1.35599846e+01	
0.48291667	1.33270708e+01	
0.48450000	1.32914566e+01	
0.48608333	1.29678803e+01	
0.48766667	1.31032032e+01	
0.48925000	1.31224220e+01	
0.49083333	1.30774365e+01	
0.49241667	1.29413592e+01	
0.49400000	1.29947904e+01	
0.49558333	1.28016616e+01	
0.49716667	1.26596359e+01	
0.49875000	1.21477310e+01	
0.50033333	1.20071682e+01	
0.50191667	1.25831176e+01	
0.50350000	1.25641524e+01	
0.50508333	1.25201648e+01	
0.50666667	1.24492811e+01	
0.50825000	1.23532489e+01	
0.50983333	1.10465885e+01	
0.51141667	1.08845387e+01	
0.51300000	1.09666455e+01	
0.51458333	1.09284221e+01	
0.51616667	1.09133383e+01	
0.51775000	1.11015672e+01	
0.51933333	1.10890174e+01	
0.52091667	1.10110269e+01	
0.52250000	1.08469598e+01	
0.52408333	1.07855817e+01	
0.52566667	1.07853891e+01	
0.52725000	1.06704285e+01	
0.52883333	1.06993727e+01	
0.53041667	1.06648615e+01	
0.53200000	1.06222513e+01	
0.53358333	1.05885866e+01	
0.53516667	1.05518768e+01	
0.53675000	1.04988110e+01	
0.53833333	8.64392686e+00	
0.53991667	8.57007132e+00	
0.54150000	8.70058177e+00	
0.54308333	8.57460755e+00	
0.54466667	8.49571029e+00	
0.54625000	8.46878420e+00	
0.54783333	8.46466608e+00	
0.54941667	8.27350381e+00	
0.55100000	7.67227630e+00	
0.55258333	7.70564359e+00	
0.55416667	7.70910683e+00	
0.55575000	7.64736511e+00	
0.55733333	7.65098338e+00	
0.55891667	7.59895537e+00	
0.56050000	7.61571958e+00	
0.56208333	7.53968236e+00	
0.56366667	7.52574390e+00	
0.56525000	7.46470967e+00	
0.56683333	7.43771499e+00	
0.56841667	7.46280047e+00	
0.57000000	7.40294494e+00	
0.57158333	7.44413646e+00	
0.57316667	7.24786859e+00	
0.57475000	6.80945805e+00	
0.57633333	6.74258395e+00	
0.57791667	6.20667086e+00	
0.57950000	6.20362291e+00	
0.58108333	6.09625021e+00	
0.58266667	5.71184265e+00	
0.58425000	5.69929756e+00	
0.58583333	5.63598301e+00	
0.58741667	5.72579051e+00	
0.58900000	5.69124924e+00	
0.59058333	5.30588050e+00	
0.59216667	5.22949189e+00	
0.59375000	5.15561520e+00	
0.59533333	5.07523014e+00	
0.59691667	4.91077316e+00	
0.59850000	4.83486185e+00	
0.60008333	4.88516951e+00	
0.60166667	4.90679363e+00	
0.60325000	4.95732068e+00	
0.60483333	4.86992928e+00	
0.60641667	4.83591181e+00	
0.60800000	4.84787484e+00	
0.60958333	4.40231655e+00	
0.61116667	4.23845009e+00	
0.61275000	4.16751424e+00	
0.61433333	4.02976772e+00	
0.61591667	3.90630778e+00	
0.61750000	3.68559051e+00	
0.61908333	3.70256753e+00	
0.62066667	3.64756908e+00	
0.62225000	3.67858064e+00	
0.62383333	3.27099116e+00	
0.62541667	2.89074236e+00	
0.62700000	2.70645466e+00	
0.62858333	2.67779695e+00	
0.63016667	2.85207286e+00	
0.63175000	2.95714855e+00	
0.63333333	2.96266286e+00	
0.63491667	3.02141817e+00	
0.63650000	2.86422498e+00	
0.63808333	2.66251678e+00	
0.63966667	2.71272086e+00	
0.64125000	2.69915399e+00	
0.64283333	2.72652966e+00	
0.64441667	2.67970051e+00	
0.64600000	2.66590016e+00	
0.64758333	2.66495895e+00	
0.64916667	2.52289888e+00	
0.65075000	2.34124197e+00	
0.65233333	2.33000099e+00	
0.65391667	2.39843477e+00	
0.65550000	2.30862140e+00	
0.65708333	2.35569179e+00	
0.65866667	2.34884094e+00	
0.66025000	2.32874057e+00	
0.66183333	2.32409981e+00	
0.66341667	2.31869214e+00	
0.66500000	2.27716543e+00	
0.66658333	2.27144088e+00	
0.66816667	2.23640140e+00	
0.66975000	2.20148313e+00	
0.67133333	2.20554722e+00	
0.67291667	2.03827906e+00	
0.67450000	1.14478502e+00	
0.67608333	1.26848996e+00	
0.67766667	1.30306964e+00	
0.67925000	1.15023380e+00	
0.68083333	1.12079696e+00	
0.68241667	1.22756410e+00	
0.68400000	1.52095224e+00	
0.68558333	1.44060769e+00	
0.68716667	1.38729459e+00	
0.68875000	1.08384382e+00	
0.69033333	7.69600188e-01	
0.69191667	8.49425854e-01	
0.69350000	8.57143862e-01	
0.69508333	8.90432108e-01	
0.69666667	8.94684056e-01	
0.69825000	9.07607672e-01	
0.69983333	8.82274500e-01	
0.70141667	8.88752633e-01	
0.70300000	8.75600173e-01	
0.70458333	8.76134082e-01	
0.70616667	8.52582914e-01	
0.70775000	8.45938360e-01	
0.70933333	7.01016725e-01	
0.71091667	5.34126093e-01	
0.71250000	4.77263455e-01	
0.71408333	4.73449168e-01	
0.71566667	1.02492570e-01	
0.71725000	-5.32352414e-03	
0.71883333	4.20450164e-03	
0.72041667	7.56622199e-04	
0.72200000	4.36912574e-05	
0.72358333	7.48429697e-05	
0.72516667	2.80627606e-04	
0.72675000	6.27325117e-04	
0.72833333	3.57859821e-04	
0.72991667	1.72487740e-04	
0.73150000	1.49007415e-04	
0.73308333	1.75413763e-04	
0.73466667	2.05078643e-04	
0.73625000	2.03042410e-04	
0.73783333	1.75646532e-04	
0.73941667	1.32853229e-04	
0.74100000	9.27480967e-05	
0.74258333	6.65877226e-05	
0.74416667	5.14407578e-05	
0.74575000	4.00197505e-05	
0.74733333	3.10475494e-05	
0.74891667	2.40874012e-05	
0.75050000	1.85775640e-05	
0.75208333	1.46026095e-05	
0.75366667	1.14997029e-05	
0.75525000	9.13948824e-06	
0.75683333	7.70048441e-06	
0.75841667	6.41228324e-06	
0.76000000	5.45960075e-06	
0.76158333	4.65332630e-06	
0.76316667	3.99347781e-06	
0.76475000	4.05466616e-06	
0.76633333	4.08335513e-06	
0.76791667	3.93764645e-06	
0.76950000	3.75011128e-06	
0.77108333	3.66204800e-06	
0.77266667	3.58637360e-06	
0.77425000	3.16614888e-06	
0.77583333	2.91293016e-06	
0.77741667	2.73922179e-06	
0.77900000	2.71376730e-06	
0.78058333	2.73298916e-06	
0.78216667	2.46396003e-06	
0.78375000	2.53046593e-06	
0.78533333	2.53507090e-06	
0.78691667	2.46482919e-06	
0.78850000	2.30836601e-06	
0.79008333	2.07752880e-06	
0.79166667	1.98121232e-06	
0.79325000	1.86376150e-06	
0.79483333	1.52253371e-06	
0.79641667	1.32953852e-06	
0.79800000	1.18823410e-06	
0.79958333	1.31056061e-06	
0.80116667	1.03253793e-06	
0.80275000	9.42010989e-07	
0.80433333	1.08797773e-06	
0.80591667	1.07907916e-06	
0.80750000	1.29883100e-06	
0.80908333	1.10436003e-06	
0.81066667	1.06538206e-06	
0.81225000	1.21320831e-06	
0.81383333	9.70747670e-07	
0.81541667	6.93328246e-07	
0.81700000	5.68188111e-07	
0.81858333	5.37983044e-07	
0.82016667	5.95151977e-07	
0.82175000	4.51431328e-07	
0.82333333	5.38286185e-07	
0.82491667	6.49253933e-07	
0.82650000	7.74134552e-07	
0.82808333	6.49036979e-07	
0.82966667	5.58552487e-07	
0.83125000	7.41639374e-07	
0.83283333	7.17958991e-07	
0.83441667	5.46755165e-07	
0.83600000	3.65266898e-07	
0.83758333	2.58145543e-07	
0.83916667	3.78705261e-07	
0.84075000	4.17940565e-07	
0.84233333	4.48664888e-07	
0.84391667	5.59977471e-07	
0.84550000	6.81315539e-07	
0.84708333	7.87053212e-07	
0.84866667	5.91091179e-07	
0.85025000	6.95705273e-07	
0.85183333	7.47689213e-07	
0.85341667	6.97433230e-07	
0.85500000	4.85999719e-07	
0.85658333	1.73536597e-07	
0.85816667	2.22192434e-07	
0.85975000	2.48984932e-07	
0.86133333	2.24742452e-07	
0.86291667	3.15703162e-07	
0.86450000	3.46123755e-07	
0.86608333	6.36202939e-07	
0.86766667	6.84816088e-07	
0.86925000	7.26470757e-07	
0.87083333	8.08315686e-07	
0.87241667	8.23397162e-07	
0.87400000	7.46868609e-07	
0.87558333	5.00605343e-07	
0.87716667	3.53555736e-07	
0.87875000	4.43824507e-07	
0.88033333	3.45130242e-07	
0.88191667	2.90381654e-07	
0.88350000	2.21286131e-07	
0.88508333	5.28649441e-07	
0.88666667	5.93726545e-07	
0.88825000	5.29340624e-07	
0.88983333	5.68835668e-07	
0.89141667	6.20818937e-07	
0.89300000	5.90874449e-07	
0.89458333	5.83787947e-07	
0.89616667	3.27802085e-07	
0.89775000	3.87607476e-07	
0.89933333	3.76889883e-07	
0.90091667	3.40160691e-07	
0.90250000	2.26591893e-07	
0.90408333	3.67124921e-07	
0.90566667	7.49030082e-07	
0.90725000	7.57626019e-07	
0.90883333	6.58067440e-07	
0.91041667	6.56425446e-07	
0.91200000	6.43547836e-07	
0.91358333	7.75300188e-07	
0.91516667	4.42226223e-07	
0.91675000	2.73917503e-07	
0.91833333	2.69034588e-07	
0.91991667	1.45709550e-07	
0.92150000	2.23325505e-07	
0.92308333	1.93733987e-07	
0.92466667	3.64705165e-07	
0.92625000	6.25356148e-07	
0.92783333	6.28034916e-07	
0.92941667	6.27689605e-07	
0.93100000	5.79379765e-07	
0.93258333	5.79076680e-07	
0.93416667	5.85126183e-07	
0.93575000	2.80615123e-07	
0.93733333	2.52095676e-07	
0.93891667	2.85325047e-07	
0.94050000	3.97502532e-07	
0.94208333	3.15487104e-07	
0.94366667	3.34370787e-07	
0.94525000	5.54705898e-07	
0.94683333	6.03276317e-07	
0.94841667	8.09827866e-07	
0.95000000	6.95013306e-07	
0.95158333	7.17830354e-07	
0.95316667	7.57410914e-07	
0.95475000	4.93129287e-07	
0.95633333	3.01875749e-07	
0.95791667	3.27499559e-07	
0.95950000	2.11347071e-07	
0.96108333	2.14070137e-07	
0.96266667	1.48604096e-07	
0.96425000	3.50963604e-07	
0.96583333	4.83795572e-07	
0.96741667	5.68879630e-07	
0.96900000	6.02368237e-07	
0.97058333	4.83839086e-07	
0.97216667	6.74444031e-07	
0.97375000	4.65085385e-07	
0.97533333	3.34889035e-07	
0.97691667	3.14406900e-07	
0.97850000	2.45873545e-07	
0.98008333	3.48284808e-07	
0.98166667	3.57489101e-07	
0.98325000	3.48198088e-07	
0.98483333	5.25927047e-07	
0.98641667	5.14778514e-07	
0.98800000	6.81359053e-07	
0.98958333	6.74704498e-07	
0.99116667	6.65068146e-07	
0.99275000	6.61351371e-07	
0.99433333	4.83622861e-07	
0.99591667	3.94347967e-07	
0.99750000	3.24085674e-07	
0.99908333	4.21225141e-07	
1.00066667	4.16429169e-07	
1.00225000	3.48976103e-07	
1.00383333	5.11710697e-07	
1.00541667	6.18184074e-07	
1.00700000	6.49166793e-07	
1.00858333	6.25442504e-07	
1.01016667	5.30377622e-07	
1.01175000	5.98349048e-07	
1.01333333	6.42556256e-07	
1.01491667	5.20136891e-07	
1.01650000	3.36098325e-07	
1.01808333	1.94192270e-07	
1.01966667	3.45561714e-07	
1.02125000	2.46866721e-07	
1.02283333	2.10353839e-07	
1.02441667	3.98495765e-07	
1.02600000	5.93250636e-07	
1.02758333	7.57755105e-07	
1.02916667	6.17751455e-07	
1.03075000	7.53736309e-07	
1.03233333	7.79793830e-07	
1.03391667	6.32271226e-07	
1.03550000	5.76311332e-07	
1.03708333	2.26687280e-07	
1.03866667	2.41249613e-07	
1.04025000	2.06940206e-07	
1.04183333	1.66657920e-07	
1.04341667	1.84167414e-07	
1.04500000	2.78497780e-07	
1.04658333	5.48181101e-07	
1.04816667	7.12340147e-07	
1.04975000	6.82610765e-07	
1.05133333	7.71325074e-07	
1.05291667	7.81479842e-07	
1.05450000	7.55639946e-07	
1.05608333	4.74116154e-07	
1.05766667	3.01572804e-07	
1.05925000	3.75983735e-07	
1.06083333	2.59787145e-07	
1.06241667	3.28103770e-07	
1.06400000	2.86448877e-07	
1.06558333	3.85014308e-07	
1.06716667	5.81238153e-07	
1.06875000	5.48354709e-07	
1.07033333	6.70858918e-07	
1.07191667	6.23671201e-07	
1.07350000	5.57514648e-07	
1.07508333	3.87909358e-07	
1.07666667	1.68308090e-07	
1.07825000	2.10829272e-07	
1.07983333	3.15962481e-07	
1.08141667	3.95644397e-07	
1.08300000	4.09947411e-07	
1.08458333	4.27404766e-07	
1.08616667	6.82611549e-07	
1.08775000	6.97910764e-07	
1.08933333	6.59580068e-07	
1.09091667	7.04346573e-07	
1.09250000	8.32168556e-07	
1.09408333	6.40091249e-07	
1.09566667	3.62543748e-07	
1.09725000	1.89136881e-07	
1.09883333	2.87615550e-07	
1.10041667	9.38635647e-08	
1.10200000	1.16342154e-07	
1.10358333	8.82550811e-08	
1.10516667	3.98885402e-07	
1.10675000	6.51457351e-07	
1.10833333	6.75049810e-07	
1.10991667	7.52572632e-07	
1.11150000	6.13300823e-07	
1.11308333	6.54870817e-07	
1.11466667	4.67721535e-07	
1.11625000	2.65707647e-07	
1.11783333	3.74557323e-07	
1.11941667	2.93924709e-07	
1.12100000	3.64575631e-07	
1.12258333	3.52820367e-07	
1.12416667	4.20102122e-07	
1.12575000	6.67574987e-07	
1.12733333	6.33005419e-07	
1.12891667	5.68578673e-07	
1.13050000	6.23931220e-07	
1.13208333	5.17759808e-07	
1.13366667	5.48137811e-07	
1.13525000	1.99810456e-07	
1.13683333	9.16079235e-08	
1.13841667	1.57160034e-07	
1.14000000	1.53443693e-07	
1.14158333	3.47117407e-07	
1.14316667	1.88488862e-07	
1.14475000	5.31415349e-07	
1.14633333	7.30016052e-07	
1.14791667	6.35511700e-07	
1.14950000	5.90225548e-07	
1.15108333	4.54887551e-07	
1.15266667	6.12395039e-07	
1.15425000	5.25364670e-07	
1.15583333	2.34810640e-07	
1.15741667	1.91642783e-07	
1.15900000	2.28156170e-07	
1.16058333	4.32676647e-07	
1.16216667	2.39824153e-07	
1.16375000	2.45570459e-07	
1.16533333	5.50169247e-07	
1.16691667	6.50592897e-07	
1.16850000	6.03102486e-07	
1.17008333	5.84609000e-07	
1.17166667	5.46063758e-07	
1.17325000	6.89697883e-07	
1.17483333	4.76146525e-07	
1.17641667	3.61247821e-07	
1.17800000	2.62466445e-07	
1.17958333	2.61946994e-07	
1.18116667	3.97027071e-07	
1.18275000	2.64886650e-07	
1.18433333	4.87685171e-07	
1.18591667	5.80848599e-07	
1.18750000	6.51845225e-07	
1.18908333	7.42589905e-07	
1.19066667	5.45069994e-07	
1.19225000	6.14768537e-07	
1.19383333	5.77046813e-07	
1.19541667	4.04200349e-07	
1.19700000	2.57280836e-07	
1.19858333	1.68740682e-07	
1.20016667	2.63676575e-07	
1.20175000	2.10673431e-07	
1.20333333	2.28199585e-07	
1.20491667	4.55326975e-07	
1.20650000	6.38709555e-07	
1.20808333	7.27983665e-07	
1.20966667	6.55604225e-07	
1.21125000	6.63858324e-07	
1.21283333	7.52268427e-07	
1.21441667	6.55086650e-07	
1.21600000	3.67600775e-07	
1.21758333	1.77339307e-07	
1.21916667	2.37705970e-07	
1.22075000	3.40420207e-07	
1.22233333	1.45838664e-07	
1.22391667	3.32383006e-07	
1.22550000	4.72474440e-07	
1.22708333	6.68179814e-07	
1.22866667	6.37931624e-07	
1.23025000	6.26178377e-07	
1.23183333	6.29029465e-07	
1.23341667	6.53910093e-07	
1.23500000	4.63486037e-07	
1.23658333	2.77227587e-07	
1.23816667	1.25658662e-07	
1.23975000	3.51352065e-07	
1.24133333	3.37653263e-07	
1.24291667	3.15832472e-07	
1.24450000	2.98496726e-07	
1.24608333	3.93224500e-07	
1.24766667	6.27906055e-07	
1.24925000	5.52891025e-07	
1.25083333	5.60107788e-07	
1.25241667	5.85463934e-07	
1.25400000	6.61092696e-07	
1.25558333	6.03881593e-07	
1.25716667	3.25036709e-07	
1.25875000	3.73174537e-07	
1.26033333	4.50177152e-07	
1.26191667	4.14657138e-07	
1.26350000	3.44758582e-07	
1.26508333	4.83796132e-07	
1.26666667	6.46530194e-07	
1.26825000	7.32648618e-07	
1.26983333	6.10318409e-07	
1.27141667	5.59243054e-07	
1.27300000	5.94243616e-07	
1.27458333	5.47532480e-07	
1.27616667	2.38916492e-07	
1.27775000	-4.00996105e-09	
1.27933333	1.90346325e-07	
1.28091667	2.31491959e-07	
1.28250000	2.40696476e-07	
1.28408333	2.48336283e-07	
1.28566667	4.52251345e-07	
1.28725000	5.78558600e-07	
1.28883333	6.21120790e-07	
1.29041667	6.42943905e-07	
1.29200000	6.90129775e-07	
1.29358333	6.63642714e-07	
1.29516667	5.69138026e-07	
1.29675000	2.93794643e-07	
1.29833333	2.57885664e-07	
1.29991667	2.84893323e-07	
1.30150000	3.46254017e-07	
1.30308333	4.06834987e-07	
1.30466667	3.05072485e-07	
@ 
0.00000000	5.26099142e-07	
0.00158333	7.23016018e-07	
0.00316667	6.15115081e-07	
0.00475000	5.76310884e-07	
0.00633333	5.80632597e-07	
0.00791667	6.32788242e-07	
0.00950000	2.47903944e-07	
0.01108333	9.61022162e-08	
0.01266667	1.05747130e-07	
0.01425000	1.96655050e-07	
0.01583333	2.16229622e-07	
0.01741667	1.17535470e-07	
0.01900000	3.15876182e-07	
0.02058333	4.00052019e-07	
0.02216667	4.03119444e-07	
0.02375000	5.05099320e-07	
0.02533333	3.77495130e-07	
0.02691667	5.31327817e-07	
0.02850000	4.78005976e-07	
0.03008333	6.98123055e-08	
0.03166667	-4.50785647e-08	
0.03325000	9.16956007e-09	
0.03483333	1.77771899e-07	
0.03641667	1.60963361e-07	
0.03800000	1.28985968e-07	
0.03958333	4.06663647e-07	
0.04116667	4.59769318e-07	
0.04275000	5.63262634e-07	
0.04433333	4.90882130e-07	
0.04591667	5.38890452e-07	
0.04750000	6.04528646e-07	
0.04908333	2.19125246e-07	
0.05066667	1.07682318e-07	
0.05225000	4.10076335e-08	
0.05383333	-2.72845415e-08	
0.05541667	-2.10617278e-08	
0.05700000	-8.08746779e-08	
0.05858333	2.02532444e-07	
0.06016667	3.63969740e-07	
0.06175000	4.77358139e-07	
0.06333333	5.69224550e-07	
0.06491667	3.79741951e-07	
0.06650000	5.56002356e-07	
0.06808333	5.24414867e-07	
0.06966667	2.31889871e-07	
0.07125000	1.10534694e-07	
0.07283333	1.12695460e-07	
0.07441667	2.67393238e-07	
0.07600000	1.64851279e-07	
0.07758333	1.80753921e-07	
0.07916667	3.12461960e-07	
0.08075000	3.81729817e-07	
0.08233333	5.93725425e-07	
0.08391667	4.59467689e-07	
0.08550000	4.25546295e-07	
0.08708333	4.99136061e-07	
0.08866667	2.89992520e-07	
0.09025000	1.02670884e-07	
0.09183333	-1.13300476e-07	
0.09341667	-9.76928486e-08	
0.09500000	8.98881563e-08	
0.09658333	-2.23318770e-08	
0.09816667	2.03180253e-07	
0.09975000	3.67080651e-07	
0.10133333	5.16680360e-07	
0.10291667	5.04105556e-07	
0.10450000	3.77841142e-07	
0.10608333	3.99273724e-07	
0.10766667	2.45181241e-07	
0.10925000	1.71204022e-07	
0.11083333	1.35899576e-07	
0.11241667	5.04279352e-08	
0.11400000	2.73052740e-07	
0.11558333	2.20421830e-07	
0.11716667	2.01408445e-07	
0.11875000	3.40851902e-07	
0.12033333	4.28658522e-07	
0.12191667	5.70218762e-07	
0.12350000	4.68066398e-07	
0.12508333	5.79077296e-07	
0.12666667	5.52070028e-07	
0.12825000	4.73252091e-07	
0.12983333	3.86483114e-07	
0.13141667	4.39886228e-08	
0.13300000	-2.18715998e-09	
0.13458333	4.15871790e-08	
0.13616667	-5.67202411e-08	
0.13775000	3.57876288e-08	
0.13933333	1.45924880e-07	
0.14091667	4.25373499e-07	
0.14250000	4.21398188e-07	
0.14408333	3.78446669e-07	
0.14566667	4.23472270e-07	
0.14725000	3.79741503e-07	
0.14883333	3.26289205e-07	
0.15041667	2.34033157e-07	
0.15200000	1.81476810e-09	
0.15358333	1.38570056e-07	
0.15516667	2.63936011e-08	
0.15675000	1.08062876e-07	
0.15833333	1.73276728e-08	
0.15991667	1.89957528e-07	
0.16150000	4.55318967e-07	
0.16308333	4.10163720e-07	
0.16466667	4.68455112e-07	
0.16625000	4.98704169e-07	
0.16783333	4.88376690e-07	
0.16941667	4.16947585e-07	
0.17100000	2.03698990e-07	
0.17258333	1.61178802e-07	
0.17416667	1.27689496e-07	
0.17575000	1.14631320e-07	
0.17733333	1.13974312e-07	
0.17891667	9.92567537e-08	
0.18050000	2.12988421e-07	
0.18208333	3.41154624e-07	
0.18366667	3.55889473e-07	
0.18525000	4.00139635e-07	
0.18683333	3.55932735e-07	
0.18841667	4.24423164e-07	
0.19000000	2.40385802e-07	
0.19158333	8.43916777e-08	
0.19316667	6.05823424e-08	
0.19475000	1.46833409e-08	
0.19633333	8.91713172e-08	
0.19791667	4.13275129e-08	
0.19950000	2.13541474e-07	
0.20108333	3.19289675e-07	
0.20266667	3.35839509e-07	
0.20425000	3.55759519e-07	
0.20583333	2.73744707e-07	
0.20741667	3.33333313e-07	
0.20900000	1.54523828e-07	
0.21058333	-2.29456541e-08	
0.21216667	-1.29375413e-08	
0.21375000	7.19287035e-08	
0.21533333	2.11563395e-07	
0.21691667	1.02687930e-07	
0.21850000	-4.50265874e-08	
0.22008333	2.94615584e-07	
0.22166667	3.31346176e-07	
0.22325000	4.03162762e-07	
0.22483333	4.06015110e-07	
0.22641667	3.55370806e-07	
0.22800000	4.68887227e-07	
0.22958333	2.16402432e-07	
0.23116667	1.08763187e-07	
0.23275000	1.23627801e-07	
0.23433333	6.47655341e-08	
0.23591667	1.22547877e-07	
0.23750000	-3.21065346e-08	
0.23908333	1.11355670e-07	
0.24066667	2.42027852e-07	
0.24225000	3.30438095e-07	
0.24383333	4.59424203e-07	
0.24541667	2.92757560e-07	
0.24700000	3.57099323e-07	
0.24858333	3.60080701e-07	
0.25016667	2.67608848e-07	
0.25175000	2.70243710e-07	
0.25333333	2.04822149e-07	
0.25491667	2.09273676e-07	
0.25650000	9.74418173e-08	
0.25808333	2.53652707e-08	
0.25966667	2.12081096e-07	
0.26125000	2.12167704e-07	
0.26283333	2.67694784e-07	
0.26441667	2.73269526e-07	
0.26600000	3.44611099e-07	
0.26758333	5.64817544e-07	
0.26916667	3.72612999e-07	
0.27075000	2.31621563e-07	
0.27233333	1.06429591e-07	
0.27391667	6.20948932e-08	
0.27550000	2.25434643e-07	
0.27708333	5.45413898e-08	
0.27866667	8.56882829e-08	
0.28025000	2.95134559e-07	
0.28183333	4.59078947e-07	
0.28341667	4.52078073e-07	
0.28500000	3.13758139e-07	
0.28658333	5.11235124e-07	
0.28816667	4.49615587e-07	
0.28975000	3.16092071e-07	
0.29133333	1.50073280e-07	
0.29291667	5.27090821e-08	
0.29450000	2.55336121e-07	
0.29608333	1.58932233e-07	
0.29766667	1.15245002e-07	
0.29925000	2.26297978e-07	
0.30083333	2.87140480e-07	
0.30241667	4.85481304e-07	
0.30400000	4.15434985e-07	
0.30558333	3.79007170e-07	
0.30716667	4.11848976e-07	
0.30875000	2.37022599e-07	
0.31033333	4.86564673e-08	
0.31191667	-1.08547312e-07	
0.31350000	-3.57793509e-08	
0.31508333	9.16951544e-08	
0.31666667	3.70751091e-08	
0.31825000	9.94298435e-08	
0.31983333	2.05341096e-07	
0.32141667	4.16471647e-07	
0.32300000	4.26539947e-07	
0.32458333	3.75897155e-07	
0.32616667	4.57955929e-07	
0.32775000	4.21743248e-07	
0.32933333	4.67462579e-07	
0.33091667	2.98850774e-07	
0.33250000	7.51012318e-08	
0.33408333	1.73770323e-07	
0.33566667	1.09492307e-08	
0.33725000	-2.26463880e-09	
0.33883333	8.08564491e-08	
0.34041667	1.64436706e-07	
0.34200000	3.27586643e-07	
0.34358333	3.25339570e-07	
0.34516667	2.75343411e-07	
0.34675000	3.62371204e-07	
0.34833333	3.42191566e-07	
0.34991667	2.87745027e-07	
0.35150000	6.79970331e-08	
0.35308333	1.42727192e-07	
0.35466667	7.60952625e-08	
0.35625000	3.78875935e-08	
0.35783333	2.17784147e-08	
0.35941667	6.82308226e-08	
0.36100000	3.44784399e-07	
0.36258333	3.93137808e-07	
0.36416667	3.50488787e-07	
0.36575000	4.10379106e-07	
0.36733333	3.23394351e-07	
0.36891667	3.70753912e-07	
0.37050000	4.04455923e-08	
0.37208333	4.97368327e-08	
0.37366667	1.81920355e-07	
0.37525000	1.97666133e-07	
0.37683333	2.01183777e-07	
0.37841667	1.19782123e-07	
0.38000000	2.38440527e-07	
0.38158333	3.93613046e-07	
0.38316667	3.04252328e-07	
0.38475000	3.94304957e-07	
0.38633333	4.61153308e-07	
0.38791667	4.25891690e-07	
0.38950000	2.53003560e-07	
0.39108333	-4.37824528e-11	
0.39266667	-4.74454899e-08	
0.39425000	-4.43355199e-08	
0.39583333	1.66365737e-08	
0.39741667	-1.38316439e-09	
0.39900000	3.35400450e-08	
0.40058333	3.62759525e-07	
0.40216667	4.01088625e-07	
0.40375000	4.86258563e-07	
0.40533333	4.45596370e-07	
0.40691667	2.93059358e-07	
0.40850000	4.42053931e-07	
0.41008333	2.10180161e-07	
0.41166667	2.73955928e-08	
0.41325000	2.52356318e-08	
0.41483333	-3.68508890e-08	
0.41641667	8.73726775e-08	
0.41800000	1.17560811e-07	
0.41958333	2.65404225e-07	
0.42116667	5.22686349e-07	
0.42275000	4.38294399e-07	
0.42433333	4.87469001e-07	
0.42591667	4.14916458e-07	
0.42750000	4.91876847e-07	
0.42908333	4.67937649e-07	
0.43066667	4.05322002e-08	
0.43225000	-4.11720394e-08	
0.43383333	-4.08435042e-08	
0.43541667	8.17390837e-08	
0.43700000	5.25971821e-08	
0.43858333	1.45925160e-07	
0.44016667	3.94260659e-07	
0.44175000	4.25071841e-07	
0.44333333	5.30075265e-07	
0.44491667	5.21173329e-07	
0.44650000	5.07906838e-07	
0.44808333	5.60108124e-07	
0.44966667	4.61801005e-07	
0.45125000	5.21260357e-07	
0.45283333	5.19964067e-07	
0.45441667	5.93250636e-07	
0.45600000	9.10767131e-07	
0.45758333	1.00419271e-06	
0.45916667	1.34524308e-06	
0.46075000	1.85779488e-06	
0.46233333	2.11832820e-06	
0.46391667	2.46568581e-06	
0.46550000	2.78692272e-06	
0.46708333	3.30079057e-06	
0.46866667	3.90827066e-06	
0.47025000	4.20193261e-06	
0.47183333	4.57299137e-06	
0.47341667	5.30395274e-06	
0.47500000	6.73117992e-06	
0.47658333	8.22211511e-06	
0.47816667	1.01918122e-05	
0.47975000	1.28521636e-05	
0.48133333	1.69500521e-05	
0.48291667	2.24866415e-05	
0.48450000	2.92076599e-05	
0.48608333	3.84998979e-05	
0.48766667	5.15221972e-05	
0.48925000	6.91648991e-05	
0.49083333	9.34562910e-05	
0.49241667	1.29597664e-04	
0.49400000	1.90167215e-04	
0.49558333	2.99300597e-04	
0.49716667	3.95608661e-04	
0.49875000	4.26191961e-04	
0.50033333	4.54695588e-04	
0.50191667	5.70357777e-04	
0.50350000	6.80694820e-04	
0.50508333	7.10715522e-04	
0.50666667	9.77404900e-04	
0.50825000	1.14869648e-03	
0.50983333	9.49295503e-04	
0.51141667	1.17438751e-03	
0.51300000	1.46326892e-03	
0.51458333	1.41143909e-03	
0.51616667	1.93392441e-03	
0.51775000	2.41700254e-03	
0.51933333	3.47483830e-03	
0.52091667	4.58857871e-03	
0.52250000	6.22914351e-03	
0.52408333	7.93288910e-03	
0.52566667	9.02673232e-03	
0.52725000	1.09726493e-02	
0.52883333	2.18836982e-02	
0.53041667	5.78069790e-02	
0.53200000	7.02623941e-02	
0.53358333	1.02353911e-01	
0.53516667	1.31605354e-01	
0.53675000	1.52274651e-01	
0.53833333	3.06253118e-01	
0.53991667	1.01244653e+00	
0.54150000	1.26941050e+00	
0.54308333	1.67231178e+00	
0.54466667	2.64552754e+00	
0.54625000	2.83088682e+00	
0.54783333	2.90734778e+00	
0.54941667	3.00521112e+00	
0.55100000	3.67428870e+00	
0.55258333	5.06900739e+00	
0.55416667	6.21661852e+00	
0.55575000	6.35998928e+00	
0.55733333	6.52078148e+00	
0.55891667	6.67720799e+00	
0.56050000	6.76098723e+00	
0.56208333	6.90863443e+00	
0.56366667	7.03193324e+00	
0.56525000	7.52118888e+00	
0.56683333	8.42897478e+00	
0.56841667	8.68094859e+00	
0.57000000	8.63506112e+00	
0.57158333	8.98227031e+00	
0.57316667	9.10216084e+00	
0.57475000	1.03175668e+01	
0.57633333	1.06939298e+01	
0.57791667	1.09806159e+01	
0.57950000	1.11349970e+01	
0.58108333	1.15426992e+01	
0.58266667	1.18629955e+01	
0.58425000	1.25676457e+01	
0.58583333	1.36194808e+01	
0.58741667	1.42847970e+01	
0.58900000	1.47202475e+01	
0.59058333	1.50882737e+01	
0.59216667	1.53887301e+01	
0.59375000	1.55698728e+01	
0.59533333	1.56229827e+01	
0.59691667	1.60107915e+01	
0.59850000	1.66497078e+01	
0.60008333	1.68193522e+01	
0.60166667	1.72447295e+01	
0.60325000	1.79726472e+01	
0.60483333	1.84432346e+01	
0.60641667	1.91257562e+01	
0.60800000	1.98415741e+01	
0.60958333	2.04040474e+01	
0.61116667	2.12539170e+01	
0.61275000	2.17131638e+01	
0.61433333	2.18169878e+01	
0.61591667	2.21474482e+01	
0.61750000	2.31437324e+01	
0.61908333	2.40704735e+01	
0.62066667	2.44241432e+01	
0.62225000	2.48096829e+01	
0.62383333	2.51765516e+01	
0.62541667	2.55310706e+01	
0.62700000	2.57005345e+01	
0.62858333	2.73359718e+01	
0.63016667	2.75774459e+01	
0.63175000	2.77156054e+01	
0.63333333	2.78052907e+01	
0.63491667	2.80524493e+01	
0.63650000	2.89512027e+01	
0.63808333	2.95423139e+01	
0.63966667	2.97419322e+01	
0.64125000	3.03337782e+01	
0.64283333	3.08778077e+01	
0.64441667	3.14285965e+01	
0.64600000	3.14547991e+01	
0.64758333	3.15969968e+01	
0.64916667	3.17023410e+01	
0.65075000	3.17152920e+01	
0.65233333	3.23068617e+01	
