start voltage : 0.00 V 
set voltage : 0.10 V 
High G : 30.00 G0 
Intermediate G : 20.00 G0 
Low G : 10.00 G0 
Breaking speed 1 : 300.00 V/s 
Breaking speed 2 : 300.00 V/s 
Making speed : 500.00 V/s 
Post breaking : 230.00 V/s 
@ 
0.00000000	3.94814234e+01	
0.00158333	4.01307163e+01	
0.00316667	3.99727301e+01	
0.00475000	4.01716288e+01	
0.00633333	4.00830577e+01	
0.00791667	4.00057577e+01	
0.00950000	4.00849369e+01	
0.01108333	3.98962908e+01	
0.01266667	3.99681939e+01	
0.01425000	3.99460314e+01	
0.01583333	4.00179007e+01	
0.01741667	3.99108616e+01	
0.01900000	3.98882631e+01	
0.02058333	4.00060321e+01	
0.02216667	3.97391164e+01	
0.02375000	3.98751881e+01	
0.02533333	3.97780370e+01	
0.02691667	3.97191299e+01	
0.02850000	3.97766877e+01	
0.03008333	3.95966030e+01	
0.03166667	3.97669313e+01	
0.03325000	3.95161986e+01	
0.03483333	3.95530747e+01	
0.03641667	3.96378086e+01	
0.03800000	3.95881844e+01	
0.03958333	3.95580845e+01	
0.04116667	3.95659280e+01	
0.04275000	3.96316676e+01	
0.04433333	3.95898230e+01	
0.04591667	3.93946375e+01	
0.04750000	3.95857754e+01	
0.04908333	3.94265640e+01	
0.05066667	3.94089565e+01	
0.05225000	3.95578703e+01	
0.05383333	3.93083741e+01	
0.05541667	3.95207837e+01	
0.05700000	3.93907816e+01	
0.05858333	3.93869181e+01	
0.06016667	3.94210131e+01	
0.06175000	3.92582013e+01	
0.06333333	3.94771052e+01	
0.06491667	3.94217910e+01	
0.06650000	3.93059275e+01	
0.06808333	3.92939799e+01	
0.06966667	3.91982081e+01	
0.07125000	3.93566039e+01	
0.07283333	3.91080060e+01	
0.07441667	3.91909471e+01	
0.07600000	3.91882712e+01	
0.07758333	3.91434088e+01	
0.07916667	3.90892372e+01	
0.08075000	3.91695175e+01	
0.08233333	3.91513162e+01	
0.08391667	3.92171159e+01	
0.08550000	3.89943184e+01	
0.08708333	3.91027932e+01	
0.08866667	3.87597087e+01	
0.09025000	3.88507527e+01	
0.09183333	3.87817585e+01	
0.09341667	3.86855131e+01	
0.09500000	3.87651019e+01	
0.09658333	3.86161618e+01	
0.09816667	3.80742876e+01	
0.09975000	3.79518321e+01	
0.10133333	3.76038882e+01	
0.10291667	3.82854044e+01	
0.10450000	3.78584054e+01	
0.10608333	3.76791286e+01	
0.10766667	3.77775050e+01	
0.10925000	3.74267574e+01	
0.11083333	3.73764831e+01	
0.11241667	3.72910577e+01	
0.11400000	3.73450940e+01	
0.11558333	3.72450528e+01	
0.11716667	3.72145432e+01	
0.11875000	3.74246678e+01	
0.12033333	3.72533585e+01	
0.12191667	3.72143026e+01	
0.12350000	3.74261485e+01	
0.12508333	3.72226685e+01	
0.12666667	3.73405165e+01	
0.12825000	3.72586088e+01	
0.12983333	3.72362058e+01	
0.13141667	3.71847477e+01	
0.13300000	3.70311286e+01	
0.13458333	3.71855181e+01	
0.13616667	3.60142510e+01	
0.13775000	3.52473432e+01	
0.13933333	3.52754250e+01	
0.14091667	3.47992603e+01	
0.14250000	3.49391016e+01	
0.14408333	3.42939203e+01	
0.14566667	3.42243059e+01	
0.14725000	3.38924023e+01	
0.14883333	3.32892346e+01	
0.15041667	3.31334920e+01	
0.15200000	3.28864237e+01	
0.15358333	3.27774491e+01	
0.15516667	3.25596801e+01	
0.15675000	3.25547230e+01	
0.15833333	3.26008482e+01	
0.15991667	3.24814368e+01	
0.16150000	3.26081993e+01	
0.16308333	3.22046368e+01	
0.16466667	3.24257732e+01	
0.16625000	3.24064895e+01	
0.16783333	3.24194480e+01	
0.16941667	3.24345976e+01	
0.17100000	3.22246872e+01	
0.17258333	3.22796368e+01	
0.17416667	3.24012204e+01	
0.17575000	3.22672120e+01	
0.17733333	3.24182454e+01	
0.17891667	3.22201021e+01	
0.18050000	3.23360258e+01	
0.18208333	3.23848081e+01	
0.18366667	3.22275698e+01	
0.18525000	3.21438056e+01	
0.18683333	3.11806524e+01	
0.18841667	3.10916624e+01	
0.19000000	3.08435098e+01	
0.19158333	3.08855046e+01	
0.19316667	3.07222475e+01	
0.19475000	3.04706110e+01	
0.19633333	3.02153176e+01	
0.19791667	3.02815138e+01	
0.19950000	3.02147915e+01	
0.20108333	3.02778101e+01	
0.20266667	2.99793775e+01	
0.20425000	3.00823089e+01	
0.20583333	3.00019234e+01	
0.20741667	2.99386436e+01	
0.20900000	3.00316963e+01	
0.21058333	2.99735034e+01	
0.21216667	2.98712128e+01	
0.21375000	2.99063131e+01	
0.21533333	2.98337654e+01	
0.21691667	2.99291897e+01	
0.21850000	2.95903088e+01	
0.22008333	2.76776356e+01	
0.22166667	2.68715479e+01	
0.22325000	2.67010054e+01	
0.22483333	2.67187989e+01	
0.22641667	2.64848469e+01	
0.22800000	2.64383083e+01	
0.22958333	2.62463756e+01	
0.23116667	2.62051568e+01	
0.23275000	2.62484295e+01	
0.23433333	2.60755474e+01	
0.23591667	2.61535878e+01	
0.23750000	2.61875850e+01	
0.23908333	2.61842759e+01	
0.24066667	2.61103790e+01	
0.24225000	2.58881941e+01	
0.24383333	2.60180929e+01	
0.24541667	2.58400470e+01	
0.24700000	2.57375140e+01	
0.24858333	2.57920727e+01	
0.25016667	2.58465450e+01	
0.25175000	2.55056027e+01	
0.25333333	2.52701925e+01	
0.25491667	2.52281695e+01	
0.25650000	2.51897412e+01	
0.25808333	2.51731053e+01	
0.25966667	2.52496123e+01	
0.26125000	2.49643430e+01	
0.26283333	2.46189547e+01	
0.26441667	2.45451443e+01	
0.26600000	2.45338601e+01	
0.26758333	2.45534839e+01	
0.26916667	2.45504228e+01	
0.27075000	2.45443419e+01	
0.27233333	2.44720629e+01	
0.27391667	2.45316183e+01	
0.27550000	2.45278281e+01	
0.27708333	2.40776105e+01	
0.27866667	2.37920425e+01	
0.28025000	2.15754027e+01	
0.28183333	2.16479936e+01	
0.28341667	2.17513008e+01	
0.28500000	2.14770283e+01	
0.28658333	2.14394888e+01	
0.28816667	2.13434125e+01	
0.28975000	2.11836243e+01	
0.29133333	2.12086844e+01	
0.29291667	2.08876346e+01	
0.29450000	2.06667670e+01	
0.29608333	2.06117967e+01	
0.29766667	2.05983760e+01	
0.29925000	2.06946646e+01	
0.30083333	2.06329896e+01	
0.30241667	2.07208860e+01	
0.30400000	2.06950930e+01	
0.30558333	2.06060428e+01	
0.30716667	2.08060596e+01	
0.30875000	2.05364135e+01	
0.31033333	2.04866991e+01	
0.31191667	2.01659331e+01	
0.31350000	1.91359618e+01	
0.31508333	1.90891056e+01	
0.31666667	1.91059069e+01	
0.31825000	1.91611327e+01	
0.31983333	1.91368130e+01	
0.32141667	1.91467236e+01	
0.32300000	1.91608734e+01	
0.32458333	1.89421123e+01	
0.32616667	1.91551778e+01	
0.32775000	1.90571284e+01	
0.32933333	1.88077130e+01	
0.33091667	1.87814446e+01	
0.33250000	1.84201438e+01	
0.33408333	1.80928252e+01	
0.33566667	1.77653526e+01	
0.33725000	1.76404015e+01	
0.33883333	1.76422694e+01	
0.34041667	1.71303223e+01	
0.34200000	1.70377092e+01	
0.34358333	1.70988562e+01	
0.34516667	1.69520509e+01	
0.34675000	1.69166104e+01	
0.34833333	1.67994747e+01	
0.34991667	1.69103210e+01	
0.35150000	1.68562207e+01	
0.35308333	1.65594926e+01	
0.35466667	1.61329577e+01	
0.35625000	1.60567363e+01	
0.35783333	1.60423816e+01	
0.35941667	1.61401491e+01	
0.36100000	1.59776417e+01	
0.36258333	1.59914064e+01	
0.36416667	1.59819600e+01	
0.36575000	1.59696235e+01	
0.36733333	1.57968391e+01	
0.36891667	1.57951235e+01	
0.37050000	1.47266328e+01	
0.37208333	1.36613563e+01	
0.37366667	1.37592788e+01	
0.37525000	1.36688381e+01	
0.37683333	1.37842008e+01	
0.37841667	1.36690664e+01	
0.38000000	1.37047135e+01	
0.38158333	1.36358245e+01	
0.38316667	1.34210885e+01	
0.38475000	1.35435338e+01	
0.38633333	1.34307144e+01	
0.38791667	1.33925511e+01	
0.38950000	1.36246503e+01	
0.39108333	1.35372659e+01	
0.39266667	1.34993779e+01	
0.39425000	1.33137957e+01	
0.39583333	1.32558743e+01	
0.39741667	1.33179477e+01	
0.39900000	1.32479782e+01	
0.40058333	1.32597190e+01	
0.40216667	1.31755874e+01	
0.40375000	1.32260797e+01	
0.40533333	1.30304892e+01	
0.40691667	1.24131519e+01	
0.40850000	1.22715546e+01	
0.41008333	1.21769553e+01	
0.41166667	1.20146077e+01	
0.41325000	1.20079677e+01	
0.41483333	1.14509731e+01	
0.41641667	1.04996877e+01	
0.41800000	9.73641974e+00	
0.41958333	9.97549801e+00	
0.42116667	1.00401937e+01	
0.42275000	9.96345371e+00	
0.42433333	9.94934800e+00	
0.42591667	9.87587204e+00	
0.42750000	9.85189995e+00	
0.42908333	9.77808575e+00	
0.43066667	9.72726273e+00	
0.43225000	9.78282774e+00	
0.43383333	9.68335116e+00	
0.43541667	9.61800527e+00	
0.43700000	9.38295774e+00	
0.43858333	9.53207536e+00	
0.44016667	9.72677509e+00	
0.44175000	9.51996153e+00	
0.44333333	9.47197224e+00	
0.44491667	9.64059620e+00	
0.44650000	9.55410725e+00	
0.44808333	9.53134719e+00	
0.44966667	8.56257264e+00	
0.45125000	8.13546367e+00	
0.45283333	7.90267674e+00	
0.45441667	7.41626282e+00	
0.45600000	7.35353831e+00	
0.45758333	7.38631367e+00	
0.45916667	7.30901133e+00	
0.46075000	7.15141976e+00	
0.46233333	7.10783422e+00	
0.46391667	7.20760535e+00	
0.46550000	7.09230836e+00	
0.46708333	7.13231509e+00	
0.46866667	7.14604638e+00	
0.47025000	7.14706252e+00	
0.47183333	7.19980460e+00	
0.47341667	7.03404867e+00	
0.47500000	6.35537460e+00	
0.47658333	5.40745090e+00	
0.47816667	5.36793791e+00	
0.47975000	5.33304571e+00	
0.48133333	5.21503713e+00	
0.48291667	5.48556033e+00	
0.48450000	5.42566111e+00	
0.48608333	5.35574187e+00	
0.48766667	5.46035976e+00	
0.48925000	5.52804423e+00	
0.49083333	5.27682911e+00	
0.49241667	5.27781237e+00	
0.49400000	5.29525777e+00	
0.49558333	5.29817136e+00	
0.49716667	5.23112485e+00	
0.49875000	5.24996175e+00	
0.50033333	5.13655657e+00	
0.50191667	5.11905997e+00	
0.50350000	5.03783306e+00	
0.50508333	4.92508370e+00	
0.50666667	4.49704268e+00	
0.50825000	4.45077562e+00	
0.50983333	4.39541778e+00	
0.51141667	4.42788309e+00	
0.51300000	4.34557332e+00	
0.51458333	4.41330900e+00	
0.51616667	4.38978132e+00	
0.51775000	4.37816923e+00	
0.51933333	3.60225826e+00	
0.52091667	3.41997489e+00	
0.52250000	3.38517688e+00	
0.52408333	3.43830583e+00	
0.52566667	3.49196822e+00	
0.52725000	3.41262608e+00	
0.52883333	3.27535615e+00	
0.53041667	3.29853220e+00	
0.53200000	3.40225444e+00	
0.53358333	3.36564189e+00	
0.53516667	3.32846983e+00	
0.53675000	2.49205597e+00	
0.53833333	2.07036783e+00	
0.53991667	1.99649138e+00	
0.54150000	1.97590971e+00	
0.54308333	1.94498777e+00	
0.54466667	1.94907230e+00	
0.54625000	2.01474316e+00	
0.54783333	1.84211454e+00	
0.54941667	1.67096397e+00	
0.55100000	1.49943781e+00	
0.55258333	1.44469399e+00	
0.55416667	1.37068400e+00	
0.55575000	1.34126383e+00	
0.55733333	1.28864107e+00	
0.55891667	1.26411440e+00	
0.56050000	1.23146119e+00	
0.56208333	1.23084025e+00	
0.56366667	1.24467630e+00	
0.56525000	1.23230656e+00	
0.56683333	1.17939594e+00	
0.56841667	1.14815478e+00	
0.57000000	1.14723988e+00	
0.57158333	1.12312884e+00	
0.57316667	1.04035611e+00	
0.57475000	1.01140960e+00	
0.57633333	9.94147890e-01	
0.57791667	9.77148435e-01	
0.57950000	9.63771067e-01	
0.58108333	9.50373322e-01	
0.58266667	9.34454251e-01	
0.58425000	9.23578419e-01	
0.58583333	8.74505168e-01	
0.58741667	8.56881958e-01	
0.58900000	8.81129579e-01	
0.59058333	8.72547699e-01	
0.59216667	8.80567132e-01	
0.59375000	8.72621161e-01	
0.59533333	8.65245272e-01	
0.59691667	8.78399787e-01	
0.59850000	8.59266871e-01	
0.60008333	3.67010376e-01	
0.60166667	3.68137855e-01	
0.60325000	3.35324091e-01	
0.60483333	3.22628965e-01	
0.60641667	2.97455490e-01	
0.60800000	2.61891439e-01	
0.60958333	5.01478279e-01	
0.61116667	8.20870204e-01	
0.61275000	8.44465120e-01	
0.61433333	8.27730447e-01	
0.61591667	8.31686726e-01	
0.61750000	4.66033407e-01	
0.61908333	1.04943730e-01	
0.62066667	9.96376028e-02	
0.62225000	7.39599617e-02	
0.62383333	-5.28817342e-03	
0.62541667	-7.84759539e-05	
0.62700000	3.33751711e-03	
0.62858333	9.34666349e-05	
0.63016667	8.94124920e-06	
0.63175000	1.87463295e-05	
0.63333333	5.38856036e-05	
0.63491667	1.39502722e-04	
0.63650000	2.81263924e-04	
0.63808333	2.81983623e-04	
0.63966667	1.77487372e-04	
0.64125000	1.14293305e-04	
0.64283333	9.04308292e-05	
0.64441667	9.02259657e-05	
0.64600000	1.00649537e-04	
0.64758333	1.08109939e-04	
0.64916667	1.07230429e-04	
0.65075000	9.11452169e-05	
0.65233333	7.04298569e-05	
0.65391667	5.38843133e-05	
0.65550000	4.28918318e-05	
0.65708333	3.94697826e-05	
0.65866667	4.39209268e-05	
0.66025000	4.87177203e-05	
0.66183333	4.99352669e-05	
0.66341667	4.73661405e-05	
0.66500000	4.31496154e-05	
0.66658333	4.04000013e-05	
0.66816667	4.03934638e-05	
0.66975000	3.93570034e-05	
0.67133333	3.76507887e-05	
0.67291667	3.70299045e-05	
0.67450000	3.77453424e-05	
0.67608333	3.89424091e-05	
0.67766667	3.93953539e-05	
0.67925000	3.91167355e-05	
0.68083333	3.78103053e-05	
0.68241667	3.52414477e-05	
0.68400000	3.29071554e-05	
0.68558333	2.98138562e-05	
0.68716667	2.69036197e-05	
0.68875000	2.39619842e-05	
0.69033333	2.11819389e-05	
0.69191667	1.85487670e-05	
0.69350000	1.62919984e-05	
0.69508333	1.43797043e-05	
0.69666667	1.20949147e-05	
0.69825000	1.00820966e-05	
0.69983333	8.30770487e-06	
0.70141667	6.58491928e-06	
0.70300000	5.37054645e-06	
0.70458333	4.00203948e-06	
0.70616667	3.29233173e-06	
0.70775000	2.72193897e-06	
0.70933333	2.07617354e-06	
0.71091667	1.66667152e-06	
0.71250000	1.52411869e-06	
0.71408333	1.52283926e-06	
0.71566667	1.32709009e-06	
0.71725000	1.01132026e-06	
0.71883333	8.92166680e-07	
0.72041667	6.33481777e-07	
0.72200000	5.49855520e-07	
0.72358333	4.08883895e-07	
0.72516667	2.27724656e-07	
0.72675000	4.69276165e-07	
0.72833333	4.30127440e-07	
0.72991667	2.87426345e-07	
0.73150000	2.55604373e-07	
0.73308333	7.51621150e-07	
0.73466667	7.21414514e-07	
0.73625000	6.70684694e-07	
0.73783333	7.90034617e-07	
0.73941667	8.71748444e-07	
0.74100000	6.50547871e-07	
0.74258333	4.26412093e-07	
0.74416667	1.85635450e-07	
0.74575000	2.90597263e-07	
0.74733333	3.79656295e-07	
0.74891667	2.00458321e-07	
0.75050000	2.19669115e-07	
0.75208333	3.50186429e-07	
0.75366667	6.62562482e-07	
0.75525000	6.15632824e-07	
0.75683333	4.64090780e-07	
0.75841667	4.86994884e-07	
0.76000000	5.39623469e-07	
0.76158333	4.86085571e-07	
0.76316667	1.06698312e-07	
0.76475000	6.91987980e-08	
0.76633333	1.77253399e-07	
0.76791667	1.38224520e-07	
0.76950000	1.40878185e-07	
0.77108333	1.35805464e-07	
0.77266667	2.40039287e-07	
0.77425000	4.79431968e-07	
0.77583333	4.75586052e-07	
0.77741667	6.01287948e-07	
0.77900000	4.43996658e-07	
0.78058333	5.31673969e-07	
0.78216667	4.20474371e-07	
0.78375000	2.28510749e-07	
0.78533333	2.23835590e-07	
0.78691667	2.20292171e-07	
0.78850000	1.39936251e-07	
0.79008333	1.15158814e-07	
0.79166667	3.19205027e-07	
0.79325000	5.76320852e-07	
0.79483333	4.49053769e-07	
0.79641667	4.73727104e-07	
0.79800000	5.05661305e-07	
0.79958333	4.92274857e-07	
0.80116667	4.53884742e-07	
0.80275000	2.04139086e-07	
0.80433333	1.22116237e-07	
0.80591667	3.45259517e-08	
0.80750000	1.10536850e-08	
0.80908333	2.34310104e-07	
0.81066667	-2.19954000e-08	
0.81225000	4.90579997e-07	
0.81383333	6.13343889e-07	
0.81541667	5.21605669e-07	
0.81700000	6.88964642e-07	
0.81858333	6.48172188e-07	
0.82016667	7.43582997e-07	
0.82175000	6.21640325e-07	
0.82333333	7.52488475e-08	
0.82491667	6.65885139e-08	
0.82650000	-8.77220387e-09	
0.82808333	2.04864710e-07	
0.82966667	1.60919147e-07	
0.83125000	2.04478195e-07	
0.83283333	4.79042975e-07	
0.83441667	4.26057626e-07	
0.83600000	3.74427537e-07	
0.83758333	4.35355891e-07	
0.83916667	4.86259067e-07	
0.84075000	4.87814481e-07	
0.84233333	9.35772659e-08	
0.84391667	2.06499424e-07	
0.84550000	1.30282398e-07	
0.84708333	1.69043277e-07	
0.84866667	3.10648823e-07	
0.85025000	2.04908994e-07	
0.85183333	3.52890314e-07	
0.85341667	4.26677937e-07	
0.85500000	5.26445966e-07	
0.85658333	4.58906767e-07	
0.85816667	4.28200450e-07	
0.85975000	6.93329086e-07	
0.86133333	6.42544607e-07	
0.86291667	2.73597673e-07	
0.86450000	3.18338864e-07	
0.86608333	1.18746090e-07	
0.86766667	1.49036673e-07	
0.86925000	8.49968409e-08	
0.87083333	9.54884671e-09	
0.87241667	4.12341994e-07	
0.87400000	4.45251899e-07	
0.87558333	5.44031651e-07	
0.87716667	4.45164703e-07	
0.87875000	4.79949264e-07	
0.88033333	5.04770305e-07	
0.88191667	5.06568714e-07	
0.88350000	3.54247871e-07	
0.88508333	6.00635841e-08	
0.88666667	1.32097943e-07	
0.88825000	2.63634265e-07	
0.88983333	-2.82516822e-08	
0.89141667	9.72087908e-08	
0.89300000	1.42589412e-07	
0.89458333	3.73511308e-07	
0.89616667	5.56823633e-07	
0.89775000	4.21268207e-07	
0.89933333	5.67800798e-07	
0.90091667	3.14457582e-07	
0.90250000	3.72394842e-07	
0.90408333	1.39970007e-07	
0.90566667	4.44213437e-08	
0.90725000	2.78152749e-07	
0.90883333	1.77288541e-07	
0.91041667	2.03354463e-07	
0.91200000	3.33843776e-07	
0.91358333	3.77366913e-07	
0.91516667	4.67375243e-07	
0.91675000	3.92706673e-07	
0.91833333	4.47627693e-07	
0.91991667	4.13317978e-07	
0.92150000	4.82628928e-07	
0.92308333	2.95479982e-07	
0.92466667	1.06085007e-07	
0.92625000	2.08927343e-07	
0.92783333	2.46176490e-07	
0.92941667	1.96178290e-08	
0.93100000	1.77296997e-07	
0.93258333	3.65223328e-07	
0.93416667	4.39158545e-07	
0.93575000	4.69882252e-07	
0.93733333	4.35874502e-07	
0.93891667	4.60634781e-07	
0.94050000	5.27829452e-07	
0.94208333	3.61161494e-07	
0.94366667	2.15194024e-07	
0.94525000	1.42381951e-07	
0.94683333	2.14501791e-07	
0.94841667	2.07890568e-07	
0.95000000	1.60746337e-07	
0.95158333	2.31423818e-07	
0.95316667	3.35752117e-07	
0.95475000	5.02246944e-07	
0.95633333	4.29176153e-07	
0.95791667	5.15599847e-07	
0.95950000	5.27482293e-07	
0.96108333	4.76190151e-07	
0.96266667	3.25640808e-07	
0.96425000	3.60384011e-08	
0.96583333	7.02620057e-08	
0.96741667	6.42732860e-08	
0.96900000	2.75948462e-07	
0.97058333	2.06170689e-07	
0.97216667	1.95747683e-07	
0.97375000	3.89466340e-07	
0.97533333	5.04450755e-07	
0.97691667	4.50263424e-07	
0.97850000	4.48578336e-07	
0.98008333	4.61672116e-07	
0.98166667	4.92483298e-07	
0.98325000	8.77705753e-08	
0.98483333	2.46348222e-07	
0.98641667	2.30921560e-07	
0.98800000	2.85790729e-08	
0.98958333	1.46166531e-07	
0.99116667	3.80002741e-08	
0.99275000	4.21916464e-07	
0.99433333	3.79094338e-07	
0.99591667	4.13274436e-07	
0.99750000	4.17940733e-07	
0.99908333	3.41940843e-07	
1.00066667	4.75325528e-07	
1.00225000	3.95679622e-07	
1.00383333	1.20802587e-07	
1.00541667	1.16386074e-07	
1.00700000	1.62345615e-07	
1.00858333	2.91202538e-07	
1.01016667	1.20878848e-07	
1.01175000	2.16706148e-07	
1.01333333	4.36609927e-07	
1.01491667	3.86050746e-07	
1.01650000	4.16947781e-07	
1.01808333	4.98140560e-07	
1.01966667	5.47057243e-07	
1.02125000	5.22342158e-07	
1.02283333	9.46768962e-08	
1.02441667	-5.43173553e-08	
1.02600000	1.01719968e-07	
1.02758333	1.42813366e-07	
1.02916667	2.47506326e-07	
1.03075000	7.76605957e-08	
1.03233333	3.38527154e-07	
1.03391667	4.61576715e-07	
1.03550000	4.25763416e-07	
1.03708333	4.15867212e-07	
1.03866667	3.72266204e-07	
1.04025000	6.32917159e-07	
1.04183333	4.13845130e-07	
1.04341667	1.18402315e-08	
1.04500000	6.21809901e-08	
1.04658333	1.17881117e-07	
1.04816667	2.60132792e-07	
1.04975000	1.53314509e-07	
1.05133333	2.49718593e-07	
1.05291667	4.18804992e-07	
1.05450000	4.88117902e-07	
1.05608333	6.00120408e-07	
1.05766667	4.52424085e-07	
1.05925000	5.96188247e-07	
1.06083333	5.97491650e-07	
1.06241667	3.12375185e-07	
1.06400000	6.52850764e-08	
1.06558333	1.59164812e-07	
1.06716667	1.75403356e-07	
1.06875000	4.40323783e-08	
1.07033333	1.07942652e-07	
1.07191667	5.73155982e-07	
1.07350000	5.31933820e-07	
1.07508333	6.67358145e-07	
1.07666667	5.77823903e-07	
1.07825000	5.19359072e-07	
1.07983333	7.18331688e-07	
1.08141667	5.20188077e-07	
1.08300000	3.68201821e-07	
1.08458333	3.32857908e-07	
1.08616667	1.65845842e-07	
1.08775000	2.56417082e-07	
1.08933333	8.66390306e-08	
1.09091667	1.14968525e-07	
1.09250000	3.40894520e-07	
1.09408333	4.34448258e-07	
1.09566667	5.06092917e-07	
1.09725000	4.57350346e-07	
1.09883333	4.67893743e-07	
1.10041667	5.89059520e-07	
1.10200000	5.57249756e-07	
1.10358333	1.84867291e-07	
1.10516667	6.95269517e-08	
1.10675000	2.04692657e-07	
1.10833333	1.36850835e-07	
1.10991667	-1.24310906e-07	
1.11150000	2.76251492e-07	
1.11308333	2.35892133e-07	
1.11466667	5.66848923e-07	
1.11625000	5.74367204e-07	
1.11783333	4.67894471e-07	
1.11941667	6.14208568e-07	
1.12100000	4.71954681e-07	
1.12258333	1.43687453e-07	
1.12416667	9.43907234e-08	
1.12575000	2.33860011e-07	
1.12733333	3.13006585e-07	
1.12891667	1.73709560e-07	
1.13050000	1.30662963e-07	
1.13208333	2.29928677e-07	
1.13366667	6.86459482e-07	
1.13525000	6.32745792e-07	
1.13683333	5.11321031e-07	
1.13841667	4.59035545e-07	
1.14000000	4.45727668e-07	
1.14158333	2.79930073e-07	
1.14316667	6.70205103e-08	
1.14475000	1.36720979e-07	
1.14633333	8.73304866e-08	
1.14791667	8.39597723e-08	
1.14950000	-5.12668039e-08	
1.15108333	1.19185626e-07	
1.15266667	2.55413489e-07	
1.15425000	6.65068202e-07	
1.15583333	5.35044872e-07	
1.15741667	6.33566509e-07	
1.15900000	5.32510646e-07	
1.16058333	5.48827762e-07	
1.16216667	4.42011957e-07	
1.16375000	1.15521963e-07	
1.16533333	1.48267437e-07	
1.16691667	3.03474369e-07	
1.16850000	2.19774805e-07	
1.17008333	1.27517260e-07	
1.17166667	3.08786305e-08	
1.17325000	3.92965069e-07	
1.17483333	5.47316759e-07	
1.17641667	5.07908238e-07	
1.17800000	5.78040745e-07	
1.17958333	6.76605504e-07	
1.18116667	7.18691840e-07	
1.18275000	1.58291551e-07	
1.18433333	1.08331261e-07	
@ 
0.00000000	1.47324649e-07	
0.00158333	1.41993335e-07	
0.00316667	1.51542492e-07	
0.00475000	2.11175284e-07	
0.00633333	4.34189442e-07	
0.00791667	5.35087098e-07	
0.00950000	3.80951858e-07	
0.01108333	4.54939885e-07	
0.01266667	4.81895519e-07	
0.01425000	3.47842920e-07	
0.01583333	5.64254383e-07	
0.01741667	3.21545596e-07	
0.01900000	8.72957300e-08	
0.02058333	1.53832953e-07	
0.02216667	1.15642186e-07	
0.02375000	1.90649383e-07	
0.02533333	2.22367232e-07	
0.02691667	6.02715732e-07	
0.02850000	5.58423009e-07	
0.03008333	5.17154813e-07	
0.03166667	5.44508008e-07	
0.03325000	4.85480072e-07	
0.03483333	4.51110742e-07	
0.03641667	2.86924731e-07	
0.03800000	2.14536050e-07	
0.03958333	1.29763675e-07	
0.04116667	8.61631422e-08	
0.04275000	1.26220270e-07	
0.04433333	6.09454417e-08	
0.04591667	2.47955438e-07	
0.04750000	6.07554517e-07	
0.04908333	4.88937779e-07	
0.05066667	5.78601610e-07	
0.05225000	4.34450246e-07	
0.05383333	5.50556896e-07	
0.05541667	5.19403594e-07	
0.05700000	5.08039564e-07	
0.05858333	1.74444565e-07	
0.06016667	1.02359153e-07	
0.06175000	2.53469837e-07	
0.06333333	1.79863901e-07	
0.06491667	6.45589548e-08	
0.06650000	1.23956690e-07	
0.06808333	4.69969448e-07	
0.06966667	4.87771919e-07	
0.07125000	5.86465427e-07	
0.07283333	5.53667723e-07	
0.07441667	7.91485923e-07	
0.07600000	5.14433315e-07	
0.07758333	3.19850876e-07	
0.07916667	3.07493193e-07	
0.08075000	3.45821145e-07	
0.08233333	3.52467831e-07	
0.08391667	2.86923834e-07	
0.08550000	2.41689793e-07	
0.08708333	3.06562348e-07	
0.08866667	3.65655667e-07	
0.09025000	4.65906942e-07	
0.09183333	3.58560149e-07	
0.09341667	5.48440785e-07	
0.09500000	4.59865615e-07	
0.09658333	3.24087186e-07	
0.09816667	1.80338172e-07	
0.09975000	9.05279291e-08	
0.10133333	3.21104128e-07	
0.10291667	1.77253203e-07	
0.10450000	1.01693857e-07	
0.10608333	3.62543916e-07	
0.10766667	4.61222135e-07	
0.10925000	6.08332224e-07	
0.11083333	6.14811883e-07	
0.11241667	5.93250524e-07	
0.11400000	6.95489495e-07	
0.11558333	5.62983629e-07	
0.11716667	3.03144850e-07	
0.11875000	7.72534994e-08	
0.12033333	1.77901209e-07	
0.12191667	1.90259913e-07	
0.12350000	1.78506078e-07	
0.12508333	2.21112369e-07	
0.12666667	4.67981667e-07	
0.12825000	4.64782859e-07	
0.12983333	4.75542426e-07	
0.13141667	4.23429372e-07	
0.13300000	5.37421451e-07	
0.13458333	5.91955353e-07	
0.13616667	5.06785276e-07	
0.13775000	3.21580738e-07	
0.13933333	2.63936035e-07	
0.14091667	3.75853725e-07	
0.14250000	2.85601307e-07	
0.14408333	1.75697916e-07	
0.14566667	2.65576965e-07	
0.14725000	3.48975151e-07	
0.14883333	7.41247916e-07	
0.15041667	7.04130963e-07	
0.15200000	5.41655464e-07	
0.15358333	7.57885871e-07	
0.15516667	5.73027624e-07	
0.15675000	4.50222626e-07	
0.15833333	2.44879556e-07	
0.15991667	3.39469284e-07	
0.16150000	3.79785745e-07	
0.16308333	2.71713300e-07	
0.16466667	3.51698133e-07	
0.16625000	2.56331258e-07	
0.16783333	5.20326347e-07	
0.16941667	4.78135342e-07	
0.17100000	5.13871442e-07	
0.17258333	6.63295723e-07	
0.17416667	5.80936691e-07	
0.17575000	5.19791411e-07	
0.17733333	4.10967944e-07	
0.17891667	3.26894480e-07	
0.18050000	3.49278936e-07	
0.18208333	3.62068314e-07	
0.18366667	3.03456336e-07	
0.18525000	3.57133765e-07	
0.18683333	5.87893939e-07	
0.18841667	9.14603807e-07	
0.19000000	7.09401751e-07	
0.19158333	6.59761628e-07	
0.19316667	7.37186670e-07	
0.19475000	6.68699013e-07	
0.19633333	6.04960761e-07	
0.19791667	1.08459675e-07	
0.19950000	2.32045810e-07	
0.20108333	3.27282773e-07	
0.20266667	3.46651635e-07	
0.20425000	1.99291340e-07	
0.20583333	2.75855498e-08	
0.20741667	2.78784121e-07	
0.20900000	5.02635938e-07	
0.21058333	5.47315806e-07	
0.21216667	5.55742617e-07	
0.21375000	5.98608452e-07	
0.21533333	6.97390724e-07	
0.21691667	4.45339067e-07	
0.21850000	3.52389232e-07	
0.22008333	3.22271221e-07	
0.22166667	2.54860604e-07	
0.22325000	4.23126650e-07	
0.22483333	3.01053380e-07	
0.22641667	6.12417664e-07	
0.22800000	6.35468298e-07	
0.22958333	6.13388187e-07	
0.23116667	7.36194586e-07	
0.23275000	6.99896613e-07	
0.23433333	6.19697990e-07	
0.23591667	7.50412728e-07	
0.23750000	2.81349092e-07	
0.23908333	2.73096282e-07	
0.24066667	3.12289501e-07	
0.24225000	3.47939440e-07	
0.24383333	2.77806373e-07	
0.24541667	3.24008419e-07	
0.24700000	6.05296832e-07	
0.24858333	5.69572605e-07	
0.25016667	5.86163854e-07	
0.25175000	6.35425792e-07	
0.25333333	6.63036823e-07	
0.25491667	8.07562844e-07	
0.25650000	5.00690354e-07	
0.25808333	4.10006913e-07	
0.25966667	3.25338870e-07	
0.26125000	3.55976669e-07	
0.26283333	3.91280009e-07	
0.26441667	1.31804056e-07	
0.26600000	2.19773153e-07	
0.26758333	5.25781832e-07	
0.26916667	5.42909305e-07	
0.27075000	6.46574100e-07	
0.27233333	5.10847194e-07	
0.27391667	6.20992768e-07	
0.27550000	5.85697745e-07	
0.27708333	1.85740104e-07	
0.27866667	2.13413438e-07	
0.28025000	2.25174414e-07	
0.28183333	2.25262086e-07	
0.28341667	2.57582718e-07	
0.28500000	3.63054155e-07	
0.28658333	3.77305394e-07	
0.28816667	5.73330990e-07	
0.28975000	7.01321821e-07	
0.29133333	6.20431119e-07	
0.29291667	6.89916013e-07	
0.29450000	8.13414155e-07	
0.29608333	5.86035888e-07	
0.29766667	4.28528904e-07	
0.29925000	2.77676644e-07	
0.30083333	3.04814005e-07	
0.30241667	3.97243577e-07	
0.30400000	2.06283072e-07	
0.30558333	3.64574875e-07	
0.30716667	5.32886759e-07	
0.30875000	7.68861691e-07	
0.31033333	7.69985438e-07	
0.31191667	5.54101239e-07	
0.31350000	7.34507454e-07	
0.31508333	5.97788911e-07	
0.31666667	6.17638610e-07	
0.31825000	3.04122598e-07	
0.31983333	1.81099316e-07	
0.32141667	2.87400024e-07	
0.32300000	1.27473690e-07	
0.32458333	1.81073695e-07	
0.32616667	1.75870333e-07	
0.32775000	4.77572181e-07	
0.32933333	7.25261775e-07	
0.33091667	6.16670438e-07	
0.33250000	6.81791785e-07	
0.33408333	7.66572981e-07	
0.33566667	4.38206475e-07	
0.33725000	4.33636586e-07	
0.33883333	1.94019782e-07	
0.34041667	3.44221937e-07	
0.34200000	2.89940186e-07	
0.34358333	2.58663706e-07	
0.34516667	4.37472730e-07	
0.34675000	5.21190018e-07	
0.34833333	6.04443914e-07	
0.34991667	6.29245467e-07	
0.35150000	6.59926555e-07	
0.35308333	8.33591188e-07	
0.35466667	4.78263700e-07	
0.35625000	4.52812406e-07	
0.35783333	2.66829937e-07	
0.35941667	1.93414787e-07	
0.36100000	3.28364098e-07	
0.36258333	3.11468616e-07	
0.36416667	3.68379181e-07	
0.36575000	3.33540858e-07	
0.36733333	4.55017701e-07	
0.36891667	7.93059929e-07	
0.37050000	6.50808562e-07	
0.37208333	5.79942142e-07	
0.37366667	6.46617222e-07	
0.37525000	6.96399032e-07	
0.37683333	5.94201614e-07	
0.37841667	3.40981408e-07	
0.38000000	3.95211721e-07	
0.38158333	4.54497494e-07	
0.38316667	3.23739718e-07	
0.38475000	3.71101604e-07	
0.38633333	4.70970325e-07	
0.38791667	7.44276308e-07	
0.38950000	6.22581952e-07	
0.39108333	6.00122368e-07	
0.39266667	4.62449794e-07	
0.39425000	4.76320301e-07	
0.39583333	6.49816030e-07	
0.39741667	4.09860915e-07	
0.39900000	3.77409223e-07	
0.40058333	4.65560370e-07	
0.40216667	3.75378039e-07	
0.40375000	3.51653947e-07	
0.40533333	4.17337054e-07	
0.40691667	6.36291367e-07	
0.40850000	8.86526051e-07	
0.41008333	9.73726668e-07	
0.41166667	1.22746812e-06	
0.41325000	1.18297266e-06	
0.41483333	1.47461124e-06	
0.41641667	1.29711755e-06	
0.41800000	1.26096748e-06	
0.41958333	1.54174683e-06	
0.42116667	1.86250480e-06	
0.42275000	2.28798020e-06	
0.42433333	2.66571894e-06	
0.42591667	3.38281745e-06	
0.42750000	4.33856799e-06	
0.42908333	4.93164132e-06	
0.43066667	5.73230745e-06	
0.43225000	6.59251994e-06	
0.43383333	7.86352699e-06	
0.43541667	9.54515700e-06	
0.43700000	1.15450381e-05	
0.43858333	1.48722119e-05	
0.44016667	1.86860350e-05	
0.44175000	2.27906321e-05	
0.44333333	2.79157527e-05	
0.44491667	3.43099064e-05	
0.44650000	4.35369341e-05	
0.44808333	5.51658228e-05	
0.44966667	7.53305947e-05	
0.45125000	1.16338477e-04	
0.45283333	2.19778075e-04	
0.45441667	3.88559133e-04	
0.45600000	3.34585169e-04	
0.45758333	2.72680518e-04	
0.45916667	3.92799797e-04	
0.46075000	7.45690796e-04	
0.46233333	7.40366740e-04	
0.46391667	9.72288554e-04	
0.46550000	1.06642571e-03	
0.46708333	7.23780333e-04	
0.46866667	1.22352240e-03	
0.47025000	2.08925701e-03	
0.47183333	1.65611857e-03	
0.47341667	2.66728179e-03	
0.47500000	3.46782711e-03	
0.47658333	4.41573981e-03	
0.47816667	6.69928724e-03	
0.47975000	1.25519922e-02	
0.48133333	2.13387571e-02	
0.48291667	2.96743210e-02	
0.48450000	4.04412292e-02	
0.48608333	5.30975353e-02	
0.48766667	6.65773419e-02	
0.48925000	1.00055717e-01	
0.49083333	2.50173580e-01	
0.49241667	3.31035088e-01	
0.49400000	3.64712872e-01	
0.49558333	4.15856928e-01	
0.49716667	4.92431813e-01	
0.49875000	5.76933906e-01	
0.50033333	6.34519922e-01	
0.50191667	8.34471130e-01	
0.50350000	9.48292653e-01	
0.50508333	9.81874454e-01	
0.50666667	2.20560007e+00	
0.50825000	2.37169801e+00	
0.50983333	2.50367676e+00	
0.51141667	2.60889808e+00	
0.51300000	3.05834453e+00	
0.51458333	4.32497004e+00	
0.51616667	5.10683433e+00	
0.51775000	6.16301438e+00	
0.51933333	6.60852804e+00	
0.52091667	6.64587298e+00	
0.52250000	6.72695755e+00	
0.52408333	6.82683391e+00	
0.52566667	7.36754302e+00	
0.52725000	7.91675238e+00	
0.52883333	8.06919231e+00	
0.53041667	8.95751086e+00	
0.53200000	9.26984899e+00	
0.53358333	1.02721247e+01	
0.53516667	1.14305141e+01	
0.53675000	1.18359059e+01	
0.53833333	1.22037386e+01	
0.53991667	1.23729977e+01	
0.54150000	1.26227006e+01	
0.54308333	1.26137183e+01	
0.54466667	1.29697980e+01	
0.54625000	1.51200348e+01	
0.54783333	1.64958388e+01	
0.54941667	1.66714081e+01	
0.55100000	1.67524926e+01	
0.55258333	1.70851761e+01	
0.55416667	1.74056528e+01	
0.55575000	1.75629719e+01	
0.55733333	1.79254810e+01	
0.55891667	1.81241917e+01	
0.56050000	1.92737679e+01	
0.56208333	2.16886017e+01	
0.56366667	2.21797374e+01	
0.56525000	2.24766328e+01	
0.56683333	2.25195202e+01	
0.56841667	2.26180225e+01	
0.57000000	2.29702452e+01	
0.57158333	2.34907875e+01	
0.57316667	2.43861866e+01	
0.57475000	2.47596717e+01	
0.57633333	2.49910906e+01	
0.57791667	2.51980094e+01	
0.57950000	2.61939572e+01	
0.58108333	2.66972903e+01	
0.58266667	2.68841569e+01	
0.58425000	2.74420244e+01	
0.58583333	2.79760663e+01	
0.58741667	2.81059895e+01	
0.58900000	2.81757749e+01	
0.59058333	2.87040516e+01	
0.59216667	3.06823197e+01	
0.59375000	3.11463169e+01	
0.59533333	3.15435317e+01	
0.59691667	3.20737703e+01	
0.59850000	3.22296256e+01	
0.60008333	3.24966390e+01	
0.60166667	3.22867549e+01	
0.60325000	3.24528778e+01	
