start voltage : 0.00 V 
set voltage : 0.10 V 
High G : 30.00 G0 
Intermediate G : 20.00 G0 
Low G : 10.00 G0 
Breaking speed 1 : 300.00 V/s 
Breaking speed 2 : 300.00 V/s 
Making speed : 500.00 V/s 
Post breaking : 230.00 V/s 
@ 
0.00000000	4.12547795e+01	
0.00158333	4.19104164e+01	
0.00316667	4.16873709e+01	
0.00475000	4.18832253e+01	
0.00633333	4.19031178e+01	
0.00791667	4.18260208e+01	
0.00950000	4.21386370e+01	
0.01108333	4.15881226e+01	
0.01266667	4.17948836e+01	
0.01425000	4.19501037e+01	
0.01583333	4.17537231e+01	
0.01741667	4.18705901e+01	
0.01900000	4.17482397e+01	
0.02058333	4.17111645e+01	
0.02216667	4.20464693e+01	
0.02375000	4.14496005e+01	
0.02533333	4.18337365e+01	
0.02691667	4.18075790e+01	
0.02850000	4.17850407e+01	
0.03008333	4.17321769e+01	
0.03166667	4.17216162e+01	
0.03325000	4.15902423e+01	
0.03483333	4.19296023e+01	
0.03641667	4.17972212e+01	
0.03800000	4.16231346e+01	
0.03958333	4.18225745e+01	
0.04116667	4.17517838e+01	
0.04275000	4.15321771e+01	
0.04433333	4.17764455e+01	
0.04591667	4.17309217e+01	
0.04750000	4.16897236e+01	
0.04908333	4.17741004e+01	
0.05066667	4.16447634e+01	
0.05225000	4.17490515e+01	
0.05383333	4.16092366e+01	
0.05541667	4.16304219e+01	
0.05700000	4.16992695e+01	
0.05858333	4.15131227e+01	
0.06016667	4.17005774e+01	
0.06175000	4.15303769e+01	
0.06333333	4.13436475e+01	
0.06491667	4.16091990e+01	
0.06650000	4.15477889e+01	
0.06808333	4.17097250e+01	
0.06966667	4.16230858e+01	
0.07125000	4.15221012e+01	
0.07283333	4.15629986e+01	
0.07441667	4.13882092e+01	
0.07600000	4.16055422e+01	
0.07758333	4.15544824e+01	
0.07916667	4.16713081e+01	
0.08075000	4.15980181e+01	
0.08233333	4.14626529e+01	
0.08391667	4.16231271e+01	
0.08550000	4.15715336e+01	
0.08708333	4.15176815e+01	
0.08866667	4.16198349e+01	
0.09025000	4.17145958e+01	
0.09183333	4.16549596e+01	
0.09341667	4.12172345e+01	
0.09500000	4.12625817e+01	
0.09658333	4.12874990e+01	
0.09816667	4.10968272e+01	
0.09975000	4.11949179e+01	
0.10133333	4.12175389e+01	
0.10291667	4.12160055e+01	
0.10450000	4.11119016e+01	
0.10608333	4.10477330e+01	
0.10766667	4.11328163e+01	
0.10925000	4.10744242e+01	
0.11083333	4.09470603e+01	
0.11241667	4.10263334e+01	
0.11400000	4.09395438e+01	
0.11558333	4.10711207e+01	
0.11716667	4.09890364e+01	
0.11875000	4.09805164e+01	
0.12033333	4.11265588e+01	
0.12191667	4.09509990e+01	
0.12350000	4.11131531e+01	
0.12508333	4.09203578e+01	
0.12666667	4.09957637e+01	
0.12825000	4.09439748e+01	
0.12983333	4.09053398e+01	
0.13141667	4.09957750e+01	
0.13300000	4.08725452e+01	
0.13458333	4.06560654e+01	
0.13616667	4.05674342e+01	
0.13775000	4.05529762e+01	
0.13933333	4.06313736e+01	
0.14091667	4.03275554e+01	
0.14250000	4.05658896e+01	
0.14408333	4.02662807e+01	
0.14566667	4.04536302e+01	
0.14725000	4.05717900e+01	
0.14883333	4.05449598e+01	
0.15041667	4.05550958e+01	
0.15200000	4.05712940e+01	
0.15358333	4.02751389e+01	
0.15516667	4.05860113e+01	
0.15675000	4.04366579e+01	
0.15833333	4.06007512e+01	
0.15991667	4.05008565e+01	
0.16150000	4.05364135e+01	
0.16308333	4.09804337e+01	
0.16466667	4.04354064e+01	
0.16625000	4.02508605e+01	
0.16783333	3.98126543e+01	
0.16941667	3.98102303e+01	
0.17100000	3.98552167e+01	
0.17258333	3.98292922e+01	
0.17416667	3.99056639e+01	
0.17575000	3.95122525e+01	
0.17733333	3.95905446e+01	
0.17891667	3.96829792e+01	
0.18050000	3.96179198e+01	
0.18208333	3.95747411e+01	
0.18366667	3.94903568e+01	
0.18525000	3.94482154e+01	
0.18683333	3.96407513e+01	
0.18841667	3.94021353e+01	
0.19000000	3.94950772e+01	
0.19158333	3.93940888e+01	
0.19316667	3.95565286e+01	
0.19475000	3.93642482e+01	
0.19633333	3.93704268e+01	
0.19791667	3.94236250e+01	
0.19950000	3.86478440e+01	
0.20108333	3.90001362e+01	
0.20266667	3.88826378e+01	
0.20425000	3.88446493e+01	
0.20583333	3.89850957e+01	
0.20741667	3.88284399e+01	
0.20900000	3.87906167e+01	
0.21058333	3.87399816e+01	
0.21216667	3.87960887e+01	
0.21375000	3.89034737e+01	
0.21533333	3.86255462e+01	
0.21691667	3.87939954e+01	
0.21850000	3.86630875e+01	
0.22008333	3.86216752e+01	
0.22166667	3.86838068e+01	
0.22325000	3.86089835e+01	
0.22483333	3.85614377e+01	
0.22641667	3.82109231e+01	
0.22800000	3.81171206e+01	
0.22958333	3.81002197e+01	
0.23116667	3.79502574e+01	
0.23275000	3.80816463e+01	
0.23433333	3.79072741e+01	
0.23591667	3.80701498e+01	
0.23750000	3.81814658e+01	
0.23908333	3.79221343e+01	
0.24066667	3.79335669e+01	
0.24225000	3.79975852e+01	
0.24383333	3.79369757e+01	
0.24541667	3.79361038e+01	
0.24700000	3.77980627e+01	
0.24858333	3.78383024e+01	
0.25016667	3.77761294e+01	
0.25175000	3.77700862e+01	
0.25333333	3.74937522e+01	
0.25491667	3.76657079e+01	
0.25650000	3.78195412e+01	
0.25808333	3.76573194e+01	
0.25966667	3.75028472e+01	
0.26125000	3.74319663e+01	
0.26283333	3.72098453e+01	
0.26441667	3.71058917e+01	
0.26600000	3.71029716e+01	
0.26758333	3.69675124e+01	
0.26916667	3.72005324e+01	
0.27075000	3.70414863e+01	
0.27233333	3.69845449e+01	
0.27391667	3.69980709e+01	
0.27550000	3.69266563e+01	
0.27708333	3.68840338e+01	
0.27866667	3.67353418e+01	
0.28025000	3.67985746e+01	
0.28183333	3.65381682e+01	
0.28341667	3.69929935e+01	
0.28500000	3.66102254e+01	
0.28658333	3.64276564e+01	
0.28816667	3.65651075e+01	
0.28975000	3.63618830e+01	
0.29133333	3.63107819e+01	
0.29291667	3.66479171e+01	
0.29450000	3.65146528e+01	
0.29608333	3.64840342e+01	
0.29766667	3.61289495e+01	
0.29925000	3.60837827e+01	
0.30083333	3.55983464e+01	
0.30241667	3.56064342e+01	
0.30400000	3.55679420e+01	
0.30558333	3.54453324e+01	
0.30716667	3.54444154e+01	
0.30875000	3.55256127e+01	
0.31033333	3.54945694e+01	
0.31191667	3.55733802e+01	
0.31350000	3.54915741e+01	
0.31508333	3.56522324e+01	
0.31666667	3.54643567e+01	
0.31825000	3.54505338e+01	
0.31983333	3.55245303e+01	
0.32141667	3.53526423e+01	
0.32300000	3.51177507e+01	
0.32458333	3.48797323e+01	
0.32616667	3.47664281e+01	
0.32775000	3.48169167e+01	
0.32933333	3.47596670e+01	
0.33091667	3.47565664e+01	
0.33250000	3.47296873e+01	
0.33408333	3.45469079e+01	
0.33566667	3.46634705e+01	
0.33725000	3.43780077e+01	
0.33883333	3.43873921e+01	
0.34041667	3.42475846e+01	
0.34200000	3.41936159e+01	
0.34358333	3.41803568e+01	
0.34516667	3.38244340e+01	
0.34675000	3.38601075e+01	
0.34833333	3.39207884e+01	
0.34991667	3.39877344e+01	
0.35150000	3.38574917e+01	
0.35308333	3.37588486e+01	
0.35466667	3.38842506e+01	
0.35625000	3.37247498e+01	
0.35783333	3.37543462e+01	
0.35941667	3.37390763e+01	
0.36100000	3.34846493e+01	
0.36258333	3.35661097e+01	
0.36416667	3.35066690e+01	
0.36575000	3.30101495e+01	
0.36733333	3.29693573e+01	
0.36891667	3.25619802e+01	
0.37050000	3.21635590e+01	
0.37208333	3.18218951e+01	
0.37366667	3.16519126e+01	
0.37525000	3.15502703e+01	
0.37683333	3.15675658e+01	
0.37841667	3.16177086e+01	
0.38000000	3.12847639e+01	
0.38158333	3.14021853e+01	
0.38316667	3.13070880e+01	
0.38475000	3.10773490e+01	
0.38633333	3.11652811e+01	
0.38791667	3.10763794e+01	
0.38950000	3.11252011e+01	
0.39108333	3.09945488e+01	
0.39266667	3.07594355e+01	
0.39425000	3.08415987e+01	
0.39583333	3.06544258e+01	
0.39741667	3.07637105e+01	
0.39900000	3.06987113e+01	
0.40058333	3.04964584e+01	
0.40216667	3.04641543e+01	
0.40375000	3.02687884e+01	
0.40533333	3.03995252e+01	
0.40691667	3.02352684e+01	
0.40850000	3.02046329e+01	
0.41008333	3.02918810e+01	
0.41166667	3.00174882e+01	
0.41325000	2.99245745e+01	
0.41483333	3.00460642e+01	
0.41641667	2.99658760e+01	
0.41800000	3.00186796e+01	
0.41958333	2.99185181e+01	
0.42116667	2.98700740e+01	
0.42275000	2.98484978e+01	
0.42433333	2.97036430e+01	
0.42591667	2.98191984e+01	
0.42750000	2.94011685e+01	
0.42908333	2.91424796e+01	
0.43066667	2.86049612e+01	
0.43225000	2.85463003e+01	
0.43383333	2.80810290e+01	
0.43541667	2.79336956e+01	
0.43700000	2.78938524e+01	
0.43858333	2.77358248e+01	
0.44016667	2.76767111e+01	
0.44175000	2.77365013e+01	
0.44333333	2.74662182e+01	
0.44491667	2.78387844e+01	
0.44650000	2.75883580e+01	
0.44808333	2.73519763e+01	
0.44966667	2.72124338e+01	
0.45125000	2.71512342e+01	
0.45283333	2.71528014e+01	
0.45441667	2.67259828e+01	
0.45600000	2.67516968e+01	
0.45758333	2.67954524e+01	
0.45916667	2.65786550e+01	
0.46075000	2.65407980e+01	
0.46233333	2.65001937e+01	
0.46391667	2.65883871e+01	
0.46550000	2.63123162e+01	
0.46708333	2.60850953e+01	
0.46866667	2.62073629e+01	
0.47025000	2.60667249e+01	
0.47183333	2.60985329e+01	
0.47341667	2.58440195e+01	
0.47500000	2.58328706e+01	
0.47658333	2.57957765e+01	
0.47816667	2.56144177e+01	
0.47975000	2.58955340e+01	
0.48133333	2.57389271e+01	
0.48291667	2.57282724e+01	
0.48450000	2.56188355e+01	
0.48608333	2.52570856e+01	
0.48766667	2.53034419e+01	
0.48925000	2.51428907e+01	
0.49083333	2.50231298e+01	
0.49241667	2.49493927e+01	
0.49400000	2.46810225e+01	
0.49558333	2.42197781e+01	
0.49716667	2.35386151e+01	
0.49875000	2.31667198e+01	
0.50033333	2.24465253e+01	
0.50191667	2.22796264e+01	
0.50350000	2.22641480e+01	
0.50508333	2.21531420e+01	
0.50666667	2.22570806e+01	
0.50825000	2.23646647e+01	
0.50983333	2.20456162e+01	
0.51141667	2.23924815e+01	
0.51300000	2.22636895e+01	
0.51458333	2.21274017e+01	
0.51616667	2.16368447e+01	
0.51775000	2.12329609e+01	
0.51933333	2.09465661e+01	
0.52091667	2.10268821e+01	
0.52250000	2.12070571e+01	
0.52408333	2.10102160e+01	
0.52566667	2.08653443e+01	
0.52725000	2.09953070e+01	
0.52883333	2.10564408e+01	
0.53041667	2.12274945e+01	
0.53200000	2.13869539e+01	
0.53358333	2.10328258e+01	
0.53516667	2.11102723e+01	
0.53675000	2.08355920e+01	
0.53833333	2.07131741e+01	
0.53991667	2.07374092e+01	
0.54150000	2.06303381e+01	
0.54308333	2.06883150e+01	
0.54466667	2.03726489e+01	
0.54625000	1.95385866e+01	
0.54783333	1.96643212e+01	
0.54941667	1.97116453e+01	
0.55100000	1.94976891e+01	
0.55258333	1.92285823e+01	
0.55416667	1.91628822e+01	
0.55575000	1.90145999e+01	
0.55733333	1.90521825e+01	
0.55891667	1.91928826e+01	
0.56050000	1.89511378e+01	
0.56208333	1.90109788e+01	
0.56366667	1.88920861e+01	
0.56525000	1.87435726e+01	
0.56683333	1.87904288e+01	
0.56841667	1.84218595e+01	
0.57000000	1.85421277e+01	
0.57158333	1.85660810e+01	
0.57316667	1.82754149e+01	
0.57475000	1.78680002e+01	
0.57633333	1.78364289e+01	
0.57791667	1.77768078e+01	
0.57950000	1.77471081e+01	
0.58108333	1.77542244e+01	
0.58266667	1.76050607e+01	
0.58425000	1.70089717e+01	
0.58583333	1.68945701e+01	
0.58741667	1.64239507e+01	
0.58900000	1.63247683e+01	
0.59058333	1.59882156e+01	
0.59216667	1.53964110e+01	
0.59375000	1.52292190e+01	
0.59533333	1.52742430e+01	
0.59691667	1.51782616e+01	
0.59850000	1.51936573e+01	
0.60008333	1.50451532e+01	
0.60166667	1.51091715e+01	
0.60325000	1.44942639e+01	
0.60483333	1.41265036e+01	
0.60641667	1.42094908e+01	
0.60800000	1.38202407e+01	
0.60958333	1.38673524e+01	
0.61116667	1.35848765e+01	
0.61275000	1.32531580e+01	
0.61433333	1.33473683e+01	
0.61591667	1.32906307e+01	
0.61750000	1.32512676e+01	
0.61908333	1.30725057e+01	
0.62066667	1.25667719e+01	
0.62225000	1.25162289e+01	
0.62383333	1.26705921e+01	
0.62541667	1.25507984e+01	
0.62700000	1.25187479e+01	
0.62858333	1.24237737e+01	
0.63016667	1.25046319e+01	
0.63175000	1.24597056e+01	
0.63333333	1.24454467e+01	
0.63491667	1.18441515e+01	
0.63650000	1.18156282e+01	
0.63808333	1.22155452e+01	
0.63966667	1.18924518e+01	
0.64125000	1.15914637e+01	
0.64283333	1.16069261e+01	
0.64441667	1.14946404e+01	
0.64600000	1.13666658e+01	
0.64758333	1.13209325e+01	
0.64916667	1.08836536e+01	
0.65075000	1.10989985e+01	
0.65233333	1.07045291e+01	
0.65391667	1.03632316e+01	
0.65550000	1.02565035e+01	
0.65708333	1.03300856e+01	
0.65866667	9.30441563e+00	
0.66025000	8.63855630e+00	
0.66183333	8.41214245e+00	
0.66341667	8.40064309e+00	
0.66500000	8.41246096e+00	
0.66658333	8.30497552e+00	
0.66816667	8.01714316e+00	
0.66975000	7.74669559e+00	
0.67133333	7.79024025e+00	
0.67291667	7.86949502e+00	
0.67450000	7.48897773e+00	
0.67608333	7.45313469e+00	
0.67766667	7.41531949e+00	
0.67925000	7.24270990e+00	
0.68083333	7.22308471e+00	
0.68241667	7.14627986e+00	
0.68400000	6.76422921e+00	
0.68558333	6.78419076e+00	
0.68716667	6.21562023e+00	
0.68875000	5.70270631e+00	
0.69033333	5.54836047e+00	
0.69191667	5.58558045e+00	
0.69350000	5.24951921e+00	
0.69508333	5.35371805e+00	
0.69666667	5.44939549e+00	
0.69825000	5.37882937e+00	
0.69983333	5.14496193e+00	
0.70141667	4.87130621e+00	
0.70300000	3.63228445e+00	
0.70458333	3.38090984e+00	
0.70616667	3.30942506e+00	
0.70775000	3.36513241e+00	
0.70933333	2.91298236e+00	
0.71091667	2.67404878e+00	
0.71250000	2.45781700e+00	
0.71408333	1.80037607e+00	
0.71566667	1.07543172e-01	
0.71725000	-5.91484097e-05	
0.71883333	-8.21677543e-05	
0.72041667	-5.97495810e-05	
0.72200000	-3.21217045e-05	
0.72358333	-1.27453198e-05	
0.72516667	7.07263225e-08	
0.72675000	8.47363718e-06	
0.72833333	1.37768368e-05	
0.72991667	1.62893425e-05	
0.73150000	1.72310628e-05	
0.73308333	1.65188650e-05	
0.73466667	1.50771811e-05	
0.73625000	1.29391620e-05	
0.73783333	1.08268171e-05	
0.73941667	9.12741231e-06	
0.74100000	7.22470856e-06	
0.74258333	5.80879569e-06	
0.74416667	4.64005595e-06	
0.74575000	3.65573226e-06	
0.74733333	2.98578249e-06	
0.74891667	2.10520368e-06	
0.75050000	1.46231712e-06	
0.75208333	1.32885910e-06	
0.75366667	8.46164424e-07	
0.75525000	3.71661853e-07	
0.75683333	9.68800631e-08	
0.75841667	1.05435693e-07	
0.76000000	5.81280848e-08	
0.76158333	2.40256275e-08	
0.76316667	8.91885100e-08	
0.76475000	2.99325899e-07	
0.76633333	4.84011518e-07	
0.76791667	4.52899322e-07	
0.76950000	3.24129048e-07	
0.77108333	4.97011269e-07	
0.77266667	3.94995972e-07	
0.77425000	4.42259881e-07	
0.77583333	1.23281902e-07	
0.77741667	1.49148398e-07	
0.77900000	1.69000015e-07	
0.78058333	9.99577092e-08	
0.78216667	1.28641174e-07	
0.78375000	5.00383293e-08	
0.78533333	3.20846181e-07	
0.78691667	3.12194548e-07	
0.78850000	3.63408846e-07	
0.79008333	5.28605367e-07	
0.79166667	7.45457289e-07	
0.79325000	6.20041230e-07	
0.79483333	3.09281298e-07	
0.79641667	1.10319553e-07	
0.79800000	1.58507720e-07	
0.79958333	2.11730135e-08	
0.80116667	-2.28161378e-08	
0.80275000	1.21804681e-07	
0.80433333	1.35294007e-07	
0.80591667	2.53312666e-07	
0.80750000	2.49814133e-07	
0.80908333	2.93146666e-07	
0.81066667	3.32944627e-07	
0.81225000	4.23990769e-07	
0.81383333	4.25988546e-07	
0.81541667	7.19983006e-08	
0.81700000	1.03318385e-07	
0.81858333	8.32685543e-08	
0.82016667	1.61957013e-07	
0.82175000	2.95566926e-07	
0.82333333	2.02489364e-07	
0.82491667	6.17155364e-07	
0.82650000	6.48656106e-07	
0.82808333	4.53591205e-07	
0.82966667	5.34526961e-07	
0.83125000	3.62630439e-07	
0.83283333	4.09213162e-07	
0.83441667	4.81686910e-07	
0.83600000	1.04441914e-07	
0.83758333	7.64410010e-08	
0.83916667	3.35404265e-08	
0.84075000	1.20153377e-07	
0.84233333	1.43790568e-07	
0.84391667	-2.41300617e-08	
0.84550000	2.21518654e-07	
0.84708333	3.56365074e-07	
0.84866667	4.05410703e-07	
0.85025000	2.20940008e-07	
0.85183333	2.92585577e-07	
0.85341667	4.83406803e-07	
0.85500000	4.46115486e-07	
0.85658333	8.52649039e-08	
0.85816667	9.07394453e-09	
0.85975000	3.38597458e-08	
0.86133333	6.00120828e-08	
0.86291667	2.39649278e-08	
0.86450000	8.38733255e-08	
0.86608333	4.06493120e-07	
0.86766667	3.88947140e-07	
0.86925000	4.45985672e-07	
0.87083333	3.02264267e-07	
0.87241667	5.11884305e-07	
0.87400000	4.62191035e-07	
0.87558333	1.59804403e-07	
0.87716667	-3.30400335e-08	
0.87875000	2.35073873e-08	
0.88033333	1.73450143e-07	
0.88191667	1.00379919e-07	
0.88350000	5.27348888e-08	
0.88508333	9.68704306e-08	
0.88666667	4.77097952e-07	
0.88825000	5.27136309e-07	
0.88983333	2.90424188e-07	
0.89141667	3.07450744e-07	
0.89300000	3.58568661e-07	
0.89458333	6.51630049e-08	
0.89616667	5.09565675e-08	
0.89775000	-4.34283387e-08	
0.89933333	9.36824806e-08	
0.90091667	1.49399640e-07	
0.90250000	-6.18267672e-08	
0.90408333	1.19626604e-07	
0.90566667	3.21726680e-07	
0.90725000	3.23835427e-07	
0.90883333	3.96292374e-07	
0.91041667	2.10612220e-07	
0.91200000	5.14691151e-07	
0.91358333	4.38165089e-07	
0.91516667	2.36453194e-07	
0.91675000	-4.32088044e-09	
0.91833333	-2.15543084e-08	
0.91991667	1.72715824e-07	
0.92150000	8.29837465e-08	
0.92308333	2.48730418e-08	
0.92466667	3.22098005e-07	
0.92625000	3.21485225e-07	
0.92783333	4.97062008e-07	
0.92941667	3.31406014e-07	
0.93100000	3.39642780e-07	
0.93258333	4.61887025e-07	
0.93416667	4.85741100e-07	
0.93575000	3.95643949e-07	
0.93733333	8.48762675e-08	
0.93891667	1.77210768e-07	
0.94050000	2.64169145e-07	
0.94208333	1.17406132e-07	
0.94366667	3.79310872e-07	
0.94525000	3.12773698e-07	
0.94683333	6.50764656e-07	
0.94841667	6.41042452e-07	
0.95000000	6.82785437e-07	
0.95158333	4.69363585e-07	
0.95316667	5.38935590e-07	
0.95475000	5.43644394e-07	
0.95633333	3.68073632e-07	
0.95791667	2.16488732e-07	
0.95950000	3.75940137e-07	
0.96108333	1.47481316e-07	
0.96266667	1.73398999e-07	
0.96425000	2.62207685e-07	
0.96583333	6.57463957e-07	
0.96741667	5.69959807e-07	
0.96900000	5.61576118e-07	
0.97058333	6.42857045e-07	
0.97216667	6.24364288e-07	
0.97375000	5.64947750e-07	
0.97533333	4.55251147e-07	
0.97691667	2.00665544e-07	
0.97850000	2.69380067e-07	
0.98008333	1.65327300e-07	
0.98166667	1.93414829e-07	
0.98325000	1.48258868e-07	
0.98483333	3.41629217e-07	
0.98641667	4.50609379e-07	
0.98800000	5.20395455e-07	
0.98958333	5.44119519e-07	
0.99116667	6.31709969e-07	
0.99275000	5.92507146e-07	
0.99433333	5.43599592e-07	
0.99591667	2.99800212e-07	
0.99750000	2.78592341e-07	
0.99908333	4.14873784e-07	
1.00066667	3.57142277e-07	
1.00225000	4.30904643e-07	
1.00383333	1.82784572e-07	
1.00541667	2.54818238e-07	
1.00700000	4.31681986e-07	
1.00858333	5.12446010e-07	
1.01016667	6.70511758e-07	
1.01175000	6.29548440e-07	
1.01333333	6.68722534e-07	
1.01491667	4.70097078e-07	
1.01650000	2.79620463e-07	
1.01808333	1.85290558e-07	
1.01966667	1.18443033e-07	
1.02125000	8.75387389e-08	
1.02283333	7.98120862e-08	
1.02441667	3.83544578e-07	
1.02600000	5.75491847e-07	
1.02758333	5.85731570e-07	
1.02916667	6.22634874e-07	
1.03075000	4.84917359e-07	
1.03233333	6.10017228e-07	
1.03391667	6.23877122e-07	
1.03550000	2.62337191e-07	
1.03708333	2.34906460e-07	
1.03866667	2.08287752e-07	
1.04025000	3.27455989e-07	
1.04183333	2.85066315e-07	
1.04341667	1.51931373e-07	
1.04500000	2.52157615e-07	
1.04658333	5.47792164e-07	
1.04816667	5.77910539e-07	
1.04975000	4.72690330e-07	
1.05133333	4.05582883e-07	
1.05291667	6.86761616e-07	
1.05450000	3.73175853e-07	
1.05608333	1.81564970e-09	
1.05766667	2.70892947e-07	
1.05925000	2.67350144e-07	
1.06083333	2.68645622e-07	
1.06241667	1.47298677e-07	
1.06400000	2.48578214e-07	
1.06558333	3.81730265e-07	
1.06716667	4.50263844e-07	
1.06875000	4.02990722e-07	
1.07033333	4.08002247e-07	
1.07191667	4.44299884e-07	
1.07350000	6.34083636e-07	
1.07508333	3.42815238e-07	
1.07666667	2.43911188e-07	
1.07825000	8.61639262e-08	
1.07983333	2.74090691e-07	
1.08141667	3.59735278e-07	
1.08300000	1.69916762e-07	
1.08458333	4.65213854e-07	
1.08616667	5.94148916e-07	
1.08775000	6.83822492e-07	
1.08933333	6.39054195e-07	
1.09091667	6.56337354e-07	
1.09250000	7.01666796e-07	
1.09408333	7.22314083e-07	
1.09566667	3.53167443e-07	
1.09725000	1.50038348e-07	
1.09883333	8.66482430e-08	
1.10041667	1.36245937e-07	
1.10200000	-5.13434118e-08	
1.10358333	-1.23929755e-08	
1.10516667	4.19243317e-08	
1.10675000	2.93837989e-07	
1.10833333	5.00908148e-07	
1.10991667	5.62742539e-07	
1.11150000	6.57809660e-07	
1.11308333	6.29635636e-07	
1.11466667	4.46505263e-07	
1.11625000	2.62596399e-07	
1.11783333	6.60874384e-08	
1.11941667	2.26255346e-07	
1.12100000	2.45872872e-07	
1.12258333	2.65488610e-08	
1.12416667	3.22237507e-07	
1.12575000	4.31579417e-07	
1.12733333	5.88282877e-07	
1.12891667	5.93466917e-07	
1.13050000	5.04147613e-07	
1.13208333	6.13733331e-07	
1.13366667	5.39496512e-07	
1.13525000	6.84212493e-07	
1.13683333	1.77339643e-07	
1.13841667	2.87036232e-07	
1.14000000	3.85921269e-07	
1.14158333	3.31085932e-07	
1.14316667	2.80399290e-07	
1.14475000	2.39174692e-07	
1.14633333	4.19410435e-07	
1.14791667	6.51197276e-07	
1.14950000	4.74591447e-07	
1.15108333	4.31163795e-07	
1.15266667	5.42217114e-07	
1.15425000	5.40228856e-07	
1.15583333	5.16332920e-07	
1.15741667	2.33557850e-07	
1.15900000	3.26808432e-07	
1.16058333	2.57972439e-07	
1.16216667	2.91305471e-07	
1.16375000	1.69639312e-07	
1.16533333	4.28796596e-07	
1.16691667	5.50712023e-07	
1.16850000	5.01858063e-07	
1.17008333	5.34742122e-07	
1.17166667	5.64904012e-07	
1.17325000	3.47464147e-07	
1.17483333	5.96145405e-07	
1.17641667	2.53563474e-07	
1.17800000	7.91119708e-08	
1.17958333	1.67703389e-07	
1.18116667	1.17103803e-07	
1.18275000	2.71661386e-07	
1.18433333	2.73140076e-07	
1.18591667	5.12963809e-07	
1.18750000	5.63564600e-07	
1.18908333	5.53884901e-07	
1.19066667	5.76830643e-07	
1.19225000	6.02757342e-07	
1.19383333	6.96102387e-07	
1.19541667	4.65385278e-07	
1.19700000	5.17333363e-08	
1.19858333	1.57851777e-07	
1.20016667	1.10249438e-07	
1.20175000	1.56562809e-07	
1.20333333	2.22037447e-07	
1.20491667	1.25442395e-07	
1.20650000	4.52035483e-07	
1.20808333	5.37334199e-07	
1.20966667	5.19315782e-07	
1.21125000	4.95766053e-07	
1.21283333	6.75352336e-07	
1.21441667	5.55611627e-07	
1.21600000	2.17224507e-07	
1.21758333	2.13628698e-07	
1.21916667	1.82050099e-07	
1.22075000	1.72008526e-07	
1.22233333	2.55207651e-07	
1.22391667	1.56166703e-07	
1.22550000	3.09263909e-07	
1.22708333	4.54325594e-07	
1.22866667	4.93043379e-07	
1.23025000	5.17718142e-07	
1.23183333	5.76874885e-07	
1.23341667	5.56478210e-07	
1.23500000	5.05487194e-07	
1.23658333	3.24276531e-07	
1.23816667	3.62846749e-07	
1.23975000	3.18814493e-07	
1.24133333	3.87520700e-07	
1.24291667	1.98971664e-07	
1.24450000	2.56200996e-07	
1.24608333	5.45147389e-07	
1.24766667	4.46331263e-07	
1.24925000	4.61973521e-07	
1.25083333	4.36306449e-07	
1.25241667	5.73547103e-07	
1.25400000	5.85516969e-07	
1.25558333	1.51066610e-07	
1.25716667	5.38412359e-08	
1.25875000	4.36949981e-08	
1.26033333	1.49078864e-08	
1.26191667	2.25478577e-08	
1.26350000	-3.24046575e-09	
1.26508333	2.86431880e-07	
1.26666667	7.20604550e-07	
1.26825000	6.78117628e-07	
1.26983333	6.77253285e-07	
1.27141667	5.27439115e-07	
1.27300000	8.67471028e-07	
1.27458333	5.54102247e-07	
1.27616667	3.90501434e-07	
1.27775000	1.71506534e-07	
1.27933333	1.61334125e-07	
1.28091667	2.62509427e-07	
1.28250000	1.48950066e-07	
1.28408333	9.00526287e-08	
1.28566667	4.34058901e-07	
1.28725000	5.92558613e-07	
1.28883333	7.38138657e-07	
1.29041667	5.39712065e-07	
1.29200000	6.02714164e-07	
1.29358333	6.76132563e-07	
1.29516667	4.15918511e-07	
1.29675000	2.13766660e-07	
1.29833333	6.17918146e-08	
1.29991667	3.05634946e-07	
1.30150000	2.81271165e-07	
1.30308333	9.80462664e-08	
1.30466667	2.40731758e-07	
1.30625000	2.40722013e-07	
1.30783333	5.38890396e-07	
1.30941667	5.75922730e-07	
1.31100000	5.16118767e-07	
1.31258333	6.30541869e-07	
1.31416667	4.86215553e-07	
1.31575000	2.08841365e-07	
1.31733333	1.31683329e-07	
1.31891667	2.93058350e-08	
1.32050000	1.57894941e-07	
1.32208333	7.21200081e-08	
1.32366667	2.04554891e-07	
1.32525000	1.69199090e-07	
1.32683333	4.43523157e-07	
1.32841667	5.83268972e-07	
1.33000000	4.73900096e-07	
1.33158333	5.39581131e-07	
1.33316667	5.07951248e-07	
1.33475000	5.03637935e-07	
1.33633333	3.91021417e-07	
1.33791667	2.07026015e-07	
1.33950000	3.91151091e-07	
1.34108333	2.76813505e-07	
1.34266667	9.99488398e-08	
1.34425000	2.09928990e-07	
1.34583333	2.65793470e-07	
1.34741667	4.68471045e-07	
1.34900000	5.77953493e-07	
1.35058333	5.73286076e-07	
1.35216667	5.53021286e-07	
1.35375000	5.31760885e-07	
1.35533333	5.83916697e-07	
1.35691667	1.82740288e-07	
1.35850000	6.89739479e-08	
1.36008333	1.12478898e-07	
1.36166667	1.59449935e-07	
1.36325000	1.91599773e-07	
1.36483333	3.18081057e-07	
1.36641667	4.07311764e-07	
1.36800000	4.75674144e-07	
1.36958333	5.06569778e-07	
1.37116667	5.14866046e-07	
1.37275000	5.51204957e-07	
1.37433333	7.41767956e-07	
1.37591667	3.13784124e-07	
1.37750000	1.43159980e-07	
1.37908333	2.38846545e-07	
1.38066667	1.76086475e-07	
1.38225000	5.92686004e-08	
1.38383333	1.05955102e-07	
1.38541667	2.45959844e-07	
1.38700000	4.23999197e-07	
1.38858333	3.85490021e-07	
1.39016667	4.27317654e-07	
1.39175000	5.65076499e-07	
1.39333333	6.49167465e-07	
1.39491667	5.26878249e-07	
1.39650000	2.33298712e-07	
1.39808333	1.41690278e-07	
1.39966667	2.11390291e-07	
1.40125000	2.40298718e-07	
1.40283333	2.91330980e-07	
1.40441667	2.12341550e-07	
1.40600000	5.33791592e-07	
1.40758333	6.79715043e-07	
1.40916667	6.38362788e-07	
1.41075000	6.95315943e-07	
1.41233333	5.67021467e-07	
1.41391667	5.74754686e-07	
1.41550000	4.87598815e-07	
1.41708333	2.75688694e-07	
1.41866667	1.81747181e-07	
1.42025000	9.91705589e-08	
1.42183333	2.92229401e-07	
1.42341667	-1.82862051e-07	
1.42500000	1.38454348e-08	
@ 
0.00000000	3.35882407e-07	
0.00158333	4.43021935e-07	
0.00316667	4.70789325e-07	
0.00475000	5.04537615e-07	
0.00633333	6.53142859e-07	
0.00791667	6.99816809e-07	
0.00950000	6.91430913e-09	
0.01108333	2.75775302e-07	
0.01266667	7.76510473e-08	
0.01425000	1.49520619e-07	
0.01583333	1.96482632e-07	
0.01741667	1.52095781e-09	
0.01900000	3.97580824e-07	
0.02058333	5.55138237e-07	
0.02216667	7.27767831e-07	
0.02375000	7.24354422e-07	
0.02533333	6.06387201e-07	
0.02691667	6.94061375e-07	
0.02850000	5.59847713e-07	
0.03008333	4.35667769e-07	
0.03166667	1.76812660e-07	
0.03325000	1.35511114e-07	
0.03483333	1.99853158e-07	
0.03641667	8.64234629e-08	
0.03800000	1.73364011e-07	
0.03958333	2.72794092e-07	
0.04116667	3.55025970e-07	
0.04275000	4.23126930e-07	
0.04433333	3.80606602e-07	
0.04591667	5.21389051e-07	
0.04750000	6.29634852e-07	
0.04908333	3.89119684e-07	
0.05066667	1.39071348e-07	
0.05225000	1.31207013e-07	
0.05383333	3.74772624e-07	
0.05541667	2.64022839e-07	
0.05700000	8.43139672e-08	
0.05858333	6.70721656e-08	
0.06016667	3.15487552e-07	
0.06175000	5.21475855e-07	
0.06333333	5.41612231e-07	
0.06491667	4.69405671e-07	
0.06650000	5.92473321e-07	
0.06808333	4.80641119e-07	
0.06966667	3.33117787e-07	
0.07125000	1.46228539e-07	
0.07283333	2.43366900e-07	
0.07441667	3.53124237e-07	
0.07600000	5.95887808e-08	
0.07758333	2.09618638e-07	
0.07916667	3.29617322e-07	
0.08075000	6.03655398e-07	
0.08233333	6.39962836e-07	
0.08391667	4.77573749e-07	
0.08550000	5.62226140e-07	
0.08708333	5.74764430e-07	
0.08866667	4.96890080e-07	
0.09025000	4.25098554e-07	
0.09183333	1.08719470e-07	
0.09341667	2.15322844e-07	
0.09500000	2.68472435e-07	
0.09658333	1.17691045e-07	
0.09816667	2.33703792e-07	
0.09975000	3.72785347e-07	
0.10133333	7.72622204e-07	
0.10291667	6.90692992e-07	
0.10450000	5.09074547e-07	
0.10608333	6.38019268e-07	
0.10766667	4.08865694e-07	
0.10925000	3.01182942e-07	
0.11083333	1.53875375e-07	
0.11241667	1.68912847e-07	
0.11400000	2.04476613e-07	
0.11558333	2.70633068e-07	
0.11716667	2.73294699e-07	
0.11875000	2.21960542e-07	
0.12033333	6.25616784e-07	
0.12191667	5.81411088e-07	
0.12350000	5.94978033e-07	
0.12508333	5.38285961e-07	
0.12666667	5.63349102e-07	
0.12825000	5.44507840e-07	
0.12983333	4.41171948e-07	
0.13141667	1.31578716e-07	
0.13300000	2.17266901e-07	
0.13458333	2.14544423e-07	
0.13616667	2.74651472e-07	
0.13775000	1.25675575e-07	
0.13933333	-3.11989474e-08	
0.14091667	5.14433987e-07	
0.14250000	4.28614476e-07	
0.14408333	3.86872583e-07	
0.14566667	4.53980758e-07	
0.14725000	4.99397480e-07	
0.14883333	4.34290751e-07	
0.15041667	4.82844650e-07	
0.15200000	3.74426165e-07	
0.15358333	3.15357262e-07	
0.15516667	2.01269923e-07	
0.15675000	2.59667551e-07	
0.15833333	5.28990181e-08	
0.15991667	4.21379792e-07	
0.16150000	5.23420934e-07	
0.16308333	6.66493970e-07	
0.16466667	5.29988629e-07	
0.16625000	4.48535746e-07	
0.16783333	5.02506124e-07	
0.16941667	5.60884991e-07	
0.17100000	2.72888905e-07	
0.17258333	2.82689204e-07	
0.17416667	2.29461700e-07	
0.17575000	4.31466180e-07	
0.17733333	2.75834721e-07	
0.17891667	2.79535787e-07	
0.18050000	5.67989582e-07	
0.18208333	6.14466124e-07	
0.18366667	5.45847813e-07	
0.18525000	5.33835218e-07	
0.18683333	5.53064072e-07	
0.18841667	6.41948741e-07	
0.19000000	3.35969575e-07	
0.19158333	4.04711400e-08	
0.19316667	1.08114678e-07	
0.19475000	1.31708768e-07	
0.19633333	8.61631422e-08	
0.19791667	6.93446005e-08	
0.19950000	4.09212658e-07	
0.20108333	4.64237871e-07	
0.20266667	6.08201178e-07	
0.20425000	6.85679255e-07	
0.20583333	5.13007211e-07	
0.20741667	6.36547970e-07	
0.20900000	4.90622671e-07	
0.21058333	3.54031422e-07	
0.21216667	2.50280214e-07	
0.21375000	1.85506938e-07	
0.21533333	3.36790152e-07	
0.21691667	1.58214029e-07	
0.21850000	9.36131775e-08	
0.22008333	2.39045942e-07	
0.22166667	3.36272045e-07	
0.22325000	4.76449611e-07	
0.22483333	4.33886021e-07	
0.22641667	6.10752877e-07	
0.22800000	6.28241342e-07	
0.22958333	2.19842232e-07	
0.23116667	2.11856988e-07	
0.23275000	1.82222908e-07	
0.23433333	2.30265546e-07	
0.23591667	3.23006142e-07	
0.23750000	3.40328741e-08	
0.23908333	2.64756640e-07	
0.24066667	4.02947293e-07	
0.24225000	5.82794014e-07	
0.24383333	5.67497208e-07	
0.24541667	5.00042461e-07	
0.24700000	6.31493464e-07	
0.24858333	4.64869915e-07	
0.25016667	3.78359473e-07	
0.25175000	8.04945609e-08	
0.25333333	6.96221210e-08	
0.25491667	1.10232973e-07	
0.25650000	-3.07584387e-08	
0.25808333	-7.70159847e-10	
0.25966667	2.02637729e-07	
0.26125000	4.60219914e-07	
0.26283333	6.71376213e-07	
0.26441667	6.69994239e-07	
0.26600000	7.22627417e-07	
0.26758333	6.21468902e-07	
0.26916667	4.34188406e-07	
0.27075000	1.56425379e-07	
0.27233333	9.13834234e-08	
0.27391667	2.19427296e-07	
0.27550000	2.18270130e-07	
0.27708333	2.12212968e-07	
0.27866667	3.19333049e-07	
0.28025000	2.57239255e-07	
0.28183333	6.25919925e-07	
0.28341667	6.11960291e-07	
0.28500000	4.62362795e-07	
0.28658333	5.10758990e-07	
0.28816667	4.59425659e-07	
0.28975000	2.66986072e-07	
0.29133333	2.21657260e-07	
0.29291667	1.08460914e-07	
0.29450000	2.21199453e-07	
0.29608333	2.52786859e-07	
0.29766667	2.32218256e-07	
0.29925000	2.89301449e-07	
0.30083333	6.00145945e-07	
0.30241667	5.79294081e-07	
0.30400000	5.29124958e-07	
0.30558333	6.17103954e-07	
0.30716667	5.46885371e-07	
0.30875000	6.78681909e-07	
0.31033333	3.49962167e-07	
0.31191667	6.17581011e-08	
0.31350000	1.88790729e-07	
0.31508333	1.83994604e-07	
0.31666667	8.85395668e-08	
0.31825000	1.46011376e-07	
0.31983333	1.63511909e-07	
0.32141667	4.38163465e-07	
0.32300000	4.28917282e-07	
0.32458333	4.91444171e-07	
0.32616667	4.95204852e-07	
0.32775000	6.22071097e-07	
0.32933333	4.83297430e-07	
0.33091667	1.22841694e-07	
0.33250000	2.20637188e-07	
0.33408333	3.17086116e-07	
0.33566667	3.17172836e-07	
0.33725000	3.24172450e-07	
0.33883333	2.29141772e-07	
0.34041667	6.26222731e-07	
0.34200000	6.30971072e-07	
0.34358333	4.99828084e-07	
0.34516667	5.48224111e-07	
0.34675000	6.20862395e-07	
0.34833333	6.73019551e-07	
0.34991667	3.86610071e-07	
0.35150000	1.96793684e-07	
0.35308333	3.18209582e-07	
0.35466667	3.66044633e-07	
0.35625000	3.21839217e-07	
0.35783333	2.30576682e-07	
0.35941667	3.85611463e-07	
0.36100000	6.39486982e-07	
0.36258333	7.42460427e-07	
0.36416667	9.00094844e-07	
0.36575000	8.74514800e-07	
0.36733333	8.51189978e-07	
0.36891667	7.43368732e-07	
0.37050000	5.26757620e-07	
0.37208333	5.52025898e-07	
0.37366667	5.27656068e-07	
0.37525000	6.74878498e-07	
0.37683333	7.63070584e-07	
0.37841667	5.59932277e-07	
0.38000000	8.02653496e-07	
0.38158333	9.74114317e-07	
0.38316667	9.15912754e-07	
0.38475000	8.25297664e-07	
0.38633333	8.55632209e-07	
0.38791667	1.07159834e-06	
0.38950000	8.53257758e-07	
0.39108333	7.30275120e-07	
0.39266667	6.11485726e-07	
0.39425000	5.72120327e-07	
0.39583333	6.75917289e-07	
0.39741667	6.94583206e-07	
0.39900000	6.32920240e-07	
0.40058333	8.94953477e-07	
0.40216667	1.03958148e-06	
0.40375000	1.02873514e-06	
0.40533333	8.91504618e-07	
0.40691667	9.55192300e-07	
0.40850000	1.04329982e-06	
0.41008333	5.83113061e-07	
0.41166667	7.22151507e-07	
0.41325000	6.38623816e-07	
0.41483333	6.11528400e-07	
0.41641667	5.91003815e-07	
0.41800000	6.36204843e-07	
0.41958333	6.63035927e-07	
0.42116667	7.68130131e-07	
0.42275000	8.08273460e-07	
0.42433333	8.79440445e-07	
0.42591667	8.61293447e-07	
0.42750000	1.01102121e-06	
0.42908333	8.02695554e-07	
0.43066667	5.03025043e-07	
0.43225000	4.81073570e-07	
0.43383333	4.21656808e-07	
0.43541667	5.12920351e-07	
0.43700000	3.96853743e-07	
0.43858333	5.54058509e-07	
0.44016667	7.99845474e-07	
0.44175000	8.77841069e-07	
0.44333333	1.00488613e-06	
0.44491667	9.35439934e-07	
0.44650000	1.04375512e-06	
0.44808333	1.06970333e-06	
0.44966667	9.93422976e-07	
0.45125000	8.43316752e-07	
0.45283333	6.64116159e-07	
0.45441667	6.90779348e-07	
0.45600000	7.60349925e-07	
0.45758333	6.05695850e-07	
0.45916667	7.09447337e-07	
0.46075000	8.48759300e-07	
0.46233333	1.02861081e-06	
0.46391667	1.01555808e-06	
0.46550000	1.02808674e-06	
0.46708333	1.13966099e-06	
0.46866667	1.14312161e-06	
0.47025000	9.23716032e-07	
0.47183333	6.62432052e-07	
0.47341667	5.00086031e-07	
0.47500000	6.25227062e-07	
0.47658333	3.92983157e-07	
0.47816667	5.47272573e-07	
0.47975000	5.54447334e-07	
0.48133333	8.72699199e-07	
0.48291667	1.01305186e-06	
0.48450000	9.09645120e-07	
0.48608333	1.13294584e-06	
0.48766667	9.19542949e-07	
0.48925000	9.93477634e-07	
0.49083333	7.22322763e-07	
0.49241667	4.33540569e-07	
0.49400000	7.05773741e-07	
0.49558333	7.15971742e-07	
0.49716667	6.06602643e-07	
0.49875000	5.87302105e-07	
0.50033333	6.90301702e-07	
0.50191667	9.41446595e-07	
0.50350000	9.09989648e-07	
0.50508333	9.72907575e-07	
0.50666667	9.90322228e-07	
0.50825000	9.85352341e-07	
0.50983333	9.70270865e-07	
0.51141667	5.64816424e-07	
0.51300000	6.08935763e-07	
0.51458333	6.22807754e-07	
0.51616667	6.07120946e-07	
0.51775000	7.09878445e-07	
0.51933333	5.13741124e-07	
0.52091667	7.66227109e-07	
0.52250000	8.47205567e-07	
0.52408333	8.04815025e-07	
0.52566667	9.93781504e-07	
0.52725000	8.31518815e-07	
0.52883333	9.05023513e-07	
0.53041667	5.78905480e-07	
0.53200000	5.76830755e-07	
0.53358333	6.43248111e-07	
0.53516667	4.83925498e-07	
0.53675000	5.84098201e-07	
0.53833333	5.76009254e-07	
0.53991667	4.78611028e-07	
0.54150000	7.42650219e-07	
0.54308333	9.80423560e-07	
0.54466667	1.07968219e-06	
0.54625000	1.09723013e-06	
0.54783333	1.09049695e-06	
0.54941667	9.37895868e-07	
0.55100000	8.50706116e-07	
0.55258333	6.88488789e-07	
0.55416667	6.04701357e-07	
0.55575000	6.26851415e-07	
0.55733333	6.11701560e-07	
0.55891667	5.07346589e-07	
0.56050000	6.48259104e-07	
0.56208333	8.17907964e-07	
0.56366667	9.72387312e-07	
0.56525000	9.54194783e-07	
0.56683333	8.55925718e-07	
0.56841667	1.04101649e-06	
0.57000000	9.10551633e-07	
0.57158333	8.18255124e-07	
0.57316667	7.41380250e-07	
0.57475000	7.83467707e-07	
0.57633333	7.09964521e-07	
0.57791667	6.41647727e-07	
0.57950000	6.47040657e-07	
0.58108333	9.11468394e-07	
0.58266667	1.09627405e-06	
0.58425000	1.20382845e-06	
0.58583333	1.15219189e-06	
0.58741667	1.41076490e-06	
0.58900000	1.50566687e-06	
0.59058333	1.32011072e-06	
0.59216667	1.41467220e-06	
0.59375000	1.49638322e-06	
0.59533333	1.74057512e-06	
0.59691667	1.88268957e-06	
0.59850000	2.00883545e-06	
0.60008333	2.30843433e-06	
0.60166667	2.95679581e-06	
0.60325000	3.72850484e-06	
0.60483333	4.47498339e-06	
0.60641667	5.55659934e-06	
0.60800000	7.01992395e-06	
0.60958333	9.74412900e-06	
0.61116667	1.42200712e-05	
0.61275000	1.77326339e-05	
0.61433333	2.09299939e-05	
0.61591667	2.37710381e-05	
0.61750000	2.57573460e-05	
0.61908333	2.78249677e-05	
0.62066667	3.18131728e-05	
0.62225000	3.61453229e-05	
0.62383333	4.16269026e-05	
0.62541667	4.92912613e-05	
0.62700000	6.35205913e-05	
0.62858333	8.65958416e-05	
0.63016667	1.14114283e-04	
0.63175000	1.39623623e-04	
0.63333333	1.53660788e-04	
0.63491667	1.52729336e-04	
0.63650000	1.51022430e-04	
0.63808333	1.84337334e-04	
0.63966667	2.88696671e-04	
0.64125000	4.18463077e-04	
0.64283333	5.61461603e-04	
0.64441667	5.92975954e-04	
0.64600000	6.26757902e-04	
0.64758333	8.69910756e-04	
0.64916667	2.02828361e-03	
0.65075000	1.59896686e-03	
0.65233333	1.88999680e-02	
0.65391667	3.84388813e-02	
0.65550000	2.75719021e-02	
0.65708333	4.00722365e-02	
0.65866667	3.30020592e-02	
0.66025000	3.64977264e-02	
0.66183333	4.77798545e-02	
0.66341667	5.76572980e-02	
0.66500000	7.27273388e-02	
0.66658333	8.22764003e-02	
0.66816667	9.59916599e-02	
0.66975000	1.11020308e-01	
0.67133333	1.17826086e-01	
0.67291667	1.32336644e-01	
0.67450000	1.50217398e-01	
0.67608333	1.62919497e-01	
0.67766667	1.96952994e-01	
0.67925000	2.54007157e-01	
0.68083333	2.86727140e-01	
0.68241667	3.25558973e-01	
0.68400000	2.87146422e-01	
0.68558333	3.05478916e-01	
0.68716667	3.12240181e-01	
0.68875000	3.48024971e-01	
0.69033333	4.92089810e-01	
0.69191667	6.41965573e-01	
0.69350000	8.12338590e-01	
0.69508333	8.14565421e-01	
0.69666667	2.22013657e+00	
0.69825000	2.19653866e+01	
0.69983333	2.63631392e+01	
0.70141667	2.81301946e+01	
0.70300000	2.88236528e+01	
0.70458333	2.99799413e+01	
0.70616667	3.21562605e+01	
0.70775000	3.26816171e+01	
0.70933333	3.29348189e+01	
0.71091667	3.30649000e+01	
0.71250000	3.31091422e+01	
0.71408333	3.32463828e+01	
0.71566667	3.34652980e+01	
