start voltage : 0.00 V 
set voltage : 0.10 V 
High G : 30.00 G0 
Intermediate G : 20.00 G0 
Low G : 10.00 G0 
Breaking speed 1 : 300.00 V/s 
Breaking speed 2 : 300.00 V/s 
Making speed : 500.00 V/s 
Post breaking : 230.00 V/s 
@ 
0.00000000	5.15946385e+01	
0.00158333	5.23601520e+01	
0.00316667	5.26824496e+01	
0.00475000	5.22852874e+01	
0.00633333	5.24834945e+01	
0.00791667	5.26529171e+01	
0.00950000	5.23717838e+01	
0.01108333	5.20911016e+01	
0.01266667	5.21492683e+01	
0.01425000	5.25101331e+01	
0.01583333	5.23350468e+01	
0.01741667	5.22177100e+01	
0.01900000	5.18905117e+01	
0.02058333	5.19925712e+01	
0.02216667	5.24780375e+01	
0.02375000	5.20884407e+01	
0.02533333	5.20130161e+01	
0.02691667	5.19384221e+01	
0.02850000	5.20776057e+01	
0.03008333	5.25204909e+01	
0.03166667	5.16589688e+01	
0.03325000	5.16957096e+01	
0.03483333	5.17596376e+01	
0.03641667	5.19905154e+01	
0.03800000	5.20987760e+01	
0.03958333	5.20032446e+01	
0.04116667	5.22153198e+01	
0.04275000	5.21052590e+01	
0.04433333	5.18382004e+01	
0.04591667	5.19405154e+01	
0.04750000	5.17837920e+01	
0.04908333	5.17853893e+01	
0.05066667	5.18679884e+01	
0.05225000	5.18352652e+01	
0.05383333	5.17980434e+01	
0.05541667	5.16303947e+01	
0.05700000	5.17825292e+01	
0.05858333	5.17838108e+01	
0.06016667	5.19803605e+01	
0.06175000	5.15849422e+01	
0.06333333	5.15439245e+01	
0.06491667	5.14127986e+01	
0.06650000	5.12224989e+01	
0.06808333	5.13740096e+01	
0.06966667	5.13403430e+01	
0.07125000	5.13648770e+01	
0.07283333	5.14265990e+01	
0.07441667	5.12707249e+01	
0.07600000	5.13550867e+01	
0.07758333	5.14727505e+01	
0.07916667	5.11838489e+01	
0.08075000	5.14512043e+01	
0.08233333	5.10059214e+01	
0.08391667	5.14289103e+01	
0.08550000	5.12597358e+01	
0.08708333	5.12621223e+01	
0.08866667	5.11185866e+01	
0.09025000	5.10681357e+01	
0.09183333	5.11330597e+01	
0.09341667	5.11193571e+01	
0.09500000	5.10361942e+01	
0.09658333	5.12638962e+01	
0.09816667	5.08678916e+01	
0.09975000	5.11807408e+01	
0.10133333	5.07958306e+01	
0.10291667	5.09478148e+01	
0.10450000	5.11083040e+01	
0.10608333	5.08785725e+01	
0.10766667	5.08354690e+01	
0.10925000	5.09379794e+01	
0.11083333	5.08840145e+01	
0.11241667	5.08282569e+01	
0.11400000	5.05823123e+01	
0.11558333	5.06810945e+01	
0.11716667	5.03340225e+01	
0.11875000	5.03564932e+01	
0.12033333	5.02487963e+01	
0.12191667	4.99531862e+01	
0.12350000	5.02808881e+01	
0.12508333	4.99584177e+01	
0.12666667	5.03415353e+01	
0.12825000	5.02433656e+01	
0.12983333	4.93996163e+01	
0.13141667	4.95659233e+01	
0.13300000	4.93792616e+01	
0.13458333	4.95036150e+01	
0.13616667	4.93566932e+01	
0.13775000	4.93571028e+01	
0.13933333	4.93263978e+01	
0.14091667	4.90478953e+01	
0.14250000	4.92105305e+01	
0.14408333	4.93522622e+01	
0.14566667	4.92727411e+01	
0.14725000	4.93597750e+01	
0.14883333	4.90825992e+01	
0.15041667	4.91885371e+01	
0.15200000	4.92318361e+01	
0.15358333	4.90246016e+01	
0.15516667	4.90508005e+01	
0.15675000	4.91321030e+01	
0.15833333	4.88841553e+01	
0.15991667	4.88673145e+01	
0.16150000	4.88878083e+01	
0.16308333	4.89712267e+01	
0.16466667	4.88311261e+01	
0.16625000	4.91216964e+01	
0.16783333	4.88476963e+01	
0.16941667	4.86759361e+01	
0.17100000	4.86003875e+01	
0.17258333	4.86836556e+01	
0.17416667	4.85642517e+01	
0.17575000	4.45451105e+01	
0.17733333	4.45243311e+01	
0.17891667	4.46590611e+01	
0.18050000	4.40503424e+01	
0.18208333	4.40081221e+01	
0.18366667	4.38361101e+01	
0.18525000	4.34262788e+01	
0.18683333	4.34845619e+01	
0.18841667	4.33178040e+01	
0.19000000	4.37462349e+01	
0.19158333	4.30483965e+01	
0.19316667	4.32068675e+01	
0.19475000	4.35083555e+01	
0.19633333	4.34931458e+01	
0.19791667	4.34861554e+01	
0.19950000	4.28644745e+01	
0.20108333	4.29159252e+01	
0.20266667	4.28760613e+01	
0.20425000	4.26831608e+01	
0.20583333	4.29321421e+01	
0.20741667	4.28284966e+01	
0.20900000	4.29404027e+01	
0.21058333	4.12747923e+01	
0.21216667	4.01764281e+01	
0.21375000	4.04509994e+01	
0.21533333	4.02036454e+01	
0.21691667	4.03157094e+01	
0.21850000	4.01891009e+01	
0.22008333	4.01358238e+01	
0.22166667	3.99544875e+01	
0.22325000	3.99033789e+01	
0.22483333	3.94799351e+01	
0.22641667	3.94092572e+01	
0.22800000	3.94898908e+01	
0.22958333	3.98061337e+01	
0.23116667	3.95725125e+01	
0.23275000	3.97179761e+01	
0.23433333	3.97051492e+01	
0.23591667	3.96443931e+01	
0.23750000	3.97141427e+01	
0.23908333	3.97408452e+01	
0.24066667	3.96419577e+01	
0.24225000	3.99981022e+01	
0.24383333	3.96837947e+01	
0.24541667	3.95665519e+01	
0.24700000	3.92815063e+01	
0.24858333	3.91669243e+01	
0.25016667	3.85581229e+01	
0.25175000	3.88866892e+01	
0.25333333	3.84836078e+01	
0.25491667	3.82078864e+01	
0.25650000	3.84550149e+01	
0.25808333	3.79888548e+01	
0.25966667	3.78441841e+01	
0.26125000	3.76521067e+01	
0.26283333	3.77007913e+01	
0.26441667	3.75629907e+01	
0.26600000	3.65991987e+01	
0.26758333	3.50736550e+01	
0.26916667	3.41256853e+01	
0.27075000	3.41273615e+01	
0.27233333	3.44389367e+01	
0.27391667	3.43973515e+01	
0.27550000	3.42987308e+01	
0.27708333	3.41266812e+01	
0.27866667	3.43609827e+01	
0.28025000	3.40499450e+01	
0.28183333	3.40470586e+01	
0.28341667	3.41873509e+01	
0.28500000	3.41073487e+01	
0.28658333	3.40780831e+01	
0.28816667	3.42179469e+01	
0.28975000	3.37007871e+01	
0.29133333	3.35728633e+01	
0.29291667	3.29193160e+01	
0.29450000	3.29366980e+01	
0.29608333	3.29836538e+01	
0.29766667	3.30550082e+01	
0.29925000	3.24193315e+01	
0.30083333	3.18345530e+01	
0.30241667	3.19648257e+01	
0.30400000	3.18685164e+01	
0.30558333	3.17724476e+01	
0.30716667	3.08135959e+01	
0.30875000	3.09672845e+01	
0.31033333	3.11501485e+01	
0.31191667	3.13831365e+01	
0.31350000	3.04582575e+01	
0.31508333	3.06083889e+01	
0.31666667	3.03648383e+01	
0.31825000	3.00683413e+01	
0.31983333	2.98472895e+01	
0.32141667	2.99660225e+01	
0.32300000	2.99089119e+01	
0.32458333	2.95505914e+01	
0.32616667	2.97075366e+01	
0.32775000	2.96841282e+01	
0.32933333	2.96765271e+01	
0.33091667	2.93766477e+01	
0.33250000	2.92385145e+01	
0.33408333	2.95608834e+01	
0.33566667	2.91660288e+01	
0.33725000	2.87296943e+01	
0.33883333	2.88134810e+01	
0.34041667	2.87721702e+01	
0.34200000	2.90333959e+01	
0.34358333	2.88803688e+01	
0.34516667	2.88058273e+01	
0.34675000	2.82424841e+01	
0.34833333	2.81783042e+01	
0.34991667	2.69403411e+01	
0.35150000	2.57093326e+01	
0.35308333	2.57960715e+01	
0.35466667	2.57623787e+01	
0.35625000	2.54158046e+01	
0.35783333	2.55520286e+01	
0.35941667	2.49923478e+01	
0.36100000	2.48855473e+01	
0.36258333	2.50662766e+01	
0.36416667	2.50510049e+01	
0.36575000	2.50102239e+01	
0.36733333	2.48515444e+01	
0.36891667	2.49412955e+01	
0.37050000	2.47448529e+01	
0.37208333	2.43446784e+01	
0.37366667	2.41914652e+01	
0.37525000	2.41732358e+01	
0.37683333	2.38966688e+01	
0.37841667	2.37511939e+01	
0.38000000	2.36280957e+01	
0.38158333	2.33336412e+01	
0.38316667	2.10523857e+01	
0.38475000	2.12637035e+01	
0.38633333	2.11172683e+01	
0.38791667	2.12826470e+01	
0.38950000	2.13097686e+01	
0.39108333	2.09901582e+01	
0.39266667	2.09973515e+01	
0.39425000	2.08614846e+01	
0.39583333	2.02695315e+01	
0.39741667	2.00473166e+01	
0.39900000	2.01415419e+01	
0.40058333	2.02174382e+01	
0.40216667	2.01230325e+01	
0.40375000	2.01559267e+01	
0.40533333	2.00303462e+01	
0.40691667	1.95152252e+01	
0.40850000	1.93282008e+01	
0.41008333	1.94329718e+01	
0.41166667	1.94320398e+01	
0.41325000	1.91341709e+01	
0.41483333	1.88424788e+01	
0.41641667	1.89245255e+01	
0.41800000	1.85681931e+01	
0.41958333	1.82252665e+01	
0.42116667	1.63337918e+01	
0.42275000	1.64520024e+01	
0.42433333	1.66193148e+01	
0.42591667	1.66768500e+01	
0.42750000	1.67105936e+01	
0.42908333	1.64716920e+01	
0.43066667	1.60144446e+01	
0.43225000	1.64938169e+01	
0.43383333	1.61011985e+01	
0.43541667	1.59260765e+01	
0.43700000	1.56134038e+01	
0.43858333	1.54636445e+01	
0.44016667	1.50519989e+01	
0.44175000	1.48760877e+01	
0.44333333	1.52083183e+01	
0.44491667	1.51045019e+01	
0.44650000	1.50350933e+01	
0.44808333	1.50359577e+01	
0.44966667	1.48849262e+01	
0.45125000	1.50074344e+01	
0.45283333	1.46059643e+01	
0.45441667	1.42964862e+01	
0.45600000	1.42786776e+01	
0.45758333	1.42560801e+01	
0.45916667	1.36032780e+01	
0.46075000	1.29058943e+01	
0.46233333	1.28739274e+01	
0.46391667	1.30736087e+01	
0.46550000	1.30195414e+01	
0.46708333	1.24229103e+01	
0.46866667	1.20339965e+01	
0.47025000	1.14485105e+01	
0.47183333	1.11981293e+01	
0.47341667	1.07495944e+01	
0.47500000	1.01942065e+01	
0.47658333	1.03203433e+01	
0.47816667	1.06668647e+01	
0.47975000	1.08096891e+01	
0.48133333	1.09777878e+01	
0.48291667	1.08073665e+01	
0.48450000	1.05913715e+01	
0.48608333	1.05401238e+01	
0.48766667	1.04734653e+01	
0.48925000	1.05821243e+01	
0.49083333	1.06202979e+01	
0.49241667	9.66345866e+00	
0.49400000	9.33531233e+00	
0.49558333	9.12489835e+00	
0.49716667	9.18758997e+00	
0.49875000	9.07494443e+00	
0.50033333	8.76384183e+00	
0.50191667	8.87058125e+00	
0.50350000	8.80846559e+00	
0.50508333	8.84307357e+00	
0.50666667	8.77858832e+00	
0.50825000	8.50473952e+00	
0.50983333	7.39570934e+00	
0.51141667	6.94462968e+00	
0.51300000	6.53507134e+00	
0.51458333	6.49462349e+00	
0.51616667	6.47170982e+00	
0.51775000	6.38395996e+00	
0.51933333	6.47525292e+00	
0.52091667	6.53243163e+00	
0.52250000	6.20336265e+00	
0.52408333	5.89881117e+00	
0.52566667	5.75770523e+00	
0.52725000	5.34664265e+00	
0.52883333	5.59986092e+00	
0.53041667	5.40621631e+00	
0.53200000	5.09557880e+00	
0.53358333	4.79564200e+00	
0.53516667	4.84662475e+00	
0.53675000	4.77107516e+00	
0.53833333	4.68893687e+00	
0.53991667	4.40332329e+00	
0.54150000	4.48877121e+00	
0.54308333	4.40944551e+00	
0.54466667	4.48969527e+00	
0.54625000	4.44413476e+00	
0.54783333	4.68399428e+00	
0.54941667	4.56278084e+00	
0.55100000	4.47919656e+00	
0.55258333	4.26155308e+00	
0.55416667	2.75578846e+00	
0.55575000	2.68134146e+00	
0.55733333	2.57591461e+00	
0.55891667	2.53645635e+00	
0.56050000	2.57451278e+00	
0.56208333	2.45682694e+00	
0.56366667	2.55425714e+00	
0.56525000	2.47421384e+00	
0.56683333	2.38242503e+00	
0.56841667	2.37634980e+00	
0.57000000	2.37834802e+00	
0.57158333	2.37225282e+00	
0.57316667	2.29906906e+00	
0.57475000	2.31789327e+00	
0.57633333	2.26081298e+00	
0.57791667	2.19916264e+00	
0.57950000	1.79749078e+00	
0.58108333	1.68065560e+00	
0.58266667	1.62343460e+00	
0.58425000	1.34765594e+00	
0.58583333	4.10310727e-01	
0.58741667	9.79426619e-03	
0.58900000	-2.59084248e-04	
0.59058333	-1.42532591e-03	
0.59216667	-4.37726465e-05	
0.59375000	4.13746063e-05	
0.59533333	1.91399593e-04	
0.59691667	3.03888323e-04	
0.59850000	1.67610242e-04	
0.60008333	7.45528892e-05	
0.60166667	3.98326502e-05	
0.60325000	2.42212732e-05	
0.60483333	1.55971837e-05	
0.60641667	1.06493760e-05	
0.60800000	7.76972323e-06	
0.60958333	5.95009540e-06	
0.61116667	5.42330037e-06	
0.61275000	4.49546956e-06	
0.61433333	4.62484790e-06	
0.61591667	4.54727681e-06	
0.61750000	4.80922789e-06	
0.61908333	5.32655043e-06	
0.62066667	5.11952572e-06	
0.62225000	5.00324434e-06	
0.62383333	4.38198427e-06	
0.62541667	4.01089549e-06	
0.62700000	4.04014359e-06	
0.62858333	3.72777367e-06	
0.63016667	3.70369483e-06	
0.63175000	3.52077360e-06	
0.63333333	3.12700156e-06	
0.63491667	2.74548422e-06	
0.63650000	2.48962800e-06	
0.63808333	2.50587948e-06	
0.63966667	2.38180233e-06	
0.64125000	1.98115565e-06	
0.64283333	1.86876488e-06	
0.64441667	1.36475369e-06	
0.64600000	1.28080816e-06	
0.64758333	1.28816745e-06	
0.64916667	1.41133434e-06	
0.65075000	1.30362269e-06	
0.65233333	1.42397466e-06	
0.65391667	1.25317405e-06	
0.65550000	9.94859440e-07	
0.65708333	8.85490789e-07	
0.65866667	1.09385777e-06	
0.66025000	1.02904427e-06	
0.66183333	6.47092348e-07	
0.66341667	3.14493172e-07	
0.66500000	2.01754485e-07	
0.66658333	3.51264898e-07	
0.66816667	4.77875267e-07	
0.66975000	5.49261222e-07	
0.67133333	6.59969677e-07	
0.67291667	6.58066096e-07	
0.67450000	5.52716577e-07	
0.67608333	3.19411676e-07	
0.67766667	7.50192134e-07	
0.67925000	7.85064506e-07	
0.68083333	8.25634295e-07	
0.68241667	5.48179645e-07	
0.68400000	2.38181925e-08	
0.68558333	2.65913634e-08	
0.68716667	1.41905397e-07	
0.68875000	4.27162611e-07	
0.69033333	4.68240706e-07	
0.69191667	4.32348500e-07	
0.69350000	7.21242587e-07	
0.69508333	5.31199347e-07	
0.69666667	6.37464059e-07	
0.69825000	7.65837108e-07	
0.69983333	9.48624998e-07	
0.70141667	7.70071682e-07	
0.70300000	2.51666542e-08	
0.70458333	1.56468375e-07	
0.70616667	1.52363363e-07	
0.70775000	1.51983050e-07	
0.70933333	4.50243179e-07	
0.71091667	4.00085732e-07	
0.71250000	6.88254306e-07	
0.71408333	4.78911761e-07	
0.71566667	2.85325887e-07	
0.71725000	3.83010174e-07	
0.71883333	7.64525529e-07	
0.72041667	9.49141901e-07	
0.72200000	5.53409552e-07	
0.72358333	4.06706293e-07	
0.72516667	2.61213361e-07	
0.72675000	2.34577572e-07	
0.72833333	4.52744979e-07	
0.72991667	5.21647951e-07	
0.73150000	5.72940596e-07	
0.73308333	5.72164289e-07	
0.73466667	4.43989938e-07	
0.73625000	5.33869547e-07	
0.73783333	6.36979582e-07	
0.73941667	8.92016145e-07	
0.74100000	7.08626061e-07	
0.74258333	5.82456767e-07	
0.74416667	1.01503715e-07	
0.74575000	-6.90517634e-08	
0.74733333	2.01306591e-07	
0.74891667	2.49209502e-07	
0.75050000	5.23982864e-07	
0.75208333	5.15553925e-07	
0.75366667	4.56615901e-07	
0.75525000	3.99489753e-07	
0.75683333	3.62804383e-07	
0.75841667	6.05107152e-07	
0.76000000	8.09827194e-07	
0.76158333	4.92004757e-07	
0.76316667	3.46538705e-07	
0.76475000	-6.34344594e-08	
0.76633333	1.81090412e-07	
0.76791667	3.73563530e-07	
0.76950000	4.58172435e-07	
0.77108333	6.19349095e-07	
0.77266667	6.70729608e-07	
0.77425000	7.19816651e-07	
0.77583333	5.37508366e-07	
0.77741667	3.75290564e-07	
0.77900000	7.08110277e-07	
0.78058333	7.35373589e-07	
0.78216667	3.92535613e-08	
0.78375000	-2.51235761e-08	
0.78533333	-2.14363913e-07	
0.78691667	-2.66532882e-08	
0.78850000	1.55015180e-07	
0.79008333	5.02378942e-07	
0.79166667	7.65104539e-07	
0.79325000	5.45934392e-07	
0.79483333	5.02219727e-07	
0.79641667	3.14804518e-07	
0.79800000	5.32279356e-07	
0.79958333	7.60718702e-07	
0.80116667	6.39531168e-07	
0.80275000	2.54990110e-07	
0.80433333	4.06789653e-08	
0.80591667	2.10794635e-07	
0.80750000	2.63867180e-07	
0.80908333	3.37223219e-07	
0.81066667	5.44094934e-07	
0.81225000	6.78291571e-07	
0.81383333	6.65543215e-07	
0.81541667	4.87641321e-07	
0.81700000	4.20429317e-07	
0.81858333	6.00165042e-07	
0.82016667	5.94848331e-07	
0.82175000	5.23335306e-07	
0.82333333	3.12807944e-07	
0.82491667	1.20991591e-08	
0.82650000	5.19228418e-08	
0.82808333	1.67970129e-07	
0.82966667	4.45587578e-07	
0.83125000	3.58992096e-07	
0.83283333	4.58991275e-07	
0.83441667	4.24120863e-07	
0.83600000	3.76889519e-07	
0.83758333	6.14746864e-07	
0.83916667	7.89345451e-07	
0.84075000	7.09442801e-07	
0.84233333	4.82067503e-07	
0.84391667	1.34991705e-07	
0.84550000	1.16843776e-07	
0.84708333	1.65240832e-07	
0.84866667	3.99102804e-07	
0.85025000	5.00949030e-07	
0.85183333	4.32115669e-07	
0.85341667	7.40991649e-07	
0.85500000	4.21484964e-07	
0.85658333	5.42413627e-07	
0.85816667	6.03837463e-07	
0.85975000	8.26635788e-07	
0.86133333	5.37646189e-07	
0.86291667	-3.32905223e-08	
0.86450000	9.04671733e-08	
0.86608333	-7.65097090e-08	
0.86766667	1.13387371e-07	
0.86925000	1.67106976e-07	
0.87083333	2.96319348e-07	
0.87241667	5.18798319e-07	
0.87400000	4.32287849e-07	
0.87558333	4.46504003e-07	
0.87716667	4.77834385e-07	
0.87875000	8.23128742e-07	
0.88033333	8.62283907e-07	
0.88191667	3.93699206e-07	
0.88350000	2.02437128e-07	
0.88508333	-7.82302182e-08	
0.88666667	1.41273899e-07	
0.88825000	3.36748262e-07	
0.88983333	3.76891115e-07	
0.89141667	7.11925897e-07	
0.89300000	6.76000901e-07	
0.89458333	6.64852424e-07	
0.89616667	6.65311309e-07	
0.89775000	6.43938062e-07	
0.89933333	8.70229264e-07	
0.90091667	6.82275982e-07	
0.90250000	3.31561477e-07	
0.90408333	8.94473746e-08	
0.90566667	5.77995460e-08	
0.90725000	4.97099655e-08	
0.90883333	2.02839842e-08	
0.91041667	2.24284870e-07	
0.91200000	4.75680696e-07	
0.91358333	4.20362506e-07	
0.91516667	4.57134484e-07	
0.91675000	2.94442452e-07	
0.91833333	6.04269970e-07	
0.91991667	8.16653284e-07	
0.92150000	5.80373138e-07	
0.92308333	3.10171990e-07	
0.92466667	-2.07069256e-08	
0.92625000	4.33412968e-08	
0.92783333	9.77448609e-08	
0.92941667	4.05201786e-07	
0.93100000	4.84142228e-07	
0.93258333	4.53201707e-07	
0.93416667	6.82654503e-07	
0.93575000	6.84236014e-07	
0.93733333	6.87926468e-07	
0.93891667	7.59703544e-07	
0.94050000	5.37644677e-07	
0.94208333	5.06266077e-07	
0.94366667	1.36780915e-07	
0.94525000	-1.72327345e-08	
0.94683333	1.82482438e-07	
0.94841667	2.00397040e-07	
0.95000000	4.91599578e-07	
0.95158333	6.12739958e-07	
0.95316667	4.91184096e-07	
0.95475000	4.23214210e-07	
0.95633333	3.65343565e-07	
0.95791667	6.98990044e-07	
0.95950000	7.49029858e-07	
0.96108333	6.50139444e-07	
0.96266667	2.33729988e-07	
0.96425000	5.57418868e-09	
0.96583333	5.68829599e-08	
0.96741667	6.41081766e-08	
0.96900000	1.62362569e-07	
0.97058333	5.45312653e-07	
0.97216667	3.98107891e-07	
0.97375000	5.32063690e-07	
0.97533333	4.59511903e-07	
0.97691667	4.70098758e-07	
0.97850000	6.55880094e-07	
0.98008333	6.01633260e-07	
0.98166667	6.10525451e-07	
0.98325000	6.47910992e-08	
0.98483333	5.83008630e-08	
0.98641667	1.11147872e-07	
0.98800000	1.24639109e-07	
0.98958333	2.71841938e-07	
0.99116667	5.11841463e-07	
0.99275000	3.64419552e-07	
0.99433333	4.29893294e-07	
0.99591667	4.73208073e-07	
0.99750000	6.43202301e-07	
0.99908333	7.71846401e-07	
1.00066667	8.79311135e-07	
1.00225000	5.96524879e-07	
1.00383333	1.03058645e-07	
1.00541667	1.84253686e-07	
1.00700000	8.50835048e-08	
1.00858333	2.76770299e-07	
1.01016667	2.87055524e-07	
1.01175000	3.82248260e-07	
1.01333333	3.66908947e-07	
1.01491667	3.16179043e-07	
1.01650000	3.99723340e-07	
1.01808333	5.78473085e-07	
1.01966667	9.47585143e-07	
1.02125000	8.57637435e-07	
1.02283333	4.96199065e-07	
1.02441667	2.28971174e-09	
1.02600000	-8.13152777e-08	
1.02758333	1.46547054e-07	
1.02916667	2.20318338e-07	
1.03075000	3.97717022e-07	
1.03233333	3.05332673e-07	
1.03391667	4.88333344e-07	
1.03550000	3.05592356e-07	
1.03708333	3.65420653e-07	
1.03866667	5.64037653e-07	
1.04025000	6.49113926e-07	
1.04183333	3.86006420e-07	
1.04341667	1.15547241e-07	
1.04500000	-7.62942954e-08	
1.04658333	1.62691738e-07	
1.04816667	4.93041363e-07	
1.04975000	3.56323605e-07	
1.05133333	5.71213479e-07	
1.05291667	6.15287848e-07	
1.05450000	5.15122762e-07	
1.05608333	5.30118331e-07	
1.05766667	4.04104472e-07	
1.05925000	7.51705602e-07	
1.06083333	8.04596111e-07	
1.06241667	4.73295437e-07	
1.06400000	1.11355376e-07	
1.06558333	-4.01785443e-08	
1.06716667	1.01487565e-07	
1.06875000	2.73528005e-07	
1.07033333	3.32347865e-07	
1.07191667	6.04831843e-07	
1.07350000	3.61464383e-07	
1.07508333	4.80641175e-07	
1.07666667	4.06620133e-07	
1.07825000	6.20342579e-07	
1.07983333	9.00873167e-07	
1.08141667	6.69172402e-07	
1.08300000	3.98064629e-07	
1.08458333	1.08417456e-07	
1.08616667	1.03188872e-07	
1.08775000	3.52527726e-07	
1.08933333	2.80754682e-07	
1.09091667	5.55138293e-07	
1.09250000	5.46382693e-07	
1.09408333	4.39115675e-07	
1.09566667	3.76502178e-07	
1.09725000	4.07656880e-07	
1.09883333	7.05989910e-07	
1.10041667	7.53535708e-07	
1.10200000	7.67825085e-07	
1.10358333	1.66191895e-07	
1.10516667	-2.26441807e-09	
1.10675000	8.56624237e-08	
1.10833333	1.31648425e-07	
1.10991667	2.27895898e-07	
1.11150000	3.88556999e-07	
1.11308333	4.78170512e-07	
1.11466667	5.01469349e-07	
1.11625000	3.23006086e-07	
1.11783333	5.26271910e-07	
1.11941667	5.60547352e-07	
1.12100000	6.38492714e-07	
1.12258333	5.10068591e-07	
1.12416667	-6.60272077e-08	
1.12575000	-2.25132289e-08	
1.12733333	1.07684943e-07	
1.12891667	3.92844103e-07	
1.13050000	3.83760160e-07	
1.13208333	3.91020213e-07	
1.13366667	3.59501523e-07	
1.13525000	4.25546379e-07	
1.13683333	3.05678040e-07	
1.13841667	5.46711035e-07	
1.14000000	6.67013673e-07	
1.14158333	7.71281056e-07	
1.14316667	2.09619576e-07	
1.14475000	3.44139047e-08	
1.14633333	8.11506583e-08	
1.14791667	8.61377031e-08	
1.14950000	4.56400571e-07	
1.15108333	5.23725308e-07	
1.15266667	3.32296286e-07	
1.15425000	4.53244381e-07	
1.15583333	3.85142778e-07	
1.15741667	4.38967941e-07	
1.15900000	7.18303463e-07	
1.16058333	8.36964387e-07	
1.16216667	4.94684197e-07	
1.16375000	4.47667602e-08	
1.16533333	8.33973759e-09	
1.16691667	2.56934366e-08	
1.16850000	3.02738916e-07	
1.17008333	3.98805907e-07	
1.17166667	3.90285376e-07	
1.17325000	5.03042516e-07	
1.17483333	4.57436870e-07	
1.17641667	4.05798772e-07	
1.17800000	5.37030497e-07	
1.17958333	8.47638970e-07	
1.18116667	7.88524902e-07	
1.18275000	2.26203152e-07	
1.18433333	1.60011444e-07	
1.18591667	-5.87242420e-08	
1.18750000	4.76956146e-08	
1.18908333	3.46470606e-07	
1.19066667	5.15695164e-07	
1.19225000	5.38544805e-07	
1.19383333	5.79336979e-07	
1.19541667	3.01400596e-07	
1.19700000	3.31128746e-07	
1.19858333	5.33447512e-07	
1.20016667	6.86057216e-07	
1.20175000	4.35615126e-07	
1.20333333	2.34552483e-07	
1.20491667	2.01711671e-07	
1.20650000	4.10513645e-08	
1.20808333	2.41914335e-07	
1.20966667	2.69890726e-07	
1.21125000	4.52216539e-07	
1.21283333	4.00787500e-07	
1.21441667	3.45303570e-07	
1.21600000	3.99835401e-07	
1.21758333	3.93993975e-07	
1.21916667	5.50644036e-07	
1.22075000	7.11260587e-07	
1.22233333	3.96396595e-07	
1.22391667	1.57678729e-07	
1.22550000	-5.43165957e-08	
1.22708333	1.12462090e-07	
1.22866667	2.61472176e-07	
1.23025000	2.78300540e-07	
1.23183333	3.96293130e-07	
1.23341667	4.92265504e-07	
1.23500000	4.23818281e-07	
1.23658333	4.72819696e-07	
1.23816667	5.03282767e-07	
1.23975000	8.13848510e-07	
1.24133333	6.21423876e-07	
1.24291667	3.66943837e-07	
1.24450000	2.35079364e-09	
1.24608333	1.16109100e-07	
1.24766667	3.41154148e-07	
1.24925000	2.45397131e-07	
1.25083333	4.06525853e-07	
1.25241667	4.20016074e-07	
1.25400000	5.72940036e-07	
1.25558333	4.74418568e-07	
1.25716667	2.98081943e-07	
1.25875000	7.51581668e-07	
@ 
0.00000000	5.98787492e-07	
0.00158333	5.73288596e-07	
0.00316667	2.04433883e-07	
0.00475000	4.78782738e-08	
0.00633333	2.03655882e-07	
0.00791667	2.97241093e-07	
0.00950000	3.19334365e-07	
0.01108333	5.10230494e-07	
0.01266667	3.90761706e-07	
0.01425000	4.26108140e-07	
0.01583333	2.59830687e-07	
0.01741667	4.96803668e-07	
0.01900000	8.09179692e-07	
0.02058333	8.04206669e-07	
0.02216667	5.01478814e-07	
0.02375000	9.62403744e-08	
0.02533333	1.02894999e-07	
0.02691667	1.90778664e-07	
0.02850000	3.84746308e-07	
0.03008333	4.49139929e-07	
0.03166667	5.69053798e-07	
0.03325000	6.08157776e-07	
0.03483333	3.44611295e-07	
0.03641667	3.16678446e-07	
0.03800000	4.49053237e-07	
0.03958333	7.12686691e-07	
0.04116667	6.48161211e-07	
0.04275000	3.13634653e-08	
0.04433333	-1.10924352e-07	
0.04591667	-4.75758708e-08	
0.04750000	6.31754337e-08	
0.04908333	2.64455010e-07	
0.05066667	3.04433384e-07	
0.05225000	5.65465773e-07	
0.05383333	5.14128997e-07	
0.05541667	3.75214204e-07	
0.05700000	4.67356455e-07	
0.05858333	6.00983799e-07	
0.06016667	7.84589773e-07	
0.06175000	5.75232611e-07	
0.06333333	1.56174586e-07	
0.06491667	2.96086791e-08	
0.06650000	5.66070215e-08	
0.06808333	3.30913388e-07	
0.06966667	3.68246904e-07	
0.07125000	4.00518408e-07	
0.07283333	4.20560531e-07	
0.07441667	2.81436568e-07	
0.07600000	2.73769964e-07	
0.07758333	2.53132086e-07	
0.07916667	4.28137811e-07	
0.08075000	6.38068663e-07	
0.08233333	2.14216612e-07	
0.08391667	-7.75477436e-08	
0.08550000	2.64629567e-08	
0.08708333	1.95342071e-07	
0.08866667	2.42986475e-07	
0.09025000	4.41577434e-07	
0.09183333	6.99030478e-07	
0.09341667	5.13827928e-07	
0.09500000	3.82725121e-07	
0.09658333	2.52900404e-07	
0.09816667	4.66985690e-07	
0.09975000	9.31465660e-07	
0.10133333	6.72561786e-07	
0.10291667	3.85618967e-07	
0.10450000	9.69661599e-08	
0.10608333	2.51927742e-08	
0.10766667	3.82551457e-07	
0.10925000	1.97415844e-07	
0.11083333	3.89714935e-07	
0.11241667	3.68429724e-07	
0.11400000	4.11242973e-07	
0.11558333	5.14562849e-07	
0.11716667	3.13239891e-07	
0.11875000	6.50677852e-07	
0.12033333	5.55007864e-07	
0.12191667	1.40497340e-07	
0.12350000	1.90346269e-07	
0.12508333	-1.74393281e-07	
0.12666667	-5.10711679e-09	
0.12825000	1.59546875e-07	
0.12983333	3.06628823e-07	
0.13141667	4.71955017e-07	
0.13300000	5.88928474e-07	
0.13458333	4.86214489e-07	
0.13616667	3.16463088e-07	
0.13775000	4.38042751e-07	
0.13933333	6.16274501e-07	
0.14091667	5.60781387e-07	
0.14250000	4.15002953e-07	
0.14408333	5.60630481e-08	
0.14566667	3.29098242e-08	
0.14725000	6.44630715e-08	
0.14883333	1.03611831e-07	
0.15041667	2.96845576e-07	
0.15200000	2.82990274e-07	
0.15358333	3.88299219e-07	
0.15516667	4.54888475e-07	
0.15675000	3.95990072e-07	
0.15833333	7.80399721e-07	
0.15991667	6.03317759e-07	
0.16150000	3.47247193e-07	
0.16308333	1.11001664e-07	
0.16466667	1.30325730e-07	
0.16625000	1.88617877e-07	
0.16783333	1.55785886e-07	
0.16941667	2.05564448e-07	
0.17100000	4.64048806e-07	
0.17258333	4.64566913e-07	
0.17416667	4.77443823e-07	
0.17575000	3.35614519e-07	
0.17733333	5.53538526e-07	
0.17891667	7.41766780e-07	
0.18050000	7.93768809e-07	
0.18208333	4.31492697e-07	
0.18366667	2.46994253e-08	
0.18525000	3.05240156e-08	
0.18683333	-6.57598167e-08	
0.18841667	4.78261915e-08	
0.19000000	1.83588698e-07	
0.19158333	3.23350949e-07	
0.19316667	5.97402270e-07	
0.19475000	4.02091490e-07	
0.19633333	2.41638495e-07	
0.19791667	6.99206774e-07	
0.19950000	7.20170363e-07	
0.20108333	8.18342096e-07	
0.20266667	3.20352014e-07	
0.20425000	2.11631914e-07	
0.20583333	5.86115649e-08	
0.20741667	7.75381462e-08	
0.20900000	3.61550039e-07	
0.21058333	2.61765462e-07	
0.21216667	5.30766392e-07	
0.21375000	4.91661237e-07	
0.21533333	3.46296495e-07	
0.21691667	4.12454391e-07	
0.21850000	5.90831103e-07	
0.22008333	7.50610808e-07	
0.22166667	5.39538513e-07	
0.22325000	3.78363897e-08	
0.22483333	-6.04112232e-09	
0.22641667	1.05782062e-08	
0.22800000	1.03273513e-07	
0.22958333	2.14536498e-07	
0.23116667	4.15608873e-07	
0.23275000	3.42192322e-07	
0.23433333	3.41154876e-07	
0.23591667	4.62018043e-07	
0.23750000	3.76992732e-07	
0.23908333	5.55353735e-07	
0.24066667	7.16759138e-07	
0.24225000	4.52241068e-07	
0.24383333	4.61671556e-08	
0.24541667	-3.94175962e-09	
0.24700000	7.61124902e-08	
0.24858333	3.15098979e-07	
0.25016667	3.19765416e-07	
0.25175000	4.82941030e-07	
0.25333333	5.28174316e-07	
0.25491667	3.31302914e-07	
0.25650000	3.59068904e-07	
0.25808333	3.96932791e-07	
0.25966667	8.99997568e-07	
0.26125000	7.37099978e-07	
0.26283333	3.28018646e-07	
0.26441667	1.83210331e-08	
0.26600000	-7.82560984e-08	
0.26758333	2.81998273e-08	
0.26916667	2.45855876e-07	
0.27075000	4.91358488e-07	
0.27233333	3.25080055e-07	
0.27391667	3.31466581e-07	
0.27550000	2.16913007e-07	
0.27708333	2.14768839e-07	
0.27866667	5.59242494e-07	
0.28025000	8.80003550e-07	
0.28183333	3.98521582e-07	
0.28341667	6.16727253e-08	
0.28500000	6.38647625e-09	
0.28658333	1.59708008e-07	
0.28816667	1.92843687e-07	
0.28975000	3.26030277e-07	
0.29133333	5.31846904e-07	
0.29291667	2.56589177e-07	
0.29450000	3.84235929e-07	
0.29608333	3.08358124e-07	
0.29766667	4.45111837e-07	
0.29925000	8.52378631e-07	
0.30083333	7.38225181e-07	
0.30241667	3.77322503e-07	
0.30400000	9.60072149e-08	
0.30558333	8.16699696e-08	
0.30716667	8.70979081e-08	
0.30875000	1.16023045e-07	
0.31033333	3.79438950e-07	
0.31191667	1.27594319e-07	
0.31350000	3.74169281e-07	
0.31508333	3.10302644e-07	
0.31666667	2.97899067e-07	
0.31825000	6.21538065e-07	
0.31983333	7.29340046e-07	
0.32141667	5.69614999e-07	
0.32300000	3.23800901e-07	
0.32458333	-7.82654648e-08	
0.32616667	5.08601486e-08	
0.32775000	2.27422803e-07	
0.32933333	2.37316613e-07	
0.33091667	2.99481026e-07	
0.33250000	3.68810513e-07	
0.33408333	4.43089866e-07	
0.33566667	3.17344651e-07	
0.33725000	4.33410727e-07	
0.33883333	4.68587726e-07	
0.34041667	7.11046825e-07	
0.34200000	4.72431766e-07	
0.34358333	-6.39601024e-09	
0.34516667	8.21879228e-08	
0.34675000	1.81877163e-07	
0.34833333	1.87529273e-07	
0.34991667	4.91066491e-07	
0.35150000	4.83813157e-07	
0.35308333	4.48492092e-07	
0.35466667	3.47376335e-07	
0.35625000	2.71679446e-07	
0.35783333	4.59424623e-07	
0.35941667	7.56034932e-07	
0.36100000	7.47644131e-07	
0.36258333	2.98807456e-07	
0.36416667	-1.47872588e-08	
0.36575000	1.91081554e-08	
0.36733333	3.78268308e-08	
0.36891667	2.80745441e-07	
0.37050000	3.88470923e-07	
0.37208333	4.11068861e-07	
0.37366667	4.34534838e-07	
0.37525000	2.53434976e-07	
0.37683333	3.47939188e-07	
0.37841667	4.38535041e-07	
0.38000000	6.40545654e-07	
0.38158333	5.61963824e-07	
0.38316667	2.64756780e-07	
0.38475000	-1.27827850e-07	
0.38633333	-4.94254973e-08	
0.38791667	1.06120282e-07	
0.38950000	3.67036857e-07	
0.39108333	2.45572139e-07	
0.39266667	4.34361398e-07	
0.39425000	2.96343709e-07	
0.39583333	2.90942435e-07	
0.39741667	4.35710247e-07	
0.39900000	4.43522961e-07	
0.40058333	5.84649994e-07	
0.40216667	2.41449402e-07	
0.40375000	6.55511793e-08	
0.40533333	-7.19730925e-08	
0.40691667	1.56675612e-07	
0.40850000	4.09177572e-07	
0.41008333	3.26514055e-07	
0.41166667	6.30847083e-07	
0.41325000	4.67254838e-07	
0.41483333	5.15944375e-07	
0.41641667	5.54550155e-07	
0.41800000	6.10797231e-07	
0.41958333	9.14482394e-07	
0.42116667	7.41334776e-07	
0.42275000	2.88824672e-07	
0.42433333	-1.47135738e-07	
0.42591667	-7.96389895e-08	
0.42750000	2.95747226e-07	
0.42908333	2.64255725e-07	
0.43066667	4.62266778e-07	
0.43225000	5.98348712e-07	
0.43383333	3.19288919e-07	
0.43541667	4.40454276e-07	
0.43700000	2.37975650e-07	
0.43858333	6.34127878e-07	
0.44016667	6.57809828e-07	
0.44175000	5.13869538e-07	
0.44333333	2.05808171e-07	
0.44491667	-8.29488430e-08	
0.44650000	-6.83862575e-08	
0.44808333	-4.06990999e-09	
0.44966667	9.81321463e-08	
0.45125000	4.12581657e-07	
0.45283333	5.65897608e-07	
0.45441667	4.41578554e-07	
0.45600000	3.32555718e-07	
0.45758333	3.39547968e-07	
0.45916667	7.76637080e-07	
0.46075000	5.71592280e-07	
0.46233333	3.49883680e-07	
0.46391667	3.07584177e-08	
0.46550000	-6.22682840e-08	
0.46708333	5.93135004e-08	
0.46866667	1.40081550e-07	
0.47025000	2.38485469e-07	
0.47183333	4.23801088e-07	
0.47341667	7.20119456e-07	
0.47500000	5.45155790e-07	
0.47658333	3.71792479e-07	
0.47816667	5.38789368e-07	
0.47975000	8.15920603e-07	
0.48133333	5.66418320e-07	
0.48291667	3.08694391e-07	
0.48450000	2.23576592e-08	
0.48608333	8.77142683e-09	
0.48766667	3.65995532e-08	
0.48925000	1.98038592e-07	
0.49083333	4.04200573e-07	
0.49241667	4.36003392e-07	
0.49400000	6.04788609e-07	
0.49558333	3.66597349e-07	
0.49716667	5.20482370e-07	
0.49875000	5.55118861e-07	
0.50033333	6.95939363e-07	
0.50191667	6.22590912e-07	
0.50350000	8.28367749e-08	
0.50508333	1.61091970e-07	
0.50666667	1.04745063e-07	
0.50825000	2.69986378e-07	
0.50983333	3.67039041e-07	
0.51141667	3.01477208e-07	
0.51300000	5.97010420e-07	
0.51458333	4.95073414e-07	
0.51616667	3.81815444e-07	
0.51775000	5.55008536e-07	
0.51933333	6.04920495e-07	
0.52091667	6.54574899e-07	
0.52250000	3.35320870e-07	
0.52408333	2.50191191e-08	
0.52566667	5.64774597e-08	
0.52725000	9.02772128e-08	
0.52883333	4.83276821e-07	
0.53041667	6.07310626e-07	
0.53200000	7.03914401e-07	
0.53358333	6.92117192e-07	
0.53516667	6.47005768e-07	
0.53675000	7.03265948e-07	
0.53833333	8.74429228e-07	
0.53991667	1.29313006e-06	
0.54150000	1.38759610e-06	
0.54308333	1.11532421e-06	
0.54466667	1.56366767e-06	
0.54625000	2.05721109e-06	
0.54783333	3.28026879e-06	
0.54941667	4.61074916e-06	
0.55100000	6.81176843e-06	
0.55258333	9.92530475e-06	
0.55416667	1.42972570e-05	
0.55575000	2.08503879e-05	
0.55733333	2.85812812e-05	
0.55891667	3.75151425e-05	
0.56050000	4.92766595e-05	
0.56208333	6.56697760e-05	
0.56366667	9.60496034e-05	
0.56525000	1.67441657e-04	
0.56683333	3.23673722e-04	
0.56841667	5.13481560e-04	
0.57000000	4.36080833e-04	
0.57158333	4.21782325e-04	
0.57316667	4.40788700e-04	
0.57475000	5.35049205e-04	
0.57633333	1.02184838e-03	
0.57791667	1.45144601e-03	
0.57950000	1.52643881e-03	
0.58108333	2.74832397e-03	
0.58266667	2.99139315e-03	
0.58425000	2.94931316e-03	
0.58583333	4.47927981e-03	
0.58741667	5.37951458e-03	
0.58900000	6.03613422e-03	
0.59058333	7.17583084e-03	
0.59216667	7.49673951e-03	
0.59375000	9.99566644e-03	
0.59533333	1.32658534e-02	
0.59691667	2.08785348e-02	
0.59850000	3.03473790e-02	
0.60008333	4.56105979e-02	
0.60166667	6.57180571e-02	
0.60325000	6.62871113e-02	
0.60483333	6.36907080e-02	
0.60641667	1.58614639e-01	
0.60800000	1.92722480e-01	
0.60958333	2.90602822e-01	
0.61116667	3.51005892e-01	
0.61275000	3.08021441e-01	
0.61433333	3.39470690e-01	
0.61591667	4.24075549e-01	
0.61750000	1.66128245e+00	
0.61908333	9.56884716e+00	
0.62066667	2.46130317e+01	
0.62225000	2.83775505e+01	
0.62383333	3.03298639e+01	
0.62541667	3.10815169e+01	
0.62700000	3.15530176e+01	
0.62858333	3.24032499e+01	
0.63016667	3.40578336e+01	
