start voltage : 0.00 V 
set voltage : 0.10 V 
High G : 30.00 G0 
Intermediate G : 20.00 G0 
Low G : 10.00 G0 
Breaking speed 1 : 300.00 V/s 
Breaking speed 2 : 300.00 V/s 
Making speed : 500.00 V/s 
Post breaking : 230.00 V/s 
@ 
0.00000000	3.96794201e+01	
0.00158333	4.00890071e+01	
0.00316667	4.00719032e+01	
0.00475000	4.01034952e+01	
0.00633333	4.00945242e+01	
0.00791667	3.99396048e+01	
0.00950000	4.02069302e+01	
0.01108333	3.95582987e+01	
0.01266667	3.99543785e+01	
0.01425000	4.00114515e+01	
0.01583333	3.98809082e+01	
0.01741667	3.99886539e+01	
0.01900000	3.97471854e+01	
0.02058333	3.97831181e+01	
0.02216667	4.00049648e+01	
0.02375000	3.98220011e+01	
0.02533333	3.99108803e+01	
0.02691667	3.98856661e+01	
0.02850000	3.98399807e+01	
0.03008333	3.98827159e+01	
0.03166667	3.97608128e+01	
0.03325000	3.98621958e+01	
0.03483333	3.97278228e+01	
0.03641667	3.97257933e+01	
0.03800000	3.97958662e+01	
0.03958333	3.96464789e+01	
0.04116667	3.97327837e+01	
0.04275000	3.94796082e+01	
0.04433333	3.95366173e+01	
0.04591667	3.95059799e+01	
0.04750000	3.96121998e+01	
0.04908333	3.95965503e+01	
0.05066667	3.94758048e+01	
0.05225000	3.96551905e+01	
0.05383333	3.94836746e+01	
0.05541667	3.93466708e+01	
0.05700000	3.94651990e+01	
0.05858333	3.91514064e+01	
0.06016667	3.93257523e+01	
0.06175000	3.91850692e+01	
0.06333333	3.91476857e+01	
0.06491667	3.92299241e+01	
0.06650000	3.91069499e+01	
0.06808333	3.90409096e+01	
0.06966667	3.91054691e+01	
0.07125000	3.86847088e+01	
0.07283333	3.90750986e+01	
0.07441667	3.87917818e+01	
0.07600000	3.88958406e+01	
0.07758333	3.88252115e+01	
0.07916667	3.86894329e+01	
0.08075000	3.85399141e+01	
0.08233333	3.84496068e+01	
0.08391667	3.86601523e+01	
0.08550000	3.87161955e+01	
0.08708333	3.85778839e+01	
0.08866667	3.88065029e+01	
0.09025000	3.84353554e+01	
0.09183333	3.81751858e+01	
0.09341667	3.81231113e+01	
0.09500000	3.81280609e+01	
0.09658333	3.80178723e+01	
0.09816667	3.81530872e+01	
0.09975000	3.80605850e+01	
0.10133333	3.78128853e+01	
0.10291667	3.81191801e+01	
0.10450000	3.78895125e+01	
0.10608333	3.79167938e+01	
0.10766667	3.80481226e+01	
0.10925000	3.75397609e+01	
0.11083333	3.76668353e+01	
0.11241667	3.75078720e+01	
0.11400000	3.75152194e+01	
0.11558333	3.75702742e+01	
0.11716667	3.75984236e+01	
0.11875000	3.74439665e+01	
0.12033333	3.76541775e+01	
0.12191667	3.70851160e+01	
0.12350000	3.72257729e+01	
0.12508333	3.70066660e+01	
0.12666667	3.69815195e+01	
0.12825000	3.68806514e+01	
0.12983333	3.68928019e+01	
0.13141667	3.70675875e+01	
0.13300000	3.69222366e+01	
0.13458333	3.69677529e+01	
0.13616667	3.69328274e+01	
0.13775000	3.68339737e+01	
0.13933333	3.67292384e+01	
0.14091667	3.66616874e+01	
0.14250000	3.69186174e+01	
0.14408333	3.65573203e+01	
0.14566667	3.62511833e+01	
0.14725000	3.61867178e+01	
0.14883333	3.56229104e+01	
0.15041667	3.55764094e+01	
0.15200000	3.56300662e+01	
0.15358333	3.55956442e+01	
0.15516667	3.57160139e+01	
0.15675000	3.55978278e+01	
0.15833333	3.56075504e+01	
0.15991667	3.54137517e+01	
0.16150000	3.54789426e+01	
0.16308333	3.54594297e+01	
0.16466667	3.53035669e+01	
0.16625000	3.52503160e+01	
0.16783333	3.44996327e+01	
0.16941667	3.40712393e+01	
0.17100000	3.43551462e+01	
0.17258333	3.41547480e+01	
0.17416667	3.43304694e+01	
0.17575000	3.41954725e+01	
0.17733333	3.40502231e+01	
0.17891667	3.40654441e+01	
0.18050000	3.39225473e+01	
0.18208333	3.39850510e+01	
0.18366667	3.38550789e+01	
0.18525000	3.38964349e+01	
0.18683333	3.38669550e+01	
0.18841667	3.36784705e+01	
0.19000000	3.38522978e+01	
0.19158333	3.36848483e+01	
0.19316667	3.30778923e+01	
0.19475000	3.20649948e+01	
0.19633333	3.18308248e+01	
0.19791667	3.17921485e+01	
0.19950000	3.14532883e+01	
0.20108333	3.12819978e+01	
0.20266667	3.14235322e+01	
0.20425000	3.14667447e+01	
0.20583333	3.12371410e+01	
0.20741667	3.09369741e+01	
0.20900000	3.09271124e+01	
0.21058333	3.05189159e+01	
0.21216667	3.04328103e+01	
0.21375000	3.04914956e+01	
0.21533333	3.03788867e+01	
0.21691667	3.04362717e+01	
0.21850000	3.04347627e+01	
0.22008333	3.03342912e+01	
0.22166667	3.04782477e+01	
0.22325000	3.01783044e+01	
0.22483333	3.02220111e+01	
0.22641667	3.01835622e+01	
0.22800000	3.01175990e+01	
0.22958333	2.91889148e+01	
0.23116667	2.83842158e+01	
0.23275000	2.83177527e+01	
0.23433333	2.83099618e+01	
0.23591667	2.81861871e+01	
0.23750000	2.83211558e+01	
0.23908333	2.82795875e+01	
0.24066667	2.86132332e+01	
0.24225000	2.82078986e+01	
0.24383333	2.82702201e+01	
0.24541667	2.78627602e+01	
0.24700000	2.77702149e+01	
0.24858333	2.78417440e+01	
0.25016667	2.77836300e+01	
0.25175000	2.78473852e+01	
0.25333333	2.75178267e+01	
0.25491667	2.73488495e+01	
0.25650000	2.73215400e+01	
0.25808333	2.71344874e+01	
0.25966667	2.69089051e+01	
0.26125000	2.69435882e+01	
0.26283333	2.67792788e+01	
0.26441667	2.67927427e+01	
0.26600000	2.66938571e+01	
0.26758333	2.67089428e+01	
0.26916667	2.66014715e+01	
0.27075000	2.64483861e+01	
0.27233333	2.65807484e+01	
0.27391667	2.64063837e+01	
0.27550000	2.58244051e+01	
0.27708333	2.56735803e+01	
0.27866667	2.55013503e+01	
0.28025000	2.54559561e+01	
0.28183333	2.50292351e+01	
0.28341667	2.41220952e+01	
0.28500000	2.41865231e+01	
0.28658333	2.39270394e+01	
0.28816667	2.40242074e+01	
0.28975000	2.39052057e+01	
0.29133333	2.39569270e+01	
0.29291667	2.39244537e+01	
0.29450000	2.34298697e+01	
0.29608333	2.21535366e+01	
0.29766667	2.18814157e+01	
0.29925000	2.18360666e+01	
0.30083333	2.15251322e+01	
0.30241667	2.17909937e+01	
0.30400000	2.18050947e+01	
0.30558333	2.16880605e+01	
0.30716667	2.18858674e+01	
0.30875000	2.16714715e+01	
0.31033333	2.15206241e+01	
0.31191667	2.16023908e+01	
0.31350000	2.14392915e+01	
0.31508333	2.13103793e+01	
0.31666667	2.14173714e+01	
0.31825000	2.11235089e+01	
0.31983333	2.12024532e+01	
0.32141667	2.11350825e+01	
0.32300000	2.11887411e+01	
0.32458333	1.99815864e+01	
0.32616667	1.96097606e+01	
0.32775000	1.95664673e+01	
0.32933333	1.94555515e+01	
0.33091667	1.93492865e+01	
0.33250000	1.95594017e+01	
0.33408333	1.94999648e+01	
0.33566667	1.94079249e+01	
0.33725000	1.87380630e+01	
0.33883333	1.78510730e+01	
0.34041667	1.79080652e+01	
0.34200000	1.78751672e+01	
0.34358333	1.77050719e+01	
0.34516667	1.76755037e+01	
0.34675000	1.79806185e+01	
0.34833333	1.76558950e+01	
0.34991667	1.74364386e+01	
0.35150000	1.70981910e+01	
0.35308333	1.67916237e+01	
0.35466667	1.65355975e+01	
0.35625000	1.65191326e+01	
0.35783333	1.63998903e+01	
0.35941667	1.64952939e+01	
0.36100000	1.62619188e+01	
0.36258333	1.63039757e+01	
0.36416667	1.60665379e+01	
0.36575000	1.59473332e+01	
0.36733333	1.61297162e+01	
0.36891667	1.60032506e+01	
0.37050000	1.58721115e+01	
0.37208333	1.57207183e+01	
0.37366667	1.54086940e+01	
0.37525000	1.44969633e+01	
0.37683333	1.43778385e+01	
0.37841667	1.45224359e+01	
0.38000000	1.43691381e+01	
0.38158333	1.43272579e+01	
0.38316667	1.41200328e+01	
0.38475000	1.33795917e+01	
0.38633333	1.32760139e+01	
0.38791667	1.31039652e+01	
0.38950000	1.31345922e+01	
0.39108333	1.31271509e+01	
0.39266667	1.29798447e+01	
0.39425000	1.28761110e+01	
0.39583333	1.27177959e+01	
0.39741667	1.27360461e+01	
0.39900000	1.27413781e+01	
0.40058333	1.26749395e+01	
0.40216667	1.26678665e+01	
0.40375000	1.25117960e+01	
0.40533333	1.24905487e+01	
0.40691667	1.19212646e+01	
0.40850000	1.19365128e+01	
0.41008333	1.18906873e+01	
0.41166667	1.18939025e+01	
0.41325000	1.14015416e+01	
0.41483333	1.01733227e+01	
0.41641667	9.99855497e+00	
0.41800000	1.00803301e+01	
0.41958333	1.02832248e+01	
0.42116667	1.03433495e+01	
0.42275000	1.02109242e+01	
0.42433333	9.74662907e+00	
0.42591667	9.77641896e+00	
0.42750000	9.63200950e+00	
0.42908333	9.63717336e+00	
0.43066667	9.49670351e+00	
0.43225000	9.46569500e+00	
0.43383333	9.45686026e+00	
0.43541667	9.39746088e+00	
0.43700000	9.60528072e+00	
0.43858333	9.35509020e+00	
0.44016667	9.35035573e+00	
0.44175000	9.58087455e+00	
0.44333333	9.25639534e+00	
0.44491667	9.18364849e+00	
0.44650000	8.88185980e+00	
0.44808333	7.73926691e+00	
0.44966667	7.23876278e+00	
0.45125000	7.19739932e+00	
0.45283333	7.62398025e+00	
0.45441667	7.93133445e+00	
0.45600000	7.89886116e+00	
0.45758333	7.92210697e+00	
0.45916667	7.92038286e+00	
0.46075000	7.93682903e+00	
0.46233333	7.85556266e+00	
0.46391667	7.81941050e+00	
0.46550000	7.84326186e+00	
0.46708333	7.76955147e+00	
0.46866667	7.27896870e+00	
0.47025000	7.27719762e+00	
0.47183333	7.31084067e+00	
0.47341667	7.33679383e+00	
0.47500000	7.24301479e+00	
0.47658333	7.20430372e+00	
0.47816667	7.15165888e+00	
0.47975000	6.98969410e+00	
0.48133333	6.91148977e+00	
0.48291667	6.94409883e+00	
0.48450000	7.01091186e+00	
0.48608333	6.06718426e+00	
0.48766667	5.74030165e+00	
0.48925000	5.45877659e+00	
0.49083333	5.64095614e+00	
0.49241667	5.71576534e+00	
0.49400000	5.62300619e+00	
0.49558333	5.60153335e+00	
0.49716667	5.62207461e+00	
0.49875000	5.63588530e+00	
0.50033333	5.47881331e+00	
0.50191667	5.33879163e+00	
0.50350000	5.30705261e+00	
0.50508333	5.24310855e+00	
0.50666667	5.21269949e+00	
0.50825000	5.16808513e+00	
0.50983333	5.18293309e+00	
0.51141667	4.75812888e+00	
0.51300000	4.15885661e+00	
0.51458333	4.11203333e+00	
0.51616667	4.07570641e+00	
0.51775000	4.02313861e+00	
0.51933333	4.02495667e+00	
0.52091667	3.95986540e+00	
0.52250000	3.66806431e+00	
0.52408333	2.82790041e+00	
0.52566667	2.70549912e+00	
0.52725000	2.71282304e+00	
0.52883333	2.77269102e+00	
0.53041667	2.79367154e+00	
0.53200000	2.71560086e+00	
0.53358333	2.64308655e+00	
0.53516667	2.66265020e+00	
0.53675000	2.56793088e+00	
0.53833333	2.56626386e+00	
0.53991667	2.28313919e+00	
0.54150000	2.04518464e+00	
0.54308333	2.02179296e+00	
0.54466667	1.96486112e+00	
0.54625000	1.98964406e+00	
0.54783333	2.00521150e+00	
0.54941667	1.91159993e+00	
0.55100000	1.93788699e+00	
0.55258333	1.77399364e+00	
0.55416667	1.66545353e+00	
0.55575000	1.65217511e+00	
0.55733333	1.74844519e+00	
0.55891667	1.74685661e+00	
0.56050000	1.72838756e+00	
0.56208333	1.68466391e+00	
0.56366667	1.64413513e+00	
0.56525000	1.65983481e+00	
0.56683333	1.67484649e+00	
0.56841667	1.62535285e+00	
0.57000000	1.62984386e+00	
0.57158333	1.61414218e+00	
0.57316667	1.58078299e+00	
0.57475000	1.57866263e+00	
0.57633333	1.55930803e+00	
0.57791667	1.54513374e+00	
0.57950000	1.52283665e+00	
0.58108333	1.47905357e+00	
0.58266667	1.46154147e+00	
0.58425000	5.56919031e-01	
0.58583333	5.71499748e-01	
0.58741667	5.65734628e-01	
0.58900000	5.48432868e-01	
0.59058333	5.71984388e-01	
0.59216667	5.48339968e-01	
0.59375000	5.90759447e-01	
0.59533333	6.05357253e-01	
0.59691667	6.13732077e-01	
0.59850000	6.05175330e-01	
0.60008333	6.30749677e-01	
0.60166667	6.36236920e-01	
0.60325000	6.06127932e-01	
0.60483333	6.26070402e-01	
0.60641667	6.27210683e-01	
0.60800000	2.25573812e-01	
0.60958333	2.53812314e-01	
0.61116667	2.32570086e-01	
0.61275000	2.15374996e-01	
0.61433333	1.52159114e-01	
0.61591667	1.32833249e-01	
0.61750000	2.03484756e-01	
0.61908333	2.76137172e-01	
0.62066667	2.71148868e-01	
0.62225000	2.80176396e-01	
0.62383333	2.50059540e-01	
0.62541667	2.47509410e-01	
0.62700000	2.44517420e-01	
0.62858333	2.32217338e-01	
0.63016667	2.32066640e-01	
0.63175000	1.98355532e-01	
0.63333333	1.96284390e-01	
0.63491667	6.13383204e-02	
0.63650000	1.85078073e-02	
0.63808333	1.15695684e-02	
0.63966667	9.28021885e-03	
0.64125000	7.80266558e-03	
0.64283333	7.38482790e-03	
0.64441667	7.24756819e-03	
0.64600000	6.22905635e-03	
0.64758333	5.59556252e-03	
0.64916667	5.68875666e-03	
0.65075000	6.04970196e-03	
0.65233333	5.64633029e-03	
0.65391667	5.28966213e-03	
0.65550000	4.79690505e-03	
0.65708333	4.87282778e-03	
0.65866667	4.58027080e-03	
0.66025000	4.40863985e-03	
0.66183333	4.14906035e-03	
0.66341667	2.18569720e-03	
0.66500000	2.89632951e-03	
0.66658333	2.48543741e-03	
0.66816667	2.17543262e-03	
0.66975000	2.15260777e-03	
0.67133333	1.03016719e-03	
0.67291667	1.51480835e-03	
0.67450000	1.73179870e-04	
0.67608333	1.92275802e-05	
0.67766667	-6.69430070e-06	
0.67925000	-1.80553625e-05	
0.68083333	-2.17583669e-05	
0.68241667	-2.01575911e-05	
0.68400000	-1.56338855e-05	
0.68558333	-1.08853366e-05	
0.68716667	-7.07502012e-06	
0.68875000	-4.32397866e-06	
0.69033333	-2.23487279e-06	
0.69191667	-3.65439722e-07	
0.69350000	4.56657651e-07	
0.69508333	9.41708463e-07	
0.69666667	1.29149355e-06	
0.69825000	1.33323704e-06	
0.69983333	1.61418854e-06	
0.70141667	1.14959326e-06	
0.70300000	1.01327004e-06	
0.70458333	1.05721163e-06	
0.70616667	8.84407140e-07	
0.70775000	8.04034630e-07	
0.70933333	5.55033345e-07	
0.71091667	6.04839628e-07	
0.71250000	7.75040897e-07	
0.71408333	6.86069536e-07	
0.71566667	6.13472751e-07	
0.71725000	5.56824025e-07	
0.71883333	6.76477258e-07	
0.72041667	6.18961109e-07	
0.72200000	4.20052140e-07	
0.72358333	2.87269566e-07	
0.72516667	1.58628714e-07	
0.72675000	2.97727503e-07	
0.72833333	2.11995664e-07	
0.72991667	2.42088027e-07	
0.73150000	4.33238324e-07	
0.73308333	3.81124961e-07	
0.73466667	4.64783783e-07	
0.73625000	4.16299384e-07	
0.73783333	4.02083174e-07	
0.73941667	4.91011384e-07	
0.74100000	3.86759906e-07	
0.74258333	1.89682093e-07	
0.74416667	1.42641200e-07	
0.74575000	1.87969536e-07	
0.74733333	3.95652769e-07	
0.74891667	1.44740791e-07	
0.75050000	2.60608478e-07	
0.75208333	6.01035377e-07	
0.75366667	5.58682188e-07	
0.75525000	6.15676898e-07	
0.75683333	5.22038568e-07	
0.75841667	5.52113430e-07	
0.76000000	5.45803291e-07	
0.76158333	3.78480187e-07	
0.76316667	1.84513719e-07	
0.76475000	7.02874659e-08	
0.76633333	3.06541935e-07	
0.76791667	1.60314627e-07	
0.76950000	2.34983380e-07	
0.77108333	4.06059520e-07	
0.77266667	5.55093491e-07	
0.77425000	4.92827938e-07	
0.77583333	4.11330421e-07	
0.77741667	4.60419283e-07	
0.77900000	4.96940986e-07	
0.78058333	4.66666924e-07	
0.78216667	1.97294459e-07	
0.78375000	1.31188625e-08	
0.78533333	8.66817605e-08	
0.78691667	1.77728301e-07	
0.78850000	8.74527103e-09	
0.79008333	2.97554119e-07	
0.79166667	7.20725852e-07	
0.79325000	5.37249075e-07	
0.79483333	6.29548888e-07	
0.79641667	4.92437600e-07	
0.79800000	6.21727969e-07	
0.79958333	6.20127642e-07	
0.80116667	4.13404474e-07	
0.80275000	1.07639504e-07	
0.80433333	9.25148352e-08	
0.80591667	2.23705846e-07	
0.80750000	1.21588386e-07	
0.80908333	1.80294966e-07	
0.81066667	1.69483527e-07	
0.81225000	4.80467735e-07	
0.81383333	5.75620933e-07	
0.81541667	4.27102100e-07	
0.81700000	3.57740384e-07	
0.81858333	5.92472985e-07	
0.82016667	4.54583261e-07	
0.82175000	2.70693858e-07	
0.82333333	7.24917248e-08	
0.82491667	2.32305312e-07	
0.82650000	2.20948898e-07	
0.82808333	1.16108939e-07	
0.82966667	2.27707071e-07	
0.83125000	2.51015135e-07	
0.83283333	5.23118129e-07	
0.83441667	5.31804118e-07	
0.83600000	4.81117588e-07	
0.83758333	6.48086504e-07	
0.83916667	5.53064240e-07	
0.84075000	5.27267747e-07	
0.84233333	3.04079560e-07	
0.84391667	2.02877503e-07	
0.84550000	3.26332971e-07	
0.84708333	1.78118344e-07	
0.84866667	3.30396800e-08	
0.85025000	2.69241489e-07	
0.85183333	2.11149074e-07	
0.85341667	5.41094319e-07	
0.85500000	3.08539236e-07	
0.85658333	3.43876206e-07	
0.85816667	4.38985890e-07	
0.85975000	5.69725660e-07	
0.86133333	4.80122983e-07	
0.86291667	-2.56673552e-08	
0.86450000	1.08201202e-07	
0.86608333	2.38614247e-07	
0.86766667	2.19514072e-07	
0.86925000	2.34680826e-07	
0.87083333	2.57237742e-07	
0.87241667	4.05322695e-07	
0.87400000	4.77703339e-07	
0.87558333	5.24587803e-07	
0.87716667	6.57463341e-07	
0.87875000	6.72673623e-07	
0.88033333	5.94761639e-07	
0.88191667	4.43653139e-07	
0.88350000	1.01088778e-07	
0.88508333	1.86630572e-07	
0.88666667	1.74937206e-07	
0.88825000	1.89396242e-07	
0.88983333	1.07864816e-07	
0.89141667	4.53731407e-07	
0.89300000	7.14199431e-07	
0.89458333	4.07959601e-07	
0.89616667	4.80252293e-07	
0.89775000	4.32416991e-07	
0.89933333	5.72725715e-07	
0.90091667	3.18425444e-07	
0.90250000	1.02471473e-07	
0.90408333	1.98677623e-07	
0.90566667	2.14415323e-07	
0.90725000	2.26773509e-07	
0.90883333	1.37636368e-07	
0.91041667	2.05383966e-07	
0.91200000	4.46590835e-07	
0.91358333	4.56357533e-07	
0.91516667	4.44818915e-07	
0.91675000	4.83885456e-07	
0.91833333	4.79172509e-07	
0.91991667	5.31630287e-07	
0.92150000	3.66304288e-07	
0.92308333	6.59663470e-08	
0.92466667	1.31579290e-07	
0.92625000	3.20617956e-08	
0.92783333	4.51388654e-08	
0.92941667	-6.03406355e-08	
0.93100000	1.77443304e-07	
0.93258333	4.71351366e-07	
0.93416667	4.36781883e-07	
0.93575000	4.56054672e-07	
0.93733333	4.55147571e-07	
0.93891667	6.13818510e-07	
0.94050000	2.85697351e-07	
0.94208333	-3.16564950e-08	
0.94366667	7.77820126e-09	
0.94525000	1.30497441e-08	
0.94683333	1.37153724e-07	
0.94841667	1.19289735e-07	
0.95000000	8.53864994e-08	
0.95158333	4.92180100e-07	
0.95316667	5.38070688e-07	
0.95475000	5.76354229e-07	
0.95633333	4.95550052e-07	
0.95791667	5.51595743e-07	
0.95950000	4.99185287e-07	
0.96108333	2.88090731e-07	
0.96266667	1.39011748e-07	
0.96425000	8.61546368e-08	
0.96583333	1.41172044e-07	
0.96741667	1.25227779e-07	
0.96900000	9.02154140e-08	
0.97058333	2.82007234e-07	
0.97216667	3.56841208e-07	
0.97375000	4.36219197e-07	
0.97533333	4.26627955e-07	
0.97691667	3.80391468e-07	
0.97850000	4.51430152e-07	
0.98008333	3.08271628e-07	
0.98166667	2.36409540e-07	
0.98325000	1.90044373e-07	
0.98483333	1.29893684e-07	
0.98641667	2.05946091e-07	
0.98800000	-8.49713247e-08	
0.98958333	9.84794668e-08	
0.99116667	4.08374272e-07	
0.99275000	2.44515708e-07	
0.99433333	4.98141624e-07	
0.99591667	3.52822047e-07	
0.99750000	4.67635319e-07	
0.99908333	4.96352960e-07	
1.00066667	3.46642450e-07	
1.00225000	9.40467419e-08	
1.00383333	9.12585273e-09	
1.00541667	1.89179737e-07	
1.00700000	8.07883850e-08	
1.00858333	-1.15374004e-07	
1.01016667	2.62576742e-07	
1.01175000	2.48293917e-07	
1.01333333	5.27914240e-07	
1.01491667	4.47584711e-07	
1.01650000	3.45648742e-07	
1.01808333	5.26964269e-07	
1.01966667	4.25803962e-07	
1.02125000	3.61152729e-07	
1.02283333	1.08416882e-07	
1.02441667	-4.11809718e-08	
1.02600000	2.35545757e-07	
1.02758333	5.50511177e-08	
1.02916667	1.85376438e-07	
1.03075000	2.32867241e-07	
1.03233333	4.88065316e-07	
1.03391667	6.08158281e-07	
1.03550000	4.38294119e-07	
1.03708333	4.98055660e-07	
1.03866667	3.41793529e-07	
1.04025000	2.72224519e-07	
1.04183333	2.16532946e-07	
1.04341667	-4.16037908e-08	
1.04500000	1.41128391e-07	
1.04658333	1.83433235e-07	
1.04816667	1.29876366e-07	
1.04975000	1.91547201e-07	
1.05133333	3.95730221e-07	
1.05291667	5.80452437e-07	
1.05450000	6.64420141e-07	
1.05608333	5.71170357e-07	
1.05766667	5.85903890e-07	
1.05925000	3.94130509e-07	
1.06083333	3.85791875e-07	
1.06241667	1.02557780e-07	
1.06400000	-9.59904632e-08	
1.06558333	9.88674593e-08	
1.06716667	-1.65927728e-08	
1.06875000	2.51101911e-07	
1.07033333	1.37567849e-07	
1.07191667	2.79146374e-07	
1.07350000	5.00000795e-07	
1.07508333	4.33800421e-07	
1.07666667	4.54248114e-07	
1.07825000	5.91391744e-07	
1.07983333	5.20007413e-07	
1.08141667	3.19722406e-07	
1.08300000	1.72024529e-07	
1.08458333	1.68783999e-07	
1.08616667	1.46788803e-07	
1.08775000	1.87451429e-07	
1.08933333	1.54783777e-07	
1.09091667	4.19090969e-07	
1.09250000	5.60971515e-07	
1.09408333	4.81764417e-07	
1.09566667	5.42002456e-07	
1.09725000	6.42815492e-07	
1.09883333	6.46737460e-07	
1.10041667	6.11443164e-07	
1.10200000	1.66320925e-07	
1.10358333	2.48604731e-07	
1.10516667	2.23273366e-07	
1.10675000	1.85722309e-07	
1.10833333	1.46270219e-07	
1.10991667	1.21245134e-08	
1.11150000	2.72620597e-07	
1.11308333	5.71905558e-07	
1.11466667	4.18633484e-07	
1.11625000	5.09593242e-07	
1.11783333	5.09548832e-07	
1.11941667	6.13692225e-07	
1.12100000	4.69233239e-07	
1.12258333	1.98695530e-07	
1.12416667	2.60564397e-08	
1.12575000	2.02207836e-09	
1.12733333	-3.35235242e-08	
1.12891667	5.50516777e-08	
1.13050000	1.67444223e-07	
1.13208333	4.41795592e-07	
1.13366667	4.74591223e-07	
1.13525000	6.04831115e-07	
1.13683333	5.41266359e-07	
1.13841667	3.92058108e-07	
1.14000000	4.83405235e-07	
1.14158333	3.23014766e-07	
1.14316667	2.15495387e-07	
1.14475000	1.95315540e-07	
1.14633333	1.97588738e-07	
1.14791667	2.52830849e-07	
1.14950000	5.18625306e-08	
1.15108333	1.29125568e-07	
1.15266667	4.27880143e-07	
1.15425000	4.66036783e-07	
1.15583333	5.15340500e-07	
1.15741667	5.85905010e-07	
1.15900000	7.22713605e-07	
1.16058333	4.21328437e-07	
1.16216667	1.38967842e-07	
1.16375000	1.69138019e-07	
1.16533333	2.36107854e-07	
1.16691667	2.43022009e-07	
1.16850000	2.34827987e-07	
1.17008333	3.53598438e-07	
1.17166667	6.22340469e-07	
1.17325000	4.41016177e-07	
1.17483333	4.07052193e-07	
1.17641667	4.84185350e-07	
1.17800000	7.33430806e-07	
1.17958333	5.86992355e-07	
1.18116667	2.92715474e-07	
1.18275000	1.13309177e-07	
@ 
0.00000000	2.09056961e-07	
0.00158333	2.66528447e-07	
0.00316667	1.97329292e-07	
0.00475000	6.35293766e-08	
0.00633333	3.07363044e-07	
0.00791667	6.00814447e-07	
0.00950000	6.41778941e-07	
0.01108333	5.01080524e-07	
0.01266667	4.55881148e-07	
0.01425000	4.90492521e-07	
0.01583333	4.82758854e-07	
0.01741667	2.88905203e-07	
0.01900000	2.24474886e-07	
0.02058333	2.26168444e-07	
0.02216667	2.15668225e-07	
0.02375000	1.46141203e-07	
0.02533333	1.30152920e-07	
0.02691667	3.26982684e-07	
0.02850000	4.40324098e-07	
0.03008333	5.66244320e-07	
0.03166667	4.76018335e-07	
0.03325000	4.99222696e-07	
0.03483333	4.92092905e-07	
0.03641667	2.93725480e-07	
0.03800000	2.40583995e-07	
0.03958333	2.34292393e-07	
0.04116667	3.89508370e-07	
0.04275000	2.65835416e-07	
0.04433333	9.31210414e-08	
0.04591667	2.23757718e-07	
0.04750000	3.07605422e-07	
0.04908333	5.12704517e-07	
0.05066667	5.87763509e-07	
0.05225000	5.24674327e-07	
0.05383333	7.55509852e-07	
0.05541667	7.03268132e-07	
0.05700000	3.97148652e-07	
0.05858333	3.89422049e-08	
0.06016667	1.80320825e-07	
0.06175000	2.89948726e-07	
0.06333333	2.06680494e-07	
0.06491667	1.48431272e-07	
0.06650000	1.84616666e-07	
0.06808333	3.47765721e-07	
0.06966667	4.32296613e-07	
0.07125000	4.11978146e-07	
0.07283333	4.64151179e-07	
0.07441667	5.77435694e-07	
0.07600000	5.03371139e-07	
0.07758333	3.68593223e-07	
0.07916667	2.17656202e-07	
0.08075000	3.94001955e-07	
0.08233333	3.03387873e-07	
0.08391667	3.04295142e-07	
0.08550000	2.22711857e-07	
0.08708333	2.68792489e-07	
0.08866667	5.92713459e-07	
0.09025000	5.48742975e-07	
0.09183333	6.07120778e-07	
0.09341667	6.60359399e-07	
0.09500000	4.75066629e-07	
0.09658333	3.66155770e-07	
0.09816667	2.31009162e-07	
0.09975000	2.04520253e-07	
0.10133333	2.58706044e-07	
0.10291667	2.10180847e-07	
0.10450000	2.55397808e-07	
0.10608333	2.13533759e-07	
0.10766667	6.17362350e-07	
0.10925000	6.82309752e-07	
0.11083333	5.81713502e-07	
0.11241667	6.51672625e-07	
0.11400000	4.17336914e-07	
0.11558333	4.43956001e-07	
0.11716667	2.21537569e-07	
0.11875000	1.14423816e-07	
0.12033333	8.04593773e-08	
0.12191667	1.98037906e-07	
0.12350000	3.77279605e-07	
0.12508333	2.64091190e-07	
0.12666667	1.92471872e-07	
0.12825000	6.46831096e-07	
0.12983333	6.20301249e-07	
0.13141667	7.27551326e-07	
0.13300000	6.11876007e-07	
0.13458333	7.18347929e-07	
0.13616667	6.15807664e-07	
0.13775000	3.75942125e-07	
0.13933333	2.84806631e-07	
0.14091667	3.24994091e-07	
0.14250000	3.26333279e-07	
0.14408333	3.94597514e-07	
0.14566667	2.77919330e-07	
0.14725000	5.43168708e-07	
0.14883333	4.64178760e-07	
0.15041667	4.70442837e-07	
0.15200000	5.07346981e-07	
0.15358333	4.28357173e-07	
0.15516667	6.32227825e-07	
0.15675000	3.74600529e-07	
0.15833333	7.02794785e-08	
0.15991667	2.16273262e-07	
0.16150000	3.28580968e-07	
0.16308333	4.59146514e-07	
0.16466667	2.43539836e-07	
0.16625000	3.70323421e-07	
0.16783333	7.45440824e-07	
0.16941667	6.02108721e-07	
0.17100000	5.89319091e-07	
0.17258333	5.85645606e-07	
0.17416667	6.30802729e-07	
0.17575000	6.08090965e-07	
0.17733333	3.71577149e-07	
0.17891667	3.04511480e-07	
0.18050000	3.31561757e-07	
0.18208333	3.45735853e-07	
0.18366667	4.32762414e-07	
0.18525000	2.75749037e-07	
0.18683333	5.75766651e-07	
0.18841667	7.19515301e-07	
0.19000000	7.21934050e-07	
0.19158333	7.34992436e-07	
0.19316667	5.77591493e-07	
0.19475000	7.05211811e-07	
0.19633333	4.31640264e-07	
0.19791667	3.56322400e-07	
0.19950000	3.00060400e-07	
0.20108333	2.69725659e-07	
0.20266667	3.02998796e-07	
0.20425000	2.15105960e-07	
0.20583333	3.24094354e-07	
0.20741667	7.90666998e-07	
0.20900000	4.21916128e-07	
0.21058333	5.85775644e-07	
0.21216667	4.94339949e-07	
0.21375000	6.36679072e-07	
0.21533333	5.72466367e-07	
0.21691667	3.72811192e-07	
0.21850000	2.75862330e-07	
0.22008333	2.51966338e-07	
0.22166667	3.56753564e-07	
0.22325000	2.43523315e-07	
0.22483333	1.34568788e-07	
0.22641667	5.13653032e-07	
0.22800000	5.44854552e-07	
0.22958333	7.90210465e-07	
0.23116667	6.33263143e-07	
0.23275000	6.21899729e-07	
0.23433333	7.37661683e-07	
0.23591667	6.21172200e-07	
0.23750000	5.69154266e-07	
0.23908333	2.83251834e-07	
0.24066667	3.34759389e-07	
0.24225000	4.08780234e-07	
0.24383333	3.10171710e-07	
0.24541667	2.52225014e-07	
0.24700000	3.28035811e-07	
0.24858333	6.64982686e-07	
0.25016667	6.91255425e-07	
0.25175000	5.17630722e-07	
0.25333333	6.74056045e-07	
0.25491667	7.64973829e-07	
0.25650000	6.02194405e-07	
0.25808333	4.78220298e-07	
0.25966667	2.94227738e-07	
0.26125000	4.26453675e-07	
0.26283333	2.44663246e-07	
0.26441667	1.82697544e-07	
0.26600000	3.63971980e-07	
0.26758333	2.57100284e-07	
0.26916667	6.03405851e-07	
0.27075000	4.73640749e-07	
0.27233333	5.16038459e-07	
0.27391667	6.34518271e-07	
0.27550000	7.26689335e-07	
0.27708333	4.20585984e-07	
0.27866667	1.31735621e-07	
0.28025000	3.22012489e-07	
0.28183333	3.39210245e-07	
0.28341667	3.20672125e-07	
0.28500000	4.55267892e-07	
0.28658333	5.75751194e-07	
0.28816667	7.45871764e-07	
0.28975000	6.78895727e-07	
0.29133333	5.87158178e-07	
0.29291667	6.58110954e-07	
0.29450000	6.45838339e-07	
0.29608333	5.28001100e-07	
0.29766667	3.20757333e-07	
0.29925000	9.48492720e-08	
0.30083333	2.81264025e-07	
0.30241667	1.39158292e-07	
0.30400000	2.71022145e-07	
0.30558333	3.90175387e-07	
0.30716667	5.22514926e-07	
0.30875000	9.02863216e-07	
0.31033333	6.90908266e-07	
0.31191667	7.57455772e-07	
0.31350000	7.17656130e-07	
0.31508333	7.85499030e-07	
0.31666667	6.12782912e-07	
0.31825000	1.38060769e-07	
0.31983333	3.33376351e-07	
0.32141667	2.90812621e-07	
0.32300000	1.82412323e-07	
0.32458333	2.60927916e-07	
0.32616667	9.52812473e-08	
0.32775000	4.75533466e-07	
0.32933333	5.69267503e-07	
0.33091667	6.20431007e-07	
0.33250000	7.18305087e-07	
0.33408333	6.10535923e-07	
0.33566667	6.59970405e-07	
0.33725000	3.27241276e-07	
0.33883333	3.88082238e-07	
0.34041667	3.91495843e-07	
0.34200000	3.73778888e-07	
0.34358333	3.51137044e-07	
0.34516667	2.53652098e-07	
0.34675000	4.45770370e-07	
0.34833333	6.94322907e-07	
0.34991667	5.95455063e-07	
0.35150000	6.12565510e-07	
0.35308333	5.75966412e-07	
0.35466667	6.21639653e-07	
0.35625000	4.02299511e-07	
0.35783333	1.14225994e-07	
0.35941667	2.62320363e-07	
0.36100000	2.24786428e-07	
0.36258333	3.61161214e-07	
0.36416667	2.35200082e-07	
0.36575000	2.34103496e-07	
0.36733333	4.60884272e-07	
0.36891667	4.85740092e-07	
0.37050000	6.47135861e-07	
0.37208333	6.84771062e-07	
0.37366667	4.53979890e-07	
0.37525000	5.72942220e-07	
0.37683333	4.39200463e-07	
0.37841667	2.31960098e-07	
0.38000000	3.51006390e-07	
0.38158333	2.88263527e-07	
0.38316667	1.80407503e-07	
0.38475000	3.02610166e-07	
0.38633333	5.10673474e-07	
0.38791667	6.37716407e-07	
0.38950000	7.10613814e-07	
0.39108333	6.52925345e-07	
0.39266667	5.88844022e-07	
0.39425000	6.99042015e-07	
0.39583333	7.02708163e-07	
0.39741667	4.52502180e-07	
0.39900000	5.35693045e-07	
0.40058333	4.89542606e-07	
0.40216667	6.02712988e-07	
0.40375000	5.08903123e-07	
0.40533333	4.77918613e-07	
0.40691667	8.57773633e-07	
0.40850000	1.05025388e-06	
0.41008333	1.26762696e-06	
0.41166667	1.26631135e-06	
0.41325000	1.32075710e-06	
0.41483333	1.65978960e-06	
0.41641667	1.57083218e-06	
0.41800000	2.02639112e-06	
0.41958333	2.46582469e-06	
0.42116667	3.05142482e-06	
0.42275000	3.63961989e-06	
0.42433333	3.98492018e-06	
0.42591667	4.60885090e-06	
0.42750000	5.60530003e-06	
0.42908333	6.62898474e-06	
0.43066667	7.58262465e-06	
0.43225000	9.35913458e-06	
0.43383333	1.21746551e-05	
0.43541667	1.61669792e-05	
0.43700000	2.26903634e-05	
0.43858333	3.32589193e-05	
0.44016667	4.72408561e-05	
0.44175000	6.54672780e-05	
0.44333333	8.68728542e-05	
0.44491667	1.06320654e-04	
0.44650000	1.19512839e-04	
0.44808333	1.27060451e-04	
0.44966667	1.39958814e-04	
0.45125000	1.69499625e-04	
0.45283333	2.10081744e-04	
0.45441667	2.25836310e-04	
0.45600000	3.00196838e-04	
0.45758333	3.58256516e-04	
0.45916667	4.29733915e-04	
0.46075000	5.55245980e-04	
0.46233333	7.19366654e-04	
0.46391667	8.39391369e-04	
0.46550000	9.53748005e-04	
0.46708333	2.20026713e-03	
0.46866667	2.57426932e-03	
0.47025000	3.25532502e-03	
0.47183333	4.56501982e-03	
0.47341667	6.20971817e-03	
0.47500000	9.42900064e-03	
0.47658333	1.72430465e-02	
0.47816667	2.60839668e-02	
0.47975000	2.62784313e-02	
0.48133333	1.84364663e-02	
0.48291667	2.42986661e-02	
0.48450000	3.41663836e-02	
0.48608333	5.07694736e-02	
0.48766667	8.53582657e-02	
0.48925000	9.01785195e-02	
0.49083333	9.58043266e-02	
0.49241667	1.41173999e-01	
0.49400000	2.07591644e-01	
0.49558333	3.09768828e-01	
0.49716667	4.07347834e-01	
0.49875000	9.00768570e-01	
0.50033333	1.00700997e+00	
0.50191667	1.02347058e+00	
0.50350000	1.20810498e+00	
0.50508333	1.62101334e+00	
0.50666667	1.98335742e+00	
0.50825000	2.67324992e+00	
0.50983333	3.03925067e+00	
0.51141667	3.14685661e+00	
0.51300000	3.77027808e+00	
0.51458333	5.18946871e+00	
0.51616667	5.35207052e+00	
0.51775000	5.60992508e+00	
0.51933333	6.29885687e+00	
0.52091667	6.50581842e+00	
0.52250000	6.58945109e+00	
0.52408333	6.71190664e+00	
0.52566667	6.93398017e+00	
0.52725000	7.20450150e+00	
0.52883333	7.63841668e+00	
0.53041667	8.10404928e+00	
0.53200000	8.45829488e+00	
0.53358333	9.48801158e+00	
0.53516667	1.26102560e+01	
0.53675000	1.32556300e+01	
0.53833333	1.34648733e+01	
0.53991667	1.49820961e+01	
0.54150000	1.59417616e+01	
0.54308333	1.64043082e+01	
0.54466667	1.66687904e+01	
0.54625000	1.83164965e+01	
0.54783333	1.87178285e+01	
0.54941667	1.91549805e+01	
0.55100000	1.96102586e+01	
0.55258333	1.98512066e+01	
0.55416667	2.04063624e+01	
0.55575000	2.15133162e+01	
0.55733333	2.23714916e+01	
0.55891667	2.27633941e+01	
0.56050000	2.29790151e+01	
0.56208333	2.45584692e+01	
0.56366667	2.58410824e+01	
0.56525000	2.66899110e+01	
0.56683333	2.71197982e+01	
0.56841667	2.73240111e+01	
0.57000000	2.78244447e+01	
0.57158333	2.94907298e+01	
0.57316667	2.94070257e+01	
0.57475000	2.96283706e+01	
0.57633333	2.97673512e+01	
0.57791667	3.05122600e+01	
0.57950000	3.08954415e+01	
0.58108333	3.12039706e+01	
0.58266667	3.18427385e+01	
0.58425000	3.20136569e+01	
0.58583333	3.21923436e+01	
0.58741667	3.23164753e+01	
0.58900000	3.42927665e+01	
