start voltage : 0.00 V 
set voltage : 0.10 V 
High G : 30.00 G0 
Intermediate G : 20.00 G0 
Low G : 10.00 G0 
Breaking speed 1 : 300.00 V/s 
Breaking speed 2 : 300.00 V/s 
Making speed : 500.00 V/s 
Post breaking : 230.00 V/s 
@ 
0.00000000	3.44066945e+01	
0.00158333	3.51078477e+01	
0.00316667	3.56794310e+01	
0.00475000	3.54791944e+01	
0.00633333	3.55631089e+01	
0.00791667	3.54108917e+01	
0.00950000	3.56521911e+01	
0.01108333	3.56691145e+01	
0.01266667	3.55666868e+01	
0.01425000	3.56976586e+01	
0.01583333	3.55937876e+01	
0.01741667	3.55508269e+01	
0.01900000	3.55567011e+01	
0.02058333	3.54517966e+01	
0.02216667	3.55057089e+01	
0.02375000	3.53471101e+01	
0.02533333	3.55154353e+01	
0.02691667	3.54565471e+01	
0.02850000	3.53147477e+01	
0.03008333	3.52172884e+01	
0.03166667	3.52331783e+01	
0.03325000	3.53800551e+01	
0.03483333	3.51828289e+01	
0.03641667	3.51270750e+01	
0.03800000	3.50516880e+01	
0.03958333	3.50788001e+01	
0.04116667	3.49943669e+01	
0.04275000	3.49224300e+01	
0.04433333	3.50045518e+01	
0.04591667	3.52303446e+01	
0.04750000	3.50823554e+01	
0.04908333	3.52075207e+01	
0.05066667	3.51481363e+01	
0.05225000	3.49386431e+01	
0.05383333	3.51127410e+01	
0.05541667	3.47426308e+01	
0.05700000	3.47282780e+01	
0.05858333	3.46725016e+01	
0.06016667	3.47486666e+01	
0.06175000	3.47143799e+01	
0.06333333	3.44357985e+01	
0.06491667	3.46984186e+01	
0.06650000	3.43716374e+01	
0.06808333	3.43696568e+01	
0.06966667	3.46198783e+01	
0.07125000	3.44030377e+01	
0.07283333	3.44546462e+01	
0.07441667	3.44264517e+01	
0.07600000	3.43160564e+01	
0.07758333	3.41976749e+01	
0.07916667	3.42908761e+01	
0.08075000	3.44180294e+01	
0.08233333	3.42979642e+01	
0.08391667	3.43964946e+01	
0.08550000	3.42976673e+01	
0.08708333	3.41650945e+01	
0.08866667	3.41476448e+01	
0.09025000	3.38220776e+01	
0.09183333	3.39983590e+01	
0.09341667	3.39676728e+01	
0.09500000	3.35214690e+01	
0.09658333	3.37595852e+01	
0.09816667	3.35802971e+01	
0.09975000	3.36146740e+01	
0.10133333	3.37106375e+01	
0.10291667	3.36223672e+01	
0.10450000	3.37432367e+01	
0.10608333	3.35436616e+01	
0.10766667	3.36437479e+01	
0.10925000	3.34524147e+01	
0.11083333	3.34847884e+01	
0.11241667	3.34296847e+01	
0.11400000	3.35092396e+01	
0.11558333	3.34643998e+01	
0.11716667	3.34099613e+01	
0.11875000	3.31474578e+01	
0.12033333	3.31210259e+01	
0.12191667	3.30620925e+01	
0.12350000	3.29157570e+01	
0.12508333	3.27666403e+01	
0.12666667	3.29336050e+01	
0.12825000	3.30825337e+01	
0.12983333	3.29295272e+01	
0.13141667	3.30817219e+01	
0.13300000	3.29666439e+01	
0.13458333	3.27157985e+01	
0.13616667	3.25985594e+01	
0.13775000	3.25416142e+01	
0.13933333	3.26140059e+01	
0.14091667	3.25570193e+01	
0.14250000	3.24550162e+01	
0.14408333	3.25084663e+01	
0.14566667	3.06148813e+01	
0.14725000	2.93585347e+01	
0.14883333	2.90244080e+01	
0.15041667	2.91303554e+01	
0.15200000	2.91398281e+01	
0.15358333	2.90973616e+01	
0.15516667	2.91716174e+01	
0.15675000	2.88255375e+01	
0.15833333	2.90025199e+01	
0.15991667	2.88211103e+01	
0.16150000	2.86370549e+01	
0.16308333	2.85544934e+01	
0.16466667	2.86687916e+01	
0.16625000	2.84672189e+01	
0.16783333	2.82525318e+01	
0.16941667	2.82180610e+01	
0.17100000	2.83101197e+01	
0.17258333	2.81744952e+01	
0.17416667	2.81158963e+01	
0.17575000	2.78184409e+01	
0.17733333	2.78495763e+01	
0.17891667	2.79111197e+01	
0.18050000	2.78089306e+01	
0.18208333	2.78483360e+01	
0.18366667	2.74899441e+01	
0.18525000	2.42160781e+01	
0.18683333	2.36426007e+01	
0.18841667	2.33219173e+01	
0.19000000	2.32756963e+01	
0.19158333	2.31526808e+01	
0.19316667	2.31163365e+01	
0.19475000	2.32316739e+01	
0.19633333	2.31039211e+01	
0.19791667	2.31690612e+01	
0.19950000	2.31110167e+01	
0.20108333	2.29256966e+01	
0.20266667	2.28997514e+01	
0.20425000	2.28843369e+01	
0.20583333	2.27802330e+01	
0.20741667	2.28889051e+01	
0.20900000	2.27911620e+01	
0.21058333	2.26596509e+01	
0.21216667	2.26777113e+01	
0.21375000	2.26030195e+01	
0.21533333	2.21505789e+01	
0.21691667	2.20093602e+01	
0.21850000	2.18048016e+01	
0.22008333	2.07342730e+01	
0.22166667	1.88683564e+01	
0.22325000	1.85627004e+01	
0.22483333	1.83483252e+01	
0.22641667	1.85939955e+01	
0.22800000	1.84521849e+01	
0.22958333	1.84843876e+01	
0.23116667	1.84056219e+01	
0.23275000	1.81264861e+01	
0.23433333	1.79123139e+01	
0.23591667	1.75287510e+01	
0.23750000	1.72967063e+01	
0.23908333	1.72555533e+01	
0.24066667	1.71201355e+01	
0.24225000	1.69088646e+01	
0.24383333	1.69312094e+01	
0.24541667	1.69861195e+01	
0.24700000	1.67416876e+01	
0.24858333	1.61526491e+01	
0.25016667	1.58134732e+01	
0.25175000	1.57179334e+01	
0.25333333	1.57327165e+01	
0.25491667	1.55409689e+01	
0.25650000	1.55917901e+01	
0.25808333	1.54968948e+01	
0.25966667	1.55000743e+01	
0.26125000	1.54829601e+01	
0.26283333	1.52611783e+01	
0.26441667	1.47187348e+01	
0.26600000	1.35557848e+01	
0.26758333	1.34582089e+01	
0.26916667	1.32927710e+01	
0.27075000	1.33929326e+01	
0.27233333	1.35009582e+01	
0.27391667	1.33046208e+01	
0.27550000	1.31815969e+01	
0.27708333	1.31892205e+01	
0.27866667	1.31796520e+01	
0.28025000	1.30661091e+01	
0.28183333	1.29315379e+01	
0.28341667	1.28750587e+01	
0.28500000	1.26020423e+01	
0.28658333	1.28123426e+01	
0.28816667	1.27981326e+01	
0.28975000	1.28050215e+01	
0.29133333	1.25852560e+01	
0.29291667	1.25759844e+01	
0.29450000	1.15124640e+01	
0.29608333	1.11791096e+01	
0.29766667	1.02364344e+01	
0.29925000	1.01141338e+01	
0.30083333	1.01187189e+01	
0.30241667	9.91579703e+00	
0.30400000	9.89718798e+00	
0.30558333	9.80848541e+00	
0.30716667	9.93952578e+00	
0.30875000	9.97823027e+00	
0.31033333	9.90425916e+00	
0.31191667	9.91564482e+00	
0.31350000	9.76101101e+00	
0.31508333	9.64883807e+00	
0.31666667	9.59566708e+00	
0.31825000	9.47324160e+00	
0.31983333	9.44345923e+00	
0.32141667	9.19821176e+00	
0.32300000	9.02871213e+00	
0.32458333	8.80926704e+00	
0.32616667	8.80940797e+00	
0.32775000	8.68661794e+00	
0.32933333	8.03275029e+00	
0.33091667	6.88408450e+00	
0.33250000	6.86408396e+00	
0.33408333	6.90810311e+00	
0.33566667	6.83953450e+00	
0.33725000	6.79785487e+00	
0.33883333	6.80343449e+00	
0.34041667	6.70605173e+00	
0.34200000	6.62476093e+00	
0.34358333	6.58865810e+00	
0.34516667	6.41593106e+00	
0.34675000	6.39892209e+00	
0.34833333	6.25334334e+00	
0.34991667	6.21198739e+00	
0.35150000	5.98830298e+00	
0.35308333	5.41031940e+00	
0.35466667	5.59908061e+00	
0.35625000	5.66555680e+00	
0.35783333	5.62243635e+00	
0.35941667	5.59667908e+00	
0.36100000	5.39824221e+00	
0.36258333	5.41339131e+00	
0.36416667	5.39398081e+00	
0.36575000	5.36621757e+00	
0.36733333	5.35428884e+00	
0.36891667	5.07138638e+00	
0.37050000	5.06916148e+00	
0.37208333	4.07557440e+00	
0.37366667	4.00451547e+00	
0.37525000	3.90664250e+00	
0.37683333	3.72172717e+00	
0.37841667	3.71312238e+00	
0.38000000	3.67036836e+00	
0.38158333	3.42099761e+00	
0.38316667	3.41477510e+00	
0.38475000	3.29933741e+00	
0.38633333	3.35658729e+00	
0.38791667	3.51567723e+00	
0.38950000	2.93398378e+00	
0.39108333	2.70674545e+00	
0.39266667	2.74812865e+00	
0.39425000	2.34912986e+00	
0.39583333	2.15124851e+00	
0.39741667	2.06245786e+00	
0.39900000	2.04857224e+00	
0.40058333	2.06936344e+00	
0.40216667	2.01421818e+00	
0.40375000	1.97573190e+00	
0.40533333	1.93357157e+00	
0.40691667	1.68786830e+00	
0.40850000	1.51127353e+00	
0.41008333	1.49309022e+00	
0.41166667	1.41390604e+00	
0.41325000	1.39905831e+00	
0.41483333	1.39875730e+00	
0.41641667	1.37885106e+00	
0.41800000	1.37733143e+00	
0.41958333	1.27347882e+00	
0.42116667	1.27091205e+00	
0.42275000	1.23134433e+00	
0.42433333	1.23425687e+00	
0.42591667	1.20323016e+00	
0.42750000	9.87225166e-01	
0.42908333	8.57615877e-01	
0.43066667	8.36801548e-01	
0.43225000	7.35937584e-01	
0.43383333	6.46641090e-01	
0.43541667	6.07652672e-01	
0.43700000	5.82952474e-01	
0.43858333	1.67188504e-01	
0.44016667	1.33709953e-01	
0.44175000	1.31623323e-01	
0.44333333	1.34959532e-01	
0.44491667	1.23933825e-01	
0.44650000	4.06852631e-02	
0.44808333	-7.05442103e-04	
0.44966667	-1.59990608e-03	
0.45125000	-7.58467211e-06	
0.45283333	3.71917530e-04	
0.45441667	1.45004630e-03	
0.45600000	4.99784905e-04	
0.45758333	5.37364516e-04	
0.45916667	1.76312942e-04	
0.46075000	6.89506093e-05	
0.46233333	4.22855853e-05	
0.46391667	3.22043122e-05	
0.46550000	2.67224619e-05	
0.46708333	2.36663716e-05	
0.46866667	2.18856315e-05	
0.47025000	2.05099374e-05	
0.47183333	1.95605093e-05	
0.47341667	1.83363069e-05	
0.47500000	1.75859754e-05	
0.47658333	1.66854478e-05	
0.47816667	1.55360953e-05	
0.47975000	1.44213702e-05	
0.48133333	1.30160548e-05	
0.48291667	1.19198490e-05	
0.48450000	1.07705233e-05	
0.48608333	9.42063878e-06	
0.48766667	8.31418324e-06	
0.48925000	7.53142581e-06	
0.49083333	7.05410161e-06	
0.49241667	6.35321762e-06	
0.49400000	5.69518720e-06	
0.49558333	5.34119890e-06	
0.49716667	5.03837808e-06	
0.49875000	4.53193615e-06	
0.50033333	4.10988598e-06	
0.50191667	3.86004309e-06	
0.50350000	3.58832607e-06	
0.50508333	3.12333048e-06	
0.50666667	2.67520801e-06	
0.50825000	2.38559101e-06	
0.50983333	2.41870843e-06	
0.51141667	2.35113334e-06	
0.51300000	2.04169033e-06	
0.51458333	2.03484346e-06	
0.51616667	1.74602361e-06	
0.51775000	1.45719255e-06	
0.51933333	1.42309890e-06	
0.52091667	1.30308114e-06	
0.52250000	1.40825957e-06	
0.52408333	1.39914584e-06	
0.52566667	1.15444151e-06	
0.52725000	9.50911020e-07	
0.52883333	7.68601504e-07	
0.53041667	8.86139242e-07	
0.53200000	7.96647562e-07	
0.53358333	6.91797977e-07	
0.53516667	8.06497284e-07	
0.53675000	8.35937245e-07	
0.53833333	9.93561414e-07	
0.53991667	8.72742433e-07	
0.54150000	7.94097824e-07	
0.54308333	8.80562119e-07	
0.54466667	7.63202805e-07	
0.54625000	4.89369558e-07	
0.54783333	2.10128807e-07	
0.54941667	4.35829952e-07	
0.55100000	5.34657166e-07	
0.55258333	3.58923045e-07	
0.55416667	4.37431400e-07	
0.55575000	5.61083408e-07	
0.55733333	7.98246098e-07	
0.55891667	6.57332239e-07	
0.56050000	6.94149411e-07	
0.56208333	6.85247588e-07	
0.56366667	6.39400178e-07	
0.56525000	5.38760135e-07	
0.56683333	1.65396295e-07	
0.56841667	2.02186880e-07	
0.57000000	4.04200909e-07	
0.57158333	3.69145996e-07	
0.57316667	3.71315841e-07	
0.57475000	3.52881438e-07	
0.57633333	5.49520513e-07	
0.57791667	6.68869765e-07	
0.57950000	5.69571597e-07	
0.58108333	5.39781004e-07	
0.58266667	6.64896442e-07	
0.58425000	4.13577634e-07	
0.58583333	2.67963344e-07	
0.58741667	9.45900643e-08	
0.58900000	3.22573214e-07	
0.59058333	2.12989793e-07	
0.59216667	2.44791632e-07	
0.59375000	2.05557420e-07	
0.59533333	4.44222545e-07	
0.59691667	4.87944798e-07	
0.59850000	4.39840068e-07	
0.60008333	5.17459075e-07	
0.60166667	4.96542640e-07	
0.60325000	5.38206718e-07	
0.60483333	3.91738194e-07	
0.60641667	-2.16890207e-09	
0.60800000	4.22605323e-08	
0.60958333	2.48811492e-07	
0.61116667	1.56485848e-07	
0.61275000	2.59441469e-07	
0.61433333	2.11182676e-07	
0.61591667	4.16412341e-07	
0.61750000	6.36419893e-07	
0.61908333	6.39790460e-07	
0.62066667	8.89551363e-07	
0.62225000	8.07407885e-07	
0.62383333	8.34024199e-07	
0.62541667	7.36066396e-07	
0.62700000	4.81462900e-07	
0.62858333	3.58698363e-07	
0.63016667	2.54860632e-07	
0.63175000	2.48682631e-07	
0.63333333	7.09700245e-08	
0.63491667	1.28252279e-07	
0.63650000	4.01305383e-07	
0.63808333	4.42658870e-07	
0.63966667	5.70003040e-07	
0.64125000	5.53583552e-07	
0.64283333	5.25669267e-07	
0.64441667	5.69665681e-07	
0.64600000	2.99006489e-07	
0.64758333	2.83078758e-07	
0.64916667	2.01875408e-07	
0.65075000	1.93932642e-07	
0.65233333	3.36271345e-07	
0.65391667	2.42432554e-07	
0.65550000	5.60644013e-07	
0.65708333	6.02154643e-07	
0.65866667	6.94881644e-07	
0.66025000	6.60747944e-07	
0.66183333	6.22850316e-07	
0.66341667	6.70599010e-07	
0.66500000	5.93206226e-07	
0.66658333	4.88981517e-07	
0.66816667	1.49554599e-07	
0.66975000	9.91012347e-08	
0.67133333	1.66753712e-07	
0.67291667	1.45536012e-07	
0.67450000	1.93587792e-07	
0.67608333	5.02246776e-07	
0.67766667	5.95454390e-07	
0.67925000	5.42433227e-07	
0.68083333	6.11703184e-07	
0.68241667	6.85896545e-07	
0.68400000	7.35156691e-07	
0.68558333	3.98107639e-07	
0.68716667	1.99205418e-07	
0.68875000	9.05879988e-08	
0.69033333	2.37101815e-07	
0.69191667	2.98859202e-07	
0.69350000	2.49590067e-07	
0.69508333	4.27231130e-07	
0.69666667	4.59692959e-07	
0.69825000	6.36763356e-07	
0.69983333	4.84833467e-07	
0.70141667	3.88298491e-07	
0.70300000	5.24847206e-07	
0.70458333	5.02203598e-07	
0.70616667	3.75551703e-07	
0.70775000	1.83449532e-07	
0.70933333	1.60150666e-07	
0.71091667	2.44913717e-07	
0.71250000	1.69734124e-07	
0.71408333	2.03395793e-07	
0.71566667	3.94356619e-07	
0.71725000	5.75566666e-07	
0.71883333	5.92474777e-07	
0.72041667	4.63045185e-07	
0.72200000	5.16161889e-07	
0.72358333	6.87970990e-07	
0.72516667	6.52742441e-07	
0.72675000	4.94218928e-07	
0.72833333	1.78161662e-07	
0.72991667	2.08322250e-07	
0.73150000	2.87916955e-07	
0.73308333	9.52459798e-08	
0.73466667	1.50219530e-07	
0.73625000	3.22141603e-07	
0.73783333	5.65550897e-07	
0.73941667	5.34050659e-07	
0.74100000	4.91790267e-07	
0.74258333	5.50124613e-07	
0.74416667	5.63091042e-07	
0.74575000	3.13974672e-07	
0.74733333	5.92946976e-08	
0.74891667	1.04321481e-07	
0.75050000	1.53780422e-07	
0.75208333	2.21864665e-07	
0.75366667	2.67046723e-07	
0.75525000	2.53401654e-07	
0.75683333	5.20654522e-07	
0.75841667	6.15764822e-07	
0.76000000	6.45232560e-07	
0.76158333	6.83692622e-07	
0.76316667	6.27474107e-07	
0.76475000	7.50066128e-07	
0.76633333	4.86465996e-07	
0.76791667	2.44446544e-07	
0.76950000	2.44707096e-07	
0.77108333	2.24526591e-07	
0.77266667	3.20587169e-07	
0.77425000	1.77521834e-07	
0.77583333	2.28311703e-07	
0.77741667	5.27568088e-07	
0.77900000	4.64610287e-07	
0.78058333	4.29954952e-07	
0.78216667	3.61420449e-07	
0.78375000	6.24404834e-07	
0.78533333	5.45371959e-07	
0.78691667	8.35721159e-08	
0.78850000	2.31613401e-07	
0.79008333	1.79068371e-07	
0.79166667	2.45613805e-07	
0.79325000	4.61845618e-08	
0.79483333	5.66840880e-08	
0.79641667	4.42356429e-07	
0.79800000	4.81851949e-07	
0.79958333	5.80719009e-07	
0.80116667	5.82101823e-07	
0.80275000	7.44016681e-07	
0.80433333	7.91940159e-07	
0.80591667	3.34327302e-07	
0.80750000	1.49087832e-07	
0.80908333	2.37662540e-07	
0.81066667	3.14622369e-07	
0.81225000	4.50324298e-07	
0.81383333	1.99644926e-07	
0.81541667	3.04986269e-07	
0.81700000	4.24317627e-07	
0.81858333	6.18442918e-07	
0.82016667	6.25614768e-07	
0.82175000	3.31474814e-07	
0.82333333	4.99611634e-07	
0.82491667	5.43211214e-07	
0.82650000	7.28462207e-08	
0.82808333	1.98599975e-07	
0.82966667	1.39054323e-07	
0.83125000	1.55880796e-07	
0.83283333	2.94797648e-07	
0.83441667	2.95462930e-07	
0.83600000	3.30870294e-07	
0.83758333	4.43220772e-07	
0.83916667	5.92126217e-07	
0.84075000	6.16627485e-07	
0.84233333	6.10146706e-07	
0.84391667	5.50601138e-07	
0.84550000	3.62664993e-07	
0.84708333	2.54246816e-07	
0.84866667	-2.14675150e-08	
0.85025000	7.37792505e-08	
0.85183333	1.97303545e-07	
0.85341667	1.65291669e-07	
0.85500000	2.88738680e-07	
0.85658333	3.55674927e-07	
0.85816667	4.45597014e-07	
0.85975000	5.32409282e-07	
0.86133333	5.41743388e-07	
0.86291667	6.32919400e-07	
0.86450000	5.90182986e-07	
0.86608333	4.65475330e-07	
0.86766667	2.00544313e-07	
0.86925000	1.48776080e-07	
0.87083333	2.56209480e-07	
0.87241667	1.21035081e-07	
0.87400000	2.00077826e-07	
0.87558333	3.47913287e-07	
0.87716667	6.45536766e-07	
0.87875000	6.50635178e-07	
0.88033333	5.33143979e-07	
0.88191667	5.91046433e-07	
0.88350000	6.40610337e-07	
0.88508333	6.10319585e-07	
0.88666667	4.19107630e-07	
0.88825000	3.37387594e-08	
0.88983333	1.52881890e-07	
0.89141667	1.90786687e-07	
0.89300000	1.30498582e-07	
0.89458333	2.16273822e-07	
0.89616667	4.25244777e-07	
0.89775000	7.02705251e-07	
0.89933333	5.90009434e-07	
0.90091667	5.89838178e-07	
0.90250000	5.39063332e-07	
0.90408333	4.61586684e-07	
0.90566667	4.45010360e-07	
0.90725000	1.26204015e-07	
0.90883333	8.17996714e-08	
0.91041667	9.31210624e-08	
0.91200000	1.42943208e-07	
0.91358333	2.44472082e-07	
0.91516667	3.74783405e-07	
0.91675000	6.65845349e-07	
0.91833333	6.22332013e-07	
0.91991667	5.16594060e-07	
0.92150000	4.50911849e-07	
0.92308333	3.88514409e-07	
0.92466667	4.46156059e-07	
0.92625000	3.37740403e-07	
0.92783333	4.99963309e-08	
0.92941667	1.80710127e-07	
0.93100000	1.40566573e-07	
0.93258333	3.74764056e-07	
0.93416667	3.42814202e-07	
0.93575000	3.42753776e-07	
0.93733333	5.42692631e-07	
0.93891667	4.34361566e-07	
0.94050000	6.17580143e-07	
0.94208333	6.26223011e-07	
0.94366667	5.13957182e-07	
0.94525000	6.69457847e-07	
0.94683333	2.52390753e-07	
0.94841667	5.69786822e-08	
0.95000000	1.56813406e-07	
0.95158333	2.81134323e-07	
0.95316667	1.96680447e-07	
0.95475000	1.76388399e-07	
0.95633333	3.31321087e-07	
0.95791667	5.18709947e-07	
0.95950000	4.11330561e-07	
0.96108333	5.99471563e-07	
0.96266667	5.01728473e-07	
0.96425000	5.83788115e-07	
0.96583333	4.61327196e-07	
0.96741667	1.42088554e-07	
0.96900000	1.07042825e-07	
0.97058333	1.72413382e-07	
0.97216667	3.82154652e-07	
0.97375000	2.14934270e-07	
0.97533333	8.99396157e-08	
0.97691667	1.76406978e-07	
0.97850000	3.09393639e-07	
0.98008333	5.09679150e-07	
0.98166667	5.26532602e-07	
0.98325000	5.23334522e-07	
0.98483333	6.82990350e-07	
0.98641667	3.25728816e-07	
0.98800000	1.14717318e-07	
0.98958333	1.53055372e-07	
0.99116667	5.27694178e-08	
0.99275000	1.84875159e-07	
0.99433333	1.10827867e-07	
0.99591667	4.21838144e-07	
0.99750000	3.54506743e-07	
0.99908333	5.07390103e-07	
1.00066667	5.59545411e-07	
1.00225000	5.24674327e-07	
1.00383333	6.86241576e-07	
1.00541667	6.03345369e-07	
1.00700000	1.03422165e-07	
1.00858333	2.45182642e-07	
1.01016667	1.61523834e-07	
1.01175000	2.03395891e-07	
1.01333333	1.57246740e-07	
1.01491667	3.87863814e-08	
1.01650000	3.19566999e-07	
1.01808333	5.25218783e-07	
1.01966667	5.36686642e-07	
1.02125000	4.08738036e-07	
1.02283333	5.76008470e-07	
1.02441667	5.97444216e-07	
1.02600000	5.84218886e-07	
1.02758333	2.00932956e-07	
1.02916667	1.12331905e-07	
1.03075000	1.81531305e-07	
1.03233333	3.22745646e-07	
1.03391667	1.35597652e-07	
1.03550000	2.48422527e-07	
1.03708333	5.08123848e-07	
1.03866667	5.77521882e-07	
1.04025000	5.10414855e-07	
1.04183333	4.34897370e-07	
1.04341667	5.18148746e-07	
1.04500000	4.71696117e-07	
1.04658333	1.13447650e-07	
1.04816667	8.50993115e-08	
1.04975000	3.38511249e-08	
1.05133333	1.12220698e-07	
1.05291667	7.53259629e-08	
1.05450000	2.63200610e-07	
1.05608333	2.09117555e-07	
1.05766667	5.49433317e-07	
1.05925000	4.90450351e-07	
1.06083333	4.58733720e-07	
1.06241667	5.42435243e-07	
1.06400000	5.26316152e-07	
1.06558333	4.87729189e-07	
1.06716667	2.88955186e-07	
1.06875000	1.41085549e-07	
@ 
0.00000000	2.73528845e-07	
0.00158333	2.83985411e-07	
0.00316667	3.28303307e-07	
0.00475000	2.95523216e-07	
0.00633333	4.51388682e-07	
0.00791667	5.90916955e-07	
0.00950000	6.79673321e-07	
0.01108333	8.93224288e-07	
0.01266667	6.94279337e-07	
0.01425000	5.50813891e-07	
0.01583333	5.99603057e-07	
0.01741667	1.57790930e-07	
0.01900000	7.95353568e-08	
0.02058333	1.01287664e-07	
0.02216667	1.67920763e-07	
0.02375000	1.50808173e-07	
0.02533333	8.88165903e-08	
0.02691667	4.53678065e-07	
0.02850000	5.07044399e-07	
0.03008333	5.67928931e-07	
0.03166667	4.26721927e-07	
0.03325000	5.22288227e-07	
0.03483333	5.52503263e-07	
0.03641667	3.26159559e-07	
0.03800000	7.57081871e-09	
0.03958333	1.63382235e-07	
0.04116667	1.26730733e-07	
0.04275000	3.68332867e-07	
0.04433333	1.07613827e-07	
0.04591667	2.68386555e-07	
0.04750000	3.71013904e-07	
0.04908333	4.42735818e-07	
0.05066667	5.06869504e-07	
0.05225000	4.41881668e-07	
0.05383333	5.52199898e-07	
0.05541667	5.70129718e-07	
0.05700000	2.37774881e-07	
0.05858333	2.76380997e-07	
0.06016667	2.12600800e-07	
0.06175000	2.27110253e-07	
0.06333333	1.92385726e-07	
0.06491667	3.59691988e-07	
0.06650000	5.45093515e-07	
0.06808333	3.87433336e-07	
0.06966667	4.57004922e-07	
0.07125000	5.50387152e-07	
0.07283333	5.81160533e-07	
0.07441667	4.91183984e-07	
0.07600000	3.20145589e-07	
0.07758333	5.42646499e-08	
0.07916667	-4.50604059e-08	
0.08075000	8.64327306e-10	
0.08233333	6.84634780e-08	
0.08391667	1.47782833e-07	
0.08550000	3.00189542e-07	
0.08708333	4.17120296e-07	
0.08866667	4.90147769e-07	
0.09025000	5.63563760e-07	
0.09183333	5.48829554e-07	
0.09341667	6.98469837e-07	
0.09500000	5.84738982e-07	
0.09658333	2.98763606e-07	
0.09816667	1.29374961e-07	
0.09975000	1.12686135e-07	
0.10133333	2.66960031e-07	
0.10291667	7.67602433e-08	
0.10450000	1.99551668e-07	
0.10608333	4.39763849e-07	
0.10766667	4.22227866e-07	
0.10925000	5.51854362e-07	
0.11083333	4.26281888e-07	
0.11241667	5.41353051e-07	
0.11400000	5.36125832e-07	
0.11558333	4.98402316e-07	
0.11716667	2.85359852e-07	
0.11875000	-2.73960968e-08	
0.12033333	1.64203092e-07	
0.12191667	1.57548831e-07	
0.12350000	1.58118671e-07	
0.12508333	1.69345621e-07	
0.12666667	4.29955400e-07	
0.12825000	5.67669528e-07	
0.12983333	4.72258439e-07	
0.13141667	4.50393489e-07	
0.13300000	5.44507616e-07	
0.13458333	5.34481711e-07	
0.13616667	3.11900031e-07	
0.13775000	1.34388082e-07	
0.13933333	1.33004862e-07	
0.14091667	2.11347659e-07	
0.14250000	1.27975192e-07	
0.14408333	1.86267158e-07	
0.14566667	2.13593654e-07	
0.14725000	3.63418227e-07	
0.14883333	3.75680621e-07	
0.15041667	4.52813722e-07	
0.15200000	5.56391406e-07	
0.15358333	6.66925301e-07	
0.15516667	6.43593311e-07	
0.15675000	4.31727768e-07	
0.15833333	1.25719131e-07	
0.15991667	2.03006981e-07	
0.16150000	2.08624859e-07	
0.16308333	8.43479310e-09	
0.16466667	1.27240999e-07	
0.16625000	1.19669530e-07	
0.16783333	4.94902551e-07	
0.16941667	4.48837096e-07	
0.17100000	4.07268054e-07	
0.17258333	4.97452513e-07	
0.17416667	5.36036116e-07	
0.17575000	4.66987118e-07	
0.17733333	1.46530547e-07	
0.17891667	6.75216767e-08	
0.18050000	1.34344274e-07	
0.18208333	1.43246770e-07	
0.18366667	2.51318305e-07	
0.18525000	2.57410762e-07	
0.18683333	4.88807517e-07	
0.18841667	5.53365254e-07	
0.19000000	3.88124575e-07	
0.19158333	5.34830102e-07	
0.19316667	6.02410743e-07	
0.19475000	6.17062008e-07	
0.19633333	6.09413185e-07	
0.19791667	3.92506800e-07	
0.19950000	2.53383482e-07	
0.20108333	4.95372013e-08	
0.20266667	1.75006663e-07	
0.20425000	1.24532035e-08	
0.20583333	1.31224766e-07	
0.20741667	3.74170177e-07	
0.20900000	3.85143814e-07	
0.21058333	4.31033953e-07	
0.21216667	5.30680316e-07	
0.21375000	5.90312520e-07	
0.21533333	4.67031052e-07	
0.21691667	1.10776156e-07	
0.21850000	1.29417439e-07	
0.22008333	1.88704107e-07	
0.22166667	1.47567237e-07	
0.22325000	2.26713097e-07	
0.22483333	1.51801825e-07	
0.22641667	5.24614068e-07	
0.22800000	7.57626803e-07	
0.22958333	4.54152266e-07	
0.23116667	4.59339303e-07	
0.23275000	5.00563453e-07	
0.23433333	6.17880149e-07	
0.23591667	4.72907060e-07	
0.23750000	1.80363443e-07	
0.23908333	1.06645753e-07	
0.24066667	6.24835647e-08	
0.24225000	3.54940258e-07	
0.24383333	1.72413858e-07	
0.24541667	3.14449994e-07	
0.24700000	4.85351266e-07	
0.24858333	5.49477279e-07	
0.25016667	5.57860576e-07	
0.25175000	3.35710424e-07	
0.25333333	4.77702387e-07	
0.25491667	4.58559664e-07	
0.25650000	1.74825831e-07	
0.25808333	9.37252105e-08	
0.25966667	4.56826148e-08	
0.26125000	1.63979124e-07	
0.26283333	2.23386268e-07	
0.26441667	1.21121829e-07	
0.26600000	3.47653855e-07	
0.26758333	4.26074202e-07	
0.26916667	4.60893233e-07	
0.27075000	5.14606195e-07	
0.27233333	4.85135768e-07	
0.27391667	7.87355065e-07	
0.27550000	6.40913310e-07	
0.27708333	4.26453227e-07	
0.27866667	2.20205115e-07	
0.28025000	1.89439658e-07	
0.28183333	2.30791760e-07	
0.28341667	1.18961476e-07	
0.28500000	1.92895727e-07	
0.28658333	2.36072769e-07	
0.28816667	4.69362969e-07	
0.28975000	6.42469060e-07	
0.29133333	4.64308406e-07	
0.29291667	5.86896758e-07	
0.29450000	6.75179176e-07	
0.29608333	4.69458341e-07	
0.29766667	1.75871075e-07	
0.29925000	1.02756463e-07	
0.30083333	7.50581729e-08	
0.30241667	2.64281963e-07	
0.30400000	1.35251333e-07	
0.30558333	1.91859989e-07	
0.30716667	3.14268545e-07	
0.30875000	5.39235876e-07	
0.31033333	5.28562917e-07	
0.31191667	4.63313717e-07	
0.31350000	5.03284951e-07	
0.31508333	4.45174839e-07	
0.31666667	3.79699949e-07	
0.31825000	8.52222160e-08	
0.31983333	1.80451493e-07	
0.32141667	1.99896504e-07	
0.32300000	2.72880224e-07	
0.32458333	3.81601291e-07	
0.32616667	2.66027001e-07	
0.32775000	3.96379290e-07	
0.32933333	3.25598022e-07	
0.33091667	3.63321595e-07	
0.33250000	6.30066128e-07	
0.33408333	5.76528341e-07	
0.33566667	5.48380526e-07	
0.33725000	3.44913821e-07	
0.33883333	-5.22890913e-09	
0.34041667	4.10508535e-08	
0.34200000	-2.84341340e-09	
0.34358333	8.00346752e-08	
0.34516667	4.93389069e-08	
0.34675000	2.09056751e-07	
0.34833333	4.18114565e-07	
0.34991667	5.85818990e-07	
0.35150000	5.15168012e-07	
0.35308333	5.11494135e-07	
0.35466667	5.70045994e-07	
0.35625000	3.97979142e-07	
0.35783333	1.57809117e-07	
0.35941667	1.67962919e-07	
0.36100000	1.39745548e-07	
0.36258333	1.93267598e-07	
0.36416667	2.62016885e-07	
0.36575000	2.19946621e-07	
0.36733333	4.36652321e-07	
0.36891667	4.60219830e-07	
0.37050000	4.98703497e-07	
0.37208333	6.28340410e-07	
0.37366667	5.39582307e-07	
0.37525000	4.57048968e-07	
0.37683333	2.04780161e-07	
0.37841667	5.82056342e-08	
0.38000000	1.22028902e-07	
0.38158333	1.41906783e-07	
0.38316667	2.81092209e-07	
0.38475000	1.29945571e-07	
0.38633333	3.54964536e-07	
0.38791667	5.82013899e-07	
0.38950000	6.12047039e-07	
0.39108333	6.64334233e-07	
0.39266667	6.78506229e-07	
0.39425000	9.04925733e-07	
0.39583333	7.26084340e-07	
0.39741667	4.30386312e-07	
0.39900000	4.77918109e-07	
0.40058333	5.07043951e-07	
0.40216667	7.42675756e-07	
0.40375000	1.06507561e-06	
0.40533333	1.72072907e-06	
0.40691667	3.12387035e-06	
0.40850000	4.51797495e-06	
0.41008333	6.26495990e-06	
0.41166667	8.54816980e-06	
0.41325000	1.17706861e-05	
0.41483333	1.48693383e-05	
0.41641667	1.74865311e-05	
0.41800000	2.04605835e-05	
0.41958333	2.36331232e-05	
0.42116667	2.76501305e-05	
0.42275000	3.33821069e-05	
0.42433333	4.05855175e-05	
0.42591667	4.71969143e-05	
0.42750000	5.27443279e-05	
0.42908333	5.93401515e-05	
0.43066667	6.95641172e-05	
0.43225000	8.55265430e-05	
0.43383333	1.09756997e-04	
0.43541667	1.33015549e-04	
0.43700000	1.59864067e-04	
0.43858333	1.87687320e-04	
0.44016667	1.93625586e-04	
0.44175000	2.11765397e-04	
0.44333333	2.74797266e-04	
0.44491667	4.10088900e-04	
0.44650000	5.29661667e-04	
0.44808333	5.45370097e-04	
0.44966667	5.50715715e-04	
0.45125000	5.31897380e-04	
0.45283333	1.06083694e-03	
0.45441667	5.37266224e-04	
0.45600000	5.83662526e-04	
0.45758333	1.28770205e-03	
0.45916667	1.10278745e-03	
0.46075000	9.70311359e-04	
0.46233333	1.31696119e-03	
0.46391667	1.54841368e-03	
0.46550000	3.18562072e-03	
0.46708333	2.18565384e-03	
0.46866667	4.25801104e-03	
0.47025000	6.27462898e-03	
0.47183333	1.02136275e-02	
0.47341667	1.24287549e-02	
0.47500000	1.30495843e-02	
0.47658333	1.60021933e-02	
0.47816667	2.31342958e-02	
0.47975000	2.09879503e-02	
0.48133333	2.56537519e-02	
0.48291667	3.02873201e-02	
0.48450000	3.80919245e-02	
0.48608333	4.50472655e-02	
0.48766667	4.07718243e-02	
0.48925000	5.58279625e-02	
0.49083333	4.56515219e-01	
0.49241667	1.53116567e+00	
0.49400000	1.65025499e+00	
0.49558333	4.18696373e+00	
0.49716667	4.88975413e+00	
0.49875000	6.06935043e+00	
0.50033333	9.20238250e+00	
0.50191667	1.05837948e+01	
0.50350000	1.18097559e+01	
0.50508333	1.30130622e+01	
0.50666667	1.34158129e+01	
0.50825000	1.37438474e+01	
0.50983333	1.38931473e+01	
0.51141667	1.46071152e+01	
0.51300000	1.56050257e+01	
0.51458333	1.65422760e+01	
0.51616667	1.72802583e+01	
0.51775000	1.87728814e+01	
0.51933333	2.09009708e+01	
0.52091667	2.18709846e+01	
